Reference_Name	Position	Coverage Depth	Consensus	Deletions	Ambiguous	Consensus_Count	Consensus_Average_Quality
A_MP	1	423	A	0	0	423	39.0212765957447
A_MP	2	426	T	0	0	426	39.575117370892
A_MP	3	426	G	0	0	426	34.7370892018779
A_MP	4	435	A	0	0	435	33.1908045977012
A_MP	5	438	G	0	0	437	32.4759725400458
A_MP	6	438	T	0	0	438	32.9703196347032
A_MP	7	439	C	0	0	439	33.5603644646925
A_MP	8	438	T	1	0	438	36.3310502283105
A_MP	9	441	T	1	0	441	36.2675736961451
A_MP	10	437	C	5	0	432	35.7638888888889
A_MP	11	442	T	0	0	435	35.5080459770115
A_MP	12	446	A	0	0	445	35.5460674157303
A_MP	13	446	A	0	0	446	36.4708520179372
A_MP	14	445	C	1	0	445	36.3932584269663
A_MP	15	447	C	0	0	447	36.1163310961969
A_MP	16	447	G	1	0	446	35.8452914798206
A_MP	17	448	A	0	0	447	35.241610738255
A_MP	18	448	G	0	0	447	35.5704697986577
A_MP	19	448	G	0	0	447	35.3489932885906
A_MP	20	447	T	1	0	446	37.2107623318386
A_MP	21	448	C	0	0	447	34.503355704698
A_MP	22	437	G	11	0	431	33.6473317865429
A_MP	23	448	A	1	0	447	32.8389261744966
A_MP	24	448	A	1	0	447	33.1208053691275
A_MP	25	447	A	2	0	444	33.6734234234234
A_MP	26	447	C	2	0	441	34.2834467120181
A_MP	27	446	G	3	0	441	35.8639455782313
A_MP	28	447	T	2	0	443	35.6523702031603
A_MP	29	446	A	3	0	440	34.1613636363636
A_MP	30	444	C	5	0	439	34.753986332574
A_MP	31	446	G	3	0	444	34.3603603603604
A_MP	32	446	T	3	0	444	34.7184684684685
A_MP	33	446	T	3	0	444	35.0157657657658
A_MP	34	447	C	2	0	443	35.4853273137698
A_MP	35	447	T	2	0	446	36.2174887892377
A_MP	36	449	T	1	0	449	36.6859688195991
A_MP	37	449	T	1	0	449	35.6436525612472
A_MP	38	449	C	1	0	446	33.1569506726457
A_MP	39	449	T	1	0	447	34.738255033557
A_MP	40	450	A	0	0	449	34.5790645879733
A_MP	41	450	T	0	0	450	35.3888888888889
A_MP	42	449	C	1	0	447	36.1409395973154
A_MP	43	449	A	1	0	448	38.2857142857143
A_MP	44	449	T	1	0	449	38.7126948775056
A_MP	45	448	C	2	0	447	37.6465324384788
A_MP	46	450	C	0	0	450	36.9244444444444
A_MP	47	450	C	0	0	447	36.4809843400447
A_MP	48	450	G	0	0	447	35.65548098434
A_MP	49	450	T	0	0	448	36.4642857142857
A_MP	50	449	C	1	0	447	36.9418344519016
A_MP	51	449	A	1	0	445	37.5460674157303
A_MP	52	449	G	2	0	449	38.2806236080178
A_MP	53	450	G	1	0	449	37.5055679287305
A_MP	54	444	C	8	0	444	37.8693693693694
A_MP	55	450	C	2	0	449	37.5523385300668
A_MP	56	452	C	0	0	452	37.5309734513274
A_MP	57	452	C	0	0	452	38.966814159292
A_MP	58	445	C	7	0	444	38.0720720720721
A_MP	59	445	T	7	0	443	36.9525959367946
A_MP	60	449	C	3	0	445	34.1662921348315
A_MP	61	450	A	2	0	449	34.5946547884187
A_MP	62	451	A	1	0	451	35.8226164079823
A_MP	63	452	A	0	0	451	37.4079822616408
A_MP	64	452	G	0	0	451	38.9756097560976
A_MP	65	451	C	1	0	451	39
A_MP	66	450	C	2	0	450	38.8
A_MP	67	450	G	2	0	448	38.1629464285714
A_MP	68	452	A	0	0	451	37.8159645232816
A_MP	69	452	G	0	0	452	37.9690265486726
A_MP	70	453	A	0	0	453	38.1479028697572
A_MP	71	453	T	0	0	453	39.8278145695364
A_MP	72	451	C	2	0	450	38.6888888888889
A_MP	73	450	G	3	0	450	38.3222222222222
A_MP	74	453	C	0	0	453	38.0397350993377
A_MP	75	453	A	0	0	453	37.80353200883
A_MP	76	452	C	1	0	451	38.7982261640798
A_MP	77	452	A	1	0	451	38.920177383592
A_MP	78	451	G	2	0	450	39.9733333333333
A_MP	79	451	A	2	0	451	39.2150776053215
A_MP	80	451	G	2	0	451	38.7760532150776
A_MP	81	452	A	1	0	450	38.2488888888889
A_MP	82	452	C	1	0	447	38.7897091722595
A_MP	83	453	T	0	0	451	38.3813747228381
A_MP	84	453	G	0	0	452	37.7101769911504
A_MP	85	453	G	0	0	453	37.5849889624724
A_MP	86	447	A	6	0	445	38.7191011235955
A_MP	87	453	A	0	0	453	39.1611479028698
A_MP	88	452	A	1	0	450	40.0733333333333
A_MP	89	452	G	1	0	451	39.3769401330377
A_MP	90	451	T	2	0	449	39.7772828507795
A_MP	91	453	G	0	0	453	39.4348785871965
A_MP	92	453	T	0	0	448	40.7410714285714
A_MP	93	453	C	0	0	451	40.6008869179601
A_MP	94	451	T	2	0	450	41.5733333333333
A_MP	95	453	T	0	0	452	41.0575221238938
A_MP	96	451	T	2	0	450	40.3977777777778
A_MP	97	451	G	2	0	448	39.4017857142857
A_MP	98	452	C	1	0	449	39.5612472160356
A_MP	99	452	A	1	0	450	37.5711111111111
A_MP	100	450	G	3	0	450	37.9
A_MP	101	437	G	16	0	435	37.6988505747126
A_MP	102	431	A	22	0	431	38.0417633410673
A_MP	103	450	A	3	0	450	37.4111111111111
A_MP	104	450	A	3	0	448	37.203125
A_MP	105	450	G	3	0	447	37.3355704697987
A_MP	106	444	A	9	0	442	38.0882352941176
A_MP	107	449	A	4	0	445	38.8921348314607
A_MP	108	449	C	4	0	444	37.240990990991
A_MP	109	451	A	2	0	444	36.7274774774775
A_MP	110	451	C	2	0	449	36.706013363029
A_MP	111	451	A	2	0	449	36.6236080178174
A_MP	112	453	G	0	0	448	36.9732142857143
A_MP	113	450	A	3	0	447	37.2438478747204
A_MP	114	451	T	2	0	449	38.9153674832962
A_MP	115	451	C	2	0	450	37.8755555555556
A_MP	116	450	T	3	0	450	38.2911111111111
A_MP	117	452	T	1	0	450	37.8377777777778
A_MP	118	453	G	0	0	451	36.7206208425721
A_MP	119	453	A	0	0	453	36.1567328918322
A_MP	120	453	G	0	0	453	37.5275938189845
A_MP	121	453	G	0	0	452	38.2411504424779
A_MP	122	453	C	0	0	453	39.4128035320088
A_MP	123	453	T	0	0	453	39.0154525386313
A_MP	124	453	A	0	0	453	39.2737306843267
A_MP	125	453	T	0	0	452	39.9181415929204
A_MP	126	453	C	0	0	449	39.1447661469933
A_MP	127	453	A	0	0	451	39.2172949002217
A_MP	128	453	T	0	0	453	39.233995584989
A_MP	129	453	G	0	0	453	37.8476821192053
A_MP	130	453	G	0	0	452	38.5265486725664
A_MP	131	453	A	0	0	452	39.0641592920354
A_MP	132	453	A	0	0	452	39.3407079646018
A_MP	133	453	T	0	0	453	39.439293598234
A_MP	134	452	G	1	0	450	39.2488888888889
A_MP	135	453	G	0	0	453	38.5452538631347
A_MP	136	453	C	0	0	452	37.2477876106195
A_MP	137	450	T	3	0	448	37.453125
A_MP	138	449	A	4	0	444	37.1396396396396
A_MP	139	453	A	0	0	452	37.0641592920354
A_MP	140	453	A	0	0	452	37.2588495575221
A_MP	141	452	G	1	0	448	39.1696428571429
A_MP	142	452	A	1	0	449	40.2048997772829
A_MP	143	452	C	1	0	452	40.8827433628319
A_MP	144	452	A	1	0	452	40.037610619469
A_MP	145	452	A	1	0	452	40.2632743362832
A_MP	146	452	G	1	0	452	39.8871681415929
A_MP	147	453	A	0	0	452	39.9269911504425
A_MP	148	453	C	0	0	452	40.0575221238938
A_MP	149	453	C	0	0	452	39.966814159292
A_MP	150	453	A	0	0	453	39.7417218543046
A_MP	151	453	A	0	0	452	39.4557522123894
A_MP	152	452	T	1	0	451	40.059866962306
A_MP	153	453	C	0	0	452	39.6880530973451
A_MP	154	450	T	3	0	450	40.2155555555556
A_MP	155	453	T	0	0	452	39.9889380530973
A_MP	156	453	G	0	0	453	39.5717439293598
A_MP	157	453	T	0	0	453	40.0993377483444
A_MP	158	453	C	0	0	453	40.1192052980132
A_MP	159	453	A	0	0	453	40.2317880794702
A_MP	160	453	C	0	0	453	40.1324503311258
A_MP	161	453	C	0	0	452	39.8451327433628
A_MP	162	453	T	0	0	451	40.7871396895787
A_MP	163	451	C	0	0	448	40.3169642857143
A_MP	164	451	T	0	0	451	40.5676274944568
A_MP	165	451	G	0	0	449	39.2962138084632
A_MP	166	451	A	0	0	451	38.9068736141907
A_MP	167	450	C	1	0	447	38.3736017897092
A_MP	168	451	T	0	0	449	37.9599109131403
A_MP	169	451	A	0	0	450	36.4888888888889
A_MP	170	451	A	0	0	448	36.1651785714286
A_MP	171	450	G	1	0	450	36.8177777777778
A_MP	172	450	G	1	0	450	38.9866666666667
A_MP	173	450	G	1	0	448	39.8392857142857
A_MP	174	449	A	2	0	449	40.4008908685969
A_MP	175	450	A	1	0	446	40.4529147982063
A_MP	176	450	T	1	0	448	39.8772321428571
A_MP	177	450	T	1	0	448	39.9196428571429
A_MP	178	450	T	1	0	450	40.06
A_MP	179	450	T	1	0	447	40.6912751677852
A_MP	180	451	A	0	0	449	36.3073496659243
A_MP	181	451	G	0	0	449	36.3830734966592
A_MP	182	451	G	0	0	450	35.6266666666667
A_MP	183	451	A	0	0	450	36.2466666666667
A_MP	184	450	T	1	0	450	39.6466666666667
A_MP	185	451	T	0	0	450	39.4577777777778
A_MP	186	450	T	1	0	445	39.8224719101124
A_MP	187	450	G	1	0	450	38.3888888888889
A_MP	188	451	T	0	0	449	38.8864142538975
A_MP	189	451	G	0	0	450	38.36
A_MP	190	446	T	5	0	446	37.7982062780269
A_MP	191	451	T	0	0	451	36.5809312638581
A_MP	192	450	T	1	0	450	36.38
A_MP	193	449	A	1	0	449	34.4654788418708
A_MP	194	449	C	1	0	445	34.5348314606742
A_MP	195	450	G	0	0	450	34.74
A_MP	196	449	C	1	0	448	35.8950892857143
A_MP	197	450	T	0	0	450	35.8733333333333
A_MP	198	450	C	0	0	448	36.6964285714286
A_MP	199	449	A	1	0	449	37.5991091314031
A_MP	200	449	C	1	0	448	38.515625
A_MP	201	450	C	0	0	448	38.046875
A_MP	202	450	G	0	0	449	38.5968819599109
A_MP	203	450	T	0	0	450	38.6133333333333
A_MP	204	450	G	0	0	449	38.1581291759465
A_MP	205	450	C	0	0	450	39.5311111111111
A_MP	206	450	C	0	0	450	40.0355555555556
A_MP	207	449	C	1	0	449	40.2004454342984
A_MP	208	447	A	3	0	446	38.6614349775785
A_MP	209	447	G	3	0	445	39.1640449438202
A_MP	210	450	T	0	0	450	39.0688888888889
A_MP	211	449	G	1	0	439	37.2938496583144
A_MP	212	449	A	1	0	449	36.4988864142539
A_MP	213	449	G	1	0	449	36.0957683741648
A_MP	214	450	C	0	0	446	35.1883408071749
A_MP	215	448	G	2	0	440	34.6954545454545
A_MP	216	449	A	1	0	449	35.0534521158129
A_MP	217	448	G	2	0	447	35.6957494407159
A_MP	218	446	G	4	0	444	36.0382882882883
A_MP	219	445	A	5	0	444	37.7162162162162
A_MP	220	445	C	5	0	445	38.2494382022472
A_MP	221	448	T	2	0	448	37.8883928571429
A_MP	222	447	G	3	0	443	37.4920993227991
A_MP	223	448	C	2	0	447	36.178970917226
A_MP	224	449	A	1	0	449	35.3986636971047
A_MP	225	449	G	1	0	448	36.2857142857143
A_MP	226	449	C	1	0	447	35.6935123042506
A_MP	227	450	G	0	0	449	36.9309576837416
A_MP	228	450	T	0	0	448	37.921875
A_MP	229	450	A	0	0	449	37.2249443207127
A_MP	230	450	G	0	0	448	37.8013392857143
A_MP	231	450	A	0	0	449	37.3028953229399
A_MP	232	449	C	1	0	445	37.7011235955056
A_MP	233	449	G	1	0	447	37.7852348993289
A_MP	234	450	C	0	0	450	38.0844444444444
A_MP	235	450	T	0	0	450	38.4488888888889
A_MP	236	450	T	0	0	449	38.5701559020045
A_MP	237	450	T	0	0	450	39.0244444444444
A_MP	238	450	A	0	0	450	39.1422222222222
A_MP	239	450	T	0	0	450	39.4244444444444
A_MP	240	450	C	0	0	450	38.8911111111111
A_MP	241	450	C	0	0	449	40.4209354120267
A_MP	242	448	A	2	0	448	38.8928571428571
A_MP	243	450	A	0	0	450	39.9288888888889
A_MP	244	450	A	0	0	448	40.7611607142857
A_MP	245	450	A	0	0	449	41.7527839643653
A_MP	246	450	T	0	0	449	42.0734966592428
A_MP	247	450	G	0	0	449	40.3830734966592
A_MP	248	449	C	1	0	447	39.7762863534676
A_MP	249	450	C	0	0	450	39.4555555555556
A_MP	250	450	C	0	0	448	39.2924107142857
A_MP	251	448	T	1	0	445	39.0179775280899
A_MP	252	447	A	2	0	447	37.5973154362416
A_MP	253	447	A	2	0	447	37.4496644295302
A_MP	254	447	A	2	0	446	36.567264573991
A_MP	255	447	T	2	0	447	37.2908277404922
A_MP	256	446	G	3	0	446	36.8004484304933
A_MP	257	445	G	2	0	445	34.9033707865169
A_MP	258	446	A	1	0	445	34.2831460674157
A_MP	259	447	A	0	0	446	36.7466367713005
A_MP	260	447	A	0	0	445	35.9775280898876
A_MP	261	447	T	0	0	445	36.1550561797753
A_MP	262	440	G	7	0	437	35.1235697940503
A_MP	263	446	G	2	0	444	35.0608108108108
A_MP	264	447	G	1	0	443	33.6162528216704
A_MP	265	447	G	1	0	437	34.4347826086956
A_MP	266	447	A	1	0	446	34.2331838565022
A_MP	267	442	C	6	0	432	33.4467592592593
A_MP	268	447	C	1	0	436	33.2224770642202
A_MP	269	447	C	1	0	442	32.4954751131222
A_MP	270	441	G	7	0	422	32.0568720379147
A_MP	271	447	A	1	0	446	31.3946188340807
A_MP	272	448	A	0	0	447	31.7964205816555
A_MP	273	446	C	2	0	445	33.1730337078652
A_MP	274	449	A	0	0	443	36.2144469525959
A_MP	275	449	A	0	0	448	38.8080357142857
A_MP	276	449	C	0	0	449	39.4877505567929
A_MP	277	449	A	0	0	447	40.1543624161074
A_MP	278	449	T	0	0	449	40.3251670378619
A_MP	279	449	G	0	0	447	39.4675615212528
A_MP	280	449	G	0	0	447	39.8165548098434
A_MP	281	449	A	0	0	449	39.2917594654788
A_MP	282	449	T	0	0	448	40.78125
A_MP	283	447	A	2	0	446	39.2107623318386
A_MP	284	448	G	1	0	446	40.6793721973094
A_MP	285	449	A	0	0	448	40.3616071428571
A_MP	286	449	G	0	0	448	40.5267857142857
A_MP	287	449	C	0	0	449	40.9844097995546
A_MP	288	449	A	0	0	447	41.0984340044743
A_MP	289	449	G	0	0	448	40.8214285714286
A_MP	290	449	T	0	0	448	40.453125
A_MP	291	449	T	0	0	447	39.4921700223714
A_MP	292	448	A	1	0	442	38.7737556561086
A_MP	293	449	G	0	0	447	38.2818791946309
A_MP	294	449	A	0	0	445	38.3325842696629
A_MP	295	449	C	0	0	446	38.0717488789238
A_MP	296	448	T	1	0	447	38.0850111856823
A_MP	297	448	A	1	0	444	38.2184684684685
A_MP	298	449	T	0	0	448	38.5714285714286
A_MP	299	448	A	1	0	446	37.8542600896861
A_MP	300	448	C	1	0	447	38.2035794183445
A_MP	301	449	A	0	0	449	37.249443207127
A_MP	302	449	A	0	0	449	37.4766146993318
A_MP	303	449	G	0	0	449	37.7550111358575
A_MP	304	447	A	2	0	447	39.1342281879195
A_MP	305	449	A	0	0	449	39.4097995545657
A_MP	306	449	A	0	0	449	37.0289532293987
A_MP	307	449	C	0	0	449	36.3452115812918
A_MP	308	449	T	0	0	449	36.3674832962138
A_MP	309	445	C	4	0	444	34.9887387387387
A_MP	310	419	A	30	0	416	35.1658653846154
A_MP	311	448	A	1	0	446	34.9349775784753
A_MP	312	448	A	0	0	446	34.6412556053812
A_MP	313	447	A	1	0	444	36.4572072072072
A_MP	314	445	G	3	0	442	38.737556561086
A_MP	315	446	A	2	0	444	39.7207207207207
A_MP	316	446	G	2	0	443	39.3769751693002
A_MP	317	446	A	2	0	442	39.789592760181
A_MP	318	447	A	1	0	447	40.331096196868
A_MP	319	447	A	1	0	447	39.7136465324385
A_MP	320	447	T	1	0	446	39.8363228699552
A_MP	321	448	A	0	0	448	39.6785714285714
A_MP	322	448	A	0	0	448	40.0245535714286
A_MP	323	447	C	1	0	444	39.3963963963964
A_MP	324	448	G	0	0	448	38.9799107142857
A_MP	325	447	T	1	0	445	39.7730337078652
A_MP	326	448	T	0	0	447	39.5548098434004
A_MP	327	448	C	0	0	447	39.0604026845638
A_MP	328	448	C	0	0	448	40.0424107142857
A_MP	329	448	A	0	0	447	40.3937360178971
A_MP	330	448	T	0	0	448	40.4151785714286
A_MP	331	446	G	2	0	445	38.0786516853933
A_MP	332	448	G	0	0	447	40.0648769574944
A_MP	333	448	G	0	0	448	39.5915178571429
A_MP	334	448	G	0	0	446	39.2847533632287
A_MP	335	448	C	0	0	448	39.9910714285714
A_MP	336	448	C	0	0	447	39.2953020134228
A_MP	337	443	A	5	0	442	36.9977375565611
A_MP	338	447	A	2	0	447	36.7651006711409
A_MP	339	448	A	1	0	447	36.8120805369128
A_MP	340	449	G	0	0	447	37.6912751677852
A_MP	341	449	A	0	0	449	39.3051224944321
A_MP	342	448	A	1	0	448	40.1540178571429
A_MP	343	447	G	2	0	445	40.3977528089888
A_MP	344	449	T	0	0	447	41.6353467561521
A_MP	345	449	G	0	0	449	41.3875278396437
A_MP	346	449	T	0	0	449	41.6436525612472
A_MP	347	449	C	0	0	448	41.5044642857143
A_MP	348	449	A	0	0	448	42.4196428571429
A_MP	349	447	C	1	0	446	41.5829596412556
A_MP	350	448	T	0	0	446	40.5605381165919
A_MP	351	447	A	1	0	442	40.8190045248869
A_MP	352	448	A	0	0	446	40.3520179372197
A_MP	353	448	G	0	0	447	40.0961968680089
A_MP	354	448	C	0	0	447	40.1991051454139
A_MP	355	448	T	0	0	446	40.280269058296
A_MP	356	448	A	0	0	445	39.4269662921348
A_MP	357	448	T	1	0	447	39.7673378076063
A_MP	358	449	T	0	0	447	39.1901565995526
A_MP	359	448	C	1	0	445	39.3865168539326
A_MP	360	448	A	1	0	447	39.7539149888143
A_MP	361	448	A	1	0	448	40.6808035714286
A_MP	362	448	C	1	0	448	41.1830357142857
A_MP	363	448	T	1	0	446	42.2130044843049
A_MP	364	447	G	2	0	446	41.9798206278027
A_MP	365	449	G	0	0	449	41.3496659242762
A_MP	366	449	T	0	0	447	41.7024608501119
A_MP	367	449	G	0	0	448	41.2901785714286
A_MP	368	449	C	0	0	448	41.8616071428571
A_MP	369	449	A	0	0	447	40.7181208053691
A_MP	370	449	C	0	0	449	40.9198218262806
A_MP	371	448	T	1	0	447	40.0581655480984
A_MP	372	449	T	0	0	449	40.2405345211581
A_MP	373	449	G	0	0	449	39.2783964365256
A_MP	374	449	C	0	0	447	40.4116331096197
A_MP	375	449	A	0	0	448	40.2008928571429
A_MP	376	449	A	0	0	447	41.3355704697987
A_MP	377	449	G	0	0	449	41.1514476614699
A_MP	378	448	T	1	0	447	42.4384787472036
A_MP	379	449	T	0	0	449	42.4097995545657
A_MP	380	448	G	1	0	447	41.6286353467562
A_MP	381	449	C	0	0	449	42.0089086859688
A_MP	382	449	A	0	0	449	41.5991091314031
A_MP	383	449	T	0	0	449	42.4053452115813
A_MP	384	449	G	0	0	449	40.9331848552339
A_MP	385	449	G	0	0	449	42.3608017817372
A_MP	386	448	G	1	0	448	42.0111607142857
A_MP	387	448	C	1	0	448	42.109375
A_MP	388	449	C	0	0	449	42.2895322939866
A_MP	389	449	T	0	0	449	41.8930957683742
A_MP	390	447	T	2	0	446	41.7511210762332
A_MP	391	447	A	2	0	447	41.4854586129754
A_MP	392	449	T	0	0	448	41.8549107142857
A_MP	393	449	A	0	0	449	41.4409799554566
A_MP	394	449	T	0	0	448	42.1026785714286
A_MP	395	449	A	0	0	448	40.7477678571429
A_MP	396	449	C	0	0	448	41.9821428571429
A_MP	397	449	A	0	0	449	41.1714922048998
A_MP	398	449	A	0	0	449	41.7594654788419
A_MP	399	449	C	0	0	449	41.6948775055679
A_MP	400	448	A	1	0	447	42.1051454138702
A_MP	401	448	G	1	0	448	42.8035714285714
A_MP	402	449	G	0	0	448	42.6919642857143
A_MP	403	449	A	0	0	447	42.592841163311
A_MP	404	449	T	0	0	447	41.9015659955257
A_MP	405	448	G	1	0	448	40.8214285714286
A_MP	406	449	G	0	0	449	40.1135857461025
A_MP	407	449	G	0	0	447	38.82774049217
A_MP	408	449	A	0	0	448	40.6316964285714
A_MP	409	449	A	0	0	449	40.9510022271715
A_MP	410	449	C	0	0	449	40.4832962138085
A_MP	411	448	A	1	0	448	41.0357142857143
A_MP	412	450	G	0	0	450	41.8955555555556
A_MP	413	450	T	0	0	449	42.1759465478842
A_MP	414	450	G	0	0	447	40.8008948545861
A_MP	415	450	A	0	0	448	40.6919642857143
A_MP	416	450	C	0	0	449	40.7416481069042
A_MP	417	450	C	0	0	449	40.9510022271715
A_MP	418	450	A	0	0	450	40.8266666666667
A_MP	419	450	C	0	0	449	40.43429844098
A_MP	420	449	A	1	0	449	41.3273942093541
A_MP	421	450	G	0	0	450	41.1133333333333
A_MP	422	450	A	0	0	450	41.1622222222222
A_MP	423	450	A	0	0	450	41.5377777777778
A_MP	424	450	G	0	0	448	40.8973214285714
A_MP	425	450	C	0	0	449	41.7928730512249
A_MP	426	449	T	1	0	449	41.9064587973274
A_MP	427	449	G	1	0	449	41.71714922049
A_MP	428	450	C	0	0	450	41.7644444444444
A_MP	429	448	T	2	0	448	41.609375
A_MP	430	450	T	0	0	450	42.1377777777778
A_MP	431	450	T	0	0	450	40.0688888888889
A_MP	432	447	C	3	0	445	38.276404494382
A_MP	433	449	G	1	0	448	37.3191964285714
A_MP	434	449	G	1	0	448	36.5089285714286
A_MP	435	449	T	1	0	444	36.1779279279279
A_MP	436	449	C	1	0	443	35.9864559819413
A_MP	437	448	T	2	0	440	36.4545454545455
A_MP	438	449	A	1	0	445	35.7123595505618
A_MP	439	449	G	1	0	447	35.7740492170022
A_MP	440	449	T	1	0	449	36.1781737193764
A_MP	441	450	T	0	0	450	37.5466666666667
A_MP	442	450	T	0	0	446	38.4932735426009
A_MP	443	450	G	0	0	450	39.1444444444444
A_MP	444	450	T	0	0	448	39.9419642857143
A_MP	445	450	G	0	0	450	39.9377777777778
A_MP	446	450	C	0	0	450	41.8088888888889
A_MP	447	450	C	0	0	449	41.6926503340757
A_MP	448	450	A	0	0	449	41.5501113585746
A_MP	449	450	C	0	0	450	41.4888888888889
A_MP	450	450	T	0	0	450	41.3155555555556
A_MP	451	450	T	0	0	449	41.7461024498886
A_MP	452	451	G	0	0	451	40.3192904656319
A_MP	453	451	T	0	0	451	40.7649667405765
A_MP	454	451	G	0	0	451	40.3436807095344
A_MP	455	450	A	1	0	450	40.6866666666667
A_MP	456	451	A	0	0	449	40.2293986636971
A_MP	457	451	C	0	0	451	40.840354767184
A_MP	458	451	A	0	0	451	41.0110864745011
A_MP	459	452	G	0	0	451	41.1175166297118
A_MP	460	452	A	0	0	450	41.1333333333333
A_MP	461	451	T	1	0	451	40.9911308203991
A_MP	462	452	T	0	0	451	40.4722838137472
A_MP	463	451	G	1	0	450	40.9333333333333
A_MP	464	452	C	0	0	452	40.3252212389381
A_MP	465	452	T	0	0	452	39.4756637168142
A_MP	466	452	G	0	0	448	39.0267857142857
A_MP	467	452	A	0	0	452	39.3871681415929
A_MP	468	452	T	0	0	451	39.7827050997783
A_MP	469	452	T	0	0	452	40.0641592920354
A_MP	470	452	C	0	0	450	41.0466666666667
A_MP	471	452	A	0	0	449	42.0445434298441
A_MP	472	452	C	0	0	451	41.6917960088692
A_MP	473	452	A	0	0	450	41.7377777777778
A_MP	474	452	G	0	0	452	41.9070796460177
A_MP	475	452	C	0	0	452	41.6438053097345
A_MP	476	451	A	1	0	449	41.3630289532294
A_MP	477	451	T	1	0	450	41.7022222222222
A_MP	478	452	C	0	0	449	39.5367483296214
A_MP	479	452	G	0	0	450	38.6933333333333
A_MP	480	451	G	1	0	450	38.2822222222222
A_MP	481	452	T	1	0	451	38.8159645232816
A_MP	482	451	C	2	0	449	38.728285077951
A_MP	483	451	T	2	0	450	40.3111111111111
A_MP	484	451	C	2	0	450	40.4755555555556
A_MP	485	451	A	2	0	451	40.9911308203991
A_MP	486	452	C	1	0	451	41.0731707317073
A_MP	487	453	A	0	0	451	40.330376940133
A_MP	488	450	G	3	0	448	40.1674107142857
A_MP	489	453	A	0	0	452	39.9380530973451
A_MP	490	453	C	0	0	451	40.4434589800443
A_MP	491	450	A	3	0	449	39.9755011135857
A_MP	492	453	A	0	0	452	40.3871681415929
A_MP	493	453	A	0	0	453	40.4547461368653
A_MP	494	453	T	0	0	452	40.4823008849558
A_MP	495	453	G	0	0	453	41.6291390728477
A_MP	496	453	G	0	0	453	42.2207505518764
A_MP	497	453	C	0	0	452	41.2964601769912
A_MP	498	453	T	0	0	451	41.0354767184036
A_MP	499	453	A	0	0	452	39.9513274336283
A_MP	500	453	C	0	0	453	39.317880794702
A_MP	501	452	T	1	0	451	38.8159645232816
A_MP	502	452	A	1	0	450	38.8288888888889
A_MP	503	452	C	1	0	452	38.5663716814159
A_MP	504	452	C	1	0	452	38.6172566371681
A_MP	505	452	A	1	0	452	39.7964601769912
A_MP	506	453	C	0	0	453	40.3907284768212
A_MP	507	453	A	0	0	453	40.2450331125828
A_MP	508	453	A	0	0	453	41.1037527593819
A_MP	509	453	A	0	0	453	41.4238410596027
A_MP	510	453	T	0	0	453	41.1942604856512
A_MP	511	452	C	0	0	451	41.7716186252772
A_MP	512	452	C	0	0	451	42.3281596452328
A_MP	513	452	A	0	0	452	41.0663716814159
A_MP	514	452	T	0	0	451	42.0709534368071
A_MP	515	452	T	0	0	451	41.6829268292683
A_MP	516	452	A	0	0	452	41.4004424778761
A_MP	517	452	A	0	0	452	41.7920353982301
A_MP	518	452	T	0	0	452	42.0752212389381
A_MP	519	452	C	0	0	452	41.2013274336283
A_MP	520	452	A	0	0	452	40.7721238938053
A_MP	521	451	G	1	0	451	40.7893569844789
A_MP	522	452	G	0	0	452	39.8053097345133
A_MP	523	452	C	0	0	451	40.3858093126386
A_MP	524	452	A	0	0	452	39.4247787610619
A_MP	525	452	T	0	0	452	40.1061946902655
A_MP	526	452	G	0	0	449	37.0690423162584
A_MP	527	443	A	9	0	440	37.9068181818182
A_MP	528	451	A	1	0	451	36.8048780487805
A_MP	529	451	A	1	0	450	37.9622222222222
A_MP	530	451	A	1	0	450	38.7777777777778
A_MP	531	451	C	1	0	450	39.5644444444444
A_MP	532	452	A	0	0	452	39.6371681415929
A_MP	533	452	G	0	0	452	39.5243362831858
A_MP	534	451	A	1	0	451	40.4811529933481
A_MP	535	452	A	0	0	450	41.2622222222222
A_MP	536	452	T	0	0	451	41.0753880266075
A_MP	537	452	G	0	0	451	41.4434589800443
A_MP	538	452	G	0	0	451	41.8736141906874
A_MP	539	452	T	0	0	452	42.3716814159292
A_MP	540	452	G	0	0	452	42.0265486725664
A_MP	541	452	C	0	0	452	41.9402654867257
A_MP	542	452	T	0	0	451	41.7760532150776
A_MP	543	451	G	1	0	451	41.4235033259423
A_MP	544	452	G	0	0	452	41.5353982300885
A_MP	545	452	C	0	0	452	41.3008849557522
A_MP	546	452	T	0	0	451	41.1507760532151
A_MP	547	452	A	0	0	451	40.9334811529933
A_MP	548	452	G	0	0	451	40.470066518847
A_MP	549	452	C	0	0	451	40.2971175166297
A_MP	550	452	A	0	0	452	39.5973451327434
A_MP	551	451	C	1	0	449	39.173719376392
A_MP	552	452	T	0	0	450	39.3466666666667
A_MP	553	452	A	0	0	450	38.0377777777778
A_MP	554	452	C	0	0	450	37.5488888888889
A_MP	555	452	G	0	0	451	36.2749445676275
A_MP	556	452	G	0	0	452	37.9690265486726
A_MP	557	451	C	0	0	450	38.1688888888889
A_MP	558	451	A	0	0	451	39.2505543237251
A_MP	559	450	A	1	0	450	42.3911111111111
A_MP	560	450	A	1	0	450	42.1466666666667
A_MP	561	450	G	1	0	450	42.8111111111111
A_MP	562	451	G	0	0	451	42.3547671840355
A_MP	563	451	C	0	0	450	42.74
A_MP	564	451	T	0	0	451	41.6851441241685
A_MP	565	451	A	0	0	451	41.1773835920177
A_MP	566	451	T	0	0	451	41.7738359201774
A_MP	567	450	G	1	0	450	39.4977777777778
A_MP	568	451	G	0	0	451	39.4412416851441
A_MP	569	450	A	1	0	450	39.5511111111111
A_MP	570	451	A	0	0	449	39.8418708240535
A_MP	571	451	C	0	0	451	40.3414634146341
A_MP	572	451	A	0	0	451	40.5121951219512
A_MP	573	451	G	0	0	451	41.3791574279379
A_MP	574	451	G	0	0	451	41.1130820399113
A_MP	575	451	T	0	0	451	41.1729490022173
A_MP	576	452	G	0	0	452	40.466814159292
A_MP	577	452	G	0	0	452	41.1615044247788
A_MP	578	452	C	0	0	452	41.0508849557522
A_MP	579	452	T	0	0	451	40.8558758314856
A_MP	580	451	G	1	0	450	39.2666666666667
A_MP	581	452	G	0	0	451	39.4545454545455
A_MP	582	452	A	0	0	450	38.3377777777778
A_MP	583	452	T	0	0	452	38.3053097345133
A_MP	584	450	C	2	0	445	35.6876404494382
A_MP	585	450	G	2	0	444	36.0405405405405
A_MP	586	451	A	1	0	451	35.5232815964523
A_MP	587	451	G	1	0	451	35.6518847006652
A_MP	588	451	T	1	0	449	36.7305122494432
A_MP	589	451	G	1	0	451	38.8093126385809
A_MP	590	448	A	4	0	448	38.9910714285714
A_MP	591	452	A	0	0	449	39.0133630289532
A_MP	592	452	C	0	0	451	39.7450110864745
A_MP	593	451	A	1	0	450	39.86
A_MP	594	451	G	1	0	451	40.8093126385809
A_MP	595	451	G	1	0	451	40.549889135255
A_MP	596	449	C	3	0	444	40.4346846846847
A_MP	597	451	A	1	0	450	39.6333333333333
A_MP	598	451	G	1	0	451	39.9024390243902
A_MP	599	451	C	1	0	448	39.0825892857143
A_MP	600	450	G	2	0	449	37.7015590200445
A_MP	601	450	G	2	0	449	37.5189309576837
A_MP	602	451	A	1	0	449	37.3518930957684
A_MP	603	451	G	1	0	450	38.1244444444444
A_MP	604	451	G	1	0	450	39.4377777777778
A_MP	605	449	C	2	0	448	41.5267857142857
A_MP	606	450	C	1	0	449	40.271714922049
A_MP	607	450	A	1	0	450	40.2355555555556
A_MP	608	450	T	1	0	450	40.1266666666667
A_MP	609	450	G	1	0	449	37.988864142539
A_MP	610	450	G	1	0	448	38.90625
A_MP	611	450	A	1	0	449	38.8507795100223
A_MP	612	450	G	1	0	449	39.6547884187082
A_MP	613	450	G	1	0	448	39.78125
A_MP	614	450	T	1	0	448	40.21875
A_MP	615	450	T	1	0	450	39.9377777777778
A_MP	616	450	G	1	0	447	40.586129753915
A_MP	617	449	C	2	0	446	40.2085201793722
A_MP	618	448	T	3	0	446	40.3139013452915
A_MP	619	447	A	4	0	438	38.2876712328767
A_MP	620	449	A	2	0	448	37.5491071428571
A_MP	621	448	T	3	0	444	37.8963963963964
A_MP	622	445	A	6	0	438	37.9223744292237
A_MP	623	449	A	2	0	448	36.9174107142857
A_MP	624	449	G	2	0	449	36.7683741648107
A_MP	625	448	A	3	0	448	36.8258928571429
A_MP	626	448	C	3	0	445	36.7685393258427
A_MP	627	450	T	1	0	449	36.6080178173719
A_MP	628	451	A	0	0	450	35.7933333333333
A_MP	629	451	G	0	0	450	36.26
A_MP	630	451	G	0	0	451	36.4478935698448
A_MP	631	449	C	2	0	448	39.6450892857143
A_MP	632	450	A	1	0	450	40.2311111111111
A_MP	633	450	G	1	0	447	41.0447427293065
A_MP	634	451	A	0	0	451	40.8957871396896
A_MP	635	451	T	0	0	451	41.1241685144124
A_MP	636	451	G	0	0	451	40.6563192904656
A_MP	637	451	G	0	0	451	40.3569844789357
A_MP	638	451	T	0	0	448	40.4977678571429
A_MP	639	451	A	0	0	448	39.8125
A_MP	640	451	C	0	0	450	40.36
A_MP	641	451	A	0	0	451	40.0709534368071
A_MP	642	451	T	0	0	450	40.9288888888889
A_MP	643	451	G	0	0	450	40.8822222222222
A_MP	644	450	C	1	0	448	41.6383928571429
A_MP	645	451	A	0	0	451	40.6851441241685
A_MP	646	451	A	0	0	450	41.0844444444444
A_MP	647	451	T	0	0	450	40.9244444444444
A_MP	648	451	G	0	0	449	39.7550111358575
A_MP	649	452	A	0	0	452	39.1150442477876
A_MP	650	452	G	0	0	449	38.9354120267261
A_MP	651	450	A	2	0	449	39.0534521158129
A_MP	652	451	A	1	0	451	38.7716186252772
A_MP	653	451	C	1	0	450	38.2755555555556
A_MP	654	450	T	2	0	449	38.9599109131403
A_MP	655	450	A	2	0	448	38.5602678571429
A_MP	656	451	T	1	0	449	38.4365256124722
A_MP	657	451	T	1	0	450	37.9333333333333
A_MP	658	450	G	2	0	450	38.0666666666667
A_MP	659	452	G	0	0	451	37.9268292682927
A_MP	660	452	A	0	0	450	39.0822222222222
A_MP	661	452	A	0	0	450	39.6555555555556
A_MP	662	452	C	0	0	451	39.3414634146341
A_MP	663	452	T	0	0	451	38.5210643015521
A_MP	664	451	C	1	0	447	37.8903803131991
A_MP	665	452	A	0	0	448	37.9352678571429
A_MP	666	452	T	0	0	448	38.2790178571429
A_MP	667	452	C	0	0	452	38.5
A_MP	668	452	C	0	0	451	40.1108647450111
A_MP	669	450	T	2	0	445	40.676404494382
A_MP	670	451	A	1	0	450	38.6044444444444
A_MP	671	452	G	0	0	452	39.0973451327434
A_MP	672	452	C	0	0	451	39.3215077605321
A_MP	673	452	T	0	0	452	40.7433628318584
A_MP	674	452	C	0	0	451	41.1818181818182
A_MP	675	452	C	0	0	452	40.9800884955752
A_MP	676	452	A	0	0	452	39.7278761061947
A_MP	677	452	G	0	0	452	39.6858407079646
A_MP	678	452	T	0	0	452	40.896017699115
A_MP	679	451	G	1	0	449	41.4654788418708
A_MP	680	451	C	1	0	451	41.709534368071
A_MP	681	451	T	1	0	449	41.6815144766147
A_MP	682	451	G	1	0	443	39.2708803611738
A_MP	683	451	G	1	0	451	38.0465631929047
A_MP	684	450	T	2	0	449	37.6347438752784
A_MP	685	449	C	3	0	446	36.7107623318386
A_MP	686	449	T	3	0	448	36.6607142857143
A_MP	687	437	A	15	0	435	36.2229885057471
A_MP	688	449	A	3	0	448	35.1450892857143
A_MP	689	451	G	1	0	451	35.139689578714
A_MP	690	449	A	3	0	449	36.8530066815145
A_MP	691	450	G	2	0	450	38.5822222222222
A_MP	692	452	A	1	0	452	39.353982300885
A_MP	693	452	T	1	0	452	40.108407079646
A_MP	694	452	G	1	0	450	40.0511111111111
A_MP	695	453	A	0	0	453	40.0419426048565
A_MP	696	453	C	0	0	452	40.1814159292035
A_MP	697	453	C	0	0	453	39.1434878587196
A_MP	698	449	T	4	0	448	40.5267857142857
A_MP	699	452	T	1	0	451	39.7516629711752
A_MP	700	452	C	1	0	448	38.2790178571429
A_MP	701	451	T	2	0	449	38.1158129175947
A_MP	702	452	T	1	0	451	37.6252771618625
A_MP	703	451	G	2	0	449	34.7594654788419
A_MP	704	453	A	0	0	452	35.2566371681416
A_MP	705	453	A	0	0	452	38.820796460177
A_MP	706	453	A	0	0	453	40.9889624724062
A_MP	707	453	A	0	0	453	42.0110375275938
A_MP	708	453	T	0	0	453	42.8719646799117
A_MP	709	453	T	0	0	452	41.8517699115044
A_MP	710	453	T	0	0	453	40.514348785872
A_MP	711	453	A	0	0	451	38.6119733924612
A_MP	712	454	C	0	0	454	38.5506607929515
A_MP	713	454	A	0	0	453	37.8498896247241
A_MP	714	453	G	1	0	453	39.560706401766
A_MP	715	452	G	2	0	452	39.5353982300885
A_MP	716	452	C	1	0	451	40.5942350332594
A_MP	717	452	C	1	0	449	40.0824053452116
A_MP	718	452	T	0	0	449	40.9042316258352
A_MP	719	452	A	0	0	451	39.8935698447894
A_MP	720	450	C	2	0	449	41.0066815144766
A_MP	721	452	C	0	0	452	39.8451327433628
A_MP	722	452	A	0	0	452	39.962389380531
A_MP	723	452	G	0	0	452	39.9269911504425
A_MP	724	452	A	0	0	450	39.9266666666667
A_MP	725	452	A	0	0	452	40.6106194690265
A_MP	726	451	G	1	0	451	40.2283813747228
A_MP	727	451	C	1	0	447	39.7651006711409
A_MP	728	451	G	1	0	443	36.7945823927765
A_MP	729	452	A	0	0	452	36.853982300885
A_MP	730	452	A	0	0	451	36.669623059867
A_MP	731	452	T	0	0	451	36.509977827051
A_MP	732	451	G	1	0	450	37.2111111111111
A_MP	733	452	G	0	0	452	38.5066371681416
A_MP	734	452	G	0	0	447	37.413870246085
A_MP	735	452	A	0	0	450	37.7755555555556
A_MP	736	452	G	0	0	451	37.8181818181818
A_MP	737	452	T	0	0	452	37.5353982300885
A_MP	738	452	G	0	0	452	38.4469026548673
A_MP	739	452	C	0	0	451	39.5365853658537
A_MP	740	452	A	0	0	452	38.8185840707965
A_MP	741	451	G	1	0	449	39.5879732739421
A_MP	742	450	A	2	0	450	38.8777777777778
A_MP	743	450	T	2	0	448	38.7522321428571
A_MP	744	452	G	0	0	451	38.0665188470067
A_MP	745	452	C	0	0	450	39.4111111111111
A_MP	746	451	A	1	0	451	38.6873614190687
A_MP	747	450	G	2	0	450	38.7288888888889
A_MP	748	451	C	1	0	450	37.7
A_MP	749	451	G	1	0	450	37.0533333333333
A_MP	750	451	G	1	0	450	36.72
A_MP	751	451	T	1	0	449	37.1670378619154
A_MP	752	452	T	0	0	451	37.4722838137472
A_MP	753	451	C	1	0	449	38.0601336302895
A_MP	754	449	A	3	0	448	38.203125
A_MP	755	452	A	0	0	451	38.3747228381375
A_MP	756	452	A	0	0	452	37.9358407079646
A_MP	757	452	T	0	0	450	38.2822222222222
A_MP	758	452	G	0	0	449	39.2271714922049
A_MP	759	451	A	1	0	449	39.7550111358575
A_MP	760	449	T	3	0	445	39.7438202247191
A_MP	761	449	C	3	0	447	38.6353467561521
A_MP	762	426	C	26	0	424	38.3514150943396
A_MP	763	427	T	25	0	422	38.4336492890995
A_MP	764	450	C	2	0	450	35.1577777777778
A_MP	765	449	T	3	0	448	35.03125
A_MP	766	448	C	4	0	444	33.8198198198198
A_MP	767	452	G	0	0	451	33.5587583148559
A_MP	768	452	T	0	0	451	35.4257206208426
A_MP	769	452	C	0	0	450	36.7066666666667
A_MP	770	451	A	1	0	451	40.0376940133038
A_MP	771	451	T	1	0	450	41.2822222222222
A_MP	772	451	T	1	0	450	41.98
A_MP	773	451	G	1	0	449	42.2227171492205
A_MP	774	452	C	0	0	452	42.0597345132743
A_MP	775	452	A	0	0	451	41.589800443459
A_MP	776	452	G	0	0	450	41.7711111111111
A_MP	777	452	C	0	0	452	41.8274336283186
A_MP	778	451	A	1	0	451	40.80044345898
A_MP	779	452	A	0	0	452	41.3805309734513
A_MP	780	452	A	0	0	451	41.290465631929
A_MP	781	452	C	0	0	452	41.5796460176991
A_MP	782	452	A	0	0	449	40.195991091314
A_MP	783	452	T	0	0	450	40.1555555555556
A_MP	784	452	C	0	0	452	39.3672566371681
A_MP	785	452	A	0	0	450	40.2711111111111
A_MP	786	452	T	0	0	452	40.0530973451327
A_MP	787	452	T	0	0	450	40.4644444444444
A_MP	788	450	G	2	0	448	40.2075892857143
A_MP	789	451	G	1	0	451	39.1973392461197
A_MP	790	452	G	0	0	450	38.6755555555556
A_MP	791	451	A	1	0	451	39.0909090909091
A_MP	792	450	T	2	0	448	39.9330357142857
A_MP	793	451	C	1	0	448	38.8169642857143
A_MP	794	450	T	2	0	448	40.3861607142857
A_MP	795	452	T	0	0	451	40.7694013303769
A_MP	796	451	G	1	0	449	39.8841870824053
A_MP	797	452	C	0	0	452	39.7389380530973
A_MP	798	452	A	0	0	451	38.8669623059867
A_MP	799	451	C	1	0	451	40.1485587583149
A_MP	800	452	C	0	0	451	38.5942350332594
A_MP	801	451	T	1	0	451	38.609756097561
A_MP	802	451	G	1	0	449	38.2984409799555
A_MP	803	452	A	0	0	452	38.6880530973451
A_MP	804	452	T	0	0	450	39.58
A_MP	805	452	A	0	0	451	39.9135254988914
A_MP	806	451	T	1	0	451	40.9135254988914
A_MP	807	452	T	0	0	451	40.5432372505543
A_MP	808	452	G	0	0	452	40.2853982300885
A_MP	809	452	T	0	0	452	40.7411504424779
A_MP	810	451	G	1	0	449	40.2338530066815
A_MP	811	452	G	0	0	451	40.6141906873614
A_MP	812	452	A	0	0	452	40.1880530973451
A_MP	813	452	T	0	0	451	40.4079822616408
A_MP	814	451	T	1	0	451	40.1019955654102
A_MP	815	451	A	1	0	447	39.3959731543624
A_MP	816	451	C	1	0	448	37.1830357142857
A_MP	817	447	T	5	0	446	35.4304932735426
A_MP	818	448	G	4	0	430	34.2627906976744
A_MP	819	452	A	0	0	451	33.7893569844789
A_MP	820	452	T	0	0	452	34.2654867256637
A_MP	821	452	C	0	0	444	34.3806306306306
A_MP	822	452	G	0	0	452	35.5221238938053
A_MP	823	449	T	3	0	449	36.4365256124722
A_MP	824	448	C	4	0	448	35.2879464285714
A_MP	825	437	T	15	0	436	36.1100917431193
A_MP	826	449	T	3	0	448	36.8258928571429
A_MP	827	452	T	0	0	451	38.8115299334812
A_MP	828	452	T	0	0	451	41.4789356984479
A_MP	829	452	T	0	0	452	41.0154867256637
A_MP	830	452	T	0	0	452	41.9137168141593
A_MP	831	452	T	0	0	451	41.4855875831486
A_MP	832	452	C	0	0	452	38.1659292035398
A_MP	833	451	A	1	0	451	36.5077605321508
A_MP	834	451	A	1	0	450	37.0466666666667
A_MP	835	451	A	1	0	451	37.3747228381375
A_MP	836	451	T	1	0	450	39.04
A_MP	837	450	G	2	0	450	39.7311111111111
A_MP	838	450	C	2	0	450	41.86
A_MP	839	450	A	2	0	449	40.5233853006682
A_MP	840	451	T	1	0	450	41.4755555555556
A_MP	841	450	T	2	0	450	40.6444444444444
A_MP	842	450	T	2	0	449	41.0668151447661
A_MP	843	451	A	1	0	450	40.08
A_MP	844	451	T	1	0	451	39.9866962305987
A_MP	845	451	C	1	0	445	37.6988764044944
A_MP	846	451	G	1	0	451	37.0487804878049
A_MP	847	452	T	0	0	451	36.6784922394679
A_MP	848	452	C	0	0	449	36.4253897550111
A_MP	849	450	G	2	0	449	36.8619153674833
A_MP	850	450	C	2	0	450	37.7888888888889
A_MP	851	450	T	2	0	450	38.6844444444444
A_MP	852	452	T	0	0	451	39.0288248337029
A_MP	853	451	T	0	0	450	39.92
A_MP	854	452	A	0	0	451	39.5321507760532
A_MP	855	452	A	0	0	452	39.5929203539823
A_MP	856	452	A	0	0	448	39.7366071428571
A_MP	857	453	T	0	0	452	39.9535398230088
A_MP	858	453	A	0	0	452	39.4867256637168
A_MP	859	453	C	0	0	451	39.4944567627494
A_MP	860	453	G	0	0	452	37.8982300884956
A_MP	861	453	G	0	0	453	37.5805739514349
A_MP	862	452	T	1	0	450	37.8288888888889
A_MP	863	453	T	0	0	453	37.9801324503311
A_MP	864	452	T	1	0	452	38.5464601769912
A_MP	865	449	G	4	0	448	36.5602678571429
A_MP	866	444	A	9	0	440	35.6863636363636
A_MP	867	451	A	1	0	450	34.6044444444444
A_MP	868	451	A	1	0	450	34.64
A_MP	869	450	A	2	0	447	34.7897091722595
A_MP	870	449	G	3	0	443	35.1580135440181
A_MP	871	450	A	2	0	449	36.2383073496659
A_MP	872	451	G	1	0	450	36.0377777777778
A_MP	873	452	G	0	0	452	36.1769911504425
A_MP	874	452	G	0	0	452	37.3296460176991
A_MP	875	451	C	1	0	449	36.9086859688196
A_MP	876	452	C	0	0	450	37.6088888888889
A_MP	877	451	T	1	0	449	37.5590200445434
A_MP	878	452	T	0	0	450	36.9866666666667
A_MP	879	451	C	1	0	447	35.413870246085
A_MP	880	451	T	1	0	448	35.6495535714286
A_MP	881	451	A	1	0	444	34.5427927927928
A_MP	882	451	C	1	0	448	34.3995535714286
A_MP	883	443	G	9	0	440	33.0113636363636
A_MP	884	452	G	0	0	450	33.7355555555556
A_MP	885	452	A	0	0	451	33.7960088691796
A_MP	886	451	A	1	0	450	37.2711111111111
A_MP	887	448	G	4	0	448	39.0446428571429
A_MP	888	451	G	1	0	449	39.3140311804009
A_MP	889	452	A	0	0	452	39.6681415929204
A_MP	890	441	G	11	0	438	39.013698630137
A_MP	891	452	T	0	0	450	35.8666666666667
A_MP	892	452	G	0	0	450	35.9222222222222
A_MP	893	449	C	3	0	447	35.7225950782998
A_MP	894	452	C	0	0	450	34.7288888888889
A_MP	895	449	T	3	0	448	37.4754464285714
A_MP	896	448	G	4	0	445	35.2426966292135
A_MP	897	450	A	2	0	446	34.8923766816144
A_MP	898	452	G	0	0	448	34.7410714285714
A_MP	899	452	T	0	0	451	36.0110864745011
A_MP	900	449	C	3	0	446	36.0829596412556
A_MP	901	451	C	1	0	445	36.6157303370787
A_MP	902	451	A	1	0	450	36.0533333333333
A_MP	903	451	T	1	0	450	36.7755555555556
A_MP	904	450	G	2	0	449	35.6369710467706
A_MP	905	450	A	2	0	449	35.9755011135857
A_MP	906	445	G	7	0	443	36.7900677200903
A_MP	907	450	G	2	0	449	37.249443207127
A_MP	908	450	G	2	0	449	38.1982182628062
A_MP	909	450	A	2	0	450	37.9822222222222
A_MP	910	450	A	2	0	449	39.2984409799555
A_MP	911	449	G	2	0	448	40.4754464285714
A_MP	912	451	A	0	0	450	40.7244444444444
A_MP	913	450	A	1	0	450	41.0266666666667
A_MP	914	450	T	1	0	448	40.3370535714286
A_MP	915	451	A	0	0	447	40.0044742729307
A_MP	916	448	T	3	0	448	39.5044642857143
A_MP	917	449	C	2	0	445	38.0943820224719
A_MP	918	450	A	1	0	450	38.2622222222222
A_MP	919	451	A	0	0	451	38.1973392461197
A_MP	920	450	C	1	0	450	39.5244444444444
A_MP	921	450	A	1	0	450	40.4444444444444
A_MP	922	449	G	2	0	449	42.1648106904232
A_MP	923	450	G	1	0	450	41.5511111111111
A_MP	924	450	A	1	0	449	41.4788418708241
A_MP	925	450	G	1	0	450	40.7022222222222
A_MP	926	451	C	0	0	451	40.5742793791574
A_MP	927	451	A	0	0	451	40.7560975609756
A_MP	928	451	G	0	0	451	40.780487804878
A_MP	929	451	C	0	0	451	40.7516629711752
A_MP	930	451	A	0	0	450	41.2711111111111
A_MP	931	451	G	0	0	450	41.1111111111111
A_MP	932	451	A	0	0	449	40.3273942093541
A_MP	933	451	G	0	0	450	39.8311111111111
A_MP	934	451	T	0	0	448	39.8504464285714
A_MP	935	451	G	0	0	451	39.5720620842572
A_MP	936	451	C	0	0	451	40.2993348115299
A_MP	937	451	T	0	0	449	41.0779510022272
A_MP	938	451	G	0	0	451	41.2505543237251
A_MP	939	451	T	0	0	450	41.3555555555556
A_MP	940	451	G	0	0	450	40.4266666666667
A_MP	941	451	G	0	0	451	40.4345898004435
A_MP	942	451	A	0	0	451	39.9645232815964
A_MP	943	451	T	0	0	450	40.2622222222222
A_MP	944	451	G	0	0	451	39.5232815964523
A_MP	945	451	T	0	0	450	40.1822222222222
A_MP	946	451	T	0	0	451	39.6651884700665
A_MP	947	449	G	2	0	448	39.5491071428571
A_MP	948	449	A	2	0	449	38.9309576837416
A_MP	949	449	C	2	0	449	37.3340757238307
A_MP	950	450	G	0	0	447	35.8680089485459
A_MP	951	450	A	0	0	449	35.9688195991091
A_MP	952	450	T	0	0	450	36.1355555555556
A_MP	953	450	G	0	0	450	36.6088888888889
A_MP	954	449	G	1	0	448	38.9665178571429
A_MP	955	448	T	1	0	448	39.8236607142857
A_MP	956	447	C	2	0	444	38.7297297297297
A_MP	957	448	A	1	0	448	38.4888392857143
A_MP	958	446	T	3	0	445	38.5797752808989
A_MP	959	448	T	1	0	448	38.203125
A_MP	960	448	T	1	0	448	39.078125
A_MP	961	448	T	1	0	448	41.0758928571429
A_MP	962	449	G	0	0	448	39.8794642857143
A_MP	963	447	T	1	0	446	39.609865470852
A_MP	964	446	C	1	0	445	36.4112359550562
A_MP	965	447	A	0	0	442	36.472850678733
A_MP	966	447	A	0	0	447	35.2237136465324
A_MP	967	447	C	0	0	447	36.2572706935123
A_MP	968	446	A	0	0	446	37.1076233183856
A_MP	969	444	T	0	0	444	38.6891891891892
A_MP	970	441	A	3	0	438	38.0844748858447
A_MP	971	442	G	1	0	441	38.4988662131519
A_MP	972	443	A	0	0	443	38.0880361173815
A_MP	973	443	G	0	0	443	38.410835214447
A_MP	974	443	C	0	0	443	38.7494356659142
A_MP	975	443	T	0	0	443	39.4424379232506
A_MP	976	440	A	2	0	440	37.9386363636364
A_MP	977	441	G	0	0	441	37.390022675737
A_MP	978	439	A	0	0	439	36.0227790432802
A_MP	979	437	G	0	0	437	35.7025171624714
A_MP	980	432	T	0	0	432	37.0208333333333
A_MP	981	431	A	0	0	431	36.0116009280742
A_MP	982	431	A	0	0	431	37.2064965197216
