Reference_Name	Position	Coverage Depth	Consensus	Deletions	Ambiguous	Consensus_Count	Consensus_Average_Quality
A_NA_N1	1	127	A	0	0	127	35.4566929133858
A_NA_N1	2	127	T	0	0	127	36.8346456692913
A_NA_N1	3	128	G	0	0	128	33.6796875
A_NA_N1	4	129	A	0	0	129	35.4651162790698
A_NA_N1	5	130	A	0	0	130	36
A_NA_N1	6	130	T	0	0	130	36.8615384615385
A_NA_N1	7	130	C	0	0	128	37.9921875
A_NA_N1	8	130	C	0	0	127	39.2204724409449
A_NA_N1	9	130	A	0	0	130	38.8307692307692
A_NA_N1	10	130	A	0	0	129	39.4728682170543
A_NA_N1	11	130	A	0	0	130	39.2923076923077
A_NA_N1	12	131	C	0	0	131	39.5801526717557
A_NA_N1	13	132	C	0	0	132	39.0151515151515
A_NA_N1	14	127	A	5	0	127	38.8110236220472
A_NA_N1	15	132	A	0	0	132	39.6742424242424
A_NA_N1	16	132	A	0	0	132	41.1818181818182
A_NA_N1	17	132	A	0	0	132	42.7272727272727
A_NA_N1	18	132	G	0	0	131	43.1221374045802
A_NA_N1	19	132	A	0	0	132	42.1515151515151
A_NA_N1	20	132	T	0	0	132	41.780303030303
A_NA_N1	21	132	A	0	0	132	39.8560606060606
A_NA_N1	22	132	A	0	0	132	40.219696969697
A_NA_N1	23	132	T	0	0	132	40.0454545454545
A_NA_N1	24	132	A	0	0	132	39.4166666666667
A_NA_N1	25	132	A	0	0	132	39.9469696969697
A_NA_N1	26	132	C	0	0	132	39.6590909090909
A_NA_N1	27	132	C	0	0	132	39.7348484848485
A_NA_N1	28	132	A	0	0	132	39.8106060606061
A_NA_N1	29	132	T	0	0	132	40.0757575757576
A_NA_N1	30	132	T	0	0	132	40.8106060606061
A_NA_N1	31	132	G	0	0	131	39.5038167938931
A_NA_N1	32	132	G	0	0	131	40.2519083969466
A_NA_N1	33	131	T	1	0	131	40.1145038167939
A_NA_N1	34	131	T	1	0	131	39.8702290076336
A_NA_N1	35	131	C	1	0	130	39.4615384615385
A_NA_N1	36	130	T	2	0	130	40.0076923076923
A_NA_N1	37	130	A	2	0	130	39.2153846153846
A_NA_N1	38	133	T	0	0	133	38.8421052631579
A_NA_N1	39	133	C	0	0	132	38.0151515151515
A_NA_N1	40	133	T	0	0	132	39.219696969697
A_NA_N1	41	133	G	0	0	132	39.1818181818182
A_NA_N1	42	132	T	1	0	132	38.5227272727273
A_NA_N1	43	132	A	1	0	132	37.6439393939394
A_NA_N1	44	132	T	1	0	132	38.3712121212121
A_NA_N1	45	132	G	1	0	132	37.7272727272727
A_NA_N1	46	133	A	1	0	133	37.5714285714286
A_NA_N1	47	133	C	1	0	133	38.2932330827068
A_NA_N1	48	134	A	0	0	134	38.7462686567164
A_NA_N1	49	134	A	0	0	133	39.4661654135338
A_NA_N1	50	134	T	0	0	134	39.3582089552239
A_NA_N1	51	134	T	0	0	134	39.6791044776119
A_NA_N1	52	133	G	1	0	133	40.0225563909774
A_NA_N1	53	133	G	1	0	131	40.2671755725191
A_NA_N1	54	134	A	0	0	134	39.4776119402985
A_NA_N1	55	134	A	0	0	134	39.4925373134328
A_NA_N1	56	134	C	0	0	130	39.1692307692308
A_NA_N1	57	134	G	0	0	131	37.0992366412214
A_NA_N1	58	134	G	0	0	134	36.6641791044776
A_NA_N1	59	134	C	0	0	130	37.8615384615385
A_NA_N1	60	134	T	0	0	130	38.1692307692308
A_NA_N1	61	134	A	0	0	133	38.7218045112782
A_NA_N1	62	134	A	0	0	134	41.0970149253731
A_NA_N1	63	134	C	0	0	133	40.6691729323308
A_NA_N1	64	131	T	3	0	129	41.9302325581395
A_NA_N1	65	133	T	1	0	133	40.1804511278196
A_NA_N1	66	133	A	1	0	132	39.4166666666667
A_NA_N1	67	134	A	0	0	134	39.2910447761194
A_NA_N1	68	134	T	0	0	132	39.9015151515151
A_NA_N1	69	134	A	0	0	133	40.4285714285714
A_NA_N1	70	133	T	1	0	132	40.7424242424242
A_NA_N1	71	134	T	0	0	133	41.3082706766917
A_NA_N1	72	134	A	0	0	134	40.6791044776119
A_NA_N1	73	134	C	0	0	134	40.8208955223881
A_NA_N1	74	134	A	0	0	134	40.1865671641791
A_NA_N1	75	134	A	0	0	134	40.6567164179104
A_NA_N1	76	134	A	0	0	134	39.8805970149254
A_NA_N1	77	134	T	0	0	134	39.8432835820896
A_NA_N1	78	134	T	0	0	134	40.4626865671642
A_NA_N1	79	134	G	0	0	134	39.9701492537313
A_NA_N1	80	134	G	0	0	134	40.9776119402985
A_NA_N1	81	133	A	1	0	132	41.469696969697
A_NA_N1	82	134	A	0	0	134	42.0298507462687
A_NA_N1	83	134	A	0	0	132	42.4772727272727
A_NA_N1	84	134	C	0	0	134	42.0298507462687
A_NA_N1	85	134	A	0	0	134	40.5671641791045
A_NA_N1	86	134	T	0	0	134	41.1641791044776
A_NA_N1	87	134	A	0	0	134	39.8059701492537
A_NA_N1	88	134	A	0	0	134	39.9328358208955
A_NA_N1	89	134	T	0	0	134	40.6641791044776
A_NA_N1	90	133	C	1	0	133	40.8345864661654
A_NA_N1	91	133	T	1	0	133	41.390977443609
A_NA_N1	92	133	C	1	0	132	41.5984848484849
A_NA_N1	93	133	A	1	0	133	42.4210526315789
A_NA_N1	94	133	A	1	0	133	42.3458646616541
A_NA_N1	95	133	T	1	0	132	42.4545454545455
A_NA_N1	96	133	A	1	0	132	41.3560606060606
A_NA_N1	97	133	T	1	0	132	42.2272727272727
A_NA_N1	98	133	G	1	0	133	41.5338345864662
A_NA_N1	99	134	G	0	0	133	41.4812030075188
A_NA_N1	100	133	G	1	0	133	40.5639097744361
A_NA_N1	101	133	T	1	0	133	41.6992481203008
A_NA_N1	102	133	T	1	0	132	41.9090909090909
A_NA_N1	103	133	A	1	0	133	41.3383458646617
A_NA_N1	104	133	G	1	0	133	41.8496240601504
A_NA_N1	105	133	C	1	0	131	41.5343511450382
A_NA_N1	106	134	C	0	0	133	41.3157894736842
A_NA_N1	107	134	A	0	0	134	40.3880597014925
A_NA_N1	108	133	C	1	0	131	41.1908396946565
A_NA_N1	109	134	T	0	0	134	39.6940298507463
A_NA_N1	110	134	C	0	0	131	38.236641221374
A_NA_N1	111	134	A	0	0	133	39.3834586466165
A_NA_N1	112	134	A	0	0	134	37.6940298507463
A_NA_N1	113	134	T	0	0	134	38.8358208955224
A_NA_N1	114	134	T	0	0	134	37.955223880597
A_NA_N1	115	134	C	0	0	134	37.7985074626866
A_NA_N1	116	134	A	0	0	134	38.0746268656716
A_NA_N1	117	134	A	0	0	134	39.2462686567164
A_NA_N1	118	133	A	1	0	132	40.4393939393939
A_NA_N1	119	133	T	1	0	133	39.2932330827068
A_NA_N1	120	134	T	0	0	134	39.6865671641791
A_NA_N1	121	134	G	0	0	133	39.3984962406015
A_NA_N1	122	134	G	0	0	134	39.089552238806
A_NA_N1	123	133	A	1	0	133	39.3684210526316
A_NA_N1	124	134	A	0	0	134	39.8208955223881
A_NA_N1	125	134	A	0	0	134	39.9477611940299
A_NA_N1	126	134	T	0	0	134	40.3507462686567
A_NA_N1	127	134	C	0	0	134	38.3283582089552
A_NA_N1	128	134	A	0	0	134	37.7985074626866
A_NA_N1	129	134	A	0	0	134	38.0820895522388
A_NA_N1	130	134	A	0	0	134	39.0149253731343
A_NA_N1	131	134	G	0	0	134	38.3134328358209
A_NA_N1	132	134	C	0	0	134	38.044776119403
A_NA_N1	133	134	C	0	0	134	37.7611940298507
A_NA_N1	134	134	A	0	0	133	38.6842105263158
A_NA_N1	135	134	G	0	0	133	37.5789473684211
A_NA_N1	136	134	A	0	0	134	37.9328358208955
A_NA_N1	137	134	T	0	0	134	38.3805970149254
A_NA_N1	138	134	T	0	0	134	39.2238805970149
A_NA_N1	139	134	G	0	0	134	39.1492537313433
A_NA_N1	140	133	A	1	0	133	40.1654135338346
A_NA_N1	141	134	A	0	0	134	41.5
A_NA_N1	142	134	A	0	0	133	41.5488721804511
A_NA_N1	143	134	C	0	0	133	41.6315789473684
A_NA_N1	144	134	A	0	0	134	40.9477611940299
A_NA_N1	145	134	T	0	0	134	41.7537313432836
A_NA_N1	146	134	G	0	0	134	41.2313432835821
A_NA_N1	147	134	C	0	0	133	41.7518796992481
A_NA_N1	148	134	A	0	0	134	40.365671641791
A_NA_N1	149	134	A	0	0	134	41.1940298507463
A_NA_N1	150	134	T	0	0	133	40.8496240601504
A_NA_N1	151	134	A	0	0	134	39.7164179104478
A_NA_N1	152	134	A	0	0	134	40.4701492537313
A_NA_N1	153	134	A	0	0	134	42.1268656716418
A_NA_N1	154	134	A	0	0	134	41.955223880597
A_NA_N1	155	134	G	0	0	134	41.8805970149254
A_NA_N1	156	134	T	0	0	134	41.2910447761194
A_NA_N1	157	134	G	0	0	134	41.410447761194
A_NA_N1	158	134	T	0	0	133	41.9323308270677
A_NA_N1	159	134	C	0	0	133	40.609022556391
A_NA_N1	160	134	A	0	0	134	41.6119402985075
A_NA_N1	161	134	T	0	0	133	42.0827067669173
A_NA_N1	162	134	T	0	0	134	41.5149253731343
A_NA_N1	163	134	A	0	0	134	40.6865671641791
A_NA_N1	164	134	C	0	0	134	41.1716417910448
A_NA_N1	165	134	T	0	0	134	40.7014925373134
A_NA_N1	166	134	T	0	0	134	41.8059701492537
A_NA_N1	167	134	A	0	0	134	39.9402985074627
A_NA_N1	168	134	T	0	0	134	40.9477611940299
A_NA_N1	169	134	G	0	0	134	39.7835820895522
A_NA_N1	170	131	A	3	0	131	39.9923664122137
A_NA_N1	171	133	A	1	0	132	40.0227272727273
A_NA_N1	172	133	A	1	0	133	41.5338345864662
A_NA_N1	173	133	A	1	0	133	41.7368421052632
A_NA_N1	174	134	C	0	0	134	41.9328358208955
A_NA_N1	175	134	A	0	0	134	41.5074626865672
A_NA_N1	176	134	A	0	0	134	40.7985074626866
A_NA_N1	177	134	C	0	0	133	41.4511278195489
A_NA_N1	178	134	A	0	0	134	40.6641791044776
A_NA_N1	179	134	C	0	0	133	40.5714285714286
A_NA_N1	180	134	T	0	0	133	41.0977443609023
A_NA_N1	181	134	T	0	0	133	41.1052631578947
A_NA_N1	182	131	G	2	0	130	40.6384615384615
A_NA_N1	183	133	G	0	0	133	41.3533834586466
A_NA_N1	184	133	G	0	0	133	41.3834586466165
A_NA_N1	185	133	T	0	0	133	41.984962406015
A_NA_N1	186	133	A	0	0	132	42.3712121212121
A_NA_N1	187	133	A	0	0	133	42.4736842105263
A_NA_N1	188	133	A	0	0	133	41.6390977443609
A_NA_N1	189	133	T	0	0	133	42.5563909774436
A_NA_N1	190	133	C	0	0	132	41.0227272727273
A_NA_N1	191	133	A	0	0	133	39.9774436090226
A_NA_N1	192	133	G	0	0	133	39.1428571428571
A_NA_N1	193	133	A	0	0	133	39.3383458646617
A_NA_N1	194	133	C	0	0	133	38.6466165413534
A_NA_N1	195	133	A	0	0	133	39.6315789473684
A_NA_N1	196	132	T	1	0	132	40.5378787878788
A_NA_N1	197	133	T	0	0	133	41.1578947368421
A_NA_N1	198	133	T	0	0	133	42.2781954887218
A_NA_N1	199	133	G	0	0	133	42.5864661654135
A_NA_N1	200	133	T	0	0	133	42.7067669172932
A_NA_N1	201	132	T	1	0	132	42.9772727272727
A_NA_N1	202	132	A	1	0	132	41.4242424242424
A_NA_N1	203	132	A	1	0	132	40.7727272727273
A_NA_N1	204	133	C	0	0	133	41.0075187969925
A_NA_N1	205	133	A	0	0	133	40.9548872180451
A_NA_N1	206	133	T	0	0	133	40.7067669172932
A_NA_N1	207	133	C	0	0	132	39.6212121212121
A_NA_N1	208	133	A	0	0	132	40.3636363636364
A_NA_N1	209	133	G	0	0	133	39.4962406015038
A_NA_N1	210	133	C	0	0	133	39.7593984962406
A_NA_N1	211	133	A	0	0	133	39.7518796992481
A_NA_N1	212	133	A	0	0	132	39.4393939393939
A_NA_N1	213	133	C	0	0	133	40.1353383458647
A_NA_N1	214	133	A	0	0	132	39.8787878787879
A_NA_N1	215	133	C	0	0	133	39.5488721804511
A_NA_N1	216	133	T	0	0	132	38.9393939393939
A_NA_N1	217	133	A	0	0	132	38.1590909090909
A_NA_N1	218	133	A	0	0	133	38.6842105263158
A_NA_N1	219	133	C	0	0	133	39.6992481203008
A_NA_N1	220	133	T	0	0	133	39.8872180451128
A_NA_N1	221	133	C	0	0	133	40.9248120300752
A_NA_N1	222	133	T	0	0	133	41.2556390977444
A_NA_N1	223	133	G	0	0	133	41.3759398496241
A_NA_N1	224	133	C	0	0	133	40.8195488721804
A_NA_N1	225	133	T	0	0	132	40.1060606060606
A_NA_N1	226	132	G	1	0	132	40.1060606060606
A_NA_N1	227	132	C	1	0	132	40.1136363636364
A_NA_N1	228	132	T	1	0	132	39.8257575757576
A_NA_N1	229	132	A	1	0	131	38.9312977099237
A_NA_N1	230	131	G	2	0	129	38.3875968992248
A_NA_N1	231	133	A	0	0	133	39.1052631578947
A_NA_N1	232	133	C	0	0	133	38.9248120300752
A_NA_N1	233	133	A	0	0	133	38.203007518797
A_NA_N1	234	132	G	1	0	132	38.3787878787879
A_NA_N1	235	132	T	1	0	131	39.2977099236641
A_NA_N1	236	132	C	1	0	130	37.9076923076923
A_NA_N1	237	132	A	1	0	132	37.9848484848485
A_NA_N1	238	133	G	0	0	133	38.0451127819549
A_NA_N1	239	133	T	0	0	133	37.5338345864662
A_NA_N1	240	133	G	0	0	132	37.4772727272727
A_NA_N1	241	133	G	0	0	132	37.8636363636364
A_NA_N1	242	133	C	0	0	130	38.3769230769231
A_NA_N1	243	132	T	1	0	131	36.6793893129771
A_NA_N1	244	133	T	0	0	132	36.0909090909091
A_NA_N1	245	133	C	0	0	133	35.5864661654135
A_NA_N1	246	133	C	0	0	133	34.5413533834586
A_NA_N1	247	132	G	1	0	132	33.5151515151515
A_NA_N1	248	132	T	1	0	132	34.4015151515151
A_NA_N1	249	132	G	1	0	132	36.1742424242424
A_NA_N1	250	132	A	1	0	132	37.3939393939394
A_NA_N1	251	133	A	0	0	133	38.593984962406
A_NA_N1	252	133	A	0	0	132	39.0075757575758
A_NA_N1	253	133	T	0	0	133	39.2631578947368
A_NA_N1	254	133	T	0	0	131	39.206106870229
A_NA_N1	255	132	A	1	0	131	37.793893129771
A_NA_N1	256	132	G	1	0	130	37.9
A_NA_N1	257	131	C	2	0	129	37.3953488372093
A_NA_N1	258	133	G	1	0	132	34.7348484848485
A_NA_N1	259	134	G	0	0	134	31.2388059701493
A_NA_N1	260	134	G	0	0	133	35.7669172932331
A_NA_N1	261	134	C	0	0	130	36.4384615384615
A_NA_N1	262	134	A	0	0	133	38.4511278195489
A_NA_N1	263	133	A	1	0	131	40.824427480916
A_NA_N1	264	133	T	1	0	132	41.0378787878788
A_NA_N1	265	130	T	4	0	129	40.8759689922481
A_NA_N1	266	130	C	4	0	129	40.6434108527132
A_NA_N1	267	110	C	24	0	110	41.3909090909091
A_NA_N1	268	112	T	22	0	110	41.5545454545455
A_NA_N1	269	134	C	0	0	133	37.8270676691729
A_NA_N1	270	134	T	0	0	134	37.4626865671642
A_NA_N1	271	134	C	0	0	134	36.0746268656716
A_NA_N1	272	134	T	0	0	134	34.910447761194
A_NA_N1	273	134	C	0	0	134	36.8955223880597
A_NA_N1	274	134	T	0	0	134	38.589552238806
A_NA_N1	275	133	G	1	0	133	38.8571428571429
A_NA_N1	276	133	C	1	0	132	40.280303030303
A_NA_N1	277	134	C	0	0	134	39.6119402985075
A_NA_N1	278	134	C	0	0	134	39.6791044776119
A_NA_N1	279	133	T	0	0	133	39.0977443609023
A_NA_N1	280	133	G	0	0	133	39.7443609022556
A_NA_N1	281	132	T	1	0	132	40.2575757575758
A_NA_N1	282	133	T	0	0	133	40.5263157894737
A_NA_N1	283	133	A	0	0	133	38.9097744360902
A_NA_N1	284	133	G	0	0	132	38.1515151515151
A_NA_N1	285	133	C	0	0	132	38.7575757575758
A_NA_N1	286	133	G	0	0	132	39.219696969697
A_NA_N1	287	133	G	0	0	133	39.3609022556391
A_NA_N1	288	133	A	0	0	133	39.0827067669173
A_NA_N1	289	133	T	0	0	133	39.5563909774436
A_NA_N1	290	132	G	1	0	131	39.9923664122137
A_NA_N1	291	133	G	0	0	133	39.8872180451128
A_NA_N1	292	133	G	0	0	132	40.1212121212121
A_NA_N1	293	133	C	0	0	132	39.4166666666667
A_NA_N1	294	132	T	1	0	131	40.412213740458
A_NA_N1	295	132	A	1	0	132	40.530303030303
A_NA_N1	296	133	T	0	0	131	41.175572519084
A_NA_N1	297	132	A	1	0	132	40.2651515151515
A_NA_N1	298	132	T	1	0	131	40.7480916030534
A_NA_N1	299	132	A	1	0	132	39.1363636363636
A_NA_N1	300	132	C	1	0	131	41.0992366412214
A_NA_N1	301	133	A	0	0	133	40.2932330827068
A_NA_N1	302	133	G	0	0	133	40.1729323308271
A_NA_N1	303	132	T	1	0	131	40.1297709923664
A_NA_N1	304	133	A	0	0	133	39.0827067669173
A_NA_N1	305	132	A	1	0	132	39.8712121212121
A_NA_N1	306	132	A	1	0	132	41.1060606060606
A_NA_N1	307	132	G	1	0	132	40.5378787878788
A_NA_N1	308	133	A	0	0	133	41.4661654135338
A_NA_N1	309	133	C	0	0	133	40.6917293233083
A_NA_N1	310	133	A	0	0	133	39.3007518796992
A_NA_N1	311	133	A	0	0	133	38.9924812030075
A_NA_N1	312	133	C	0	0	133	38.7142857142857
A_NA_N1	313	133	A	0	0	133	38.7293233082707
A_NA_N1	314	133	G	0	0	132	38.8030303030303
A_NA_N1	315	133	T	0	0	133	39.6165413533835
A_NA_N1	316	133	G	0	0	133	39.5563909774436
A_NA_N1	317	132	T	0	0	132	40.3030303030303
A_NA_N1	318	132	A	0	0	132	38.3939393939394
A_NA_N1	319	132	A	0	0	132	35.1969696969697
A_NA_N1	320	132	G	0	0	132	35.3257575757576
A_NA_N1	321	132	A	0	0	132	38.030303030303
A_NA_N1	322	132	A	0	0	132	39.3484848484849
A_NA_N1	323	132	T	0	0	132	38.9318181818182
A_NA_N1	324	131	C	1	0	131	37.030534351145
A_NA_N1	325	132	G	0	0	132	34.6818181818182
A_NA_N1	326	132	G	0	0	132	35.0075757575758
A_NA_N1	327	132	T	0	0	131	35.2977099236641
A_NA_N1	328	132	T	0	0	131	36.9389312977099
A_NA_N1	329	132	C	0	0	132	37.2878787878788
A_NA_N1	330	132	C	0	0	132	39.9545454545455
A_NA_N1	331	132	A	0	0	132	38.1742424242424
A_NA_N1	332	130	A	2	0	130	37.2846153846154
A_NA_N1	333	130	G	2	0	130	36.9153846153846
A_NA_N1	334	131	G	1	0	130	36.6923076923077
A_NA_N1	335	132	G	0	0	132	38.1818181818182
A_NA_N1	336	132	G	0	0	132	39.0681818181818
A_NA_N1	337	132	G	0	0	132	39.7651515151515
A_NA_N1	338	132	A	0	0	132	38.780303030303
A_NA_N1	339	132	T	0	0	132	38.4469696969697
A_NA_N1	340	132	G	0	0	132	37.8712121212121
A_NA_N1	341	132	T	0	0	132	40.969696969697
A_NA_N1	342	132	G	0	0	132	39.8712121212121
A_NA_N1	343	132	T	0	0	132	40.9621212121212
A_NA_N1	344	132	T	0	0	132	41.6742424242424
A_NA_N1	345	132	T	0	0	131	41.0687022900763
A_NA_N1	346	132	G	0	0	130	41.4538461538462
A_NA_N1	347	132	T	0	0	132	41.6060606060606
A_NA_N1	348	132	C	0	0	132	39.9545454545455
A_NA_N1	349	132	A	0	0	132	40.6590909090909
A_NA_N1	350	132	T	0	0	132	41.1287878787879
A_NA_N1	351	132	A	0	0	132	40.6742424242424
A_NA_N1	352	131	A	1	0	131	40.3206106870229
A_NA_N1	353	131	G	1	0	130	40.3307692307692
A_NA_N1	354	131	G	1	0	131	40.4656488549618
A_NA_N1	355	131	G	1	0	131	39.7251908396947
A_NA_N1	356	132	A	0	0	132	40.1136363636364
A_NA_N1	357	132	A	0	0	132	41.4318181818182
A_NA_N1	358	132	C	0	0	132	38.6893939393939
A_NA_N1	359	132	C	0	0	131	39.1297709923664
A_NA_N1	360	132	A	0	0	131	38.3511450381679
A_NA_N1	361	132	T	0	0	132	38.6742424242424
A_NA_N1	362	132	T	0	0	131	37.9923664122137
A_NA_N1	363	132	C	0	0	130	39.0230769230769
A_NA_N1	364	132	A	0	0	130	39.2
A_NA_N1	365	132	T	0	0	132	39.9166666666667
A_NA_N1	366	132	A	0	0	132	39.7954545454545
A_NA_N1	367	132	T	0	0	132	40.3636363636364
A_NA_N1	368	132	C	0	0	132	39.6363636363636
A_NA_N1	369	132	A	0	0	132	38.0151515151515
A_NA_N1	370	132	T	0	0	132	38.6893939393939
A_NA_N1	371	132	G	0	0	132	38.6060606060606
A_NA_N1	372	132	C	0	0	131	38.5801526717557
A_NA_N1	373	132	T	0	0	132	39.6136363636364
A_NA_N1	374	132	C	0	0	132	39.1742424242424
A_NA_N1	375	132	T	0	0	132	38.530303030303
A_NA_N1	376	129	C	3	0	129	37.906976744186
A_NA_N1	377	132	C	0	0	132	37.6136363636364
A_NA_N1	378	132	C	0	0	132	37
A_NA_N1	379	132	T	0	0	132	34.5833333333333
A_NA_N1	380	132	T	0	0	132	38.2727272727273
A_NA_N1	381	132	G	0	0	131	38.8854961832061
A_NA_N1	382	132	G	0	0	131	38.3435114503817
A_NA_N1	383	132	A	0	0	131	39.4274809160305
A_NA_N1	384	132	A	0	0	132	39.719696969697
A_NA_N1	385	132	T	0	0	132	39.2954545454545
A_NA_N1	386	132	G	0	0	131	39.0763358778626
A_NA_N1	387	131	C	1	0	131	38.8931297709924
A_NA_N1	388	132	A	0	0	132	38.7272727272727
A_NA_N1	389	132	G	0	0	131	37.6412213740458
A_NA_N1	390	131	A	1	0	131	37.3053435114504
A_NA_N1	391	132	A	0	0	132	37.8333333333333
A_NA_N1	392	132	C	0	0	132	37.0909090909091
A_NA_N1	393	128	C	4	0	128	37.8046875
A_NA_N1	394	128	T	4	0	128	37.4140625
A_NA_N1	395	127	T	5	0	127	37.7007874015748
A_NA_N1	396	131	C	1	0	130	35.9615384615385
A_NA_N1	397	130	T	2	0	130	37.8846153846154
A_NA_N1	398	131	T	1	0	131	37.793893129771
A_NA_N1	399	131	C	1	0	131	37.0687022900763
A_NA_N1	400	131	T	1	0	130	38.7
A_NA_N1	401	132	T	0	0	132	39.9621212121212
A_NA_N1	402	132	G	0	0	131	39.4351145038168
A_NA_N1	403	132	A	0	0	132	40.3560606060606
A_NA_N1	404	132	C	0	0	132	39.7651515151515
A_NA_N1	405	130	T	2	0	129	40.2015503875969
A_NA_N1	406	132	C	0	0	130	39.6307692307692
A_NA_N1	407	132	A	0	0	132	39.5757575757576
A_NA_N1	408	132	A	0	0	132	39.7121212121212
A_NA_N1	409	132	G	0	0	131	39.9083969465649
A_NA_N1	410	132	G	0	0	132	39.4166666666667
A_NA_N1	411	132	G	0	0	132	41.1742424242424
A_NA_N1	412	132	G	0	0	132	41.1439393939394
A_NA_N1	413	132	C	0	0	132	40.969696969697
A_NA_N1	414	132	T	0	0	131	41.6793893129771
A_NA_N1	415	132	T	0	0	132	41.5984848484849
A_NA_N1	416	132	T	0	0	132	42.7348484848485
A_NA_N1	417	132	G	0	0	132	42.5681818181818
A_NA_N1	418	131	C	1	0	131	42.206106870229
A_NA_N1	419	131	T	1	0	131	43.206106870229
A_NA_N1	420	131	A	1	0	130	41.4230769230769
A_NA_N1	421	131	A	1	0	130	41.6461538461538
A_NA_N1	422	132	A	0	0	131	41.2290076335878
A_NA_N1	423	132	T	0	0	131	40.4809160305344
A_NA_N1	424	132	G	0	0	131	40.8931297709924
A_NA_N1	425	132	A	0	0	131	40.2824427480916
A_NA_N1	426	132	C	0	0	131	39.4809160305344
A_NA_N1	427	132	A	0	0	132	37.7045454545455
A_NA_N1	428	132	A	0	0	131	37.618320610687
A_NA_N1	429	132	A	0	0	132	38.5
A_NA_N1	430	132	C	0	0	132	40.4015151515151
A_NA_N1	431	132	A	0	0	132	39.9848484848485
A_NA_N1	432	132	T	0	0	132	40.8030303030303
A_NA_N1	433	132	T	0	0	131	40.6870229007634
A_NA_N1	434	130	C	2	0	129	38.1705426356589
A_NA_N1	435	131	C	1	0	131	37.5419847328244
A_NA_N1	436	132	A	0	0	132	36.4166666666667
A_NA_N1	437	132	A	0	0	132	35.9772727272727
A_NA_N1	438	132	T	0	0	132	37.2878787878788
A_NA_N1	439	131	G	1	0	130	38.5923076923077
A_NA_N1	440	132	G	0	0	131	39.1679389312977
A_NA_N1	441	132	A	0	0	132	39.3939393939394
A_NA_N1	442	132	A	0	0	131	40.1603053435115
A_NA_N1	443	132	C	0	0	132	39.7348484848485
A_NA_N1	444	131	A	1	0	131	38.9007633587786
A_NA_N1	445	130	A	2	0	130	39.2769230769231
A_NA_N1	446	131	T	1	0	130	39.5923076923077
A_NA_N1	447	132	T	0	0	132	37.7045454545455
A_NA_N1	448	130	A	2	0	130	37.3153846153846
A_NA_N1	449	132	A	0	0	132	37.5530303030303
A_NA_N1	450	132	A	0	0	130	37.1846153846154
A_NA_N1	451	132	G	0	0	129	36.968992248062
A_NA_N1	452	130	A	2	0	129	37.077519379845
A_NA_N1	453	132	C	0	0	132	35.469696969697
A_NA_N1	454	128	A	4	0	128	36.171875
A_NA_N1	455	129	G	3	0	127	35.8188976377953
A_NA_N1	456	132	A	0	0	132	35.8333333333333
A_NA_N1	457	132	A	0	0	131	37.9847328244275
A_NA_N1	458	132	G	0	0	129	39.046511627907
A_NA_N1	459	131	C	1	0	129	40.1162790697674
A_NA_N1	460	130	C	2	0	129	39.8759689922481
A_NA_N1	461	131	C	1	0	130	39.7153846153846
A_NA_N1	462	131	A	1	0	130	38.9923076923077
A_NA_N1	463	132	T	0	0	132	39.7045454545455
A_NA_N1	464	130	A	2	0	130	41
A_NA_N1	465	130	T	2	0	130	40.8538461538462
A_NA_N1	466	130	C	2	0	127	38.1889763779528
A_NA_N1	467	130	G	2	0	128	37.46875
A_NA_N1	468	131	A	1	0	131	36.7557251908397
A_NA_N1	469	131	A	1	0	131	36.9618320610687
A_NA_N1	470	131	C	1	0	130	36.7846153846154
A_NA_N1	471	131	C	1	0	131	37.9083969465649
A_NA_N1	472	131	C	1	0	131	39.5267175572519
A_NA_N1	473	132	T	0	0	132	39.1818181818182
A_NA_N1	474	132	A	0	0	132	39.0606060606061
A_NA_N1	475	132	A	0	0	132	39.9545454545455
A_NA_N1	476	132	T	0	0	132	38.8333333333333
A_NA_N1	477	132	G	0	0	131	38.7251908396947
A_NA_N1	478	132	A	0	0	132	38.3939393939394
A_NA_N1	479	132	G	0	0	131	38.4656488549618
A_NA_N1	480	132	C	0	0	132	38.6666666666667
A_NA_N1	481	132	T	0	0	132	39.2272727272727
A_NA_N1	482	131	G	1	0	130	38.8461538461538
A_NA_N1	483	131	T	1	0	131	38.969465648855
A_NA_N1	484	131	C	1	0	131	38.8473282442748
A_NA_N1	485	131	C	1	0	131	38.8778625954198
A_NA_N1	486	132	T	0	0	132	38.3333333333333
A_NA_N1	487	132	A	0	0	132	38.280303030303
A_NA_N1	488	131	T	1	0	131	38.6488549618321
A_NA_N1	489	131	T	1	0	131	39.1603053435115
A_NA_N1	490	131	G	1	0	130	38.1461538461538
A_NA_N1	491	131	G	1	0	131	37.8778625954198
A_NA_N1	492	131	T	1	0	129	37.922480620155
A_NA_N1	493	131	G	1	0	129	39.046511627907
A_NA_N1	494	131	A	1	0	131	38.7099236641221
A_NA_N1	495	132	A	0	0	131	38.6946564885496
A_NA_N1	496	132	G	0	0	131	38.9007633587786
A_NA_N1	497	132	T	0	0	132	39.5378787878788
A_NA_N1	498	129	C	3	0	128	39.1171875
A_NA_N1	499	131	C	1	0	131	40.0916030534351
A_NA_N1	500	131	C	1	0	131	39.4732824427481
A_NA_N1	501	131	C	1	0	130	37.4153846153846
A_NA_N1	502	132	T	0	0	131	36.7480916030534
A_NA_N1	503	132	C	0	0	131	36.3664122137405
A_NA_N1	504	132	T	0	0	132	36.0378787878788
A_NA_N1	505	132	C	0	0	130	35.3
A_NA_N1	506	132	C	0	0	132	37.8030303030303
A_NA_N1	507	131	A	1	0	131	39.5496183206107
A_NA_N1	508	131	T	1	0	130	39.9769230769231
A_NA_N1	509	130	A	2	0	130	40.9846153846154
A_NA_N1	510	131	C	1	0	130	41.5923076923077
A_NA_N1	511	132	A	0	0	130	40.9076923076923
A_NA_N1	512	132	A	0	0	132	39.8787878787879
A_NA_N1	513	132	C	0	0	131	39.4351145038168
A_NA_N1	514	132	T	0	0	132	40.7272727272727
A_NA_N1	515	131	C	1	0	129	39.6356589147287
A_NA_N1	516	131	A	1	0	131	38.9847328244275
A_NA_N1	517	132	A	0	0	132	37.5984848484849
A_NA_N1	518	132	G	0	0	132	37.2727272727273
A_NA_N1	519	131	A	1	0	131	37.618320610687
A_NA_N1	520	130	T	1	0	130	37.8923076923077
A_NA_N1	521	130	T	1	0	129	38.3410852713178
A_NA_N1	522	131	T	0	0	131	38.9618320610687
A_NA_N1	523	131	G	0	0	131	39.1374045801527
A_NA_N1	524	131	A	0	0	131	39.2519083969466
A_NA_N1	525	131	G	0	0	130	39.1846153846154
A_NA_N1	526	131	T	0	0	131	39.6488549618321
A_NA_N1	527	131	C	0	0	130	39.5384615384615
A_NA_N1	528	131	A	0	0	131	39.1832061068702
A_NA_N1	529	131	G	0	0	130	39.5153846153846
A_NA_N1	530	131	T	0	0	130	39.9461538461538
A_NA_N1	531	131	C	0	0	128	38.9609375
A_NA_N1	532	131	G	0	0	128	37.484375
A_NA_N1	533	130	C	1	0	130	36.8461538461538
A_NA_N1	534	130	T	1	0	129	36.5581395348837
A_NA_N1	535	131	T	0	0	131	36.5038167938931
A_NA_N1	536	131	G	0	0	131	36.3435114503817
A_NA_N1	537	131	G	0	0	131	37.6030534351145
A_NA_N1	538	131	T	0	0	131	40.2290076335878
A_NA_N1	539	131	C	0	0	130	39.2538461538462
A_NA_N1	540	131	A	0	0	131	39.381679389313
A_NA_N1	541	131	G	0	0	131	39.4503816793893
A_NA_N1	542	131	C	0	0	131	39.1145038167939
A_NA_N1	543	131	A	0	0	131	38.4809160305344
A_NA_N1	544	131	A	0	0	131	38.8549618320611
A_NA_N1	545	131	G	0	0	131	38.5725190839695
A_NA_N1	546	131	T	0	0	131	38.6412213740458
A_NA_N1	547	130	G	1	0	130	39.4
A_NA_N1	548	131	C	0	0	130	38.3923076923077
A_NA_N1	549	129	T	2	0	129	39.0387596899225
A_NA_N1	550	129	T	2	0	129	40
A_NA_N1	551	129	G	2	0	128	38.8984375
A_NA_N1	552	131	T	0	0	131	39.587786259542
A_NA_N1	553	131	C	0	0	128	40.1171875
A_NA_N1	554	131	A	0	0	130	40.3615384615385
A_NA_N1	555	131	T	0	0	131	39.8778625954198
A_NA_N1	556	131	G	0	0	131	40.5114503816794
A_NA_N1	557	131	A	0	0	131	40.4351145038168
A_NA_N1	558	131	T	0	0	131	40.5801526717557
A_NA_N1	559	131	G	0	0	131	40.9007633587786
A_NA_N1	560	131	G	0	0	130	40.8461538461538
A_NA_N1	561	131	C	0	0	131	41
A_NA_N1	562	131	A	0	0	130	40.8461538461538
A_NA_N1	563	131	C	0	0	131	40.8320610687023
A_NA_N1	564	131	C	0	0	129	41.0387596899225
A_NA_N1	565	131	A	0	0	131	40.9160305343511
A_NA_N1	566	131	A	0	0	131	41.1526717557252
A_NA_N1	567	131	T	0	0	131	41.5190839694656
A_NA_N1	568	131	T	0	0	131	41.2748091603053
A_NA_N1	569	131	G	0	0	130	41.9846153846154
A_NA_N1	570	131	G	0	0	131	41.4580152671756
A_NA_N1	571	131	C	0	0	131	41.7786259541985
A_NA_N1	572	131	T	0	0	130	40.8230769230769
A_NA_N1	573	131	A	0	0	130	39.9769230769231
A_NA_N1	574	131	A	0	0	131	40.6412213740458
A_NA_N1	575	131	C	0	0	130	40.6461538461538
A_NA_N1	576	131	A	0	0	130	39.5307692307692
A_NA_N1	577	131	A	0	0	131	39.0992366412214
A_NA_N1	578	130	T	1	0	129	39.8914728682171
A_NA_N1	579	131	T	0	0	131	38.9083969465649
A_NA_N1	580	131	G	0	0	129	37.7054263565892
A_NA_N1	581	131	G	0	0	129	37.7984496124031
A_NA_N1	582	131	A	0	0	130	37.7384615384615
A_NA_N1	583	131	A	0	0	130	37.6384615384615
A_NA_N1	584	130	T	1	0	127	40.2283464566929
A_NA_N1	585	131	T	0	0	131	39.3129770992366
A_NA_N1	586	131	T	0	0	131	40.6564885496183
A_NA_N1	587	131	C	0	0	131	38.1374045801527
A_NA_N1	588	131	T	0	0	131	37.6793893129771
A_NA_N1	589	131	G	0	0	131	36.206106870229
A_NA_N1	590	131	G	0	0	131	35.6488549618321
A_NA_N1	591	130	C	1	0	130	36.0153846153846
A_NA_N1	592	131	C	0	0	130	37.2461538461538
A_NA_N1	593	131	C	0	0	130	38.1461538461538
A_NA_N1	594	131	A	0	0	131	37.8549618320611
A_NA_N1	595	131	G	0	0	131	38.4961832061069
A_NA_N1	596	131	A	0	0	131	38.8091603053435
A_NA_N1	597	131	C	0	0	131	39.2977099236641
A_NA_N1	598	131	A	0	0	131	38.6030534351145
A_NA_N1	599	131	A	0	0	131	39.8549618320611
A_NA_N1	600	130	T	1	0	129	40.3953488372093
A_NA_N1	601	130	G	1	0	129	40.8217054263566
A_NA_N1	602	130	G	1	0	130	41.1307692307692
A_NA_N1	603	130	G	1	0	130	41.6384615384615
A_NA_N1	604	130	G	1	0	130	40.8230769230769
A_NA_N1	605	129	C	2	0	128	41.9375
A_NA_N1	606	130	A	1	0	130	41.4
A_NA_N1	607	130	G	1	0	129	41.5968992248062
A_NA_N1	608	130	T	1	0	129	41.6511627906977
A_NA_N1	609	134	G	2	0	134	40.1865671641791
A_NA_N1	610	136	G	0	0	136	40.9338235294118
A_NA_N1	611	136	C	0	0	136	41.3897058823529
A_NA_N1	612	136	T	0	0	136	42.2352941176471
A_NA_N1	613	136	G	0	0	135	42.637037037037
A_NA_N1	614	136	T	0	0	131	42.8625954198473
A_NA_N1	615	136	G	0	0	136	42.0147058823529
A_NA_N1	616	136	T	0	0	135	41.3555555555556
A_NA_N1	617	136	T	0	0	135	39.9555555555556
A_NA_N1	618	135	A	1	0	135	39.6666666666667
A_NA_N1	619	136	A	0	0	136	40.1764705882353
A_NA_N1	620	136	A	0	0	136	40
A_NA_N1	621	136	A	0	0	135	41.8814814814815
A_NA_N1	622	136	T	0	0	136	42.4632352941176
A_NA_N1	623	136	A	0	0	136	42.3161764705882
A_NA_N1	624	136	C	0	0	136	42.3676470588235
A_NA_N1	625	136	A	0	0	136	41.0955882352941
A_NA_N1	626	136	A	0	0	136	41.7352941176471
A_NA_N1	627	136	T	0	0	136	41.6544117647059
A_NA_N1	628	136	G	0	0	136	41.5147058823529
A_NA_N1	629	136	G	0	0	136	41.5735294117647
A_NA_N1	630	136	C	0	0	135	42.5037037037037
A_NA_N1	631	136	A	0	0	136	42.125
A_NA_N1	632	136	T	0	0	136	41.7205882352941
A_NA_N1	633	136	A	0	0	136	41.9264705882353
A_NA_N1	634	136	A	0	0	136	43.1029411764706
A_NA_N1	635	136	T	0	0	135	42.362962962963
A_NA_N1	636	136	A	0	0	136	41.7867647058824
A_NA_N1	637	136	A	0	0	136	41.5588235294118
A_NA_N1	638	136	C	0	0	136	41.5955882352941
A_NA_N1	639	136	A	0	0	136	41.1691176470588
A_NA_N1	640	136	G	0	0	136	40.8382352941176
A_NA_N1	641	136	A	0	0	136	41.0147058823529
A_NA_N1	642	136	C	0	0	136	41.2794117647059
A_NA_N1	643	136	A	0	0	136	41.0514705882353
A_NA_N1	644	135	C	1	0	135	40.7185185185185
A_NA_N1	645	136	T	0	0	136	39.9044117647059
A_NA_N1	646	136	A	0	0	135	39.9925925925926
A_NA_N1	647	136	T	0	0	136	39.9264705882353
A_NA_N1	648	136	C	0	0	135	38.4148148148148
A_NA_N1	649	136	A	0	0	136	37.9264705882353
A_NA_N1	650	136	A	0	0	136	37.9191176470588
A_NA_N1	651	136	G	0	0	136	38.9044117647059
A_NA_N1	652	136	A	0	0	136	38.8308823529412
A_NA_N1	653	136	G	0	0	136	39.1764705882353
A_NA_N1	654	135	T	1	0	135	40.8148148148148
A_NA_N1	655	136	T	0	0	136	39.4044117647059
A_NA_N1	656	135	G	1	0	135	38.3777777777778
A_NA_N1	657	135	G	1	0	133	38.1729323308271
A_NA_N1	658	135	A	1	0	135	37.6888888888889
A_NA_N1	659	136	G	0	0	136	38.0294117647059
A_NA_N1	660	134	G	2	0	134	38.5298507462687
A_NA_N1	661	133	A	3	0	133	38.7518796992481
A_NA_N1	662	135	A	1	0	135	38.3777777777778
A_NA_N1	663	136	C	0	0	136	39.3897058823529
A_NA_N1	664	135	A	1	0	135	39.5555555555556
A_NA_N1	665	136	A	0	0	133	39.3533834586466
A_NA_N1	666	136	G	0	0	135	39.9703703703704
A_NA_N1	667	136	A	0	0	136	39.5147058823529
A_NA_N1	668	136	T	0	0	136	38.875
A_NA_N1	669	136	A	0	0	135	38.2444444444444
A_NA_N1	670	135	T	1	0	135	38.4592592592593
A_NA_N1	671	135	T	1	0	135	39.2074074074074
A_NA_N1	672	135	G	1	0	135	38.1703703703704
A_NA_N1	673	136	A	0	0	135	38.2888888888889
A_NA_N1	674	136	G	0	0	135	39.1259259259259
A_NA_N1	675	136	A	0	0	135	40.2962962962963
A_NA_N1	676	135	A	1	0	135	40.362962962963
A_NA_N1	677	135	C	1	0	135	40.6666666666667
A_NA_N1	678	136	A	0	0	136	39.9117647058824
A_NA_N1	679	135	C	0	0	134	41.3880597014925
A_NA_N1	680	134	A	1	0	134	41.0522388059701
A_NA_N1	681	135	A	0	0	135	41.0740740740741
A_NA_N1	682	135	G	0	0	135	40.2148148148148
A_NA_N1	683	135	A	0	0	135	40.837037037037
A_NA_N1	684	135	G	0	0	135	40.6814814814815
A_NA_N1	685	135	T	0	0	135	41.3703703703704
A_NA_N1	686	135	C	0	0	135	40.6962962962963
A_NA_N1	687	135	T	0	0	135	42.0148148148148
A_NA_N1	688	135	G	0	0	135	41.5925925925926
A_NA_N1	689	135	A	0	0	135	42.637037037037
A_NA_N1	690	135	A	0	0	135	42.5925925925926
A_NA_N1	691	135	T	0	0	135	42.8222222222222
A_NA_N1	692	135	G	0	0	135	43.2666666666667
A_NA_N1	693	135	T	0	0	135	42.9185185185185
A_NA_N1	694	135	G	0	0	135	42.4962962962963
A_NA_N1	695	135	C	0	0	134	41.6641791044776
A_NA_N1	696	135	A	0	0	134	40.8358208955224
A_NA_N1	697	135	T	0	0	135	41.1111111111111
A_NA_N1	698	135	G	0	0	135	40.6888888888889
A_NA_N1	699	135	T	0	0	135	40.9851851851852
A_NA_N1	700	135	G	0	0	135	41.3777777777778
A_NA_N1	701	135	T	0	0	135	41.4962962962963
A_NA_N1	702	135	A	0	0	135	40.1925925925926
A_NA_N1	703	135	A	0	0	135	41.0962962962963
A_NA_N1	704	135	A	0	0	135	41.0814814814815
A_NA_N1	705	135	T	0	0	135	41.3037037037037
A_NA_N1	706	135	G	0	0	134	42.1940298507463
A_NA_N1	707	135	G	0	0	133	42.0977443609023
A_NA_N1	708	135	T	0	0	135	42.1037037037037
A_NA_N1	709	135	T	0	0	134	41
A_NA_N1	710	135	C	0	0	133	40.2781954887218
A_NA_N1	711	135	T	0	0	133	39.4887218045113
A_NA_N1	712	134	T	1	0	134	39.8134328358209
A_NA_N1	713	134	G	1	0	134	39.6641791044776
A_NA_N1	714	135	C	0	0	135	39.7851851851852
A_NA_N1	715	134	T	1	0	134	40.3880597014925
A_NA_N1	716	134	T	1	0	134	39.6417910447761
A_NA_N1	717	133	T	2	0	133	40.1428571428571
A_NA_N1	718	133	A	2	0	132	38.6969696969697
A_NA_N1	719	134	C	1	0	133	39.7443609022556
A_NA_N1	720	135	C	0	0	134	39.1791044776119
A_NA_N1	721	135	A	0	0	135	39.8592592592593
A_NA_N1	722	135	T	0	0	135	40.7037037037037
A_NA_N1	723	135	A	0	0	135	40.3925925925926
A_NA_N1	724	135	A	0	0	135	40.8592592592593
A_NA_N1	725	135	T	0	0	135	41.1851851851852
A_NA_N1	726	135	G	0	0	135	40.1703703703704
A_NA_N1	727	135	A	0	0	135	39.9259259259259
A_NA_N1	728	135	C	0	0	135	41.4814814814815
A_NA_N1	729	135	C	0	0	135	40.0888888888889
A_NA_N1	730	135	G	0	0	132	39.9015151515151
A_NA_N1	731	135	A	0	0	135	39.637037037037
A_NA_N1	732	135	T	0	0	135	39.0962962962963
A_NA_N1	733	135	G	0	0	135	37.9185185185185
A_NA_N1	734	135	G	0	0	135	39.5555555555556
A_NA_N1	735	134	A	1	0	134	41.910447761194
A_NA_N1	736	134	C	1	0	133	41.8421052631579
A_NA_N1	737	134	C	1	0	134	41.1791044776119
A_NA_N1	738	134	A	1	0	134	40.4253731343284
A_NA_N1	739	134	A	1	0	133	40.6390977443609
A_NA_N1	740	134	G	1	0	133	40.5488721804511
A_NA_N1	741	134	T	1	0	133	40.9398496240602
A_NA_N1	742	134	G	1	0	134	40.5970149253731
A_NA_N1	743	135	A	0	0	135	40.6444444444444
A_NA_N1	744	134	T	1	0	133	42.0827067669173
A_NA_N1	745	135	G	0	0	135	41.1777777777778
A_NA_N1	746	135	G	0	0	132	42.6439393939394
A_NA_N1	747	135	A	0	0	135	41.5037037037037
A_NA_N1	748	135	C	0	0	132	41.7575757575758
A_NA_N1	749	134	A	1	0	134	40.9402985074627
A_NA_N1	750	133	G	2	0	132	40.9469696969697
A_NA_N1	751	134	G	1	0	134	39.865671641791
A_NA_N1	752	135	C	0	0	135	38.8666666666667
A_NA_N1	753	135	C	0	0	133	40.1203007518797
A_NA_N1	754	135	T	0	0	135	39.7925925925926
A_NA_N1	755	135	C	0	0	135	40.3481481481481
A_NA_N1	756	135	A	0	0	135	39.6814814814815
A_NA_N1	757	135	T	0	0	135	39.1925925925926
A_NA_N1	758	133	A	2	0	133	39.6691729323308
A_NA_N1	759	135	C	0	0	135	39.1259259259259
A_NA_N1	760	135	A	0	0	135	39.1111111111111
A_NA_N1	761	135	A	0	0	135	39.6222222222222
A_NA_N1	762	135	A	0	0	135	39.7407407407407
A_NA_N1	763	135	A	0	0	134	40.7761194029851
A_NA_N1	764	135	T	0	0	135	41.4444444444444
A_NA_N1	765	135	C	0	0	134	39.9477611940299
A_NA_N1	766	135	T	0	0	135	40.0074074074074
A_NA_N1	767	135	T	0	0	135	38.8888888888889
A_NA_N1	768	135	C	0	0	135	37.0962962962963
A_NA_N1	769	135	A	0	0	135	35.437037037037
A_NA_N1	770	135	G	0	0	134	38.2611940298507
A_NA_N1	771	133	A	2	0	133	38.0751879699248
A_NA_N1	772	135	A	0	0	135	36.8962962962963
A_NA_N1	773	135	T	0	0	133	38.5112781954887
A_NA_N1	774	134	A	1	0	134	37.7388059701493
A_NA_N1	775	132	G	3	0	132	38.3712121212121
A_NA_N1	776	135	A	0	0	134	38.5820895522388
A_NA_N1	777	135	G	0	0	135	38.9111111111111
A_NA_N1	778	134	A	1	0	134	40.0298507462687
A_NA_N1	779	135	A	0	0	135	41.2592592592593
A_NA_N1	780	135	G	0	0	135	40.562962962963
A_NA_N1	781	135	G	0	0	135	40.2
A_NA_N1	782	135	G	0	0	134	39.8432835820896
A_NA_N1	783	135	A	0	0	133	40.4210526315789
A_NA_N1	784	135	A	0	0	134	41.8134328358209
A_NA_N1	785	135	A	0	0	135	42.2888888888889
A_NA_N1	786	135	G	0	0	134	41.5
A_NA_N1	787	134	A	1	0	134	41.5597014925373
A_NA_N1	788	133	T	2	0	133	41.8947368421053
A_NA_N1	789	134	A	1	0	134	40.134328358209
A_NA_N1	790	134	A	1	0	134	41.0597014925373
A_NA_N1	791	135	T	0	0	134	40.365671641791
A_NA_N1	792	135	C	0	0	135	39.8222222222222
A_NA_N1	793	135	A	0	0	135	39.7925925925926
A_NA_N1	794	135	A	0	0	135	40.5037037037037
A_NA_N1	795	135	A	0	0	135	40.2888888888889
A_NA_N1	796	135	T	0	0	135	39.7407407407407
A_NA_N1	797	135	C	0	0	135	39.3703703703704
A_NA_N1	798	135	A	0	0	135	39.9481481481481
A_NA_N1	799	135	G	0	0	135	38.5037037037037
A_NA_N1	800	135	T	0	0	135	39.3185185185185
A_NA_N1	801	135	T	0	0	134	39.2089552238806
A_NA_N1	802	135	G	0	0	135	38.7333333333333
A_NA_N1	803	135	A	0	0	135	38.7925925925926
A_NA_N1	804	135	A	0	0	134	39.5671641791045
A_NA_N1	805	135	A	0	0	135	39.9333333333333
A_NA_N1	806	135	T	0	0	135	39.6444444444444
A_NA_N1	807	135	G	0	0	135	40.7777777777778
A_NA_N1	808	135	A	0	0	135	41.0666666666667
A_NA_N1	809	135	A	0	0	135	41.1333333333333
A_NA_N1	810	135	G	0	0	135	41.2888888888889
A_NA_N1	811	134	G	1	0	134	41.3955223880597
A_NA_N1	812	134	C	1	0	134	39.7537313432836
A_NA_N1	813	134	C	1	0	134	39.2611940298507
A_NA_N1	814	134	C	1	0	134	39.2761194029851
A_NA_N1	815	134	C	1	0	134	38.7910447761194
A_NA_N1	816	135	T	0	0	134	38.8507462686567
A_NA_N1	817	135	A	0	0	134	38.5970149253731
A_NA_N1	818	135	A	0	0	135	39.5925925925926
A_NA_N1	819	134	T	1	0	134	39.8582089552239
A_NA_N1	820	135	T	0	0	135	41.3777777777778
A_NA_N1	821	135	A	0	0	135	41.2666666666667
A_NA_N1	822	135	T	0	0	135	41.6296296296296
A_NA_N1	823	135	C	0	0	134	40.6567164179104
A_NA_N1	824	135	A	0	0	134	41.134328358209
A_NA_N1	825	135	C	0	0	135	39.837037037037
A_NA_N1	826	135	T	0	0	135	40.0074074074074
A_NA_N1	827	135	A	0	0	134	39.6716417910448
A_NA_N1	828	135	T	0	0	135	39.6518518518519
A_NA_N1	829	135	G	0	0	135	38.5185185185185
A_NA_N1	830	135	A	0	0	133	39.5488721804511
A_NA_N1	831	135	A	0	0	135	39.5703703703704
A_NA_N1	832	135	G	0	0	134	40.1268656716418
A_NA_N1	833	134	A	1	0	133	40.6541353383459
A_NA_N1	834	135	A	0	0	134	40.455223880597
A_NA_N1	835	135	T	0	0	135	40.0666666666667
A_NA_N1	836	135	G	0	0	133	40.1578947368421
A_NA_N1	837	133	C	2	0	132	41.0833333333333
A_NA_N1	838	135	T	0	0	135	40.6296296296296
A_NA_N1	839	135	C	0	0	135	39.3481481481481
A_NA_N1	840	134	C	1	0	133	39.0751879699248
A_NA_N1	841	133	T	2	0	132	40.75
A_NA_N1	842	134	G	1	0	134	40.1567164179104
A_NA_N1	843	134	T	1	0	133	40.2255639097744
A_NA_N1	844	135	T	0	0	133	40.9699248120301
A_NA_N1	845	135	A	0	0	134	39.7611940298507
A_NA_N1	846	134	C	1	0	133	40.2105263157895
A_NA_N1	847	135	C	0	0	135	40.5185185185185
A_NA_N1	848	134	C	1	0	134	40.9477611940299
A_NA_N1	849	134	T	1	0	134	40.589552238806
A_NA_N1	850	134	G	1	0	133	41.8345864661654
A_NA_N1	851	135	A	0	0	135	41.037037037037
A_NA_N1	852	135	T	0	0	132	42.0378787878788
A_NA_N1	853	135	T	0	0	134	42.1791044776119
A_NA_N1	854	135	C	0	0	133	41.9924812030075
A_NA_N1	855	135	T	0	0	134	42.089552238806
A_NA_N1	856	135	A	0	0	134	39.8955223880597
A_NA_N1	857	135	G	0	0	135	39.2296296296296
A_NA_N1	858	135	T	0	0	135	39.1111111111111
A_NA_N1	859	135	G	0	0	135	38.6888888888889
A_NA_N1	860	135	A	0	0	135	39.1555555555556
A_NA_N1	861	135	A	0	0	135	40.3407407407407
A_NA_N1	862	135	A	0	0	135	40.8666666666667
A_NA_N1	863	135	T	0	0	135	41.9111111111111
A_NA_N1	864	135	C	0	0	135	40.3851851851852
A_NA_N1	865	135	A	0	0	135	40.3037037037037
A_NA_N1	866	135	C	0	0	135	39.2
A_NA_N1	867	135	A	0	0	135	37.7407407407407
A_NA_N1	868	135	T	0	0	135	38.5185185185185
A_NA_N1	869	135	G	0	0	135	39
A_NA_N1	870	135	T	0	0	135	39
A_NA_N1	871	135	G	0	0	135	40.8296296296296
A_NA_N1	872	135	T	0	0	135	41.0222222222222
A_NA_N1	873	135	G	0	0	135	41.1407407407407
A_NA_N1	874	135	T	0	0	135	40.8444444444444
A_NA_N1	875	139	G	0	0	139	40.158273381295
A_NA_N1	876	140	C	0	0	140	39.75
A_NA_N1	877	140	A	0	0	140	39.4428571428571
A_NA_N1	878	140	G	0	0	140	39.85
A_NA_N1	879	140	G	0	0	140	40.0714285714286
A_NA_N1	880	140	G	0	0	140	40.55
A_NA_N1	881	140	A	0	0	140	39.8571428571429
A_NA_N1	882	140	T	0	0	140	39.1714285714286
A_NA_N1	883	140	A	0	0	139	37.6402877697842
A_NA_N1	884	140	A	0	0	140	37.1714285714286
A_NA_N1	885	140	T	0	0	140	37.6428571428571
A_NA_N1	886	140	T	0	0	140	37.0071428571429
A_NA_N1	887	140	G	0	0	139	38.1798561151079
A_NA_N1	888	140	G	0	0	140	37.2714285714286
A_NA_N1	889	140	C	0	0	140	37.7285714285714
A_NA_N1	890	140	A	0	0	140	37.0928571428571
A_NA_N1	891	140	T	0	0	140	37.4142857142857
A_NA_N1	892	139	G	1	0	139	37.8920863309352
A_NA_N1	893	140	G	0	0	140	39.5428571428571
A_NA_N1	894	140	C	0	0	139	38.6978417266187
A_NA_N1	895	140	T	0	0	138	38.804347826087
A_NA_N1	896	140	C	0	0	137	35.5985401459854
A_NA_N1	897	140	G	0	0	140	33.5928571428571
A_NA_N1	898	140	A	0	0	140	34.5071428571429
A_NA_N1	899	140	A	0	0	140	34.9785714285714
A_NA_N1	900	138	T	1	0	138	36.1376811594203
A_NA_N1	901	138	C	1	0	137	36.3138686131387
A_NA_N1	902	139	G	0	0	134	38.0671641791045
A_NA_N1	903	139	A	0	0	139	38.1654676258993
A_NA_N1	904	139	C	0	0	139	37.6115107913669
A_NA_N1	905	139	C	0	0	137	38.043795620438
A_NA_N1	906	139	T	0	0	138	38.1449275362319
A_NA_N1	907	139	T	0	0	139	39.1438848920863
A_NA_N1	908	139	G	0	0	139	37.2589928057554
A_NA_N1	909	139	G	0	0	139	37.5179856115108
A_NA_N1	910	139	G	0	0	139	37.4244604316547
A_NA_N1	911	139	T	0	0	136	37.7132352941176
A_NA_N1	912	139	G	0	0	139	38.3165467625899
A_NA_N1	913	138	T	1	0	138	41.0144927536232
A_NA_N1	914	138	C	1	0	138	39.3260869565217
A_NA_N1	915	139	T	0	0	138	40.8333333333333
A_NA_N1	916	139	T	0	0	139	40.0575539568345
A_NA_N1	917	139	T	0	0	139	39.1654676258993
A_NA_N1	918	139	C	0	0	139	37.8920863309352
A_NA_N1	919	138	A	1	0	138	37.6231884057971
A_NA_N1	920	139	A	0	0	139	38.1726618705036
A_NA_N1	921	139	C	0	0	139	38.7913669064748
A_NA_N1	922	138	C	1	0	137	40.2116788321168
A_NA_N1	923	138	A	1	0	138	41.2971014492754
A_NA_N1	924	138	G	1	0	138	41.036231884058
A_NA_N1	925	139	A	0	0	139	41.3381294964029
A_NA_N1	926	139	A	0	0	139	41.5395683453237
A_NA_N1	927	139	T	0	0	139	40.7913669064748
A_NA_N1	928	139	C	0	0	139	40.4388489208633
A_NA_N1	929	139	T	0	0	139	40.7985611510791
A_NA_N1	930	139	G	0	0	139	37.8201438848921
A_NA_N1	931	139	G	0	0	139	36.7697841726619
A_NA_N1	932	139	A	0	0	139	37.3884892086331
A_NA_N1	933	139	A	0	0	137	38.7956204379562
A_NA_N1	934	139	T	0	0	139	39.410071942446
A_NA_N1	935	139	A	0	0	139	41.3093525179856
A_NA_N1	936	139	T	0	0	139	41.9640287769784
A_NA_N1	937	139	C	0	0	139	41.136690647482
A_NA_N1	938	139	A	0	0	138	39.9202898550725
A_NA_N1	939	139	G	0	0	139	38.8848920863309
A_NA_N1	940	139	A	0	0	139	38.6690647482014
A_NA_N1	941	139	T	0	0	139	39.6474820143885
A_NA_N1	942	138	G	1	0	138	39.0217391304348
A_NA_N1	943	139	G	0	0	139	41.6258992805755
A_NA_N1	944	139	G	0	0	138	41.6521739130435
A_NA_N1	945	139	A	0	0	138	41.0797101449275
A_NA_N1	946	139	T	0	0	138	40.2101449275362
A_NA_N1	947	139	A	0	0	139	39.0647482014388
A_NA_N1	948	139	C	0	0	139	39.5035971223022
A_NA_N1	949	139	A	0	0	139	38.8920863309352
A_NA_N1	950	139	T	0	0	139	39.0719424460432
A_NA_N1	951	139	A	0	0	139	38.3741007194245
A_NA_N1	952	139	T	0	0	139	37.6690647482014
A_NA_N1	953	139	G	0	0	139	36.4244604316547
A_NA_N1	954	139	C	0	0	139	36.3093525179856
A_NA_N1	955	139	A	0	0	139	35.136690647482
A_NA_N1	956	139	G	0	0	139	35.5971223021583
A_NA_N1	957	139	T	0	0	139	37.3021582733813
A_NA_N1	958	139	G	0	0	139	35.8201438848921
A_NA_N1	959	139	G	0	0	139	36.8489208633094
A_NA_N1	960	139	G	0	0	137	37.6569343065693
A_NA_N1	961	139	G	0	0	136	37.3308823529412
A_NA_N1	962	139	T	0	0	139	36.9424460431655
A_NA_N1	963	139	T	0	0	138	37.4492753623188
A_NA_N1	964	139	T	0	0	139	37.726618705036
A_NA_N1	965	138	T	1	0	136	36.3823529411765
A_NA_N1	966	135	C	4	0	132	35.0378787878788
A_NA_N1	967	137	G	2	0	136	33.2720588235294
A_NA_N1	968	138	G	1	0	136	33.6470588235294
A_NA_N1	969	138	A	1	0	138	33.6086956521739
A_NA_N1	970	138	G	1	0	137	34.2481751824818
A_NA_N1	971	138	A	1	0	138	37.5797101449275
A_NA_N1	972	135	C	4	0	134	38.8880597014925
A_NA_N1	973	139	A	0	0	138	38.0942028985507
A_NA_N1	974	139	A	0	0	138	38.2608695652174
A_NA_N1	975	139	T	0	0	139	39.136690647482
A_NA_N1	976	139	C	0	0	139	39.8705035971223
A_NA_N1	977	139	C	0	0	139	40.5323741007194
A_NA_N1	978	139	A	0	0	139	40.4244604316547
A_NA_N1	979	139	C	0	0	139	39.5827338129496
A_NA_N1	980	139	G	0	0	138	38.9275362318841
A_NA_N1	981	139	C	0	0	139	39.1870503597122
A_NA_N1	982	139	C	0	0	139	38.9496402877698
A_NA_N1	983	139	C	0	0	139	39.1079136690648
A_NA_N1	984	139	T	0	0	138	39.8623188405797
A_NA_N1	985	139	A	0	0	139	39.6690647482014
A_NA_N1	986	139	A	0	0	139	40.0215827338129
A_NA_N1	987	139	T	0	0	138	39.5724637681159
A_NA_N1	988	139	G	0	0	138	39.9855072463768
A_NA_N1	989	139	A	0	0	139	39.8848920863309
A_NA_N1	990	139	T	0	0	139	40.1870503597122
A_NA_N1	991	139	A	0	0	136	39.4411764705882
A_NA_N1	992	139	A	0	0	139	40.3597122302158
A_NA_N1	993	139	G	0	0	138	40.8768115942029
A_NA_N1	994	139	A	0	0	139	40.3812949640288
A_NA_N1	995	138	C	1	0	138	40.8260869565217
A_NA_N1	996	138	A	1	0	138	40.6666666666667
A_NA_N1	997	138	G	1	0	138	39.9565217391304
A_NA_N1	998	139	G	0	0	139	39.9424460431655
A_NA_N1	999	139	C	0	0	139	38.8848920863309
A_NA_N1	1000	139	A	0	0	139	38.8776978417266
A_NA_N1	1001	139	G	0	0	139	39.2661870503597
A_NA_N1	1002	139	T	0	0	139	37.9856115107914
A_NA_N1	1003	139	T	0	0	139	37.4820143884892
A_NA_N1	1004	139	G	0	0	139	38.0071942446043
A_NA_N1	1005	139	T	0	0	139	38.158273381295
A_NA_N1	1006	139	G	0	0	136	37.2573529411765
A_NA_N1	1007	139	G	0	0	139	37.6258992805755
A_NA_N1	1008	139	T	0	0	139	38.410071942446
A_NA_N1	1009	138	C	1	0	138	38.2028985507246
A_NA_N1	1010	139	C	0	0	138	39.0289855072464
A_NA_N1	1011	139	A	0	0	138	40.2898550724638
A_NA_N1	1012	138	G	1	0	136	39.9191176470588
A_NA_N1	1013	138	T	1	0	138	39.1014492753623
A_NA_N1	1014	139	A	0	0	138	39.7608695652174
A_NA_N1	1015	139	T	0	0	139	40.4172661870504
A_NA_N1	1016	139	C	0	0	135	39.3925925925926
A_NA_N1	1017	139	G	0	0	139	38
A_NA_N1	1018	138	T	1	0	138	38.1086956521739
A_NA_N1	1019	138	C	1	0	137	38.8175182481752
A_NA_N1	1020	139	T	0	0	138	38.3550724637681
A_NA_N1	1021	139	A	0	0	139	39.9856115107914
A_NA_N1	1022	139	A	0	0	139	39.5539568345324
A_NA_N1	1023	139	T	0	0	138	40.6304347826087
A_NA_N1	1024	139	G	0	0	138	40.4347826086956
A_NA_N1	1025	139	G	0	0	139	39.5971223021583
A_NA_N1	1026	139	A	0	0	139	39.1510791366906
A_NA_N1	1027	139	G	0	0	139	38.6978417266187
A_NA_N1	1028	139	C	0	0	139	41.4964028776978
A_NA_N1	1029	139	A	0	0	139	40.6187050359712
A_NA_N1	1030	139	A	0	0	139	39.7553956834532
A_NA_N1	1031	139	A	0	0	139	41.2014388489209
A_NA_N1	1032	139	T	0	0	139	41.1294964028777
A_NA_N1	1033	138	G	1	0	138	40.5797101449275
A_NA_N1	1034	139	G	0	0	139	40.7194244604317
A_NA_N1	1035	139	G	0	0	137	40.7080291970803
A_NA_N1	1036	139	G	0	0	139	40.5035971223022
A_NA_N1	1037	139	T	0	0	139	40.6258992805755
A_NA_N1	1038	138	A	1	0	138	40.463768115942
A_NA_N1	1039	139	A	0	0	139	40.5179856115108
A_NA_N1	1040	139	A	0	0	138	40.1304347826087
A_NA_N1	1041	139	G	0	0	138	40.1449275362319
A_NA_N1	1042	139	G	0	0	139	39.7482014388489
A_NA_N1	1043	138	G	1	0	138	39.3478260869565
A_NA_N1	1044	138	A	1	0	138	38.3695652173913
A_NA_N1	1045	137	T	2	0	136	37.8235294117647
A_NA_N1	1046	139	T	0	0	138	37.5579710144928
A_NA_N1	1047	138	T	0	0	138	38.7608695652174
A_NA_N1	1048	138	T	0	0	137	39.4379562043796
A_NA_N1	1049	138	C	0	0	136	39.0147058823529
A_NA_N1	1050	138	A	0	0	138	39.3478260869565
A_NA_N1	1051	138	T	0	0	136	40.1323529411765
A_NA_N1	1052	138	T	0	0	137	39.8686131386861
A_NA_N1	1053	138	C	0	0	138	39.2101449275362
A_NA_N1	1054	138	A	0	0	137	39.9416058394161
A_NA_N1	1055	138	A	0	0	138	40.4492753623188
A_NA_N1	1056	138	A	0	0	138	40.4565217391304
A_NA_N1	1057	138	T	0	0	138	40.3840579710145
A_NA_N1	1058	138	A	0	0	138	39.8913043478261
A_NA_N1	1059	138	C	0	0	138	39.6884057971015
A_NA_N1	1060	139	G	0	0	139	38.3525179856115
A_NA_N1	1061	139	G	0	0	139	37.4244604316547
A_NA_N1	1062	139	C	0	0	139	37.2661870503597
A_NA_N1	1063	139	A	0	0	139	37.3812949640288
A_NA_N1	1064	139	A	0	0	139	37.7553956834532
A_NA_N1	1065	139	T	0	0	138	39.4275362318841
A_NA_N1	1066	139	G	0	0	139	36.9784172661871
A_NA_N1	1067	139	G	0	0	138	37
A_NA_N1	1068	139	T	0	0	139	38.3093525179856
A_NA_N1	1069	138	G	1	0	138	38.768115942029
A_NA_N1	1070	139	T	0	0	138	38.5942028985507
A_NA_N1	1071	139	T	0	0	139	37.5467625899281
A_NA_N1	1072	139	T	0	0	139	38.0071942446043
A_NA_N1	1073	139	G	0	0	138	37.5507246376812
A_NA_N1	1074	139	G	0	0	138	36.5434782608696
A_NA_N1	1075	139	A	0	0	139	34.9928057553957
A_NA_N1	1076	139	T	0	0	139	34.9856115107914
A_NA_N1	1077	139	A	0	0	139	34.8561151079137
A_NA_N1	1078	139	G	0	0	139	37.4892086330935
A_NA_N1	1079	139	G	0	0	139	38.0287769784173
A_NA_N1	1080	139	G	0	0	138	36.8840579710145
A_NA_N1	1081	139	A	0	0	139	38.3021582733813
A_NA_N1	1082	139	G	0	0	139	39.2230215827338
A_NA_N1	1083	139	G	0	0	138	37.6521739130435
A_NA_N1	1084	139	A	0	0	139	35.8848920863309
A_NA_N1	1085	138	C	1	0	135	35.5333333333333
A_NA_N1	1086	139	T	0	0	134	35.2537313432836
A_NA_N1	1087	135	A	4	0	133	35.1578947368421
A_NA_N1	1088	139	A	0	0	139	34.8129496402878
A_NA_N1	1089	139	G	0	0	137	33.7299270072993
A_NA_N1	1090	139	A	0	0	139	35.5827338129496
A_NA_N1	1091	139	G	0	0	139	36.9712230215827
A_NA_N1	1092	139	C	0	0	137	40.3722627737226
A_NA_N1	1093	139	A	0	0	138	39.1014492753623
A_NA_N1	1094	139	T	0	0	139	40.8057553956835
A_NA_N1	1095	139	T	0	0	138	40.3840579710145
A_NA_N1	1096	139	A	0	0	139	38.4172661870504
A_NA_N1	1097	139	G	0	0	139	39.3309352517986
A_NA_N1	1098	139	T	0	0	139	39.7625899280576
A_NA_N1	1099	139	T	0	0	139	39.9568345323741
A_NA_N1	1100	138	C	0	0	137	38.3430656934307
A_NA_N1	1101	138	A	0	0	138	38.2391304347826
A_NA_N1	1102	138	A	0	0	138	37.8550724637681
A_NA_N1	1103	137	G	1	0	137	37.6642335766423
A_NA_N1	1104	138	A	0	0	138	38.1811594202899
A_NA_N1	1105	138	A	0	0	138	39.1231884057971
A_NA_N1	1106	138	A	0	0	138	40.5289855072464
A_NA_N1	1107	138	A	0	0	138	40.5217391304348
A_NA_N1	1108	138	G	0	0	137	40.6934306569343
A_NA_N1	1109	138	G	0	0	138	40.3188405797101
A_NA_N1	1110	138	T	0	0	138	38.9710144927536
A_NA_N1	1111	138	T	0	0	138	38.7753623188406
A_NA_N1	1112	138	T	0	0	138	40.2463768115942
A_NA_N1	1113	138	T	0	0	138	40.0434782608696
A_NA_N1	1114	138	G	0	0	138	40.1666666666667
A_NA_N1	1115	138	A	0	0	138	40.8478260869565
A_NA_N1	1116	137	G	1	0	137	39.7226277372263
A_NA_N1	1117	138	A	0	0	137	39.5328467153285
A_NA_N1	1118	138	T	0	0	137	39.7299270072993
A_NA_N1	1119	138	G	0	0	136	39.2058823529412
A_NA_N1	1120	138	A	0	0	138	37.8405797101449
A_NA_N1	1121	137	T	1	0	137	38.6350364963504
A_NA_N1	1122	138	T	0	0	138	38.6376811594203
A_NA_N1	1123	138	T	0	0	138	37.6884057971015
A_NA_N1	1124	137	G	1	0	136	36.6911764705882
A_NA_N1	1125	138	G	0	0	137	36.9197080291971
A_NA_N1	1126	138	G	0	0	137	36.7883211678832
A_NA_N1	1127	138	A	0	0	138	36.5942028985507
A_NA_N1	1128	138	T	0	0	138	36.731884057971
A_NA_N1	1129	138	C	0	0	137	35.8321167883212
A_NA_N1	1130	138	C	0	0	138	35.1231884057971
A_NA_N1	1131	136	G	2	0	136	34.3970588235294
A_NA_N1	1132	137	A	1	0	137	33.970802919708
A_NA_N1	1133	137	A	1	0	135	33.2222222222222
A_NA_N1	1134	138	T	0	0	138	34.0144927536232
A_NA_N1	1135	138	G	0	0	138	33.4782608695652
A_NA_N1	1136	138	G	0	0	137	35.0948905109489
A_NA_N1	1137	138	A	0	0	138	35.2971014492754
A_NA_N1	1138	138	T	0	0	137	35.9124087591241
A_NA_N1	1139	138	G	0	0	137	34.963503649635
A_NA_N1	1140	138	G	0	0	138	35.1739130434783
A_NA_N1	1141	138	A	0	0	137	36.1532846715328
A_NA_N1	1142	138	C	0	0	138	35.6449275362319
A_NA_N1	1143	138	T	0	0	138	35.8623188405797
A_NA_N1	1144	134	G	4	0	134	35.2985074626866
A_NA_N1	1145	138	G	0	0	138	36.1304347826087
A_NA_N1	1146	138	G	0	0	138	36.3260869565217
A_NA_N1	1147	138	A	0	0	138	38.1594202898551
A_NA_N1	1148	138	C	0	0	138	38.4492753623188
A_NA_N1	1149	135	T	3	0	134	38.865671641791
A_NA_N1	1150	138	G	0	0	136	37.8529411764706
A_NA_N1	1151	138	A	0	0	138	37.7608695652174
A_NA_N1	1152	138	C	0	0	136	38.6911764705882
A_NA_N1	1153	138	A	0	0	137	38.3576642335766
A_NA_N1	1154	138	A	0	0	137	39.4744525547445
A_NA_N1	1155	138	T	0	0	136	40.0073529411765
A_NA_N1	1156	138	A	0	0	138	39.5724637681159
A_NA_N1	1157	138	A	0	0	137	39.1897810218978
A_NA_N1	1158	138	A	0	0	138	39.6159420289855
A_NA_N1	1159	138	T	0	0	137	38.6423357664234
A_NA_N1	1160	138	T	0	0	137	39.5547445255474
A_NA_N1	1161	138	C	0	0	138	39.1811594202899
A_NA_N1	1162	138	T	0	0	137	40.014598540146
A_NA_N1	1163	138	C	0	0	137	38.2189781021898
A_NA_N1	1164	134	A	4	0	134	35.9626865671642
A_NA_N1	1165	138	A	0	0	138	36.8623188405797
A_NA_N1	1166	138	A	0	0	138	37.0072463768116
A_NA_N1	1167	138	A	0	0	138	37.4782608695652
A_NA_N1	1168	138	A	0	0	138	42.5144927536232
A_NA_N1	1169	138	A	0	0	137	42.6058394160584
A_NA_N1	1170	138	G	0	0	138	41.2173913043478
A_NA_N1	1171	138	C	0	0	138	40.268115942029
A_NA_N1	1172	138	A	0	0	138	39.5869565217391
A_NA_N1	1173	138	A	0	0	138	38.8840579710145
A_NA_N1	1174	138	G	0	0	137	39.0583941605839
A_NA_N1	1175	138	A	0	0	138	39.1449275362319
A_NA_N1	1176	140	T	0	0	139	40.7194244604317
A_NA_N1	1177	140	A	0	0	140	38.0642857142857
A_NA_N1	1178	140	T	0	0	139	39.5467625899281
A_NA_N1	1179	140	T	0	0	140	39.2928571428571
A_NA_N1	1180	140	G	0	0	140	38.9214285714286
A_NA_N1	1181	140	T	0	0	140	38.3928571428571
A_NA_N1	1182	140	A	0	0	140	37.5357142857143
A_NA_N1	1183	140	G	0	0	140	38.5571428571429
A_NA_N1	1184	140	G	0	0	140	38.25
A_NA_N1	1185	140	G	0	0	139	38.8561151079137
A_NA_N1	1186	140	A	0	0	140	39.8714285714286
A_NA_N1	1187	139	T	1	0	139	40.7985611510791
A_NA_N1	1188	140	A	0	0	140	39.3714285714286
A_NA_N1	1189	140	A	0	0	140	40.0428571428571
A_NA_N1	1190	140	A	0	0	140	41.0428571428571
A_NA_N1	1191	140	T	0	0	140	41.3571428571429
A_NA_N1	1192	140	G	0	0	139	37.8920863309352
A_NA_N1	1193	140	A	0	0	139	38.0503597122302
A_NA_N1	1194	140	G	0	0	140	37.2928571428571
A_NA_N1	1195	140	T	0	0	140	36.6071428571429
A_NA_N1	1196	140	G	0	0	140	35.6
A_NA_N1	1197	140	G	0	0	140	38.8357142857143
A_NA_N1	1198	140	T	0	0	140	38.5571428571429
A_NA_N1	1199	140	C	0	0	140	37.4214285714286
A_NA_N1	1200	140	A	0	0	140	38.4
A_NA_N1	1201	140	G	0	0	140	39.1928571428571
A_NA_N1	1202	140	G	0	0	140	39.1142857142857
A_NA_N1	1203	140	A	0	0	140	40.6642857142857
A_NA_N1	1204	140	T	0	0	140	40.5571428571429
A_NA_N1	1205	140	A	0	0	140	40.2714285714286
A_NA_N1	1206	140	T	0	0	140	40.3571428571429
A_NA_N1	1207	140	A	0	0	139	38.5251798561151
A_NA_N1	1208	140	G	0	0	140	38.0071428571429
A_NA_N1	1209	140	C	0	0	140	37.9714285714286
A_NA_N1	1210	139	G	1	0	138	37.1159420289855
A_NA_N1	1211	140	G	0	0	140	36.5357142857143
A_NA_N1	1212	140	G	0	0	140	37.4642857142857
A_NA_N1	1213	140	A	0	0	140	39.45
A_NA_N1	1214	140	G	0	0	140	40.5142857142857
A_NA_N1	1215	140	T	0	0	140	41.7071428571429
A_NA_N1	1216	140	T	0	0	140	42.0785714285714
A_NA_N1	1217	140	T	0	0	140	42.1428571428571
A_NA_N1	1218	139	T	1	0	139	41.9856115107914
A_NA_N1	1219	139	G	1	0	139	40.0719424460432
A_NA_N1	1220	139	T	1	0	138	40.0942028985507
A_NA_N1	1221	140	T	0	0	138	38.804347826087
A_NA_N1	1222	140	C	0	0	140	33.85
A_NA_N1	1223	140	A	0	0	139	33.8057553956835
A_NA_N1	1224	139	G	1	0	138	36.8115942028985
A_NA_N1	1225	140	C	0	0	139	38.273381294964
A_NA_N1	1226	140	A	0	0	140	38.7928571428571
A_NA_N1	1227	140	T	0	0	140	40.6
A_NA_N1	1228	140	C	0	0	139	40.589928057554
A_NA_N1	1229	140	C	0	0	139	41.4748201438849
A_NA_N1	1230	140	A	0	0	140	39.7571428571429
A_NA_N1	1231	140	G	0	0	140	40.5
A_NA_N1	1232	140	A	0	0	140	41.6071428571429
A_NA_N1	1233	140	A	0	0	140	42.0428571428571
A_NA_N1	1234	140	C	0	0	140	41.7642857142857
A_NA_N1	1235	140	T	0	0	139	42.1654676258993
A_NA_N1	1236	140	A	0	0	140	40.5928571428571
A_NA_N1	1237	140	A	0	0	140	40.15
A_NA_N1	1238	140	C	0	0	140	40.15
A_NA_N1	1239	140	A	0	0	140	40.1857142857143
A_NA_N1	1240	140	G	0	0	140	40
A_NA_N1	1241	140	G	0	0	140	40.5714285714286
A_NA_N1	1242	140	G	0	0	140	40.0214285714286
A_NA_N1	1243	140	C	0	0	140	40.2785714285714
A_NA_N1	1244	140	T	0	0	140	40.9642857142857
A_NA_N1	1245	140	G	0	0	140	39.3571428571429
A_NA_N1	1246	140	A	0	0	139	40.3093525179856
A_NA_N1	1247	140	A	0	0	140	39.9785714285714
A_NA_N1	1248	140	T	0	0	139	40.5755395683453
A_NA_N1	1249	140	T	0	0	140	41.5214285714286
A_NA_N1	1250	140	G	0	0	139	40.6258992805755
A_NA_N1	1251	138	T	2	0	138	40.9275362318841
A_NA_N1	1252	139	A	1	0	139	39.6834532374101
A_NA_N1	1253	140	T	0	0	140	39.0928571428571
A_NA_N1	1254	139	A	1	0	139	38.3525179856115
A_NA_N1	1255	140	A	0	0	140	37.8785714285714
A_NA_N1	1256	140	G	0	0	140	37.1142857142857
A_NA_N1	1257	140	A	0	0	140	37.2285714285714
A_NA_N1	1258	140	C	0	0	140	39.0785714285714
A_NA_N1	1259	139	C	1	0	139	38.2517985611511
A_NA_N1	1260	140	T	1	0	140	39.0214285714286
A_NA_N1	1261	141	T	0	0	141	38.822695035461
A_NA_N1	1262	141	G	0	0	141	37.4964539007092
A_NA_N1	1263	140	C	1	0	140	36.6071428571429
A_NA_N1	1264	141	T	0	0	141	38.3191489361702
A_NA_N1	1265	141	T	0	0	141	38.9007092198582
A_NA_N1	1266	141	C	0	0	141	37.3333333333333
A_NA_N1	1267	141	T	0	0	141	37.7163120567376
A_NA_N1	1268	140	G	1	0	140	36.6142857142857
A_NA_N1	1269	140	G	1	0	140	36.9428571428571
A_NA_N1	1270	140	G	1	0	140	36.7857142857143
A_NA_N1	1271	140	T	1	0	139	37.273381294964
A_NA_N1	1272	140	T	1	0	140	38.1714285714286
A_NA_N1	1273	139	G	2	0	138	36.8768115942029
A_NA_N1	1274	141	A	0	0	141	36.4751773049645
A_NA_N1	1275	141	A	0	0	141	36.709219858156
A_NA_N1	1276	140	C	1	0	140	36.7785714285714
A_NA_N1	1277	141	T	0	0	139	37.2302158273381
A_NA_N1	1278	141	A	0	0	138	36.2173913043478
A_NA_N1	1279	141	A	0	0	141	35.8652482269504
A_NA_N1	1280	141	T	0	0	141	34.0921985815603
A_NA_N1	1281	138	A	3	0	137	33.3357664233577
A_NA_N1	1282	140	A	1	0	139	32.0503597122302
A_NA_N1	1283	140	G	1	0	138	30.9565217391304
A_NA_N1	1284	141	A	0	0	140	31.4428571428571
A_NA_N1	1285	141	G	0	0	141	33.7730496453901
A_NA_N1	1286	141	G	0	0	141	36.0496453900709
A_NA_N1	1287	141	A	0	0	141	36.6595744680851
A_NA_N1	1288	141	C	0	0	141	36.5886524822695
A_NA_N1	1289	141	G	0	0	141	35.1843971631206
A_NA_N1	1290	141	A	0	0	141	36.0425531914894
A_NA_N1	1291	141	C	0	0	141	36.5815602836879
A_NA_N1	1292	141	C	0	0	141	37.0354609929078
A_NA_N1	1293	141	T	0	0	141	37.2553191489362
A_NA_N1	1294	140	G	1	0	139	37.9208633093525
A_NA_N1	1295	140	A	1	0	140	38.2642857142857
A_NA_N1	1296	141	A	0	0	141	38.8439716312057
A_NA_N1	1297	141	G	0	0	141	38.063829787234
A_NA_N1	1298	141	A	0	0	141	39.3191489361702
A_NA_N1	1299	141	G	0	0	140	39.2428571428571
A_NA_N1	1300	141	A	0	0	141	39.5531914893617
A_NA_N1	1301	141	A	0	0	141	39.2127659574468
A_NA_N1	1302	141	C	0	0	140	40.0714285714286
A_NA_N1	1303	141	A	0	0	141	39.2127659574468
A_NA_N1	1304	141	C	0	0	140	39.3928571428571
A_NA_N1	1305	141	A	0	0	140	40.3785714285714
A_NA_N1	1306	141	A	0	0	141	38.8652482269504
A_NA_N1	1307	141	T	0	0	141	38.6595744680851
A_NA_N1	1308	141	C	0	0	141	39.5744680851064
A_NA_N1	1309	141	T	0	0	140	40.0428571428571
A_NA_N1	1310	141	G	0	0	141	40.1914893617021
A_NA_N1	1311	141	G	0	0	141	40.3333333333333
A_NA_N1	1312	141	A	0	0	141	40.4609929078014
A_NA_N1	1313	141	C	0	0	139	41.3956834532374
A_NA_N1	1314	141	T	0	0	140	41.0857142857143
A_NA_N1	1315	141	A	0	0	141	40.1985815602837
A_NA_N1	1316	141	G	0	0	141	40.8439716312057
A_NA_N1	1317	141	C	0	0	141	40.8581560283688
A_NA_N1	1318	141	G	0	0	141	39.2340425531915
A_NA_N1	1319	141	G	0	0	141	39.6524822695035
A_NA_N1	1320	141	G	0	0	141	39.8297872340426
A_NA_N1	1321	141	A	0	0	139	40.6474820143885
A_NA_N1	1322	141	G	0	0	140	40.7571428571429
A_NA_N1	1323	141	C	0	0	141	41.5673758865248
A_NA_N1	1324	141	A	0	0	140	41.6571428571429
A_NA_N1	1325	141	G	0	0	140	41.4214285714286
A_NA_N1	1326	141	C	0	0	141	40.5673758865248
A_NA_N1	1327	141	A	0	0	141	41.0992907801418
A_NA_N1	1328	141	T	0	0	141	41.709219858156
A_NA_N1	1329	141	A	0	0	141	41.0567375886525
A_NA_N1	1330	141	T	0	0	141	40.2056737588652
A_NA_N1	1331	141	C	0	0	141	40.0070921985816
A_NA_N1	1332	141	C	0	0	141	39.9645390070922
A_NA_N1	1333	141	T	0	0	140	39.9214285714286
A_NA_N1	1334	141	T	0	0	141	40.2553191489362
A_NA_N1	1335	141	T	0	0	141	42.5673758865248
A_NA_N1	1336	141	T	0	0	141	43.0496453900709
A_NA_N1	1337	141	G	0	0	141	40.7021276595745
A_NA_N1	1338	141	T	0	0	141	41.2269503546099
A_NA_N1	1339	141	G	0	0	141	40.3687943262411
A_NA_N1	1340	141	G	0	0	141	40.3758865248227
A_NA_N1	1341	141	T	0	0	141	40.0141843971631
A_NA_N1	1342	141	G	0	0	141	40.2340425531915
A_NA_N1	1343	141	T	0	0	141	40.7801418439716
A_NA_N1	1344	141	A	0	0	141	40
A_NA_N1	1345	141	G	0	0	141	40.1205673758865
A_NA_N1	1346	141	A	0	0	141	39.3687943262411
A_NA_N1	1347	141	C	0	0	141	39
A_NA_N1	1348	141	A	0	0	141	38.1418439716312
A_NA_N1	1349	141	G	0	0	141	38.6666666666667
A_NA_N1	1350	141	T	0	0	141	38.6808510638298
A_NA_N1	1351	141	G	0	0	141	38.5531914893617
A_NA_N1	1352	140	A	1	0	139	38.589928057554
A_NA_N1	1353	141	C	0	0	141	39.2624113475177
A_NA_N1	1354	141	A	0	0	141	38.7163120567376
A_NA_N1	1355	141	T	0	0	141	38.5460992907801
A_NA_N1	1356	141	T	0	0	138	39.231884057971
A_NA_N1	1357	141	A	0	0	141	37.8085106382979
A_NA_N1	1358	141	T	0	0	139	38.5467625899281
A_NA_N1	1359	140	G	1	0	140	37.7428571428571
A_NA_N1	1360	141	G	0	0	141	37.9078014184397
A_NA_N1	1361	141	G	0	0	141	36.4397163120567
A_NA_N1	1362	141	T	0	0	140	37.5571428571429
A_NA_N1	1363	141	T	0	0	139	37.8273381294964
A_NA_N1	1364	141	G	0	0	140	37.4571428571429
A_NA_N1	1365	141	G	0	0	141	37.0921985815603
A_NA_N1	1366	140	T	1	0	140	37.9071428571429
A_NA_N1	1367	141	C	0	0	140	37.8071428571429
A_NA_N1	1368	140	T	1	0	140	38.6642857142857
A_NA_N1	1369	141	T	0	0	141	38.7446808510638
A_NA_N1	1370	141	G	0	0	141	36.8439716312057
A_NA_N1	1371	141	G	0	0	141	36.936170212766
A_NA_N1	1372	141	C	0	0	141	37.6382978723404
A_NA_N1	1373	140	C	1	0	140	38.1357142857143
A_NA_N1	1374	140	A	1	0	140	39.15
A_NA_N1	1375	139	G	2	0	137	39.1167883211679
A_NA_N1	1376	140	A	1	0	140	40.0142857142857
A_NA_N1	1377	141	C	0	0	140	40.3285714285714
A_NA_N1	1378	141	G	0	0	140	39.8142857142857
A_NA_N1	1379	141	G	0	0	141	39.2340425531915
A_NA_N1	1380	141	T	0	0	140	39.9428571428571
A_NA_N1	1381	141	G	0	0	140	40.2285714285714
A_NA_N1	1382	141	C	0	0	141	40.3617021276596
A_NA_N1	1383	141	T	0	0	140	40.3285714285714
A_NA_N1	1384	139	G	2	0	136	38.3529411764706
A_NA_N1	1385	140	A	1	0	140	37.8571428571429
A_NA_N1	1386	141	G	0	0	140	37.4428571428571
A_NA_N1	1387	140	T	0	0	140	37.0071428571429
A_NA_N1	1388	140	T	0	0	139	37.5395683453237
A_NA_N1	1389	140	G	0	0	140	38.0285714285714
A_NA_N1	1390	140	C	0	0	140	38.1071428571429
A_NA_N1	1391	140	C	0	0	139	39.4964028776978
A_NA_N1	1392	140	A	0	0	140	39.7928571428571
A_NA_N1	1393	140	T	0	0	140	40.3357142857143
A_NA_N1	1394	140	T	0	0	140	40.25
A_NA_N1	1395	140	C	0	0	140	40.8428571428571
A_NA_N1	1396	140	A	0	0	140	41.5714285714286
A_NA_N1	1397	140	C	0	0	140	40.8857142857143
A_NA_N1	1398	140	C	0	0	140	40.8714285714286
A_NA_N1	1399	140	A	0	0	140	40.9571428571429
A_NA_N1	1400	140	T	0	0	140	40.8714285714286
A_NA_N1	1401	140	T	0	0	139	40.5971223021583
A_NA_N1	1402	139	G	0	0	138	40.0869565217391
A_NA_N1	1403	139	A	0	0	139	40.0719424460432
A_NA_N1	1404	139	C	0	0	139	38.8776978417266
A_NA_N1	1405	139	A	0	0	139	38.6402877697842
A_NA_N1	1406	139	A	0	0	139	38.5755395683453
A_NA_N1	1407	139	T	0	0	139	38.4748201438849
A_NA_N1	1408	139	T	0	0	139	39.8057553956835
A_NA_N1	1409	138	A	0	0	138	39.7101449275362
A_NA_N1	1410	138	A	0	0	138	39.3115942028985
