Reference_Name	Position	Coverage Depth	Consensus	Deletions	Ambiguous	Consensus_Count	Consensus_Average_Quality
A_NS	1	627	A	0	0	627	40.4688995215311
A_NS	2	627	T	0	0	627	40.1610845295056
A_NS	3	628	G	0	0	628	40.2149681528662
A_NS	4	628	G	0	0	628	40.0254777070064
A_NS	5	630	A	0	0	629	39.6963434022258
A_NS	6	630	A	0	0	630	39.3761904761905
A_NS	7	630	T	0	0	630	39.6
A_NS	8	630	C	0	0	630	39.0222222222222
A_NS	9	631	C	0	0	631	39.256735340729
A_NS	10	630	A	1	0	629	38.5516693163752
A_NS	11	632	A	0	0	631	38.3169572107765
A_NS	12	632	C	0	0	630	39.0095238095238
A_NS	13	633	A	0	0	632	39.0158227848101
A_NS	14	634	C	0	0	634	39.3107255520505
A_NS	15	635	C	0	0	635	39.5952755905512
A_NS	16	635	A	0	0	634	39.7334384858044
A_NS	17	635	T	0	0	635	39.7007874015748
A_NS	18	635	G	0	0	634	40.1656151419558
A_NS	19	635	T	0	0	635	40.6661417322835
A_NS	20	635	C	0	0	635	39.5669291338583
A_NS	21	635	A	0	0	633	40.391785150079
A_NS	22	635	A	0	0	633	40.5687203791469
A_NS	23	635	G	1	0	633	40.6208530805687
A_NS	24	636	C	0	0	634	40.6277602523659
A_NS	25	634	T	2	0	633	39.3364928909953
A_NS	26	635	T	1	0	635	39.6062992125984
A_NS	27	632	T	4	0	632	38.7325949367089
A_NS	28	630	C	6	0	629	35.39586645469
A_NS	29	632	A	4	0	631	36.5895404120444
A_NS	30	635	G	1	0	634	37.0772870662461
A_NS	31	635	G	1	0	635	37.5102362204724
A_NS	32	635	T	1	0	635	38.1637795275591
A_NS	33	634	A	2	0	634	39.7208201892744
A_NS	34	635	G	1	0	634	40.0883280757098
A_NS	35	636	A	0	0	635	40.6551181102362
A_NS	36	636	C	0	0	633	40.6429699842022
A_NS	37	636	T	0	0	636	40.9701257861635
A_NS	38	636	G	0	0	635	40.5338582677165
A_NS	39	633	T	3	0	632	40.6566455696203
A_NS	40	634	T	2	0	633	39.5039494470774
A_NS	41	635	T	1	0	635	39.355905511811
A_NS	42	636	T	1	0	633	38.7709320695103
A_NS	43	636	C	1	0	630	36.4190476190476
A_NS	44	606	T	31	0	601	36.6023294509151
A_NS	45	638	T	0	0	638	36.6990595611285
A_NS	46	637	T	1	0	636	35.1069182389937
A_NS	47	637	G	1	0	637	30.8194662480377
A_NS	48	637	G	1	0	637	32.4945054945055
A_NS	49	638	C	0	0	638	39.4529780564263
A_NS	50	638	A	0	0	638	39.4153605015674
A_NS	51	638	T	0	0	634	40.5725552050473
A_NS	52	637	A	1	0	635	40.4283464566929
A_NS	53	637	T	1	0	635	40.4047244094488
A_NS	54	636	T	2	0	634	40.5441640378549
A_NS	55	636	C	2	0	635	39.8047244094488
A_NS	56	636	G	2	0	635	39.6425196850394
A_NS	57	635	C	3	0	635	39.7700787401575
A_NS	58	637	A	1	0	636	39.8066037735849
A_NS	59	637	A	1	0	636	40.2169811320755
A_NS	60	637	G	1	0	637	41.2072213500785
A_NS	61	637	C	1	0	635	40.9118110236221
A_NS	62	637	G	1	0	635	39.5165354330709
A_NS	63	637	A	1	0	636	38.9182389937107
A_NS	64	637	T	1	0	636	39.1399371069182
A_NS	65	637	T	1	0	637	39.0298273155416
A_NS	66	638	T	0	0	638	40.8103448275862
A_NS	67	636	G	2	0	634	41.1892744479495
A_NS	68	636	C	2	0	635	41.1858267716535
A_NS	69	636	A	2	0	635	40.6110236220472
A_NS	70	635	G	3	0	633	40.2306477093207
A_NS	71	634	A	4	0	633	40.2480252764613
A_NS	72	636	C	2	0	634	40.313880126183
A_NS	73	638	A	0	0	638	38.8996865203762
A_NS	74	638	A	0	0	637	38.5196232339089
A_NS	75	638	T	0	0	638	38.1144200626959
A_NS	76	638	G	0	0	637	37.8116169544741
A_NS	77	638	G	0	0	636	37.9150943396226
A_NS	78	638	A	0	0	638	38.5924764890282
A_NS	79	638	T	0	0	638	39.8887147335423
A_NS	80	638	T	0	0	623	40.6725521669342
A_NS	81	633	G	5	0	633	39.8578199052133
A_NS	82	638	G	0	0	636	40.4182389937107
A_NS	83	638	G	0	0	638	39.7852664576803
A_NS	84	637	T	1	0	634	39.7334384858044
A_NS	85	637	G	1	0	633	39.4928909952607
A_NS	86	637	A	1	0	637	39.5886970172684
A_NS	87	637	T	1	0	637	39.425431711146
A_NS	88	637	G	1	0	630	38.3349206349206
A_NS	89	620	C	18	0	614	38.4413680781759
A_NS	90	637	C	1	0	637	37.0031397174254
A_NS	91	638	C	0	0	638	37.1442006269592
A_NS	92	637	C	1	0	634	33.7287066246057
A_NS	93	637	A	1	0	633	30.3554502369668
A_NS	94	637	T	1	0	636	31.9559748427673
A_NS	95	636	T	2	0	635	32.0850393700787
A_NS	96	637	C	1	0	633	31.5924170616114
A_NS	97	638	C	0	0	636	33.2358490566038
A_NS	98	638	T	0	0	637	35.3375196232339
A_NS	99	636	C	1	0	632	35.1487341772152
A_NS	100	622	G	15	0	608	34.6233552631579
A_NS	101	637	A	0	0	637	34.9544740973312
A_NS	102	637	T	0	0	637	36.541601255887
A_NS	103	637	C	0	0	629	37.3386327503975
A_NS	104	637	G	0	0	633	38.1516587677725
A_NS	105	637	G	0	0	636	38.7830188679245
A_NS	106	636	C	1	0	634	39.4984227129338
A_NS	107	637	T	0	0	636	38.6194968553459
A_NS	108	637	A	1	0	634	38.7476340694006
A_NS	109	637	C	1	0	635	38.8472440944882
A_NS	110	637	G	1	0	635	37.7086614173228
A_NS	111	637	C	1	0	636	38.4198113207547
A_NS	112	638	C	0	0	635	38.5244094488189
A_NS	113	634	G	4	0	633	38.6334913112164
A_NS	114	635	A	3	0	634	38.2255520504732
A_NS	115	635	G	3	0	633	37.870458135861
A_NS	116	638	A	0	0	637	37.1036106750392
A_NS	117	638	T	0	0	638	38.1786833855799
A_NS	118	638	C	0	0	635	37.0661417322835
A_NS	119	634	A	4	0	628	35.093949044586
A_NS	120	638	A	0	0	637	35.4709576138148
A_NS	121	638	A	0	0	638	37.6081504702194
A_NS	122	638	A	0	0	637	38.5572998430141
A_NS	123	635	G	3	0	633	39.2511848341232
A_NS	124	632	T	6	0	632	38.9224683544304
A_NS	125	631	C	7	0	630	35.2888888888889
A_NS	126	633	C	5	0	631	34.7115689381933
A_NS	127	635	T	4	0	632	37.6091772151899
A_NS	128	636	T	3	0	634	38.5331230283912
A_NS	129	614	A	25	0	607	36.6836902800659
A_NS	130	638	A	1	0	638	37.5626959247649
A_NS	131	637	A	2	0	634	38.0015772870662
A_NS	132	637	G	2	0	634	38.2665615141956
A_NS	133	639	G	0	0	639	40.3114241001565
A_NS	134	639	G	0	0	638	41.2774294670846
A_NS	135	638	A	1	0	637	40.38147566719
A_NS	136	638	A	1	0	638	41.8620689655172
A_NS	137	638	G	1	0	638	41.7382445141066
A_NS	138	639	A	0	0	638	41.1050156739812
A_NS	139	639	G	0	0	638	41.2037617554859
A_NS	140	639	G	0	0	639	41.4538341158059
A_NS	141	637	C	2	0	636	41.4166666666667
A_NS	142	636	A	3	0	636	40.6792452830189
A_NS	143	638	A	1	0	636	41.2893081761006
A_NS	144	638	C	1	0	633	41.088467614534
A_NS	145	639	A	0	0	636	39.7940251572327
A_NS	146	638	C	1	0	635	39.6629921259843
A_NS	147	639	C	0	0	637	40.4411302982732
A_NS	148	640	C	0	0	640	40.2390625
A_NS	149	637	T	3	0	636	39.2122641509434
A_NS	150	640	T	0	0	637	38.8383045525903
A_NS	151	639	G	1	0	632	35.3655063291139
A_NS	152	639	G	1	0	637	35.3139717425432
A_NS	153	639	C	1	0	639	35.9906103286385
A_NS	154	639	C	1	0	637	36.6420722135008
A_NS	155	638	T	2	0	637	38.2888540031397
A_NS	156	638	C	2	0	635	39.9622047244094
A_NS	157	637	G	3	0	636	37.6100628930818
A_NS	158	637	A	3	0	637	37.861852433281
A_NS	159	639	C	1	0	639	38.1627543035994
A_NS	160	639	A	1	0	638	37.076802507837
A_NS	161	640	T	0	0	640	38.5484375
A_NS	162	639	C	1	0	634	39.1198738170347
A_NS	163	639	A	1	0	635	38.3905511811024
A_NS	164	640	A	0	0	640	39.1046875
A_NS	165	640	A	0	0	640	40.2953125
A_NS	166	640	A	0	0	640	40.821875
A_NS	167	640	C	0	0	640	41.1921875
A_NS	168	640	A	0	0	637	40.8775510204082
A_NS	169	640	G	0	0	639	40.6338028169014
A_NS	170	639	C	1	0	639	41.1408450704225
A_NS	171	638	C	2	0	638	40.2758620689655
A_NS	172	638	A	2	0	637	39.6766091051805
A_NS	173	638	C	2	0	637	40.160125588697
A_NS	174	640	T	0	0	638	40.3902821316614
A_NS	175	638	C	1	0	635	40.3937007874016
A_NS	176	638	T	1	0	638	41.0031347962382
A_NS	177	639	T	0	0	637	41.1978021978022
A_NS	178	638	G	1	0	635	40.0267716535433
A_NS	179	637	T	2	0	637	41.1585557299843
A_NS	180	639	T	0	0	638	41.6050156739812
A_NS	181	637	G	2	0	636	40.3946540880503
A_NS	182	639	G	0	0	639	41.2316118935837
A_NS	183	639	G	0	0	639	41.6431924882629
A_NS	184	639	A	0	0	639	41.7339593114241
A_NS	185	639	A	0	0	639	43.4021909233177
A_NS	186	639	A	0	0	639	43.5336463223787
A_NS	187	639	C	0	0	639	42.0266040688576
A_NS	188	639	A	0	0	638	41.0956112852665
A_NS	189	639	A	0	0	638	42.7805642633229
A_NS	190	639	A	0	0	639	42.131455399061
A_NS	191	639	T	0	0	638	41.628526645768
A_NS	192	638	T	1	0	638	42.0156739811912
A_NS	193	638	G	1	0	638	41.6081504702194
A_NS	194	639	T	0	0	639	42.0719874804382
A_NS	195	639	G	0	0	638	42.6959247648903
A_NS	196	639	G	0	0	639	43.4757433489828
A_NS	197	638	A	1	0	636	43.0031446540881
A_NS	198	639	A	0	0	639	43.1392801251956
A_NS	199	639	T	0	0	639	42.5383411580595
A_NS	200	639	G	0	0	639	41.1752738654147
A_NS	201	639	G	0	0	639	40.3489827856025
A_NS	202	639	A	0	0	639	38.377151799687
A_NS	203	638	T	1	0	638	37.8150470219436
A_NS	204	639	T	0	0	638	34.4200626959248
A_NS	205	639	T	0	0	638	34.6489028213166
A_NS	206	635	T	3	0	635	35.9259842519685
A_NS	207	632	G	6	0	632	36.6360759493671
A_NS	208	593	A	45	0	589	38.3497453310696
A_NS	209	634	A	4	0	634	39.3548895899054
A_NS	210	634	A	4	0	631	40.2171156893819
A_NS	211	634	G	4	0	633	39.9857819905213
A_NS	212	635	A	3	0	635	40.6992125984252
A_NS	213	632	G	6	0	632	40.8148734177215
A_NS	214	633	G	5	0	627	39.0510366826156
A_NS	215	637	A	1	0	637	38.4882260596546
A_NS	216	638	A	0	0	638	38.7413793103448
A_NS	217	638	T	0	0	637	38.4945054945055
A_NS	218	637	C	1	0	630	38.6730158730159
A_NS	219	638	C	0	0	634	39.0252365930599
A_NS	220	637	A	1	0	636	38.0204402515723
A_NS	221	635	G	3	0	635	37.9826771653543
A_NS	222	636	C	2	0	632	37.2990506329114
A_NS	223	631	G	7	0	629	35.6740858505564
A_NS	224	632	A	7	0	631	35.8890649762282
A_NS	225	636	G	3	0	633	34.9652448657188
A_NS	226	637	A	2	0	635	34.9417322834646
A_NS	227	639	C	0	0	638	36.4623824451411
A_NS	228	639	A	0	0	634	36.5457413249211
A_NS	229	638	C	1	0	637	37.243328100471
A_NS	230	636	T	3	0	634	38.2223974763407
A_NS	231	639	T	0	0	636	37.7672955974843
A_NS	232	636	A	3	0	634	36.2160883280757
A_NS	233	638	G	1	0	633	36.8230647709321
A_NS	234	639	A	0	0	639	37.2316118935837
A_NS	235	639	A	0	0	636	37.3522012578616
A_NS	236	639	T	0	0	637	38.6703296703297
A_NS	237	638	G	1	0	635	38.6204724409449
A_NS	238	639	G	0	0	638	41.1520376175549
A_NS	239	639	C	0	0	638	42.0282131661442
A_NS	240	639	A	0	0	638	41.0078369905956
A_NS	241	640	A	0	0	640	40.990625
A_NS	242	640	T	0	0	639	41.2331768388106
A_NS	243	640	T	0	0	640	39.8828125
A_NS	244	639	G	1	0	639	40.0406885758998
A_NS	245	639	C	1	0	639	41.2769953051643
A_NS	246	639	A	1	0	638	39.8605015673981
A_NS	247	639	T	0	0	637	40.3799058084772
A_NS	248	639	C	0	0	638	39.3934169278997
A_NS	249	639	T	0	0	637	38.9686028257457
A_NS	250	639	A	0	0	639	38.527386541471
A_NS	251	639	T	0	0	638	39.4670846394984
A_NS	252	639	A	0	0	639	39.4303599374022
A_NS	253	639	C	0	0	638	39.6504702194357
A_NS	254	639	C	0	0	638	40.5423197492163
A_NS	255	638	T	1	0	636	40.4889937106918
A_NS	256	639	A	0	0	638	39.0752351097179
A_NS	257	639	C	0	0	638	38.2398119122257
A_NS	258	638	T	1	0	638	37.6473354231975
A_NS	259	639	T	0	0	639	37.887323943662
A_NS	260	639	C	0	0	638	34.9937304075235
A_NS	261	637	G	1	0	634	35.5347003154574
A_NS	262	637	C	1	0	635	38.9496062992126
A_NS	263	636	G	2	0	634	38.9432176656151
A_NS	264	634	T	4	0	633	39.9004739336493
A_NS	265	636	T	2	0	633	40.1563981042654
A_NS	266	636	A	2	0	636	39.2578616352201
A_NS	267	637	C	1	0	635	39.6724409448819
A_NS	268	637	A	1	0	636	39.4638364779874
A_NS	269	637	T	1	0	637	40.8131868131868
A_NS	270	637	T	1	0	637	41.2354788069074
A_NS	271	638	T	0	0	636	42.1666666666667
A_NS	272	638	C	0	0	638	41.7335423197492
A_NS	273	637	T	1	0	637	42.3987441130298
A_NS	274	636	G	2	0	635	41.1779527559055
A_NS	275	638	A	0	0	638	41.8228840125392
A_NS	276	638	C	0	0	637	41.4332810047096
A_NS	277	638	A	0	0	636	40.5062893081761
A_NS	278	638	T	0	0	638	41.6943573667712
A_NS	279	638	G	0	0	636	40.5110062893082
A_NS	280	638	A	0	0	638	40.0752351097179
A_NS	281	638	C	0	0	638	39.9545454545455
A_NS	282	638	C	0	0	637	39.9246467817896
A_NS	283	637	C	1	0	636	40.3852201257862
A_NS	284	637	T	1	0	637	40.5353218210361
A_NS	285	635	C	3	0	634	40.1214511041009
A_NS	286	637	G	1	0	637	39.7849293563579
A_NS	287	637	A	0	0	636	39.1194968553459
A_NS	288	637	G	0	0	637	39.8461538461538
A_NS	289	636	G	1	0	636	39.7468553459119
A_NS	290	634	A	3	0	632	40.9066455696203
A_NS	291	635	A	2	0	634	41.1766561514196
A_NS	292	637	A	0	0	636	41.8789308176101
A_NS	293	636	T	0	0	635	41.4661417322835
A_NS	294	636	G	0	0	636	39.7059748427673
A_NS	295	636	T	0	0	633	40.1090047393365
A_NS	296	630	C	6	0	627	36.3604465709729
A_NS	297	627	A	9	0	615	35.3219512195122
A_NS	298	631	C	5	0	625	35.2496
A_NS	299	619	G	17	0	595	32.672268907563
A_NS	300	625	A	12	0	617	32.160453808752
A_NS	301	630	G	7	0	620	31.9112903225806
A_NS	302	634	A	3	0	634	31.6829652996845
A_NS	303	635	C	2	0	627	31.5534290271132
A_NS	304	635	T	2	0	634	32.0646687697161
A_NS	305	635	G	2	0	631	31.7591125198098
A_NS	306	635	G	2	0	634	32.5867507886435
A_NS	307	634	T	3	0	631	32.9397781299525
A_NS	308	636	T	1	0	625	36.424
A_NS	309	636	C	0	0	629	35.3704292527822
A_NS	310	635	A	1	0	632	35.4572784810127
A_NS	311	635	T	1	0	634	35.0315457413249
A_NS	312	636	G	0	0	635	35.3370078740157
A_NS	313	636	C	0	0	634	36.7492113564669
A_NS	314	636	T	0	0	635	38.8204724409449
A_NS	315	636	T	0	0	636	38.438679245283
A_NS	316	635	A	1	0	635	37.9291338582677
A_NS	317	635	T	1	0	635	37.7858267716535
A_NS	318	635	G	1	0	635	37.859842519685
A_NS	319	634	C	2	0	634	39.4116719242902
A_NS	320	635	C	1	0	633	39.8420221169036
A_NS	321	635	T	1	0	633	40.4723538704581
A_NS	322	635	A	1	0	634	36.9116719242902
A_NS	323	635	G	1	0	635	37.0125984251968
A_NS	324	635	G	1	0	635	37.6582677165354
A_NS	325	631	C	5	0	626	39.5782747603834
A_NS	326	621	A	15	0	620	38.4854838709677
A_NS	327	625	A	11	0	622	39.4549839228296
A_NS	328	628	A	8	0	622	38.8376205787781
A_NS	329	629	A	7	0	627	39.0558213716108
A_NS	330	629	G	7	0	619	39.8691437802908
A_NS	331	632	A	4	0	629	39.9713831478537
A_NS	332	632	T	4	0	618	40.2750809061489
A_NS	333	631	A	5	0	627	38.5326953748006
A_NS	334	634	A	2	0	627	39.7799043062201
A_NS	335	634	T	2	0	631	39.5879556259905
A_NS	336	635	A	1	0	628	39.0382165605096
A_NS	337	634	G	2	0	632	39.3322784810127
A_NS	338	634	G	2	0	632	39.9683544303797
A_NS	339	635	G	1	0	635	39.4283464566929
A_NS	340	633	C	3	0	633	38.4470774091627
A_NS	341	635	C	1	0	635	38.3086614173228
A_NS	342	635	T	1	0	634	38.8406940063091
A_NS	343	634	C	2	0	630	37.3904761904762
A_NS	344	633	T	3	0	629	36.7344992050874
A_NS	345	636	T	0	0	635	37.6110236220472
A_NS	346	635	T	1	0	635	37.6503937007874
A_NS	347	634	G	2	0	633	36.5497630331754
A_NS	348	636	C	0	0	634	37.692429022082
A_NS	349	635	G	1	0	632	37.871835443038
A_NS	350	635	T	1	0	634	37.8895899053628
A_NS	351	635	G	1	0	633	38.1074249605055
A_NS	352	635	C	1	0	631	38.9445324881141
A_NS	353	634	G	2	0	630	37.7301587301587
A_NS	354	635	A	1	0	635	37.948031496063
A_NS	355	635	T	1	0	633	37.7061611374408
A_NS	356	634	T	2	0	634	36.794952681388
A_NS	357	634	G	2	0	631	36.4358161648178
A_NS	358	636	G	0	0	632	38.8924050632911
A_NS	359	636	A	0	0	635	38.6267716535433
A_NS	360	636	C	0	0	635	40.0582677165354
A_NS	361	636	C	0	0	629	39.7297297297297
A_NS	362	635	A	1	0	633	40.3696682464455
A_NS	363	637	G	0	0	637	40.6043956043956
A_NS	364	637	G	0	0	637	41.1334379905808
A_NS	365	635	C	2	0	634	40.5552050473186
A_NS	366	636	G	1	0	634	39.4716088328076
A_NS	367	637	G	0	0	637	39.7582417582418
A_NS	368	636	T	1	0	634	40.0173501577287
A_NS	369	637	C	0	0	634	38.788643533123
A_NS	370	636	A	0	0	634	39.8470031545741
A_NS	371	636	T	0	0	636	40.5361635220126
A_NS	372	636	G	0	0	633	38.6429699842022
A_NS	373	636	G	0	0	633	38.8672985781991
A_NS	374	636	A	0	0	633	39.0363349131122
A_NS	375	635	T	1	0	635	38.9984251968504
A_NS	376	633	A	3	0	630	38.6333333333333
A_NS	377	633	A	2	0	631	39.9397781299525
A_NS	378	633	G	2	0	630	39.7619047619048
A_NS	379	631	A	4	0	631	39.8858954041204
A_NS	380	634	A	1	0	633	40.6903633491311
A_NS	381	634	C	1	0	634	40.5599369085174
A_NS	382	634	A	1	0	634	40.2665615141956
A_NS	383	634	T	1	0	631	40.6117274167987
A_NS	384	635	A	0	0	632	40.1898734177215
A_NS	385	636	A	0	0	635	40.1669291338583
A_NS	386	636	T	0	0	635	39.3590551181102
A_NS	387	634	A	2	0	633	38.5545023696682
A_NS	388	635	C	1	0	633	38.8641390205371
A_NS	389	635	T	1	0	633	39.3807266982622
A_NS	390	634	G	2	0	632	39.9794303797468
A_NS	391	635	G	1	0	634	40.1309148264984
A_NS	392	636	A	0	0	635	40.8488188976378
A_NS	393	636	A	0	0	636	42.2154088050314
A_NS	394	636	G	0	0	635	42.3637795275591
A_NS	395	636	C	0	0	635	42.5244094488189
A_NS	396	635	A	1	0	633	40.9162717219589
A_NS	397	636	A	0	0	635	40.9968503937008
A_NS	398	636	A	0	0	635	41.1464566929134
A_NS	399	636	C	0	0	633	41.2085308056872
A_NS	400	636	T	0	0	635	41.6787401574803
A_NS	401	636	T	0	0	636	42.0676100628931
A_NS	402	637	C	0	0	632	40.6582278481013
A_NS	403	637	A	0	0	635	40.0850393700787
A_NS	404	636	G	1	0	636	40.4701257861635
A_NS	405	636	T	1	0	635	40.2944881889764
A_NS	406	636	G	1	0	635	40.6031496062992
A_NS	407	636	T	1	0	634	42.4542586750789
A_NS	408	634	A	3	0	633	41.7661927330174
A_NS	409	636	A	1	0	636	41.3506289308176
A_NS	410	635	T	2	0	633	41.9889415481833
A_NS	411	634	C	2	0	633	40.5260663507109
A_NS	412	635	T	1	0	634	41.1214511041009
A_NS	413	635	T	1	0	634	40.2744479495268
A_NS	414	634	C	2	0	631	39.2250396196513
A_NS	415	635	A	1	0	634	39.0205047318612
A_NS	416	635	A	1	0	635	39.7433070866142
A_NS	417	634	C	2	0	634	41.1293375394322
A_NS	418	634	C	2	0	632	41.623417721519
A_NS	419	635	G	1	0	631	40.7274167987322
A_NS	420	636	A	0	0	636	40.1996855345912
A_NS	421	636	T	0	0	633	40.609794628752
A_NS	422	635	T	1	0	635	39.688188976378
A_NS	423	633	A	2	0	631	39.2630744849445
A_NS	424	634	G	1	0	631	39.904912836767
A_NS	425	635	A	0	0	634	39.9432176656151
A_NS	426	634	G	1	0	633	39.86887835703
A_NS	427	632	A	3	0	630	40.1333333333333
A_NS	428	634	C	1	0	634	39.481072555205
A_NS	429	634	C	1	0	633	38.8625592417062
A_NS	430	633	T	2	0	632	38.754746835443
A_NS	431	634	T	1	0	633	38.2243285939968
A_NS	432	633	G	2	0	633	35.9067930489731
A_NS	433	631	A	4	0	631	36.4817749603803
A_NS	434	632	T	3	0	629	38.3211446740859
A_NS	435	631	A	4	0	628	39.3678343949045
A_NS	436	633	C	2	0	629	39.5055643879173
A_NS	437	635	T	0	0	631	38.9635499207607
A_NS	438	635	A	0	0	631	38.6656101426307
A_NS	439	635	C	0	0	631	39.5245641838352
A_NS	440	634	T	1	0	628	39.9968152866242
A_NS	441	634	A	1	0	632	40.2041139240506
A_NS	442	635	A	0	0	633	40.2669826224329
A_NS	443	634	G	1	0	633	40.7488151658768
A_NS	444	634	G	1	0	634	41.3059936908517
A_NS	445	634	G	1	0	634	41.8501577287066
A_NS	446	634	C	1	0	634	41.1056782334385
A_NS	447	633	T	2	0	631	39.9064976228209
A_NS	448	635	T	0	0	635	40.407874015748
A_NS	449	635	T	0	0	634	40.9905362776025
A_NS	450	635	C	0	0	633	39.8578199052133
A_NS	451	635	A	0	0	630	38.8714285714286
A_NS	452	632	C	3	0	630	39.2253968253968
A_NS	453	634	T	1	0	632	38.625
A_NS	454	630	G	5	0	628	34.6656050955414
A_NS	455	632	A	3	0	632	32.3243670886076
A_NS	456	633	G	2	0	632	32.8006329113924
A_NS	457	636	G	0	0	636	34.9135220125786
A_NS	458	636	A	0	0	636	35.6933962264151
A_NS	459	624	G	12	0	622	35.5289389067524
A_NS	460	630	G	6	0	630	38.515873015873
A_NS	461	629	G	7	0	628	38.5923566878981
A_NS	462	629	A	7	0	627	36.9250398724083
A_NS	463	636	A	0	0	632	37.7626582278481
A_NS	464	636	C	0	0	629	39.4817170111288
A_NS	465	635	A	1	0	631	38.391442155309
A_NS	466	635	A	1	0	633	38.6287519747235
A_NS	467	633	T	3	0	631	39.6735340729002
A_NS	468	632	A	3	0	626	36.9313099041534
A_NS	469	632	G	3	0	626	35.8115015974441
A_NS	470	631	T	4	0	627	36.7480063795853
A_NS	471	632	T	3	0	632	36.9715189873418
A_NS	472	630	G	6	0	630	37.947619047619
A_NS	473	630	G	6	0	627	39.2775119617225
A_NS	474	631	A	5	0	629	41.2988871224165
A_NS	475	635	G	0	0	633	41.522906793049
A_NS	476	633	A	2	0	633	42.0616113744076
A_NS	477	633	A	2	0	632	42.2104430379747
A_NS	478	632	A	3	0	632	42.1819620253165
A_NS	479	632	T	3	0	632	41.9224683544304
A_NS	480	633	T	2	0	630	41.6666666666667
A_NS	481	635	T	0	0	633	42.0173775671406
A_NS	482	635	C	0	0	631	41.0792393026941
A_NS	483	635	A	0	0	633	40.4881516587678
A_NS	484	635	C	0	0	634	40.698738170347
A_NS	485	635	C	0	0	634	40.7381703470032
A_NS	486	635	A	0	0	634	40.6324921135647
A_NS	487	634	T	1	0	633	41.1090047393365
A_NS	488	634	T	1	0	633	41.8909952606635
A_NS	489	634	A	1	0	632	41.3022151898734
A_NS	490	634	C	1	0	634	41.1356466876972
A_NS	491	635	C	0	0	634	39.6056782334385
A_NS	492	634	T	1	0	633	40.2780410742496
A_NS	493	633	T	2	0	630	40.2206349206349
A_NS	494	633	C	2	0	629	38.8807631160572
A_NS	495	634	T	1	0	633	38.7266982622433
A_NS	496	634	C	1	0	632	38.0395569620253
A_NS	497	634	T	1	0	633	37.5687203791469
A_NS	498	632	T	3	0	631	37.1822503961965
A_NS	499	631	C	4	0	628	36.2070063694268
A_NS	500	635	C	0	0	633	36.4628751974724
A_NS	501	635	A	0	0	634	37.3517350157729
A_NS	502	635	G	0	0	632	39.3481012658228
A_NS	503	634	G	1	0	631	40.6814580031696
A_NS	504	632	A	3	0	632	41.8670886075949
A_NS	505	633	C	2	0	632	41.6661392405063
A_NS	506	633	A	2	0	633	41.0473933649289
A_NS	507	632	T	3	0	620	42.5838709677419
A_NS	508	633	A	2	0	631	40.973058637084
A_NS	509	633	C	2	0	631	40.8589540412044
A_NS	510	628	T	7	0	622	41.072347266881
A_NS	511	632	T	3	0	619	41.3360258481422
A_NS	512	632	A	3	0	627	40.140350877193
A_NS	513	632	T	3	0	621	40.7954911433172
A_NS	514	634	G	1	0	627	41.3014354066986
A_NS	515	634	A	1	0	632	41.7958860759494
A_NS	516	634	G	1	0	634	42.2839116719243
A_NS	517	635	G	0	0	634	41.8438485804416
A_NS	518	635	A	0	0	635	42.3842519685039
A_NS	519	635	T	0	0	635	42.4755905511811
A_NS	520	635	G	0	0	633	42.9731437598736
A_NS	521	634	T	1	0	633	44.2116903633491
A_NS	522	634	C	1	0	634	41.3738170347003
A_NS	523	631	A	4	0	631	40.8209191759112
A_NS	524	632	A	3	0	632	40.254746835443
A_NS	525	633	A	2	0	632	39.8069620253165
A_NS	526	634	A	1	0	633	40.8562401263823
A_NS	527	634	A	1	0	630	41.9174603174603
A_NS	528	634	T	1	0	633	41.1532385466035
A_NS	529	635	G	0	0	631	40.0713153724247
A_NS	530	635	C	0	0	631	39.6164817749604
A_NS	531	634	A	1	0	631	37.8732171156894
A_NS	532	634	G	1	0	632	37.1946202531646
A_NS	533	635	T	0	0	631	36.8954041204437
A_NS	534	635	T	0	0	631	37.9508716323296
A_NS	535	631	G	4	0	627	37.5390749601276
A_NS	536	635	G	0	0	635	38.0125984251968
A_NS	537	635	G	0	0	634	39.5536277602524
A_NS	538	635	G	0	0	634	39.6230283911672
A_NS	539	634	T	1	0	634	40.2255520504732
A_NS	540	635	C	0	0	635	40.2755905511811
A_NS	541	635	C	0	0	634	40.6182965299685
A_NS	542	634	T	1	0	634	40.7665615141956
A_NS	543	635	C	0	0	631	39.9017432646593
A_NS	544	635	A	0	0	632	39.7895569620253
A_NS	545	635	T	0	0	635	40.3732283464567
A_NS	546	635	C	0	0	631	39.3755942947702
A_NS	547	633	G	2	0	631	39.9825673534073
A_NS	548	635	G	0	0	632	39.8417721518987
A_NS	549	634	A	1	0	630	39.5761904761905
A_NS	550	632	G	3	0	630	40.2507936507937
A_NS	551	633	G	2	0	631	40.5721077654517
A_NS	552	634	A	1	0	633	40.2006319115324
A_NS	553	635	C	0	0	634	38.7018927444795
A_NS	554	628	T	7	0	627	39.585326953748
A_NS	555	634	T	1	0	632	38.3844936708861
A_NS	556	632	G	3	0	620	35.008064516129
A_NS	557	634	A	1	0	631	34.7860538827258
A_NS	558	635	G	0	0	634	34.9274447949527
A_NS	559	633	T	2	0	632	35.1028481012658
A_NS	560	634	G	1	0	633	34.955766192733
A_NS	561	634	G	1	0	629	37.4356120826709
A_NS	562	634	A	1	0	631	38.4881141045959
A_NS	563	635	A	0	0	635	39.2582677165354
A_NS	564	634	T	1	0	632	39.6060126582278
A_NS	565	633	G	2	0	631	38.6450079239303
A_NS	566	634	G	1	0	633	39.0110584518167
A_NS	567	632	T	2	0	629	39.2257551669316
A_NS	568	631	A	3	0	626	37.1437699680511
A_NS	569	632	A	2	0	632	37.8275316455696
A_NS	570	631	C	3	0	629	37.8648648648649
A_NS	571	632	A	2	0	629	36.9364069952305
A_NS	572	631	C	3	0	629	37.2050874403816
A_NS	573	631	G	3	0	626	36.8594249201278
A_NS	574	633	G	1	0	631	36.4675118858954
A_NS	575	633	T	1	0	629	36.2813990461049
A_NS	576	631	T	3	0	631	37.4817749603803
A_NS	577	627	C	7	0	623	38.3483146067416
A_NS	578	629	G	5	0	619	38.0403877221325
A_NS	579	633	A	1	0	633	37.8230647709321
A_NS	580	633	G	1	0	629	38.0906200317965
A_NS	581	632	T	2	0	630	38.431746031746
A_NS	582	630	C	4	0	626	38.8035143769968
A_NS	583	633	T	1	0	633	38.8957345971564
A_NS	584	628	C	6	0	624	37.8733974358974
A_NS	585	635	T	0	0	634	38.6640378548896
A_NS	586	631	G	4	0	628	37.6162420382166
A_NS	587	626	A	9	0	625	39.008
A_NS	588	631	A	4	0	629	38.6836248012719
A_NS	589	631	A	4	0	630	40.6238095238095
A_NS	590	632	A	3	0	632	40.5727848101266
A_NS	591	633	T	2	0	632	39.9177215189873
A_NS	592	635	A	0	0	626	39.5335463258786
A_NS	593	634	T	1	0	633	38.7424960505529
A_NS	594	634	A	1	0	630	38.0571428571429
A_NS	595	634	C	1	0	632	37.5822784810127
A_NS	596	634	A	1	0	634	36.2145110410095
A_NS	597	634	G	1	0	626	35.7188498402556
A_NS	598	635	A	0	0	633	35.0837282780411
A_NS	599	634	G	1	0	627	36.1164274322169
A_NS	600	634	A	1	0	634	37.2034700315457
A_NS	601	635	T	0	0	634	38.3359621451104
A_NS	602	635	T	0	0	635	39.2425196850394
A_NS	603	635	C	0	0	629	38.7408585055644
A_NS	604	635	G	0	0	629	35.939586645469
A_NS	605	635	C	0	0	635	35.7905511811024
A_NS	606	628	T	7	0	628	36.3566878980892
A_NS	607	634	T	1	0	633	36.1642969984202
A_NS	608	633	G	2	0	633	35.9004739336493
A_NS	609	632	G	3	0	631	37.1806656101426
A_NS	610	632	A	3	0	632	37.4287974683544
A_NS	611	634	G	1	0	634	38.8611987381703
A_NS	612	634	A	1	0	630	40.5793650793651
A_NS	613	635	A	0	0	633	40.739336492891
A_NS	614	635	G	0	0	634	39.9952681388013
A_NS	615	635	C	0	0	631	40.8098256735341
A_NS	616	635	T	0	0	635	40.0377952755906
A_NS	617	634	G	1	0	634	40.3785488958991
A_NS	618	634	T	1	0	633	40.0710900473934
A_NS	619	634	G	1	0	634	39.2018927444795
A_NS	620	634	A	1	0	632	39.7405063291139
A_NS	621	634	T	1	0	632	39.6867088607595
A_NS	622	634	G	1	0	632	37.0553797468354
A_NS	623	635	A	0	0	635	37.4015748031496
A_NS	624	633	G	2	0	630	36.5873015873016
A_NS	625	633	A	2	0	632	36.4177215189873
A_NS	626	635	A	0	0	635	38.1622047244094
A_NS	627	635	T	0	0	634	38.9716088328076
A_NS	628	628	G	7	0	624	39.1907051282051
A_NS	629	635	G	0	0	635	39.9385826771654
A_NS	630	635	G	0	0	633	39.3428120063191
A_NS	631	634	A	1	0	633	39.8973143759874
A_NS	632	635	G	0	0	633	40.4486571879937
A_NS	633	635	A	0	0	632	40.4572784810127
A_NS	634	635	C	0	0	635	40.4629921259843
A_NS	635	635	C	0	0	631	39.1838351822504
A_NS	636	633	T	2	0	632	38.9825949367089
A_NS	637	635	T	0	0	634	38.9700315457413
A_NS	638	634	C	1	0	633	37.3301737756714
A_NS	639	635	A	0	0	632	37.3623417721519
A_NS	640	635	C	0	0	632	38.6962025316456
A_NS	641	635	T	0	0	631	40.2044374009509
A_NS	642	630	A	5	0	629	39.329093799682
A_NS	643	634	C	1	0	634	38.8438485804416
A_NS	644	635	C	0	0	634	39.0615141955836
A_NS	645	635	T	0	0	635	39.3952755905512
A_NS	646	635	C	0	0	635	38.1023622047244
A_NS	647	634	C	1	0	634	39.6293375394322
A_NS	648	633	A	2	0	633	37.7567140600316
A_NS	649	628	G	7	0	628	38.8646496815287
A_NS	650	634	A	1	0	633	40.8925750394945
A_NS	651	633	G	2	0	632	41.4256329113924
A_NS	652	634	C	1	0	633	40.8894154818325
A_NS	653	632	A	3	0	631	39.9635499207607
A_NS	654	632	G	3	0	632	39.4572784810127
A_NS	655	633	A	2	0	632	39.2563291139241
A_NS	656	635	A	0	0	633	39.5987361769352
A_NS	657	635	A	0	0	633	40.1864139020537
A_NS	658	635	T	0	0	633	40.5987361769352
A_NS	659	635	G	0	0	632	37.7911392405063
A_NS	660	633	A	2	0	632	38.9825949367089
A_NS	661	635	G	0	0	635	38.496062992126
A_NS	662	633	A	2	0	628	38.8519108280255
A_NS	663	634	A	1	0	632	39.4272151898734
A_NS	664	636	A	1	0	634	38.9794952681388
A_NS	665	635	T	2	0	634	37.2697160883281
A_NS	666	635	G	2	0	633	37.1011058451817
A_NS	667	636	G	1	0	634	38.788643533123
A_NS	668	635	C	2	0	633	38.434439178515
A_NS	669	625	G	12	0	621	38.0563607085346
A_NS	670	636	G	1	0	636	38.998427672956
A_NS	671	636	G	1	0	631	39.188589540412
A_NS	672	636	A	1	0	633	38.3396524486572
A_NS	673	637	A	0	0	634	38.9195583596214
A_NS	674	637	C	0	0	629	38.9697933227345
A_NS	675	636	A	1	0	636	36.9606918238994
A_NS	676	636	A	1	0	634	37.217665615142
A_NS	677	636	T	1	0	636	38.8207547169811
A_NS	678	635	T	2	0	631	39.3898573692552
A_NS	679	630	G	7	0	625	39.0208
A_NS	680	637	G	0	0	634	40.4794952681388
A_NS	681	636	G	2	0	627	40.3700159489633
A_NS	682	635	A	3	0	630	39.9714285714286
A_NS	683	636	C	2	0	633	40.4470774091627
A_NS	684	636	A	2	0	634	40.1072555205047
A_NS	685	635	G	3	0	631	38.9112519809826
A_NS	686	635	A	3	0	634	38.0757097791798
A_NS	687	637	A	1	0	634	38.2208201892744
A_NS	688	638	A	1	0	637	39.0863422291994
A_NS	689	637	T	2	0	628	39.3821656050955
A_NS	690	638	T	1	0	634	39.4652996845426
A_NS	691	639	T	0	0	636	40.5047169811321
A_NS	692	638	G	2	0	637	38.1224489795918
A_NS	693	638	A	2	0	636	37.7767295597484
A_NS	694	638	G	2	0	638	39.5047021943574
A_NS	695	640	G	0	0	637	39.9419152276295
A_NS	696	635	A	5	0	635	40.8677165354331
A_NS	697	640	A	0	0	639	41.1533646322379
A_NS	698	640	A	0	0	640	42.3765625
A_NS	699	640	T	0	0	640	42.2859375
A_NS	700	638	A	2	0	636	41.311320754717
A_NS	701	640	A	0	0	638	41.4310344827586
A_NS	702	639	G	1	0	636	40.9072327044025
A_NS	703	639	A	1	0	639	40.6134585289515
A_NS	704	639	T	1	0	636	40.937106918239
A_NS	705	640	G	0	0	639	40.9420970266041
A_NS	706	640	G	0	0	639	41.0109546165884
A_NS	707	639	T	1	0	638	40.9984326018809
A_NS	708	638	T	2	0	636	41.4135220125786
A_NS	709	638	A	2	0	637	40.182103610675
A_NS	710	640	A	0	0	639	40.8575899843505
A_NS	711	640	T	0	0	639	40.7261345852895
A_NS	712	640	T	0	0	639	41.2723004694836
A_NS	713	639	G	1	0	638	39.3040752351097
A_NS	714	636	A	3	0	635	40.0740157480315
A_NS	715	638	A	1	0	638	39.5266457680251
A_NS	716	638	G	1	0	637	39.1836734693878
A_NS	717	639	A	0	0	639	39.2535211267606
A_NS	718	639	A	0	0	638	40.0078369905956
A_NS	719	639	A	0	0	639	40.7762128325509
A_NS	720	639	T	0	0	638	40.9012539184953
A_NS	721	638	A	1	0	638	41.3401253918495
A_NS	722	638	C	1	0	636	41.8993710691824
A_NS	723	639	G	0	0	637	40.8665620094192
A_NS	724	638	A	1	0	637	40.4599686028257
A_NS	725	638	C	1	0	636	40.0062893081761
A_NS	726	639	A	0	0	638	39.6598746081505
A_NS	727	639	C	0	0	639	40.1455399061033
A_NS	728	639	A	0	0	639	40.5931142410016
A_NS	729	638	G	1	0	637	40.2919937205652
A_NS	730	639	A	0	0	636	40.0455974842767
A_NS	731	639	T	0	0	639	40.4115805946792
A_NS	732	639	T	0	0	639	40.5758998435055
A_NS	733	639	G	0	0	638	38.2194357366771
A_NS	734	637	A	2	0	637	39.3610675039246
A_NS	735	638	A	1	0	638	40.5595611285266
A_NS	736	638	A	0	0	635	41.3338582677165
A_NS	737	638	G	0	0	635	41.0850393700787
A_NS	738	639	C	0	0	635	40.955905511811
A_NS	739	639	G	0	0	631	38.8145800316957
A_NS	740	638	A	1	0	637	38.6546310832025
A_NS	741	637	C	2	0	636	37.7028301886792
A_NS	742	626	A	13	0	624	38.0528846153846
A_NS	743	625	G	14	0	623	39.4526484751204
A_NS	744	629	A	10	0	626	38.9376996805112
A_NS	745	638	A	1	0	637	38.2810047095761
A_NS	746	639	A	0	0	639	38.7183098591549
A_NS	747	639	A	0	0	635	39.3433070866142
A_NS	748	639	T	0	0	634	38.6955835962145
A_NS	749	638	A	1	0	633	36.9794628751975
A_NS	750	638	G	1	0	629	36.3736089030207
A_NS	751	637	T	2	0	634	36.3501577287066
A_NS	752	636	T	3	0	633	36.5244865718799
A_NS	753	634	T	5	0	632	38.4034810126582
A_NS	754	630	C	9	0	617	39.612641815235
A_NS	755	639	G	0	0	636	38.2122641509434
A_NS	756	638	A	1	0	638	38.3808777429467
A_NS	757	639	G	0	0	637	38.7582417582418
A_NS	758	639	C	0	0	638	38.9686520376176
A_NS	759	639	A	0	0	639	40.8528951486698
A_NS	760	639	A	0	0	639	42.2331768388106
A_NS	761	639	A	0	0	638	42.9090909090909
A_NS	762	639	T	0	0	638	42.6050156739812
A_NS	763	639	A	0	0	638	41.9843260188088
A_NS	764	639	A	0	0	639	41.3192488262911
A_NS	765	639	C	0	0	638	40.9043887147335
A_NS	766	638	A	1	0	638	40.5344827586207
A_NS	767	639	T	0	0	638	41.0846394984326
A_NS	768	639	T	0	0	639	41.566510172144
A_NS	769	639	T	0	0	639	41.868544600939
A_NS	770	639	A	0	0	639	42.0485133020344
A_NS	771	639	T	0	0	639	42.1173708920188
A_NS	772	638	G	1	0	638	42.5689655172414
A_NS	773	637	C	2	0	637	42.4442700156986
A_NS	774	637	A	2	0	637	41.5290423861852
A_NS	775	637	A	2	0	637	41.9984301412873
A_NS	776	638	G	1	0	638	42.0956112852665
A_NS	777	638	C	1	0	637	42.287284144427
A_NS	778	639	C	0	0	638	41.1050156739812
A_NS	779	639	T	0	0	639	42.1971830985916
A_NS	780	639	T	0	0	639	41.0923317683881
A_NS	781	639	A	0	0	639	38.793427230047
A_NS	782	639	C	0	0	639	39.18779342723
A_NS	783	638	A	1	0	637	40.2825745682889
A_NS	784	638	A	1	0	637	40.8901098901099
A_NS	785	639	C	0	0	639	41.3849765258216
A_NS	786	639	T	0	0	636	42.0864779874214
A_NS	787	639	A	0	0	638	41.4890282131661
A_NS	788	640	C	0	0	640	41.690625
A_NS	789	639	T	1	0	638	41.8495297805643
A_NS	790	639	G	1	0	639	41.1001564945227
A_NS	791	639	C	1	0	636	39.9921383647799
A_NS	792	638	T	2	0	636	40.0911949685535
A_NS	793	640	T	0	0	639	41.1549295774648
A_NS	794	639	G	1	0	639	39.9264475743349
A_NS	795	638	A	2	0	638	40.9811912225705
A_NS	796	638	A	2	0	637	42.701726844584
A_NS	797	639	G	1	0	638	42.4059561128527
A_NS	798	640	T	0	0	636	42.3380503144654
A_NS	799	639	A	1	0	638	40.564263322884
A_NS	800	638	G	2	0	637	39.8571428571429
A_NS	801	638	A	2	0	637	39.1899529042386
A_NS	802	637	G	3	0	636	38.9135220125786
A_NS	803	638	C	2	0	638	38.666144200627
A_NS	804	637	A	3	0	636	38.2374213836478
A_NS	805	640	A	0	0	640	38.009375
A_NS	806	640	G	0	0	638	38.474921630094
A_NS	807	639	A	1	0	638	38.7727272727273
A_NS	808	639	G	1	0	637	39.8932496075353
A_NS	809	640	A	0	0	640	39.5859375
A_NS	810	640	T	0	0	639	39.8231611893584
A_NS	811	636	A	4	0	633	39.3396524486572
A_NS	812	637	A	3	0	637	39.3673469387755
A_NS	813	639	G	1	0	638	38.192789968652
A_NS	814	638	A	2	0	637	38.8634222919937
A_NS	815	640	G	0	0	638	39.2460815047022
A_NS	816	640	C	0	0	636	40.2798742138365
A_NS	817	639	T	1	0	637	39.734693877551
A_NS	818	640	T	0	0	638	40.1504702194357
A_NS	819	637	T	2	0	635	40.1889763779528
A_NS	820	637	C	2	0	636	39.7389937106918
A_NS	821	638	T	1	0	638	41.0329153605016
A_NS	822	637	C	2	0	627	39.177033492823
A_NS	823	638	G	1	0	638	37.9388714733542
A_NS	824	638	T	1	0	637	37.3108320251177
A_NS	825	638	T	1	0	637	37.1444270015699
A_NS	826	639	T	0	0	639	37.4679186228482
A_NS	827	637	C	1	0	633	39.3364928909953
A_NS	828	639	A	0	0	639	39.9655712050078
A_NS	829	639	G	0	0	639	40.508607198748
A_NS	830	639	C	0	0	638	39.4326018808777
A_NS	831	639	T	0	0	639	39.3348982785603
A_NS	832	639	T	0	0	638	39.9451410658307
A_NS	833	638	A	0	0	638	38.4247648902821
A_NS	834	638	T	0	0	637	37.6530612244898
A_NS	835	638	T	0	0	638	39.3573667711599
A_NS	836	636	T	0	0	636	38.9025157232704
A_NS	837	634	A	0	0	634	38.5173501577287
A_NS	838	633	A	0	0	633	39.6018957345972
