Reference_Name	Position	Coverage Depth	Consensus	Deletions	Ambiguous	Consensus_Count	Consensus_Average_Quality
A_PA	1	26	A	0	0	26	39.3461538461538
A_PA	2	26	T	0	0	26	38.6538461538462
A_PA	3	26	G	0	0	26	37.7307692307692
A_PA	4	26	G	0	0	26	37.5769230769231
A_PA	5	26	A	0	0	26	39.3076923076923
A_PA	6	26	A	0	0	25	38.76
A_PA	7	26	G	0	0	26	41.3846153846154
A_PA	8	26	A	0	0	26	38.5384615384615
A_PA	9	26	C	0	0	26	37.5384615384615
A_PA	10	26	T	0	0	26	36.8076923076923
A_PA	11	26	T	0	0	26	36.6923076923077
A_PA	12	26	T	0	0	26	36.9615384615385
A_PA	13	25	G	1	0	25	35.92
A_PA	14	25	T	1	0	25	39.12
A_PA	15	25	G	1	0	25	40.08
A_PA	16	25	C	1	0	25	38.36
A_PA	17	26	G	0	0	26	38
A_PA	18	26	A	0	0	26	39.3076923076923
A_PA	19	26	C	0	0	26	38.1538461538462
A_PA	20	26	A	0	0	26	39.7307692307692
A_PA	21	26	A	0	0	26	40.6153846153846
A_PA	22	26	T	0	0	26	42.1538461538462
A_PA	23	26	G	0	0	26	38.8846153846154
A_PA	24	26	C	0	0	26	35.8846153846154
A_PA	25	26	T	0	0	26	34.5
A_PA	26	26	T	0	0	26	35.4230769230769
A_PA	27	26	C	0	0	26	32.4230769230769
A_PA	28	26	A	0	0	26	33.6538461538462
A_PA	29	26	A	0	0	26	34.2307692307692
A_PA	30	26	T	0	0	26	34.6153846153846
A_PA	31	26	C	0	0	26	35.1923076923077
A_PA	32	26	C	0	0	26	38.3846153846154
A_PA	33	26	A	0	0	26	37.2692307692308
A_PA	34	26	A	0	0	26	37.7307692307692
A_PA	35	26	T	0	0	26	41.8846153846154
A_PA	36	26	G	0	0	26	38.6538461538462
A_PA	37	26	A	0	0	26	41.3846153846154
A_PA	38	26	T	0	0	26	43.6153846153846
A_PA	39	26	C	0	0	26	40.2692307692308
A_PA	40	26	G	0	0	26	40.6538461538462
A_PA	41	26	T	0	0	26	40.9615384615385
A_PA	42	26	C	0	0	26	41.3846153846154
A_PA	43	26	G	0	0	26	40.4230769230769
A_PA	44	26	A	0	0	26	39.6153846153846
A_PA	45	26	G	0	0	26	38.9615384615385
A_PA	46	26	C	0	0	26	38.8846153846154
A_PA	47	26	T	0	0	26	39.0769230769231
A_PA	48	26	T	0	0	26	39.1153846153846
A_PA	49	26	G	0	0	26	41.0384615384615
A_PA	50	26	C	0	0	26	41.5
A_PA	51	26	G	0	0	26	42.1538461538462
A_PA	52	26	G	0	0	26	41.8846153846154
A_PA	53	26	A	0	0	26	41.9615384615385
A_PA	54	26	A	0	0	26	40.6153846153846
A_PA	55	26	A	0	0	26	40.8846153846154
A_PA	56	26	A	0	0	26	42.6923076923077
A_PA	57	26	G	0	0	26	41
A_PA	58	26	G	0	0	26	40.5
A_PA	59	26	C	0	0	26	39.5
A_PA	60	26	A	0	0	26	37.9230769230769
A_PA	61	26	A	0	0	26	37.9615384615385
A_PA	62	26	T	0	0	26	39.4230769230769
A_PA	63	25	G	1	0	25	38.52
A_PA	64	25	A	1	0	24	39.6666666666667
A_PA	65	25	A	1	0	25	42.52
A_PA	66	25	A	1	0	25	40.8
A_PA	67	26	G	0	0	26	39.8846153846154
A_PA	68	26	A	0	0	26	41.4615384615385
A_PA	69	26	A	0	0	25	41.08
A_PA	70	26	T	0	0	25	41.24
A_PA	71	26	A	0	0	26	40.8846153846154
A_PA	72	26	T	0	0	26	39.9615384615385
A_PA	73	26	G	0	0	26	39.4615384615385
A_PA	74	26	G	0	0	26	39.1538461538462
A_PA	75	26	G	0	0	26	39.9615384615385
A_PA	76	26	G	0	0	26	39.5
A_PA	77	26	A	0	0	26	39.7692307692308
A_PA	78	26	A	0	0	26	40.6923076923077
A_PA	79	26	G	0	0	26	40.5384615384615
A_PA	80	26	A	0	0	26	43
A_PA	81	26	C	0	0	26	41.9230769230769
A_PA	82	26	C	0	0	25	41.64
A_PA	83	26	C	0	0	26	39.8076923076923
A_PA	84	26	C	0	0	26	39.5384615384615
A_PA	85	26	A	0	0	26	39.2307692307692
A_PA	86	26	A	0	0	26	40.6153846153846
A_PA	87	26	A	0	0	26	41.2307692307692
A_PA	88	26	G	0	0	26	42.5
A_PA	89	26	T	0	0	26	42.1153846153846
A_PA	90	26	T	0	0	26	42.8076923076923
A_PA	91	26	G	0	0	26	40.7307692307692
A_PA	92	26	A	0	0	26	42.7307692307692
A_PA	93	26	A	0	0	26	43.9615384615385
A_PA	94	26	A	0	0	26	42.4615384615385
A_PA	95	26	C	0	0	26	43.3846153846154
A_PA	96	26	T	0	0	26	42.7692307692308
A_PA	97	27	A	0	0	27	42.2592592592593
A_PA	98	27	A	0	0	27	43.4444444444444
A_PA	99	27	T	0	0	27	40.2222222222222
A_PA	100	27	A	0	0	27	41.1111111111111
A_PA	101	27	A	0	0	27	41.6666666666667
A_PA	102	27	G	0	0	27	42.4444444444444
A_PA	103	27	T	0	0	27	42.5185185185185
A_PA	104	27	T	0	0	27	43.8888888888889
A_PA	105	27	T	0	0	27	44.5185185185185
A_PA	106	27	G	0	0	27	42.0740740740741
A_PA	107	27	C	0	0	27	41.8148148148148
A_PA	108	27	T	0	0	27	41.5555555555556
A_PA	109	27	G	0	0	27	40.2592592592593
A_PA	110	27	C	0	0	27	38.7777777777778
A_PA	111	27	A	0	0	27	40.037037037037
A_PA	112	27	A	0	0	27	40.9259259259259
A_PA	113	27	T	0	0	27	40.8518518518519
A_PA	114	27	T	0	0	27	41.1481481481481
A_PA	115	27	T	0	0	27	41.962962962963
A_PA	116	27	G	0	0	27	40.5185185185185
A_PA	117	27	C	0	0	27	39.8148148148148
A_PA	118	27	A	0	0	27	39.2592592592593
A_PA	119	27	C	0	0	27	40.7407407407407
A_PA	120	27	A	0	0	27	39.8888888888889
A_PA	121	27	C	0	0	27	39.0740740740741
A_PA	122	27	A	0	0	27	39
A_PA	123	27	T	0	0	27	38.2592592592593
A_PA	124	27	T	0	0	27	39.962962962963
A_PA	125	27	T	0	0	27	38.7037037037037
A_PA	126	27	A	0	0	27	37.1851851851852
A_PA	127	27	G	0	0	27	38
A_PA	128	27	A	0	0	27	41.2962962962963
A_PA	129	27	A	0	0	27	37
A_PA	130	27	G	0	0	27	36.8518518518519
A_PA	131	27	T	0	0	27	41.3703703703704
A_PA	132	27	T	0	0	27	40.962962962963
A_PA	133	27	T	0	0	27	42.8888888888889
A_PA	134	27	G	0	0	27	41.4074074074074
A_PA	135	27	T	0	0	27	40.6296296296296
A_PA	136	27	T	0	0	27	40.8148148148148
A_PA	137	27	T	0	0	27	39.8888888888889
A_PA	138	27	C	0	0	27	35.8888888888889
A_PA	139	27	A	0	0	27	39.7407407407407
A_PA	140	27	T	0	0	27	41.037037037037
A_PA	141	27	G	0	0	27	42.0740740740741
A_PA	142	27	T	0	0	27	42.9259259259259
A_PA	143	27	A	0	0	27	41.7407407407407
A_PA	144	27	T	0	0	27	40.2222222222222
A_PA	145	27	T	0	0	27	40.1111111111111
A_PA	146	27	C	0	0	27	41.4074074074074
A_PA	147	27	G	0	0	27	40.8518518518519
A_PA	148	27	G	0	0	27	40.5185185185185
A_PA	149	27	A	0	0	27	40.037037037037
A_PA	150	27	T	0	0	27	40.0740740740741
A_PA	151	27	T	0	0	27	40.3703703703704
A_PA	152	27	T	0	0	27	41.7037037037037
A_PA	153	27	T	0	0	27	40.037037037037
A_PA	154	27	C	0	0	27	38.1851851851852
A_PA	155	27	A	0	0	27	40.1851851851852
A_PA	156	27	T	0	0	27	39
A_PA	157	27	T	0	0	27	38.1481481481481
A_PA	158	27	T	0	0	27	39.4074074074074
A_PA	159	27	C	0	0	27	37.7037037037037
A_PA	160	27	A	0	0	27	37.8888888888889
A_PA	161	27	T	0	0	27	40.4074074074074
A_PA	162	27	T	0	0	27	39.1111111111111
A_PA	163	27	G	0	0	26	38.6153846153846
A_PA	164	27	A	0	0	27	39.6666666666667
A_PA	165	27	T	0	0	27	40
A_PA	166	27	G	0	0	27	39.5555555555556
A_PA	167	27	A	0	0	27	39.7037037037037
A_PA	168	27	A	0	0	27	40.8518518518519
A_PA	169	27	C	0	0	27	39.5555555555556
A_PA	170	27	G	0	0	27	38.8148148148148
A_PA	171	27	G	0	0	27	38.5555555555556
A_PA	172	27	G	0	0	27	37.8888888888889
A_PA	173	27	G	0	0	27	36.6296296296296
A_PA	174	27	T	0	0	27	38.3333333333333
A_PA	175	27	G	0	0	27	37.5925925925926
A_PA	176	27	A	0	0	27	37.6296296296296
A_PA	177	27	A	0	0	27	39.2962962962963
A_PA	178	27	T	0	0	27	39.4444444444444
A_PA	179	27	C	0	0	27	39.0740740740741
A_PA	180	27	A	0	0	27	39.4074074074074
A_PA	181	27	A	0	0	27	40.037037037037
A_PA	182	27	T	0	0	27	39.5555555555556
A_PA	183	27	A	0	0	27	37.5555555555556
A_PA	184	27	A	0	0	27	38.7037037037037
A_PA	185	27	T	0	0	27	39.2592592592593
A_PA	186	27	T	0	0	27	39.3703703703704
A_PA	187	27	A	0	0	27	38.7407407407407
A_PA	188	27	T	0	0	27	38.962962962963
A_PA	189	27	A	0	0	27	35.3703703703704
A_PA	190	27	G	0	0	27	34.5185185185185
A_PA	191	27	A	0	0	27	34.5925925925926
A_PA	192	27	A	0	0	27	33
A_PA	193	27	T	0	0	27	34.5925925925926
A_PA	194	27	C	0	0	27	35.8518518518519
A_PA	195	27	T	0	0	27	36.2962962962963
A_PA	196	27	G	0	0	27	38.2222222222222
A_PA	197	27	G	0	0	27	37.4074074074074
A_PA	198	27	T	0	0	27	38.6666666666667
A_PA	199	27	G	0	0	27	38.962962962963
A_PA	200	27	A	0	0	27	40.5555555555556
A_PA	201	27	C	0	0	27	38.7407407407407
A_PA	202	27	C	0	0	27	38.5555555555556
A_PA	203	27	C	0	0	26	39.6538461538462
A_PA	204	27	A	0	0	27	38.3333333333333
A_PA	205	27	A	0	0	27	39.5555555555556
A_PA	206	27	A	0	0	27	40.4814814814815
A_PA	207	27	T	0	0	27	40.6296296296296
A_PA	208	27	G	0	0	27	40.962962962963
A_PA	209	27	C	0	0	27	42.4074074074074
A_PA	210	27	A	0	0	27	41
A_PA	211	27	C	0	0	27	41
A_PA	212	27	T	0	0	26	42.1923076923077
A_PA	213	27	A	0	0	27	43.4814814814815
A_PA	214	27	T	0	0	27	42.1851851851852
A_PA	215	27	T	0	0	27	42.5555555555556
A_PA	216	27	G	0	0	27	42.2962962962963
A_PA	217	27	A	0	0	27	40.7777777777778
A_PA	218	27	A	0	0	27	41.2592592592593
A_PA	219	27	G	0	0	27	41.6296296296296
A_PA	220	27	C	0	0	27	41.9259259259259
A_PA	221	27	A	0	0	27	39.962962962963
A_PA	222	27	C	0	0	27	40.7037037037037
A_PA	223	27	C	0	0	27	39.7407407407407
A_PA	224	27	G	0	0	27	39.4814814814815
A_PA	225	27	A	0	0	27	39.0740740740741
A_PA	226	27	T	0	0	27	41.0740740740741
A_PA	227	27	T	0	0	27	40.8148148148148
A_PA	228	27	T	0	0	27	42.7037037037037
A_PA	229	27	G	0	0	27	39.8518518518519
A_PA	230	27	A	0	0	27	40.6296296296296
A_PA	231	27	G	0	0	27	39.3333333333333
A_PA	232	27	A	0	0	27	38.3703703703704
A_PA	233	26	T	1	0	26	39.6538461538462
A_PA	234	26	A	1	0	26	38.6923076923077
A_PA	235	26	A	1	0	26	39.1538461538462
A_PA	236	26	T	1	0	26	39.0769230769231
A_PA	237	27	T	0	0	27	38.2962962962963
A_PA	238	27	G	0	0	26	39.3846153846154
A_PA	239	27	A	0	0	27	37.2592592592593
A_PA	240	26	A	1	0	26	37.5384615384615
A_PA	241	26	G	1	0	26	37.6153846153846
A_PA	242	26	G	1	0	26	35.9615384615385
A_PA	243	27	A	0	0	27	36.8518518518519
A_PA	244	27	A	0	0	27	36.6296296296296
A_PA	245	26	G	1	0	26	36.4615384615385
A_PA	246	27	A	0	0	27	36.5925925925926
A_PA	247	27	G	0	0	26	36.6923076923077
A_PA	248	27	A	0	0	27	35.2592592592593
A_PA	249	27	C	0	0	26	36.1923076923077
A_PA	250	27	C	0	0	26	37.1538461538462
A_PA	251	26	G	1	0	24	38.125
A_PA	252	27	A	0	0	26	37.1923076923077
A_PA	253	27	A	0	0	27	37.7037037037037
A_PA	254	27	T	0	0	27	38.0740740740741
A_PA	255	27	C	0	0	27	37.8148148148148
A_PA	256	27	A	0	0	26	39.9615384615385
A_PA	257	27	T	0	0	27	38.5185185185185
A_PA	258	27	G	0	0	26	37.8076923076923
A_PA	259	27	G	0	0	27	36.4074074074074
A_PA	260	27	C	0	0	27	37.3703703703704
A_PA	261	27	C	0	0	27	35.6666666666667
A_PA	262	27	T	0	0	27	37.7777777777778
A_PA	263	27	G	0	0	27	37.6666666666667
A_PA	264	27	G	0	0	27	39.1111111111111
A_PA	265	27	A	0	0	27	38.4444444444444
A_PA	266	27	C	0	0	27	41.7777777777778
A_PA	267	27	A	0	0	27	41.2962962962963
A_PA	268	27	G	0	0	27	41.1111111111111
A_PA	269	27	T	0	0	27	40.8518518518519
A_PA	270	27	G	0	0	27	40.037037037037
A_PA	271	27	G	0	0	27	40.4074074074074
A_PA	272	27	T	0	0	27	38.6666666666667
A_PA	273	27	G	0	0	27	39.8148148148148
A_PA	274	27	A	0	0	27	41.7037037037037
A_PA	275	27	A	0	0	27	40.7777777777778
A_PA	276	27	C	0	0	27	39.8518518518519
A_PA	277	27	A	0	0	27	39.962962962963
A_PA	278	27	G	0	0	26	40.8846153846154
A_PA	279	27	T	0	0	27	40.3703703703704
A_PA	280	27	A	0	0	27	40.2222222222222
A_PA	281	26	T	1	0	26	41.5769230769231
A_PA	282	26	A	1	0	26	41.3461538461538
A_PA	283	26	T	1	0	26	39.6153846153846
A_PA	284	26	G	1	0	26	40.4615384615385
A_PA	285	26	T	1	0	26	40.1153846153846
A_PA	286	26	A	1	0	26	39.9230769230769
A_PA	287	26	A	1	0	26	41.7692307692308
A_PA	288	26	C	1	0	26	42.8846153846154
A_PA	289	26	A	1	0	26	42.1923076923077
A_PA	290	26	C	1	0	26	44.0769230769231
A_PA	291	26	A	1	0	26	41.4230769230769
A_PA	292	26	A	1	0	26	43.4615384615385
A_PA	293	26	C	1	0	26	42.9230769230769
A_PA	294	26	A	1	0	26	41.6923076923077
A_PA	295	26	G	1	0	26	40.5384615384615
A_PA	296	27	G	0	0	27	42.5555555555556
A_PA	297	27	G	0	0	27	42.7037037037037
A_PA	298	27	A	0	0	27	42.0740740740741
A_PA	299	27	T	0	0	27	42.8518518518519
A_PA	300	27	A	0	0	27	39.962962962963
A_PA	301	27	G	0	0	27	41.037037037037
A_PA	302	27	A	0	0	27	40.6296296296296
A_PA	303	27	G	0	0	27	40.3703703703704
A_PA	304	27	A	0	0	27	41.2222222222222
A_PA	305	27	A	0	0	27	43.7407407407407
A_PA	306	27	G	0	0	27	40.7777777777778
A_PA	307	27	C	0	0	27	41.3703703703704
A_PA	308	27	C	0	0	27	39.6666666666667
A_PA	309	27	T	0	0	27	40
A_PA	310	27	A	0	0	27	38.4074074074074
A_PA	311	27	A	0	0	27	38.5925925925926
A_PA	312	27	A	0	0	27	40.3703703703704
A_PA	313	27	T	0	0	27	41.7407407407407
A_PA	314	27	T	0	0	27	44.2962962962963
A_PA	315	27	T	0	0	27	44.1851851851852
A_PA	316	27	C	0	0	27	43.037037037037
A_PA	317	27	T	0	0	27	45.3703703703704
A_PA	318	27	T	0	0	27	44.3703703703704
A_PA	319	27	C	0	0	27	42.2962962962963
A_PA	320	27	C	0	0	27	44.9259259259259
A_PA	321	27	T	0	0	27	44.4814814814815
A_PA	322	27	G	0	0	27	41.1111111111111
A_PA	323	27	A	0	0	27	42.8518518518519
A_PA	324	27	T	0	0	27	41.1111111111111
A_PA	325	27	T	0	0	27	42.3703703703704
A_PA	326	27	T	0	0	27	40.0740740740741
A_PA	327	27	G	0	0	27	42.2962962962963
A_PA	328	27	T	0	0	27	42.2222222222222
A_PA	329	27	A	0	0	27	42.4814814814815
A_PA	330	27	T	0	0	27	42.7037037037037
A_PA	331	27	G	0	0	27	41.6296296296296
A_PA	332	27	A	0	0	27	40.2592592592593
A_PA	333	27	T	0	0	27	38.962962962963
A_PA	334	27	T	0	0	27	38.7037037037037
A_PA	335	27	A	0	0	27	39
A_PA	336	27	C	0	0	27	38.5555555555556
A_PA	337	26	A	1	0	26	38.8076923076923
A_PA	338	27	A	0	0	27	37.0740740740741
A_PA	339	27	A	0	0	27	36.6296296296296
A_PA	340	27	G	0	0	27	36.1851851851852
A_PA	341	27	A	0	0	27	38.4444444444444
A_PA	342	27	G	0	0	27	37.3703703703704
A_PA	343	27	A	0	0	27	37.2222222222222
A_PA	344	27	A	0	0	27	37.2222222222222
A_PA	345	27	C	0	0	27	38.037037037037
A_PA	346	27	C	0	0	27	36.8888888888889
A_PA	347	27	G	0	0	27	37.1481481481481
A_PA	348	27	G	0	0	27	37.8148148148148
A_PA	349	27	T	0	0	27	38.5555555555556
A_PA	350	27	T	0	0	27	38.1851851851852
A_PA	351	27	C	0	0	27	39.5555555555556
A_PA	352	27	A	0	0	27	38.4074074074074
A_PA	353	27	T	0	0	27	37.8518518518519
A_PA	354	27	T	0	0	27	39.0740740740741
A_PA	355	27	G	0	0	27	38.5555555555556
A_PA	356	27	A	0	0	27	39
A_PA	357	27	A	0	0	27	39.6666666666667
A_PA	358	27	A	0	0	27	39.8888888888889
A_PA	359	27	T	0	0	27	39.037037037037
A_PA	360	27	T	0	0	27	40.8518518518519
A_PA	361	27	G	0	0	27	39.6296296296296
A_PA	362	27	G	0	0	27	41.7037037037037
A_PA	363	27	A	0	0	27	42.0740740740741
A_PA	364	27	G	0	0	27	42.2962962962963
A_PA	365	27	T	0	0	27	41.6666666666667
A_PA	366	27	A	0	0	27	39.962962962963
A_PA	367	27	A	0	0	27	41.1111111111111
A_PA	368	24	C	0	0	24	40.25
A_PA	369	24	A	0	0	24	40.4583333333333
A_PA	370	24	C	0	0	24	42.75
A_PA	371	24	G	0	0	24	39.75
A_PA	372	24	G	0	0	24	38.1666666666667
A_PA	373	24	A	0	0	24	36.625
A_PA	374	24	G	0	0	24	38.3333333333333
A_PA	375	24	G	0	0	24	39.1666666666667
A_PA	376	24	G	0	0	24	39.4166666666667
A_PA	377	24	A	0	0	24	36.1666666666667
A_PA	378	24	A	0	0	24	38.2916666666667
A_PA	379	24	G	0	0	24	41.2083333333333
A_PA	380	24	T	0	0	24	41.0833333333333
A_PA	381	24	C	0	0	24	40.9166666666667
A_PA	382	24	C	0	0	24	40.2916666666667
A_PA	383	24	A	0	0	24	37.9583333333333
A_PA	384	24	C	0	0	24	38.2916666666667
A_PA	385	23	A	1	0	23	37.9565217391304
A_PA	386	23	T	1	0	23	39.2173913043478
A_PA	387	23	A	1	0	23	38.3478260869565
A_PA	388	23	T	1	0	23	39.2173913043478
A_PA	389	24	A	0	0	24	38.4166666666667
A_PA	390	24	T	0	0	24	37.9166666666667
A_PA	391	24	T	0	0	23	39.8260869565217
A_PA	392	24	A	0	0	24	36.4166666666667
A_PA	393	23	C	1	0	22	37.5
A_PA	394	23	T	1	0	23	33.6086956521739
A_PA	395	24	T	0	0	24	36.0416666666667
A_PA	396	24	A	0	0	24	32.8333333333333
A_PA	397	24	G	0	0	24	31.9583333333333
A_PA	398	24	A	0	0	24	35.6666666666667
A_PA	399	24	G	0	0	24	37.9583333333333
A_PA	400	24	A	0	0	24	41.7083333333333
A_PA	401	24	A	0	0	24	41.5
A_PA	402	24	A	0	0	24	43.25
A_PA	403	24	G	0	0	24	43.5
A_PA	404	24	C	0	0	24	42.2083333333333
A_PA	405	24	C	0	0	24	42.9583333333333
A_PA	406	24	A	0	0	24	43.9583333333333
A_PA	407	24	A	0	0	24	44.25
A_PA	408	24	C	0	0	24	43.6666666666667
A_PA	409	24	A	0	0	24	42.8333333333333
A_PA	410	24	A	0	0	24	40.6666666666667
A_PA	411	24	A	0	0	24	42.1666666666667
A_PA	412	24	A	0	0	24	43.4583333333333
A_PA	413	24	T	0	0	24	42.6666666666667
A_PA	414	24	A	0	0	24	40.7916666666667
A_PA	415	24	A	0	0	24	41.5416666666667
A_PA	416	24	A	0	0	24	41.5833333333333
A_PA	417	24	A	0	0	24	41.2916666666667
A_PA	418	24	T	0	0	24	40.9166666666667
A_PA	419	24	C	0	0	24	38.1666666666667
A_PA	420	24	T	0	0	24	39
A_PA	421	24	G	0	0	24	35.3333333333333
A_PA	422	24	A	0	0	24	35.25
A_PA	423	24	G	0	0	23	36.2173913043478
A_PA	424	24	A	0	0	24	39.6666666666667
A_PA	425	24	A	0	0	24	40.5833333333333
A_PA	426	24	G	0	0	24	40.0833333333333
A_PA	427	24	A	0	0	24	40.0416666666667
A_PA	428	24	C	0	0	24	39.6666666666667
A_PA	429	24	A	0	0	24	40.2083333333333
A_PA	430	24	C	0	0	24	40.5416666666667
A_PA	431	24	A	0	0	24	42.375
A_PA	432	24	C	0	0	24	40.4583333333333
A_PA	433	24	A	0	0	24	43.2083333333333
A_PA	434	24	T	0	0	24	42.375
A_PA	435	24	T	0	0	24	40.875
A_PA	436	24	C	0	0	24	40.2916666666667
A_PA	437	24	A	0	0	24	43.125
A_PA	438	24	C	0	0	24	44.5416666666667
A_PA	439	24	A	0	0	24	41
A_PA	440	24	T	0	0	24	42.625
A_PA	441	24	C	0	0	24	41.5833333333333
A_PA	442	23	T	1	0	23	42.3913043478261
A_PA	443	23	T	1	0	23	40.3913043478261
A_PA	444	24	T	0	0	24	41.25
A_PA	445	24	T	0	0	24	38.5416666666667
A_PA	446	24	C	0	0	24	36.375
A_PA	447	24	A	0	0	24	39.7083333333333
A_PA	448	24	T	0	0	24	41.4583333333333
A_PA	449	24	T	0	0	24	41.0833333333333
A_PA	450	24	C	0	0	24	40.5
A_PA	451	24	A	0	0	24	40.25
A_PA	452	24	C	0	0	24	39.9583333333333
A_PA	453	24	T	0	0	24	40.0833333333333
A_PA	454	24	G	0	0	24	37.875
A_PA	455	24	G	0	0	24	38.25
A_PA	456	24	A	0	0	24	38.5
A_PA	457	24	G	0	0	24	41.4583333333333
A_PA	458	24	A	0	0	24	42
A_PA	459	24	G	0	0	24	41.25
A_PA	460	24	G	0	0	24	40.7083333333333
A_PA	461	24	A	0	0	24	42.5833333333333
A_PA	462	24	G	0	0	23	42.4782608695652
A_PA	463	24	A	0	0	24	42.1666666666667
A_PA	464	24	T	0	0	24	43.25
A_PA	465	24	G	0	0	24	42.875
A_PA	466	24	G	0	0	24	42.125
A_PA	467	24	C	0	0	24	41.7916666666667
A_PA	468	24	C	0	0	24	42.5416666666667
A_PA	469	24	A	0	0	24	40.6666666666667
A_PA	470	24	C	0	0	23	43.4782608695652
A_PA	471	24	C	0	0	23	42.7826086956522
A_PA	472	24	A	0	0	24	41.2916666666667
A_PA	473	24	A	0	0	24	40.7083333333333
A_PA	474	24	A	0	0	24	42.9583333333333
A_PA	475	24	G	0	0	24	41.5416666666667
A_PA	476	24	C	0	0	24	40.375
A_PA	477	24	G	0	0	24	40.6666666666667
A_PA	478	24	G	0	0	24	40.375
A_PA	479	24	A	0	0	24	39.625
A_PA	480	24	C	0	0	24	39.6666666666667
A_PA	481	24	T	0	0	24	39.9583333333333
A_PA	482	24	A	0	0	24	39.8333333333333
A_PA	483	24	C	0	0	24	39.375
A_PA	484	24	A	0	0	24	41.125
A_PA	485	24	C	0	0	24	42
A_PA	486	24	C	0	0	24	43.7916666666667
A_PA	487	24	C	0	0	24	42.875
A_PA	488	24	T	0	0	24	43.0416666666667
A_PA	489	24	T	0	0	24	44.2916666666667
A_PA	490	24	G	0	0	24	41.75
A_PA	491	24	A	0	0	24	40.8333333333333
A_PA	492	24	C	0	0	24	40.2083333333333
A_PA	493	24	G	0	0	24	37.9583333333333
A_PA	494	24	A	0	0	24	39.9583333333333
A_PA	495	24	A	0	0	24	38.2916666666667
A_PA	496	24	G	0	0	24	40.0833333333333
A_PA	497	24	A	0	0	24	38.625
A_PA	498	24	A	0	0	24	39.7916666666667
A_PA	499	24	A	0	0	24	41.0833333333333
A_PA	500	24	G	0	0	24	39.2083333333333
A_PA	501	24	C	0	0	24	40.4583333333333
A_PA	502	24	A	0	0	24	38.1666666666667
A_PA	503	24	G	0	0	24	39.2916666666667
A_PA	504	24	A	0	0	24	38.0833333333333
A_PA	505	24	G	0	0	24	38.5
A_PA	506	24	C	0	0	24	38.7083333333333
A_PA	507	24	A	0	0	24	37.8333333333333
A_PA	508	24	A	0	0	24	36.5416666666667
A_PA	509	24	G	0	0	24	37.125
A_PA	510	24	A	0	0	24	37.5416666666667
A_PA	511	24	A	0	0	24	35.625
A_PA	512	24	T	0	0	24	37.0833333333333
A_PA	513	24	C	0	0	24	37.0416666666667
A_PA	514	24	A	0	0	24	36.0833333333333
A_PA	515	24	A	0	0	24	37.2083333333333
A_PA	516	24	A	0	0	24	39.0833333333333
A_PA	517	24	A	0	0	24	38.3333333333333
A_PA	518	24	C	0	0	24	39.25
A_PA	519	24	T	0	0	24	39.7916666666667
A_PA	520	24	A	0	0	24	37.5416666666667
A_PA	521	24	G	0	0	24	38.25
A_PA	522	24	G	0	0	24	37.2916666666667
A_PA	523	24	C	0	0	24	37.4583333333333
A_PA	524	24	T	0	0	24	37.625
A_PA	525	24	T	0	0	24	35.0416666666667
A_PA	526	24	T	0	0	24	36.7083333333333
A_PA	527	24	T	0	0	24	37.2083333333333
A_PA	528	24	C	0	0	23	37.5217391304348
A_PA	529	24	A	0	0	23	38.3478260869565
A_PA	530	24	C	0	0	23	39.0869565217391
A_PA	531	24	T	0	0	24	37.2083333333333
A_PA	532	24	A	0	0	24	37.1666666666667
A_PA	533	24	T	0	0	24	35.5833333333333
A_PA	534	23	A	1	0	23	34.6521739130435
A_PA	535	24	A	0	0	24	33.9583333333333
A_PA	536	24	G	0	0	23	32.9565217391304
A_PA	537	24	A	0	0	24	32.875
A_PA	538	24	C	0	0	24	35.0833333333333
A_PA	539	23	A	1	0	23	39.6086956521739
A_PA	540	24	A	0	0	24	40.3333333333333
A_PA	541	24	G	0	0	24	38.75
A_PA	542	24	A	0	0	24	40.4583333333333
A_PA	543	24	A	0	0	24	41.75
A_PA	544	24	A	0	0	24	40.875
A_PA	545	24	T	0	0	24	40.25
A_PA	546	24	G	0	0	24	38.1666666666667
A_PA	547	24	G	0	0	24	37.75
A_PA	548	24	C	0	0	24	41.6666666666667
A_PA	549	24	C	0	0	24	39.9583333333333
A_PA	550	24	A	0	0	24	39.25
A_PA	551	24	G	0	0	24	40.4166666666667
A_PA	552	24	T	0	0	24	40.4583333333333
A_PA	553	24	A	0	0	24	39
A_PA	554	24	G	0	0	24	39.9583333333333
A_PA	555	24	G	0	0	24	38.75
A_PA	556	24	A	0	0	24	39.6666666666667
A_PA	557	24	G	0	0	24	41.375
A_PA	558	24	T	0	0	24	42.4166666666667
A_PA	559	24	C	0	0	24	39.2083333333333
A_PA	560	23	T	1	0	23	40.0869565217391
A_PA	561	24	A	0	0	24	41.0833333333333
A_PA	562	24	T	0	0	24	41.5
A_PA	563	24	G	0	0	24	38.5833333333333
A_PA	564	24	G	0	0	23	41.9565217391304
A_PA	565	24	G	0	0	24	39.8333333333333
A_PA	566	24	A	0	0	24	40.9166666666667
A_PA	567	24	T	0	0	24	39.7083333333333
A_PA	568	24	T	0	0	23	41.304347826087
A_PA	569	24	C	0	0	24	40.875
A_PA	570	23	C	1	0	23	41.695652173913
A_PA	571	23	T	1	0	23	41.7391304347826
A_PA	572	23	T	1	0	23	40.4782608695652
A_PA	573	24	T	0	0	24	38.7083333333333
A_PA	574	24	C	0	0	24	36.75
A_PA	575	24	G	0	0	24	36.9583333333333
A_PA	576	24	T	0	0	24	37.7083333333333
A_PA	577	24	C	0	0	24	37.125
A_PA	578	24	A	0	0	24	38.0416666666667
A_PA	579	24	G	0	0	24	37
A_PA	580	24	T	0	0	24	37.625
A_PA	581	24	C	0	0	24	37.8333333333333
A_PA	582	24	C	0	0	24	38.875
A_PA	583	24	G	0	0	24	37.4583333333333
A_PA	584	23	A	1	0	23	38.5217391304348
A_PA	585	24	A	0	0	24	38.9583333333333
A_PA	586	24	A	0	0	23	38.695652173913
A_PA	587	24	G	0	0	24	37.2083333333333
A_PA	588	24	A	0	0	24	39.75
A_PA	589	24	G	0	0	24	38.2916666666667
A_PA	590	24	G	0	0	24	39.125
A_PA	591	24	C	0	0	24	37.0416666666667
A_PA	592	24	G	0	0	24	37.8333333333333
A_PA	593	24	A	0	0	24	37.7916666666667
A_PA	594	24	A	0	0	24	37.7083333333333
A_PA	595	24	G	0	0	24	37.5416666666667
A_PA	596	24	A	0	0	24	39.6666666666667
A_PA	597	24	A	0	0	24	39.75
A_PA	598	24	A	0	0	24	40.25
A_PA	599	24	C	0	0	24	40.75
A_PA	600	24	A	0	0	24	39.625
A_PA	601	24	A	0	0	24	41.0833333333333
A_PA	602	24	T	0	0	24	40.2916666666667
A_PA	603	24	T	0	0	24	40.75
A_PA	604	24	G	0	0	24	40
A_PA	605	24	A	0	0	24	41.375
A_PA	606	24	A	0	0	24	41.8333333333333
A_PA	607	24	G	0	0	24	40.4166666666667
A_PA	608	24	A	0	0	24	40.7916666666667
A_PA	609	24	A	0	0	24	40
A_PA	610	24	A	0	0	24	41.3333333333333
A_PA	611	24	A	0	0	24	41.0416666666667
A_PA	612	24	G	0	0	24	39.6666666666667
A_PA	613	24	T	0	0	24	37.5
A_PA	614	24	T	0	0	24	39.75
A_PA	615	24	T	0	0	24	38.625
A_PA	616	24	G	0	0	24	36.1666666666667
A_PA	617	24	A	0	0	24	36.2083333333333
A_PA	618	24	A	0	0	24	36.2916666666667
A_PA	619	23	A	1	0	23	35.6086956521739
A_PA	620	23	T	1	0	23	36.8695652173913
A_PA	621	24	T	0	0	24	35.0833333333333
A_PA	622	23	A	1	0	22	35.8181818181818
A_PA	623	24	C	0	0	24	33.1666666666667
A_PA	624	24	A	0	0	23	32.1739130434783
A_PA	625	24	G	0	0	24	31.25
A_PA	626	23	G	1	0	23	33.4347826086956
A_PA	627	23	A	1	0	23	36.2608695652174
A_PA	628	23	A	1	0	23	36.0869565217391
A_PA	629	23	C	1	0	23	38.5217391304348
A_PA	630	24	T	0	0	24	36.5
A_PA	631	24	A	0	0	24	36.7916666666667
A_PA	632	24	T	0	0	24	37.0833333333333
A_PA	633	24	G	0	0	24	36.625
A_PA	634	24	C	0	0	24	36.9583333333333
A_PA	635	23	G	1	0	23	38.1304347826087
A_PA	636	24	C	0	0	24	38.0833333333333
A_PA	637	24	A	0	0	24	39.1666666666667
A_PA	638	24	A	0	0	24	40.5833333333333
A_PA	639	24	G	0	0	24	40.9583333333333
A_PA	640	24	C	0	0	24	41.0833333333333
A_PA	641	24	T	0	0	24	41.1666666666667
A_PA	642	24	T	0	0	24	41.875
A_PA	643	24	G	0	0	24	42.625
A_PA	644	24	C	0	0	24	42.7916666666667
A_PA	645	24	T	0	0	24	43.6666666666667
A_PA	646	24	G	0	0	24	41.875
A_PA	647	24	A	0	0	24	41.375
A_PA	648	23	C	1	0	23	40.2608695652174
A_PA	649	24	C	0	0	24	40.0833333333333
A_PA	650	24	A	0	0	24	40.1666666666667
A_PA	651	24	A	0	0	24	39.0416666666667
A_PA	652	24	A	0	0	24	42.5
A_PA	653	24	G	0	0	24	41.5
A_PA	654	24	T	0	0	24	41.1666666666667
A_PA	655	24	C	0	0	24	41.5416666666667
A_PA	656	24	T	0	0	24	42.125
A_PA	657	24	C	0	0	24	39.7916666666667
A_PA	658	24	C	0	0	24	39.7083333333333
A_PA	659	24	C	0	0	24	39.1666666666667
A_PA	660	24	A	0	0	24	37.5416666666667
A_PA	661	24	C	0	0	24	38.2083333333333
A_PA	662	24	C	0	0	24	40.75
A_PA	663	24	A	0	0	24	40.3333333333333
A_PA	664	24	A	0	0	24	41.3333333333333
A_PA	665	24	A	0	0	24	40.9583333333333
A_PA	666	24	C	0	0	24	41
A_PA	667	24	T	0	0	24	41.5
A_PA	668	24	T	0	0	24	40.5833333333333
A_PA	669	24	C	0	0	24	40.375
A_PA	670	24	T	0	0	24	39.625
A_PA	671	24	C	0	0	24	39.6666666666667
A_PA	672	24	C	0	0	24	38.375
A_PA	673	24	T	0	0	24	39.7083333333333
A_PA	674	24	G	0	0	24	36.5833333333333
A_PA	675	24	C	0	0	24	36.8333333333333
A_PA	676	24	C	0	0	24	37.1666666666667
A_PA	677	24	T	0	0	24	34.5833333333333
A_PA	678	24	T	0	0	24	35.25
A_PA	679	24	G	0	0	24	36.9583333333333
A_PA	680	24	A	0	0	24	37.5
A_PA	681	24	A	0	0	24	38.5416666666667
A_PA	682	24	A	0	0	24	41.8333333333333
A_PA	683	24	A	0	0	24	41.625
A_PA	684	24	C	0	0	24	41.5
A_PA	685	24	T	0	0	24	41.9166666666667
A_PA	686	24	T	0	0	24	42.125
A_PA	687	24	C	0	0	24	38.0833333333333
A_PA	688	24	A	0	0	24	38.0833333333333
A_PA	689	24	G	0	0	24	37.4166666666667
A_PA	690	24	A	0	0	24	36.3333333333333
A_PA	691	24	G	0	0	24	36.2083333333333
A_PA	692	24	C	0	0	24	36
A_PA	693	24	C	0	0	24	35.1666666666667
A_PA	694	24	T	0	0	24	36.9166666666667
A_PA	695	24	A	0	0	24	35.2083333333333
A_PA	696	24	T	0	0	24	36.75
A_PA	697	24	G	0	0	24	38.125
A_PA	698	24	T	0	0	24	39.75
A_PA	699	24	A	0	0	24	36.5833333333333
A_PA	700	24	G	0	0	24	39.0833333333333
A_PA	701	24	A	0	0	24	40
A_PA	702	24	T	0	0	24	39.7083333333333
A_PA	703	24	G	0	0	24	36.75
A_PA	704	24	G	0	0	24	37.1666666666667
A_PA	705	24	A	0	0	24	38.0416666666667
A_PA	706	24	T	0	0	24	38.9166666666667
A_PA	707	24	T	0	0	24	38.9583333333333
A_PA	708	24	C	0	0	24	37.9583333333333
A_PA	709	23	G	1	0	23	39.2173913043478
A_PA	710	24	A	0	0	24	36.7083333333333
A_PA	711	24	G	0	0	24	37.375
A_PA	712	24	C	0	0	24	36.0416666666667
A_PA	713	24	C	0	0	23	34.9565217391304
A_PA	714	24	G	0	0	23	35.1739130434783
A_PA	715	24	A	0	0	24	35.9166666666667
A_PA	716	24	A	0	0	24	35.875
A_PA	717	24	C	0	0	24	34.5833333333333
A_PA	718	24	G	0	0	24	33.7916666666667
A_PA	719	24	G	0	0	24	36.75
A_PA	720	24	C	0	0	24	36.625
A_PA	721	24	T	0	0	24	36.8333333333333
A_PA	722	24	G	0	0	24	36.625
A_PA	723	24	C	0	0	24	36.125
A_PA	724	24	A	0	0	23	35.7391304347826
A_PA	725	24	T	0	0	23	37.1304347826087
A_PA	726	24	T	0	0	24	35.4583333333333
A_PA	727	24	G	0	0	24	36.9583333333333
A_PA	728	24	A	0	0	24	37.5416666666667
A_PA	729	24	G	0	0	24	38.3333333333333
A_PA	730	24	G	0	0	24	40
A_PA	731	24	G	0	0	24	39.2916666666667
A_PA	732	23	C	1	0	23	38.4347826086956
A_PA	733	23	A	1	0	23	40
A_PA	734	24	A	0	0	23	40.1304347826087
A_PA	735	24	G	0	0	24	39.4166666666667
A_PA	736	24	C	0	0	24	36.7916666666667
A_PA	737	24	T	0	0	23	37.5652173913044
A_PA	738	24	T	0	0	24	38.0416666666667
A_PA	739	24	T	0	0	24	33.625
A_PA	740	24	C	0	0	23	31.2608695652174
A_PA	741	24	C	0	0	24	33.7083333333333
A_PA	742	24	C	0	0	24	36.5416666666667
A_PA	743	24	A	0	0	24	31.75
A_PA	744	24	A	0	0	24	35.9166666666667
A_PA	745	24	A	0	0	24	39.75
A_PA	746	24	T	0	0	24	37.125
A_PA	747	24	G	0	0	24	38.625
A_PA	748	24	T	0	0	24	39.875
A_PA	749	24	C	0	0	24	37.5416666666667
A_PA	750	24	A	0	0	24	37.9583333333333
A_PA	751	24	A	0	0	24	37.75
A_PA	752	24	A	0	0	24	39.2083333333333
A_PA	753	24	A	0	0	24	40.2083333333333
A_PA	754	24	G	0	0	24	42.7083333333333
A_PA	755	24	A	0	0	24	43.6666666666667
A_PA	756	24	A	0	0	24	43.2916666666667
A_PA	757	24	G	0	0	24	39.6666666666667
A_PA	758	24	T	0	0	24	38.3333333333333
A_PA	759	24	G	0	0	24	37.125
A_PA	760	24	A	0	0	24	37.125
A_PA	761	24	A	0	0	24	36.5
A_PA	762	24	C	0	0	24	38.4166666666667
A_PA	763	24	G	0	0	24	36.4583333333333
A_PA	764	24	C	0	0	24	35.4583333333333
A_PA	765	24	C	0	0	24	35.7083333333333
A_PA	766	24	A	0	0	24	35.4166666666667
A_PA	767	24	A	0	0	24	36.4583333333333
A_PA	768	24	A	0	0	24	38.7083333333333
A_PA	769	24	A	0	0	24	38.625
A_PA	770	24	T	0	0	24	38.8333333333333
A_PA	771	24	T	0	0	24	41.25
A_PA	772	24	G	0	0	24	40.5
A_PA	773	24	A	0	0	24	39.6666666666667
A_PA	774	24	A	0	0	24	38.2916666666667
A_PA	775	24	C	0	0	24	38.625
A_PA	776	24	C	0	0	24	37.7083333333333
A_PA	777	24	A	0	0	24	37.75
A_PA	778	24	T	0	0	24	37.625
A_PA	779	24	T	0	0	24	37.25
A_PA	780	24	C	0	0	24	37.1666666666667
A_PA	781	24	T	0	0	24	36.625
A_PA	782	24	T	0	0	24	38.2083333333333
A_PA	783	24	G	0	0	24	36.25
A_PA	784	24	A	0	0	24	35.75
A_PA	785	24	A	0	0	24	37
A_PA	786	24	G	0	0	24	34.75
A_PA	787	24	A	0	0	24	34.4583333333333
A_PA	788	24	C	0	0	24	33.625
A_PA	789	24	G	0	0	24	32.75
A_PA	790	24	A	0	0	24	32.7916666666667
A_PA	791	24	C	0	0	24	37.4166666666667
A_PA	792	24	A	0	0	24	36.5
A_PA	793	24	C	0	0	24	38.125
A_PA	794	24	C	0	0	24	38
A_PA	795	24	A	0	0	24	35.7083333333333
A_PA	796	24	C	0	0	24	35.3333333333333
A_PA	797	24	G	0	0	24	34.4583333333333
A_PA	798	24	C	0	0	24	34.6666666666667
A_PA	799	24	C	0	0	24	34.0833333333333
A_PA	800	24	C	0	0	24	35.3333333333333
A_PA	801	24	C	0	0	24	31.7916666666667
A_PA	802	24	T	0	0	24	30.875
A_PA	803	24	T	0	0	24	32.0833333333333
A_PA	804	24	C	0	0	24	30.2916666666667
A_PA	805	24	A	0	0	24	30.0833333333333
A_PA	806	24	G	0	0	23	35.4347826086956
A_PA	807	24	A	0	0	23	35.2173913043478
A_PA	808	24	T	0	0	24	36.875
A_PA	809	24	T	0	0	24	38.125
A_PA	810	24	A	0	0	24	37.2083333333333
A_PA	811	24	C	0	0	24	39.6666666666667
A_PA	812	24	C	0	0	24	39.3333333333333
A_PA	813	24	T	0	0	24	40.5833333333333
A_PA	814	24	G	0	0	24	38.875
A_PA	815	24	A	0	0	24	40
A_PA	816	24	T	0	0	24	40.9166666666667
A_PA	817	23	G	1	0	23	39.8695652173913
A_PA	818	24	G	0	0	24	40.0416666666667
A_PA	819	24	A	0	0	24	39.375
A_PA	820	24	C	0	0	24	40.125
A_PA	821	24	C	0	0	23	39.9130434782609
A_PA	822	24	T	0	0	24	38
A_PA	823	24	C	0	0	24	37.5
A_PA	824	24	T	0	0	24	37.6666666666667
A_PA	825	24	T	0	0	24	39.375
A_PA	826	24	T	0	0	24	40.9583333333333
A_PA	827	24	G	0	0	24	39.2916666666667
A_PA	828	24	C	0	0	24	41.4166666666667
A_PA	829	24	C	0	0	24	39.6666666666667
A_PA	830	24	A	0	0	24	39.75
A_PA	831	24	T	0	0	24	40.2916666666667
A_PA	832	24	C	0	0	24	36.25
A_PA	833	24	A	0	0	24	37.2916666666667
A_PA	834	24	G	0	0	24	38.25
A_PA	835	24	C	0	0	24	39.7916666666667
A_PA	836	24	G	0	0	23	39.1304347826087
A_PA	837	24	G	0	0	24	37.4583333333333
A_PA	838	24	T	0	0	24	38.375
A_PA	839	23	C	1	0	23	35.9565217391304
A_PA	840	24	A	0	0	24	33.6666666666667
A_PA	841	24	A	0	0	24	33.4583333333333
A_PA	842	24	A	0	0	24	35.5
A_PA	843	24	G	0	0	23	33.4782608695652
A_PA	844	24	T	0	0	24	33.625
A_PA	845	24	T	0	0	24	32.875
A_PA	846	24	C	0	0	24	32.3333333333333
A_PA	847	24	C	0	0	24	32.8333333333333
A_PA	848	24	T	0	0	24	35.5416666666667
A_PA	849	24	G	0	0	24	37.2916666666667
A_PA	850	24	C	0	0	24	38.6666666666667
A_PA	851	24	T	0	0	24	38.2083333333333
A_PA	852	24	G	0	0	24	37.5833333333333
A_PA	853	24	A	0	0	24	36.7083333333333
A_PA	854	24	T	0	0	24	37.0416666666667
A_PA	855	24	G	0	0	24	38.375
A_PA	856	24	G	0	0	24	39.5416666666667
A_PA	857	24	A	0	0	24	38.0416666666667
A_PA	858	24	T	0	0	24	39.5416666666667
A_PA	859	24	G	0	0	24	39.1666666666667
A_PA	860	24	C	0	0	24	38.25
A_PA	861	24	T	0	0	24	39.4583333333333
A_PA	862	23	C	1	0	23	40.695652173913
A_PA	863	24	T	0	0	24	40.7916666666667
A_PA	864	24	G	0	0	24	38.875
A_PA	865	24	A	0	0	24	38.3333333333333
A_PA	866	24	A	0	0	24	40.125
A_PA	867	24	A	0	0	24	41.125
A_PA	868	24	T	0	0	24	41.3333333333333
A_PA	869	24	T	0	0	24	42.2083333333333
A_PA	870	24	A	0	0	24	37.25
A_PA	871	24	A	0	0	24	36.75
A_PA	872	24	G	0	0	24	37.25
A_PA	873	24	C	0	0	24	36.875
A_PA	874	24	A	0	0	24	36.9166666666667
A_PA	875	24	T	0	0	24	37.3333333333333
A_PA	876	24	T	0	0	24	37.75
A_PA	877	24	G	0	0	24	37.125
A_PA	878	24	A	0	0	24	38.0833333333333
A_PA	879	24	A	0	0	24	37.5833333333333
A_PA	880	24	G	0	0	24	38.7083333333333
A_PA	881	24	A	0	0	24	39.7083333333333
A_PA	882	24	C	0	0	24	38.25
A_PA	883	24	C	0	0	24	38.75
A_PA	884	24	C	0	0	24	39.375
A_PA	885	24	G	0	0	24	36.4583333333333
A_PA	886	24	A	0	0	24	35.9166666666667
A_PA	887	24	G	0	0	24	34.7083333333333
A_PA	888	24	T	0	0	24	35.8333333333333
A_PA	889	24	C	0	0	24	34.4583333333333
A_PA	890	24	A	0	0	24	36.5416666666667
A_PA	891	24	C	0	0	24	36.8333333333333
A_PA	892	24	G	0	0	23	37.3478260869565
A_PA	893	24	A	0	0	24	35.6666666666667
A_PA	894	19	G	5	0	19	35.7894736842105
A_PA	895	24	G	0	0	24	35.7083333333333
A_PA	896	24	G	0	0	24	36.875
A_PA	897	24	G	0	0	24	38.2083333333333
A_PA	898	24	G	0	0	24	37.375
A_PA	899	24	A	0	0	24	37.8333333333333
A_PA	900	24	A	0	0	24	37.7916666666667
A_PA	901	24	G	0	0	24	37.6666666666667
A_PA	902	24	G	0	0	24	38.9583333333333
A_PA	903	24	A	0	0	24	39.5833333333333
A_PA	904	24	A	0	0	24	39.5
A_PA	905	24	T	0	0	24	40.5
A_PA	906	24	A	0	0	24	40.0833333333333
A_PA	907	24	C	0	0	24	40.2083333333333
A_PA	908	24	C	0	0	24	40.0833333333333
A_PA	909	24	A	0	0	24	38.25
A_PA	910	24	C	0	0	24	38.625
A_PA	911	24	T	0	0	24	39.375
A_PA	912	24	A	0	0	24	37.9583333333333
A_PA	913	24	T	0	0	24	38.9583333333333
A_PA	914	24	A	0	0	24	39.625
A_PA	915	24	T	0	0	24	39.8333333333333
A_PA	916	23	G	1	0	23	41
A_PA	917	24	A	0	0	23	39.1739130434783
A_PA	918	24	T	0	0	23	38.5652173913044
A_PA	919	24	G	0	0	24	37.5
A_PA	920	24	C	0	0	23	38.304347826087
A_PA	921	24	A	0	0	23	35.695652173913
A_PA	922	24	A	0	0	24	34.875
A_PA	923	24	T	0	0	23	34.4347826086956
A_PA	924	24	C	0	0	23	33.9130434782609
A_PA	925	24	A	0	0	23	34.8260869565217
A_PA	926	24	A	0	0	24	40.5
A_PA	927	24	A	0	0	24	37.7083333333333
A_PA	928	24	T	0	0	24	39.75
A_PA	929	24	G	0	0	24	39.5833333333333
A_PA	930	24	C	0	0	24	40.8333333333333
A_PA	931	24	A	0	0	24	40.7083333333333
A_PA	932	24	T	0	0	24	41.0416666666667
A_PA	933	24	G	0	0	24	40.9583333333333
A_PA	934	24	A	0	0	24	40.625
A_PA	935	24	A	0	0	24	43.125
A_PA	936	24	G	0	0	24	41.6666666666667
A_PA	937	24	A	0	0	24	42.375
A_PA	938	24	C	0	0	24	42.2916666666667
A_PA	939	24	A	0	0	24	43.0416666666667
A_PA	940	24	T	0	0	24	43
A_PA	941	24	T	0	0	24	42.7083333333333
A_PA	942	24	C	0	0	24	41.875
A_PA	943	24	T	0	0	24	41.9583333333333
A_PA	944	24	T	0	0	24	40.1666666666667
A_PA	945	24	T	0	0	24	38.75
A_PA	946	24	G	0	0	24	38.75
A_PA	947	24	G	0	0	24	38.5
A_PA	948	24	C	0	0	24	39.0416666666667
A_PA	949	24	T	0	0	24	39.7083333333333
A_PA	950	24	G	0	0	24	38.0416666666667
A_PA	951	24	G	0	0	24	39.8333333333333
A_PA	952	24	A	0	0	23	39.9565217391304
A_PA	953	24	A	0	0	24	41.1666666666667
A_PA	954	24	A	0	0	24	41.6666666666667
A_PA	955	24	G	0	0	24	40.9583333333333
A_PA	956	24	A	0	0	24	40.75
A_PA	957	24	G	0	0	24	40.2916666666667
A_PA	958	24	C	0	0	24	40.4583333333333
A_PA	959	24	C	0	0	24	39.7083333333333
A_PA	960	24	T	0	0	24	39.7916666666667
A_PA	961	24	A	0	0	24	40.2083333333333
A_PA	962	24	A	0	0	24	41.75
A_PA	963	24	A	0	0	24	42.25
A_PA	964	24	A	0	0	24	41.7083333333333
A_PA	965	24	T	0	0	24	43.3333333333333
A_PA	966	24	A	0	0	24	40.4166666666667
A_PA	967	24	G	0	0	24	40.4583333333333
A_PA	968	24	T	0	0	24	39.2916666666667
A_PA	969	24	C	0	0	24	39.6666666666667
A_PA	970	24	A	0	0	24	39.5
A_PA	971	24	A	0	0	24	41.2916666666667
A_PA	972	24	A	0	0	24	41.1666666666667
A_PA	973	24	C	0	0	24	41.125
A_PA	974	24	C	0	0	24	41.9166666666667
A_PA	975	24	A	0	0	24	40.625
A_PA	976	24	C	0	0	24	41.2916666666667
A_PA	977	24	A	0	0	24	41.125
A_PA	978	24	T	0	0	24	41.6666666666667
A_PA	979	24	G	0	0	24	40.9166666666667
A_PA	980	24	A	0	0	24	40.7916666666667
A_PA	981	24	G	0	0	24	40.75
A_PA	982	23	A	1	0	23	42.3478260869565
A_PA	983	24	A	0	0	24	43.7083333333333
A_PA	984	24	A	0	0	24	42.6666666666667
A_PA	985	24	G	0	0	24	43.1666666666667
A_PA	986	24	G	0	0	24	44.3333333333333
A_PA	987	24	T	0	0	24	44.625
A_PA	988	24	G	0	0	23	43.8260869565217
A_PA	989	24	T	0	0	24	43.375
A_PA	990	23	A	1	0	23	43.7826086956522
A_PA	991	24	A	0	0	24	43.625
A_PA	992	24	A	0	0	24	43.2083333333333
A_PA	993	24	T	0	0	24	42.625
A_PA	994	24	C	0	0	23	41.8260869565217
A_PA	995	24	C	0	0	24	42.0833333333333
A_PA	996	24	C	0	0	24	42.0416666666667
A_PA	997	24	A	0	0	24	41.3333333333333
A_PA	998	24	A	0	0	24	40.375
A_PA	999	24	T	0	0	24	42.375
A_PA	1000	24	T	0	0	24	43.0416666666667
A_PA	1001	24	A	0	0	24	40.2916666666667
A_PA	1002	24	C	0	0	24	39.7083333333333
A_PA	1003	24	C	0	0	24	39.125
A_PA	1004	24	T	0	0	24	39.9583333333333
A_PA	1005	24	C	0	0	24	38.7916666666667
A_PA	1006	24	A	0	0	24	38
A_PA	1007	24	T	0	0	24	39.2083333333333
A_PA	1008	24	G	0	0	24	40.8333333333333
A_PA	1009	24	A	0	0	24	39.7083333333333
A_PA	1010	24	C	0	0	24	39.4166666666667
A_PA	1011	24	T	0	0	24	38.6666666666667
A_PA	1012	24	T	0	0	24	38
A_PA	1013	24	G	0	0	24	38.125
A_PA	1014	24	G	0	0	24	35.25
A_PA	1015	24	A	0	0	24	35.375
A_PA	1016	24	A	0	0	24	36.375
A_PA	1017	24	G	0	0	24	35.3333333333333
A_PA	1018	24	C	0	0	24	36.5833333333333
A_PA	1019	24	A	0	0	24	36.6666666666667
A_PA	1020	24	G	0	0	24	37.5416666666667
A_PA	1021	24	G	0	0	24	37.4583333333333
A_PA	1022	24	T	0	0	24	37.7916666666667
A_PA	1023	24	G	0	0	24	36.875
A_PA	1024	24	C	0	0	24	36.1666666666667
A_PA	1025	24	T	0	0	24	36.6666666666667
A_PA	1026	24	A	0	0	24	37.4583333333333
A_PA	1027	24	G	0	0	24	36
A_PA	1028	24	C	0	0	24	36.4166666666667
A_PA	1029	24	A	0	0	24	38.1666666666667
A_PA	1030	24	G	0	0	24	38.2916666666667
A_PA	1031	24	A	0	0	24	39.625
A_PA	1032	24	G	0	0	24	41.1666666666667
A_PA	1033	24	C	0	0	24	39.5
A_PA	1034	24	T	0	0	24	38.4583333333333
A_PA	1035	24	A	0	0	24	40.9583333333333
A_PA	1036	24	C	0	0	24	39.375
A_PA	1037	24	A	0	0	24	39.4166666666667
A_PA	1038	24	G	0	0	24	38.8333333333333
A_PA	1039	24	G	0	0	24	39.1666666666667
A_PA	1040	24	A	0	0	24	39.2916666666667
A_PA	1041	24	C	0	0	24	40.5
A_PA	1042	24	A	0	0	24	38.7916666666667
A_PA	1043	24	T	0	0	24	39.375
A_PA	1044	24	T	0	0	24	40.2083333333333
A_PA	1045	24	G	0	0	24	40.3333333333333
A_PA	1046	24	A	0	0	24	40.2916666666667
A_PA	1047	24	A	0	0	24	40.1666666666667
A_PA	1048	24	A	0	0	24	42.5
A_PA	1049	24	A	0	0	24	42.25
A_PA	1050	24	T	0	0	24	41.3333333333333
A_PA	1051	24	G	0	0	24	39.4583333333333
A_PA	1052	23	A	1	0	23	37.5217391304348
A_PA	1053	24	A	0	0	24	38.7916666666667
A_PA	1054	24	G	0	0	24	37.375
A_PA	1055	24	A	0	0	24	37.5833333333333
A_PA	1056	24	G	0	0	23	40.2173913043478
A_PA	1057	24	A	0	0	23	41.1739130434783
A_PA	1058	24	A	0	0	24	38.5833333333333
A_PA	1059	24	A	0	0	22	42.9545454545455
A_PA	1060	24	A	0	0	24	42.2916666666667
A_PA	1061	24	T	0	0	24	40.5833333333333
A_PA	1062	23	C	1	0	23	38.695652173913
A_PA	1063	24	C	0	0	24	39.4583333333333
A_PA	1064	24	C	0	0	24	41.2916666666667
A_PA	1065	23	A	1	0	23	38.5652173913044
A_PA	1066	24	A	0	0	24	38.9583333333333
A_PA	1067	24	G	0	0	24	41.5833333333333
A_PA	1068	24	G	0	0	24	41.625
A_PA	1069	24	A	0	0	24	41.9166666666667
A_PA	1070	24	C	0	0	24	41.875
A_PA	1071	24	A	0	0	24	38.3333333333333
A_PA	1072	24	A	0	0	23	41.0869565217391
A_PA	1073	24	A	0	0	24	39.2083333333333
A_PA	1074	24	G	0	0	23	41.1304347826087
A_PA	1075	24	A	0	0	23	41.5217391304348
A_PA	1076	24	A	0	0	24	43.5416666666667
A_PA	1077	24	C	0	0	24	41.375
A_PA	1078	24	A	0	0	24	42.2083333333333
A_PA	1079	24	T	0	0	24	41
A_PA	1080	24	G	0	0	24	39.75
A_PA	1081	24	A	0	0	24	39.4166666666667
A_PA	1082	24	A	0	0	24	42.2083333333333
A_PA	1083	24	G	0	0	23	39.7391304347826
A_PA	1084	24	A	0	0	24	43.0833333333333
A_PA	1085	24	A	0	0	24	43.125
A_PA	1086	24	G	0	0	24	40.7083333333333
A_PA	1087	23	A	1	0	23	41.5652173913044
A_PA	1088	24	C	0	0	24	39.8333333333333
A_PA	1089	24	A	0	0	24	39.25
A_PA	1090	24	A	0	0	24	38.625
A_PA	1091	24	G	0	0	24	40.2916666666667
A_PA	1092	24	C	0	0	24	41.5833333333333
A_PA	1093	24	C	0	0	24	40.6666666666667
A_PA	1094	24	A	0	0	24	42.75
A_PA	1095	24	A	0	0	24	42.125
A_PA	1096	24	T	0	0	24	40.5833333333333
A_PA	1097	24	T	0	0	24	42.2083333333333
A_PA	1098	24	G	0	0	24	39.4166666666667
A_PA	1099	24	A	0	0	24	41.4583333333333
A_PA	1100	24	A	0	0	24	41.4583333333333
A_PA	1101	24	G	0	0	24	41.75
A_PA	1102	24	T	0	0	24	39.7916666666667
A_PA	1103	24	G	0	0	24	41.5
A_PA	1104	24	G	0	0	24	43.2916666666667
A_PA	1105	24	G	0	0	24	40.4166666666667
A_PA	1106	24	C	0	0	24	42
A_PA	1107	24	A	0	0	24	41.9583333333333
A_PA	1108	24	C	0	0	24	40.5833333333333
A_PA	1109	24	T	0	0	24	41.4166666666667
A_PA	1110	24	C	0	0	24	39.1666666666667
A_PA	1111	24	G	0	0	24	37.5416666666667
A_PA	1112	24	G	0	0	24	38.2083333333333
A_PA	1113	24	T	0	0	24	38.0833333333333
A_PA	1114	24	G	0	0	24	38.375
A_PA	1115	24	A	0	0	24	39.7083333333333
A_PA	1116	24	A	0	0	24	42.875
A_PA	1117	24	A	0	0	24	44.3333333333333
A_PA	1118	24	A	0	0	24	45.8333333333333
A_PA	1119	24	T	0	0	24	44.9583333333333
A_PA	1120	24	A	0	0	24	43.7916666666667
A_PA	1121	24	T	0	0	24	44.4166666666667
A_PA	1122	24	G	0	0	24	42.875
A_PA	1123	24	G	0	0	24	44.375
A_PA	1124	24	C	0	0	24	43.0416666666667
A_PA	1125	24	A	0	0	24	41.7916666666667
A_PA	1126	24	C	0	0	24	43.1666666666667
A_PA	1127	24	C	0	0	24	41.1666666666667
A_PA	1128	24	T	0	0	24	40
A_PA	1129	24	G	0	0	24	38.7083333333333
A_PA	1130	24	A	0	0	24	38.5
A_PA	1131	24	A	0	0	24	40.125
A_PA	1132	24	A	0	0	24	40.125
A_PA	1133	24	A	0	0	24	41
A_PA	1134	24	A	0	0	24	40.875
A_PA	1135	24	G	0	0	24	41.3333333333333
A_PA	1136	24	T	0	0	24	40.25
A_PA	1137	24	G	0	0	24	39.5416666666667
A_PA	1138	24	G	0	0	24	40.75
A_PA	1139	24	A	0	0	24	40.1666666666667
A_PA	1140	24	C	0	0	24	41.8333333333333
A_PA	1141	24	T	0	0	24	43.2916666666667
A_PA	1142	24	T	0	0	24	42.2083333333333
A_PA	1143	24	T	0	0	24	42.7916666666667
A_PA	1144	24	G	0	0	24	42.25
A_PA	1145	24	A	0	0	24	42.7916666666667
A_PA	1146	24	T	0	0	24	42.5
A_PA	1147	24	G	0	0	24	40.2083333333333
A_PA	1148	24	A	0	0	24	41.25
A_PA	1149	24	C	0	0	24	40.6666666666667
A_PA	1150	24	T	0	0	24	40.2083333333333
A_PA	1151	24	G	0	0	24	40.375
A_PA	1152	24	T	0	0	24	38.875
A_PA	1153	24	A	0	0	24	36.875
A_PA	1154	24	A	0	0	24	37
A_PA	1155	24	A	0	0	24	37.4166666666667
A_PA	1156	24	G	0	0	24	38.7916666666667
A_PA	1157	24	A	0	0	24	40.0833333333333
A_PA	1158	24	T	0	0	23	40.9130434782609
A_PA	1159	24	G	0	0	24	37.0833333333333
A_PA	1160	24	T	0	0	24	37.875
A_PA	1161	23	T	1	0	23	37.2608695652174
A_PA	1162	23	G	1	0	23	34
A_PA	1163	24	G	0	0	24	33.25
A_PA	1164	24	A	0	0	24	34.875
A_PA	1165	24	G	0	0	24	36.0416666666667
A_PA	1166	24	A	0	0	24	37.25
A_PA	1167	24	C	0	0	24	37.3333333333333
A_PA	1168	24	C	0	0	23	33.7826086956522
A_PA	1169	24	T	0	0	24	33.125
A_PA	1170	24	T	0	0	24	33
A_PA	1171	24	A	0	0	24	31.1666666666667
A_PA	1172	24	A	0	0	24	33.0416666666667
A_PA	1173	24	A	0	0	24	36.1666666666667
A_PA	1174	24	C	0	0	24	36.5416666666667
A_PA	1175	24	A	0	0	23	39.0869565217391
A_PA	1176	24	G	0	0	23	38.0869565217391
A_PA	1177	24	T	0	0	24	37.25
A_PA	1178	24	A	0	0	24	36.125
A_PA	1179	24	T	0	0	24	35.9166666666667
A_PA	1180	24	G	0	0	23	38
A_PA	1181	24	A	0	0	23	37.0434782608696
A_PA	1182	24	C	0	0	24	37.25
A_PA	1183	24	A	0	0	24	39.0416666666667
A_PA	1184	24	G	0	0	24	39.7916666666667
A_PA	1185	24	T	0	0	24	40.5
A_PA	1186	24	G	0	0	24	38.9166666666667
A_PA	1187	24	A	0	0	24	38.6666666666667
A_PA	1188	24	T	0	0	23	40.5217391304348
A_PA	1189	24	G	0	0	23	36
A_PA	1190	24	A	0	0	24	34.375
A_PA	1191	24	G	0	0	23	35.7391304347826
A_PA	1192	24	C	0	0	24	34.1666666666667
A_PA	1193	24	C	0	0	24	35.0833333333333
A_PA	1194	24	A	0	0	24	38.0416666666667
A_PA	1195	23	G	1	0	22	37.7727272727273
A_PA	1196	24	A	0	0	24	33.9583333333333
A_PA	1197	24	G	0	0	24	34.625
A_PA	1198	24	C	0	0	24	34.2916666666667
A_PA	1199	24	C	0	0	24	33.375
A_PA	1200	24	C	0	0	24	34.375
A_PA	1201	24	A	0	0	24	32.5416666666667
A_PA	1202	24	G	0	0	24	35.5416666666667
A_PA	1203	24	A	0	0	24	36.9166666666667
A_PA	1204	23	T	1	0	23	37.1304347826087
A_PA	1205	22	C	2	0	22	37.9545454545455
A_PA	1206	24	T	0	0	24	37.5416666666667
A_PA	1207	24	C	0	0	24	37.5416666666667
A_PA	1208	23	T	1	0	23	36.6086956521739
A_PA	1209	24	A	0	0	24	37
A_PA	1210	24	G	0	0	24	39.2916666666667
A_PA	1211	23	C	1	0	23	38.3478260869565
A_PA	1212	24	A	0	0	23	38.8260869565217
A_PA	1213	24	A	0	0	24	38.6666666666667
A_PA	1214	24	G	0	0	24	39.625
A_PA	1215	24	C	0	0	24	38.4166666666667
A_PA	1216	24	T	0	0	24	39.125
A_PA	1217	24	G	0	0	24	39.375
A_PA	1218	24	G	0	0	24	39.75
A_PA	1219	24	G	0	0	24	39.25
A_PA	1220	24	T	0	0	24	39.2916666666667
A_PA	1221	24	C	0	0	24	38.7916666666667
A_PA	1222	24	C	0	0	24	38.5
A_PA	1223	23	A	1	0	23	39.4347826086956
A_PA	1224	24	G	0	0	24	39.125
A_PA	1225	24	A	0	0	24	38.3333333333333
A_PA	1226	24	A	0	0	24	39.0833333333333
A_PA	1227	24	T	0	0	24	37.9583333333333
A_PA	1228	24	G	0	0	24	37.4166666666667
A_PA	1229	24	A	0	0	24	39.4166666666667
A_PA	1230	24	A	0	0	24	39.5833333333333
A_PA	1231	24	T	0	0	24	39.0833333333333
A_PA	1232	24	T	0	0	24	39.2083333333333
A_PA	1233	24	C	0	0	24	40.2916666666667
A_PA	1234	24	A	0	0	24	40.875
A_PA	1235	24	A	0	0	24	41.25
A_PA	1236	24	T	0	0	24	42.8333333333333
A_PA	1237	24	A	0	0	24	42.875
A_PA	1238	24	A	0	0	24	41.5833333333333
A_PA	1239	23	G	1	0	23	41.695652173913
A_PA	1240	24	G	0	0	24	40.75
A_PA	1241	24	C	0	0	24	41.5
A_PA	1242	24	A	0	0	24	40.9166666666667
A_PA	1243	24	T	0	0	24	39.7083333333333
A_PA	1244	24	G	0	0	24	40.25
A_PA	1245	24	T	0	0	24	40.5833333333333
A_PA	1246	24	G	0	0	24	39.6666666666667
A_PA	1247	24	A	0	0	24	40.5833333333333
A_PA	1248	24	A	0	0	24	40.7916666666667
A_PA	1249	24	T	0	0	24	39.75
A_PA	1250	24	T	0	0	23	38.304347826087
A_PA	1251	24	G	0	0	23	35.5217391304348
A_PA	1252	24	A	0	0	24	36.875
A_PA	1253	24	C	0	0	24	37.3333333333333
A_PA	1254	24	T	0	0	24	37.2916666666667
A_PA	1255	24	G	0	0	23	37.304347826087
A_PA	1256	24	A	0	0	24	39.6666666666667
A_PA	1257	24	T	0	0	24	41.125
A_PA	1258	24	T	0	0	24	41.2916666666667
A_PA	1259	24	C	0	0	24	40.4583333333333
A_PA	1260	24	A	0	0	24	41.25
A_PA	1261	24	A	0	0	24	40.5416666666667
A_PA	1262	24	G	0	0	24	39.0416666666667
A_PA	1263	24	C	0	0	24	38.5833333333333
A_PA	1264	24	T	0	0	24	39.7916666666667
A_PA	1265	24	G	0	0	24	38.5
A_PA	1266	24	G	0	0	24	38.9583333333333
A_PA	1267	24	A	0	0	24	40.0833333333333
A_PA	1268	24	T	0	0	24	40.75
A_PA	1269	24	A	0	0	24	38.875
A_PA	1270	24	G	0	0	24	39.8333333333333
A_PA	1271	24	A	0	0	24	39.625
A_PA	1272	24	A	0	0	24	40.1666666666667
A_PA	1273	24	C	0	0	24	38.5833333333333
A_PA	1274	24	T	0	0	24	39.0416666666667
A_PA	1275	24	T	0	0	24	40.375
A_PA	1276	24	G	0	0	24	39.3333333333333
A_PA	1277	24	A	0	0	24	39.5416666666667
A_PA	1278	24	T	0	0	24	41.8333333333333
A_PA	1279	24	G	0	0	24	39.9583333333333
A_PA	1280	24	A	0	0	24	40.3333333333333
A_PA	1281	24	A	0	0	24	40.7083333333333
A_PA	1282	24	A	0	0	24	39.2083333333333
A_PA	1283	24	T	0	0	24	39.4166666666667
A_PA	1284	24	A	0	0	24	34.5
A_PA	1285	24	G	0	0	24	35.7916666666667
A_PA	1286	24	G	0	0	24	35.4166666666667
A_PA	1287	24	A	0	0	24	32.5833333333333
A_PA	1288	24	G	0	0	24	32.2083333333333
A_PA	1289	24	A	0	0	24	35.9166666666667
A_PA	1290	24	A	0	0	24	34.8333333333333
A_PA	1291	24	G	0	0	23	34.3478260869565
A_PA	1292	24	A	0	0	23	32.3478260869565
A_PA	1293	24	T	0	0	24	33
A_PA	1294	24	G	0	0	24	31.0416666666667
A_PA	1295	22	T	2	0	22	32.9090909090909
A_PA	1296	24	T	0	0	24	30.3333333333333
A_PA	1297	23	G	1	0	23	31.8260869565217
A_PA	1298	23	C	1	0	21	33.8095238095238
A_PA	1299	24	C	0	0	23	31.4347826086957
A_PA	1300	24	C	0	0	24	31.875
A_PA	1301	24	C	0	0	24	31.5
A_PA	1302	23	G	1	0	23	30.3478260869565
A_PA	1303	24	A	0	0	24	31.0416666666667
A_PA	1304	24	T	0	0	24	33.9583333333333
A_PA	1305	24	T	0	0	24	33.7083333333333
A_PA	1306	24	G	0	0	24	37.6666666666667
A_PA	1307	24	A	0	0	24	39.1666666666667
A_PA	1308	24	A	0	0	24	40.125
A_PA	1309	24	C	0	0	24	40.7916666666667
A_PA	1310	23	A	1	0	23	40.695652173913
A_PA	1311	23	T	1	0	23	39.9565217391304
A_PA	1312	24	A	0	0	24	38.4583333333333
A_PA	1313	24	T	0	0	24	37.375
A_PA	1314	24	A	0	0	24	36.5416666666667
A_PA	1315	24	G	0	0	24	36.6666666666667
A_PA	1316	24	C	0	0	24	38.9583333333333
A_PA	1317	24	A	0	0	24	39.7916666666667
A_PA	1318	24	A	0	0	24	40.4583333333333
A_PA	1319	24	G	0	0	24	39.625
A_PA	1320	24	C	0	0	24	40.375
A_PA	1321	24	A	0	0	24	39.9583333333333
A_PA	1322	24	T	0	0	24	41.375
A_PA	1323	24	G	0	0	24	38.0416666666667
A_PA	1324	24	A	0	0	24	39
A_PA	1325	24	G	0	0	24	38.9583333333333
A_PA	1326	24	G	0	0	24	38.5416666666667
A_PA	1327	24	A	0	0	24	40.4166666666667
A_PA	1328	24	G	0	0	24	39.25
A_PA	1329	24	G	0	0	24	40.2083333333333
A_PA	1330	23	A	1	0	22	41.1818181818182
A_PA	1331	24	A	0	0	24	41.0416666666667
A_PA	1332	24	C	0	0	24	41.8333333333333
A_PA	1333	24	T	0	0	24	41.2916666666667
A_PA	1334	24	A	0	0	24	41.25
A_PA	1335	24	T	0	0	24	41.1666666666667
A_PA	1336	24	T	0	0	24	41.75
A_PA	1337	24	T	0	0	24	40.9583333333333
A_PA	1338	24	C	0	0	24	41.6666666666667
A_PA	1339	24	A	0	0	24	41.375
A_PA	1340	24	C	0	0	24	41.3333333333333
A_PA	1341	24	A	0	0	24	41.5
A_PA	1342	24	G	0	0	24	40.5
A_PA	1343	24	C	0	0	24	39.2083333333333
A_PA	1344	24	A	0	0	24	39.9166666666667
A_PA	1345	24	G	0	0	24	41.0833333333333
A_PA	1346	24	A	0	0	24	40.5416666666667
A_PA	1347	24	A	0	0	24	41.0833333333333
A_PA	1348	24	G	0	0	24	40.75
A_PA	1349	24	T	0	0	24	41.7916666666667
A_PA	1350	24	G	0	0	24	42.25
A_PA	1351	24	T	0	0	24	43.4166666666667
A_PA	1352	24	C	0	0	24	40.4166666666667
A_PA	1353	24	C	0	0	24	41.625
A_PA	1354	24	C	0	0	24	39.9583333333333
A_PA	1355	24	A	0	0	24	39.75
A_PA	1356	24	C	0	0	24	40.3333333333333
A_PA	1357	24	T	0	0	24	42.4166666666667
A_PA	1358	24	G	0	0	24	41.5416666666667
A_PA	1359	24	C	0	0	24	42.3333333333333
A_PA	1360	24	A	0	0	24	40.875
A_PA	1361	24	G	0	0	24	40.9583333333333
A_PA	1362	24	G	0	0	24	40.75
A_PA	1363	24	G	0	0	24	40.2083333333333
A_PA	1364	24	C	0	0	24	39.5416666666667
A_PA	1365	24	T	0	0	24	41.75
A_PA	1366	24	A	0	0	24	41.8333333333333
A_PA	1367	24	C	0	0	24	39.875
A_PA	1368	24	T	0	0	24	42.0416666666667
A_PA	1369	24	G	0	0	23	40.8260869565217
A_PA	1370	24	A	0	0	24	39.375
A_PA	1371	24	A	0	0	24	39.9166666666667
A_PA	1372	24	T	0	0	24	42
A_PA	1373	24	A	0	0	24	41.6666666666667
A_PA	1374	24	C	0	0	24	41.4166666666667
A_PA	1375	24	A	0	0	24	43.2916666666667
A_PA	1376	24	T	0	0	24	43.9166666666667
A_PA	1377	24	A	0	0	24	40.75
A_PA	1378	24	A	0	0	24	41.5
A_PA	1379	24	T	0	0	24	40.3333333333333
A_PA	1380	24	G	0	0	24	38.6666666666667
A_PA	1381	24	A	0	0	24	38.7083333333333
A_PA	1382	24	A	0	0	24	37.9583333333333
A_PA	1383	24	G	0	0	24	39.1666666666667
A_PA	1384	24	G	0	0	24	39.5833333333333
A_PA	1385	24	G	0	0	24	39.625
A_PA	1386	24	A	0	0	24	40.3333333333333
A_PA	1387	24	G	0	0	24	40.9166666666667
A_PA	1388	24	T	0	0	24	39.8333333333333
A_PA	1389	24	G	0	0	24	39.3333333333333
A_PA	1390	24	T	0	0	24	38.1666666666667
A_PA	1391	24	A	0	0	24	38.2916666666667
A_PA	1392	24	C	0	0	24	37.5833333333333
A_PA	1393	24	A	0	0	24	38
A_PA	1394	24	T	0	0	24	38.25
A_PA	1395	24	A	0	0	24	38.1666666666667
A_PA	1396	24	A	0	0	24	38.875
A_PA	1397	24	A	0	0	24	40.25
A_PA	1398	24	T	0	0	24	40.7083333333333
A_PA	1399	24	A	0	0	24	39.875
A_PA	1400	24	C	0	0	24	41.3333333333333
A_PA	1401	24	G	0	0	24	38.25
A_PA	1402	24	G	0	0	24	38.3333333333333
A_PA	1403	24	C	0	0	24	37.9583333333333
A_PA	1404	24	C	0	0	24	37.625
A_PA	1405	24	T	0	0	24	37.7083333333333
A_PA	1406	24	T	0	0	24	39.9166666666667
A_PA	1407	24	G	0	0	24	38.6666666666667
A_PA	1408	24	C	0	0	24	38.375
A_PA	1409	24	T	0	0	24	39.375
A_PA	1410	24	T	0	0	24	41.7083333333333
A_PA	1411	24	A	0	0	24	39.375
A_PA	1412	24	A	0	0	24	40.4166666666667
A_PA	1413	24	T	0	0	24	40.375
A_PA	1414	24	G	0	0	24	39.9166666666667
A_PA	1415	24	C	0	0	23	41.5652173913044
A_PA	1416	24	A	0	0	24	41.4166666666667
A_PA	1417	24	T	0	0	24	41.5416666666667
A_PA	1418	24	C	0	0	24	40.7916666666667
A_PA	1419	24	C	0	0	24	41.0416666666667
A_PA	1420	24	T	0	0	24	39.9166666666667
A_PA	1421	24	G	0	0	24	40.7916666666667
A_PA	1422	24	T	0	0	24	41.5416666666667
A_PA	1423	24	G	0	0	24	41.9166666666667
A_PA	1424	24	C	0	0	24	41.7916666666667
A_PA	1425	24	A	0	0	24	41.5
A_PA	1426	24	G	0	0	24	42.4166666666667
A_PA	1427	24	C	0	0	24	42.0833333333333
A_PA	1428	24	C	0	0	24	42.875
A_PA	1429	24	A	0	0	24	40
A_PA	1430	24	T	0	0	24	41.4583333333333
A_PA	1431	24	G	0	0	24	41.0416666666667
A_PA	1432	24	G	0	0	24	39.7916666666667
A_PA	1433	24	A	0	0	24	40.2083333333333
A_PA	1434	24	T	0	0	24	41.2916666666667
A_PA	1435	24	G	0	0	24	40.4583333333333
A_PA	1436	24	A	0	0	24	37.375
A_PA	1437	24	C	0	0	24	35.7083333333333
A_PA	1438	24	T	0	0	24	37
A_PA	1439	24	T	0	0	24	36.625
A_PA	1440	24	T	0	0	24	35.125
A_PA	1441	24	C	0	0	24	32.7083333333333
A_PA	1442	24	A	0	0	24	34.875
A_PA	1443	24	G	0	0	24	35.6666666666667
A_PA	1444	24	C	0	0	24	34.5
A_PA	1445	24	T	0	0	24	34.9583333333333
A_PA	1446	24	G	0	0	24	34.7083333333333
A_PA	1447	24	A	0	0	24	33.75
A_PA	1448	24	T	0	0	24	34.5833333333333
A_PA	1449	24	T	0	0	24	32.0833333333333
A_PA	1450	24	C	0	0	24	32
A_PA	1451	24	C	0	0	24	35.9583333333333
A_PA	1452	24	A	0	0	24	36.5416666666667
A_PA	1453	24	A	0	0	24	35.8333333333333
A_PA	1454	24	T	0	0	24	34.4583333333333
A_PA	1455	24	G	0	0	24	36.125
A_PA	1456	24	A	0	0	24	39.25
A_PA	1457	24	T	0	0	24	40.75
A_PA	1458	24	A	0	0	24	41.8333333333333
A_PA	1459	24	A	0	0	24	40.25
A_PA	1460	24	G	0	0	24	40
A_PA	1461	24	C	0	0	24	40.1666666666667
A_PA	1462	24	A	0	0	24	39.5416666666667
A_PA	1463	24	A	0	0	24	40.1666666666667
A_PA	1464	24	A	0	0	24	39.5833333333333
A_PA	1465	24	T	0	0	24	38.6666666666667
A_PA	1466	25	G	0	0	25	37.24
A_PA	1467	25	T	0	0	25	38.04
A_PA	1468	25	A	0	0	25	36.16
A_PA	1469	25	G	0	0	25	33.76
A_PA	1470	25	A	0	0	25	34.12
A_PA	1471	25	A	0	0	25	34.04
A_PA	1472	25	C	0	0	25	34.12
A_PA	1473	25	C	0	0	25	33.4
A_PA	1474	24	A	1	0	24	32.2083333333333
A_PA	1475	25	A	0	0	25	34.08
A_PA	1476	25	A	0	0	25	35.72
A_PA	1477	25	G	0	0	25	33.28
A_PA	1478	25	A	0	0	25	34.36
A_PA	1479	25	A	0	0	25	37.8
A_PA	1480	25	G	0	0	24	35.5416666666667
A_PA	1481	25	G	0	0	25	34.4
A_PA	1482	25	A	0	0	25	38.24
A_PA	1483	24	A	1	0	24	38.0833333333333
A_PA	1484	24	G	1	0	24	37.25
A_PA	1485	24	A	1	0	24	38.5833333333333
A_PA	1486	24	C	1	0	24	36.0833333333333
A_PA	1487	24	G	1	0	24	35.625
A_PA	1488	25	G	0	0	24	34.25
A_PA	1489	25	A	0	0	25	35.24
A_PA	1490	25	A	0	0	25	37.08
A_PA	1491	25	A	0	0	25	39.28
A_PA	1492	25	A	0	0	25	39.4
A_PA	1493	25	C	0	0	25	40.16
A_PA	1494	25	A	0	0	25	37.72
A_PA	1495	25	A	0	0	25	39.96
A_PA	1496	25	A	0	0	25	40.24
A_PA	1497	25	C	0	0	25	40.44
A_PA	1498	25	C	0	0	25	40.8
A_PA	1499	25	T	0	0	25	41.16
A_PA	1500	25	G	0	0	25	40.4
A_PA	1501	25	T	0	0	25	40.48
A_PA	1502	25	A	0	0	25	40.16
A_PA	1503	25	T	0	0	25	40.04
A_PA	1504	24	G	1	0	24	39.3333333333333
A_PA	1505	25	G	0	0	25	39.16
A_PA	1506	25	G	0	0	25	38.68
A_PA	1507	25	T	0	0	25	39.52
A_PA	1508	25	T	0	0	25	39.16
A_PA	1509	25	C	0	0	24	39.4166666666667
A_PA	1510	25	A	0	0	25	38.72
A_PA	1511	25	T	0	0	25	42.04
A_PA	1512	25	T	0	0	25	41.6
A_PA	1513	25	G	0	0	25	40.4
A_PA	1514	25	T	0	0	25	40.4
A_PA	1515	23	A	2	0	23	36.2173913043478
A_PA	1516	25	A	0	0	25	37.32
A_PA	1517	25	A	0	0	23	36.2608695652174
A_PA	1518	25	G	0	0	25	37.52
A_PA	1519	25	G	0	0	25	42.76
A_PA	1520	25	G	0	0	25	42.12
A_PA	1521	25	A	0	0	25	39.6
A_PA	1522	25	A	0	0	25	41.36
A_PA	1523	25	G	0	0	25	39.64
A_PA	1524	25	G	0	0	25	37.88
A_PA	1525	25	T	0	0	25	37.96
A_PA	1526	25	C	0	0	25	38.04
A_PA	1527	25	T	0	0	25	38.64
A_PA	1528	25	C	0	0	25	38.2
A_PA	1529	25	A	0	0	25	37.36
A_PA	1530	25	T	0	0	25	37.12
A_PA	1531	25	T	0	0	25	37.76
A_PA	1532	25	T	0	0	25	37.12
A_PA	1533	25	G	0	0	25	36.52
A_PA	1534	25	A	0	0	25	36.84
A_PA	1535	24	G	1	0	24	38.5
A_PA	1536	25	A	0	0	25	37.24
A_PA	1537	25	A	0	0	25	38.6
A_PA	1538	25	A	0	0	25	38.8
A_PA	1539	25	T	0	0	25	38.2
A_PA	1540	25	G	0	0	25	37.88
A_PA	1541	25	A	0	0	25	36.28
A_PA	1542	25	T	0	0	25	35.6
A_PA	1543	25	A	0	0	25	35.16
A_PA	1544	25	C	0	0	25	36.48
A_PA	1545	25	C	0	0	25	34.44
A_PA	1546	25	G	0	0	25	33.56
A_PA	1547	26	A	0	0	26	36.5384615384615
A_PA	1548	26	T	0	0	26	35.7307692307692
A_PA	1549	26	G	0	0	26	34.5
A_PA	1550	26	T	0	0	26	35.6153846153846
A_PA	1551	26	A	0	0	26	35.4615384615385
A_PA	1552	26	G	0	0	26	36.2692307692308
A_PA	1553	26	T	0	0	26	37.7307692307692
A_PA	1554	26	G	0	0	26	37.2692307692308
A_PA	1555	26	A	0	0	26	38.3076923076923
A_PA	1556	26	A	0	0	26	38.9615384615385
A_PA	1557	26	C	0	0	26	37.3461538461538
A_PA	1558	26	T	0	0	26	37.6923076923077
A_PA	1559	26	T	0	0	26	39.3461538461538
A_PA	1560	26	T	0	0	26	40.4230769230769
A_PA	1561	26	G	0	0	26	39.7307692307692
A_PA	1562	26	T	0	0	26	41.1923076923077
A_PA	1563	26	A	0	0	26	38.8461538461538
A_PA	1564	26	A	0	0	25	40.44
A_PA	1565	26	G	0	0	25	39.08
A_PA	1566	26	T	0	0	26	40.8461538461538
A_PA	1567	26	A	0	0	26	40.8076923076923
A_PA	1568	26	T	0	0	26	40.4615384615385
A_PA	1569	26	G	0	0	26	40.5769230769231
A_PA	1570	26	G	0	0	26	39.2692307692308
A_PA	1571	26	A	0	0	26	38.5769230769231
A_PA	1572	26	G	0	0	26	37.7307692307692
A_PA	1573	26	T	0	0	26	37.3846153846154
A_PA	1574	26	T	0	0	26	40.5769230769231
A_PA	1575	26	C	0	0	26	40.5
A_PA	1576	26	T	0	0	26	41.5384615384615
A_PA	1577	26	C	0	0	26	43.2692307692308
A_PA	1578	26	A	0	0	26	42.2692307692308
A_PA	1579	26	C	0	0	26	41.5
A_PA	1580	25	T	1	0	25	40.56
A_PA	1581	26	C	0	0	25	40.44
A_PA	1582	26	A	0	0	26	40
A_PA	1583	26	C	0	0	26	41.5769230769231
A_PA	1584	26	T	0	0	26	42.1153846153846
A_PA	1585	26	G	0	0	26	41.2692307692308
A_PA	1586	26	A	0	0	26	41.1923076923077
A_PA	1587	26	T	0	0	26	41.4615384615385
A_PA	1588	26	C	0	0	26	41.6153846153846
A_PA	1589	26	C	0	0	26	40.3846153846154
A_PA	1590	26	A	0	0	26	41.2692307692308
A_PA	1591	26	A	0	0	26	41.3846153846154
A_PA	1592	26	G	0	0	25	42.36
A_PA	1593	26	A	0	0	26	40.2692307692308
A_PA	1594	26	C	0	0	26	40.0769230769231
A_PA	1595	26	T	0	0	26	40.0769230769231
A_PA	1596	26	G	0	0	26	39.6538461538462
A_PA	1597	26	G	0	0	26	39.3846153846154
A_PA	1598	26	A	0	0	26	38.8846153846154
A_PA	1599	26	G	0	0	25	40.76
A_PA	1600	26	C	0	0	26	40.3076923076923
A_PA	1601	26	C	0	0	26	40.0384615384615
A_PA	1602	26	A	0	0	26	39.0769230769231
A_PA	1603	26	C	0	0	26	38.4230769230769
A_PA	1604	26	A	0	0	26	38.2307692307692
A_PA	1605	26	C	0	0	26	38.3461538461538
A_PA	1606	26	A	0	0	26	38.8846153846154
A_PA	1607	26	A	0	0	26	39.1153846153846
A_PA	1608	26	A	0	0	26	40.0384615384615
A_PA	1609	26	T	0	0	26	38.5
A_PA	1610	24	G	2	0	24	38.7916666666667
A_PA	1611	26	G	0	0	26	39.9230769230769
A_PA	1612	26	G	0	0	26	37.9230769230769
A_PA	1613	26	A	0	0	26	38.4615384615385
A_PA	1614	26	A	0	0	26	40.5384615384615
A_PA	1615	26	A	0	0	26	40.6153846153846
A_PA	1616	26	A	0	0	25	43.12
A_PA	1617	26	A	0	0	26	41.0384615384615
A_PA	1618	26	T	0	0	25	42.8
A_PA	1619	26	A	0	0	25	41.08
A_PA	1620	26	C	0	0	25	39.04
A_PA	1621	26	T	0	0	26	39.2307692307692
A_PA	1622	26	G	0	0	26	38.1923076923077
A_PA	1623	26	T	0	0	26	38.5769230769231
A_PA	1624	26	G	0	0	26	39.2692307692308
A_PA	1625	26	T	0	0	26	40.0769230769231
A_PA	1626	26	C	0	0	25	40.96
A_PA	1627	26	C	0	0	25	39.72
A_PA	1628	26	T	0	0	26	39.2692307692308
A_PA	1629	26	T	0	0	26	38.3076923076923
A_PA	1630	26	G	0	0	26	36.6923076923077
A_PA	1631	26	A	0	0	26	37.5769230769231
A_PA	1632	26	A	0	0	26	38.8846153846154
A_PA	1633	26	A	0	0	25	37.52
A_PA	1634	26	T	0	0	25	38.08
A_PA	1635	26	A	0	0	25	34.48
A_PA	1636	26	G	0	0	26	33.7307692307692
A_PA	1637	26	G	0	0	25	33.28
A_PA	1638	26	A	0	0	26	34.9615384615385
A_PA	1639	26	G	0	0	26	34.6923076923077
A_PA	1640	26	A	0	0	26	36.6538461538462
A_PA	1641	26	C	0	0	25	37.2
A_PA	1642	26	A	0	0	26	36.0769230769231
A_PA	1643	26	T	0	0	26	38.1923076923077
A_PA	1644	26	G	0	0	26	38.4230769230769
A_PA	1645	26	C	0	0	26	40.2307692307692
A_PA	1646	26	T	0	0	25	42.16
A_PA	1647	26	A	0	0	26	38.9230769230769
A_PA	1648	26	T	0	0	26	36.4615384615385
A_PA	1649	26	T	0	0	25	38.24
A_PA	1650	26	G	0	0	26	36.5384615384615
A_PA	1651	26	A	0	0	26	34.7692307692308
A_PA	1652	26	G	0	0	26	35.8461538461538
A_PA	1653	26	G	0	0	26	37.3461538461538
A_PA	1654	26	A	0	0	26	36.6153846153846
A_PA	1655	26	C	0	0	26	37.3076923076923
A_PA	1656	25	T	1	0	25	38.76
A_PA	1657	25	G	1	0	25	38.08
A_PA	1658	25	C	1	0	25	38.64
A_PA	1659	25	G	1	0	25	38.68
A_PA	1660	26	A	0	0	26	37.8461538461538
A_PA	1661	26	T	0	0	26	37.0769230769231
A_PA	1662	26	A	0	0	24	38.9583333333333
A_PA	1663	26	G	0	0	26	39
A_PA	1664	26	G	0	0	26	39.7307692307692
A_PA	1665	26	T	0	0	26	39.9615384615385
A_PA	1666	26	C	0	0	26	38.4615384615385
A_PA	1667	26	A	0	0	25	38.92
A_PA	1668	26	A	0	0	26	37.6153846153846
A_PA	1669	25	G	1	0	25	39.28
A_PA	1670	25	T	1	0	25	40.4
A_PA	1671	26	G	0	0	26	39.6538461538462
A_PA	1672	26	T	0	0	26	39.7692307692308
A_PA	1673	26	C	0	0	26	36.2307692307692
A_PA	1674	25	G	1	0	24	36.1666666666667
A_PA	1675	25	A	1	0	25	34.88
A_PA	1676	26	G	0	0	26	34.6538461538462
A_PA	1677	26	G	0	0	26	33.2692307692308
A_PA	1678	26	C	0	0	25	36.88
A_PA	1679	26	C	0	0	25	38.88
A_PA	1680	25	T	1	0	24	39.4166666666667
A_PA	1681	26	A	0	0	26	39.4615384615385
A_PA	1682	26	T	0	0	25	41.44
A_PA	1683	26	G	0	0	26	39.7307692307692
A_PA	1684	26	T	0	0	26	41.0384615384615
A_PA	1685	26	T	0	0	26	39.9615384615385
A_PA	1686	26	C	0	0	26	41.4230769230769
A_PA	1687	26	C	0	0	26	42.1538461538462
A_PA	1688	25	T	1	0	25	41.96
A_PA	1689	25	A	1	0	25	41.6
A_PA	1690	25	T	1	0	25	41.8
A_PA	1691	26	A	0	0	26	40.9615384615385
A_PA	1692	26	T	0	0	25	41.8
A_PA	1693	26	G	0	0	26	38.3461538461538
A_PA	1694	26	T	0	0	26	39.6153846153846
A_PA	1695	26	G	0	0	26	41.4615384615385
A_PA	1696	26	A	0	0	26	40.6923076923077
A_PA	1697	26	G	0	0	25	41.52
A_PA	1698	26	A	0	0	26	40.1153846153846
A_PA	1699	26	A	0	0	26	39.1538461538462
A_PA	1700	26	C	0	0	26	38.9230769230769
A_PA	1701	26	C	0	0	26	41.2307692307692
A_PA	1702	26	A	0	0	26	39.4615384615385
A_PA	1703	25	A	1	0	25	39.88
A_PA	1704	25	T	1	0	25	39.76
A_PA	1705	26	G	0	0	25	38.48
A_PA	1706	26	G	0	0	26	37.6538461538462
A_PA	1707	26	A	0	0	26	39.1923076923077
A_PA	1708	26	A	0	0	26	40.1923076923077
A_PA	1709	26	C	0	0	26	39.9615384615385
A_PA	1710	27	C	0	0	27	39.2962962962963
A_PA	1711	27	T	0	0	27	39.9259259259259
A_PA	1712	27	C	0	0	27	38.8518518518519
A_PA	1713	27	C	0	0	27	39.3703703703704
A_PA	1714	26	A	1	0	26	40.4615384615385
A_PA	1715	27	A	0	0	27	40.6296296296296
A_PA	1716	27	A	0	0	26	41.3076923076923
A_PA	1717	27	A	0	0	27	41.5555555555556
A_PA	1718	27	T	0	0	27	42.2222222222222
A_PA	1719	27	C	0	0	27	39.5555555555556
A_PA	1720	27	A	0	0	27	39.962962962963
A_PA	1721	26	A	1	0	26	39.7692307692308
A_PA	1722	26	G	1	0	26	41
A_PA	1723	27	A	0	0	27	39.4444444444444
A_PA	1724	27	T	0	0	27	40.1851851851852
A_PA	1725	27	G	0	0	27	39.9259259259259
A_PA	1726	27	A	0	0	27	39.8148148148148
A_PA	1727	27	A	0	0	27	40.5555555555556
A_PA	1728	27	A	0	0	27	41.1851851851852
A_PA	1729	27	T	0	0	27	41.5185185185185
A_PA	1730	27	G	0	0	27	40.1111111111111
A_PA	1731	27	G	0	0	27	40.5925925925926
A_PA	1732	27	G	0	0	27	38.962962962963
A_PA	1733	27	G	0	0	27	39.5185185185185
A_PA	1734	27	C	0	0	27	40.4074074074074
A_PA	1735	27	A	0	0	27	40.6666666666667
A_PA	1736	26	T	1	0	26	40.2692307692308
A_PA	1737	26	G	1	0	26	40.2307692307692
A_PA	1738	26	G	1	0	26	41.8846153846154
A_PA	1739	27	A	0	0	27	40.8518518518519
A_PA	1740	27	A	0	0	27	41.1111111111111
A_PA	1741	27	A	0	0	27	42.3333333333333
A_PA	1742	27	T	0	0	27	41.7037037037037
A_PA	1743	27	G	0	0	26	41.4615384615385
A_PA	1744	27	A	0	0	27	40.4444444444444
A_PA	1745	27	G	0	0	27	40.8148148148148
A_PA	1746	27	G	0	0	27	38.2222222222222
A_PA	1747	27	C	0	0	27	37.7037037037037
A_PA	1748	27	G	0	0	26	39.8076923076923
A_PA	1749	27	C	0	0	26	37.9230769230769
A_PA	1750	27	T	0	0	27	37.1481481481481
A_PA	1751	27	G	0	0	26	38.1153846153846
A_PA	1752	27	C	0	0	27	37.7037037037037
A_PA	1753	27	C	0	0	27	39.037037037037
A_PA	1754	27	T	0	0	27	39.1851851851852
A_PA	1755	27	T	0	0	27	35.5925925925926
A_PA	1756	27	C	0	0	27	36.1481481481481
A_PA	1757	27	T	0	0	27	36.8888888888889
A_PA	1758	27	T	0	0	26	38.2307692307692
A_PA	1759	27	C	0	0	27	38.7407407407407
A_PA	1760	27	A	0	0	27	39.4444444444444
A_PA	1761	27	A	0	0	27	39.5555555555556
A_PA	1762	27	T	0	0	27	42.037037037037
A_PA	1763	27	C	0	0	27	42.1481481481481
A_PA	1764	27	T	0	0	27	43.1481481481481
A_PA	1765	27	C	0	0	27	42.0740740740741
A_PA	1766	27	T	0	0	27	40.7777777777778
A_PA	1767	27	T	0	0	27	41.037037037037
A_PA	1768	27	C	0	0	27	39.4444444444444
A_PA	1769	27	A	0	0	27	38.2592592592593
A_PA	1770	27	A	0	0	27	37.8148148148148
A_PA	1771	27	C	0	0	27	41.037037037037
A_PA	1772	27	A	0	0	27	39.962962962963
A_PA	1773	27	G	0	0	27	39.5555555555556
A_PA	1774	27	A	0	0	27	40.5925925925926
A_PA	1775	27	T	0	0	27	41.5555555555556
A_PA	1776	27	T	0	0	27	39.962962962963
A_PA	1777	27	G	0	0	27	40.2592592592593
A_PA	1778	27	A	0	0	27	41.037037037037
A_PA	1779	27	G	0	0	27	40.1851851851852
A_PA	1780	27	A	0	0	27	39.9259259259259
A_PA	1781	27	G	0	0	27	40
A_PA	1782	27	C	0	0	27	40.1851851851852
A_PA	1783	27	A	0	0	27	39.2222222222222
A_PA	1784	27	T	0	0	27	38.6666666666667
A_PA	1785	27	G	0	0	27	39.8518518518519
A_PA	1786	27	A	0	0	27	40.8148148148148
A_PA	1787	27	T	0	0	27	41.8888888888889
A_PA	1788	27	T	0	0	27	41.4814814814815
A_PA	1789	27	G	0	0	27	41.8518518518519
A_PA	1790	27	A	0	0	27	41.8148148148148
A_PA	1791	27	A	0	0	27	40.9259259259259
A_PA	1792	27	G	0	0	27	41.5185185185185
A_PA	1793	27	C	0	0	27	42.4814814814815
A_PA	1794	27	C	0	0	27	39.2962962962963
A_PA	1795	27	G	0	0	27	39.2222222222222
A_PA	1796	27	A	0	0	27	40.3703703703704
A_PA	1797	27	G	0	0	27	39.1481481481481
A_PA	1798	27	T	0	0	27	40.1851851851852
A_PA	1799	27	C	0	0	27	41.1481481481481
A_PA	1800	27	T	0	0	27	40.2592592592593
A_PA	1801	27	T	0	0	27	38.6666666666667
A_PA	1802	27	C	0	0	27	39.0740740740741
A_PA	1803	26	T	1	0	26	41.1538461538462
A_PA	1804	26	G	1	0	26	40.5769230769231
A_PA	1805	27	T	0	0	27	40.5185185185185
A_PA	1806	27	C	0	0	27	36
A_PA	1807	27	A	0	0	27	34.6296296296296
A_PA	1808	27	A	0	0	27	32.7407407407407
A_PA	1809	27	A	0	0	27	34.2222222222222
A_PA	1810	27	G	0	0	27	31.9259259259259
A_PA	1811	27	A	0	0	27	36.4814814814815
A_PA	1812	27	G	0	0	27	37.962962962963
A_PA	1813	27	A	0	0	27	36.5925925925926
A_PA	1814	27	A	0	0	27	37.3333333333333
A_PA	1815	27	A	0	0	27	40.8518518518519
A_PA	1816	27	G	0	0	27	40.5185185185185
A_PA	1817	27	A	0	0	27	40.6296296296296
A_PA	1818	27	C	0	0	27	41.4444444444444
A_PA	1819	27	A	0	0	27	41.2962962962963
A_PA	1820	27	T	0	0	27	41.2222222222222
A_PA	1821	27	G	0	0	27	40.8518518518519
A_PA	1822	27	A	0	0	27	39.2222222222222
A_PA	1823	27	C	0	0	27	38.3333333333333
A_PA	1824	27	C	0	0	27	36.7037037037037
A_PA	1825	27	A	0	0	27	37.7407407407407
A_PA	1826	27	A	0	0	27	37.037037037037
A_PA	1827	27	G	0	0	27	37
A_PA	1828	27	G	0	0	27	35.7777777777778
A_PA	1829	27	A	0	0	27	35.7037037037037
A_PA	1830	27	A	0	0	27	36.1111111111111
A_PA	1831	27	T	0	0	27	36.5555555555556
A_PA	1832	27	T	0	0	27	36.2222222222222
A_PA	1833	27	C	0	0	27	34.962962962963
A_PA	1834	27	T	0	0	27	33.7037037037037
A_PA	1835	27	T	0	0	27	32.9259259259259
A_PA	1836	27	T	0	0	27	31.8888888888889
A_PA	1837	27	G	0	0	27	31.5185185185185
A_PA	1838	27	A	0	0	27	32.7037037037037
A_PA	1839	27	A	0	0	27	35.037037037037
A_PA	1840	27	A	0	0	27	34.7037037037037
A_PA	1841	27	A	0	0	27	36.7407407407407
A_PA	1842	27	C	0	0	27	37.1481481481481
A_PA	1843	27	A	0	0	27	35.1851851851852
A_PA	1844	27	A	0	0	27	35.1111111111111
A_PA	1845	27	A	0	0	27	35.2592592592593
A_PA	1846	27	T	0	0	27	35.2962962962963
A_PA	1847	27	C	0	0	27	34.8518518518519
A_PA	1848	27	G	0	0	26	36.7307692307692
A_PA	1849	27	G	0	0	27	35.7037037037037
A_PA	1850	27	A	0	0	26	35.9615384615385
A_PA	1851	27	A	0	0	27	35.962962962963
A_PA	1852	27	A	0	0	27	37.3703703703704
A_PA	1853	27	C	0	0	27	38.7777777777778
A_PA	1854	27	A	0	0	27	38.037037037037
A_PA	1855	28	T	0	0	28	40.1071428571429
A_PA	1856	28	G	0	0	28	38.3214285714286
A_PA	1857	28	G	0	0	28	38.5
A_PA	1858	28	C	0	0	28	39.0714285714286
A_PA	1859	28	C	0	0	28	39.2142857142857
A_PA	1860	28	A	0	0	28	38.8214285714286
A_PA	1861	28	A	0	0	28	40.2857142857143
A_PA	1862	28	T	0	0	28	37.8571428571429
A_PA	1863	28	C	0	0	28	37.0714285714286
A_PA	1864	28	G	0	0	28	38.5
A_PA	1865	28	G	0	0	28	37.8928571428571
A_PA	1866	28	A	0	0	27	39.2962962962963
A_PA	1867	28	G	0	0	27	38.5555555555556
A_PA	1868	28	A	0	0	28	38.6785714285714
A_PA	1869	27	G	0	0	27	40.4074074074074
A_PA	1870	27	T	0	0	27	40.6296296296296
A_PA	1871	27	C	0	0	27	39.8888888888889
A_PA	1872	27	A	0	0	27	40.4444444444444
A_PA	1873	27	C	0	0	27	40.5925925925926
A_PA	1874	27	C	0	0	27	40.962962962963
A_PA	1875	26	C	1	0	26	38.7307692307692
A_PA	1876	26	A	1	0	26	35.7692307692308
A_PA	1877	26	G	1	0	26	37.3846153846154
A_PA	1878	27	G	0	0	27	37.2222222222222
A_PA	1879	27	G	0	0	27	37.5555555555556
A_PA	1880	27	G	0	0	27	39.037037037037
A_PA	1881	27	A	0	0	27	38.8148148148148
A_PA	1882	27	G	0	0	27	38.9259259259259
A_PA	1883	26	T	1	0	26	39.8076923076923
A_PA	1884	27	A	0	0	27	37.5185185185185
A_PA	1885	27	G	0	0	26	37.4230769230769
A_PA	1886	27	A	0	0	27	35.5925925925926
A_PA	1887	27	A	0	0	27	35.6296296296296
A_PA	1888	27	G	0	0	27	36.1481481481481
A_PA	1889	27	A	0	0	27	35.7407407407407
A_PA	1890	27	A	0	0	27	38.1111111111111
A_PA	1891	27	G	0	0	27	40.6296296296296
A_PA	1892	27	G	0	0	27	40.2962962962963
A_PA	1893	27	C	0	0	27	39.2962962962963
A_PA	1894	27	T	0	0	27	39.8518518518519
A_PA	1895	27	C	0	0	27	40.1481481481481
A_PA	1896	27	T	0	0	27	40.1481481481481
A_PA	1897	27	A	0	0	27	40.8888888888889
A_PA	1898	27	T	0	0	27	41.6296296296296
A_PA	1899	27	T	0	0	27	41.5925925925926
A_PA	1900	27	G	0	0	27	41.4444444444444
A_PA	1901	27	G	0	0	27	40.9259259259259
A_PA	1902	27	A	0	0	27	40.7407407407407
A_PA	1903	27	A	0	0	27	42.6666666666667
A_PA	1904	27	A	0	0	27	42.1111111111111
A_PA	1905	27	A	0	0	27	42.8518518518519
A_PA	1906	27	G	0	0	27	42.6666666666667
A_PA	1907	27	T	0	0	27	41.4074074074074
A_PA	1908	27	A	0	0	26	40.0769230769231
A_PA	1909	27	T	0	0	27	39.0740740740741
A_PA	1910	26	G	1	0	26	39.1538461538462
A_PA	1911	27	C	0	0	27	37.2222222222222
A_PA	1912	27	A	0	0	27	38.3703703703704
A_PA	1913	27	G	0	0	27	39.3703703703704
A_PA	1914	27	A	0	0	27	39.8148148148148
A_PA	1915	27	A	0	0	27	40.3703703703704
A_PA	1916	27	C	0	0	27	39.2592592592593
A_PA	1917	27	C	0	0	27	40.1851851851852
A_PA	1918	27	T	0	0	27	40.5925925925926
A_PA	1919	27	T	0	0	27	40.1111111111111
A_PA	1920	27	A	0	0	27	37.962962962963
A_PA	1921	27	C	0	0	27	38.2962962962963
A_PA	1922	27	T	0	0	27	38.2592592592593
A_PA	1923	27	G	0	0	27	38.6296296296296
A_PA	1924	27	G	0	0	27	39.2222222222222
A_PA	1925	27	C	0	0	27	38.6666666666667
A_PA	1926	27	A	0	0	27	41.1481481481481
A_PA	1927	27	A	0	0	27	40.6296296296296
A_PA	1928	27	A	0	0	27	41.1851851851852
A_PA	1929	27	A	0	0	27	39.6296296296296
A_PA	1930	27	T	0	0	27	40.4444444444444
A_PA	1931	27	C	0	0	26	41.1923076923077
A_PA	1932	27	T	0	0	27	39.8888888888889
A_PA	1933	27	G	0	0	27	40.7037037037037
A_PA	1934	27	T	0	0	27	41.1481481481481
A_PA	1935	27	T	0	0	27	40.2962962962963
A_PA	1936	27	T	0	0	27	42.4814814814815
A_PA	1937	27	T	0	0	27	40.5185185185185
A_PA	1938	27	C	0	0	27	39.1111111111111
A_PA	1939	28	A	0	0	28	38.9285714285714
A_PA	1940	28	A	0	0	28	37.8571428571429
A_PA	1941	28	C	0	0	28	39.4642857142857
A_PA	1942	28	A	0	0	28	40.6071428571429
A_PA	1943	28	G	0	0	28	40.3571428571429
A_PA	1944	28	T	0	0	28	40.25
A_PA	1945	28	C	0	0	28	38.1785714285714
A_PA	1946	28	T	0	0	27	38.4444444444444
A_PA	1947	28	A	0	0	28	39
A_PA	1948	28	T	0	0	28	37.5
A_PA	1949	28	A	0	0	28	37.3571428571429
A_PA	1950	28	T	0	0	28	38.5714285714286
A_PA	1951	28	G	0	0	28	39.0357142857143
A_PA	1952	28	C	0	0	28	38.5714285714286
A_PA	1953	28	T	0	0	28	39.8571428571429
A_PA	1954	28	T	0	0	28	41.1071428571429
A_PA	1955	28	C	0	0	28	39.1785714285714
A_PA	1956	28	T	0	0	28	39.25
A_PA	1957	28	C	0	0	28	39.5
A_PA	1958	28	C	0	0	28	40.6785714285714
A_PA	1959	28	A	0	0	28	38.8571428571429
A_PA	1960	28	C	0	0	28	39.4285714285714
A_PA	1961	28	A	0	0	28	39.8214285714286
A_PA	1962	28	A	0	0	28	40.3214285714286
A_PA	1963	28	C	0	0	28	41.3928571428571
A_PA	1964	28	T	0	0	28	40.6785714285714
A_PA	1965	28	T	0	0	28	41.9285714285714
A_PA	1966	28	G	0	0	28	41.3214285714286
A_PA	1967	28	A	0	0	28	41.3214285714286
A_PA	1968	28	G	0	0	28	40.5357142857143
A_PA	1969	28	G	0	0	28	40.2142857142857
A_PA	1970	28	G	0	0	28	42
A_PA	1971	28	G	0	0	28	41.9285714285714
A_PA	1972	28	T	0	0	28	40.7857142857143
A_PA	1973	28	T	0	0	28	41.25
A_PA	1974	28	T	0	0	28	42.6785714285714
A_PA	1975	28	T	0	0	28	43.1785714285714
A_PA	1976	28	C	0	0	28	41.0714285714286
A_PA	1977	28	A	0	0	28	42.7857142857143
A_PA	1978	28	G	0	0	28	42.5714285714286
A_PA	1979	28	C	0	0	28	40.1071428571429
A_PA	1980	28	T	0	0	28	39.8928571428571
A_PA	1981	28	G	0	0	28	40.2857142857143
A_PA	1982	28	A	0	0	28	39.2857142857143
A_PA	1983	28	A	0	0	28	40.0357142857143
A_PA	1984	28	T	0	0	28	40.0714285714286
A_PA	1985	28	C	0	0	27	39.4444444444444
A_PA	1986	28	A	0	0	28	40.4642857142857
A_PA	1987	28	A	0	0	28	41.0714285714286
A_PA	1988	28	G	0	0	28	39.8214285714286
A_PA	1989	28	A	0	0	28	40.5
A_PA	1990	28	A	0	0	28	41.9285714285714
A_PA	1991	28	A	0	0	28	43.4642857142857
A_PA	1992	28	A	0	0	28	42.7857142857143
A_PA	1993	28	T	0	0	28	42.8928571428571
A_PA	1994	28	T	0	0	28	42.8928571428571
A_PA	1995	28	G	0	0	28	43.5357142857143
A_PA	1996	28	C	0	0	28	41.6785714285714
A_PA	1997	28	T	0	0	28	41.2142857142857
A_PA	1998	28	T	0	0	28	41.5
A_PA	1999	28	C	0	0	28	40.9642857142857
A_PA	2000	28	T	0	0	28	41.0714285714286
A_PA	2001	28	C	0	0	28	39.7142857142857
A_PA	2002	27	A	1	0	27	41.8148148148148
A_PA	2003	27	T	1	0	27	40.8518518518519
A_PA	2004	27	T	1	0	27	38.7407407407407
A_PA	2005	28	G	0	0	28	38.7857142857143
A_PA	2006	29	T	0	0	29	38.0689655172414
A_PA	2007	29	T	0	0	28	39.2142857142857
A_PA	2008	29	C	0	0	28	38.25
A_PA	2009	30	A	0	0	30	36.4333333333333
A_PA	2010	30	G	0	0	30	35.1333333333333
A_PA	2011	30	G	0	0	30	34.8666666666667
A_PA	2012	30	C	0	0	30	33.9666666666667
A_PA	2013	30	A	0	0	30	35.2333333333333
A_PA	2014	30	C	0	0	30	35.9333333333333
A_PA	2015	30	T	0	0	30	35.8
A_PA	2016	30	T	0	0	30	34.4333333333333
A_PA	2017	30	A	0	0	30	32.7333333333333
A_PA	2018	30	G	0	0	30	32.8666666666667
A_PA	2019	30	A	0	0	30	33.8
A_PA	2020	30	G	0	0	30	34.4333333333333
A_PA	2021	30	A	0	0	30	37.0666666666667
A_PA	2022	30	C	0	0	30	38.9666666666667
A_PA	2023	30	A	0	0	30	38.0666666666667
A_PA	2024	30	A	0	0	29	39.7931034482759
A_PA	2025	30	C	0	0	30	39.3
A_PA	2026	30	C	0	0	30	39.9
A_PA	2027	30	T	0	0	30	42.1333333333333
A_PA	2028	30	G	0	0	30	40.9333333333333
A_PA	2029	30	G	0	0	30	41.2333333333333
A_PA	2030	30	A	0	0	30	41.7
A_PA	2031	30	A	0	0	30	40.0666666666667
A_PA	2032	30	C	0	0	30	40.3
A_PA	2033	30	C	0	0	30	39.4
A_PA	2034	30	T	0	0	30	38.9333333333333
A_PA	2035	30	G	0	0	30	39.5666666666667
A_PA	2036	30	G	0	0	30	40.9333333333333
A_PA	2037	30	A	0	0	30	40.6666666666667
A_PA	2038	30	A	0	0	30	40.9
A_PA	2039	30	C	0	0	30	40.8666666666667
A_PA	2040	30	C	0	0	30	40.6
A_PA	2041	30	T	0	0	30	41.8
A_PA	2042	30	T	0	0	30	41.9666666666667
A_PA	2043	30	T	0	0	30	43.1
A_PA	2044	30	G	0	0	30	40.7666666666667
A_PA	2045	30	A	0	0	30	41.9666666666667
A_PA	2046	30	T	0	0	30	42.0333333333333
A_PA	2047	30	C	0	0	30	40.2666666666667
A_PA	2048	30	T	0	0	30	40
A_PA	2049	30	T	0	0	29	38.8965517241379
A_PA	2050	29	G	1	0	29	35.2068965517241
A_PA	2051	30	G	0	0	30	34.8666666666667
A_PA	2052	30	G	0	0	30	36.3333333333333
A_PA	2053	30	G	0	0	30	36.2
A_PA	2054	30	G	0	0	30	38.3666666666667
A_PA	2055	30	G	0	0	30	36.9333333333333
A_PA	2056	30	C	0	0	29	38
A_PA	2057	30	T	0	0	29	38.0344827586207
A_PA	2058	30	A	0	0	30	37.3333333333333
A_PA	2059	30	T	0	0	30	37.0333333333333
A_PA	2060	30	A	0	0	30	36.8666666666667
A_PA	2061	30	T	0	0	29	37.551724137931
A_PA	2062	30	G	0	0	29	36.4137931034483
A_PA	2063	30	A	0	0	30	37.7666666666667
A_PA	2064	30	A	0	0	30	36.6
A_PA	2065	30	G	0	0	30	36.3
A_PA	2066	30	C	0	0	30	35.4
A_PA	2067	30	A	0	0	30	36.1666666666667
A_PA	2068	30	A	0	0	30	36.9333333333333
A_PA	2069	30	T	0	0	30	37.2333333333333
A_PA	2070	29	C	1	0	29	35.2413793103448
A_PA	2071	29	G	1	0	28	34.2142857142857
A_PA	2072	30	A	0	0	30	34.9333333333333
A_PA	2073	29	G	1	0	29	35.448275862069
A_PA	2074	30	G	0	0	30	34.6666666666667
A_PA	2075	30	A	0	0	30	35.9333333333333
A_PA	2076	30	G	0	0	30	36.6
A_PA	2077	30	T	0	0	30	37.1666666666667
A_PA	2078	30	G	0	0	30	36.7
A_PA	2079	30	C	0	0	30	35.5333333333333
A_PA	2080	30	T	0	0	30	35.9666666666667
A_PA	2081	30	T	0	0	30	34.8333333333333
A_PA	2082	30	G	0	0	30	32.7333333333333
A_PA	2083	30	A	0	0	30	33.5333333333333
A_PA	2084	30	T	0	0	30	33.8333333333333
A_PA	2085	30	T	0	0	30	34.4666666666667
A_PA	2086	29	A	1	0	29	35.7586206896552
A_PA	2087	30	A	0	0	30	38.2
A_PA	2088	30	T	0	0	30	38.8333333333333
A_PA	2089	30	G	0	0	30	39.3666666666667
A_PA	2090	30	A	0	0	30	40.8333333333333
A_PA	2091	30	T	0	0	30	41.2
A_PA	2092	30	C	0	0	29	39.8620689655172
A_PA	2093	30	C	0	0	30	39.1
A_PA	2094	30	C	0	0	30	37.4666666666667
A_PA	2095	30	T	0	0	30	37.7
A_PA	2096	30	G	0	0	30	37.2333333333333
A_PA	2097	30	G	0	0	30	39.6
A_PA	2098	30	G	0	0	30	40.2666666666667
A_PA	2099	30	T	0	0	30	41.6666666666667
A_PA	2100	30	T	0	0	30	40.9666666666667
A_PA	2101	30	T	0	0	30	40.0666666666667
A_PA	2102	30	T	0	0	30	42.8333333333333
A_PA	2103	30	G	0	0	30	40.9333333333333
A_PA	2104	30	C	0	0	30	39.3
A_PA	2105	30	T	0	0	30	39.7666666666667
A_PA	2106	30	T	0	0	29	38.448275862069
A_PA	2107	30	A	0	0	30	36.2666666666667
A_PA	2108	30	A	0	0	30	36.7
A_PA	2109	30	T	0	0	30	37.7333333333333
A_PA	2110	30	G	0	0	30	38.2333333333333
A_PA	2111	30	C	0	0	30	40.9333333333333
A_PA	2112	30	A	0	0	30	40.9666666666667
A_PA	2113	30	T	0	0	30	39.2666666666667
A_PA	2114	30	C	0	0	30	39.7333333333333
A_PA	2115	30	T	0	0	30	40.4666666666667
A_PA	2116	30	T	0	0	30	40.2
A_PA	2117	30	G	0	0	30	38.8
A_PA	2118	30	G	0	0	30	38.6666666666667
A_PA	2119	30	T	0	0	30	39
A_PA	2120	30	T	0	0	30	39.2333333333333
A_PA	2121	30	C	0	0	29	40.6551724137931
A_PA	2122	30	A	0	0	30	41.2
A_PA	2123	30	A	0	0	30	40.8
A_PA	2124	30	C	0	0	29	40.3103448275862
A_PA	2125	30	T	0	0	29	40.0689655172414
A_PA	2126	30	C	0	0	30	40.2333333333333
A_PA	2127	30	C	0	0	30	39
A_PA	2128	30	T	0	0	30	38.4333333333333
A_PA	2129	30	T	0	0	30	39.7666666666667
A_PA	2130	30	C	0	0	30	38.7333333333333
A_PA	2131	30	C	0	0	30	39.5333333333333
A_PA	2132	30	T	0	0	30	41.1333333333333
A_PA	2133	30	C	0	0	30	41.5333333333333
A_PA	2134	30	A	0	0	30	41.4
A_PA	2135	30	C	0	0	30	43.0333333333333
A_PA	2136	30	A	0	0	30	42.2
A_PA	2137	30	C	0	0	30	41.1666666666667
A_PA	2138	30	A	0	0	30	40.4
A_PA	2139	30	T	0	0	30	41.7666666666667
A_PA	2140	30	G	0	0	30	40.4
A_PA	2141	30	C	0	0	30	39.7333333333333
A_PA	2142	30	A	0	0	30	40.7
A_PA	2143	30	C	0	0	30	40.3
A_PA	2144	30	T	0	0	30	40.4
A_PA	2145	30	G	0	0	30	42.1333333333333
A_PA	2146	30	A	0	0	30	41.8333333333333
A_PA	2147	30	A	0	0	30	42.6666666666667
A_PA	2148	30	G	0	0	30	41.3
A_PA	2149	30	T	0	0	30	40.0666666666667
A_PA	2150	30	A	0	0	30	40.6333333333333
A_PA	2151	30	G	0	0	30	40.3333333333333
