Reference_Name	Position	Coverage Depth	Consensus	Deletions	Ambiguous	Consensus_Count	Consensus_Average_Quality
A_PB1	1	18	A	0	0	18	40.2777777777778
A_PB1	2	18	T	0	0	18	41.4444444444444
A_PB1	3	18	G	0	0	18	39.9444444444444
A_PB1	4	18	G	0	0	18	39.8888888888889
A_PB1	5	18	A	0	0	18	41.0555555555556
A_PB1	6	18	T	0	0	18	40.5
A_PB1	7	18	G	0	0	18	40.4444444444444
A_PB1	8	18	T	0	0	18	40.0555555555556
A_PB1	9	18	C	0	0	18	40.0555555555556
A_PB1	10	18	A	0	0	18	40.0555555555556
A_PB1	11	18	A	0	0	18	38.3888888888889
A_PB1	12	18	T	0	0	18	38.9444444444444
A_PB1	13	18	C	0	0	18	39.2222222222222
A_PB1	14	18	C	0	0	18	35.6666666666667
A_PB1	15	18	G	0	0	18	32.3888888888889
A_PB1	16	18	A	0	0	18	32.2222222222222
A_PB1	17	18	C	0	0	18	31.7777777777778
A_PB1	18	18	T	0	0	18	32.4444444444444
A_PB1	19	18	C	0	0	18	34.3888888888889
A_PB1	20	18	T	0	0	18	37.4444444444444
A_PB1	21	18	A	0	0	18	36.1111111111111
A_PB1	22	18	C	0	0	18	36.9444444444444
A_PB1	23	18	T	0	0	18	36.8333333333333
A_PB1	24	18	T	0	0	18	34.3888888888889
A_PB1	25	18	T	0	0	18	37.6666666666667
A_PB1	26	18	T	0	0	18	36.6111111111111
A_PB1	27	18	C	0	0	18	36.3888888888889
A_PB1	28	18	C	0	0	18	37.9444444444444
A_PB1	29	18	T	0	0	18	39.7777777777778
A_PB1	30	18	A	0	0	18	37.0555555555556
A_PB1	31	18	A	0	0	18	38.7777777777778
A_PB1	32	18	A	0	0	18	38.3888888888889
A_PB1	33	18	A	0	0	18	42
A_PB1	34	18	A	0	0	18	41.8333333333333
A_PB1	35	18	T	0	0	18	41.2777777777778
A_PB1	36	18	T	0	0	18	40.7777777777778
A_PB1	37	18	C	0	0	18	40.3888888888889
A_PB1	38	18	C	0	0	18	41.2777777777778
A_PB1	39	18	A	0	0	18	43.2222222222222
A_PB1	40	18	G	0	0	18	43.6111111111111
A_PB1	41	18	C	0	0	18	43.7777777777778
A_PB1	42	18	A	0	0	18	44.6666666666667
A_PB1	43	18	C	0	0	18	44.4444444444444
A_PB1	44	18	A	0	0	18	43.8333333333333
A_PB1	45	18	A	0	0	18	42.8888888888889
A_PB1	46	18	A	0	0	18	42.3333333333333
A_PB1	47	18	A	0	0	18	43.0555555555556
A_PB1	48	18	T	0	0	18	43.3888888888889
A_PB1	49	18	G	0	0	18	41.8333333333333
A_PB1	50	18	C	0	0	18	41.6666666666667
A_PB1	51	18	C	0	0	18	42.2222222222222
A_PB1	52	18	A	0	0	18	40.7777777777778
A_PB1	53	18	T	0	0	18	41.2777777777778
A_PB1	54	17	A	1	0	17	39.6470588235294
A_PB1	55	18	A	0	0	18	40.1666666666667
A_PB1	56	18	G	0	0	18	38.6111111111111
A_PB1	57	18	C	0	0	18	39.6666666666667
A_PB1	58	18	A	0	0	18	38.4444444444444
A_PB1	59	18	C	0	0	18	40.2222222222222
A_PB1	60	18	C	0	0	18	41.5555555555556
A_PB1	61	18	A	0	0	18	40.5
A_PB1	62	18	C	0	0	18	41.9444444444444
A_PB1	63	18	A	0	0	18	41.1666666666667
A_PB1	64	18	T	0	0	18	42.3333333333333
A_PB1	65	18	T	0	0	18	44
A_PB1	66	18	C	0	0	18	43.8888888888889
A_PB1	67	18	C	0	0	18	42.7777777777778
A_PB1	68	18	C	0	0	18	42.9444444444444
A_PB1	69	18	T	0	0	18	40.5
A_PB1	70	18	T	0	0	18	42.2222222222222
A_PB1	71	18	A	0	0	18	38.7222222222222
A_PB1	72	18	T	0	0	18	40.1111111111111
A_PB1	73	17	A	1	0	17	41.0588235294118
A_PB1	74	17	C	1	0	17	40.8235294117647
A_PB1	75	18	T	0	0	18	38
A_PB1	76	18	G	0	0	18	40.3333333333333
A_PB1	77	18	G	0	0	18	39.0555555555556
A_PB1	78	18	A	0	0	18	40.6666666666667
A_PB1	79	18	G	0	0	18	43.6666666666667
A_PB1	80	18	A	0	0	18	42.2777777777778
A_PB1	81	18	T	0	0	18	42.6111111111111
A_PB1	82	18	C	0	0	18	40.6666666666667
A_PB1	83	18	C	0	0	18	41.6666666666667
A_PB1	84	18	T	0	0	18	41.7222222222222
A_PB1	85	18	C	0	0	18	41.4444444444444
A_PB1	86	18	C	0	0	18	43.6111111111111
A_PB1	87	18	A	0	0	18	41.2222222222222
A_PB1	88	18	T	0	0	18	42.8888888888889
A_PB1	89	18	A	0	0	18	42.0555555555556
A_PB1	90	18	C	0	0	18	42.7222222222222
A_PB1	91	18	A	0	0	18	42.3333333333333
A_PB1	92	18	G	0	0	18	42.9444444444444
A_PB1	93	18	C	0	0	18	43.7777777777778
A_PB1	94	18	C	0	0	18	43.0555555555556
A_PB1	95	18	A	0	0	18	42.3333333333333
A_PB1	96	18	T	0	0	18	43.3888888888889
A_PB1	97	18	G	0	0	18	41.3333333333333
A_PB1	98	18	G	0	0	18	41.5
A_PB1	99	18	A	0	0	18	43.2222222222222
A_PB1	100	18	A	0	0	18	42.8333333333333
A_PB1	101	18	C	0	0	18	44
A_PB1	102	18	A	0	0	18	42.7222222222222
A_PB1	103	18	G	0	0	18	44.9444444444444
A_PB1	104	18	G	0	0	18	43.7222222222222
A_PB1	105	18	A	0	0	18	41.5555555555556
A_PB1	106	18	A	0	0	18	42.6111111111111
A_PB1	107	18	C	0	0	18	42.1666666666667
A_PB1	108	18	A	0	0	18	43.5
A_PB1	109	18	G	0	0	18	43.1111111111111
A_PB1	110	18	G	0	0	18	42.4444444444444
A_PB1	111	18	A	0	0	18	44.3888888888889
A_PB1	112	18	T	0	0	18	40.7222222222222
A_PB1	113	18	A	0	0	18	42.0555555555556
A_PB1	114	18	C	0	0	18	42.7222222222222
A_PB1	115	18	A	0	0	18	42.8888888888889
A_PB1	116	18	C	0	0	18	43.1666666666667
A_PB1	117	18	C	0	0	18	43.5555555555556
A_PB1	118	18	A	0	0	18	41.5555555555556
A_PB1	119	18	T	0	0	18	43.3888888888889
A_PB1	120	18	G	0	0	18	41.2222222222222
A_PB1	121	18	G	0	0	18	42.6111111111111
A_PB1	122	18	A	0	0	18	42.5
A_PB1	123	18	C	0	0	18	40.8333333333333
A_PB1	124	18	A	0	0	18	40.6666666666667
A_PB1	125	18	C	0	0	18	41.3888888888889
A_PB1	126	18	A	0	0	18	39.2222222222222
A_PB1	127	18	G	0	0	18	38.4444444444444
A_PB1	128	18	T	0	0	18	38.3888888888889
A_PB1	129	13	A	0	0	13	36.4615384615385
A_PB1	130	13	A	0	0	13	34.6923076923077
A_PB1	131	13	A	0	0	13	37.0769230769231
A_PB1	132	13	C	0	0	13	37.3846153846154
A_PB1	133	13	A	0	0	13	40.0769230769231
A_PB1	134	13	G	0	0	13	36.0769230769231
A_PB1	135	13	A	0	0	13	38.4615384615385
A_PB1	136	13	A	0	0	12	39.1666666666667
A_PB1	137	13	C	0	0	13	35.0769230769231
A_PB1	138	13	A	0	0	13	34.4615384615385
A_PB1	139	13	C	0	0	13	38.3076923076923
A_PB1	140	13	A	0	0	13	38
A_PB1	141	13	C	0	0	13	38.4615384615385
A_PB1	142	13	C	0	0	13	37.3076923076923
A_PB1	143	13	A	0	0	13	39.9230769230769
A_PB1	144	13	A	0	0	13	39.7692307692308
A_PB1	145	13	T	0	0	13	39.7692307692308
A_PB1	146	13	A	0	0	13	39.5384615384615
A_PB1	147	13	C	0	0	13	43.3076923076923
A_PB1	148	13	T	0	0	13	42.0769230769231
A_PB1	149	13	C	0	0	13	36.9230769230769
A_PB1	150	13	A	0	0	13	36.3076923076923
A_PB1	151	13	G	0	0	13	35.7692307692308
A_PB1	152	13	A	0	0	13	34.6923076923077
A_PB1	153	13	A	0	0	13	35.9230769230769
A_PB1	154	13	A	0	0	13	37.3076923076923
A_PB1	155	13	A	0	0	13	40.9230769230769
A_PB1	156	13	G	0	0	13	36.6923076923077
A_PB1	157	13	G	0	0	13	39.9230769230769
A_PB1	158	13	G	0	0	13	39.6923076923077
A_PB1	159	13	G	0	0	12	41.25
A_PB1	160	13	A	0	0	13	42.8461538461538
A_PB1	161	13	A	0	0	13	41.6153846153846
A_PB1	162	13	G	0	0	13	41.8461538461538
A_PB1	163	13	T	0	0	13	42.0769230769231
A_PB1	164	13	G	0	0	13	40.2307692307692
A_PB1	165	13	G	0	0	13	39.9230769230769
A_PB1	166	13	A	0	0	13	40.3076923076923
A_PB1	167	13	C	0	0	13	40.5384615384615
A_PB1	168	13	A	0	0	13	42.6153846153846
A_PB1	169	13	A	0	0	13	41.1538461538462
A_PB1	170	13	C	0	0	13	40.6923076923077
A_PB1	171	13	A	0	0	13	39.6923076923077
A_PB1	172	13	A	0	0	13	41.1538461538462
A_PB1	173	13	A	0	0	13	40.3846153846154
A_PB1	174	13	C	0	0	13	40.6153846153846
A_PB1	175	13	A	0	0	13	40.6923076923077
A_PB1	176	13	C	0	0	13	40.1538461538462
A_PB1	177	13	A	0	0	13	39.5384615384615
A_PB1	178	13	G	0	0	13	41.0769230769231
A_PB1	179	13	A	0	0	13	38.6153846153846
A_PB1	180	13	A	0	0	13	40.3846153846154
A_PB1	181	13	A	0	0	13	39.3076923076923
A_PB1	182	13	C	0	0	13	39.2307692307692
A_PB1	183	13	T	0	0	13	38.8461538461538
A_PB1	184	13	G	0	0	13	35.0769230769231
A_PB1	185	13	G	0	0	13	34.6153846153846
A_PB1	186	14	T	0	0	14	34.0714285714286
A_PB1	187	13	G	1	0	13	35.6153846153846
A_PB1	188	14	C	0	0	14	35.0714285714286
A_PB1	189	14	A	0	0	14	33.7857142857143
A_PB1	190	14	C	0	0	14	36.7857142857143
A_PB1	191	14	C	0	0	14	36.7142857142857
A_PB1	192	14	T	0	0	14	39.4285714285714
A_PB1	193	14	C	0	0	14	37.8571428571429
A_PB1	194	14	A	0	0	14	36.9285714285714
A_PB1	195	14	G	0	0	14	38.8571428571429
A_PB1	196	14	C	0	0	14	39.2857142857143
A_PB1	197	14	T	0	0	14	40
A_PB1	198	14	C	0	0	14	36.3571428571429
A_PB1	199	14	A	0	0	14	36.2142857142857
A_PB1	200	14	A	0	0	14	37.3571428571429
A_PB1	201	14	C	0	0	14	37.9285714285714
A_PB1	202	14	C	0	0	14	37.0714285714286
A_PB1	203	14	C	0	0	14	39.2857142857143
A_PB1	204	14	G	0	0	14	37.0714285714286
A_PB1	205	14	A	0	0	14	36.6428571428571
A_PB1	206	14	T	0	0	14	36.7142857142857
A_PB1	207	14	A	0	0	14	36.0714285714286
A_PB1	208	14	G	0	0	14	35.7857142857143
A_PB1	209	14	A	0	0	14	37.0714285714286
A_PB1	210	14	C	0	0	14	36.7857142857143
A_PB1	211	14	G	0	0	14	34.5714285714286
A_PB1	212	14	G	0	0	14	34.4285714285714
A_PB1	213	14	A	0	0	14	34.8571428571429
A_PB1	214	13	C	1	0	13	37.9230769230769
A_PB1	215	13	C	1	0	13	37.9230769230769
A_PB1	216	13	A	1	0	13	42.3076923076923
A_PB1	217	13	C	1	0	13	44.2307692307692
A_PB1	218	14	T	0	0	14	38.3571428571429
A_PB1	219	14	A	0	0	14	38.3571428571429
A_PB1	220	14	C	0	0	14	39.2857142857143
A_PB1	221	14	C	0	0	14	39
A_PB1	222	14	C	0	0	14	38.5714285714286
A_PB1	223	14	G	0	0	14	37.5714285714286
A_PB1	224	14	A	0	0	14	38.0714285714286
A_PB1	225	14	A	0	0	14	41.0714285714286
A_PB1	226	14	G	0	0	14	40.6428571428571
A_PB1	227	14	A	0	0	14	41.7142857142857
A_PB1	228	14	T	0	0	14	41.4285714285714
A_PB1	229	14	A	0	0	14	40.1428571428571
A_PB1	230	14	A	0	0	14	42.2857142857143
A_PB1	231	14	T	0	0	14	42.5714285714286
A_PB1	232	14	G	0	0	14	42.0714285714286
A_PB1	233	14	A	0	0	14	42.8571428571429
A_PB1	234	14	A	0	0	14	42.8571428571429
A_PB1	235	14	C	0	0	14	43.1428571428571
A_PB1	236	14	C	0	0	14	42.6428571428571
A_PB1	237	14	A	0	0	14	43.4285714285714
A_PB1	238	14	A	0	0	14	43.3571428571429
A_PB1	239	14	G	0	0	14	44.4285714285714
A_PB1	240	14	T	0	0	14	41.5714285714286
A_PB1	241	14	G	0	0	14	40.7857142857143
A_PB1	242	14	G	0	0	14	41.8571428571429
A_PB1	243	14	G	0	0	14	38.8571428571429
A_PB1	244	14	T	0	0	14	40.0714285714286
A_PB1	245	14	A	0	0	14	40.3571428571429
A_PB1	246	14	T	0	0	14	42.3571428571429
A_PB1	247	14	G	0	0	14	42.7857142857143
A_PB1	248	14	C	0	0	14	44.0714285714286
A_PB1	249	14	A	0	0	14	42.2142857142857
A_PB1	250	14	C	0	0	14	41.9285714285714
A_PB1	251	14	A	0	0	14	41
A_PB1	252	14	A	0	0	14	43.3571428571429
A_PB1	253	14	A	0	0	14	42.3571428571429
A_PB1	254	14	C	0	0	14	44.0714285714286
A_PB1	255	14	A	0	0	14	43.2142857142857
A_PB1	256	14	G	0	0	14	42.1428571428571
A_PB1	257	14	A	0	0	14	42.2857142857143
A_PB1	258	14	C	0	0	14	43
A_PB1	259	14	T	0	0	14	42.6428571428571
A_PB1	260	14	G	0	0	14	41.5
A_PB1	261	14	T	0	0	14	42.9285714285714
A_PB1	262	14	G	0	0	14	43.3571428571429
A_PB1	263	14	T	0	0	14	42.7142857142857
A_PB1	264	14	T	0	0	14	41.2857142857143
A_PB1	265	14	C	0	0	14	41.5
A_PB1	266	14	T	0	0	14	42.2142857142857
A_PB1	267	14	A	0	0	14	39
A_PB1	268	14	G	0	0	14	40.9285714285714
A_PB1	269	14	A	0	0	14	42.8571428571429
A_PB1	270	14	G	0	0	14	42.5
A_PB1	271	14	G	0	0	14	42.2142857142857
A_PB1	272	14	C	0	0	14	42.7857142857143
A_PB1	273	14	T	0	0	14	42.6428571428571
A_PB1	274	14	A	0	0	14	40.6428571428571
A_PB1	275	14	T	0	0	14	43.2142857142857
A_PB1	276	14	G	0	0	14	42.7857142857143
A_PB1	277	14	G	0	0	14	42.3571428571429
A_PB1	278	14	C	0	0	14	42.5
A_PB1	279	14	T	0	0	14	40.6428571428571
A_PB1	280	14	T	0	0	14	43.4285714285714
A_PB1	281	14	T	0	0	14	43.2857142857143
A_PB1	282	14	C	0	0	14	39.7857142857143
A_PB1	283	14	C	0	0	14	42.4285714285714
A_PB1	284	14	T	0	0	14	39.2142857142857
A_PB1	285	14	T	0	0	14	35.9285714285714
A_PB1	286	14	G	0	0	14	34.5
A_PB1	287	14	A	0	0	14	34.7857142857143
A_PB1	288	14	A	0	0	14	38
A_PB1	289	14	G	0	0	14	36.9285714285714
A_PB1	290	14	A	0	0	14	42.1428571428571
A_PB1	291	14	A	0	0	14	41.5
A_PB1	292	14	T	0	0	14	42.4285714285714
A_PB1	293	14	C	0	0	14	38.6428571428571
A_PB1	294	14	C	0	0	14	39.0714285714286
A_PB1	295	14	C	0	0	14	38.2142857142857
A_PB1	296	14	A	0	0	14	36.5714285714286
A_PB1	297	14	T	0	0	14	37.8571428571429
A_PB1	298	14	C	0	0	14	38.5
A_PB1	299	14	C	0	0	14	39.5
A_PB1	300	14	A	0	0	14	36.7142857142857
A_PB1	301	14	G	0	0	14	36.7857142857143
A_PB1	302	14	G	0	0	14	39.7857142857143
A_PB1	303	14	A	0	0	14	40
A_PB1	304	14	A	0	0	14	41.3571428571429
A_PB1	305	14	T	0	0	14	41.0714285714286
A_PB1	306	14	A	0	0	14	41.9285714285714
A_PB1	307	14	T	0	0	14	41.9285714285714
A_PB1	308	14	T	0	0	14	42.7857142857143
A_PB1	309	14	T	0	0	14	43.5
A_PB1	310	14	G	0	0	14	40.5714285714286
A_PB1	311	14	A	0	0	14	41.2857142857143
A_PB1	312	14	A	0	0	14	42.6428571428571
A_PB1	313	14	A	0	0	14	44.7142857142857
A_PB1	314	14	A	0	0	14	44.6428571428571
A_PB1	315	14	T	0	0	14	43.6428571428571
A_PB1	316	14	T	0	0	14	44.1428571428571
A_PB1	317	14	C	0	0	14	43.6428571428571
A_PB1	318	14	A	0	0	14	42.9285714285714
A_PB1	319	14	T	0	0	14	44.0714285714286
A_PB1	320	14	G	0	0	14	41.2857142857143
A_PB1	321	14	C	0	0	14	41.7142857142857
A_PB1	322	14	C	0	0	14	40.3571428571429
A_PB1	323	14	T	0	0	14	42.7857142857143
A_PB1	324	14	T	0	0	14	41.8571428571429
A_PB1	325	14	G	0	0	14	39.8571428571429
A_PB1	326	14	A	0	0	14	41.6428571428571
A_PB1	327	14	A	0	0	14	43
A_PB1	328	14	A	0	0	14	43.0714285714286
A_PB1	329	14	C	0	0	14	43.3571428571429
A_PB1	330	14	A	0	0	14	44.1428571428571
A_PB1	331	14	A	0	0	14	42.9285714285714
A_PB1	332	14	T	0	0	14	43.5714285714286
A_PB1	333	14	G	0	0	14	43.1428571428571
A_PB1	334	14	G	0	0	14	41.6428571428571
A_PB1	335	14	A	0	0	14	40.9285714285714
A_PB1	336	14	A	0	0	14	41.7857142857143
A_PB1	337	14	G	0	0	14	40.4285714285714
A_PB1	338	14	T	0	0	14	40.7857142857143
A_PB1	339	14	T	0	0	14	41.5
A_PB1	340	14	G	0	0	14	41.7857142857143
A_PB1	341	14	T	0	0	14	42.5
A_PB1	342	14	C	0	0	14	41.5
A_PB1	343	14	C	0	0	14	40.5714285714286
A_PB1	344	14	A	0	0	14	41.2142857142857
A_PB1	345	14	A	0	0	14	41.1428571428571
A_PB1	346	14	C	0	0	14	42.5714285714286
A_PB1	347	14	A	0	0	14	41.7857142857143
A_PB1	348	14	A	0	0	14	41.5
A_PB1	349	14	A	0	0	14	42.9285714285714
A_PB1	350	14	C	0	0	14	44.0714285714286
A_PB1	351	14	A	0	0	14	45.0714285714286
A_PB1	352	14	A	0	0	14	42.1428571428571
A_PB1	353	14	G	0	0	14	42.1428571428571
A_PB1	354	14	G	0	0	14	41.7857142857143
A_PB1	355	14	G	0	0	14	40.9285714285714
A_PB1	356	14	T	0	0	14	43.6428571428571
A_PB1	357	14	A	0	0	14	41.8571428571429
A_PB1	358	14	G	0	0	14	40.3571428571429
A_PB1	359	14	A	0	0	14	42.2857142857143
A_PB1	360	14	C	0	0	14	41.8571428571429
A_PB1	361	14	A	0	0	14	40
A_PB1	362	14	A	0	0	14	40.7142857142857
A_PB1	363	14	A	0	0	14	42.2142857142857
A_PB1	364	14	C	0	0	14	42.4285714285714
A_PB1	365	14	T	0	0	14	40.8571428571429
A_PB1	366	14	G	0	0	14	40.3571428571429
A_PB1	367	14	A	0	0	14	39.1428571428571
A_PB1	368	14	C	0	0	14	38.7857142857143
A_PB1	369	14	T	0	0	14	40.3571428571429
A_PB1	370	14	C	0	0	14	37.8571428571429
A_PB1	371	14	A	0	0	14	38.2857142857143
A_PB1	372	14	A	0	0	14	38.0714285714286
A_PB1	373	14	G	0	0	14	38.5
A_PB1	374	14	G	0	0	14	39.1428571428571
A_PB1	375	14	T	0	0	14	38.6428571428571
A_PB1	376	14	C	0	0	14	33.6428571428571
A_PB1	377	14	G	0	0	13	33.0769230769231
A_PB1	378	14	C	0	0	14	32.1428571428571
A_PB1	379	14	C	0	0	14	33.2857142857143
A_PB1	380	14	A	0	0	14	31.8571428571429
A_PB1	381	14	G	0	0	14	34
A_PB1	382	13	A	1	0	13	39.4615384615385
A_PB1	383	14	C	0	0	13	36.7692307692308
A_PB1	384	14	T	0	0	14	36.4285714285714
A_PB1	385	14	T	0	0	14	35.6428571428571
A_PB1	386	14	A	0	0	14	35.1428571428571
A_PB1	387	14	T	0	0	14	35.6428571428571
A_PB1	388	14	G	0	0	14	38.7142857142857
A_PB1	389	14	A	0	0	14	38.7857142857143
A_PB1	390	14	T	0	0	14	39.2857142857143
A_PB1	391	14	T	0	0	14	39.3571428571429
A_PB1	392	14	G	0	0	14	40.0714285714286
A_PB1	393	14	G	0	0	14	39.7857142857143
A_PB1	394	14	A	0	0	14	39.0714285714286
A_PB1	395	14	C	0	0	14	39.3571428571429
A_PB1	396	14	A	0	0	14	39.6428571428571
A_PB1	397	14	T	0	0	14	39.5
A_PB1	398	14	T	0	0	14	42.5
A_PB1	399	13	A	1	0	13	41.8461538461538
A_PB1	400	14	A	0	0	14	42.2857142857143
A_PB1	401	14	A	0	0	14	43.2142857142857
A_PB1	402	14	C	0	0	14	43.2142857142857
A_PB1	403	14	A	0	0	14	44.3571428571429
A_PB1	404	14	G	0	0	14	43.2142857142857
A_PB1	405	14	A	0	0	14	44.1428571428571
A_PB1	406	14	A	0	0	14	42.1428571428571
A_PB1	407	14	A	0	0	14	43.4285714285714
A_PB1	408	14	T	0	0	14	43
A_PB1	409	14	C	0	0	14	42.0714285714286
A_PB1	410	14	A	0	0	14	43.2142857142857
A_PB1	411	14	A	0	0	14	43.6428571428571
A_PB1	412	14	C	0	0	14	41.0714285714286
A_PB1	413	14	C	0	0	14	40.3571428571429
A_PB1	414	14	G	0	0	14	38.5714285714286
A_PB1	415	14	G	0	0	14	36.8571428571429
A_PB1	416	14	C	0	0	14	38.1428571428571
A_PB1	417	14	A	0	0	14	37.2142857142857
A_PB1	418	14	G	0	0	14	40
A_PB1	419	14	C	0	0	14	42.3571428571429
A_PB1	420	14	A	0	0	14	42.2857142857143
A_PB1	421	14	A	0	0	14	42.0714285714286
A_PB1	422	14	C	0	0	14	43.4285714285714
A_PB1	423	14	T	0	0	14	43.5714285714286
A_PB1	424	14	G	0	0	14	40.9285714285714
A_PB1	425	14	C	0	0	14	43.2857142857143
A_PB1	426	14	A	0	0	14	42.1428571428571
A_PB1	427	14	T	0	0	14	40.7142857142857
A_PB1	428	14	T	0	0	14	40.7142857142857
A_PB1	429	14	G	0	0	14	38.4285714285714
A_PB1	430	14	G	0	0	14	39.1428571428571
A_PB1	431	14	C	0	0	14	40.7142857142857
A_PB1	432	14	C	0	0	14	41.1428571428571
A_PB1	433	14	A	0	0	14	41.3571428571429
A_PB1	434	14	A	0	0	14	41.4285714285714
A_PB1	435	14	C	0	0	14	40.0714285714286
A_PB1	436	14	A	0	0	14	39.2857142857143
A_PB1	437	14	C	0	0	14	38.9285714285714
A_PB1	438	14	C	0	0	14	39.1428571428571
A_PB1	439	14	A	0	0	14	38.6428571428571
A_PB1	440	14	T	0	0	14	41.0714285714286
A_PB1	441	14	A	0	0	14	40.5714285714286
A_PB1	442	14	G	0	0	14	43.3571428571429
A_PB1	443	14	A	0	0	14	40.5
A_PB1	444	14	A	0	0	14	40.9285714285714
A_PB1	445	14	G	0	0	14	41.1428571428571
A_PB1	446	14	T	0	0	14	39.7857142857143
A_PB1	447	14	T	0	0	14	38.9285714285714
A_PB1	448	14	T	0	0	14	41.2857142857143
A_PB1	449	14	T	0	0	14	41.1428571428571
A_PB1	450	14	C	0	0	14	39.7142857142857
A_PB1	451	14	A	0	0	14	39.4285714285714
A_PB1	452	14	G	0	0	14	39.7857142857143
A_PB1	453	14	A	0	0	14	38.6428571428571
A_PB1	454	14	T	0	0	14	39.7857142857143
A_PB1	455	14	C	0	0	13	41.0769230769231
A_PB1	456	14	G	0	0	14	37.2857142857143
A_PB1	457	14	A	0	0	14	38.7142857142857
A_PB1	458	14	A	0	0	14	36.4285714285714
A_PB1	459	14	T	0	0	14	37.7857142857143
A_PB1	460	14	G	0	0	13	38.0769230769231
A_PB1	461	14	A	0	0	14	38.3571428571429
A_PB1	462	14	C	0	0	14	39
A_PB1	463	14	C	0	0	14	37.4285714285714
A_PB1	464	14	T	0	0	14	39.7857142857143
A_PB1	465	14	A	0	0	14	38.1428571428571
A_PB1	466	14	A	0	0	14	39.3571428571429
A_PB1	467	14	C	0	0	14	38.6428571428571
A_PB1	468	14	A	0	0	14	41
A_PB1	469	14	G	0	0	14	42.7857142857143
A_PB1	470	14	C	0	0	14	41.2857142857143
A_PB1	471	14	T	0	0	14	43.0714285714286
A_PB1	472	14	A	0	0	14	42.2142857142857
A_PB1	473	14	A	0	0	14	42.8571428571429
A_PB1	474	14	T	0	0	14	42.2857142857143
A_PB1	475	14	G	0	0	14	41.2142857142857
A_PB1	476	14	A	0	0	14	39.2142857142857
A_PB1	477	14	G	0	0	14	40.0714285714286
A_PB1	478	14	T	0	0	14	38.6428571428571
A_PB1	479	14	C	0	0	14	37.1428571428571
A_PB1	480	14	A	0	0	14	40.5
A_PB1	481	14	G	0	0	14	42.0714285714286
A_PB1	482	14	G	0	0	14	42.2142857142857
A_PB1	483	14	A	0	0	14	41.4285714285714
A_PB1	484	14	A	0	0	14	42.6428571428571
A_PB1	485	14	G	0	0	14	40.7142857142857
A_PB1	486	14	G	0	0	14	41.5
A_PB1	487	14	C	0	0	14	40.1428571428571
A_PB1	488	14	T	0	0	14	40.7857142857143
A_PB1	489	14	A	0	0	14	40.2142857142857
A_PB1	490	14	A	0	0	14	40.1428571428571
A_PB1	491	14	T	0	0	14	41.1428571428571
A_PB1	492	14	A	0	0	14	40.7857142857143
A_PB1	493	14	G	0	0	14	41.2857142857143
A_PB1	494	14	A	0	0	14	42.2142857142857
A_PB1	495	14	T	0	0	14	42.3571428571429
A_PB1	496	14	T	0	0	14	43
A_PB1	497	14	T	0	0	14	45.5714285714286
A_PB1	498	14	C	0	0	14	45.1428571428571
A_PB1	499	14	T	0	0	14	44.0714285714286
A_PB1	500	14	T	0	0	14	45.8571428571429
A_PB1	501	14	A	0	0	14	43.0714285714286
A_PB1	502	14	A	0	0	14	42.7857142857143
A_PB1	503	14	A	0	0	14	44.2142857142857
A_PB1	504	14	G	0	0	14	42.0714285714286
A_PB1	505	14	G	0	0	14	41.7857142857143
A_PB1	506	14	A	0	0	14	44
A_PB1	507	14	T	0	0	14	41.7142857142857
A_PB1	508	14	G	0	0	14	42.3571428571429
A_PB1	509	14	T	0	0	14	41.7142857142857
A_PB1	510	14	G	0	0	14	43
A_PB1	511	14	A	0	0	14	42.0714285714286
A_PB1	512	14	T	0	0	14	42.5714285714286
A_PB1	513	14	G	0	0	14	42.5
A_PB1	514	14	G	0	0	14	40.6428571428571
A_PB1	515	14	A	0	0	14	38.4285714285714
A_PB1	516	14	A	0	0	14	37.6428571428571
A_PB1	517	14	T	0	0	14	38.8571428571429
A_PB1	518	14	C	0	0	14	40
A_PB1	519	14	A	0	0	14	41.0714285714286
A_PB1	520	14	A	0	0	14	40.7857142857143
A_PB1	521	14	T	0	0	14	41.2857142857143
A_PB1	522	14	G	0	0	14	39.6428571428571
A_PB1	523	14	A	0	0	14	41.7857142857143
A_PB1	524	14	A	0	0	14	39.8571428571429
A_PB1	525	14	C	0	0	14	40.8571428571429
A_PB1	526	14	A	0	0	14	40
A_PB1	527	14	A	0	0	14	40.5714285714286
A_PB1	528	14	A	0	0	14	39.7857142857143
A_PB1	529	14	G	0	0	14	39.4285714285714
A_PB1	530	14	A	0	0	14	40.8571428571429
A_PB1	531	14	G	0	0	14	44
A_PB1	532	14	G	0	0	14	42.5714285714286
A_PB1	533	14	A	0	0	14	42
A_PB1	534	14	A	0	0	14	42.2142857142857
A_PB1	535	14	A	0	0	14	39.4285714285714
A_PB1	536	14	T	0	0	14	42.1428571428571
A_PB1	537	14	A	0	0	14	39.9285714285714
A_PB1	538	14	G	0	0	14	40.6428571428571
A_PB1	539	14	A	0	0	14	39.2142857142857
A_PB1	540	14	G	0	0	14	39.2142857142857
A_PB1	541	14	A	0	0	14	40
A_PB1	542	14	T	0	0	14	37.8571428571429
A_PB1	543	14	A	0	0	14	36
A_PB1	544	14	A	0	0	14	37.0714285714286
A_PB1	545	14	C	0	0	14	38.8571428571429
A_PB1	546	14	A	0	0	14	39.0714285714286
A_PB1	547	14	A	0	0	14	40.5
A_PB1	548	14	C	0	0	14	39.2142857142857
A_PB1	549	14	C	0	0	14	37.5
A_PB1	550	14	C	0	0	14	36.8571428571429
A_PB1	551	14	A	0	0	14	36.9285714285714
A_PB1	552	14	C	0	0	14	36.7142857142857
A_PB1	553	14	T	0	0	14	36.6428571428571
A_PB1	554	14	T	0	0	14	38
A_PB1	555	14	T	0	0	14	38
A_PB1	556	14	C	0	0	14	37.3571428571429
A_PB1	557	14	A	0	0	14	42
A_PB1	558	14	A	0	0	14	43.3571428571429
A_PB1	559	14	A	0	0	14	44.0714285714286
A_PB1	560	14	G	0	0	14	43.7857142857143
A_PB1	561	14	A	0	0	14	41.5
A_PB1	562	14	A	0	0	14	41
A_PB1	563	14	A	0	0	14	39.9285714285714
A_PB1	564	14	A	0	0	14	41.5714285714286
A_PB1	565	14	A	0	0	14	42.4285714285714
A_PB1	566	14	G	0	0	14	41.0714285714286
A_PB1	567	14	G	0	0	14	37.8571428571429
A_PB1	568	14	A	0	0	14	38.7857142857143
A_PB1	569	14	G	0	0	14	36.7857142857143
A_PB1	570	14	A	0	0	14	37.4285714285714
A_PB1	571	14	G	0	0	14	38.3571428571429
A_PB1	572	14	T	0	0	14	38.8571428571429
A_PB1	573	14	A	0	0	14	39.1428571428571
A_PB1	574	14	A	0	0	14	38.7142857142857
A_PB1	575	14	G	0	0	14	38.6428571428571
A_PB1	576	14	A	0	0	14	39.9285714285714
A_PB1	577	14	G	0	0	14	38.8571428571429
A_PB1	578	14	A	0	0	14	37.5714285714286
A_PB1	579	14	C	0	0	14	38.2142857142857
A_PB1	580	14	A	0	0	14	37.9285714285714
A_PB1	581	14	A	0	0	14	37.7857142857143
A_PB1	582	14	C	0	0	14	39.7857142857143
A_PB1	583	14	A	0	0	14	35.7142857142857
A_PB1	584	14	T	0	0	14	37.4285714285714
A_PB1	585	14	G	0	0	14	37.0714285714286
A_PB1	586	14	A	0	0	14	38.4285714285714
A_PB1	587	14	C	0	0	14	39.6428571428571
A_PB1	588	14	C	0	0	14	39.5714285714286
A_PB1	589	14	A	0	0	14	41.1428571428571
A_PB1	590	14	A	0	0	14	40.5714285714286
A_PB1	591	14	G	0	0	13	40.8461538461538
A_PB1	592	14	A	0	0	14	44.4285714285714
A_PB1	593	14	A	0	0	14	42.6428571428571
A_PB1	594	14	G	0	0	14	39.6428571428571
A_PB1	595	14	A	0	0	14	40.6428571428571
A_PB1	596	14	T	0	0	14	40.8571428571429
A_PB1	597	14	G	0	0	14	38.6428571428571
A_PB1	598	14	A	0	0	14	39.2142857142857
A_PB1	599	14	T	0	0	14	38.7857142857143
A_PB1	600	14	C	0	0	14	39.5
A_PB1	601	14	A	0	0	14	41.2142857142857
A_PB1	602	14	C	0	0	14	38.5
A_PB1	603	14	G	0	0	14	35.7142857142857
A_PB1	604	14	C	0	0	14	35.4285714285714
A_PB1	605	14	A	0	0	14	36.1428571428571
A_PB1	606	14	A	0	0	14	34.7857142857143
A_PB1	607	14	A	0	0	14	36.8571428571429
A_PB1	608	14	G	0	0	14	37.8571428571429
A_PB1	609	14	G	0	0	14	39.2142857142857
A_PB1	610	14	A	0	0	14	37.5714285714286
A_PB1	611	14	C	0	0	14	37.3571428571429
A_PB1	612	14	A	0	0	14	36.7142857142857
A_PB1	613	14	A	0	0	14	38.8571428571429
A_PB1	614	14	T	0	0	14	41.2857142857143
A_PB1	615	14	A	0	0	14	39.0714285714286
A_PB1	616	14	G	0	0	14	38.5714285714286
A_PB1	617	14	G	0	0	14	39.0714285714286
A_PB1	618	14	G	0	0	14	39.4285714285714
A_PB1	619	14	A	0	0	14	40.3571428571429
A_PB1	620	14	A	0	0	14	39.6428571428571
A_PB1	621	14	G	0	0	14	39.7857142857143
A_PB1	622	12	A	2	0	12	41.25
A_PB1	623	14	A	0	0	14	39.1428571428571
A_PB1	624	14	A	0	0	14	38
A_PB1	625	14	A	0	0	14	38.0714285714286
A_PB1	626	14	A	0	0	14	39.1428571428571
A_PB1	627	14	A	0	0	14	40.0714285714286
A_PB1	628	14	C	0	0	14	41.4285714285714
A_PB1	629	14	A	0	0	14	40.2857142857143
A_PB1	630	14	G	0	0	14	39.8571428571429
A_PB1	631	14	A	0	0	14	41.7142857142857
A_PB1	632	14	G	0	0	14	41.2142857142857
A_PB1	633	14	A	0	0	14	40.7142857142857
A_PB1	634	13	C	1	0	13	41.5384615384615
A_PB1	635	14	T	0	0	14	40.9285714285714
A_PB1	636	14	G	0	0	14	38.3571428571429
A_PB1	637	14	A	0	0	14	39.7857142857143
A_PB1	638	14	A	0	0	14	40.2142857142857
A_PB1	639	14	T	0	0	14	40.6428571428571
A_PB1	640	14	A	0	0	14	40.7142857142857
A_PB1	641	14	A	0	0	14	41.8571428571429
A_PB1	642	14	G	0	0	14	41.2857142857143
A_PB1	643	14	A	0	0	14	40.0714285714286
A_PB1	644	14	G	0	0	14	38.7857142857143
A_PB1	645	14	A	0	0	14	42.2857142857143
A_PB1	646	14	G	0	0	14	39.7142857142857
A_PB1	647	14	G	0	0	14	39.0714285714286
A_PB1	648	14	C	0	0	14	38.9285714285714
A_PB1	649	14	T	0	0	14	39.2142857142857
A_PB1	650	14	A	0	0	14	38.9285714285714
A_PB1	651	14	T	0	0	14	40.4285714285714
A_PB1	652	14	C	0	0	14	36.7142857142857
A_PB1	653	14	T	0	0	14	37.2142857142857
A_PB1	654	14	A	0	0	14	34.7857142857143
A_PB1	655	14	A	0	0	14	35.0714285714286
A_PB1	656	14	T	0	0	14	36.3571428571429
A_PB1	657	12	A	2	0	12	42.5
A_PB1	658	13	A	1	0	13	38.8461538461538
A_PB1	659	13	G	1	0	13	38.3846153846154
A_PB1	660	14	A	0	0	14	35.7857142857143
A_PB1	661	14	G	0	0	14	35.5
A_PB1	662	14	C	0	0	13	40.1538461538462
A_PB1	663	14	A	0	0	14	37
A_PB1	664	14	C	0	0	13	38.5384615384615
A_PB1	665	14	T	0	0	14	37.5
A_PB1	666	14	G	0	0	14	38.2142857142857
A_PB1	667	14	A	0	0	14	36.8571428571429
A_PB1	668	14	C	0	0	14	39.1428571428571
A_PB1	669	14	A	0	0	14	38.7857142857143
A_PB1	670	14	T	0	0	14	39.5
A_PB1	671	14	T	0	0	14	39.7857142857143
A_PB1	672	14	A	0	0	14	37.5
A_PB1	673	14	A	0	0	14	38.2142857142857
A_PB1	674	14	A	0	0	14	39.5714285714286
A_PB1	675	14	T	0	0	14	38.5714285714286
A_PB1	676	14	A	0	0	14	38.2142857142857
A_PB1	677	14	C	0	0	14	37.4285714285714
A_PB1	678	14	G	0	0	14	34.2857142857143
A_PB1	679	14	A	0	0	14	33.3571428571429
A_PB1	680	14	T	0	0	14	34.6428571428571
A_PB1	681	14	G	0	0	14	33.5714285714286
A_PB1	682	14	A	0	0	14	36
A_PB1	683	13	C	1	0	13	39.6153846153846
A_PB1	684	14	C	0	0	14	36.8571428571429
A_PB1	685	14	A	0	0	14	37.5714285714286
A_PB1	686	14	A	0	0	14	37.2857142857143
A_PB1	687	14	A	0	0	14	38.1428571428571
A_PB1	688	14	G	0	0	14	38.5
A_PB1	689	14	A	0	0	14	37.7857142857143
A_PB1	690	14	T	0	0	14	38.4285714285714
A_PB1	691	14	G	0	0	14	39.5714285714286
A_PB1	692	14	C	0	0	14	40.8571428571429
A_PB1	693	14	A	0	0	14	40.6428571428571
A_PB1	694	14	G	0	0	14	39.2142857142857
A_PB1	695	14	A	0	0	14	39
A_PB1	696	14	G	0	0	14	38.3571428571429
A_PB1	697	14	A	0	0	14	38.7142857142857
A_PB1	698	14	G	0	0	14	37.8571428571429
A_PB1	699	14	A	0	0	14	41
A_PB1	700	14	G	0	0	14	39.2142857142857
A_PB1	701	14	G	0	0	14	39
A_PB1	702	14	C	0	0	14	39.7857142857143
A_PB1	703	14	A	0	0	14	40.4285714285714
A_PB1	704	14	A	0	0	14	39.1428571428571
A_PB1	705	14	G	0	0	14	39.7857142857143
A_PB1	706	14	T	0	0	14	42.9285714285714
A_PB1	707	14	T	0	0	14	40.7857142857143
A_PB1	708	12	A	2	0	12	40.6666666666667
A_PB1	709	14	A	0	0	14	39.1428571428571
A_PB1	710	14	A	0	0	14	42
A_PB1	711	14	A	0	0	14	42.4285714285714
A_PB1	712	14	A	0	0	14	46.0714285714286
A_PB1	713	14	G	0	0	14	45
A_PB1	714	14	A	0	0	14	42
A_PB1	715	14	A	0	0	14	41.3571428571429
A_PB1	716	14	G	0	0	14	38.3571428571429
A_PB1	717	14	G	0	0	14	37.5714285714286
A_PB1	718	14	G	0	0	14	40.5714285714286
A_PB1	719	14	C	0	0	14	38.4285714285714
A_PB1	720	14	T	0	0	14	38.4285714285714
A_PB1	721	14	A	0	0	14	39.5
A_PB1	722	14	T	0	0	14	42.3571428571429
A_PB1	723	14	C	0	0	14	35.7142857142857
A_PB1	724	14	G	0	0	14	35.1428571428571
A_PB1	725	14	C	0	0	14	35.3571428571429
A_PB1	726	14	A	0	0	14	34.7142857142857
A_PB1	727	14	A	0	0	14	35.8571428571429
A_PB1	728	14	C	0	0	14	38.4285714285714
A_PB1	729	14	A	0	0	14	37.3571428571429
A_PB1	730	14	C	0	0	14	36.5714285714286
A_PB1	731	14	C	0	0	14	38
A_PB1	732	14	T	0	0	14	36.7142857142857
A_PB1	733	14	G	0	0	14	35.2857142857143
A_PB1	734	14	G	0	0	14	38.0714285714286
A_PB1	735	14	G	0	0	14	38.9285714285714
A_PB1	736	14	A	0	0	14	40.1428571428571
A_PB1	737	14	T	0	0	14	40.2857142857143
A_PB1	738	14	G	0	0	14	39.3571428571429
A_PB1	739	14	C	0	0	14	39.9285714285714
A_PB1	740	14	A	0	0	14	39.4285714285714
A_PB1	741	14	G	0	0	14	36.2857142857143
A_PB1	742	13	A	1	0	13	35.7692307692308
A_PB1	743	14	T	0	0	14	34.3571428571429
A_PB1	744	14	T	0	0	14	33.9285714285714
A_PB1	745	14	A	0	0	13	36.4615384615385
A_PB1	746	14	G	0	0	13	38.7692307692308
A_PB1	747	14	A	0	0	14	37.1428571428571
A_PB1	748	14	G	0	0	14	36.7142857142857
A_PB1	749	14	G	0	0	14	35.7857142857143
A_PB1	750	14	T	0	0	14	38.2142857142857
A_PB1	751	14	T	0	0	14	38.3571428571429
A_PB1	752	14	T	0	0	14	39.1428571428571
A_PB1	753	14	C	0	0	14	38.1428571428571
A_PB1	754	13	G	1	0	13	39.2307692307692
A_PB1	755	13	T	1	0	13	39.5384615384615
A_PB1	756	13	A	1	0	13	37.7692307692308
A_PB1	757	14	T	0	0	14	37.7857142857143
A_PB1	758	14	A	0	0	14	37.5714285714286
A_PB1	759	14	C	0	0	14	37.0714285714286
A_PB1	760	13	T	1	0	13	40.0769230769231
A_PB1	761	14	T	0	0	14	38.0714285714286
A_PB1	762	14	T	0	0	14	38.1428571428571
A_PB1	763	14	G	0	0	14	37.1428571428571
A_PB1	764	14	T	0	0	14	38.5714285714286
A_PB1	765	14	T	0	0	14	38.1428571428571
A_PB1	766	14	G	0	0	14	35.2857142857143
A_PB1	767	14	A	0	0	14	36.7857142857143
A_PB1	768	14	A	0	0	14	40
A_PB1	769	14	A	0	0	14	39.2142857142857
A_PB1	770	14	C	0	0	14	38.8571428571429
A_PB1	771	14	T	0	0	14	39.7857142857143
A_PB1	772	14	T	0	0	14	39
A_PB1	773	14	T	0	0	14	39.3571428571429
A_PB1	774	14	A	0	0	14	37
A_PB1	775	14	G	0	0	14	40.2857142857143
A_PB1	776	14	C	0	0	14	40.8571428571429
A_PB1	777	14	T	0	0	14	40.2142857142857
A_PB1	778	14	A	0	0	13	40.8461538461538
A_PB1	779	14	G	0	0	13	40.0769230769231
A_PB1	780	14	G	0	0	14	35.4285714285714
A_PB1	781	14	A	0	0	14	36.7142857142857
A_PB1	782	14	G	0	0	14	36.7142857142857
A_PB1	783	14	C	0	0	14	36.0714285714286
A_PB1	784	14	A	0	0	14	35.6428571428571
A_PB1	785	13	T	1	0	13	39.0769230769231
A_PB1	786	13	T	1	0	13	40.1538461538462
A_PB1	787	14	T	0	0	14	39.1428571428571
A_PB1	788	14	G	0	0	13	40.4615384615385
A_PB1	789	14	C	0	0	14	37.0714285714286
A_PB1	790	14	G	0	0	14	36.1428571428571
A_PB1	791	14	A	0	0	14	38.7142857142857
A_PB1	792	14	A	0	0	14	36.3571428571429
A_PB1	793	14	A	0	0	14	35.5
A_PB1	794	14	A	0	0	14	39.5
A_PB1	795	14	G	0	0	14	40.3571428571429
A_PB1	796	14	C	0	0	14	38.5714285714286
A_PB1	797	14	T	0	0	14	38.5714285714286
A_PB1	798	14	T	0	0	14	38.2857142857143
A_PB1	799	14	G	0	0	14	35
A_PB1	800	14	A	0	0	14	36.3571428571429
A_PB1	801	14	A	0	0	14	35.7857142857143
A_PB1	802	14	C	0	0	14	35.2142857142857
A_PB1	803	14	A	0	0	14	34
A_PB1	804	14	G	0	0	14	35
A_PB1	805	14	T	0	0	14	34.9285714285714
A_PB1	806	14	C	0	0	14	33.4285714285714
A_PB1	807	14	T	0	0	14	34.8571428571429
A_PB1	808	14	G	0	0	14	32.4285714285714
A_PB1	809	14	G	0	0	14	33.3571428571429
A_PB1	810	14	G	0	0	14	32.5
A_PB1	811	14	C	0	0	13	35.0769230769231
A_PB1	812	14	T	0	0	14	33.2142857142857
A_PB1	813	13	C	1	0	13	34.8461538461538
A_PB1	814	14	C	0	0	14	37.5714285714286
A_PB1	815	14	C	0	0	14	34.2857142857143
A_PB1	816	14	A	0	0	14	33.6428571428571
A_PB1	817	14	G	0	0	14	31.5
A_PB1	818	14	T	0	0	14	33.8571428571429
A_PB1	819	14	A	0	0	14	31.0714285714286
A_PB1	820	14	G	0	0	14	30.1428571428571
A_PB1	821	14	G	0	0	14	30.5714285714286
A_PB1	822	14	G	0	0	14	30.7857142857143
A_PB1	823	14	G	0	0	14	31.9285714285714
A_PB1	824	14	G	0	0	14	37.8571428571429
A_PB1	825	14	C	0	0	14	37.7857142857143
A_PB1	826	14	A	0	0	13	34.1538461538462
A_PB1	827	14	A	0	0	14	31.2857142857143
A_PB1	828	14	T	0	0	14	32.0714285714286
A_PB1	829	14	G	0	0	14	31.0714285714286
A_PB1	830	14	A	0	0	14	31.3571428571429
A_PB1	831	14	A	0	0	14	33.5714285714286
A_PB1	832	14	A	0	0	14	33.9285714285714
A_PB1	833	14	A	0	0	14	35.5
A_PB1	834	14	G	0	0	14	36.9285714285714
A_PB1	835	14	A	0	0	14	37.9285714285714
A_PB1	836	14	A	0	0	14	38.1428571428571
A_PB1	837	14	G	0	0	14	39.8571428571429
A_PB1	838	14	G	0	0	14	40.4285714285714
A_PB1	839	14	C	0	0	14	40.5714285714286
A_PB1	840	14	C	0	0	14	40.4285714285714
A_PB1	841	14	A	0	0	14	41.3571428571429
A_PB1	842	14	A	0	0	14	41.7142857142857
A_PB1	843	14	A	0	0	14	42.5
A_PB1	844	14	T	0	0	14	42.3571428571429
A_PB1	845	14	T	0	0	14	40.2142857142857
A_PB1	846	14	G	0	0	14	40.4285714285714
A_PB1	847	14	G	0	0	14	41.7142857142857
A_PB1	848	14	C	0	0	14	42.4285714285714
A_PB1	849	14	A	0	0	14	40.4285714285714
A_PB1	850	14	A	0	0	14	38.6428571428571
A_PB1	851	14	A	0	0	14	40.1428571428571
A_PB1	852	14	T	0	0	14	38.9285714285714
A_PB1	853	14	G	0	0	14	41.0714285714286
A_PB1	854	14	T	0	0	14	42.5714285714286
A_PB1	855	14	T	0	0	14	43.2857142857143
A_PB1	856	14	G	0	0	14	42.5
A_PB1	857	14	T	0	0	14	42.5714285714286
A_PB1	858	14	G	0	0	14	40.1428571428571
A_PB1	859	14	A	0	0	14	39.9285714285714
A_PB1	860	14	G	0	0	14	40.0714285714286
A_PB1	861	14	A	0	0	14	39.8571428571429
A_PB1	862	14	A	0	0	14	40.6428571428571
A_PB1	863	14	A	0	0	14	42.7142857142857
A_PB1	864	14	G	0	0	14	40.7142857142857
A_PB1	865	14	A	0	0	14	42.2857142857143
A_PB1	866	14	T	0	0	14	41.7142857142857
A_PB1	867	14	G	0	0	14	41.7857142857143
A_PB1	868	14	A	0	0	14	41.0714285714286
A_PB1	869	14	T	0	0	14	41.7857142857143
A_PB1	870	13	G	0	0	13	44.0769230769231
A_PB1	871	13	A	0	0	13	43.9230769230769
A_PB1	872	13	C	0	0	12	45.3333333333333
A_PB1	873	13	T	0	0	12	42.6666666666667
A_PB1	874	13	A	0	0	13	42
A_PB1	875	13	A	0	0	13	43.0769230769231
A_PB1	876	13	C	0	0	13	41.9230769230769
A_PB1	877	13	T	0	0	13	43.5384615384615
A_PB1	878	13	C	0	0	13	41.2307692307692
A_PB1	879	13	A	0	0	13	42.7692307692308
A_PB1	880	13	C	0	0	13	41.1538461538462
A_PB1	881	13	A	0	0	13	42
A_PB1	882	13	A	0	0	13	40.4615384615385
A_PB1	883	13	G	0	0	13	40.1538461538462
A_PB1	884	13	A	0	0	13	40.4615384615385
A_PB1	885	13	T	0	0	13	40.0769230769231
A_PB1	886	13	A	0	0	13	40.3076923076923
A_PB1	887	13	C	0	0	13	40.8461538461538
A_PB1	888	13	A	0	0	13	39.8461538461538
A_PB1	889	13	G	0	0	13	40.7692307692308
A_PB1	890	13	A	0	0	13	39.8461538461538
A_PB1	891	13	G	0	0	13	41.2307692307692
A_PB1	892	13	A	0	0	13	40.4615384615385
A_PB1	893	13	T	0	0	13	41.9230769230769
A_PB1	894	13	T	0	0	13	40.6153846153846
A_PB1	895	13	T	0	0	13	41.6153846153846
A_PB1	896	13	C	0	0	13	40.3076923076923
A_PB1	897	13	T	0	0	13	40.8461538461538
A_PB1	898	13	T	0	0	13	40.6153846153846
A_PB1	899	13	T	0	0	13	40.4615384615385
A_PB1	900	13	C	0	0	13	35.5384615384615
A_PB1	901	13	A	0	0	13	39.8461538461538
A_PB1	902	13	C	0	0	13	42
A_PB1	903	13	A	0	0	13	40
A_PB1	904	13	A	0	0	13	43.5384615384615
A_PB1	905	13	T	0	0	13	45.5384615384615
A_PB1	906	13	C	0	0	13	45.5384615384615
A_PB1	907	13	A	0	0	13	44.9230769230769
A_PB1	908	13	C	0	0	13	42.7692307692308
A_PB1	909	13	T	0	0	13	45.1538461538462
A_PB1	910	13	G	0	0	13	42.1538461538462
A_PB1	911	13	G	0	0	13	43
A_PB1	912	13	G	0	0	13	40.8461538461538
A_PB1	913	13	G	0	0	13	40.6153846153846
A_PB1	914	13	A	0	0	13	40.4615384615385
A_PB1	915	13	C	0	0	13	39.6923076923077
A_PB1	916	13	A	0	0	13	38.4615384615385
A_PB1	917	13	A	0	0	13	39.1538461538462
A_PB1	918	13	C	0	0	13	39.9230769230769
A_PB1	919	13	A	0	0	13	40.8461538461538
A_PB1	920	13	C	0	0	13	39.3846153846154
A_PB1	921	13	T	0	0	13	39.7692307692308
A_PB1	922	13	A	0	0	13	37.0769230769231
A_PB1	923	13	A	0	0	13	39.4615384615385
A_PB1	924	13	A	0	0	13	37.6923076923077
A_PB1	925	13	T	0	0	13	39.2307692307692
A_PB1	926	13	G	0	0	13	41.3846153846154
A_PB1	927	13	G	0	0	13	42.3076923076923
A_PB1	928	13	A	0	0	13	43.4615384615385
A_PB1	929	13	A	0	0	13	43
A_PB1	930	13	T	0	0	13	43.5384615384615
A_PB1	931	13	G	0	0	13	41.1538461538462
A_PB1	932	13	A	0	0	13	42.0769230769231
A_PB1	933	13	G	0	0	13	41.4615384615385
A_PB1	934	13	A	0	0	13	41.3846153846154
A_PB1	935	13	A	0	0	13	40.4615384615385
A_PB1	936	13	T	0	0	13	41.3076923076923
A_PB1	937	13	C	0	0	13	41.5384615384615
A_PB1	938	13	A	0	0	13	41.2307692307692
A_PB1	939	13	A	0	0	13	41.6923076923077
A_PB1	940	13	A	0	0	13	44.2307692307692
A_PB1	941	13	A	0	0	13	41.0769230769231
A_PB1	942	13	T	0	0	13	42.3076923076923
A_PB1	943	13	C	0	0	13	42.5384615384615
A_PB1	944	13	C	0	0	13	42.1538461538462
A_PB1	945	13	T	0	0	13	41.7692307692308
A_PB1	946	13	C	0	0	13	40.2307692307692
A_PB1	947	13	G	0	0	13	39.9230769230769
A_PB1	948	13	A	0	0	13	39.9230769230769
A_PB1	949	13	A	0	0	13	41.0769230769231
A_PB1	950	13	T	0	0	13	40.4615384615385
A_PB1	951	13	G	0	0	13	42.3076923076923
A_PB1	952	13	T	0	0	13	44.3846153846154
A_PB1	953	13	T	0	0	13	43.7692307692308
A_PB1	954	13	C	0	0	13	41.8461538461538
A_PB1	955	13	C	0	0	13	38.6153846153846
A_PB1	956	13	T	0	0	13	39.0769230769231
A_PB1	957	13	T	0	0	13	38.3846153846154
A_PB1	958	13	G	0	0	13	40.3846153846154
A_PB1	959	13	C	0	0	13	37.6923076923077
A_PB1	960	13	T	0	0	13	41.8461538461538
A_PB1	961	13	A	0	0	13	43.1538461538462
A_PB1	962	13	T	0	0	13	42.6923076923077
A_PB1	963	13	G	0	0	13	41.4615384615385
A_PB1	964	13	A	0	0	13	41.4615384615385
A_PB1	965	13	T	0	0	13	40.9230769230769
A_PB1	966	13	T	0	0	13	39.2307692307692
A_PB1	967	13	A	0	0	13	38.5384615384615
A_PB1	968	13	C	0	0	13	37.4615384615385
A_PB1	969	13	A	0	0	13	38
A_PB1	970	13	T	0	0	13	41.0769230769231
A_PB1	971	13	A	0	0	13	41.3076923076923
A_PB1	972	13	T	0	0	13	41.0769230769231
A_PB1	973	13	A	0	0	13	39.7692307692308
A_PB1	974	13	T	0	0	13	38.1538461538462
A_PB1	975	13	C	0	0	13	41.0769230769231
A_PB1	976	13	A	0	0	13	42.6153846153846
A_PB1	977	13	C	0	0	13	40.7692307692308
A_PB1	978	13	C	0	0	13	40.7692307692308
A_PB1	979	13	A	0	0	13	39.6923076923077
A_PB1	980	13	G	0	0	13	41.6153846153846
A_PB1	981	13	A	0	0	13	42.7692307692308
A_PB1	982	13	A	0	0	13	43.3846153846154
A_PB1	983	13	A	0	0	13	42.6923076923077
A_PB1	984	13	T	0	0	13	41.6153846153846
A_PB1	985	13	C	0	0	13	40.9230769230769
A_PB1	986	13	A	0	0	13	41.3846153846154
A_PB1	987	13	A	0	0	13	40.9230769230769
A_PB1	988	13	C	0	0	13	40.2307692307692
A_PB1	989	13	C	0	0	13	40
A_PB1	990	13	C	0	0	13	40
A_PB1	991	13	G	0	0	13	40
A_PB1	992	13	A	0	0	13	40.3076923076923
A_PB1	993	13	G	0	0	13	40.6923076923077
A_PB1	994	13	T	0	0	13	40.3846153846154
A_PB1	995	13	G	0	0	13	40.6153846153846
A_PB1	996	13	G	0	0	13	41
A_PB1	997	13	T	0	0	13	40.8461538461538
A_PB1	998	13	T	0	0	13	40.1538461538462
A_PB1	999	13	T	0	0	13	39.7692307692308
A_PB1	1000	13	A	0	0	13	41.0769230769231
A_PB1	1001	13	G	0	0	13	41.3846153846154
A_PB1	1002	13	A	0	0	13	42.0769230769231
A_PB1	1003	13	A	0	0	13	43.3846153846154
A_PB1	1004	13	A	0	0	13	43.3846153846154
A_PB1	1005	13	C	0	0	13	44.6153846153846
A_PB1	1006	13	A	0	0	13	43.1538461538462
A_PB1	1007	13	T	0	0	13	44.3076923076923
A_PB1	1008	13	C	0	0	13	42.3846153846154
A_PB1	1009	13	C	0	0	13	44.6923076923077
A_PB1	1010	13	T	0	0	13	42.7692307692308
A_PB1	1011	13	G	0	0	13	42
A_PB1	1012	13	A	0	0	13	40.3076923076923
A_PB1	1013	13	G	0	0	13	38.8461538461538
A_PB1	1014	13	C	0	0	13	41.4615384615385
A_PB1	1015	13	A	0	0	13	41.8461538461538
A_PB1	1016	13	T	0	0	13	41.8461538461538
A_PB1	1017	13	G	0	0	13	43.2307692307692
A_PB1	1018	13	G	0	0	13	43.6923076923077
A_PB1	1019	13	C	0	0	13	42.9230769230769
A_PB1	1020	13	A	0	0	13	42.3076923076923
A_PB1	1021	13	C	0	0	13	42.6153846153846
A_PB1	1022	13	C	0	0	13	41.8461538461538
A_PB1	1023	13	C	0	0	13	39.8461538461538
A_PB1	1024	13	A	0	0	13	38
A_PB1	1025	13	T	0	0	13	39.0769230769231
A_PB1	1026	13	A	0	0	13	40.8461538461538
A_PB1	1027	13	A	0	0	13	42.1538461538462
A_PB1	1028	13	T	0	0	13	41.6153846153846
A_PB1	1029	13	G	0	0	13	44.3076923076923
A_PB1	1030	13	T	0	0	13	43.6923076923077
A_PB1	1031	13	T	0	0	13	42.9230769230769
A_PB1	1032	13	C	0	0	13	43.1538461538462
A_PB1	1033	13	T	0	0	13	42.5384615384615
A_PB1	1034	13	C	0	0	13	41.3846153846154
A_PB1	1035	12	A	1	0	12	42.75
A_PB1	1036	13	A	0	0	13	42.2307692307692
A_PB1	1037	13	A	0	0	13	43.4615384615385
A_PB1	1038	13	T	0	0	13	41.8461538461538
A_PB1	1039	13	A	0	0	13	42.1538461538462
A_PB1	1040	13	A	0	0	13	41.0769230769231
A_PB1	1041	13	A	0	0	13	40.9230769230769
A_PB1	1042	13	A	0	0	13	40.1538461538462
A_PB1	1043	13	T	0	0	13	41.6923076923077
A_PB1	1044	13	G	0	0	13	41.7692307692308
A_PB1	1045	13	G	0	0	13	43.2307692307692
A_PB1	1046	13	C	0	0	13	45.3076923076923
A_PB1	1047	13	A	0	0	13	43.8461538461538
A_PB1	1048	13	A	0	0	13	43.3076923076923
A_PB1	1049	13	G	0	0	13	43.6153846153846
A_PB1	1050	13	A	0	0	13	41.8461538461538
A_PB1	1051	13	C	0	0	13	38.3076923076923
A_PB1	1052	13	T	0	0	13	39.8461538461538
A_PB1	1053	13	A	0	0	13	35.6923076923077
A_PB1	1054	13	G	0	0	13	37.2307692307692
A_PB1	1055	13	G	0	0	13	36.3076923076923
A_PB1	1056	13	A	0	0	13	40.3846153846154
A_PB1	1057	13	A	0	0	13	41.4615384615385
A_PB1	1058	13	A	0	0	13	44.2307692307692
A_PB1	1059	13	A	0	0	13	44.7692307692308
A_PB1	1060	13	G	0	0	13	45.1538461538462
A_PB1	1061	13	G	0	0	13	42.6153846153846
A_PB1	1062	13	G	0	0	13	41.3076923076923
A_PB1	1063	13	T	0	0	13	42.3846153846154
A_PB1	1064	13	A	0	0	13	41.3076923076923
A_PB1	1065	13	C	0	0	13	42
A_PB1	1066	13	A	0	0	13	43.5384615384615
A_PB1	1067	13	T	0	0	13	44.2307692307692
A_PB1	1068	13	G	0	0	13	42.0769230769231
A_PB1	1069	13	T	0	0	13	42.6153846153846
A_PB1	1070	13	T	0	0	13	38.8461538461538
A_PB1	1071	13	C	0	0	13	33
A_PB1	1072	13	G	0	0	13	29.1538461538462
A_PB1	1073	13	A	0	0	13	30
A_PB1	1074	13	G	0	0	13	31.1538461538462
A_PB1	1075	13	A	0	0	13	32.4615384615385
A_PB1	1076	13	G	0	0	13	34.0769230769231
A_PB1	1077	13	T	0	0	13	35.3846153846154
A_PB1	1078	13	A	0	0	13	33.4615384615385
A_PB1	1079	13	A	0	0	13	33.0769230769231
A_PB1	1080	13	A	0	0	13	35.8461538461538
A_PB1	1081	13	A	0	0	13	37.6923076923077
A_PB1	1082	13	G	0	0	13	39.4615384615385
A_PB1	1083	13	A	0	0	13	41.3846153846154
A_PB1	1084	13	A	0	0	13	41.6153846153846
A_PB1	1085	13	T	0	0	13	41.3076923076923
A_PB1	1086	13	G	0	0	13	42.5384615384615
A_PB1	1087	13	A	0	0	13	43.5384615384615
A_PB1	1088	13	A	0	0	13	44.9230769230769
A_PB1	1089	13	G	0	0	13	45.3846153846154
A_PB1	1090	13	A	0	0	13	42.9230769230769
A_PB1	1091	13	T	0	0	13	43.3846153846154
A_PB1	1092	13	T	0	0	13	43.1538461538462
A_PB1	1093	13	C	0	0	13	40.6923076923077
A_PB1	1094	13	G	0	0	13	38.1538461538462
A_PB1	1095	13	A	0	0	13	40.9230769230769
A_PB1	1096	13	A	0	0	13	40.2307692307692
A_PB1	1097	13	C	0	0	13	40.9230769230769
A_PB1	1098	13	A	0	0	13	41
A_PB1	1099	13	C	0	0	13	42.6153846153846
A_PB1	1100	13	A	0	0	13	40.3076923076923
A_PB1	1101	13	A	0	0	13	41.8461538461538
A_PB1	1102	13	A	0	0	13	41.6153846153846
A_PB1	1103	13	T	0	0	13	40.9230769230769
A_PB1	1104	13	A	0	0	13	41.3076923076923
A_PB1	1105	13	C	0	0	13	44
A_PB1	1106	13	C	0	0	13	40.2307692307692
A_PB1	1107	13	A	0	0	13	40.1538461538462
A_PB1	1108	13	G	0	0	13	42.7692307692308
A_PB1	1109	13	C	0	0	13	45.4615384615385
A_PB1	1110	13	A	0	0	13	43.0769230769231
A_PB1	1111	13	G	0	0	13	43.5384615384615
A_PB1	1112	13	A	0	0	13	42.5384615384615
A_PB1	1113	13	A	0	0	13	45
A_PB1	1114	13	A	0	0	13	44.8461538461538
A_PB1	1115	13	T	0	0	13	44.3076923076923
A_PB1	1116	13	G	0	0	13	44.7692307692308
A_PB1	1117	13	C	0	0	13	43.6153846153846
A_PB1	1118	13	T	0	0	13	41.2307692307692
A_PB1	1119	13	A	0	0	13	41.0769230769231
A_PB1	1120	13	G	0	0	13	41.7692307692308
A_PB1	1121	13	C	0	0	13	41.5384615384615
A_PB1	1122	13	A	0	0	13	40.8461538461538
A_PB1	1123	13	A	0	0	13	39.5384615384615
A_PB1	1124	13	G	0	0	13	41.9230769230769
A_PB1	1125	13	C	0	0	13	42.1538461538462
A_PB1	1126	13	A	0	0	13	39.9230769230769
A_PB1	1127	13	T	0	0	13	41.4615384615385
A_PB1	1128	13	T	0	0	13	41.9230769230769
A_PB1	1129	13	G	0	0	13	39.9230769230769
A_PB1	1130	13	A	0	0	13	41.3846153846154
A_PB1	1131	13	T	0	0	13	43.4615384615385
A_PB1	1132	13	C	0	0	13	40.6923076923077
A_PB1	1133	13	T	0	0	13	41.8461538461538
A_PB1	1134	13	A	0	0	13	39.6153846153846
A_PB1	1135	13	A	0	0	13	39.9230769230769
A_PB1	1136	13	A	0	0	13	38.6153846153846
A_PB1	1137	13	G	0	0	13	39.1538461538462
A_PB1	1138	13	T	0	0	13	40.0769230769231
A_PB1	1139	13	A	0	0	13	38.1538461538462
A_PB1	1140	13	T	0	0	13	39.4615384615385
A_PB1	1141	13	T	0	0	13	40
A_PB1	1142	13	T	0	0	13	40.6923076923077
A_PB1	1143	13	C	0	0	13	37.9230769230769
A_PB1	1144	13	A	0	0	13	37.4615384615385
A_PB1	1145	13	A	0	0	13	38.4615384615385
A_PB1	1146	13	T	0	0	13	37.9230769230769
A_PB1	1147	13	G	0	0	13	36
A_PB1	1148	13	A	0	0	13	36.1538461538462
A_PB1	1149	13	A	0	0	13	35.9230769230769
A_PB1	1150	13	T	0	0	13	37.8461538461538
A_PB1	1151	13	C	0	0	13	37.2307692307692
A_PB1	1152	14	A	0	0	14	38.1428571428571
A_PB1	1153	14	A	0	0	14	39.0714285714286
A_PB1	1154	14	C	0	0	14	40.5714285714286
A_PB1	1155	14	A	0	0	14	40.8571428571429
A_PB1	1156	14	A	0	0	14	40.4285714285714
A_PB1	1157	14	G	0	0	14	40.7857142857143
A_PB1	1158	14	G	0	0	14	39.7142857142857
A_PB1	1159	14	A	0	0	14	41.1428571428571
A_PB1	1160	14	A	0	0	14	43
A_PB1	1161	14	G	0	0	14	42.3571428571429
A_PB1	1162	14	A	0	0	14	42.8571428571429
A_PB1	1163	14	A	0	0	14	42.2857142857143
A_PB1	1164	14	A	0	0	14	43.2857142857143
A_PB1	1165	14	A	0	0	14	40.2142857142857
A_PB1	1166	14	T	0	0	14	40.2142857142857
A_PB1	1167	14	T	0	0	14	41.2142857142857
A_PB1	1168	14	G	0	0	14	40.4285714285714
A_PB1	1169	14	A	0	0	14	41.6428571428571
A_PB1	1170	14	G	0	0	14	43.5
A_PB1	1171	14	A	0	0	14	43
A_PB1	1172	14	A	0	0	14	46.4285714285714
A_PB1	1173	14	G	0	0	14	45.2142857142857
A_PB1	1174	14	A	0	0	14	44.7142857142857
A_PB1	1175	14	T	0	0	14	43.7142857142857
A_PB1	1176	14	A	0	0	14	43.2142857142857
A_PB1	1177	14	A	0	0	14	44.5
A_PB1	1178	14	G	0	0	14	43.8571428571429
A_PB1	1179	14	G	0	0	14	40.5714285714286
A_PB1	1180	14	C	0	0	14	41.2142857142857
A_PB1	1181	14	C	0	0	14	40.5714285714286
A_PB1	1182	14	T	0	0	14	42.1428571428571
A_PB1	1183	14	C	0	0	14	36.7142857142857
A_PB1	1184	14	T	0	0	14	37.9285714285714
A_PB1	1185	14	T	0	0	14	37.9285714285714
A_PB1	1186	14	T	0	0	14	37.0714285714286
A_PB1	1187	14	T	0	0	14	36.3571428571429
A_PB1	1188	14	A	0	0	14	34.6428571428571
A_PB1	1189	14	A	0	0	14	38.2142857142857
A_PB1	1190	14	T	0	0	14	41.3571428571429
A_PB1	1191	14	G	0	0	14	40.7857142857143
A_PB1	1192	14	G	0	0	14	42.5714285714286
A_PB1	1193	14	A	0	0	14	42.8571428571429
A_PB1	1194	14	T	0	0	14	40
A_PB1	1195	14	G	0	0	14	41.2142857142857
A_PB1	1196	14	G	0	0	14	40.5
A_PB1	1197	14	C	0	0	14	41.7857142857143
A_PB1	1198	14	A	0	0	14	40.7142857142857
A_PB1	1199	14	C	0	0	14	41.5
A_PB1	1200	14	A	0	0	14	41.2142857142857
A_PB1	1201	14	G	0	0	14	42.4285714285714
A_PB1	1202	14	C	0	0	14	41.4285714285714
A_PB1	1203	14	A	0	0	14	42.7142857142857
A_PB1	1204	14	T	0	0	14	42.7857142857143
A_PB1	1205	14	C	0	0	14	41.1428571428571
A_PB1	1206	14	A	0	0	14	43.0714285714286
A_PB1	1207	14	C	0	0	14	43.1428571428571
A_PB1	1208	14	T	0	0	14	44
A_PB1	1209	14	G	0	0	14	41.5714285714286
A_PB1	1210	14	A	0	0	14	41.7142857142857
A_PB1	1211	14	G	0	0	14	41
A_PB1	1212	14	T	0	0	14	40.5714285714286
A_PB1	1213	14	C	0	0	14	40.5714285714286
A_PB1	1214	14	C	0	0	14	42.5714285714286
A_PB1	1215	14	T	0	0	14	44.1428571428571
A_PB1	1216	14	G	0	0	14	42.8571428571429
A_PB1	1217	14	G	0	0	14	45.7857142857143
A_PB1	1218	14	G	0	0	14	44.2857142857143
A_PB1	1219	14	A	0	0	14	43.1428571428571
A_PB1	1220	14	T	0	0	14	44.1428571428571
A_PB1	1221	14	G	0	0	14	45.2857142857143
A_PB1	1222	14	A	0	0	14	47
A_PB1	1223	14	T	0	0	14	43.0714285714286
A_PB1	1224	14	G	0	0	14	45.1428571428571
A_PB1	1225	14	A	0	0	14	44.2857142857143
A_PB1	1226	14	T	0	0	14	45.1428571428571
A_PB1	1227	14	G	0	0	14	44.5
A_PB1	1228	14	G	0	0	14	44.7142857142857
A_PB1	1229	14	G	0	0	14	41.8571428571429
A_PB1	1230	14	C	0	0	14	41.2857142857143
A_PB1	1231	14	A	0	0	14	42.2142857142857
A_PB1	1232	14	T	0	0	14	42.5
A_PB1	1233	14	G	0	0	14	40.7142857142857
A_PB1	1234	14	T	0	0	14	41.5
A_PB1	1235	14	T	0	0	14	42.6428571428571
A_PB1	1236	14	C	0	0	14	40.9285714285714
A_PB1	1237	14	A	0	0	14	41.7142857142857
A_PB1	1238	14	A	0	0	14	41.8571428571429
A_PB1	1239	14	C	0	0	14	41.6428571428571
A_PB1	1240	14	A	0	0	14	41.0714285714286
A_PB1	1241	14	T	0	0	14	41.8571428571429
A_PB1	1242	14	G	0	0	14	40.3571428571429
A_PB1	1243	14	C	0	0	14	41.2857142857143
A_PB1	1244	14	T	0	0	14	41.4285714285714
A_PB1	1245	14	A	0	0	14	39.4285714285714
A_PB1	1246	14	A	0	0	14	39.7142857142857
A_PB1	1247	14	G	0	0	14	40.9285714285714
A_PB1	1248	14	T	0	0	14	40.9285714285714
A_PB1	1249	14	A	0	0	14	41.2142857142857
A_PB1	1250	14	C	0	0	14	40
A_PB1	1251	14	G	0	0	14	40.2142857142857
A_PB1	1252	14	G	0	0	14	40.0714285714286
A_PB1	1253	14	T	0	0	14	41.6428571428571
A_PB1	1254	14	A	0	0	14	42.5
A_PB1	1255	14	T	0	0	14	41.7857142857143
A_PB1	1256	14	T	0	0	14	41.0714285714286
A_PB1	1257	14	G	0	0	14	42.9285714285714
A_PB1	1258	14	G	0	0	14	41.6428571428571
A_PB1	1259	14	G	0	0	13	39.5384615384615
A_PB1	1260	14	A	0	0	14	39.6428571428571
A_PB1	1261	14	G	0	0	14	40.1428571428571
A_PB1	1262	14	T	0	0	14	40.9285714285714
A_PB1	1263	14	C	0	0	14	41.2142857142857
A_PB1	1264	13	T	1	0	13	43.0769230769231
A_PB1	1265	14	C	0	0	14	40.7857142857143
A_PB1	1266	14	G	0	0	13	39.6923076923077
A_PB1	1267	14	A	0	0	14	38.2857142857143
A_PB1	1268	14	T	0	0	14	39.5
A_PB1	1269	14	A	0	0	14	37.7857142857143
A_PB1	1270	14	C	0	0	14	38.4285714285714
A_PB1	1271	14	T	0	0	14	39.0714285714286
A_PB1	1272	14	G	0	0	14	37.5
A_PB1	1273	14	A	0	0	14	36.7857142857143
A_PB1	1274	14	A	0	0	14	36.8571428571429
A_PB1	1275	14	T	0	0	14	38.6428571428571
A_PB1	1276	14	C	0	0	14	37.1428571428571
A_PB1	1277	14	T	0	0	14	39.3571428571429
A_PB1	1278	14	T	0	0	14	39.2142857142857
A_PB1	1279	14	G	0	0	14	38.7857142857143
A_PB1	1280	14	G	0	0	14	36.2857142857143
A_PB1	1281	14	A	0	0	14	36.2142857142857
A_PB1	1282	14	C	0	0	14	36.2857142857143
A_PB1	1283	14	A	0	0	14	34.7857142857143
A_PB1	1284	14	A	0	0	14	36.2142857142857
A_PB1	1285	14	A	0	0	14	37.1428571428571
A_PB1	1286	14	A	0	0	14	35.7857142857143
A_PB1	1287	14	G	0	0	14	36.3571428571429
A_PB1	1288	14	A	0	0	14	38.9285714285714
A_PB1	1289	14	A	0	0	14	41.7857142857143
A_PB1	1290	14	A	0	0	14	40.7857142857143
A_PB1	1291	14	T	0	0	14	40.8571428571429
A_PB1	1292	14	A	0	0	14	39.8571428571429
A_PB1	1293	14	C	0	0	14	39.2142857142857
A_PB1	1294	14	A	0	0	14	37.7142857142857
A_PB1	1295	14	C	0	0	14	37.5
A_PB1	1296	14	T	0	0	14	37.1428571428571
A_PB1	1297	14	A	0	0	13	36.4615384615385
A_PB1	1298	14	A	0	0	14	35.7142857142857
A_PB1	1299	14	G	0	0	13	37.8461538461538
A_PB1	1300	14	A	0	0	13	37.2307692307692
A_PB1	1301	14	C	0	0	14	37.5714285714286
A_PB1	1302	14	A	0	0	14	37.0714285714286
A_PB1	1303	14	A	0	0	14	36.8571428571429
A_PB1	1304	14	C	0	0	14	38.8571428571429
A_PB1	1305	14	A	0	0	14	40.5714285714286
A_PB1	1306	14	T	0	0	14	40.6428571428571
A_PB1	1307	14	A	0	0	14	40.4285714285714
A_PB1	1308	14	C	0	0	14	37.7857142857143
A_PB1	1309	14	T	0	0	14	37.8571428571429
A_PB1	1310	14	G	0	0	14	36.7857142857143
A_PB1	1311	14	G	0	0	14	36
A_PB1	1312	14	T	0	0	14	37.2142857142857
A_PB1	1313	14	G	0	0	14	41.2857142857143
A_PB1	1314	14	G	0	0	14	41.2142857142857
A_PB1	1315	14	G	0	0	14	41.1428571428571
A_PB1	1316	14	A	0	0	14	43.0714285714286
A_PB1	1317	14	T	0	0	14	41.8571428571429
A_PB1	1318	14	G	0	0	14	40.6428571428571
A_PB1	1319	14	G	0	0	14	41.3571428571429
A_PB1	1320	14	G	0	0	14	40.8571428571429
A_PB1	1321	14	C	0	0	14	39.4285714285714
A_PB1	1322	14	T	0	0	14	39.9285714285714
A_PB1	1323	14	C	0	0	14	39.1428571428571
A_PB1	1324	14	C	0	0	14	39.7857142857143
A_PB1	1325	14	A	0	0	13	37.7692307692308
A_PB1	1326	14	A	0	0	14	37.5714285714286
A_PB1	1327	14	T	0	0	14	39.7142857142857
A_PB1	1328	14	C	0	0	14	37.4285714285714
A_PB1	1329	14	A	0	0	14	39.5
A_PB1	1330	14	T	0	0	14	38.3571428571429
A_PB1	1331	14	C	0	0	14	38.1428571428571
A_PB1	1332	14	C	0	0	14	37.5
A_PB1	1333	14	G	0	0	13	38.2307692307692
A_PB1	1334	14	A	0	0	14	35.6428571428571
A_PB1	1335	14	C	0	0	13	34.6153846153846
A_PB1	1336	14	G	0	0	13	36.1538461538462
A_PB1	1337	14	A	0	0	14	34.7142857142857
A_PB1	1338	13	T	1	0	13	38.5384615384615
A_PB1	1339	14	T	0	0	14	35.9285714285714
A_PB1	1340	14	T	0	0	14	36.2857142857143
A_PB1	1341	13	T	1	0	13	38.5384615384615
A_PB1	1342	13	G	1	0	13	38.3076923076923
A_PB1	1343	14	C	0	0	13	39.3846153846154
A_PB1	1344	14	T	0	0	14	37.6428571428571
A_PB1	1345	14	C	0	0	14	35.6428571428571
A_PB1	1346	14	T	0	0	14	34.8571428571429
A_PB1	1347	14	C	0	0	14	34.3571428571429
A_PB1	1348	14	A	0	0	14	35.4285714285714
A_PB1	1349	14	T	0	0	14	36.0714285714286
A_PB1	1350	14	A	0	0	14	37.6428571428571
A_PB1	1351	14	G	0	0	14	38.9285714285714
A_PB1	1352	14	T	0	0	14	38.6428571428571
A_PB1	1353	14	G	0	0	14	40.4285714285714
A_PB1	1354	14	A	0	0	14	40.7857142857143
A_PB1	1355	14	A	0	0	14	43.2857142857143
A_PB1	1356	14	T	0	0	14	43.1428571428571
A_PB1	1357	14	G	0	0	14	42.7142857142857
A_PB1	1358	14	C	0	0	14	42.7857142857143
A_PB1	1359	14	A	0	0	14	41.2857142857143
A_PB1	1360	14	T	0	0	14	43.2857142857143
A_PB1	1361	14	C	0	0	14	39.5
A_PB1	1362	14	T	0	0	14	39.3571428571429
A_PB1	1363	14	A	0	0	14	39.6428571428571
A_PB1	1364	14	A	0	0	14	39.7857142857143
A_PB1	1365	14	C	0	0	14	39.5
A_PB1	1366	14	C	0	0	14	38.1428571428571
A_PB1	1367	14	A	0	0	14	37.8571428571429
A_PB1	1368	14	T	0	0	14	40.1428571428571
A_PB1	1369	14	G	0	0	13	40.3846153846154
A_PB1	1370	14	A	0	0	14	37.5714285714286
A_PB1	1371	14	A	0	0	14	38.6428571428571
A_PB1	1372	14	G	0	0	14	39.2142857142857
A_PB1	1373	14	G	0	0	14	39.2857142857143
A_PB1	1374	14	A	0	0	14	41.0714285714286
A_PB1	1375	14	A	0	0	14	40.2142857142857
A_PB1	1376	14	T	0	0	14	41.1428571428571
A_PB1	1377	14	A	0	0	14	41.2142857142857
A_PB1	1378	14	C	0	0	14	42.7142857142857
A_PB1	1379	32	A	0	0	32	40.25
A_PB1	1380	32	A	0	0	32	41.1875
A_PB1	1381	32	G	0	0	32	42
A_PB1	1382	32	C	0	0	32	42.375
A_PB1	1383	32	A	0	0	32	42
A_PB1	1384	32	G	0	0	32	42
A_PB1	1385	32	G	0	0	32	41.65625
A_PB1	1386	32	A	0	0	32	41.28125
A_PB1	1387	32	G	0	0	32	41.46875
A_PB1	1388	33	T	0	0	33	41.0909090909091
A_PB1	1389	33	G	0	0	33	40.030303030303
A_PB1	1390	33	G	0	0	33	41.2121212121212
A_PB1	1391	33	A	0	0	32	40.15625
A_PB1	1392	33	C	0	0	33	39.8787878787879
A_PB1	1393	33	A	0	0	33	40.6363636363636
A_PB1	1394	33	G	0	0	33	42.1818181818182
A_PB1	1395	33	A	0	0	33	41.4545454545455
A_PB1	1396	33	T	0	0	33	42.6060606060606
A_PB1	1397	33	T	0	0	33	41.4242424242424
A_PB1	1398	33	C	0	0	33	41.030303030303
A_PB1	1399	34	T	0	0	34	39.8529411764706
A_PB1	1400	34	A	0	0	34	38.7058823529412
A_PB1	1401	34	C	0	0	34	40.2647058823529
A_PB1	1402	34	A	0	0	34	39.6470588235294
A_PB1	1403	34	G	0	0	34	41.0588235294118
A_PB1	1404	34	G	0	0	34	41.5294117647059
A_PB1	1405	34	A	0	0	34	41.0588235294118
A_PB1	1406	34	C	0	0	34	41.4705882352941
A_PB1	1407	34	C	0	0	34	41.0294117647059
A_PB1	1408	34	T	0	0	34	41.7058823529412
A_PB1	1409	34	G	0	0	34	40.3823529411765
A_PB1	1410	34	C	0	0	34	41.0294117647059
A_PB1	1411	34	A	0	0	34	39.6470588235294
A_PB1	1412	34	A	0	0	34	41.6470588235294
A_PB1	1413	34	A	0	0	34	41.3823529411765
A_PB1	1414	34	T	0	0	34	41.4117647058824
A_PB1	1415	34	T	0	0	34	41.7647058823529
A_PB1	1416	34	A	0	0	33	39.5454545454545
A_PB1	1417	34	G	0	0	34	38.0294117647059
A_PB1	1418	34	T	0	0	33	38.4848484848485
A_PB1	1419	34	G	0	0	34	38.0882352941176
A_PB1	1420	34	G	0	0	34	37.0882352941176
A_PB1	1421	34	G	0	0	34	38.2058823529412
A_PB1	1422	34	A	0	0	34	39.3235294117647
A_PB1	1423	34	A	0	0	34	40.3235294117647
A_PB1	1424	34	T	0	0	34	40
A_PB1	1425	34	C	0	0	33	41.4242424242424
A_PB1	1426	34	A	0	0	34	39.4411764705882
A_PB1	1427	33	A	1	0	33	41.1212121212121
A_PB1	1428	33	C	1	0	33	41.2727272727273
A_PB1	1429	34	A	0	0	34	39.1470588235294
A_PB1	1430	34	T	0	0	34	41.2058823529412
A_PB1	1431	34	G	0	0	34	39.8235294117647
A_PB1	1432	34	A	0	0	34	40.1176470588235
A_PB1	1433	34	G	0	0	34	40.3235294117647
A_PB1	1434	34	C	0	0	34	39
A_PB1	1435	34	A	0	0	34	37.8235294117647
A_PB1	1436	34	A	0	0	34	37.0882352941176
A_PB1	1437	34	A	0	0	34	37.7941176470588
A_PB1	1438	34	A	0	0	34	40.0882352941176
A_PB1	1439	34	A	0	0	34	43.6764705882353
A_PB1	1440	34	G	0	0	34	41.4411764705882
A_PB1	1441	34	A	0	0	34	42.6764705882353
A_PB1	1442	34	A	0	0	34	43.0588235294118
A_PB1	1443	34	G	0	0	34	42.9117647058824
A_PB1	1444	34	T	0	0	34	43.1764705882353
A_PB1	1445	34	C	0	0	34	41.3529411764706
A_PB1	1446	34	C	0	0	34	39.3823529411765
A_PB1	1447	33	T	1	0	33	39.0606060606061
A_PB1	1448	33	A	1	0	33	37.5454545454545
A_PB1	1449	34	T	0	0	34	37.9117647058824
A_PB1	1450	34	A	0	0	34	37.5
A_PB1	1451	34	T	0	0	34	37.8235294117647
A_PB1	1452	34	A	0	0	34	37.2647058823529
A_PB1	1453	34	A	0	0	34	41.7941176470588
A_PB1	1454	34	A	0	0	34	41.5294117647059
A_PB1	1455	34	T	0	0	34	41.7058823529412
A_PB1	1456	34	A	0	0	34	41.2941176470588
A_PB1	1457	34	A	0	0	34	41.3529411764706
A_PB1	1458	34	G	0	0	34	43.0294117647059
A_PB1	1459	34	A	0	0	34	42.4411764705882
A_PB1	1460	34	C	0	0	34	42.1764705882353
A_PB1	1461	34	A	0	0	34	41.3823529411765
A_PB1	1462	33	G	1	0	33	41.4242424242424
A_PB1	1463	34	G	0	0	34	40.7647058823529
A_PB1	1464	34	G	0	0	34	40.7647058823529
A_PB1	1465	34	A	0	0	34	40.1176470588235
A_PB1	1466	34	C	0	0	34	40.4705882352941
A_PB1	1467	34	A	0	0	33	39.9090909090909
A_PB1	1468	34	T	0	0	34	41.5
A_PB1	1469	34	T	0	0	34	41.9705882352941
A_PB1	1470	34	T	0	0	34	42
A_PB1	1471	34	G	0	0	34	42.5588235294118
A_PB1	1472	34	A	0	0	34	42.2941176470588
A_PB1	1473	34	A	0	0	34	42.2941176470588
A_PB1	1474	34	T	0	0	34	41.1470588235294
A_PB1	1475	34	T	0	0	34	41.9117647058824
A_PB1	1476	34	C	0	0	34	42.8823529411765
A_PB1	1477	34	A	0	0	34	42.8235294117647
A_PB1	1478	34	C	0	0	34	41.7058823529412
A_PB1	1479	34	A	0	0	34	39.3823529411765
A_PB1	1480	34	A	0	0	33	39.3636363636364
A_PB1	1481	34	G	0	0	33	39.2727272727273
A_PB1	1482	34	C	0	0	34	37.1764705882353
A_PB1	1483	32	T	2	0	32	35.28125
A_PB1	1484	33	T	1	0	33	35.1212121212121
A_PB1	1485	33	T	1	0	33	33.6363636363636
A_PB1	1486	34	T	0	0	34	34.1470588235294
A_PB1	1487	34	T	0	0	34	35.8529411764706
A_PB1	1488	34	T	0	0	34	38.5588235294118
A_PB1	1489	34	T	0	0	34	40.5882352941176
A_PB1	1490	34	A	0	0	34	38.6470588235294
A_PB1	1491	34	T	0	0	34	39.7352941176471
A_PB1	1492	33	C	1	0	33	37.4242424242424
A_PB1	1493	33	G	1	0	33	37.9090909090909
A_PB1	1494	33	C	1	0	33	36.6060606060606
A_PB1	1495	34	T	0	0	34	36.9117647058824
A_PB1	1496	34	A	0	0	34	35.4411764705882
A_PB1	1497	34	T	0	0	34	38.0588235294118
A_PB1	1498	34	G	0	0	34	39.0588235294118
A_PB1	1499	34	G	0	0	34	39.9705882352941
A_PB1	1500	34	A	0	0	34	39.2941176470588
A_PB1	1501	34	T	0	0	34	41
A_PB1	1502	34	T	0	0	34	42.2058823529412
A_PB1	1503	34	T	0	0	34	42.8529411764706
A_PB1	1504	34	G	0	0	34	41.5
A_PB1	1505	34	T	0	0	34	40.5
A_PB1	1506	34	G	0	0	34	40.1764705882353
A_PB1	1507	34	G	0	0	34	39.2647058823529
A_PB1	1508	34	C	0	0	34	37.8235294117647
A_PB1	1509	34	T	0	0	34	37.5294117647059
A_PB1	1510	34	A	0	0	34	37.8235294117647
A_PB1	1511	34	A	0	0	34	38.7058823529412
A_PB1	1512	34	T	0	0	34	40.0294117647059
A_PB1	1513	34	T	0	0	34	40.3823529411765
A_PB1	1514	34	T	0	0	34	39.6764705882353
A_PB1	1515	34	T	0	0	33	40.8484848484849
A_PB1	1516	34	A	0	0	34	40.6470588235294
A_PB1	1517	34	G	0	0	34	40.0882352941176
A_PB1	1518	34	C	0	0	34	40.0882352941176
A_PB1	1519	34	A	0	0	34	40.5
A_PB1	1520	34	T	0	0	34	42.2352941176471
A_PB1	1521	34	G	0	0	34	42.0882352941176
A_PB1	1522	34	G	0	0	34	42.4411764705882
A_PB1	1523	34	A	0	0	34	42.3823529411765
A_PB1	1524	34	G	0	0	34	42.9117647058824
A_PB1	1525	34	C	0	0	34	44.1470588235294
A_PB1	1526	34	T	0	0	34	42.6176470588235
A_PB1	1527	34	A	0	0	34	42.3529411764706
A_PB1	1528	34	C	0	0	34	41.9117647058824
A_PB1	1529	34	C	0	0	34	40.9705882352941
A_PB1	1530	34	C	0	0	34	42.1470588235294
A_PB1	1531	34	A	0	0	34	39.9411764705882
A_PB1	1532	34	G	0	0	34	41.3529411764706
A_PB1	1533	34	C	0	0	34	42.1470588235294
A_PB1	1534	34	T	0	0	34	41.5588235294118
A_PB1	1535	34	T	0	0	34	43.3235294117647
A_PB1	1536	34	T	0	0	34	44.1470588235294
A_PB1	1537	34	G	0	0	34	42.3235294117647
A_PB1	1538	34	G	0	0	34	41.7058823529412
A_PB1	1539	34	A	0	0	34	42.2352941176471
A_PB1	1540	34	G	0	0	34	41.9117647058824
A_PB1	1541	34	T	0	0	34	42.5588235294118
A_PB1	1542	34	G	0	0	34	43.3529411764706
A_PB1	1543	34	T	0	0	34	42.9117647058824
A_PB1	1544	34	C	0	0	34	42.5588235294118
A_PB1	1545	34	T	0	0	34	44.2058823529412
A_PB1	1546	34	G	0	0	34	43.6176470588235
A_PB1	1547	34	G	0	0	34	42.3529411764706
A_PB1	1548	34	A	0	0	34	41.8235294117647
A_PB1	1549	34	G	0	0	34	40.1764705882353
A_PB1	1550	34	T	0	0	34	42.0882352941176
A_PB1	1551	34	A	0	0	34	40.5588235294118
A_PB1	1552	34	A	0	0	34	40.8235294117647
A_PB1	1553	34	A	0	0	34	42.7058823529412
A_PB1	1554	34	T	0	0	34	44.5294117647059
A_PB1	1555	34	G	0	0	34	42.0882352941176
A_PB1	1556	34	A	0	0	34	42.2352941176471
A_PB1	1557	34	A	0	0	34	42.2941176470588
A_PB1	1558	34	T	0	0	34	40.3235294117647
A_PB1	1559	34	C	0	0	34	39.6470588235294
A_PB1	1560	34	A	0	0	34	41.2352941176471
A_PB1	1561	34	G	0	0	34	41.8235294117647
A_PB1	1562	34	C	0	0	34	42.1764705882353
A_PB1	1563	34	T	0	0	34	42.4705882352941
A_PB1	1564	34	G	0	0	34	44
A_PB1	1565	34	A	0	0	34	44.7647058823529
A_PB1	1566	34	C	0	0	34	43.8529411764706
A_PB1	1567	34	A	0	0	34	42.9411764705882
A_PB1	1568	34	T	0	0	34	42.9705882352941
A_PB1	1569	34	G	0	0	34	42.0588235294118
A_PB1	1570	34	A	0	0	34	42.1470588235294
A_PB1	1571	34	G	0	0	34	41.8529411764706
A_PB1	1572	34	T	0	0	34	42.1470588235294
A_PB1	1573	34	A	0	0	34	42.2058823529412
A_PB1	1574	34	T	0	0	34	42.8529411764706
A_PB1	1575	34	T	0	0	34	43.3529411764706
A_PB1	1576	34	G	0	0	34	42.7058823529412
A_PB1	1577	34	G	0	0	34	43.2058823529412
A_PB1	1578	34	A	0	0	34	42.9117647058824
A_PB1	1579	34	G	0	0	34	42.5882352941176
A_PB1	1580	34	T	0	0	34	43
A_PB1	1581	34	A	0	0	34	41.6176470588235
A_PB1	1582	34	A	0	0	34	40.9411764705882
A_PB1	1583	34	C	0	0	34	42.6764705882353
A_PB1	1584	34	A	0	0	34	41.6764705882353
A_PB1	1585	34	G	0	0	34	40.2058823529412
A_PB1	1586	34	T	0	0	34	40.7352941176471
A_PB1	1587	34	G	0	0	34	41.1470588235294
A_PB1	1588	34	A	0	0	34	41.2941176470588
A_PB1	1589	34	T	0	0	34	40.2352941176471
A_PB1	1590	34	A	0	0	34	41.2352941176471
A_PB1	1591	34	A	0	0	34	41.8823529411765
A_PB1	1592	34	A	0	0	34	42.2352941176471
A_PB1	1593	34	G	0	0	34	40.6176470588235
A_PB1	1594	34	A	0	0	34	41.1470588235294
A_PB1	1595	34	A	0	0	34	41
A_PB1	1596	34	C	0	0	34	41.5588235294118
A_PB1	1597	34	A	0	0	34	40.8235294117647
A_PB1	1598	34	A	0	0	34	40.2058823529412
A_PB1	1599	34	C	0	0	34	40.2941176470588
A_PB1	1600	34	A	0	0	34	39.6176470588235
A_PB1	1601	34	T	0	0	34	40.7058823529412
A_PB1	1602	34	G	0	0	34	40.4117647058824
A_PB1	1603	34	A	0	0	34	42.2352941176471
A_PB1	1604	34	T	0	0	34	40.6176470588235
A_PB1	1605	34	A	0	0	34	41.8823529411765
A_PB1	1606	34	A	0	0	34	40.9411764705882
A_PB1	1607	34	A	0	0	34	40.4705882352941
A_PB1	1608	34	C	0	0	34	41.2647058823529
A_PB1	1609	34	A	0	0	34	40.4117647058824
A_PB1	1610	34	A	0	0	34	41.3823529411765
A_PB1	1611	34	T	0	0	34	41.0294117647059
A_PB1	1612	34	G	0	0	34	40.9705882352941
A_PB1	1613	34	A	0	0	34	42.6176470588235
A_PB1	1614	34	C	0	0	34	43.3529411764706
A_PB1	1615	34	C	0	0	34	42.5
A_PB1	1616	34	T	0	0	34	43.1764705882353
A_PB1	1617	34	T	0	0	34	42.5882352941176
A_PB1	1618	34	G	0	0	34	41.2352941176471
A_PB1	1619	34	G	0	0	34	40.5882352941176
A_PB1	1620	34	A	0	0	34	40.3235294117647
A_PB1	1621	34	C	0	0	34	42.1176470588235
A_PB1	1622	34	C	0	0	34	40.3823529411765
A_PB1	1623	34	T	0	0	34	42.0588235294118
A_PB1	1624	34	G	0	0	34	40.7941176470588
A_PB1	1625	34	C	0	0	34	42
A_PB1	1626	34	C	0	0	34	41.7647058823529
A_PB1	1627	34	A	0	0	34	42.6470588235294
A_PB1	1628	34	C	0	0	34	41.3235294117647
A_PB1	1629	34	G	0	0	34	40.5588235294118
A_PB1	1630	34	G	0	0	34	40.9411764705882
A_PB1	1631	34	C	0	0	33	42.0909090909091
A_PB1	1632	34	T	0	0	33	41.7878787878788
A_PB1	1633	34	C	0	0	34	41.3529411764706
A_PB1	1634	34	A	0	0	34	42.3529411764706
A_PB1	1635	34	G	0	0	34	41.7941176470588
A_PB1	1636	34	A	0	0	34	41.5882352941176
A_PB1	1637	34	T	0	0	34	43.2647058823529
A_PB1	1638	34	G	0	0	34	41.9411764705882
A_PB1	1639	34	G	0	0	34	42.7058823529412
A_PB1	1640	34	C	0	0	34	42.1470588235294
A_PB1	1641	34	T	0	0	34	41.5588235294118
A_PB1	1642	34	C	0	0	34	41.2058823529412
A_PB1	1643	34	T	0	0	34	41.5588235294118
A_PB1	1644	34	T	0	0	34	40.9117647058824
A_PB1	1645	34	C	0	0	34	40.8529411764706
A_PB1	1646	34	A	0	0	34	40.5588235294118
A_PB1	1647	34	A	0	0	34	40.9117647058824
A_PB1	1648	34	T	0	0	34	41.5588235294118
A_PB1	1649	34	T	0	0	34	41.1764705882353
A_PB1	1650	34	G	0	0	34	42.0588235294118
A_PB1	1651	34	T	0	0	34	42.0294117647059
A_PB1	1652	34	T	0	0	34	41.8529411764706
A_PB1	1653	33	C	1	0	33	41.3030303030303
A_PB1	1654	33	A	1	0	33	42.8484848484849
A_PB1	1655	33	T	1	0	33	41.6060606060606
A_PB1	1656	33	A	1	0	33	42.0606060606061
A_PB1	1657	34	A	0	0	33	42.7272727272727
A_PB1	1658	34	A	0	0	34	43.5
A_PB1	1659	34	A	0	0	34	43.2058823529412
A_PB1	1660	34	G	0	0	34	42.9411764705882
A_PB1	1661	34	A	0	0	34	43.2352941176471
A_PB1	1662	34	C	0	0	34	41.5294117647059
A_PB1	1663	34	T	0	0	34	40.7058823529412
A_PB1	1664	34	A	0	0	34	39.8235294117647
A_PB1	1665	34	C	0	0	34	40.5
A_PB1	1666	34	A	0	0	34	40.0588235294118
A_PB1	1667	34	G	0	0	34	39.0588235294118
A_PB1	1668	34	A	0	0	34	39.6470588235294
A_PB1	1669	34	T	0	0	34	39.6470588235294
A_PB1	1670	34	A	0	0	34	39.2647058823529
A_PB1	1671	34	C	0	0	34	41.2941176470588
A_PB1	1672	34	A	0	0	34	41.5
A_PB1	1673	34	C	0	0	34	41.6176470588235
A_PB1	1674	34	A	0	0	34	40.2352941176471
A_PB1	1675	34	T	0	0	34	40.2941176470588
A_PB1	1676	34	A	0	0	34	42.8235294117647
A_PB1	1677	34	T	0	0	34	42.0294117647059
A_PB1	1678	34	A	0	0	34	41.2941176470588
A_PB1	1679	34	G	0	0	34	41.0588235294118
A_PB1	1680	34	G	0	0	34	42.0588235294118
A_PB1	1681	34	T	0	0	34	42.3235294117647
A_PB1	1682	34	G	0	0	34	41.1764705882353
A_PB1	1683	34	T	0	0	33	41.7575757575758
A_PB1	1684	34	C	0	0	34	39.5
A_PB1	1685	34	A	0	0	34	38.5
A_PB1	1686	34	T	0	0	34	37.5
A_PB1	1687	34	A	0	0	34	32.3823529411765
A_PB1	1688	34	G	0	0	34	32.7352941176471
A_PB1	1689	34	G	0	0	34	33.6470588235294
A_PB1	1690	34	G	0	0	34	33.5
A_PB1	1691	34	G	0	0	34	34.7352941176471
A_PB1	1692	34	A	0	0	34	39.9411764705882
A_PB1	1693	34	G	0	0	34	39.8823529411765
A_PB1	1694	34	A	0	0	34	38.7647058823529
A_PB1	1695	34	C	0	0	34	39.7058823529412
A_PB1	1696	34	A	0	0	33	38.5151515151515
A_PB1	1697	34	C	0	0	34	37.7058823529412
A_PB1	1698	34	A	0	0	34	36.6176470588235
A_PB1	1699	34	C	0	0	34	35.3235294117647
A_PB1	1700	34	A	0	0	34	38.8235294117647
A_PB1	1701	34	A	0	0	34	39.9411764705882
A_PB1	1702	34	A	0	0	34	40.5588235294118
A_PB1	1703	34	T	0	0	34	39
A_PB1	1704	34	C	0	0	34	40.9411764705882
A_PB1	1705	34	C	0	0	34	42.8529411764706
A_PB1	1706	34	A	0	0	34	40.7352941176471
A_PB1	1707	34	G	0	0	34	39.7058823529412
A_PB1	1708	33	A	1	0	33	40.7878787878788
A_PB1	1709	33	C	1	0	33	39.4242424242424
A_PB1	1710	33	G	1	0	33	37.2121212121212
A_PB1	1711	33	A	1	0	33	35.7878787878788
A_PB1	1712	33	G	1	0	33	35.2424242424242
A_PB1	1713	33	A	1	0	33	35.6363636363636
A_PB1	1714	34	A	0	0	34	36.6470588235294
A_PB1	1715	34	G	0	0	33	39.2727272727273
A_PB1	1716	34	A	0	0	34	38.4411764705882
A_PB1	1717	34	T	0	0	34	37.6176470588235
A_PB1	1718	34	C	0	0	33	38.3030303030303
A_PB1	1719	34	A	0	0	34	37.3823529411765
A_PB1	1720	34	T	0	0	34	37.8235294117647
A_PB1	1721	34	T	0	0	34	39.5
A_PB1	1722	34	T	0	0	34	39.6470588235294
A_PB1	1723	34	G	0	0	34	39.9117647058824
A_PB1	1724	34	A	0	0	34	40.4411764705882
A_PB1	1725	34	G	0	0	34	39.9411764705882
A_PB1	1726	34	T	0	0	34	39.2941176470588
A_PB1	1727	34	T	0	0	34	40.6176470588235
A_PB1	1728	34	G	0	0	34	39.0294117647059
A_PB1	1729	34	A	0	0	34	40
A_PB1	1730	34	A	0	0	34	41.3235294117647
A_PB1	1731	34	G	0	0	34	41.2941176470588
A_PB1	1732	34	A	0	0	34	41.1764705882353
A_PB1	1733	34	A	0	0	34	40.6470588235294
A_PB1	1734	34	G	0	0	33	39.8787878787879
A_PB1	1735	34	C	0	0	34	39.5
A_PB1	1736	34	T	0	0	34	39.5588235294118
A_PB1	1737	34	A	0	0	34	39
A_PB1	1738	34	T	0	0	34	38.2647058823529
A_PB1	1739	33	G	1	0	33	35.8787878787879
A_PB1	1740	34	G	0	0	34	35.8235294117647
A_PB1	1741	34	G	0	0	34	36.4117647058824
A_PB1	1742	34	A	0	0	34	35.7058823529412
A_PB1	1743	34	T	0	0	34	38.2352941176471
A_PB1	1744	34	C	0	0	33	38.4848484848485
A_PB1	1745	34	A	0	0	34	37.0294117647059
A_PB1	1746	34	A	0	0	34	37.1764705882353
A_PB1	1747	34	A	0	0	34	38.2058823529412
A_PB1	1748	34	C	0	0	34	37.6764705882353
A_PB1	1749	34	C	0	0	34	37.6176470588235
A_PB1	1750	34	C	0	0	34	39.3235294117647
A_PB1	1751	34	A	0	0	34	38.5882352941176
A_PB1	1752	34	A	0	0	34	38.9411764705882
A_PB1	1753	34	T	0	0	34	40.0882352941176
A_PB1	1754	34	C	0	0	34	39.7352941176471
A_PB1	1755	33	A	1	0	33	39.1515151515151
A_PB1	1756	34	A	0	0	34	41.1176470588235
A_PB1	1757	34	A	0	0	34	40.5
A_PB1	1758	34	A	0	0	34	41.2352941176471
A_PB1	1759	34	G	0	0	34	42.4411764705882
A_PB1	1760	34	T	0	0	34	41.0588235294118
A_PB1	1761	34	A	0	0	34	38.3823529411765
A_PB1	1762	34	G	0	0	34	37.9117647058824
A_PB1	1763	34	G	0	0	34	39.7058823529412
A_PB1	1764	34	G	0	0	34	39.9117647058824
A_PB1	1765	34	C	0	0	34	40.9117647058824
A_PB1	1766	34	T	0	0	34	40.1470588235294
A_PB1	1767	34	A	0	0	34	41.1764705882353
A_PB1	1768	34	T	0	0	34	42.7352941176471
A_PB1	1769	34	T	0	0	34	42.1176470588235
A_PB1	1770	34	A	0	0	34	42.2352941176471
A_PB1	1771	34	G	0	0	34	40.5882352941176
A_PB1	1772	34	T	0	0	34	41.5882352941176
A_PB1	1773	34	A	0	0	34	41.5
A_PB1	1774	34	T	0	0	34	42.0294117647059
A_PB1	1775	34	C	0	0	34	41.0588235294118
A_PB1	1776	34	A	0	0	34	41.1470588235294
A_PB1	1777	34	G	0	0	34	40.8823529411765
A_PB1	1778	34	A	0	0	34	40.2058823529412
A_PB1	1779	34	T	0	0	34	40.5
A_PB1	1780	33	G	1	0	33	39.0606060606061
A_PB1	1781	34	G	0	0	34	39.7647058823529
A_PB1	1782	34	A	0	0	34	39.6470588235294
A_PB1	1783	34	G	0	0	34	40.2941176470588
A_PB1	1784	34	G	0	0	34	39.4411764705882
A_PB1	1785	34	A	0	0	34	39
A_PB1	1786	34	C	0	0	34	39.1176470588235
A_PB1	1787	33	C	1	0	33	38.4242424242424
A_PB1	1788	33	A	1	0	33	39.1212121212121
A_PB1	1789	34	A	0	0	33	40.5454545454545
A_PB1	1790	34	A	0	0	34	40.5
A_PB1	1791	34	C	0	0	34	41.2941176470588
A_PB1	1792	34	T	0	0	34	40.1470588235294
A_PB1	1793	34	T	0	0	33	40.1515151515151
A_PB1	1794	34	A	0	0	34	39.1470588235294
A_PB1	1795	34	T	0	0	34	37.7352941176471
A_PB1	1796	34	A	0	0	34	35.7647058823529
A_PB1	1797	34	C	0	0	34	35.8235294117647
A_PB1	1798	34	A	0	0	34	36.4117647058824
A_PB1	1799	34	A	0	0	34	36.9411764705882
A_PB1	1800	34	C	0	0	34	36.8529411764706
A_PB1	1801	34	A	0	0	34	38.5
A_PB1	1802	34	T	0	0	33	40.6060606060606
A_PB1	1803	34	A	0	0	34	38.0882352941176
A_PB1	1804	34	C	0	0	34	38.0882352941176
A_PB1	1805	34	G	0	0	34	37.9411764705882
A_PB1	1806	34	G	0	0	34	39.3823529411765
A_PB1	1807	34	A	0	0	34	39.6470588235294
A_PB1	1808	34	A	0	0	33	38.8181818181818
A_PB1	1809	34	T	0	0	34	39.7352941176471
A_PB1	1810	34	C	0	0	34	39.4411764705882
A_PB1	1811	34	T	0	0	34	39.8823529411765
A_PB1	1812	34	T	0	0	33	41.4242424242424
A_PB1	1813	34	C	0	0	33	40.8787878787879
A_PB1	1814	34	A	0	0	34	40.6176470588235
A_PB1	1815	34	C	0	0	34	39.3529411764706
A_PB1	1816	34	A	0	0	34	39.2941176470588
A_PB1	1817	34	T	0	0	34	39.8235294117647
A_PB1	1818	34	C	0	0	34	39.0588235294118
A_PB1	1819	34	C	0	0	34	41.4117647058824
A_PB1	1820	34	C	0	0	34	38.4705882352941
A_PB1	1821	34	T	0	0	34	35.7352941176471
A_PB1	1822	34	G	0	0	34	38.8823529411765
A_PB1	1823	34	A	0	0	34	38.7941176470588
A_PB1	1824	34	A	0	0	34	38.9705882352941
A_PB1	1825	34	G	0	0	34	39.3235294117647
A_PB1	1826	34	T	0	0	34	39.2352941176471
A_PB1	1827	34	C	0	0	34	38.0588235294118
A_PB1	1828	34	T	0	0	34	39.1176470588235
A_PB1	1829	34	G	0	0	34	37.1470588235294
A_PB1	1830	34	T	0	0	34	35.4705882352941
A_PB1	1831	34	T	0	0	34	33.9411764705882
A_PB1	1832	34	T	0	0	34	33.2941176470588
A_PB1	1833	34	A	0	0	34	31.3235294117647
A_PB1	1834	34	A	0	0	34	32.3529411764706
A_PB1	1835	34	A	0	0	34	34.5882352941176
A_PB1	1836	33	A	1	0	33	35.6060606060606
A_PB1	1837	33	T	1	0	33	36.0909090909091
A_PB1	1838	33	G	1	0	32	34.875
A_PB1	1839	34	G	0	0	34	35.4705882352941
A_PB1	1840	34	G	0	0	34	34.7058823529412
A_PB1	1841	34	A	0	0	34	36.5294117647059
A_PB1	1842	34	G	0	0	34	35.9411764705882
A_PB1	1843	34	C	0	0	34	35.2647058823529
A_PB1	1844	34	T	0	0	34	36.2058823529412
A_PB1	1845	34	A	0	0	34	37.2352941176471
A_PB1	1846	34	A	0	0	34	36.5588235294118
A_PB1	1847	34	T	0	0	34	38.4117647058824
A_PB1	1848	34	G	0	0	34	37.8235294117647
A_PB1	1849	34	G	0	0	33	37.8181818181818
A_PB1	1850	34	A	0	0	34	37.5882352941176
A_PB1	1851	34	T	0	0	34	38.2058823529412
A_PB1	1852	34	G	0	0	34	37.3823529411765
A_PB1	1853	34	A	0	0	34	39.5294117647059
A_PB1	1854	34	T	0	0	34	40.6764705882353
A_PB1	1855	34	G	0	0	34	41.1176470588235
A_PB1	1856	34	A	0	0	34	40.8529411764706
A_PB1	1857	34	T	0	0	34	40.0294117647059
A_PB1	1858	34	T	0	0	34	40.2647058823529
A_PB1	1859	34	A	0	0	34	38.2058823529412
A_PB1	1860	34	T	0	0	34	37.2941176470588
A_PB1	1861	33	C	1	0	32	31.65625
A_PB1	1862	33	G	1	0	33	30.5151515151515
A_PB1	1863	34	G	0	0	34	30.6470588235294
A_PB1	1864	34	G	0	0	34	31.4117647058824
A_PB1	1865	34	G	0	0	34	32.6764705882353
A_PB1	1866	34	A	0	0	34	38
A_PB1	1867	34	A	0	0	34	41.8235294117647
A_PB1	1868	34	G	0	0	34	40.5
A_PB1	1869	34	A	0	0	34	37.9117647058824
A_PB1	1870	34	C	0	0	34	36.5882352941176
A_PB1	1871	34	T	0	0	34	37.5
A_PB1	1872	34	T	0	0	34	37.0588235294118
A_PB1	1873	34	T	0	0	34	36.6470588235294
A_PB1	1874	34	G	0	0	34	34.1470588235294
A_PB1	1875	33	T	1	0	32	36.15625
A_PB1	1876	34	A	0	0	34	38.5
A_PB1	1877	34	A	0	0	34	41.6470588235294
A_PB1	1878	34	T	0	0	31	42.741935483871
A_PB1	1879	34	C	0	0	34	41.1176470588235
A_PB1	1880	34	C	0	0	34	42.2058823529412
A_PB1	1881	34	C	0	0	34	41.6470588235294
A_PB1	1882	33	C	1	0	33	42.0909090909091
A_PB1	1883	31	T	3	0	30	41.6
A_PB1	1884	31	G	3	0	31	40.2258064516129
A_PB1	1885	34	A	0	0	34	41.9117647058824
A_PB1	1886	34	A	0	0	34	41.1470588235294
A_PB1	1887	34	T	0	0	34	42.5294117647059
A_PB1	1888	34	C	0	0	34	42.5882352941176
A_PB1	1889	34	C	0	0	34	44.4117647058824
A_PB1	1890	34	C	0	0	34	42.0588235294118
A_PB1	1891	34	T	0	0	33	41.1818181818182
A_PB1	1892	34	T	0	0	34	41.7941176470588
A_PB1	1893	34	T	0	0	34	43.3235294117647
A_PB1	1894	34	G	0	0	34	38.9411764705882
A_PB1	1895	34	T	0	0	34	41.2058823529412
A_PB1	1896	34	G	0	0	34	40.3529411764706
A_PB1	1897	34	A	0	0	34	39.8235294117647
A_PB1	1898	33	G	1	0	33	41.0909090909091
A_PB1	1899	34	T	0	0	34	40.8529411764706
A_PB1	1900	34	C	0	0	34	38.8823529411765
A_PB1	1901	33	A	1	0	32	40.53125
A_PB1	1902	34	T	0	0	34	38.0882352941176
A_PB1	1903	33	A	1	0	33	39.0606060606061
A_PB1	1904	34	A	0	0	34	37.8823529411765
A_PB1	1905	34	G	0	0	34	37.7647058823529
A_PB1	1906	34	G	0	0	34	39.8235294117647
A_PB1	1907	34	A	0	0	34	39.6470588235294
A_PB1	1908	34	G	0	0	34	40.4411764705882
A_PB1	1909	34	A	0	0	34	40.1176470588235
A_PB1	1910	34	T	0	0	34	40.8529411764706
A_PB1	1911	34	T	0	0	34	40.6470588235294
A_PB1	1912	34	G	0	0	34	40.2352941176471
A_PB1	1913	34	A	0	0	34	40.8529411764706
A_PB1	1914	34	C	0	0	34	40.5
A_PB1	1915	34	T	0	0	34	38.5588235294118
A_PB1	1916	34	C	0	0	34	37.5882352941176
A_PB1	1917	34	T	0	0	34	40.0588235294118
A_PB1	1918	34	G	0	0	34	38.2352941176471
A_PB1	1919	34	T	0	0	34	39.0882352941176
A_PB1	1920	34	A	0	0	34	37.0882352941176
A_PB1	1921	34	A	0	0	34	40.2352941176471
A_PB1	1922	34	A	0	0	34	39.9117647058824
A_PB1	1923	34	C	0	0	34	40.0294117647059
A_PB1	1924	34	A	0	0	34	39.9117647058824
A_PB1	1925	34	A	0	0	34	41.6470588235294
A_PB1	1926	34	T	0	0	34	41.6176470588235
A_PB1	1927	34	G	0	0	34	40.0882352941176
A_PB1	1928	34	C	0	0	34	40.7352941176471
A_PB1	1929	34	T	0	0	34	41.1470588235294
A_PB1	1930	34	G	0	0	34	41.3529411764706
A_PB1	1931	34	T	0	0	34	40
A_PB1	1932	34	G	0	0	34	40.0294117647059
A_PB1	1933	34	G	0	0	34	41.4117647058824
A_PB1	1934	34	T	0	0	34	41.2352941176471
A_PB1	1935	34	A	0	0	34	38.1764705882353
A_PB1	1936	34	A	0	0	34	38.0588235294118
A_PB1	1937	34	T	0	0	34	38.2647058823529
A_PB1	1938	34	G	0	0	34	38.2647058823529
A_PB1	1939	34	C	0	0	33	40.3636363636364
A_PB1	1940	34	C	0	0	33	41.3939393939394
A_PB1	1941	34	A	0	0	34	40.3823529411765
A_PB1	1942	34	G	0	0	34	40.3529411764706
A_PB1	1943	34	C	0	0	34	40.0588235294118
A_PB1	1944	34	C	0	0	34	39.7941176470588
A_PB1	1945	34	C	0	0	34	40.5
A_PB1	1946	34	A	0	0	34	40.0882352941176
A_PB1	1947	34	T	0	0	34	42.4117647058824
A_PB1	1948	34	G	0	0	34	40.5882352941176
A_PB1	1949	34	G	0	0	34	42.2647058823529
A_PB1	1950	34	C	0	0	34	41.1470588235294
A_PB1	1951	34	C	0	0	34	40.2058823529412
A_PB1	1952	34	C	0	0	34	40.5294117647059
A_PB1	1953	34	A	0	0	34	39.0588235294118
A_PB1	1954	34	G	0	0	34	38.8235294117647
A_PB1	1955	34	C	0	0	34	39.3235294117647
A_PB1	1956	34	C	0	0	34	37.7352941176471
A_PB1	1957	34	A	0	0	34	37.9411764705882
A_PB1	1958	34	A	0	0	34	38.2941176470588
A_PB1	1959	34	A	0	0	34	38.9117647058824
A_PB1	1960	34	A	0	0	34	38.3823529411765
A_PB1	1961	34	G	0	0	33	37.3030303030303
A_PB1	1962	34	C	0	0	34	36.0588235294118
A_PB1	1963	34	A	0	0	33	34.5151515151515
A_PB1	1964	34	T	0	0	34	34.7941176470588
A_PB1	1965	33	G	1	0	33	35.6666666666667
A_PB1	1966	33	G	1	0	33	37.8787878787879
A_PB1	1967	34	A	0	0	34	38.2058823529412
A_PB1	1968	34	A	0	0	34	38.7352941176471
A_PB1	1969	34	T	0	0	33	39.3939393939394
A_PB1	1970	34	A	0	0	34	38.4705882352941
A_PB1	1971	34	T	0	0	34	38.7058823529412
A_PB1	1972	34	G	0	0	34	38.2941176470588
A_PB1	1973	34	A	0	0	34	37.7352941176471
A_PB1	1974	34	T	0	0	34	36.9411764705882
A_PB1	1975	34	G	0	0	34	37.3529411764706
A_PB1	1976	34	C	0	0	34	37.8823529411765
A_PB1	1977	34	C	0	0	34	37.2647058823529
A_PB1	1978	34	G	0	0	34	36.2941176470588
A_PB1	1979	34	T	0	0	34	36.3529411764706
A_PB1	1980	34	C	0	0	34	35.1470588235294
A_PB1	1981	34	G	0	0	34	34.6176470588235
A_PB1	1982	34	C	0	0	34	34.3235294117647
A_PB1	1983	34	T	0	0	34	34
A_PB1	1984	34	A	0	0	34	34.1176470588235
A_PB1	1985	34	C	0	0	34	35.2352941176471
A_PB1	1986	34	T	0	0	34	36.7352941176471
A_PB1	1987	34	A	0	0	34	37.9117647058824
A_PB1	1988	34	C	0	0	34	37.2352941176471
A_PB1	1989	34	A	0	0	34	38.1470588235294
A_PB1	1990	34	C	0	0	34	38.7647058823529
A_PB1	1991	34	A	0	0	34	38.5294117647059
A_PB1	1992	34	T	0	0	34	37.4705882352941
A_PB1	1993	34	T	0	0	34	38.5
A_PB1	1994	34	C	0	0	34	37.5882352941176
A_PB1	1995	34	C	0	0	34	37.9411764705882
A_PB1	1996	34	T	0	0	34	38.0588235294118
A_PB1	1997	34	G	0	0	34	36.7352941176471
A_PB1	1998	34	G	0	0	34	34.7058823529412
A_PB1	1999	34	A	0	0	34	36
A_PB1	2000	34	T	0	0	34	36.2352941176471
A_PB1	2001	34	T	0	0	34	36
A_PB1	2002	34	C	0	0	34	37.4411764705882
A_PB1	2003	34	C	0	0	34	37.4705882352941
A_PB1	2004	34	T	0	0	34	39.6176470588235
A_PB1	2005	32	A	2	0	31	35.8709677419355
A_PB1	2006	34	A	0	0	34	34.2941176470588
A_PB1	2007	34	G	0	0	34	34.2647058823529
A_PB1	2008	34	A	0	0	34	34.8235294117647
A_PB1	2009	34	G	0	0	34	34.2647058823529
A_PB1	2010	34	G	0	0	34	36.3529411764706
A_PB1	2011	33	A	1	0	32	34.8125
A_PB1	2012	34	A	0	0	34	35.9411764705882
A_PB1	2013	34	T	0	0	34	36.3823529411765
A_PB1	2014	34	C	0	0	32	31.25
A_PB1	2015	34	G	0	0	34	30.9705882352941
A_PB1	2016	34	T	0	0	34	31.8235294117647
A_PB1	2017	33	T	0	0	33	31.3939393939394
A_PB1	2018	33	C	0	0	33	32.4242424242424
A_PB1	2019	33	T	0	0	33	33.7878787878788
A_PB1	2020	33	A	0	0	33	32
A_PB1	2021	33	T	0	0	33	31.4545454545455
A_PB1	2022	33	T	0	0	33	32.8484848484849
A_PB1	2023	33	C	0	0	32	33.9375
A_PB1	2024	33	T	0	0	32	33.4375
A_PB1	2025	33	C	0	0	31	33
A_PB1	2026	33	A	0	0	33	34.1515151515151
A_PB1	2027	33	A	0	0	33	35.3636363636364
A_PB1	2028	33	C	0	0	33	35.969696969697
A_PB1	2029	33	A	0	0	33	36.969696969697
A_PB1	2030	33	C	0	0	32	37.78125
A_PB1	2031	33	A	0	0	33	39.1818181818182
A_PB1	2032	33	A	0	0	33	38.0909090909091
A_PB1	2033	33	G	0	0	33	36.9393939393939
A_PB1	2034	33	C	0	0	33	38.1515151515151
A_PB1	2035	33	C	0	0	32	38.28125
A_PB1	2036	33	A	0	0	33	37.8787878787879
A_PB1	2037	33	A	0	0	33	38.969696969697
A_PB1	2038	33	A	0	0	33	40.7575757575758
A_PB1	2039	33	G	0	0	33	41.5454545454545
A_PB1	2040	33	G	0	0	33	41.4545454545455
A_PB1	2041	33	G	0	0	33	41.2121212121212
A_PB1	2042	33	G	0	0	31	40.741935483871
A_PB1	2043	33	A	0	0	33	40.4848484848485
A_PB1	2044	31	A	2	0	31	39.5806451612903
A_PB1	2045	31	T	2	0	31	38.3870967741936
A_PB1	2046	31	T	2	0	31	39.3225806451613
A_PB1	2047	33	C	0	0	31	37.6129032258064
A_PB1	2048	32	T	1	0	32	36.28125
A_PB1	2049	33	T	0	0	33	36.2424242424242
A_PB1	2050	32	G	1	0	31	33.4838709677419
A_PB1	2051	33	A	0	0	32	34.5625
A_PB1	2052	33	G	0	0	32	35.09375
A_PB1	2053	33	G	0	0	33	35.7878787878788
A_PB1	2054	33	A	0	0	33	35.030303030303
A_PB1	2055	33	T	0	0	32	35.90625
A_PB1	2056	32	G	1	0	30	37.9666666666667
A_PB1	2057	32	A	1	0	32	38.15625
A_PB1	2058	33	A	0	0	33	36.4848484848485
A_PB1	2059	33	C	0	0	33	36.3939393939394
A_PB1	2060	33	A	0	0	31	36.4838709677419
A_PB1	2061	33	G	0	0	33	35.0606060606061
A_PB1	2062	32	A	1	0	32	36.59375
A_PB1	2063	33	T	0	0	33	35.0909090909091
A_PB1	2064	32	G	1	0	32	34.46875
A_PB1	2065	32	T	1	0	32	36.34375
A_PB1	2066	31	A	2	0	30	37.2
A_PB1	2067	31	C	2	0	31	36.1935483870968
A_PB1	2068	32	C	1	0	32	35.8125
A_PB1	2069	32	A	1	0	32	35.34375
A_PB1	2070	32	G	1	0	32	35.53125
A_PB1	2071	33	A	0	0	33	37.5454545454545
A_PB1	2072	33	A	0	0	33	39.3030303030303
A_PB1	2073	33	G	0	0	32	41.09375
A_PB1	2074	33	T	0	0	33	41.1818181818182
A_PB1	2075	33	G	0	0	33	41.6666666666667
A_PB1	2076	33	T	0	0	33	42.030303030303
A_PB1	2077	33	T	0	0	33	43.2424242424242
A_PB1	2078	33	G	0	0	33	42.1212121212121
A_PB1	2079	33	C	0	0	32	41.0625
A_PB1	2080	33	A	0	0	33	41.6969696969697
A_PB1	2081	33	A	0	0	33	41.0606060606061
A_PB1	2082	33	T	0	0	33	41.4545454545455
A_PB1	2083	33	T	0	0	32	40.8125
A_PB1	2084	33	T	0	0	32	41.15625
A_PB1	2085	33	A	0	0	33	41.7878787878788
A_PB1	2086	33	T	0	0	33	40.7272727272727
A_PB1	2087	33	T	0	0	32	38.90625
A_PB1	2088	33	C	0	0	32	37.90625
A_PB1	2089	33	G	0	0	33	37.4848484848485
A_PB1	2090	33	A	0	0	33	37.8484848484849
A_PB1	2091	33	A	0	0	33	38.1818181818182
A_PB1	2092	33	A	0	0	33	38.3030303030303
A_PB1	2093	33	A	0	0	33	39
A_PB1	2094	33	A	0	0	33	40.8181818181818
A_PB1	2095	33	T	0	0	33	38.7272727272727
A_PB1	2096	33	T	0	0	32	38.28125
A_PB1	2097	33	T	0	0	33	39.3030303030303
A_PB1	2098	33	T	0	0	33	41.5757575757576
A_PB1	2099	33	T	0	0	33	41.5454545454545
A_PB1	2100	32	C	1	0	32	39.21875
A_PB1	2101	33	C	0	0	33	40.3333333333333
A_PB1	2102	33	C	0	0	33	38.8181818181818
A_PB1	2103	33	T	0	0	33	34.1212121212121
A_PB1	2104	33	A	0	0	33	37.2727272727273
A_PB1	2105	33	G	0	0	33	39.7272727272727
A_PB1	2106	33	C	0	0	33	41.1818181818182
A_PB1	2107	33	A	0	0	33	42.7575757575758
A_PB1	2108	32	G	1	0	32	42.53125
A_PB1	2109	33	T	0	0	33	40.3333333333333
A_PB1	2110	33	T	0	0	33	42.6969696969697
A_PB1	2111	33	C	0	0	32	41.84375
A_PB1	2112	33	A	0	0	32	40.125
A_PB1	2113	33	T	0	0	33	40.1818181818182
A_PB1	2114	33	A	0	0	33	39.7878787878788
A_PB1	2115	33	T	0	0	33	38.5757575757576
A_PB1	2116	33	A	0	0	33	36.7272727272727
A_PB1	2117	33	G	0	0	32	38.1875
A_PB1	2118	33	G	0	0	33	37.5454545454545
A_PB1	2119	33	A	0	0	33	35.8484848484849
A_PB1	2120	32	G	1	0	32	38.0625
A_PB1	2121	33	A	0	0	33	40.3030303030303
A_PB1	2122	33	C	0	0	33	40.8181818181818
A_PB1	2123	33	C	0	0	33	39.2121212121212
A_PB1	2124	33	G	0	0	31	38.5483870967742
A_PB1	2125	33	G	0	0	33	35.8484848484849
A_PB1	2126	33	T	0	0	33	35.6363636363636
A_PB1	2127	31	T	2	0	31	37.6774193548387
A_PB1	2128	31	G	2	0	31	37.258064516129
A_PB1	2129	32	G	1	0	32	36.96875
A_PB1	2130	33	A	0	0	33	37
A_PB1	2131	33	A	0	0	33	35.8484848484849
A_PB1	2132	33	T	0	0	32	37
A_PB1	2133	33	T	0	0	33	37
A_PB1	2134	33	T	0	0	33	39.4242424242424
A_PB1	2135	33	C	0	0	33	35.4545454545455
A_PB1	2136	33	T	0	0	33	36.5454545454545
A_PB1	2137	33	A	0	0	33	36.1515151515151
A_PB1	2138	33	G	0	0	33	36.4242424242424
A_PB1	2139	33	C	0	0	33	36.7272727272727
A_PB1	2140	33	A	0	0	33	35.6969696969697
A_PB1	2141	33	T	0	0	32	36.5625
A_PB1	2142	33	G	0	0	33	38.8181818181818
A_PB1	2143	33	G	0	0	33	38.2121212121212
A_PB1	2144	33	T	0	0	33	38.8484848484849
A_PB1	2145	33	G	0	0	33	40.8787878787879
A_PB1	2146	33	G	0	0	33	42.6969696969697
A_PB1	2147	33	A	0	0	33	41.8181818181818
A_PB1	2148	33	G	0	0	33	39.969696969697
A_PB1	2149	33	G	0	0	33	41.5757575757576
A_PB1	2150	33	C	0	0	33	39.9393939393939
A_PB1	2151	33	C	0	0	33	39.4848484848485
A_PB1	2152	33	A	0	0	33	40
A_PB1	2153	33	T	0	0	33	40.8181818181818
A_PB1	2154	33	G	0	0	32	38.3125
A_PB1	2155	33	A	0	0	33	39
A_PB1	2156	33	T	0	0	33	37.2424242424242
A_PB1	2157	33	G	0	0	33	38.0606060606061
A_PB1	2158	33	T	0	0	33	38.3030303030303
A_PB1	2159	33	C	0	0	33	38.4242424242424
A_PB1	2160	33	T	0	0	33	39
A_PB1	2161	33	A	0	0	33	34.0909090909091
A_PB1	2162	33	G	0	0	33	35.2727272727273
A_PB1	2163	33	G	0	0	33	35.8484848484849
A_PB1	2164	33	G	0	0	33	34.9393939393939
A_PB1	2165	33	C	0	0	33	37.2727272727273
A_PB1	2166	33	C	0	0	33	40.1818181818182
A_PB1	2167	33	C	0	0	33	40.2424242424242
A_PB1	2168	33	G	0	0	33	37.7878787878788
A_PB1	2169	33	G	0	0	33	37.4545454545455
A_PB1	2170	33	A	0	0	33	38.2424242424242
A_PB1	2171	33	T	0	0	33	37
A_PB1	2172	33	T	0	0	33	37.6363636363636
A_PB1	2173	33	G	0	0	32	39.375
A_PB1	2174	33	A	0	0	32	39.625
A_PB1	2175	33	T	0	0	33	38.6969696969697
A_PB1	2176	33	G	0	0	32	39
A_PB1	2177	33	C	0	0	32	39.1875
A_PB1	2178	33	C	0	0	33	36.6666666666667
A_PB1	2179	33	A	0	0	33	35.4848484848485
A_PB1	2180	32	G	1	0	32	38.34375
A_PB1	2181	33	A	0	0	33	37.1212121212121
A_PB1	2182	33	G	0	0	33	36.4242424242424
A_PB1	2183	33	T	0	0	33	37.9393939393939
A_PB1	2184	33	C	0	0	32	37.3125
A_PB1	2185	33	G	0	0	32	38
A_PB1	2186	33	A	0	0	32	37.9375
A_PB1	2187	33	C	0	0	33	36.6363636363636
A_PB1	2188	33	T	0	0	33	36.0606060606061
A_PB1	2189	33	T	0	0	33	36.2727272727273
A_PB1	2190	33	T	0	0	32	36.375
A_PB1	2191	33	G	0	0	32	33.15625
A_PB1	2192	33	A	0	0	33	34.2424242424242
A_PB1	2193	33	G	0	0	33	34.3030303030303
A_PB1	2194	32	T	1	0	32	34.78125
A_PB1	2195	32	C	1	0	32	34.625
A_PB1	2196	33	T	0	0	33	34.8181818181818
A_PB1	2197	33	G	0	0	33	33.3939393939394
A_PB1	2198	33	G	0	0	33	34.1818181818182
A_PB1	2199	33	A	0	0	33	33.4848484848485
A_PB1	2200	33	C	0	0	33	34.9090909090909
A_PB1	2201	33	G	0	0	33	32.1818181818182
A_PB1	2202	33	G	0	0	33	33.9393939393939
A_PB1	2203	33	A	0	0	33	33.9090909090909
A_PB1	2204	33	T	0	0	33	33.969696969697
A_PB1	2205	33	T	0	0	33	34.3636363636364
A_PB1	2206	30	A	3	0	29	35.5172413793103
A_PB1	2207	30	A	3	0	30	32.9333333333333
A_PB1	2208	30	G	3	0	29	34.5862068965517
A_PB1	2209	29	A	4	0	28	34.9285714285714
A_PB1	2210	32	A	1	0	32	34.71875
A_PB1	2211	32	A	1	0	32	35.4375
A_PB1	2212	32	G	1	0	32	33.90625
A_PB1	2213	33	A	0	0	33	35.0909090909091
A_PB1	2214	33	A	0	0	33	35.6666666666667
A_PB1	2215	33	G	0	0	33	35.0606060606061
A_PB1	2216	33	A	0	0	33	35.3939393939394
A_PB1	2217	33	A	0	0	32	36.1875
A_PB1	2218	33	T	0	0	32	36.0625
A_PB1	2219	31	T	2	0	31	35
A_PB1	2220	31	C	2	0	31	35
A_PB1	2221	32	T	1	0	32	36.1875
A_PB1	2222	32	C	1	0	32	35.71875
A_PB1	2223	33	T	0	0	33	38.2424242424242
A_PB1	2224	33	G	0	0	32	38.34375
A_PB1	2225	33	A	0	0	33	40.2727272727273
A_PB1	2226	33	G	0	0	32	39.53125
A_PB1	2227	33	A	0	0	33	40.4848484848485
A_PB1	2228	33	T	0	0	33	38.7878787878788
A_PB1	2229	33	C	0	0	32	39.4375
A_PB1	2230	33	A	0	0	33	39.3333333333333
A_PB1	2231	33	T	0	0	33	39.6666666666667
A_PB1	2232	33	G	0	0	33	40.0909090909091
A_PB1	2233	33	A	0	0	33	40.1515151515151
A_PB1	2234	33	A	0	0	33	40.7878787878788
A_PB1	2235	33	G	0	0	33	40.6969696969697
A_PB1	2236	33	A	0	0	33	41.3030303030303
A_PB1	2237	33	T	0	0	33	40.7272727272727
A_PB1	2238	33	C	0	0	32	39.5
A_PB1	2239	33	T	0	0	33	40.2424242424242
A_PB1	2240	32	G	1	0	31	39.3870967741936
A_PB1	2241	33	T	0	0	33	39.6060606060606
A_PB1	2242	33	T	0	0	32	38.65625
A_PB1	2243	33	C	0	0	33	38.5151515151515
A_PB1	2244	33	C	0	0	33	38.3333333333333
A_PB1	2245	33	A	0	0	33	39.9090909090909
A_PB1	2246	33	C	0	0	33	41.4848484848485
A_PB1	2247	33	C	0	0	33	41.4545454545455
A_PB1	2248	33	A	0	0	33	42.5151515151515
A_PB1	2249	33	T	0	0	33	41.2121212121212
A_PB1	2250	33	T	0	0	32	40.96875
A_PB1	2251	33	G	0	0	33	40.3030303030303
A_PB1	2252	33	A	0	0	33	40.6666666666667
A_PB1	2253	33	A	0	0	33	39.8181818181818
A_PB1	2254	33	G	0	0	33	40.3939393939394
A_PB1	2255	33	A	0	0	33	42.0606060606061
A_PB1	2256	33	A	0	0	33	41.3030303030303
A_PB1	2257	33	C	0	0	33	40.8181818181818
A_PB1	2258	33	T	0	0	32	41.96875
A_PB1	2259	33	C	0	0	33	42.3333333333333
A_PB1	2260	33	A	0	0	33	40.4545454545455
A_PB1	2261	33	G	0	0	33	38.9090909090909
A_PB1	2262	33	A	0	0	33	40.5454545454545
A_PB1	2263	33	C	0	0	33	39.0909090909091
A_PB1	2264	33	G	0	0	33	38.6666666666667
A_PB1	2265	33	G	0	0	33	39.2424242424242
A_PB1	2266	33	C	0	0	33	39.3939393939394
A_PB1	2267	33	A	0	0	33	39.2727272727273
A_PB1	2268	33	A	0	0	33	39.9393939393939
A_PB1	2269	33	A	0	0	33	40.7272727272727
A_PB1	2270	33	G	0	0	33	41.3636363636364
A_PB1	2271	33	A	0	0	33	40.5757575757576
A_PB1	2272	33	T	0	0	33	40.6363636363636
A_PB1	2273	33	A	0	0	33	38.4545454545455
A_PB1	2274	32	A	0	0	32	40.15625
