Reference_Name	Position	Coverage Depth	Consensus	Deletions	Ambiguous	Consensus_Count	Consensus_Average_Quality
A_MP	1	40	A	0	0	40	42.1
A_MP	2	40	T	0	0	40	41.85
A_MP	3	40	G	0	0	40	37.475
A_MP	4	40	A	0	0	40	37.3
A_MP	5	40	G	0	0	40	35.825
A_MP	6	40	C	0	0	40	36.75
A_MP	7	40	C	0	0	40	37.1
A_MP	8	40	T	0	0	40	37.925
A_MP	9	40	T	0	0	40	38.05
A_MP	10	40	C	0	0	40	36.075
A_MP	11	40	T	0	0	40	36.175
A_MP	12	40	T	0	0	40	37.5
A_MP	13	40	A	0	0	40	33.525
A_MP	14	40	C	0	0	40	33.95
A_MP	15	40	C	0	0	39	36.7692307692308
A_MP	16	40	G	0	0	40	36.975
A_MP	17	40	A	0	0	40	35.4
A_MP	18	40	G	0	0	40	37.5
A_MP	19	40	G	0	0	40	36.625
A_MP	20	40	T	0	0	40	38.35
A_MP	21	40	C	0	0	40	35.375
A_MP	22	40	G	0	0	40	33.375
A_MP	23	40	A	0	0	40	33.125
A_MP	24	40	A	0	0	40	32.875
A_MP	25	40	A	0	0	39	33.3846153846154
A_MP	26	40	C	0	0	39	33.5641025641026
A_MP	27	40	G	0	0	39	35.1538461538462
A_MP	28	39	T	1	0	39	35.025641025641
A_MP	29	40	A	0	0	40	32.15
A_MP	30	40	T	0	0	40	32.225
A_MP	31	40	G	0	0	39	34.4615384615385
A_MP	32	39	T	1	0	39	34.0512820512821
A_MP	33	40	T	0	0	40	34.7
A_MP	34	40	C	0	0	40	34.775
A_MP	35	40	T	0	0	40	35
A_MP	36	40	C	0	0	40	33.275
A_MP	37	39	T	1	0	39	35.7435897435897
A_MP	38	39	C	1	0	39	31.3846153846154
A_MP	39	38	T	2	0	38	35.6842105263158
A_MP	40	39	A	1	0	39	35.5641025641026
A_MP	41	40	T	0	0	40	35.7
A_MP	42	40	C	0	0	40	32.875
A_MP	43	40	G	0	0	40	33.9
A_MP	44	40	T	0	0	40	34.05
A_MP	45	40	T	0	0	40	34.55
A_MP	46	40	C	0	0	40	33.325
A_MP	47	40	C	0	0	40	35.875
A_MP	48	40	A	0	0	40	32.35
A_MP	49	40	T	0	0	40	32.875
A_MP	50	40	C	0	0	40	34.35
A_MP	51	40	A	0	0	40	37.325
A_MP	52	40	G	0	0	40	36.675
A_MP	53	40	G	0	0	40	34.675
A_MP	54	39	C	1	0	39	33.6666666666667
A_MP	55	40	C	0	0	40	33.025
A_MP	56	40	C	0	0	40	35.4
A_MP	57	40	C	0	0	40	35.75
A_MP	58	40	C	0	0	40	36.55
A_MP	59	40	T	0	0	40	37.075
A_MP	60	40	C	0	0	40	35.9
A_MP	61	40	A	0	0	40	35.075
A_MP	62	40	A	0	0	40	37.225
A_MP	63	40	A	0	0	40	37.95
A_MP	64	40	G	0	0	40	37.025
A_MP	65	40	C	0	0	40	37.95
A_MP	66	40	C	0	0	39	37.7435897435897
A_MP	67	40	G	0	0	39	37.1282051282051
A_MP	68	40	A	0	0	40	35.825
A_MP	69	40	G	0	0	40	35.925
A_MP	70	40	A	0	0	40	36.425
A_MP	71	39	T	1	0	39	39.0512820512821
A_MP	72	40	C	0	0	40	37.825
A_MP	73	40	G	0	0	40	35.3
A_MP	74	40	C	0	0	40	35.025
A_MP	75	40	G	0	0	40	34.05
A_MP	76	40	C	0	0	40	33.9
A_MP	77	40	A	0	0	40	35.025
A_MP	78	40	G	0	0	40	36.7
A_MP	79	40	A	0	0	40	36.95
A_MP	80	40	G	0	0	40	38.925
A_MP	81	40	A	0	0	40	38.425
A_MP	82	40	C	0	0	40	38.55
A_MP	83	39	T	1	0	39	39.3333333333333
A_MP	84	40	T	0	0	40	36.475
A_MP	85	40	G	0	0	40	34.225
A_MP	86	40	A	0	0	40	33.825
A_MP	87	40	A	0	0	40	36.55
A_MP	88	40	G	0	0	40	39.175
A_MP	89	40	A	0	0	40	40.6
A_MP	90	40	T	0	0	40	41.4
A_MP	91	40	G	0	0	40	39.95
A_MP	92	40	T	0	0	39	40.8974358974359
A_MP	93	40	C	0	0	39	40.025641025641
A_MP	94	40	T	0	0	39	39.7948717948718
A_MP	95	40	T	0	0	40	40.375
A_MP	96	40	T	0	0	40	40.25
A_MP	97	40	G	0	0	40	37.1
A_MP	98	40	C	0	0	40	40.475
A_MP	99	40	T	0	0	40	40.4
A_MP	100	40	G	0	0	39	34.974358974359
A_MP	101	40	G	0	0	40	34.25
A_MP	102	40	G	0	0	40	34
A_MP	103	39	A	1	0	39	35.2820512820513
A_MP	104	40	A	0	0	40	37.375
A_MP	105	40	A	0	0	39	37.025641025641
A_MP	106	40	A	0	0	39	35.4871794871795
A_MP	107	40	A	0	0	40	33.95
A_MP	108	40	C	0	0	40	33.825
A_MP	109	39	A	1	0	37	31.2702702702703
A_MP	110	40	C	0	0	40	31.25
A_MP	111	40	A	0	0	39	30.8717948717949
A_MP	112	40	G	0	0	39	31.8461538461538
A_MP	113	40	A	0	0	39	32.7435897435897
A_MP	114	40	T	0	0	40	33.525
A_MP	115	40	C	0	0	39	32.8205128205128
A_MP	116	40	T	0	0	40	32.8
A_MP	117	40	T	0	0	40	33.5
A_MP	118	40	G	0	0	40	31.2
A_MP	119	40	A	0	0	40	30.475
A_MP	120	40	G	0	0	40	33.775
A_MP	121	40	G	0	0	40	37.7
A_MP	122	40	C	0	0	40	39.95
A_MP	123	40	T	0	0	40	39.425
A_MP	124	40	C	0	0	40	40.4
A_MP	125	40	T	0	0	40	40.925
A_MP	126	40	C	0	0	40	38.875
A_MP	127	40	A	0	0	40	38.7
A_MP	128	40	T	0	0	40	39.075
A_MP	129	40	G	0	0	40	37.225
A_MP	130	40	G	0	0	40	39.475
A_MP	131	40	A	0	0	40	39.2
A_MP	132	40	A	0	0	40	39.875
A_MP	133	40	T	0	0	40	40.95
A_MP	134	40	G	0	0	40	39.775
A_MP	135	40	G	0	0	40	40.65
A_MP	136	40	C	0	0	40	39.45
A_MP	137	40	T	0	0	40	39.425
A_MP	138	40	A	0	0	39	37.1794871794872
A_MP	139	40	A	0	0	39	37.3076923076923
A_MP	140	40	A	0	0	40	37.025
A_MP	141	40	G	0	0	40	37.225
A_MP	142	40	A	0	0	40	38.725
A_MP	143	40	C	0	0	39	40.1025641025641
A_MP	144	40	A	0	0	40	39.075
A_MP	145	40	A	0	0	40	36.2
A_MP	146	40	G	0	0	39	36.4615384615385
A_MP	147	40	A	0	0	40	35.825
A_MP	148	40	C	0	0	40	36.275
A_MP	149	40	C	0	0	39	36.9487179487179
A_MP	150	40	A	0	0	40	35.95
A_MP	151	41	A	0	0	41	38.1219512195122
A_MP	152	41	T	0	0	41	40
A_MP	153	41	T	0	0	41	40.5365853658537
A_MP	154	41	C	0	0	41	39.8780487804878
A_MP	155	41	T	0	0	41	40.8292682926829
A_MP	156	41	G	0	0	40	39.125
A_MP	157	41	T	0	0	41	40.5853658536585
A_MP	158	41	C	0	0	41	36.8048780487805
A_MP	159	41	A	0	0	41	36.9512195121951
A_MP	160	41	C	0	0	41	37.6829268292683
A_MP	161	41	C	0	0	41	38.2439024390244
A_MP	162	41	T	0	0	41	38.8780487804878
A_MP	163	41	T	0	0	41	38.2682926829268
A_MP	164	41	T	0	0	41	40.3414634146341
A_MP	165	41	G	0	0	41	35.0975609756098
A_MP	166	41	A	0	0	41	37.1219512195122
A_MP	167	41	C	0	0	41	38.9024390243902
A_MP	168	41	T	0	0	41	39.5853658536585
A_MP	169	41	A	0	0	41	37.5121951219512
A_MP	170	41	A	0	0	41	35.9512195121951
A_MP	171	41	G	0	0	41	34.1951219512195
A_MP	172	41	G	0	0	41	34.9756097560976
A_MP	173	41	G	0	0	41	36.390243902439
A_MP	174	41	G	0	0	40	34.625
A_MP	175	41	A	0	0	40	35.8
A_MP	176	41	T	0	0	41	33.3414634146341
A_MP	177	41	T	0	0	41	32.5121951219512
A_MP	178	41	T	0	0	41	34.1219512195122
A_MP	179	41	T	0	0	41	36.5121951219512
A_MP	180	41	A	0	0	41	29.219512195122
A_MP	181	41	G	0	0	41	30.7560975609756
A_MP	182	41	G	0	0	41	31.0975609756098
A_MP	183	41	G	0	0	41	30.5609756097561
A_MP	184	41	T	0	0	41	34.9024390243902
A_MP	185	41	T	0	0	41	38.4878048780488
A_MP	186	41	T	0	0	41	39.8780487804878
A_MP	187	41	G	0	0	41	38.219512195122
A_MP	188	40	T	1	0	40	39.35
A_MP	189	41	T	0	0	41	38.0487804878049
A_MP	190	41	T	0	0	41	37.2682926829268
A_MP	191	41	T	0	0	41	36.3658536585366
A_MP	192	41	C	0	0	41	33
A_MP	193	41	A	0	0	41	34.5609756097561
A_MP	194	41	C	0	0	41	32.1463414634146
A_MP	195	41	G	0	0	41	31.9512195121951
A_MP	196	41	C	0	0	41	32
A_MP	197	41	T	0	0	41	31.8780487804878
A_MP	198	41	C	0	0	40	34.625
A_MP	199	41	A	0	0	40	36.6
A_MP	200	41	C	0	0	41	38.1707317073171
A_MP	201	41	C	0	0	41	35.4634146341463
A_MP	202	41	G	0	0	41	34.390243902439
A_MP	203	41	T	0	0	41	34.0487804878049
A_MP	204	41	G	0	0	41	33.6829268292683
A_MP	205	41	C	0	0	41	34.2439024390244
A_MP	206	41	C	0	0	41	36.9756097560976
A_MP	207	41	C	0	0	41	38.3414634146341
A_MP	208	41	A	0	0	41	35.780487804878
A_MP	209	41	G	0	0	41	36.7317073170732
A_MP	210	41	T	0	0	41	37.1951219512195
A_MP	211	41	G	0	0	41	35.9024390243902
A_MP	212	41	A	0	0	41	36.3414634146341
A_MP	213	41	G	0	0	41	37.1951219512195
A_MP	214	41	C	0	0	41	36.4878048780488
A_MP	215	41	G	0	0	41	32.9512195121951
A_MP	216	41	G	0	0	41	33.1707317073171
A_MP	217	41	G	0	0	41	32.8292682926829
A_MP	218	41	G	0	0	41	32.7317073170732
A_MP	219	41	A	0	0	41	35.6829268292683
A_MP	220	41	C	0	0	41	36.7073170731707
A_MP	221	41	T	0	0	41	36.7560975609756
A_MP	222	41	G	0	0	41	34.5609756097561
A_MP	223	41	C	0	0	41	34.5121951219512
A_MP	224	41	A	0	0	41	33.0731707317073
A_MP	225	41	G	0	0	41	33.0487804878049
A_MP	226	41	C	0	0	41	33.1463414634146
A_MP	227	41	G	0	0	41	33.8536585365854
A_MP	228	41	T	0	0	41	34.5853658536585
A_MP	229	41	A	0	0	41	33.8048780487805
A_MP	230	41	G	0	0	41	35.0975609756098
A_MP	231	41	A	0	0	41	34.9024390243902
A_MP	232	41	C	0	0	40	35.9
A_MP	233	41	G	0	0	41	34.1219512195122
A_MP	234	41	C	0	0	41	34.1219512195122
A_MP	235	41	T	0	0	41	35.7317073170732
A_MP	236	41	T	0	0	40	35.425
A_MP	237	41	T	0	0	41	35.5121951219512
A_MP	238	41	G	0	0	41	38.390243902439
A_MP	239	41	T	0	0	41	39.4390243902439
A_MP	240	41	C	0	0	41	39
A_MP	241	41	C	0	0	40	41.45
A_MP	242	41	A	0	0	41	38.1951219512195
A_MP	243	41	A	0	0	41	39.0243902439024
A_MP	244	41	A	0	0	41	40.5365853658537
A_MP	245	41	A	0	0	40	41.95
A_MP	246	41	T	0	0	41	43.2439024390244
A_MP	247	41	G	0	0	41	41.1463414634146
A_MP	248	41	C	0	0	41	40.5853658536585
A_MP	249	41	C	0	0	41	38.4878048780488
A_MP	250	41	C	0	0	41	38.4878048780488
A_MP	251	41	T	0	0	41	38.8536585365854
A_MP	252	41	C	0	0	41	37.0487804878049
A_MP	253	41	A	0	0	40	37.725
A_MP	254	41	A	0	0	41	39.0731707317073
A_MP	255	41	T	0	0	41	38.2926829268293
A_MP	256	41	G	0	0	41	39.4634146341463
A_MP	257	41	G	0	0	41	40.4390243902439
A_MP	258	41	G	0	0	41	42.0487804878049
A_MP	259	41	A	0	0	41	40.9024390243902
A_MP	260	41	A	0	0	41	44.1463414634146
A_MP	261	41	T	0	0	41	42.4146341463415
A_MP	262	41	G	0	0	41	41.4146341463415
A_MP	263	41	G	0	0	41	39.5365853658537
A_MP	264	41	A	0	0	41	39.1951219512195
A_MP	265	41	G	0	0	41	38.3414634146341
A_MP	266	41	A	0	0	41	39.2682926829268
A_MP	267	41	C	0	0	41	38.7073170731707
A_MP	268	41	C	0	0	41	36.7317073170732
A_MP	269	41	C	0	0	41	38.3414634146341
A_MP	270	41	A	0	0	41	37.609756097561
A_MP	271	41	A	0	0	40	40.55
A_MP	272	41	A	0	0	41	41.5609756097561
A_MP	273	40	C	1	0	40	41.95
A_MP	274	40	A	1	0	40	42.775
A_MP	275	40	A	1	0	40	42.6
A_MP	276	40	C	1	0	40	42.475
A_MP	277	40	A	1	0	40	42.25
A_MP	278	40	T	1	0	40	40.95
A_MP	279	40	G	1	0	40	41.725
A_MP	280	40	G	1	0	40	40.625
A_MP	281	40	A	1	0	40	40.775
A_MP	282	40	C	1	0	40	41.275
A_MP	283	41	A	0	0	41	39.8780487804878
A_MP	284	41	A	0	0	40	41.225
A_MP	285	41	A	0	0	40	42.55
A_MP	286	41	G	0	0	41	40.8536585365854
A_MP	287	41	C	0	0	40	43.375
A_MP	288	41	A	0	0	41	41.3414634146341
A_MP	289	41	G	0	0	41	40.3414634146341
A_MP	290	41	T	0	0	40	41.2
A_MP	291	41	T	0	0	41	40.5609756097561
A_MP	292	41	A	0	0	41	38.1951219512195
A_MP	293	41	A	0	0	41	39.0243902439024
A_MP	294	41	A	0	0	40	38.775
A_MP	295	41	C	0	0	39	38.9230769230769
A_MP	296	41	T	0	0	41	37.4390243902439
A_MP	297	41	G	0	0	39	39.2564102564103
A_MP	298	41	T	0	0	41	37.9268292682927
A_MP	299	41	A	0	0	41	35.5121951219512
A_MP	300	41	T	0	0	41	36.7317073170732
A_MP	301	41	A	0	0	40	34.125
A_MP	302	41	G	0	0	40	34.15
A_MP	303	41	G	0	0	40	35.125
A_MP	304	41	A	0	0	41	35.8780487804878
A_MP	305	41	A	0	0	41	38.7560975609756
A_MP	306	41	A	0	0	41	39.4390243902439
A_MP	307	40	C	1	0	40	40.05
A_MP	308	40	T	1	0	40	38.65
A_MP	309	41	T	0	0	41	38.7317073170732
A_MP	310	40	A	1	0	40	34.625
A_MP	311	41	A	0	0	41	32.219512195122
A_MP	312	41	G	0	0	41	33.0243902439024
A_MP	313	41	A	0	0	40	34.8
A_MP	314	41	G	0	0	41	35.5853658536585
A_MP	315	41	G	0	0	41	37.3170731707317
A_MP	316	41	G	0	0	41	35.7073170731707
A_MP	317	41	A	0	0	41	35.4634146341463
A_MP	318	41	G	0	0	41	34.9756097560976
A_MP	319	40	A	1	0	40	35.35
A_MP	320	41	T	0	0	41	35.0731707317073
A_MP	321	41	A	0	0	41	35.1951219512195
A_MP	322	41	A	0	0	41	35.1951219512195
A_MP	323	41	C	0	0	41	36.5609756097561
A_MP	324	40	G	1	0	40	35.025
A_MP	325	41	T	0	0	41	34.780487804878
A_MP	326	40	T	1	0	38	35.3947368421053
A_MP	327	40	C	1	0	39	33.2307692307692
A_MP	328	40	C	1	0	39	34.6153846153846
A_MP	329	41	A	0	0	40	34.625
A_MP	330	41	T	0	0	40	35.25
A_MP	331	41	G	0	0	40	35.225
A_MP	332	41	G	0	0	41	37.6829268292683
A_MP	333	42	G	0	0	42	36.4523809523809
A_MP	334	42	G	0	0	41	36.7560975609756
A_MP	335	42	C	0	0	41	37.7560975609756
A_MP	336	42	C	0	0	42	36.1666666666667
A_MP	337	42	A	0	0	42	33.0952380952381
A_MP	338	42	A	0	0	42	33.7380952380952
A_MP	339	42	A	0	0	42	35.3809523809524
A_MP	340	42	G	0	0	42	35.5
A_MP	341	42	A	0	0	42	37.9285714285714
A_MP	342	42	A	0	0	42	41.0714285714286
A_MP	343	42	A	0	0	42	40.9285714285714
A_MP	344	42	T	0	0	42	40.0238095238095
A_MP	345	42	A	0	0	42	41.8809523809524
A_MP	346	42	G	0	0	41	43.1951219512195
A_MP	347	42	C	0	0	42	42.5476190476191
A_MP	348	42	T	0	0	42	42.5476190476191
A_MP	349	42	C	0	0	42	41.8571428571429
A_MP	350	42	T	0	0	42	41.6666666666667
A_MP	351	42	C	0	0	42	39.3095238095238
A_MP	352	42	A	0	0	42	39.4761904761905
A_MP	353	42	G	0	0	42	40.8571428571429
A_MP	354	42	T	0	0	42	41.1666666666667
A_MP	355	42	T	0	0	42	41.0238095238095
A_MP	356	42	A	0	0	42	41.2619047619048
A_MP	357	42	T	0	0	42	41.4047619047619
A_MP	358	42	T	0	0	42	41.5
A_MP	359	42	C	0	0	42	41.9523809523809
A_MP	360	42	T	0	0	42	42.8571428571429
A_MP	361	42	G	0	0	42	41.8095238095238
A_MP	362	42	C	0	0	42	42.9523809523809
A_MP	363	42	T	0	0	42	40.7857142857143
A_MP	364	42	G	0	0	41	41.5853658536585
A_MP	365	42	G	0	0	42	40.5714285714286
A_MP	366	42	T	0	0	42	40.1190476190476
A_MP	367	42	G	0	0	42	41.0476190476191
A_MP	368	42	C	0	0	42	41.4523809523809
A_MP	369	42	A	0	0	42	40.4047619047619
A_MP	370	42	C	0	0	42	40.2857142857143
A_MP	371	42	T	0	0	42	39.3095238095238
A_MP	372	42	T	0	0	42	39.3095238095238
A_MP	373	42	G	0	0	42	36.4761904761905
A_MP	374	42	C	0	0	42	38.2142857142857
A_MP	375	42	C	0	0	42	37.6190476190476
A_MP	376	42	A	0	0	42	39.2619047619048
A_MP	377	42	G	0	0	42	38.1428571428571
A_MP	378	42	T	0	0	42	39.6666666666667
A_MP	379	42	T	0	0	42	39.9047619047619
A_MP	380	42	G	0	0	41	40.8048780487805
A_MP	381	42	C	0	0	42	40.5476190476191
A_MP	382	42	A	0	0	42	40.4047619047619
A_MP	383	42	T	0	0	42	42.5476190476191
A_MP	384	42	G	0	0	42	38.5238095238095
A_MP	385	42	G	0	0	42	39.0714285714286
A_MP	386	42	G	0	0	42	39.1190476190476
A_MP	387	42	C	0	0	42	38.7142857142857
A_MP	388	42	C	0	0	41	40.390243902439
A_MP	389	42	T	0	0	42	40.6428571428571
A_MP	390	42	C	0	0	42	38.8809523809524
A_MP	391	42	A	0	0	42	39.4523809523809
A_MP	392	42	T	0	0	42	39.1666666666667
A_MP	393	42	A	0	0	42	39.1428571428571
A_MP	394	42	T	0	0	42	39.5476190476191
A_MP	395	42	A	0	0	42	38.5714285714286
A_MP	396	42	C	0	0	42	39.4761904761905
A_MP	397	42	A	0	0	42	39.5238095238095
A_MP	398	42	A	0	0	42	40.4047619047619
A_MP	399	42	T	0	0	42	40.7857142857143
A_MP	400	42	A	0	0	42	40.3095238095238
A_MP	401	42	G	0	0	42	41.4523809523809
A_MP	402	42	G	0	0	42	41.1190476190476
A_MP	403	42	A	0	0	42	41.2857142857143
A_MP	404	42	T	0	0	42	42.1428571428571
A_MP	405	42	G	0	0	42	40.1428571428571
A_MP	406	42	G	0	0	42	40.4285714285714
A_MP	407	42	G	0	0	42	38.5
A_MP	408	42	G	0	0	42	38.5952380952381
A_MP	409	42	G	0	0	41	40.0243902439024
A_MP	410	42	C	0	0	42	39.9285714285714
A_MP	411	42	T	0	0	42	40.7380952380952
A_MP	412	42	G	0	0	42	42.4047619047619
A_MP	413	42	T	0	0	42	43.3333333333333
A_MP	414	42	A	0	0	42	41.3571428571429
A_MP	415	42	A	0	0	42	42.2619047619048
A_MP	416	42	C	0	0	42	42
A_MP	417	42	C	0	0	42	41.3571428571429
A_MP	418	42	A	0	0	42	40.9285714285714
A_MP	419	42	C	0	0	42	41.3571428571429
A_MP	420	42	T	0	0	42	42.5238095238095
A_MP	421	42	G	0	0	42	41.6904761904762
A_MP	422	42	A	0	0	42	42.6666666666667
A_MP	423	42	A	0	0	42	43.6190476190476
A_MP	424	42	G	0	0	42	42.3571428571429
A_MP	425	42	T	0	0	42	42.1666666666667
A_MP	426	42	G	0	0	42	42.3095238095238
A_MP	427	42	G	0	0	41	42.0731707317073
A_MP	428	42	C	0	0	41	42.0731707317073
A_MP	429	42	A	0	0	42	40.5714285714286
A_MP	430	42	T	0	0	41	42.9024390243902
A_MP	431	42	T	0	0	42	41.9285714285714
A_MP	432	42	T	0	0	42	42.1904761904762
A_MP	433	42	G	0	0	42	42.1666666666667
A_MP	434	42	G	0	0	42	40.2857142857143
A_MP	435	42	C	0	0	42	40.4285714285714
A_MP	436	42	C	0	0	42	39.7380952380952
A_MP	437	42	T	0	0	42	39.2142857142857
A_MP	438	42	G	0	0	42	39.9285714285714
A_MP	439	42	G	0	0	42	40.5238095238095
A_MP	440	42	T	0	0	42	40.2142857142857
A_MP	441	42	G	0	0	42	42.1190476190476
A_MP	442	42	T	0	0	42	42.3809523809524
A_MP	443	42	G	0	0	42	42.3809523809524
A_MP	444	42	T	0	0	42	41.0714285714286
A_MP	445	42	G	0	0	42	43.3571428571429
A_MP	446	42	C	0	0	42	43.9523809523809
A_MP	447	42	A	0	0	42	41.3333333333333
A_MP	448	42	A	0	0	42	41.1190476190476
A_MP	449	42	C	0	0	42	42.9761904761905
A_MP	450	42	A	0	0	42	41.7619047619048
A_MP	451	42	T	0	0	42	42.9523809523809
A_MP	452	42	G	0	0	42	43.1190476190476
A_MP	453	42	T	0	0	42	41.7619047619048
A_MP	454	42	G	0	0	42	35.3571428571429
A_MP	455	42	A	0	0	42	35.2142857142857
A_MP	456	42	G	0	0	42	35.2619047619048
A_MP	457	42	C	0	0	42	37.0952380952381
A_MP	458	42	A	0	0	42	37.8571428571429
A_MP	459	42	G	0	0	42	41.2619047619048
A_MP	460	42	A	0	0	42	41.3571428571429
A_MP	461	42	T	0	0	42	41.1190476190476
A_MP	462	42	T	0	0	42	41.5714285714286
A_MP	463	42	G	0	0	42	39.6904761904762
A_MP	464	42	C	0	0	41	39.8780487804878
A_MP	465	42	T	0	0	42	41.9285714285714
A_MP	466	42	G	0	0	41	37.6341463414634
A_MP	467	42	A	0	0	41	37.5609756097561
A_MP	468	42	T	0	0	41	35.8048780487805
A_MP	469	42	T	0	0	42	35.1190476190476
A_MP	470	42	C	0	0	41	34.780487804878
A_MP	471	42	C	0	0	42	37.5714285714286
A_MP	472	42	C	0	0	42	34.0476190476191
A_MP	473	42	A	0	0	42	27.5952380952381
A_MP	474	42	G	0	0	42	32.6428571428571
A_MP	475	42	C	0	0	42	37.2380952380952
A_MP	476	42	A	0	0	41	36.9024390243902
A_MP	477	42	C	0	0	42	36.3571428571429
A_MP	478	41	A	1	0	41	36.609756097561
A_MP	479	41	G	0	0	41	38.219512195122
A_MP	480	41	G	0	0	41	37.3170731707317
A_MP	481	40	T	1	0	40	39.6
A_MP	482	41	C	0	0	40	38.15
A_MP	483	41	T	0	0	41	39
A_MP	484	41	C	0	0	41	38.1707317073171
A_MP	485	41	A	0	0	41	38.8048780487805
A_MP	486	41	T	0	0	41	37.9756097560976
A_MP	487	41	A	0	0	41	36.4634146341463
A_MP	488	41	G	0	0	41	38.609756097561
A_MP	489	41	G	0	0	41	39.7073170731707
A_MP	490	41	C	0	0	41	39.0487804878049
A_MP	491	41	A	0	0	41	39.5365853658537
A_MP	492	41	G	0	0	41	41.1707317073171
A_MP	493	41	A	0	0	41	42
A_MP	494	41	T	0	0	41	42.609756097561
A_MP	495	41	G	0	0	41	42.0487804878049
A_MP	496	41	G	0	0	41	43
A_MP	497	41	T	0	0	41	41.5609756097561
A_MP	498	41	G	0	0	41	41.0731707317073
A_MP	499	41	G	0	0	41	40.5853658536585
A_MP	500	41	C	0	0	41	39.780487804878
A_MP	501	41	A	0	0	41	40.3170731707317
A_MP	502	41	A	0	0	41	40.219512195122
A_MP	503	41	C	0	0	41	42.219512195122
A_MP	504	41	A	0	0	41	40.8292682926829
A_MP	505	41	A	0	0	41	41.8536585365854
A_MP	506	41	C	0	0	41	42.3414634146341
A_MP	507	41	C	0	0	41	41.5609756097561
A_MP	508	41	A	0	0	41	41.8292682926829
A_MP	509	41	A	0	0	41	42.0731707317073
A_MP	510	41	T	0	0	41	42.4146341463415
A_MP	511	41	C	0	0	41	41.609756097561
A_MP	512	41	C	0	0	41	41.2682926829268
A_MP	513	41	A	0	0	41	40.9756097560976
A_MP	514	41	T	0	0	41	42.1951219512195
A_MP	515	41	T	0	0	41	42.4878048780488
A_MP	516	41	A	0	0	41	43.6585365853659
A_MP	517	41	A	0	0	41	44.2439024390244
A_MP	518	41	T	0	0	41	44.7560975609756
A_MP	519	41	A	0	0	41	41.609756097561
A_MP	520	41	A	0	0	41	42.219512195122
A_MP	521	41	A	0	0	41	43.0975609756098
A_MP	522	41	A	0	0	41	43.9756097560976
A_MP	523	41	C	0	0	41	43.8536585365854
A_MP	524	41	A	0	0	41	41.9268292682927
A_MP	525	41	T	0	0	41	43.0243902439024
A_MP	526	41	G	0	0	41	39.8536585365854
A_MP	527	41	A	0	0	41	39.0731707317073
A_MP	528	41	G	0	0	41	38.8048780487805
A_MP	529	41	A	0	0	40	42.3
A_MP	530	41	A	0	0	41	41.8536585365854
A_MP	531	41	C	0	0	41	41.1951219512195
A_MP	532	41	A	0	0	41	40.6585365853659
A_MP	533	41	G	0	0	41	38.6585365853659
A_MP	534	41	A	0	0	41	40.0243902439024
A_MP	535	41	A	0	0	41	39.1951219512195
A_MP	536	41	T	0	0	41	39.9512195121951
A_MP	537	41	G	0	0	41	39.609756097561
A_MP	538	41	G	0	0	41	40.0975609756098
A_MP	539	41	T	0	0	41	41.9268292682927
A_MP	540	41	T	0	0	41	41.5121951219512
A_MP	541	41	T	0	0	41	42.7317073170732
A_MP	542	41	T	0	0	41	42.9512195121951
A_MP	543	41	G	0	0	41	42.3414634146341
A_MP	544	41	G	0	0	41	42.5853658536585
A_MP	545	41	C	0	0	41	40.609756097561
A_MP	546	41	C	0	0	41	41.0487804878049
A_MP	547	41	A	0	0	41	40.8292682926829
A_MP	548	41	G	0	0	41	42.780487804878
A_MP	549	41	C	0	0	41	43.3170731707317
A_MP	550	41	A	0	0	41	42.8048780487805
A_MP	551	41	C	0	0	41	42.0243902439024
A_MP	552	41	T	0	0	41	43.5365853658537
A_MP	553	102	A	0	0	102	41.421568627451
A_MP	554	102	C	0	0	102	40.6372549019608
A_MP	555	102	A	0	0	102	39.3529411764706
A_MP	556	102	G	0	0	102	41.2352941176471
A_MP	557	102	C	0	0	102	41.1372549019608
A_MP	558	102	T	0	0	102	40.656862745098
A_MP	559	102	A	0	0	102	39.2745098039216
A_MP	560	102	A	0	0	102	40.2745098039216
A_MP	561	102	G	0	0	102	40.6078431372549
A_MP	562	102	G	0	0	102	40.9509803921569
A_MP	563	102	C	0	0	102	39.8039215686275
A_MP	564	102	T	0	0	101	40.6039603960396
A_MP	565	102	A	0	0	101	39.3960396039604
A_MP	566	102	T	0	0	101	40.4257425742574
A_MP	567	102	G	0	0	101	38.5148514851485
A_MP	568	102	G	0	0	102	38.921568627451
A_MP	569	102	A	0	0	101	38.7227722772277
A_MP	570	102	G	0	0	102	38.8235294117647
A_MP	571	102	C	0	0	102	40.156862745098
A_MP	572	102	A	0	0	101	41.950495049505
A_MP	573	102	A	0	0	102	41.5098039215686
A_MP	574	102	A	0	0	102	41.9705882352941
A_MP	575	102	T	0	0	102	42.4313725490196
A_MP	576	102	G	0	0	102	42.3137254901961
A_MP	577	102	G	0	0	102	42.3921568627451
A_MP	578	102	C	0	0	102	42.2450980392157
A_MP	579	102	T	0	0	102	41.9607843137255
A_MP	580	102	G	0	0	102	41.1960784313725
A_MP	581	102	G	0	0	102	40.843137254902
A_MP	582	102	A	0	0	102	40.2549019607843
A_MP	583	102	T	0	0	102	39.7254901960784
A_MP	584	102	C	0	0	102	38.9803921568627
A_MP	585	102	A	0	0	102	38.9803921568627
A_MP	586	101	A	0	0	101	38.3762376237624
A_MP	587	101	G	0	0	101	38.5940594059406
A_MP	588	101	T	0	0	101	38.4554455445545
A_MP	589	101	G	0	0	101	38.029702970297
A_MP	590	104	A	0	0	104	39
A_MP	591	104	G	0	0	104	39.1634615384615
A_MP	592	104	C	0	0	104	39.5865384615385
A_MP	593	104	A	0	0	104	40
A_MP	594	104	G	0	0	104	41.6153846153846
A_MP	595	104	G	0	0	104	40.3942307692308
A_MP	596	104	C	0	0	104	40.6826923076923
A_MP	597	104	A	0	0	104	39.8076923076923
A_MP	598	104	G	0	0	104	39.4230769230769
A_MP	599	104	C	0	0	104	40.0865384615385
A_MP	600	104	G	0	0	104	38.6826923076923
A_MP	601	104	G	0	0	103	38.9805825242718
A_MP	602	104	A	0	0	104	38.5
A_MP	603	104	G	0	0	104	39.2403846153846
A_MP	604	104	G	0	0	104	39.6057692307692
A_MP	605	104	C	0	0	104	41.6538461538462
A_MP	606	104	C	0	0	104	40.4326923076923
A_MP	607	104	A	0	0	104	41.0384615384615
A_MP	608	104	T	0	0	104	41.5769230769231
A_MP	609	104	G	0	0	104	39.3076923076923
A_MP	610	104	G	0	0	104	41.0192307692308
A_MP	611	104	A	0	0	104	40.0384615384615
A_MP	612	104	G	0	0	104	40.5961538461538
A_MP	613	104	A	0	0	104	40.375
A_MP	614	104	T	0	0	104	40.8173076923077
A_MP	615	104	T	0	0	103	40.0679611650485
A_MP	616	104	G	0	0	104	39.8942307692308
A_MP	617	104	C	0	0	104	39.7980769230769
A_MP	618	104	T	0	0	104	39.7692307692308
A_MP	619	104	A	0	0	104	38.4326923076923
A_MP	620	104	G	0	0	104	39.8076923076923
A_MP	621	104	T	0	0	103	40.0873786407767
A_MP	622	104	C	0	0	103	39.5145631067961
A_MP	623	104	A	0	0	104	39.6346153846154
A_MP	624	104	G	0	0	104	39.5961538461538
A_MP	625	104	G	0	0	104	38.3269230769231
A_MP	626	104	C	0	0	104	38.0384615384615
A_MP	627	104	C	0	0	104	37.3269230769231
A_MP	628	104	A	0	0	103	36.5825242718447
A_MP	629	104	G	0	0	104	37.7019230769231
A_MP	630	104	G	0	0	104	38.0961538461538
A_MP	631	104	C	0	0	104	36.6538461538462
A_MP	632	104	A	0	0	104	36.1730769230769
A_MP	633	104	G	0	0	104	36.2019230769231
A_MP	634	104	A	0	0	104	36.7115384615385
A_MP	635	104	T	0	0	104	36.9134615384615
A_MP	636	104	G	0	0	104	38.9711538461538
A_MP	637	104	G	0	0	104	39.1634615384615
A_MP	638	104	T	0	0	104	38.5480769230769
A_MP	639	104	G	0	0	104	38.7884615384615
A_MP	640	103	C	1	0	103	39.6116504854369
A_MP	641	104	A	0	0	104	41.3461538461538
A_MP	642	104	G	0	0	104	41.125
A_MP	643	104	G	0	0	104	41.2115384615385
A_MP	644	104	C	0	0	104	41.3653846153846
A_MP	645	104	A	0	0	104	39.9807692307692
A_MP	646	104	A	0	0	104	40.5769230769231
A_MP	647	104	T	0	0	104	42.2788461538462
A_MP	648	104	G	0	0	104	39.6153846153846
A_MP	649	104	A	0	0	103	39.1067961165049
A_MP	650	104	G	0	0	103	38.252427184466
A_MP	651	104	A	0	0	104	37.3557692307692
A_MP	652	104	G	0	0	104	37.5769230769231
A_MP	653	104	C	0	0	104	37.6057692307692
A_MP	654	104	C	0	0	104	37.0961538461538
A_MP	655	104	A	0	0	104	34.375
A_MP	656	104	T	0	0	104	34.5961538461538
A_MP	657	104	T	0	0	103	35.5339805825243
A_MP	658	102	G	2	0	101	36.980198019802
A_MP	659	104	G	0	0	104	38.1153846153846
A_MP	660	104	G	0	0	103	38.3883495145631
A_MP	661	103	A	1	0	103	38.9805825242718
A_MP	662	104	C	0	0	102	38.5294117647059
A_MP	663	104	T	0	0	103	38.8640776699029
A_MP	664	103	C	1	0	102	38.0098039215686
A_MP	665	104	A	0	0	104	36.6923076923077
A_MP	666	104	T	0	0	104	37.5576923076923
A_MP	667	104	C	0	0	104	36.6923076923077
A_MP	668	104	C	0	0	103	38.3106796116505
A_MP	669	104	T	0	0	103	39.2135922330097
A_MP	670	103	A	1	0	103	35.621359223301
A_MP	671	103	G	1	0	103	34.747572815534
A_MP	672	104	T	0	0	104	34.9038461538462
A_MP	673	104	T	0	0	104	35.5673076923077
A_MP	674	104	C	0	0	103	36.6310679611651
A_MP	675	104	C	0	0	104	40.7211538461538
A_MP	676	104	A	0	0	104	41.4134615384615
A_MP	677	104	G	0	0	104	41.6442307692308
A_MP	678	104	C	0	0	103	41.6019417475728
A_MP	679	104	A	0	0	104	41.0288461538462
A_MP	680	104	C	0	0	104	41.6538461538462
A_MP	681	104	T	0	0	104	41.6730769230769
A_MP	682	104	G	0	0	104	40.5961538461538
A_MP	683	104	G	0	0	102	40.3529411764706
A_MP	684	104	T	0	0	104	40.7307692307692
A_MP	685	103	C	1	0	103	39.0970873786408
A_MP	686	103	T	1	0	103	39.9514563106796
A_MP	687	99	A	5	0	99	38.8080808080808
A_MP	688	103	A	1	0	101	38.7920792079208
A_MP	689	103	G	1	0	102	37.3823529411765
A_MP	690	103	A	1	0	103	38.5242718446602
A_MP	691	104	G	0	0	103	38.252427184466
A_MP	692	104	A	0	0	104	38.8557692307692
A_MP	693	104	T	0	0	104	40.7307692307692
A_MP	694	104	G	0	0	104	39.3365384615385
A_MP	695	104	A	0	0	104	39.0384615384615
A_MP	696	104	T	0	0	104	38.4807692307692
A_MP	697	104	C	0	0	104	37.4423076923077
A_MP	698	103	T	1	0	103	38.495145631068
A_MP	699	104	T	0	0	104	39.2211538461538
A_MP	700	105	C	0	0	105	38.9142857142857
A_MP	701	104	T	1	0	104	38.7403846153846
A_MP	702	105	T	0	0	105	37.9238095238095
A_MP	703	105	G	0	0	105	36.7238095238095
A_MP	704	105	A	0	0	105	35.7714285714286
A_MP	705	105	A	0	0	104	38.0096153846154
A_MP	706	105	A	0	0	105	39.2380952380952
A_MP	707	105	A	0	0	104	40.2307692307692
A_MP	708	105	T	0	0	105	39.2
A_MP	709	105	T	0	0	104	40.0288461538462
A_MP	710	105	T	0	0	104	39.375
A_MP	711	105	G	0	0	105	38.6285714285714
A_MP	712	105	C	0	0	105	37.247619047619
A_MP	713	105	A	0	0	105	38.352380952381
A_MP	714	105	G	0	0	105	38.0380952380952
A_MP	715	105	A	0	0	105	37.2857142857143
A_MP	716	104	C	1	0	103	36.2330097087379
A_MP	717	105	C	0	0	105	36.0666666666667
A_MP	718	105	T	0	0	105	36.0285714285714
A_MP	719	105	A	0	0	104	35.9038461538462
A_MP	720	105	T	0	0	105	35.3809523809524
A_MP	721	105	C	0	0	105	35.9238095238095
A_MP	722	105	A	0	0	105	35.7333333333333
A_MP	723	105	G	0	0	105	34.7428571428571
A_MP	724	105	A	0	0	105	35.0190476190476
A_MP	725	105	A	0	0	104	37.3557692307692
A_MP	726	105	A	0	0	103	37.7669902912621
A_MP	727	105	C	0	0	105	39.1619047619048
A_MP	728	104	G	1	0	104	34.8269230769231
A_MP	729	104	A	1	0	104	35.2115384615385
A_MP	730	105	A	0	0	105	35.8666666666667
A_MP	731	105	T	0	0	105	35.6571428571429
A_MP	732	102	G	3	0	102	35.843137254902
A_MP	733	105	G	0	0	105	38.3047619047619
A_MP	734	105	G	0	0	105	39.3142857142857
A_MP	735	105	G	0	0	105	39.7904761904762
A_MP	736	105	G	0	0	105	40.447619047619
A_MP	737	105	T	0	0	105	39.9619047619048
A_MP	738	104	G	1	0	104	40.6057692307692
A_MP	739	105	C	0	0	105	40.8952380952381
A_MP	740	105	A	0	0	104	40.4230769230769
A_MP	741	105	G	0	0	105	41.0380952380952
A_MP	742	105	A	0	0	104	36.9230769230769
A_MP	743	105	T	0	0	104	35.7307692307692
A_MP	744	105	G	0	0	104	35.1826923076923
A_MP	745	105	C	0	0	105	35.7238095238095
A_MP	746	104	A	1	0	104	35.3076923076923
A_MP	747	105	A	0	0	105	38
A_MP	748	105	C	0	0	105	36.7047619047619
A_MP	749	104	G	1	0	103	37.7766990291262
A_MP	750	105	A	0	0	105	38.1428571428571
A_MP	751	105	T	0	0	105	38.9333333333333
A_MP	752	105	T	0	0	105	38.2190476190476
A_MP	753	104	C	0	0	103	39.5436893203884
A_MP	754	104	A	0	0	104	39.0865384615385
A_MP	755	104	A	0	0	104	38.2596153846154
A_MP	756	104	G	0	0	104	38.3076923076923
A_MP	757	104	T	0	0	103	38.126213592233
A_MP	758	104	G	0	0	104	37.2692307692308
A_MP	759	104	A	0	0	104	39.2596153846154
A_MP	760	104	C	0	0	104	39.5769230769231
A_MP	761	104	C	0	0	104	39.5480769230769
A_MP	762	105	T	0	0	104	41.7980769230769
A_MP	763	105	G	0	0	105	40.5238095238095
A_MP	764	105	C	0	0	105	40.2285714285714
A_MP	765	105	T	0	0	105	40.0190476190476
A_MP	766	105	T	0	0	105	41.1047619047619
A_MP	767	105	G	0	0	105	41.6
A_MP	768	105	T	0	0	105	40.8857142857143
A_MP	769	105	T	0	0	105	42.2285714285714
A_MP	770	105	G	0	0	105	42.4571428571429
A_MP	771	105	T	0	0	105	41.6666666666667
A_MP	772	105	T	0	0	105	41.2
A_MP	773	105	G	0	0	105	40.847619047619
A_MP	774	105	C	0	0	105	42.0095238095238
A_MP	775	105	C	0	0	105	41.2666666666667
A_MP	776	105	G	0	0	105	40.3238095238095
A_MP	777	105	C	0	0	105	40.2571428571429
A_MP	778	105	G	0	0	105	39.5142857142857
A_MP	779	105	A	0	0	105	38.4857142857143
A_MP	780	105	A	0	0	105	37.6
A_MP	781	105	T	0	0	105	39.9238095238095
A_MP	782	105	A	0	0	105	38.5047619047619
A_MP	783	105	T	0	0	105	40.847619047619
A_MP	784	105	C	0	0	105	36.2857142857143
A_MP	785	104	A	1	0	104	35.1634615384615
A_MP	786	104	T	1	0	104	34.6538461538462
A_MP	787	103	T	1	0	103	35.1650485436893
A_MP	788	104	G	0	0	104	32.9423076923077
A_MP	789	104	G	0	0	103	32.7669902912621
A_MP	790	104	G	0	0	104	34.3365384615385
A_MP	791	104	A	0	0	104	34.25
A_MP	792	104	T	0	0	104	35.9615384615385
A_MP	793	104	C	0	0	104	37.5096153846154
A_MP	794	103	T	1	0	103	39.7087378640777
A_MP	795	104	T	0	0	103	41.5533980582524
A_MP	796	104	G	0	0	104	41.5192307692308
A_MP	797	104	C	0	0	104	41.9230769230769
A_MP	798	104	A	0	0	104	40.2884615384615
A_MP	799	104	C	0	0	104	38.9230769230769
A_MP	800	104	T	0	0	104	35.875
A_MP	801	104	T	0	0	104	35.1634615384615
A_MP	802	104	G	0	0	104	34.25
A_MP	803	104	A	0	0	104	34.8653846153846
A_MP	804	104	T	0	0	103	35.9417475728155
A_MP	805	104	A	0	0	104	34.6730769230769
A_MP	806	104	T	0	0	104	33.5673076923077
A_MP	807	104	T	0	0	104	34.125
A_MP	808	104	G	0	0	104	34.2019230769231
A_MP	809	104	T	0	0	104	34.3557692307692
A_MP	810	104	G	0	0	103	35.8446601941748
A_MP	811	104	G	0	0	104	36.7788461538462
A_MP	812	104	A	0	0	104	36.3269230769231
A_MP	813	104	T	0	0	104	35.1923076923077
A_MP	814	104	T	0	0	104	35.3173076923077
A_MP	815	104	C	0	0	103	35.6310679611651
A_MP	816	104	T	0	0	104	35.7211538461538
A_MP	817	101	T	2	0	100	36.22
A_MP	818	101	G	2	0	100	37.3
A_MP	819	103	A	0	0	103	37.1067961165049
A_MP	820	103	T	0	0	103	37.6310679611651
A_MP	821	103	C	0	0	103	37.2912621359223
A_MP	822	103	G	0	0	102	37.3921568627451
A_MP	823	102	T	1	0	102	37.0980392156863
A_MP	824	102	C	1	0	101	36.0792079207921
A_MP	825	99	T	4	0	97	37.0824742268041
A_MP	826	102	T	1	0	102	34.3137254901961
A_MP	827	103	T	0	0	103	35.3592233009709
A_MP	828	103	T	0	0	103	36.5145631067961
A_MP	829	103	T	0	0	103	36.6990291262136
A_MP	830	103	T	0	0	103	38.0291262135922
A_MP	831	103	T	0	0	103	39.0097087378641
A_MP	832	103	C	0	0	103	36.4466019417476
A_MP	833	100	A	3	0	100	35.23
A_MP	834	103	A	0	0	103	35.7961165048544
A_MP	835	102	A	1	0	102	34.5980392156863
A_MP	836	102	T	1	0	102	32.078431372549
A_MP	837	102	G	1	0	102	34.1764705882353
A_MP	838	103	C	0	0	100	36.9
A_MP	839	103	G	0	0	103	34.6990291262136
A_MP	840	103	T	0	0	103	34.4660194174757
A_MP	841	103	C	0	0	103	34.5436893203884
A_MP	842	103	T	0	0	102	36.8235294117647
A_MP	843	103	A	0	0	103	36.504854368932
A_MP	844	103	C	0	0	103	38.0970873786408
A_MP	845	103	C	0	0	103	37.873786407767
A_MP	846	102	G	1	0	101	36.8712871287129
A_MP	847	101	A	2	0	101	35.8811881188119
A_MP	848	101	T	2	0	101	35.7326732673267
A_MP	849	101	T	2	0	99	35.4848484848485
A_MP	850	102	C	1	0	100	34.94
A_MP	851	103	T	0	0	103	34.9805825242718
A_MP	852	103	T	0	0	103	34.873786407767
A_MP	853	103	C	0	0	103	33.8640776699029
A_MP	854	103	A	0	0	102	35.3039215686275
A_MP	855	103	A	0	0	103	36.747572815534
A_MP	856	103	A	0	0	103	39.621359223301
A_MP	857	103	C	0	0	102	39.4117647058824
A_MP	858	103	A	0	0	103	38.9029126213592
A_MP	859	103	C	0	0	103	39.6990291262136
A_MP	860	103	G	0	0	103	39.3300970873786
A_MP	861	103	G	0	0	103	38.6796116504854
A_MP	862	103	C	0	0	103	37.7281553398058
A_MP	863	103	C	0	0	103	37.2912621359223
A_MP	864	103	T	0	0	102	36.8627450980392
A_MP	865	103	T	0	0	102	36.5196078431373
A_MP	866	100	A	3	0	100	34.35
A_MP	867	102	A	1	0	102	33.5196078431373
A_MP	868	102	A	1	0	102	34.1078431372549
A_MP	869	102	A	1	0	102	33.343137254902
A_MP	870	102	G	1	0	102	34.1372549019608
A_MP	871	103	A	0	0	103	34.9223300970874
A_MP	872	103	G	0	0	103	34.747572815534
A_MP	873	103	G	0	0	102	32.7647058823529
A_MP	874	103	T	0	0	103	32.8349514563107
A_MP	875	103	C	0	0	103	31.252427184466
A_MP	876	103	C	0	0	102	32.1666666666667
A_MP	877	103	T	0	0	102	32.8137254901961
A_MP	878	103	T	0	0	103	32.9514563106796
A_MP	879	103	C	0	0	102	32.2745098039216
A_MP	880	103	T	0	0	102	33.4803921568627
A_MP	881	101	A	1	0	101	33.2376237623762
A_MP	882	101	C	1	0	101	33.7524752475247
A_MP	883	100	G	2	0	100	34.47
A_MP	884	102	G	0	0	101	34.2079207920792
A_MP	885	102	A	0	0	102	31.6666666666667
A_MP	886	102	A	0	0	102	31.5392156862745
A_MP	887	102	G	0	0	102	32.9019607843137
A_MP	888	102	G	0	0	101	32.3168316831683
A_MP	889	102	A	0	0	101	31.3069306930693
A_MP	890	100	G	2	0	99	34.4949494949495
A_MP	891	102	T	0	0	102	33.2058823529412
A_MP	892	102	A	0	0	101	33.2178217821782
A_MP	893	102	C	0	0	102	32.9901960784314
A_MP	894	102	C	0	0	102	34.4019607843137
A_MP	895	102	T	0	0	100	36.92
A_MP	896	102	G	0	0	100	34.1
A_MP	897	102	A	0	0	101	34.4653465346535
A_MP	898	102	G	0	0	101	35.4851485148515
A_MP	899	101	T	1	0	101	38.7821782178218
A_MP	900	101	C	1	0	100	37.85
A_MP	901	102	T	0	0	101	37.8811881188119
A_MP	902	102	A	0	0	102	37.8235294117647
A_MP	903	102	T	0	0	101	37.8316831683168
A_MP	904	101	G	1	0	101	35.970297029703
A_MP	905	101	A	1	0	100	37
A_MP	906	98	G	4	0	96	35.5729166666667
A_MP	907	99	G	3	0	99	37.4444444444444
A_MP	908	99	G	3	0	98	37.7551020408163
A_MP	909	99	A	3	0	96	37.7395833333333
A_MP	910	100	A	2	0	100	37.74
A_MP	911	102	G	0	0	100	38.42
A_MP	912	100	A	2	0	100	38.47
A_MP	913	101	A	1	0	101	38.8118811881188
A_MP	914	101	T	1	0	96	36.96875
A_MP	915	102	A	0	0	98	37.0102040816327
A_MP	916	102	T	0	0	102	34.6274509803922
A_MP	917	102	C	0	0	101	32.9108910891089
A_MP	918	102	G	0	0	97	32.1752577319588
A_MP	919	102	A	0	0	102	33
A_MP	920	102	A	0	0	102	33.9803921568627
A_MP	921	102	A	0	0	102	34.8529411764706
A_MP	922	102	G	0	0	102	36.7941176470588
A_MP	923	102	G	0	0	102	37.9411764705882
A_MP	924	102	A	0	0	102	39.6666666666667
A_MP	925	102	A	0	0	101	39.2871287128713
A_MP	926	102	C	0	0	102	40.4313725490196
A_MP	927	102	A	0	0	102	41.0490196078431
A_MP	928	102	G	0	0	101	40.9306930693069
A_MP	929	102	C	0	0	102	40.8823529411765
A_MP	930	102	A	0	0	102	40.843137254902
A_MP	931	102	G	0	0	102	40.1078431372549
A_MP	932	102	A	0	0	101	39.5742574257426
A_MP	933	102	G	0	0	101	39.6435643564356
A_MP	934	102	T	0	0	102	39.2254901960784
A_MP	935	102	G	0	0	102	39.343137254902
A_MP	936	102	C	0	0	102	39.6862745098039
A_MP	937	102	T	0	0	102	39.0196078431373
A_MP	938	102	G	0	0	102	38.2745098039216
A_MP	939	102	T	0	0	102	39.4509803921569
A_MP	940	102	G	0	0	102	37.6960784313725
A_MP	941	102	G	0	0	102	39.6862745098039
A_MP	942	102	A	0	0	102	39.1078431372549
A_MP	943	102	T	0	0	101	40.019801980198
A_MP	944	102	G	0	0	102	39.3725490196078
A_MP	945	102	C	0	0	102	39.1078431372549
A_MP	946	102	T	0	0	102	38.3039215686275
A_MP	947	102	G	0	0	102	37.8333333333333
A_MP	948	102	A	0	0	102	37.2156862745098
A_MP	949	102	C	0	0	102	37.078431372549
A_MP	950	102	G	0	0	102	35.6764705882353
A_MP	951	102	A	0	0	102	36.6862745098039
A_MP	952	102	C	0	0	102	40.3921568627451
A_MP	953	102	A	0	0	102	40.2352941176471
A_MP	954	102	G	0	0	102	39.7058823529412
A_MP	955	102	T	0	0	102	39.7647058823529
A_MP	956	102	C	0	0	102	38.8627450980392
A_MP	957	102	A	0	0	102	39.1176470588235
A_MP	958	102	T	0	0	102	39.7254901960784
A_MP	959	102	T	0	0	102	39.4019607843137
A_MP	960	101	T	1	0	101	40.8316831683168
A_MP	961	101	T	1	0	101	40.8118811881188
A_MP	962	101	G	1	0	101	41.2178217821782
A_MP	963	102	T	0	0	102	39.3137254901961
A_MP	964	101	C	0	0	101	36.3465346534653
A_MP	965	100	A	1	0	100	35.44
A_MP	966	101	G	0	0	100	31.78
A_MP	967	101	C	0	0	100	31.77
A_MP	968	101	A	0	0	100	31.23
A_MP	969	101	T	0	0	100	31.66
A_MP	970	100	A	0	0	100	30.92
A_MP	971	99	G	0	0	99	31.7777777777778
A_MP	972	99	A	0	0	99	31.7979797979798
A_MP	973	99	A	0	0	99	32.2424242424242
A_MP	974	99	T	0	0	99	38.6666666666667
A_MP	975	99	T	0	0	99	39.4141414141414
A_MP	976	99	G	0	0	99	38.979797979798
A_MP	977	99	G	0	0	98	37.5102040816327
A_MP	978	99	A	0	0	99	32.5757575757576
A_MP	979	99	G	0	0	99	33.3535353535354
A_MP	980	99	T	0	0	99	32.010101010101
A_MP	981	99	A	0	0	99	31.2929292929293
A_MP	982	99	A	0	0	99	30.7979797979798
