Reference_Name	Position	Coverage Depth	Consensus	Deletions	Ambiguous	Consensus_Count	Consensus_Average_Quality
A_NP	1	3	A	0	0	3	38
A_NP	2	3	T	0	0	3	38
A_NP	3	3	G	0	0	3	38
A_NP	4	3	G	0	0	3	45.3333333333333
A_NP	5	3	C	0	0	3	44.3333333333333
A_NP	6	3	G	0	0	3	44.3333333333333
A_NP	7	3	T	0	0	3	44.3333333333333
A_NP	8	3	C	0	0	3	40
A_NP	9	3	C	0	0	3	38.3333333333333
A_NP	10	3	C	0	0	3	39.6666666666667
A_NP	11	3	A	0	0	3	39
A_NP	12	3	A	0	0	3	40
A_NP	13	3	G	0	0	3	44.6666666666667
A_NP	14	3	G	0	0	3	42.6666666666667
A_NP	15	3	C	0	0	3	44.3333333333333
A_NP	16	3	A	0	0	3	43
A_NP	17	3	C	0	0	3	44
A_NP	18	3	C	0	0	3	40.3333333333333
A_NP	19	3	A	0	0	3	38.3333333333333
A_NP	20	3	A	0	0	3	39
A_NP	21	3	A	0	0	3	40
A_NP	22	3	C	0	0	3	39.6666666666667
A_NP	23	3	G	0	0	3	40
A_NP	24	3	G	0	0	3	39.3333333333333
A_NP	25	3	T	0	0	3	39.6666666666667
A_NP	26	3	C	0	0	3	40.3333333333333
A_NP	27	3	T	0	0	3	36.3333333333333
A_NP	28	3	T	0	0	3	36.6666666666667
A_NP	29	3	A	0	0	3	37.6666666666667
A_NP	30	3	T	0	0	3	35.3333333333333
A_NP	31	3	G	0	0	3	37.6666666666667
A_NP	32	3	A	0	0	3	43
A_NP	33	3	A	0	0	3	42.3333333333333
A_NP	34	3	C	0	0	3	43.6666666666667
A_NP	35	3	A	0	0	3	46
A_NP	36	3	G	0	0	3	43.6666666666667
A_NP	37	3	A	0	0	3	41.3333333333333
A_NP	38	3	T	0	0	3	41.3333333333333
A_NP	39	3	G	0	0	3	40.3333333333333
A_NP	40	3	G	0	0	3	40.6666666666667
A_NP	41	3	A	0	0	3	40.6666666666667
A_NP	42	3	A	0	0	3	41
A_NP	43	3	A	0	0	3	44
A_NP	44	3	C	0	0	3	43.3333333333333
A_NP	45	3	T	0	0	3	41.6666666666667
A_NP	46	3	G	0	0	3	40
A_NP	47	3	A	0	0	3	44
A_NP	48	3	T	0	0	3	41.6666666666667
A_NP	49	3	G	0	0	3	42
A_NP	50	3	G	0	0	3	44.6666666666667
A_NP	51	3	A	0	0	3	42
A_NP	52	3	G	0	0	3	39.3333333333333
A_NP	53	3	A	0	0	3	41
A_NP	54	3	T	0	0	3	40.3333333333333
A_NP	55	3	C	0	0	3	40.3333333333333
A_NP	56	3	G	0	0	3	38.6666666666667
A_NP	57	3	C	0	0	3	40
A_NP	58	3	C	0	0	3	40.6666666666667
A_NP	59	3	A	0	0	3	41
A_NP	60	3	G	0	0	3	44.6666666666667
A_NP	61	3	A	0	0	3	39
A_NP	62	3	A	0	0	3	44.6666666666667
A_NP	63	3	T	0	0	3	41.3333333333333
A_NP	64	3	G	0	0	3	42.6666666666667
A_NP	65	3	C	0	0	3	45
A_NP	66	3	A	0	0	3	41.6666666666667
A_NP	67	3	A	0	0	3	41
A_NP	68	3	C	0	0	3	41.6666666666667
A_NP	69	3	T	0	0	3	41.6666666666667
A_NP	70	3	G	0	0	3	36.6666666666667
A_NP	71	3	A	0	0	3	37.3333333333333
A_NP	72	3	G	0	0	3	37.6666666666667
A_NP	73	3	A	0	0	3	36
A_NP	74	3	T	0	0	3	38.3333333333333
A_NP	75	3	T	0	0	3	40.6666666666667
A_NP	76	3	A	0	0	3	40.3333333333333
A_NP	77	3	G	0	0	3	41
A_NP	78	3	G	0	0	3	44
A_NP	79	3	G	0	0	3	43.3333333333333
A_NP	80	3	C	0	0	3	43.3333333333333
A_NP	81	3	A	0	0	3	42
A_NP	82	3	T	0	0	3	44
A_NP	83	3	C	0	0	3	40
A_NP	84	3	C	0	0	3	44.3333333333333
A_NP	85	3	G	0	0	3	42.3333333333333
A_NP	86	3	T	0	0	3	45.6666666666667
A_NP	87	3	C	0	0	3	42.3333333333333
A_NP	88	3	G	0	0	3	43
A_NP	89	3	G	0	0	3	43.6666666666667
A_NP	90	3	A	0	0	3	43
A_NP	91	3	A	0	0	3	41.3333333333333
A_NP	92	3	A	0	0	3	44.3333333333333
A_NP	93	3	G	0	0	3	42.6666666666667
A_NP	94	3	A	0	0	3	43.6666666666667
A_NP	95	3	T	0	0	3	39.3333333333333
A_NP	96	3	G	0	0	3	39.3333333333333
A_NP	97	3	A	0	0	3	39.3333333333333
A_NP	98	3	T	0	0	3	40.6666666666667
A_NP	99	3	T	0	0	3	39.6666666666667
A_NP	100	3	G	0	0	3	35.3333333333333
A_NP	101	3	A	0	0	3	34.6666666666667
A_NP	102	3	T	0	0	3	34
A_NP	103	3	G	0	0	3	36.3333333333333
A_NP	104	3	G	0	0	3	37.3333333333333
A_NP	105	3	A	0	0	3	35.6666666666667
A_NP	106	3	A	0	0	3	36.3333333333333
A_NP	107	3	T	0	0	3	35.6666666666667
A_NP	108	3	T	0	0	3	38.6666666666667
A_NP	109	3	G	0	0	3	36.3333333333333
A_NP	110	3	G	0	0	3	36.6666666666667
A_NP	111	3	G	0	0	3	35.3333333333333
A_NP	112	3	A	0	0	3	42.6666666666667
A_NP	113	3	G	0	0	3	43.6666666666667
A_NP	114	3	A	0	0	3	41.3333333333333
A_NP	115	3	T	0	0	3	44.6666666666667
A_NP	116	3	T	0	0	3	44.3333333333333
A_NP	117	3	C	0	0	3	44.6666666666667
A_NP	118	3	T	0	0	3	40.3333333333333
A_NP	119	3	A	0	0	3	42.6666666666667
A_NP	120	3	C	0	0	3	38.3333333333333
A_NP	121	3	A	0	0	3	34
A_NP	122	3	T	0	0	3	32.6666666666667
A_NP	123	3	C	0	0	2	40.5
A_NP	124	3	C	0	0	3	33
A_NP	125	3	A	0	0	3	27.3333333333333
A_NP	126	3	A	0	0	3	30
A_NP	127	3	A	0	0	3	30
A_NP	128	3	T	0	0	3	31
A_NP	129	3	G	0	0	3	32.6666666666667
A_NP	130	3	T	0	0	3	39.6666666666667
A_NP	131	3	G	0	0	3	36.3333333333333
A_NP	132	3	C	0	0	3	36.6666666666667
A_NP	133	3	A	0	0	3	36.6666666666667
A_NP	134	3	C	0	0	3	27.6666666666667
A_NP	135	3	T	0	0	3	27.6666666666667
A_NP	136	3	G	0	0	3	26
A_NP	137	3	A	0	0	3	27.3333333333333
A_NP	138	3	A	0	0	3	28.3333333333333
A_NP	139	3	C	0	0	3	32
A_NP	140	3	T	0	0	3	41
A_NP	141	3	T	0	0	3	45.3333333333333
A_NP	142	3	A	0	0	3	43.6666666666667
A_NP	143	3	A	0	0	3	41.6666666666667
A_NP	144	3	A	0	0	3	39
A_NP	145	3	C	0	0	3	38.3333333333333
A_NP	146	3	T	0	0	3	39
A_NP	147	3	C	0	0	3	39.3333333333333
A_NP	148	3	A	0	0	3	39.6666666666667
A_NP	149	3	G	0	0	3	43.6666666666667
A_NP	150	3	T	0	0	3	42
A_NP	151	3	G	0	0	3	43.3333333333333
A_NP	152	3	A	0	0	3	43
A_NP	153	3	T	0	0	3	43.3333333333333
A_NP	154	3	C	0	0	3	43
A_NP	155	3	A	0	0	3	42
A_NP	156	3	T	0	0	3	43.6666666666667
A_NP	157	3	G	0	0	3	40
A_NP	158	3	A	0	0	3	32
A_NP	159	3	A	0	0	3	32.6666666666667
A_NP	160	3	G	0	0	3	35
A_NP	161	3	G	0	0	3	36
A_NP	162	3	A	0	0	3	39.6666666666667
A_NP	163	3	C	0	0	3	40.6666666666667
A_NP	164	3	G	0	0	3	41
A_NP	165	3	G	0	0	3	40
A_NP	166	3	T	0	0	3	42
A_NP	167	3	T	0	0	3	38.3333333333333
A_NP	168	3	G	0	0	3	39.3333333333333
A_NP	169	3	A	0	0	3	44.6666666666667
A_NP	170	3	T	0	0	3	46.3333333333333
A_NP	171	3	C	0	0	3	41.3333333333333
A_NP	172	3	C	0	0	3	41
A_NP	173	3	A	0	0	3	42.6666666666667
A_NP	174	3	A	0	0	3	41.6666666666667
A_NP	175	3	A	0	0	3	43
A_NP	176	3	A	0	0	3	42.3333333333333
A_NP	177	3	C	0	0	3	40.6666666666667
A_NP	178	3	A	0	0	3	40
A_NP	179	3	G	0	0	3	37.3333333333333
A_NP	180	3	C	0	0	3	40.3333333333333
A_NP	181	3	T	0	0	3	38.3333333333333
A_NP	182	3	T	0	0	3	38.6666666666667
A_NP	183	3	G	0	0	3	41.6666666666667
A_NP	184	3	A	0	0	3	43
A_NP	185	3	C	0	0	3	41.3333333333333
A_NP	186	3	A	0	0	3	37
A_NP	187	3	A	0	0	3	36.3333333333333
A_NP	188	3	T	0	0	3	34.3333333333333
A_NP	189	3	A	0	0	3	34.3333333333333
A_NP	190	3	G	0	0	3	33
A_NP	191	3	A	0	0	3	39.6666666666667
A_NP	192	3	G	0	0	3	34.6666666666667
A_NP	193	3	A	0	0	3	39.3333333333333
A_NP	194	3	A	0	0	3	45
A_NP	195	3	A	0	0	3	45
A_NP	196	3	A	0	0	3	43
A_NP	197	3	T	0	0	3	42
A_NP	198	3	G	0	0	3	42.3333333333333
A_NP	199	3	G	0	0	3	49
A_NP	200	3	T	0	0	3	47
A_NP	201	3	G	0	0	3	44
A_NP	202	3	C	0	0	3	41.6666666666667
A_NP	203	3	T	0	0	3	46
A_NP	204	3	T	0	0	3	43.6666666666667
A_NP	205	3	T	0	0	3	43.6666666666667
A_NP	206	3	C	0	0	3	42
A_NP	207	3	T	0	0	3	43.3333333333333
A_NP	208	3	G	0	0	3	45
A_NP	209	3	C	0	0	3	47
A_NP	210	3	T	0	0	3	41.6666666666667
A_NP	211	3	T	0	0	3	39
A_NP	212	3	T	0	0	3	39.3333333333333
A_NP	213	3	T	0	0	3	35.6666666666667
A_NP	214	3	G	0	0	3	33
A_NP	215	3	A	0	0	3	39.6666666666667
A_NP	216	3	T	0	0	3	39
A_NP	217	3	G	0	0	3	42
A_NP	218	3	A	0	0	3	40
A_NP	219	3	A	0	0	3	40
A_NP	220	3	A	0	0	3	36.6666666666667
A_NP	221	3	G	0	0	3	38.6666666666667
A_NP	222	3	A	0	0	3	40
A_NP	223	3	A	0	0	3	43.6666666666667
A_NP	224	3	G	0	0	3	41
A_NP	225	3	G	0	0	3	43
A_NP	226	3	A	0	0	3	48.3333333333333
A_NP	227	3	A	0	0	3	47
A_NP	228	3	T	0	0	3	45.6666666666667
A_NP	229	3	A	0	0	3	41.6666666666667
A_NP	230	3	A	0	0	3	44.6666666666667
A_NP	231	3	A	0	0	3	47.3333333333333
A_NP	232	3	T	0	0	3	46.3333333333333
A_NP	233	3	A	0	0	3	42.3333333333333
A_NP	234	3	C	0	0	3	40.6666666666667
A_NP	235	3	C	0	0	3	44
A_NP	236	3	T	0	0	3	42.3333333333333
A_NP	237	3	G	0	0	3	34.3333333333333
A_NP	238	3	G	0	0	3	35.3333333333333
A_NP	239	3	A	0	0	3	35.6666666666667
A_NP	240	3	A	0	0	3	42
A_NP	241	3	G	0	0	3	40
A_NP	242	3	A	0	0	3	44.3333333333333
A_NP	243	3	A	0	0	3	44.3333333333333
A_NP	244	3	C	0	0	3	46.3333333333333
A_NP	245	3	A	0	0	3	41.3333333333333
A_NP	246	3	C	0	0	3	44.3333333333333
A_NP	247	3	C	0	0	3	41.3333333333333
A_NP	248	3	C	0	0	3	44
A_NP	249	3	C	0	0	3	41.3333333333333
A_NP	250	3	A	0	0	3	42
A_NP	251	3	G	0	0	3	43
A_NP	252	3	C	0	0	3	45.6666666666667
A_NP	253	3	G	0	0	3	47.3333333333333
A_NP	254	3	C	0	0	3	45.6666666666667
A_NP	255	3	G	0	0	3	44.3333333333333
A_NP	256	3	G	0	0	3	40.3333333333333
A_NP	257	3	G	0	0	3	37.6666666666667
A_NP	258	3	G	0	0	3	38
A_NP	259	3	A	0	0	3	37.6666666666667
A_NP	260	3	A	0	0	3	38.6666666666667
A_NP	261	3	A	0	0	3	42.6666666666667
A_NP	262	3	G	0	0	3	43.3333333333333
A_NP	263	3	A	0	0	3	41.6666666666667
A_NP	264	3	T	0	0	3	35
A_NP	265	3	C	0	0	3	34.3333333333333
A_NP	266	3	C	0	0	3	31.6666666666667
A_NP	267	3	C	0	0	3	30.3333333333333
A_NP	268	3	A	0	0	3	35.3333333333333
A_NP	269	3	A	0	0	3	36.3333333333333
A_NP	270	3	G	0	0	3	38
A_NP	271	3	A	0	0	3	40
A_NP	272	3	A	0	0	3	36.3333333333333
A_NP	273	3	A	0	0	3	39.6666666666667
A_NP	274	3	A	0	0	3	34.3333333333333
A_NP	275	3	C	0	0	3	35
A_NP	276	3	C	0	0	3	38.3333333333333
A_NP	277	3	G	0	0	3	41
A_NP	278	3	G	0	0	3	39.3333333333333
A_NP	279	3	G	0	0	3	38.3333333333333
A_NP	280	3	G	0	0	3	39.3333333333333
A_NP	281	3	G	0	0	3	42
A_NP	282	3	G	0	0	3	38
A_NP	283	3	C	0	0	3	40
A_NP	284	3	C	0	0	3	36.6666666666667
A_NP	285	3	C	0	0	3	37.3333333333333
A_NP	286	3	A	0	0	3	42.3333333333333
A_NP	287	3	T	0	0	3	41.6666666666667
A_NP	288	3	A	0	0	3	43.6666666666667
A_NP	289	3	T	0	0	3	43.6666666666667
A_NP	290	3	A	0	0	3	40.3333333333333
A_NP	291	3	C	0	0	3	41
A_NP	292	3	A	0	0	3	40.6666666666667
A_NP	293	3	G	0	0	3	39
A_NP	294	3	G	0	0	3	40.6666666666667
A_NP	295	3	A	0	0	3	41.6666666666667
A_NP	296	3	G	0	0	3	40.6666666666667
A_NP	297	3	A	0	0	3	40.3333333333333
A_NP	298	3	G	0	0	3	39.6666666666667
A_NP	299	3	T	0	0	3	38.3333333333333
A_NP	300	3	C	0	0	3	41.3333333333333
A_NP	301	3	G	0	0	3	39
A_NP	302	3	A	0	0	3	38.3333333333333
A_NP	303	3	T	0	0	3	38
A_NP	304	3	G	0	0	3	36.3333333333333
A_NP	305	3	G	0	0	3	39.6666666666667
A_NP	306	3	G	0	0	3	43.3333333333333
A_NP	307	3	A	0	0	3	40.6666666666667
A_NP	308	3	A	0	0	3	42.6666666666667
A_NP	309	3	A	0	0	3	45.3333333333333
A_NP	310	3	T	0	0	3	41.6666666666667
A_NP	311	3	G	0	0	3	44.3333333333333
A_NP	312	3	G	0	0	3	45
A_NP	313	3	A	0	0	3	50
A_NP	314	3	T	0	0	3	42.3333333333333
A_NP	315	3	G	0	0	3	42.3333333333333
A_NP	316	3	A	0	0	3	34.3333333333333
A_NP	317	3	G	0	0	3	35
A_NP	318	3	G	0	0	3	38.3333333333333
A_NP	319	3	G	0	0	3	43.6666666666667
A_NP	320	3	A	0	0	3	35
A_NP	321	3	A	0	0	3	36
A_NP	322	3	C	0	0	3	42
A_NP	323	3	T	0	0	3	43.6666666666667
A_NP	324	3	C	0	0	2	42
A_NP	325	3	G	0	0	3	37.6666666666667
A_NP	326	3	T	0	0	3	37.6666666666667
A_NP	327	3	C	0	0	3	36
A_NP	328	3	C	0	0	3	39
A_NP	329	3	T	0	0	3	38
A_NP	330	3	T	0	0	3	38.6666666666667
A_NP	331	3	T	0	0	3	38
A_NP	332	3	A	0	0	3	32.6666666666667
A_NP	333	3	T	0	0	3	36.6666666666667
A_NP	334	3	G	0	0	3	30.3333333333333
A_NP	335	3	A	0	0	3	33.6666666666667
A_NP	336	3	C	0	0	3	33
A_NP	337	3	A	0	0	3	32
A_NP	338	3	A	0	0	3	33.6666666666667
A_NP	339	3	A	0	0	3	35.6666666666667
A_NP	340	3	G	0	0	3	35.6666666666667
A_NP	341	3	A	0	0	3	36
A_NP	342	3	A	0	0	3	39.3333333333333
A_NP	343	3	G	0	0	3	45.6666666666667
A_NP	344	3	A	0	0	3	43.3333333333333
A_NP	345	3	A	0	0	3	45.3333333333333
A_NP	346	3	A	0	0	3	43
A_NP	347	3	T	0	0	3	43.6666666666667
A_NP	348	3	A	0	0	3	41
A_NP	349	3	A	0	0	3	41.3333333333333
A_NP	350	3	G	0	0	3	40.3333333333333
A_NP	351	3	G	0	0	3	43.6666666666667
A_NP	352	3	C	0	0	3	42
A_NP	353	3	G	0	0	3	39.3333333333333
A_NP	354	3	A	0	0	3	37.3333333333333
A_NP	355	3	A	0	0	3	41.3333333333333
A_NP	356	3	T	0	0	3	44.3333333333333
A_NP	357	3	C	0	0	3	42
A_NP	358	3	T	0	0	3	48.3333333333333
A_NP	359	3	G	0	0	3	47
A_NP	360	3	G	0	0	3	46
A_NP	361	3	C	0	0	3	40.6666666666667
A_NP	362	3	G	0	0	3	37
A_NP	363	3	C	0	0	3	34.6666666666667
A_NP	364	3	C	0	0	3	33
A_NP	365	3	A	0	0	3	32.6666666666667
A_NP	366	3	A	0	0	3	31
A_NP	367	3	G	0	0	3	29.3333333333333
A_NP	368	3	C	0	0	3	29.6666666666667
A_NP	369	3	C	0	0	3	28.3333333333333
A_NP	370	3	A	0	0	3	24
A_NP	371	3	A	0	0	3	21.3333333333333
A_NP	372	3	C	0	0	3	18.6666666666667
A_NP	373	3	A	0	0	3	18
A_NP	374	3	A	0	0	3	18.6666666666667
A_NP	375	3	T	0	0	3	20.3333333333333
A_NP	376	3	G	0	0	3	23.3333333333333
A_NP	377	3	G	0	0	3	28
A_NP	378	3	T	0	0	3	29.6666666666667
A_NP	379	3	G	0	0	3	28
A_NP	380	3	A	0	0	3	29.3333333333333
A_NP	381	3	G	0	0	3	30
A_NP	382	3	G	0	0	3	30.3333333333333
A_NP	383	3	A	0	0	3	35.6666666666667
A_NP	384	3	T	0	0	3	37.3333333333333
A_NP	385	3	G	0	0	3	38.3333333333333
A_NP	386	3	C	0	0	3	42
A_NP	387	3	T	0	0	3	42.3333333333333
A_NP	388	3	A	0	0	3	45.3333333333333
A_NP	389	3	C	0	0	3	42
A_NP	390	3	A	0	0	3	42.3333333333333
A_NP	391	3	T	0	0	3	43.3333333333333
A_NP	392	3	C	0	0	3	42.3333333333333
A_NP	393	3	T	0	0	3	42.6666666666667
A_NP	394	3	G	0	0	3	38.6666666666667
A_NP	395	3	G	0	0	3	42.6666666666667
A_NP	396	3	T	0	0	3	42.6666666666667
A_NP	397	3	C	0	0	3	40
A_NP	398	3	T	0	0	3	42.3333333333333
A_NP	399	3	A	0	0	3	39.6666666666667
A_NP	400	3	A	0	0	3	43.3333333333333
A_NP	401	3	C	0	0	3	41.6666666666667
A_NP	402	3	C	0	0	3	41
A_NP	403	3	C	0	0	3	44.3333333333333
A_NP	404	3	A	0	0	3	41
A_NP	405	3	C	0	0	3	42
A_NP	406	3	C	0	0	3	38.3333333333333
A_NP	407	3	T	0	0	3	39.6666666666667
A_NP	408	2	A	1	0	2	35
A_NP	409	3	A	0	0	3	37
A_NP	410	4	T	0	0	4	33
A_NP	411	4	G	0	0	4	31.75
A_NP	412	4	A	0	0	4	30.5
A_NP	413	4	T	0	0	4	30.5
A_NP	414	4	T	0	0	4	29.75
A_NP	415	4	T	0	0	4	31.25
A_NP	416	4	G	0	0	4	32.5
A_NP	417	4	G	0	0	4	34.5
A_NP	418	4	C	0	0	4	35.75
A_NP	419	4	A	0	0	4	34.5
A_NP	420	4	T	0	0	4	36
A_NP	421	4	T	0	0	4	36.25
A_NP	422	4	C	0	0	4	35.5
A_NP	423	4	C	0	0	4	32.5
A_NP	424	4	A	0	0	4	32
A_NP	425	4	A	0	0	4	35
A_NP	426	4	T	0	0	4	33.25
A_NP	427	4	T	0	0	4	37.25
A_NP	428	4	T	0	0	4	36.75
A_NP	429	4	G	0	0	4	38
A_NP	430	4	A	0	0	4	40.75
A_NP	431	4	A	0	0	4	40.25
A_NP	432	4	T	0	0	4	39.5
A_NP	433	4	G	0	0	4	42
A_NP	434	4	A	0	0	4	40.5
A_NP	435	4	T	0	0	4	43.25
A_NP	436	4	G	0	0	4	39.5
A_NP	437	4	C	0	0	4	42.5
A_NP	438	4	A	0	0	4	39.25
A_NP	439	4	A	0	0	4	42
A_NP	440	4	C	0	0	4	43.5
A_NP	441	4	A	0	0	4	40.25
A_NP	442	4	T	0	0	4	42.25
A_NP	443	4	A	0	0	4	40.25
A_NP	444	4	C	0	0	4	38.25
A_NP	445	4	C	0	0	4	39
A_NP	446	4	A	0	0	4	45.25
A_NP	447	4	A	0	0	4	42.75
A_NP	448	4	A	0	0	4	41
A_NP	449	4	G	0	0	4	39
A_NP	450	4	G	0	0	4	41.25
A_NP	451	4	A	0	0	4	41.5
A_NP	452	4	C	0	0	4	44.75
A_NP	453	4	A	0	0	4	43
A_NP	454	4	A	0	0	4	41
A_NP	455	4	G	0	0	4	42
A_NP	456	4	A	0	0	4	38.25
A_NP	457	4	G	0	0	4	39.5
A_NP	458	4	C	0	0	4	36.75
A_NP	459	4	T	0	0	4	38.25
A_NP	460	4	C	0	0	4	41.5
A_NP	461	4	T	0	0	4	43.5
A_NP	462	4	T	0	0	4	41.75
A_NP	463	4	G	0	0	4	41.75
A_NP	464	4	T	0	0	4	44
A_NP	465	4	T	0	0	4	41.5
A_NP	466	4	C	0	0	4	35.5
A_NP	467	4	G	0	0	4	38
A_NP	468	4	G	0	0	4	41.75
A_NP	469	4	A	0	0	4	41.5
A_NP	470	4	C	0	0	4	37
A_NP	471	4	T	0	0	4	40
A_NP	472	4	G	0	0	4	37.5
A_NP	473	4	G	0	0	4	36.25
A_NP	474	4	A	0	0	4	37.5
A_NP	475	4	A	0	0	4	39.5
A_NP	476	4	T	0	0	4	37.5
A_NP	477	4	G	0	0	4	36.5
A_NP	478	4	G	0	0	4	38
A_NP	479	4	A	0	0	4	36
A_NP	480	4	C	0	0	4	36.5
A_NP	481	4	C	0	0	4	38.5
A_NP	482	4	C	0	0	4	38.25
A_NP	483	4	C	0	0	4	34.75
A_NP	484	4	A	0	0	4	35
A_NP	485	4	G	0	0	4	37
A_NP	486	4	A	0	0	4	38.25
A_NP	487	4	A	0	0	4	39
A_NP	488	4	T	0	0	4	39.25
A_NP	489	4	G	0	0	4	38.5
A_NP	490	4	T	0	0	4	43
A_NP	491	4	G	0	0	4	43
A_NP	492	4	C	0	0	4	41
A_NP	493	4	T	0	0	4	40.75
A_NP	494	4	C	0	0	4	43.75
A_NP	495	4	T	0	0	4	40
A_NP	496	4	C	0	0	4	40
A_NP	497	4	T	0	0	4	39.25
A_NP	498	4	G	0	0	4	36
A_NP	499	4	A	0	0	4	40.25
A_NP	500	4	T	0	0	4	38.25
A_NP	501	4	G	0	0	4	39.25
A_NP	502	4	C	0	0	4	39.25
A_NP	503	4	A	0	0	4	36.5
A_NP	504	4	G	0	0	4	35.75
A_NP	505	4	G	0	0	4	38
A_NP	506	4	G	0	0	4	36
A_NP	507	4	C	0	0	4	37.25
A_NP	508	4	T	0	0	4	40.5
A_NP	509	4	C	0	0	4	37.5
A_NP	510	4	G	0	0	4	37.75
A_NP	511	4	A	0	0	4	38.25
A_NP	512	4	C	0	0	4	39
A_NP	513	4	T	0	0	4	38.5
A_NP	514	4	C	0	0	4	38.5
A_NP	515	4	T	0	0	4	43.25
A_NP	516	4	C	0	0	4	41.25
A_NP	517	4	C	0	0	4	41.75
A_NP	518	4	C	0	0	4	42
A_NP	519	4	T	0	0	4	43.25
A_NP	520	4	A	0	0	4	41
A_NP	521	4	G	0	0	4	43
A_NP	522	4	A	0	0	4	43.75
A_NP	523	4	A	0	0	4	43.75
A_NP	524	4	G	0	0	4	40
A_NP	525	4	G	0	0	4	39
A_NP	526	4	T	0	0	4	39
A_NP	527	4	C	0	0	4	41.25
A_NP	528	4	C	0	0	4	43.25
A_NP	529	4	G	0	0	4	42.25
A_NP	530	4	G	0	0	4	43.25
A_NP	531	4	A	0	0	4	43.75
A_NP	532	4	G	0	0	4	44.25
A_NP	533	4	C	0	0	4	47
A_NP	534	4	T	0	0	4	41.5
A_NP	535	4	G	0	0	4	41
A_NP	536	4	C	0	0	4	42.25
A_NP	537	4	C	0	0	4	39.75
A_NP	538	4	G	0	0	4	40.5
A_NP	539	4	G	0	0	4	37.75
A_NP	540	4	T	0	0	4	39.25
A_NP	541	4	G	0	0	4	36.5
A_NP	542	4	C	0	0	4	37.25
A_NP	543	4	T	0	0	4	37.25
A_NP	544	4	G	0	0	4	37.75
A_NP	545	4	C	0	0	4	36
A_NP	546	4	A	0	0	4	35.75
A_NP	547	4	G	0	0	4	36.5
A_NP	548	4	T	0	0	4	34.5
A_NP	549	4	C	0	0	4	35.75
A_NP	550	4	A	0	0	4	38.25
A_NP	551	4	A	0	0	4	33.75
A_NP	552	4	A	0	0	4	34.75
A_NP	553	4	G	0	0	4	36
A_NP	554	4	G	0	0	4	39.25
A_NP	555	4	A	0	0	4	39.25
A_NP	556	4	A	0	0	4	38.25
A_NP	557	4	T	0	0	4	38.25
A_NP	558	4	C	0	0	4	38
A_NP	559	4	G	0	0	4	38
A_NP	560	4	G	0	0	4	36.5
A_NP	561	4	A	0	0	4	38.25
A_NP	562	4	A	0	0	4	39.5
A_NP	563	4	C	0	0	4	43.5
A_NP	564	3	A	1	0	3	46
A_NP	565	3	A	1	0	3	45
A_NP	566	3	T	1	0	3	39
A_NP	567	4	G	0	0	4	38
A_NP	568	4	G	0	0	4	39
A_NP	569	4	T	0	0	4	38.5
A_NP	570	4	G	0	0	4	37.5
A_NP	571	4	A	0	0	4	45.25
A_NP	572	4	T	0	0	4	43.5
A_NP	573	4	G	0	0	4	43.75
A_NP	574	4	G	0	0	4	42
A_NP	575	4	A	0	0	4	40
A_NP	576	4	A	0	0	4	39
A_NP	577	4	C	0	0	4	40.5
A_NP	578	4	T	0	0	4	41.5
A_NP	579	4	A	0	0	4	41.5
A_NP	580	4	A	0	0	4	44.5
A_NP	581	4	T	0	0	4	43.25
A_NP	582	4	C	0	0	4	42.5
A_NP	583	4	A	0	0	4	41
A_NP	584	4	G	0	0	4	43.25
A_NP	585	4	A	0	0	3	39.3333333333333
A_NP	586	4	A	0	0	4	43
A_NP	587	4	T	0	0	4	45.25
A_NP	588	4	G	0	0	4	41.5
A_NP	589	4	A	0	0	4	43.5
A_NP	590	4	T	0	0	4	43.25
A_NP	591	4	C	0	0	4	42
A_NP	592	4	A	0	0	4	39
A_NP	593	4	A	0	0	4	40
A_NP	594	4	A	0	0	4	40.25
A_NP	595	4	C	0	0	4	39.5
A_NP	596	3	G	1	0	3	35.3333333333333
A_NP	597	4	G	0	0	4	35.25
A_NP	598	4	G	0	0	4	33.25
A_NP	599	4	G	0	0	4	32.75
A_NP	600	4	G	0	0	4	37
A_NP	601	4	A	0	0	4	40
A_NP	602	4	T	0	0	4	34.75
A_NP	603	4	C	0	0	4	32.25
A_NP	604	4	A	0	0	4	34.5
A_NP	605	4	A	0	0	4	34
A_NP	606	4	C	0	0	4	31.5
A_NP	607	4	G	0	0	4	29.75
A_NP	608	4	A	0	0	4	29
A_NP	609	4	T	0	0	4	28.75
A_NP	610	4	C	0	0	4	30
A_NP	611	4	G	0	0	4	30.25
A_NP	612	4	A	0	0	4	33
A_NP	613	4	A	0	0	4	31.25
A_NP	614	4	A	0	0	4	31.5
A_NP	615	4	T	0	0	4	33.5
A_NP	616	4	T	0	0	4	35.5
A_NP	617	4	T	0	0	4	37.75
A_NP	618	4	T	0	0	4	38.5
A_NP	619	4	T	0	0	4	36
A_NP	620	4	G	0	0	4	36
A_NP	621	4	G	0	0	4	35.75
A_NP	622	4	A	0	0	4	33
A_NP	623	4	G	0	0	4	34.75
A_NP	624	4	A	0	0	4	35.75
A_NP	625	4	G	0	0	4	37
A_NP	626	4	G	0	0	4	36.5
A_NP	627	4	T	0	0	4	35.75
A_NP	628	4	G	0	0	4	33.25
A_NP	629	4	A	0	0	4	36
A_NP	630	4	G	0	0	4	41.25
A_NP	631	4	A	0	0	4	39
A_NP	632	4	A	0	0	4	38.25
A_NP	633	4	T	0	0	4	40.75
A_NP	634	4	G	0	0	4	44.75
A_NP	635	4	G	0	0	4	40
A_NP	636	4	G	0	0	4	40.75
A_NP	637	4	C	0	0	4	39.5
A_NP	638	4	G	0	0	4	39.25
A_NP	639	4	G	0	0	4	40.25
A_NP	640	4	A	0	0	4	35.75
A_NP	641	4	A	0	0	4	37.75
A_NP	642	4	A	0	0	4	39.75
A_NP	643	4	A	0	0	4	38.75
A_NP	644	4	C	0	0	4	41.75
A_NP	645	4	A	0	0	4	39.25
A_NP	646	4	A	0	0	4	38.75
A_NP	647	4	G	0	0	4	40.5
A_NP	648	4	A	0	0	4	41
A_NP	649	4	A	0	0	4	42.5
A_NP	650	4	G	0	0	4	41
A_NP	651	4	T	0	0	4	41
A_NP	652	4	G	0	0	4	42.75
A_NP	653	4	C	0	0	4	45.25
A_NP	654	4	T	0	0	4	40.5
A_NP	655	4	T	0	0	4	42.5
A_NP	656	4	A	0	0	4	44
A_NP	657	4	T	0	0	4	43.75
A_NP	658	4	G	0	0	4	41.25
A_NP	659	4	A	0	0	4	36.5
A_NP	660	4	G	0	0	4	37.25
A_NP	661	4	A	0	0	4	36.5
A_NP	662	4	G	0	0	4	38
A_NP	663	4	A	0	0	4	40
A_NP	664	4	A	0	0	4	43
A_NP	665	4	T	0	0	4	41
A_NP	666	4	G	0	0	4	42.5
A_NP	667	4	T	0	0	4	40.25
A_NP	668	4	G	0	0	4	42.25
A_NP	669	3	C	1	0	3	39
A_NP	670	4	A	0	0	4	35.25
A_NP	671	4	A	0	0	4	33.75
A_NP	672	4	C	0	0	4	34.75
A_NP	673	4	A	0	0	4	37.25
A_NP	674	4	T	0	0	3	35
A_NP	675	4	T	0	0	4	36.5
A_NP	676	4	C	0	0	4	34.75
A_NP	677	3	T	1	0	3	35.6666666666667
A_NP	678	4	C	0	0	4	36.5
A_NP	679	4	A	0	0	4	37.25
A_NP	680	4	A	0	0	4	36
A_NP	681	4	A	0	0	4	38
A_NP	682	4	G	0	0	4	36
A_NP	683	4	G	0	0	4	38.25
A_NP	684	4	A	0	0	4	36.5
A_NP	685	4	A	0	0	4	38.5
A_NP	686	4	A	0	0	4	40.75
A_NP	687	4	A	0	0	4	44.75
A_NP	688	4	T	0	0	4	43.25
A_NP	689	4	T	0	0	4	42.25
A_NP	690	4	T	0	0	4	40.75
A_NP	691	4	C	0	0	4	44
A_NP	692	4	A	0	0	4	46.75
A_NP	693	4	A	0	0	4	47.25
A_NP	694	4	A	0	0	4	47.75
A_NP	695	4	C	0	0	4	44.5
A_NP	696	4	A	0	0	4	39.25
A_NP	697	4	G	0	0	4	43.5
A_NP	698	4	C	0	0	4	39.25
A_NP	699	4	T	0	0	4	40
A_NP	700	4	G	0	0	4	43.25
A_NP	701	4	C	0	0	4	46.75
A_NP	702	4	A	0	0	4	43.75
A_NP	703	4	C	0	0	4	45
A_NP	704	4	A	0	0	4	44.75
A_NP	705	4	A	0	0	4	44.5
A_NP	706	4	A	0	0	4	46.25
A_NP	707	4	A	0	0	4	43.5
A_NP	708	4	A	0	0	4	44.75
A_NP	709	4	G	0	0	4	42
A_NP	710	4	C	0	0	4	44.25
A_NP	711	4	A	0	0	4	40.25
A_NP	712	4	A	0	0	4	42.25
A_NP	713	4	T	0	0	4	43.5
A_NP	714	4	G	0	0	4	43
A_NP	715	4	G	0	0	4	43.25
A_NP	716	4	T	0	0	4	44.5
A_NP	717	4	G	0	0	4	42.75
A_NP	718	4	G	0	0	4	36.75
A_NP	719	4	A	0	0	4	37.75
A_NP	720	4	T	0	0	4	37.75
A_NP	721	4	C	0	0	4	35.5
A_NP	722	4	A	0	0	4	36
A_NP	723	4	A	0	0	4	34.5
A_NP	724	4	G	0	0	4	31
A_NP	725	4	T	0	0	4	30.25
A_NP	726	4	T	0	0	4	30
A_NP	727	4	A	0	0	4	28.5
A_NP	728	4	G	0	0	3	30
A_NP	729	4	A	0	0	4	35.25
A_NP	730	4	G	0	0	3	33.6666666666667
A_NP	731	4	A	0	0	4	39.25
A_NP	732	4	A	0	0	4	43
A_NP	733	4	A	0	0	3	41
A_NP	734	4	G	0	0	3	40.6666666666667
A_NP	735	4	C	0	0	4	40
A_NP	736	4	C	0	0	4	41.25
A_NP	737	4	G	0	0	4	39
A_NP	738	4	G	0	0	3	40.6666666666667
A_NP	739	4	A	0	0	4	37
A_NP	740	4	A	0	0	4	33
A_NP	741	4	T	0	0	4	30
A_NP	742	3	C	1	0	3	36.3333333333333
A_NP	743	3	C	1	0	3	38.3333333333333
A_NP	744	3	A	1	0	3	38.6666666666667
A_NP	745	3	G	1	0	3	40.3333333333333
A_NP	746	3	G	1	0	3	40
A_NP	747	4	A	0	0	4	32.5
A_NP	748	4	A	0	0	4	30
A_NP	749	4	A	0	0	4	38.5
A_NP	750	4	C	0	0	4	37.25
A_NP	751	4	G	0	0	4	35.75
A_NP	752	4	C	0	0	4	33.25
A_NP	753	4	T	0	0	4	36
A_NP	754	4	G	0	0	4	33.75
A_NP	755	4	A	0	0	4	34.25
A_NP	756	4	G	0	0	4	33.75
A_NP	757	4	A	0	0	4	30
A_NP	758	4	T	0	0	4	34
A_NP	759	4	C	0	0	4	29.5
A_NP	760	4	G	0	0	4	35
A_NP	761	4	A	0	0	4	35.25
A_NP	762	4	A	0	0	4	34.75
A_NP	763	4	G	0	0	4	36.75
A_NP	764	4	A	0	0	4	38.75
A_NP	765	4	T	0	0	4	35.25
A_NP	766	4	C	0	0	4	39.5
A_NP	767	4	T	0	0	4	39
A_NP	768	4	C	0	0	4	33.75
A_NP	769	4	A	0	0	4	35.75
A_NP	770	4	T	0	0	4	35.75
A_NP	771	4	A	0	0	4	36
A_NP	772	4	T	0	0	4	39.5
A_NP	773	4	T	0	0	4	41.25
A_NP	774	4	T	0	0	4	40.75
A_NP	775	4	T	0	0	4	37.75
A_NP	776	4	T	0	0	4	37
A_NP	777	4	A	0	0	4	39
A_NP	778	4	G	0	0	4	36.5
A_NP	779	4	C	0	0	4	43.5
A_NP	780	4	A	0	0	4	44
A_NP	781	4	A	0	0	4	43.5
A_NP	782	4	G	0	0	4	41
A_NP	783	4	A	0	0	4	39.25
A_NP	784	4	T	0	0	4	36.5
A_NP	785	4	C	0	0	4	34.75
A_NP	786	4	T	0	0	4	35.25
A_NP	787	4	G	0	0	4	37.25
A_NP	788	4	C	0	0	4	38.5
A_NP	789	4	A	0	0	4	39.25
A_NP	790	4	C	0	0	4	41.75
A_NP	791	4	T	0	0	4	39
A_NP	792	4	G	0	0	4	37.75
A_NP	793	4	A	0	0	4	38.75
A_NP	794	4	T	0	0	4	38.75
A_NP	795	4	A	0	0	4	39
A_NP	796	4	T	0	0	4	41
A_NP	797	4	T	0	0	4	41.75
A_NP	798	4	G	0	0	4	39.5
A_NP	799	4	A	0	0	4	43
A_NP	800	4	G	0	0	4	43.25
A_NP	801	4	A	0	0	4	48.75
A_NP	802	4	G	0	0	4	45.25
A_NP	803	4	G	0	0	4	44.5
A_NP	804	4	A	0	0	4	45
A_NP	805	4	T	0	0	4	44.5
A_NP	806	4	C	0	0	4	40.75
A_NP	807	4	A	0	0	4	43
A_NP	808	4	G	0	0	4	42.75
A_NP	809	4	T	0	0	4	41.5
A_NP	810	4	T	0	0	4	41
A_NP	811	4	G	0	0	4	45.5
A_NP	812	4	C	0	0	4	43.5
A_NP	813	4	T	0	0	4	42.5
A_NP	814	4	C	0	0	4	43.25
A_NP	815	4	A	0	0	4	44.5
A_NP	816	4	C	0	0	4	43.25
A_NP	817	4	A	0	0	4	44.75
A_NP	818	4	A	0	0	4	40.5
A_NP	819	4	A	0	0	4	40.5
A_NP	820	4	T	0	0	4	39.5
A_NP	821	4	C	0	0	4	42.25
A_NP	822	4	T	0	0	4	45.75
A_NP	823	4	T	0	0	4	43.5
A_NP	824	4	G	0	0	4	42
A_NP	825	4	C	0	0	4	41
A_NP	826	4	C	0	0	4	42.25
A_NP	827	4	T	0	0	4	47.5
A_NP	828	4	A	0	0	4	42
A_NP	829	4	C	0	0	4	44.75
A_NP	830	4	C	0	0	4	38.25
A_NP	831	4	T	0	0	4	37.25
A_NP	832	4	G	0	0	4	39
A_NP	833	4	C	0	0	4	42.5
A_NP	834	4	C	0	0	4	39.75
A_NP	835	4	T	0	0	4	42.75
A_NP	836	4	G	0	0	4	44.75
A_NP	837	4	T	0	0	4	42.75
A_NP	838	4	G	0	0	4	41.75
A_NP	839	4	C	0	0	4	44
A_NP	840	4	A	0	0	4	42.5
A_NP	841	4	T	0	0	4	42.75
A_NP	842	4	A	0	0	4	42.75
A_NP	843	4	T	0	0	4	43
A_NP	844	4	G	0	0	4	44.75
A_NP	845	4	G	0	0	4	44.25
A_NP	846	4	A	0	0	4	44
A_NP	847	4	C	0	0	4	43.5
A_NP	848	4	C	0	0	4	41.5
A_NP	849	4	T	0	0	4	42.25
A_NP	850	4	G	0	0	4	45
A_NP	851	4	C	0	0	4	43.5
A_NP	852	4	A	0	0	4	44
A_NP	853	4	G	0	0	4	43.75
A_NP	854	4	T	0	0	4	44.5
A_NP	855	4	A	0	0	4	42.25
A_NP	856	4	T	0	0	4	44.25
A_NP	857	4	C	0	0	4	41.75
A_NP	858	4	C	0	0	4	45.5
A_NP	859	4	A	0	0	4	46.25
A_NP	860	4	G	0	0	4	44.5
A_NP	861	4	T	0	0	4	42.5
A_NP	862	4	G	0	0	4	43
A_NP	863	4	G	0	0	4	42
A_NP	864	4	T	0	0	4	43.5
A_NP	865	4	T	0	0	4	45.75
A_NP	866	4	A	0	0	4	43
A_NP	867	4	T	0	0	4	45
A_NP	868	4	G	0	0	4	43.5
A_NP	869	4	A	0	0	4	42.25
A_NP	870	4	C	0	0	4	43
A_NP	871	4	T	0	0	4	43.25
A_NP	872	4	T	0	0	4	43.25
A_NP	873	4	T	0	0	4	42
A_NP	874	4	G	0	0	4	42
A_NP	875	2	A	2	0	2	39
A_NP	876	4	A	0	0	4	36.75
A_NP	877	4	A	0	0	4	38.25
A_NP	878	4	A	0	0	4	37.75
A_NP	879	4	A	0	0	4	40.75
A_NP	880	4	G	0	0	4	38.25
A_NP	881	4	A	0	0	4	41
A_NP	882	4	G	0	0	3	38.3333333333333
A_NP	883	4	G	0	0	4	47.25
A_NP	884	4	G	0	0	4	48
A_NP	885	4	A	0	0	4	42.5
A_NP	886	4	T	0	0	4	44
A_NP	887	4	A	0	0	4	42.75
A_NP	888	4	T	0	0	4	43.25
A_NP	889	4	T	0	0	4	43.75
A_NP	890	4	C	0	0	4	46.25
A_NP	891	4	C	0	0	4	46.5
A_NP	892	4	T	0	0	4	43
A_NP	893	4	T	0	0	4	44.25
A_NP	894	4	G	0	0	4	44.5
A_NP	895	4	G	0	0	4	43.5
A_NP	896	4	T	0	0	4	44
A_NP	897	4	G	0	0	4	41.75
A_NP	898	4	G	0	0	4	44.25
A_NP	899	4	G	0	0	4	42
A_NP	900	4	A	0	0	4	42.75
A_NP	901	4	A	0	0	4	42.25
A_NP	902	4	T	0	0	4	47.5
A_NP	903	4	A	0	0	4	44.25
A_NP	904	4	G	0	0	4	44.5
A_NP	905	4	A	0	0	4	43.25
A_NP	906	4	C	0	0	4	41.75
A_NP	907	4	C	0	0	4	42.5
A_NP	908	4	C	0	0	4	41.25
A_NP	909	4	T	0	0	4	39.5
A_NP	910	4	T	0	0	4	40.5
A_NP	911	4	T	0	0	4	40
A_NP	912	4	C	0	0	4	43
A_NP	913	4	A	0	0	4	43.75
A_NP	914	4	A	0	0	4	45
A_NP	915	4	A	0	0	4	48.75
A_NP	916	4	C	0	0	4	44.25
A_NP	917	4	T	0	0	4	41
A_NP	918	4	A	0	0	4	40
A_NP	919	4	C	0	0	4	45.25
A_NP	920	4	T	0	0	4	41.75
A_NP	921	4	T	0	0	4	44.5
A_NP	922	4	C	0	0	4	44.75
A_NP	923	4	A	0	0	4	44.75
A_NP	924	4	A	0	0	4	41
A_NP	925	4	A	0	0	4	45.5
A_NP	926	4	A	0	0	4	37.75
A_NP	927	4	T	0	0	4	38.75
A_NP	928	4	A	0	0	4	38.25
A_NP	929	4	G	0	0	4	36
A_NP	930	4	C	0	0	4	33.75
A_NP	931	4	C	0	0	4	33.25
A_NP	932	4	A	0	0	4	35
A_NP	933	4	A	0	0	4	37.25
A_NP	934	4	A	0	0	4	37.75
A_NP	935	4	T	0	0	4	39.75
A_NP	936	4	A	0	0	4	46
A_NP	937	4	T	0	0	4	46
A_NP	938	4	A	0	0	4	46.25
A_NP	939	4	C	0	0	4	48.5
A_NP	940	4	A	0	0	4	43.75
A_NP	941	4	G	0	0	4	45.75
A_NP	942	4	C	0	0	4	41
A_NP	943	4	T	0	0	4	44.25
A_NP	944	4	T	0	0	4	43.75
A_NP	945	4	A	0	0	4	44.5
A_NP	946	4	A	0	0	4	40
A_NP	947	4	T	0	0	4	42.75
A_NP	948	4	C	0	0	4	42.5
A_NP	949	4	A	0	0	4	42.5
A_NP	950	4	G	0	0	4	44.5
A_NP	951	4	A	0	0	3	43.6666666666667
A_NP	952	4	C	0	0	4	44.5
A_NP	953	4	C	0	0	4	43
A_NP	954	4	T	0	0	4	41
A_NP	955	4	A	0	0	4	41.75
A_NP	956	4	A	0	0	4	45.25
A_NP	957	4	T	0	0	4	45
A_NP	958	4	G	0	0	4	45.5
A_NP	959	4	A	0	0	4	41.25
A_NP	960	4	G	0	0	4	44.75
A_NP	961	4	A	0	0	4	43.5
A_NP	962	4	A	0	0	4	44.75
A_NP	963	4	T	0	0	4	46.25
A_NP	964	4	C	0	0	4	42
A_NP	965	4	C	0	0	4	44.5
A_NP	966	4	A	0	0	4	42.25
A_NP	967	4	G	0	0	4	44
A_NP	968	4	C	0	0	4	44
A_NP	969	4	A	0	0	4	46
A_NP	970	4	C	0	0	4	42
A_NP	971	4	A	0	0	4	45.25
A_NP	972	4	C	0	0	4	42.5
A_NP	973	4	A	0	0	4	46
A_NP	974	4	A	0	0	4	45.5
A_NP	975	4	G	0	0	4	46.5
A_NP	976	4	A	0	0	4	44
A_NP	977	4	G	0	0	4	43.5
A_NP	978	4	T	0	0	4	41.75
A_NP	979	4	C	0	0	4	45.5
A_NP	980	4	A	0	0	4	43.25
A_NP	981	4	G	0	0	4	43.5
A_NP	982	4	C	0	0	4	43.75
A_NP	983	4	T	0	0	4	48
A_NP	984	4	G	0	0	4	43.75
A_NP	985	4	G	0	0	4	41
A_NP	986	4	T	0	0	4	43.75
A_NP	987	4	G	0	0	4	42.25
A_NP	988	4	T	0	0	4	39.5
A_NP	989	4	G	0	0	4	42.5
A_NP	990	4	G	0	0	4	43
A_NP	991	4	A	0	0	4	42.25
A_NP	992	4	T	0	0	4	43.5
A_NP	993	4	G	0	0	4	42.25
A_NP	994	4	G	0	0	4	43.75
A_NP	995	4	C	0	0	4	43.75
A_NP	996	4	A	0	0	4	41.5
A_NP	997	4	T	0	0	4	38.25
A_NP	998	4	G	0	0	4	38.75
A_NP	999	4	T	0	0	4	40.25
A_NP	1000	4	C	0	0	4	39
A_NP	1001	4	A	0	0	4	37.5
A_NP	1002	4	T	0	0	4	40
A_NP	1003	4	T	0	0	4	37.75
A_NP	1004	4	C	0	0	4	38.25
A_NP	1005	4	T	0	0	4	36.25
A_NP	1006	4	G	0	0	4	36.5
A_NP	1007	4	C	0	0	4	38
A_NP	1008	4	T	0	0	4	37.5
A_NP	1009	4	G	0	0	4	40.25
A_NP	1010	4	C	0	0	4	39.5
A_NP	1011	4	A	0	0	4	39.75
A_NP	1012	4	T	0	0	4	40
A_NP	1013	4	T	0	0	4	36
A_NP	1014	4	T	0	0	4	35.5
A_NP	1015	4	G	0	0	4	33.5
A_NP	1016	4	A	0	0	4	36.25
A_NP	1017	4	A	0	0	4	39.75
A_NP	1018	4	G	0	0	4	39.5
A_NP	1019	4	A	0	0	4	42
A_NP	1020	4	T	0	0	4	41
A_NP	1021	4	T	0	0	4	43.75
A_NP	1022	4	T	0	0	4	39.75
A_NP	1023	4	A	0	0	4	41.25
A_NP	1024	4	A	0	0	4	40.75
A_NP	1025	4	G	0	0	4	40.75
A_NP	1026	4	A	0	0	4	42
A_NP	1027	4	T	0	0	4	42.5
A_NP	1028	4	T	0	0	4	41.25
A_NP	1029	4	G	0	0	4	41
A_NP	1030	4	T	0	0	4	40.5
A_NP	1031	4	T	0	0	4	41.25
A_NP	1032	4	A	0	0	4	38.25
A_NP	1033	4	A	0	0	4	37.75
A_NP	1034	4	G	0	0	4	36.25
A_NP	1035	4	C	0	0	4	39.5
A_NP	1036	4	T	0	0	4	40.25
A_NP	1037	4	T	0	0	4	41
A_NP	1038	4	C	0	0	4	39.5
A_NP	1039	4	A	0	0	4	37.25
A_NP	1040	4	T	0	0	4	37.25
A_NP	1041	4	C	0	0	4	34.75
A_NP	1042	4	A	0	0	4	35.25
A_NP	1043	4	G	0	0	4	33.75
A_NP	1044	4	A	0	0	4	38.25
A_NP	1045	4	G	0	0	4	38.75
A_NP	1046	4	G	0	0	4	39
A_NP	1047	4	A	0	0	4	42.75
A_NP	1048	4	A	0	0	4	41.5
A_NP	1049	4	C	0	0	4	41
A_NP	1050	4	A	0	0	4	42.75
A_NP	1051	4	A	0	0	4	41.75
A_NP	1052	4	A	0	0	4	45.75
A_NP	1053	4	A	0	0	4	44.5
A_NP	1054	4	G	0	0	4	44.5
A_NP	1055	4	T	0	0	4	42.5
A_NP	1056	4	A	0	0	4	42.25
A_NP	1057	4	T	0	0	4	43.25
A_NP	1058	4	C	0	0	4	42.75
A_NP	1059	4	T	0	0	4	40.75
A_NP	1060	4	C	0	0	4	41.25
A_NP	1061	4	C	0	0	4	42.5
A_NP	1062	4	T	0	0	4	35.75
A_NP	1063	4	C	0	0	4	32.25
A_NP	1064	3	G	1	0	3	38.6666666666667
A_NP	1065	4	G	0	0	4	33
A_NP	1066	4	G	0	0	4	33.75
A_NP	1067	4	G	0	0	4	31.25
A_NP	1068	4	G	0	0	4	33.75
A_NP	1069	4	A	0	0	4	33.5
A_NP	1070	4	A	0	0	4	32.75
A_NP	1071	4	A	0	0	4	29.25
A_NP	1072	4	C	0	0	4	33.5
A_NP	1073	4	T	0	0	4	34.5
A_NP	1074	4	G	0	0	4	36.25
A_NP	1075	4	T	0	0	4	37.75
A_NP	1076	4	C	0	0	4	32
A_NP	1077	4	A	0	0	4	29.25
A_NP	1078	4	A	0	0	4	28.5
A_NP	1079	4	C	0	0	4	30
A_NP	1080	4	T	0	0	4	31
A_NP	1081	4	A	0	0	4	29.25
A_NP	1082	4	G	0	0	4	31.5
A_NP	1083	4	A	0	0	4	34.5
A_NP	1084	4	G	0	0	4	38.75
A_NP	1085	4	G	0	0	4	36.25
A_NP	1086	4	A	0	0	3	43.3333333333333
A_NP	1087	4	G	0	0	4	42
A_NP	1088	4	T	0	0	4	39.75
A_NP	1089	4	A	0	0	4	41.5
A_NP	1090	4	C	0	0	4	43.75
A_NP	1091	4	A	0	0	4	39.5
A_NP	1092	4	A	0	0	4	43
A_NP	1093	4	A	0	0	4	38
A_NP	1094	4	T	0	0	4	38.25
A_NP	1095	4	T	0	0	4	38.75
A_NP	1096	4	G	0	0	4	38
A_NP	1097	4	C	0	0	4	38.5
A_NP	1098	4	T	0	0	4	40.75
A_NP	1099	4	T	0	0	4	40.5
A_NP	1100	4	C	0	0	4	37.5
A_NP	1101	4	A	0	0	4	39.5
A_NP	1102	4	A	0	0	4	39
A_NP	1103	4	A	0	0	4	40.75
A_NP	1104	4	T	0	0	4	41
A_NP	1105	4	G	0	0	4	39
A_NP	1106	4	A	0	0	4	35.5
A_NP	1107	4	G	0	0	4	38.75
A_NP	1108	4	A	0	0	4	39.5
A_NP	1109	4	A	0	0	4	39.75
A_NP	1110	4	C	0	0	4	41.75
A_NP	1111	4	A	0	0	4	38.25
A_NP	1112	4	T	0	0	4	41.25
A_NP	1113	4	G	0	0	4	43.75
A_NP	1114	4	G	0	0	4	35.5
A_NP	1115	4	A	0	0	4	34.75
A_NP	1116	4	T	0	0	4	38
A_NP	1117	4	A	0	0	4	34.5
A_NP	1118	4	A	0	0	4	37.25
A_NP	1119	4	T	0	0	4	35.75
A_NP	1120	4	A	0	0	4	38
A_NP	1121	4	T	0	0	4	36.5
A_NP	1122	4	G	0	0	4	32.5
A_NP	1123	4	G	0	0	4	36
A_NP	1124	4	G	0	0	4	39
A_NP	1125	4	A	0	0	4	39.75
A_NP	1126	4	T	0	0	4	45.25
A_NP	1127	3	C	0	0	3	43.6666666666667
A_NP	1128	3	A	0	0	3	45.3333333333333
A_NP	1129	3	A	0	0	3	45.3333333333333
A_NP	1130	3	G	0	0	3	38.6666666666667
A_NP	1131	3	C	0	0	3	41.6666666666667
A_NP	1132	3	A	0	0	3	39.6666666666667
A_NP	1133	3	C	0	0	3	44
A_NP	1134	3	T	0	0	3	40
A_NP	1135	3	C	0	0	3	41.6666666666667
A_NP	1136	3	T	0	0	3	40
A_NP	1137	3	T	0	0	3	45.3333333333333
A_NP	1138	3	G	0	0	3	35.6666666666667
A_NP	1139	3	A	0	0	3	39
A_NP	1140	3	A	0	0	3	39.3333333333333
A_NP	1141	3	C	0	0	3	48.6666666666667
A_NP	1142	3	T	0	0	3	43.3333333333333
A_NP	1143	3	G	0	0	3	45.6666666666667
A_NP	1144	3	A	0	0	3	41.6666666666667
A_NP	1145	3	G	0	0	3	39.3333333333333
A_NP	1146	13	A	0	0	13	36.5384615384615
A_NP	1147	13	A	0	0	13	37.3076923076923
A_NP	1148	14	G	0	0	14	38.5714285714286
A_NP	1149	14	C	0	0	14	37.3571428571429
A_NP	1150	14	A	0	0	13	36.6153846153846
A_NP	1151	14	G	0	0	14	36.6428571428571
A_NP	1152	14	G	0	0	14	36.0714285714286
A_NP	1153	14	T	0	0	14	39.7857142857143
A_NP	1154	14	A	0	0	14	38.2857142857143
A_NP	1155	14	C	0	0	14	36.7142857142857
A_NP	1156	14	T	0	0	14	36.7857142857143
A_NP	1157	14	G	0	0	14	37.4285714285714
A_NP	1158	15	G	0	0	15	35
A_NP	1159	15	G	0	0	15	33.3333333333333
A_NP	1160	15	C	0	0	15	32.2666666666667
A_NP	1161	15	C	0	0	15	32.2
A_NP	1162	15	A	0	0	15	31.9333333333333
A_NP	1163	15	T	0	0	15	33.8666666666667
A_NP	1164	15	A	0	0	14	31.2857142857143
A_NP	1165	15	A	0	0	15	30.6666666666667
A_NP	1166	15	G	0	0	15	31.9333333333333
A_NP	1167	15	G	0	0	15	31.1333333333333
A_NP	1168	15	A	0	0	14	32.8571428571429
A_NP	1169	15	C	0	0	15	31.1333333333333
A_NP	1170	15	C	0	0	15	31.6
A_NP	1171	15	A	0	0	15	31.0666666666667
A_NP	1172	15	G	0	0	15	32.8
A_NP	1173	15	G	0	0	15	34.7333333333333
A_NP	1174	15	A	0	0	15	36.7333333333333
A_NP	1175	15	G	0	0	15	35.4
A_NP	1176	15	T	0	0	15	36.8666666666667
A_NP	1177	15	G	0	0	15	37.8
A_NP	1178	15	G	0	0	15	35.0666666666667
A_NP	1179	15	A	0	0	15	34.1333333333333
A_NP	1180	15	G	0	0	15	34.8666666666667
A_NP	1181	15	G	0	0	15	38.2
A_NP	1182	15	A	0	0	14	36
A_NP	1183	15	A	0	0	15	38.4666666666667
A_NP	1184	15	A	0	0	15	40.9333333333333
A_NP	1185	15	C	0	0	15	38.6666666666667
A_NP	1186	15	A	0	0	15	39.4
A_NP	1187	15	C	0	0	15	39
A_NP	1188	15	T	0	0	15	38.4
A_NP	1189	15	A	0	0	15	38.1333333333333
A_NP	1190	15	A	0	0	15	38.9333333333333
A_NP	1191	14	T	1	0	14	39.7857142857143
A_NP	1192	15	C	0	0	15	38.2
A_NP	1193	15	A	0	0	14	38.7857142857143
A_NP	1194	15	G	0	0	14	40.5
A_NP	1195	15	C	0	0	15	41.5333333333333
A_NP	1196	15	A	0	0	15	39.2
A_NP	1197	15	G	0	0	15	38.8666666666667
A_NP	1198	15	A	0	0	15	38.8666666666667
A_NP	1199	15	G	0	0	15	39.8666666666667
A_NP	1200	15	G	0	0	15	40.3333333333333
A_NP	1201	15	G	0	0	15	41
A_NP	1202	15	C	0	0	15	41.5333333333333
A_NP	1203	15	C	0	0	15	40.8
A_NP	1204	15	T	0	0	15	39.7333333333333
A_NP	1205	15	C	0	0	15	39.4666666666667
A_NP	1206	15	C	0	0	15	38.6666666666667
A_NP	1207	15	G	0	0	15	36.9333333333333
A_NP	1208	15	C	0	0	15	35.5333333333333
A_NP	1209	15	A	0	0	15	35.2666666666667
A_NP	1210	15	G	0	0	15	34.3333333333333
A_NP	1211	15	G	0	0	15	36.2666666666667
A_NP	1212	15	C	0	0	15	38.1333333333333
A_NP	1213	15	C	0	0	15	36.5333333333333
A_NP	1214	15	A	0	0	15	36.9333333333333
A_NP	1215	15	A	0	0	15	35
A_NP	1216	15	A	0	0	15	35.8
A_NP	1217	15	C	0	0	15	34.4
A_NP	1218	15	C	0	0	15	34.0666666666667
A_NP	1219	15	A	0	0	15	36.2
A_NP	1220	15	G	0	0	15	36.1333333333333
A_NP	1221	15	T	0	0	15	36.6
A_NP	1222	15	G	0	0	15	37.9333333333333
A_NP	1223	15	T	0	0	15	34.8666666666667
A_NP	1224	15	G	0	0	15	37.9333333333333
A_NP	1225	15	C	0	0	15	39.4
A_NP	1226	15	A	0	0	15	39.4
A_NP	1227	15	A	0	0	15	41
A_NP	1228	15	C	0	0	15	40.5333333333333
A_NP	1229	15	C	0	0	15	41
A_NP	1230	15	A	0	0	15	41.8666666666667
A_NP	1231	15	A	0	0	15	41.2666666666667
A_NP	1232	15	C	0	0	15	41.9333333333333
A_NP	1233	15	G	0	0	15	40.8
A_NP	1234	14	T	1	0	14	39.7142857142857
A_NP	1235	15	T	0	0	15	39.4
A_NP	1236	15	T	0	0	15	41.2
A_NP	1237	15	T	0	0	15	40.8666666666667
A_NP	1238	15	C	0	0	15	45.4666666666667
A_NP	1239	15	T	0	0	15	43.9333333333333
A_NP	1240	15	G	0	0	15	43.2
A_NP	1241	15	T	0	0	15	43.8
A_NP	1242	15	A	0	0	15	41.8
A_NP	1243	15	C	0	0	14	41.2142857142857
A_NP	1244	14	A	1	0	13	38.4615384615385
A_NP	1245	15	A	0	0	15	39
A_NP	1246	15	A	0	0	15	39.4
A_NP	1247	15	G	0	0	15	42.4666666666667
A_NP	1248	15	A	0	0	15	43.2
A_NP	1249	15	A	0	0	15	44.1333333333333
A_NP	1250	15	A	0	0	15	43.4
A_NP	1251	15	C	0	0	15	39.6666666666667
A_NP	1252	15	C	0	0	15	39.3333333333333
A_NP	1253	15	T	0	0	15	38.0666666666667
A_NP	1254	15	C	0	0	15	37.1333333333333
A_NP	1255	15	C	0	0	15	35.6
A_NP	1256	15	C	0	0	15	36.4
A_NP	1257	15	A	0	0	15	33.4
A_NP	1258	15	T	0	0	15	37.1333333333333
A_NP	1259	15	T	0	0	15	40.6666666666667
A_NP	1260	15	T	0	0	15	41.2666666666667
A_NP	1261	15	G	0	0	15	41.1333333333333
A_NP	1262	15	A	0	0	15	40.2666666666667
A_NP	1263	15	A	0	0	15	41.8
A_NP	1264	15	A	0	0	15	40.1333333333333
A_NP	1265	15	A	0	0	15	41.8666666666667
A_NP	1266	15	G	0	0	15	42.0666666666667
A_NP	1267	15	T	0	0	15	40.6
A_NP	1268	14	C	1	0	14	38.5714285714286
A_NP	1269	15	A	0	0	14	38.5
A_NP	1270	15	A	0	0	15	37.1333333333333
A_NP	1271	15	C	0	0	15	39.7333333333333
A_NP	1272	15	C	0	0	15	38.8666666666667
A_NP	1273	15	A	0	0	15	38.6
A_NP	1274	15	T	0	0	15	37.6
A_NP	1275	15	C	0	0	15	37.6666666666667
A_NP	1276	15	A	0	0	15	38.4
A_NP	1277	15	T	0	0	15	37.8
A_NP	1278	15	G	0	0	15	37.1333333333333
A_NP	1279	15	G	0	0	15	39.0666666666667
A_NP	1280	15	C	0	0	15	39.4
A_NP	1281	15	A	0	0	15	40
A_NP	1282	15	G	0	0	15	39.5333333333333
A_NP	1283	15	C	0	0	15	40.8
A_NP	1284	15	A	0	0	15	41
A_NP	1285	15	T	0	0	15	41.8
A_NP	1286	15	T	0	0	15	42.2
A_NP	1287	15	C	0	0	15	40.3333333333333
A_NP	1288	15	A	0	0	15	41.2
A_NP	1289	15	C	0	0	15	41.6666666666667
A_NP	1290	15	T	0	0	15	41.6
A_NP	1291	15	G	0	0	15	40.8
A_NP	1292	15	G	0	0	15	40.9333333333333
A_NP	1293	15	A	0	0	15	41.6666666666667
A_NP	1294	15	A	0	0	15	43.4666666666667
A_NP	1295	15	A	0	0	15	43.3333333333333
A_NP	1296	15	T	0	0	15	43.8666666666667
A_NP	1297	15	A	0	0	15	39.4666666666667
A_NP	1298	15	C	0	0	15	39
A_NP	1299	15	T	0	0	15	37.6666666666667
A_NP	1300	15	G	0	0	15	36.7333333333333
A_NP	1301	15	A	0	0	15	36
A_NP	1302	15	A	0	0	15	37.2
A_NP	1303	15	G	0	0	15	38.1333333333333
A_NP	1304	15	G	0	0	15	40.0666666666667
A_NP	1305	15	A	0	0	15	38.6666666666667
A_NP	1306	15	A	0	0	15	40.8666666666667
A_NP	1307	15	G	0	0	15	37.5333333333333
A_NP	1308	15	A	0	0	15	38.6
A_NP	1309	15	A	0	0	15	38
A_NP	1310	15	C	0	0	15	33.5333333333333
A_NP	1311	15	T	0	0	15	33.3333333333333
A_NP	1312	15	T	0	0	15	34.4
A_NP	1313	15	C	0	0	15	34.6
A_NP	1314	15	A	0	0	14	32
A_NP	1315	15	G	0	0	15	33.4
A_NP	1316	15	A	0	0	15	32.2
A_NP	1317	15	C	0	0	15	34.2666666666667
A_NP	1318	15	A	0	0	15	35.2666666666667
A_NP	1319	15	T	0	0	15	36.0666666666667
A_NP	1320	15	G	0	0	15	36.7333333333333
A_NP	1321	15	A	0	0	15	36.7333333333333
A_NP	1322	15	G	0	0	15	35.5333333333333
A_NP	1323	15	G	0	0	15	36.2666666666667
A_NP	1324	15	G	0	0	15	37.1333333333333
A_NP	1325	15	C	0	0	15	36.6666666666667
A_NP	1326	15	A	0	0	15	38.8
A_NP	1327	15	G	0	0	15	39.1333333333333
A_NP	1328	15	A	0	0	15	40.2666666666667
A_NP	1329	15	A	0	0	15	39.5333333333333
A_NP	1330	15	A	0	0	15	40
A_NP	1331	15	T	0	0	15	40.2
A_NP	1332	15	T	0	0	15	39.8
A_NP	1333	15	A	0	0	15	37.8666666666667
A_NP	1334	15	T	0	0	15	38.4666666666667
A_NP	1335	15	A	0	0	15	38.0666666666667
A_NP	1336	15	A	0	0	15	38.6666666666667
A_NP	1337	15	G	0	0	15	39.3333333333333
A_NP	1338	15	G	0	0	15	39.2666666666667
A_NP	1339	15	A	0	0	15	38.8666666666667
A_NP	1340	15	T	0	0	15	39.4666666666667
A_NP	1341	15	G	0	0	15	39.0666666666667
A_NP	1342	15	A	0	0	15	38.6
A_NP	1343	15	T	0	0	15	37.6
A_NP	1344	15	G	0	0	15	37.3333333333333
A_NP	1345	15	G	0	0	15	38
A_NP	1346	15	A	0	0	15	38.2666666666667
A_NP	1347	15	A	0	0	15	37.2666666666667
A_NP	1348	15	G	0	0	15	37.6
A_NP	1349	15	G	0	0	15	35
A_NP	1350	15	T	0	0	15	33.6666666666667
A_NP	1351	15	G	0	0	15	29.7333333333333
A_NP	1352	15	C	0	0	15	29.8666666666667
A_NP	1353	15	A	0	0	14	29.5714285714286
A_NP	1354	15	A	0	0	15	28.3333333333333
A_NP	1355	15	A	0	0	15	29.7333333333333
A_NP	1356	15	A	0	0	15	30.3333333333333
A_NP	1357	15	C	0	0	15	30.2666666666667
A_NP	1358	15	C	0	0	15	34.2
A_NP	1359	15	A	0	0	15	34
A_NP	1360	15	G	0	0	15	31.9333333333333
A_NP	1361	15	A	0	0	15	33.7333333333333
A_NP	1362	15	A	0	0	15	33.9333333333333
A_NP	1363	15	G	0	0	15	31.6666666666667
A_NP	1364	15	A	0	0	15	31.7333333333333
A_NP	1365	15	A	0	0	15	32.3333333333333
A_NP	1366	15	G	0	0	15	33.0666666666667
A_NP	1367	15	T	0	0	15	32.8
A_NP	1368	15	G	0	0	15	36
A_NP	1369	15	T	0	0	15	36.5333333333333
A_NP	1370	15	C	0	0	15	37
A_NP	1371	15	A	0	0	15	38.4666666666667
A_NP	1372	15	T	0	0	15	39.9333333333333
A_NP	1373	15	T	0	0	15	37.6666666666667
A_NP	1374	15	C	0	0	15	37.6
A_NP	1375	15	C	0	0	15	36.8
A_NP	1376	9	G	6	0	9	35.8888888888889
A_NP	1377	11	G	4	0	11	37.0909090909091
A_NP	1378	15	G	0	0	15	34.4
A_NP	1379	15	G	0	0	15	38.5333333333333
A_NP	1380	14	G	1	0	14	41.1428571428571
A_NP	1381	14	A	1	0	14	40.7142857142857
A_NP	1382	15	G	0	0	14	37.9285714285714
A_NP	1383	15	G	0	0	15	36.3333333333333
A_NP	1384	15	G	0	0	15	36
A_NP	1385	15	G	0	0	15	32.8
A_NP	1386	15	A	0	0	15	33
A_NP	1387	15	G	0	0	14	30.0714285714286
A_NP	1388	13	T	2	0	13	34.1538461538462
A_NP	1389	15	T	0	0	15	31.1333333333333
A_NP	1390	15	T	0	0	15	31.8
A_NP	1391	15	T	0	0	15	29.2
A_NP	1392	13	C	2	0	13	26.2307692307692
A_NP	1393	15	G	0	0	15	27.8
A_NP	1394	15	A	0	0	15	25.9333333333333
A_NP	1395	15	G	0	0	15	25
A_NP	1396	15	C	0	0	15	26.0666666666667
A_NP	1397	15	T	0	0	15	27.4
A_NP	1398	15	C	0	0	15	34.1333333333333
A_NP	1399	15	T	0	0	15	35.6
A_NP	1400	15	C	0	0	15	33.6
A_NP	1401	15	T	0	0	15	33.5333333333333
A_NP	1402	15	G	0	0	15	32.0666666666667
A_NP	1403	15	A	0	0	15	33.8666666666667
A_NP	1404	15	C	0	0	15	32.4666666666667
A_NP	1405	15	G	0	0	15	29.6666666666667
A_NP	1406	15	A	0	0	15	31.5333333333333
A_NP	1407	15	G	0	0	15	31.6666666666667
A_NP	1408	15	A	0	0	15	31.3333333333333
A_NP	1409	15	A	0	0	15	34
A_NP	1410	15	G	0	0	15	35.8
A_NP	1411	15	G	0	0	15	34.5333333333333
A_NP	1412	15	C	0	0	15	36
A_NP	1413	15	A	0	0	15	35.5333333333333
A_NP	1414	15	G	0	0	15	34.4
A_NP	1415	15	C	0	0	15	33.4666666666667
A_NP	1416	15	G	0	0	15	32.9333333333333
A_NP	1417	15	A	0	0	15	33.4666666666667
A_NP	1418	15	A	0	0	15	34.8
A_NP	1419	15	C	0	0	15	33.8666666666667
A_NP	1420	15	C	0	0	15	35.3333333333333
A_NP	1421	15	C	0	0	15	36.7333333333333
A_NP	1422	15	G	0	0	15	36.3333333333333
A_NP	1423	15	A	0	0	15	35.0666666666667
A_NP	1424	15	T	0	0	15	34.8666666666667
A_NP	1425	15	C	0	0	15	34.1333333333333
A_NP	1426	15	G	0	0	15	35.4666666666667
A_NP	1427	15	T	0	0	15	36
A_NP	1428	15	G	0	0	15	35.7333333333333
A_NP	1429	15	C	0	0	15	35.8666666666667
A_NP	1430	15	C	0	0	15	36.7333333333333
A_NP	1431	15	C	0	0	15	37.3333333333333
A_NP	1432	15	T	0	0	15	36.3333333333333
A_NP	1433	15	C	0	0	15	33.8
A_NP	1434	14	T	1	0	14	32.5
A_NP	1435	14	T	1	0	14	30.6428571428571
A_NP	1436	15	T	0	0	15	31.2666666666667
A_NP	1437	15	T	0	0	15	33.4666666666667
A_NP	1438	15	G	0	0	14	33.6428571428571
A_NP	1439	15	A	0	0	15	35.2
A_NP	1440	15	T	0	0	15	37.2666666666667
A_NP	1441	15	A	0	0	15	38.0666666666667
A_NP	1442	15	T	0	0	15	39.8
A_NP	1443	15	G	0	0	15	35.8666666666667
A_NP	1444	15	A	0	0	15	35.6666666666667
A_NP	1445	15	G	0	0	15	36.5333333333333
A_NP	1446	15	T	0	0	15	37.3333333333333
A_NP	1447	15	A	0	0	15	37.9333333333333
A_NP	1448	15	A	0	0	15	41.7333333333333
A_NP	1449	15	C	0	0	15	42.4666666666667
A_NP	1450	15	G	0	0	15	39.7333333333333
A_NP	1451	15	A	0	0	15	41.0666666666667
A_NP	1452	15	A	0	0	15	41.8666666666667
A_NP	1453	15	G	0	0	15	40.5333333333333
A_NP	1454	15	G	0	0	15	41.5333333333333
A_NP	1455	15	A	0	0	15	42.8666666666667
A_NP	1456	15	T	0	0	15	42.1333333333333
A_NP	1457	15	C	0	0	15	41.9333333333333
A_NP	1458	15	T	0	0	15	40.8666666666667
A_NP	1459	15	T	0	0	15	41.7333333333333
A_NP	1460	15	A	0	0	15	39.2666666666667
A_NP	1461	15	T	0	0	15	39.6
A_NP	1462	15	T	0	0	15	39.4666666666667
A_NP	1463	15	T	0	0	15	40.5333333333333
A_NP	1464	15	C	0	0	15	38.1333333333333
A_NP	1465	15	T	0	0	15	41.4
A_NP	1466	15	T	0	0	15	41.7333333333333
A_NP	1467	15	C	0	0	15	40.7333333333333
A_NP	1468	15	G	0	0	15	40.6
A_NP	1469	15	G	0	0	15	40.0666666666667
A_NP	1470	15	A	0	0	15	40.3333333333333
A_NP	1471	15	G	0	0	15	38.0666666666667
A_NP	1472	15	A	0	0	15	41.2
A_NP	1473	15	C	0	0	15	39.0666666666667
A_NP	1474	15	A	0	0	15	37.6
A_NP	1475	15	A	0	0	15	38.3333333333333
A_NP	1476	15	T	0	0	15	39.1333333333333
A_NP	1477	15	G	0	0	15	40.2
A_NP	1478	15	C	0	0	15	41.4
A_NP	1479	15	A	0	0	15	40.8
A_NP	1480	15	G	0	0	15	39
A_NP	1481	15	A	0	0	15	38.4666666666667
A_NP	1482	15	A	0	0	15	40.4
A_NP	1483	15	G	0	0	15	40.1333333333333
A_NP	1484	15	A	0	0	15	37.5333333333333
A_NP	1485	15	A	0	0	15	40.6
A_NP	1486	15	T	0	0	15	40
A_NP	1487	15	A	0	0	15	37.9333333333333
A_NP	1488	15	C	0	0	15	39.8
A_NP	1489	15	G	0	0	15	36.9333333333333
A_NP	1490	15	A	0	0	15	35.9333333333333
A_NP	1491	15	C	0	0	15	35.2
A_NP	1492	15	A	0	0	15	34.2
A_NP	1493	15	A	0	0	15	33.4666666666667
A_NP	1494	15	T	0	0	15	33
A_NP	1495	15	T	0	0	15	32.5333333333333
A_NP	1496	15	A	0	0	15	31.2
A_NP	1497	15	A	0	0	15	33.0666666666667
