Reference_Name	Position	Coverage Depth	Consensus	Deletions	Ambiguous	Consensus_Count	Consensus_Average_Quality
A_PA	1	24	A	0	0	24	37.8333333333333
A_PA	2	24	T	0	0	24	38.125
A_PA	3	24	G	0	0	24	37.0416666666667
A_PA	4	24	G	0	0	24	38.2083333333333
A_PA	5	24	A	0	0	24	38.4583333333333
A_PA	6	24	A	0	0	24	40.125
A_PA	7	24	G	0	0	24	39.875
A_PA	8	24	A	0	0	24	40.3333333333333
A_PA	9	24	T	0	0	24	38.9583333333333
A_PA	10	24	T	0	0	24	39.2083333333333
A_PA	11	24	T	0	0	24	39.9583333333333
A_PA	12	24	T	0	0	24	40.9166666666667
A_PA	13	24	G	0	0	24	40.5
A_PA	14	24	T	0	0	24	41.5416666666667
A_PA	15	24	G	0	0	24	40.5
A_PA	16	24	C	0	0	24	39.9166666666667
A_PA	17	24	G	0	0	24	38.0416666666667
A_PA	18	24	A	0	0	24	38.375
A_PA	19	24	C	0	0	24	37.625
A_PA	20	24	A	0	0	24	35.4583333333333
A_PA	21	24	A	0	0	24	36.7916666666667
A_PA	22	24	T	0	0	24	37.4166666666667
A_PA	23	24	G	0	0	24	36.2916666666667
A_PA	24	24	C	0	0	23	36.9565217391304
A_PA	25	24	T	0	0	22	38.2272727272727
A_PA	26	24	T	0	0	24	35.0833333333333
A_PA	27	24	C	0	0	24	35.8333333333333
A_PA	28	24	A	0	0	24	35.9583333333333
A_PA	29	24	A	0	0	24	35.5833333333333
A_PA	30	24	C	0	0	24	36.8333333333333
A_PA	31	24	C	0	0	24	37
A_PA	32	24	C	0	0	24	36.875
A_PA	33	24	G	0	0	24	37
A_PA	34	24	A	0	0	24	34.3333333333333
A_PA	35	24	T	0	0	24	34.3333333333333
A_PA	36	24	G	0	0	24	33.75
A_PA	37	24	A	0	0	24	34.7083333333333
A_PA	38	24	T	0	0	24	37.4583333333333
A_PA	39	24	T	0	0	24	38.125
A_PA	40	24	G	0	0	24	37.6666666666667
A_PA	41	24	T	0	0	24	37.8333333333333
A_PA	42	24	C	0	0	24	36.9166666666667
A_PA	43	24	G	0	0	24	33.8333333333333
A_PA	44	24	A	0	0	24	35
A_PA	45	24	A	0	0	24	34.0833333333333
A_PA	46	24	C	0	0	24	33.5833333333333
A_PA	47	24	T	0	0	24	34.0833333333333
A_PA	48	24	T	0	0	24	36.5
A_PA	49	24	G	0	0	24	36.0833333333333
A_PA	50	24	C	0	0	24	36.25
A_PA	51	24	A	0	0	24	36.6666666666667
A_PA	52	24	G	0	0	24	37.25
A_PA	53	24	A	0	0	24	36.9583333333333
A_PA	54	24	A	0	0	24	38.7083333333333
A_PA	55	24	A	0	0	24	38.3333333333333
A_PA	56	24	A	0	0	24	41.0833333333333
A_PA	57	24	A	0	0	24	41
A_PA	58	24	G	0	0	24	40.75
A_PA	59	24	C	0	0	24	40.375
A_PA	60	24	A	0	0	24	39.0833333333333
A_PA	61	24	A	0	0	24	39.6666666666667
A_PA	62	24	T	0	0	24	39.75
A_PA	63	24	G	0	0	24	39.3333333333333
A_PA	64	24	A	0	0	24	40.5416666666667
A_PA	65	24	A	0	0	24	41.9166666666667
A_PA	66	24	A	0	0	24	42.9166666666667
A_PA	67	24	G	0	0	24	41.5
A_PA	68	24	A	0	0	24	43.375
A_PA	69	24	G	0	0	23	41.1304347826087
A_PA	70	24	T	0	0	24	42.75
A_PA	71	24	A	0	0	24	39.8333333333333
A_PA	72	24	T	0	0	24	39.125
A_PA	73	23	G	1	0	23	38.304347826087
A_PA	74	23	G	1	0	23	38.3913043478261
A_PA	75	24	G	0	0	24	37.125
A_PA	76	24	G	0	0	23	38.304347826087
A_PA	77	24	A	0	0	24	39.3333333333333
A_PA	78	24	G	0	0	24	38.8333333333333
A_PA	79	24	G	0	0	24	37.875
A_PA	80	24	A	0	0	24	38.4166666666667
A_PA	81	24	T	0	0	24	37.4166666666667
A_PA	82	24	C	0	0	24	35.5416666666667
A_PA	83	24	T	0	0	24	35.5833333333333
A_PA	84	24	G	0	0	24	34.2083333333333
A_PA	85	23	A	1	0	23	33.8695652173913
A_PA	86	23	A	1	0	23	33.695652173913
A_PA	87	24	A	0	0	24	36.4583333333333
A_PA	88	24	A	0	0	24	35.7916666666667
A_PA	89	24	T	0	0	24	37.375
A_PA	90	24	T	0	0	23	36.7826086956522
A_PA	91	24	G	0	0	23	35.3913043478261
A_PA	92	24	A	0	0	24	35.7916666666667
A_PA	93	24	A	0	0	24	37.0416666666667
A_PA	94	24	A	0	0	24	37.0416666666667
A_PA	95	24	C	0	0	24	35.8333333333333
A_PA	96	24	C	0	0	23	35.7826086956522
A_PA	97	24	A	0	0	24	34.75
A_PA	98	24	A	0	0	24	35.625
A_PA	99	24	C	0	0	24	34.8333333333333
A_PA	100	24	A	0	0	23	33.8695652173913
A_PA	101	24	A	0	0	24	33.875
A_PA	102	24	A	0	0	24	33.5833333333333
A_PA	103	24	T	0	0	24	34.75
A_PA	104	24	T	0	0	24	34.5
A_PA	105	24	T	0	0	24	39.375
A_PA	106	24	G	0	0	24	36.5
A_PA	107	24	C	0	0	24	35.875
A_PA	108	24	A	0	0	24	36.4166666666667
A_PA	109	24	G	0	0	24	35.75
A_PA	110	24	C	0	0	24	35.6666666666667
A_PA	111	24	A	0	0	24	37.75
A_PA	112	25	A	0	0	25	36.52
A_PA	113	25	T	0	0	24	37.0833333333333
A_PA	114	25	A	0	0	25	37.32
A_PA	115	25	T	0	0	25	36.36
A_PA	116	25	G	0	0	25	36
A_PA	117	25	C	0	0	25	35.52
A_PA	118	25	A	0	0	25	34.68
A_PA	119	25	C	0	0	25	35.04
A_PA	120	25	T	0	0	25	34.44
A_PA	121	25	C	0	0	25	34.16
A_PA	122	25	A	0	0	25	34.16
A_PA	123	25	C	0	0	25	34.76
A_PA	124	24	T	1	0	24	37.0416666666667
A_PA	125	25	T	0	0	25	35.8
A_PA	126	25	G	0	0	25	36.64
A_PA	127	25	G	0	0	25	36.6
A_PA	128	25	A	0	0	25	37.04
A_PA	129	24	G	0	0	23	38.5217391304348
A_PA	130	24	G	0	0	24	36.2083333333333
A_PA	131	24	T	0	0	24	35.7916666666667
A_PA	132	24	G	0	0	24	35.125
A_PA	133	23	T	1	0	23	36.304347826087
A_PA	134	23	G	1	0	23	37.6521739130435
A_PA	135	23	T	1	0	23	38.8260869565217
A_PA	136	24	T	0	0	24	36.8333333333333
A_PA	137	24	T	0	0	24	37.5
A_PA	138	24	C	0	0	24	35.1666666666667
A_PA	139	24	A	0	0	24	35.7083333333333
A_PA	140	23	T	1	0	23	37.2608695652174
A_PA	141	23	G	1	0	23	37.0869565217391
A_PA	142	24	T	0	0	24	35.7083333333333
A_PA	143	24	A	0	0	23	37.695652173913
A_PA	144	23	T	1	0	23	37.0869565217391
A_PA	145	24	T	0	0	24	37.5
A_PA	146	24	C	0	0	23	35.3478260869565
A_PA	147	24	A	0	0	24	36.25
A_PA	148	23	G	1	0	23	36.6521739130435
A_PA	149	24	A	0	0	24	35.6666666666667
A_PA	150	24	T	0	0	24	37.1666666666667
A_PA	151	24	T	0	0	24	37.1666666666667
A_PA	152	24	T	0	0	24	37.6666666666667
A_PA	153	24	C	0	0	24	37.5833333333333
A_PA	154	24	C	0	0	24	40.4583333333333
A_PA	155	24	A	0	0	24	38.5833333333333
A_PA	156	24	T	0	0	24	37.875
A_PA	157	24	T	0	0	24	39.375
A_PA	158	24	T	0	0	24	39.3333333333333
A_PA	159	24	C	0	0	24	38.4166666666667
A_PA	160	24	A	0	0	24	38.1666666666667
A_PA	161	24	T	0	0	24	39.7083333333333
A_PA	162	24	C	0	0	24	38.8333333333333
A_PA	163	24	A	0	0	24	39.375
A_PA	164	24	A	0	0	24	38.875
A_PA	165	24	T	0	0	24	40.0416666666667
A_PA	166	24	G	0	0	24	38.9583333333333
A_PA	167	24	A	0	0	24	39.0416666666667
A_PA	168	24	A	0	0	24	40.625
A_PA	169	24	C	0	0	24	40.375
A_PA	170	24	A	0	0	24	41.2916666666667
A_PA	171	24	A	0	0	24	41.5
A_PA	172	24	G	0	0	24	42.7916666666667
A_PA	173	24	G	0	0	24	39.9583333333333
A_PA	174	24	C	0	0	24	39.0833333333333
A_PA	175	24	G	0	0	23	37.695652173913
A_PA	176	24	A	0	0	24	37.3333333333333
A_PA	177	24	A	0	0	24	38.1666666666667
A_PA	178	24	T	0	0	24	39.6666666666667
A_PA	179	24	C	0	0	24	37.7916666666667
A_PA	180	24	A	0	0	24	39.2083333333333
A_PA	181	24	A	0	0	24	38
A_PA	182	24	T	0	0	24	38.0833333333333
A_PA	183	23	A	1	0	22	37.1818181818182
A_PA	184	23	G	1	0	23	36.2608695652174
A_PA	185	23	T	1	0	23	37.5217391304348
A_PA	186	23	A	1	0	22	39.4090909090909
A_PA	187	23	G	1	0	23	37.8260869565217
A_PA	188	23	T	1	0	23	37.8695652173913
A_PA	189	23	A	1	0	22	37.7727272727273
A_PA	190	22	G	2	0	22	36.3636363636364
A_PA	191	23	A	1	0	23	36
A_PA	192	23	A	1	0	23	34.1739130434783
A_PA	193	23	C	1	0	23	33.4347826086956
A_PA	194	23	T	1	0	23	34.0434782608696
A_PA	195	23	T	1	0	22	36.6818181818182
A_PA	196	23	G	1	0	22	34.7727272727273
A_PA	197	23	A	1	0	23	34.1739130434783
A_PA	198	23	C	1	0	23	34.2173913043478
A_PA	199	23	G	1	0	22	36.5
A_PA	200	23	A	1	0	23	35.4347826086956
A_PA	201	23	T	1	0	23	35.0434782608696
A_PA	202	23	C	1	0	23	34.2608695652174
A_PA	203	23	C	1	0	23	36.7391304347826
A_PA	204	23	A	1	0	23	37.4347826086956
A_PA	205	23	A	1	0	23	40.2608695652174
A_PA	206	23	A	1	0	23	39.7826086956522
A_PA	207	23	T	1	0	23	41.0434782608696
A_PA	208	23	G	1	0	23	41.3478260869565
A_PA	209	23	C	1	0	23	41.5652173913044
A_PA	210	23	A	1	0	23	40.1739130434783
A_PA	211	23	C	1	0	23	39.6521739130435
A_PA	212	23	T	1	0	23	38.4782608695652
A_PA	213	23	G	1	0	23	36.695652173913
A_PA	214	23	T	1	0	23	37
A_PA	215	23	T	1	0	23	36.7391304347826
A_PA	216	23	A	1	0	23	38.6086956521739
A_PA	217	23	A	1	0	23	38.3913043478261
A_PA	218	23	A	1	0	23	40.3478260869565
A_PA	219	23	A	1	0	23	39.8260869565217
A_PA	220	23	C	1	0	23	39
A_PA	221	23	A	1	0	23	42.0434782608696
A_PA	222	23	C	1	0	23	40.9130434782609
A_PA	223	23	A	1	0	23	40.2608695652174
A_PA	224	23	G	1	0	23	41.7826086956522
A_PA	225	23	A	1	0	23	39.8260869565217
A_PA	226	23	T	1	0	23	39.7826086956522
A_PA	227	23	T	1	0	23	40.6086956521739
A_PA	228	23	T	1	0	23	42.0869565217391
A_PA	229	23	G	1	0	23	39.304347826087
A_PA	230	23	A	1	0	23	40.7826086956522
A_PA	231	23	A	1	0	22	40
A_PA	232	23	A	1	0	23	41.5652173913044
A_PA	233	23	T	1	0	23	42.5217391304348
A_PA	234	23	A	1	0	22	41.2727272727273
A_PA	235	23	A	1	0	23	41.0434782608696
A_PA	236	22	T	2	0	22	38.9090909090909
A_PA	237	22	C	2	0	21	37.7619047619048
A_PA	238	22	G	2	0	22	34.9090909090909
A_PA	239	22	A	2	0	22	33.5909090909091
A_PA	240	22	G	2	0	22	33.9545454545455
A_PA	241	24	G	0	0	24	36.0416666666667
A_PA	242	23	G	0	0	23	37.695652173913
A_PA	243	23	G	0	0	23	37.8260869565217
A_PA	244	23	A	0	0	23	36.9130434782609
A_PA	245	23	G	0	0	23	37.9130434782609
A_PA	246	23	A	0	0	23	36.9565217391304
A_PA	247	23	G	0	0	22	37
A_PA	248	23	A	0	0	23	37.9565217391304
A_PA	249	23	C	0	0	23	37.4347826086956
A_PA	250	23	A	0	0	23	36.1739130434783
A_PA	251	23	G	0	0	22	35.4090909090909
A_PA	252	23	A	0	0	23	37.304347826087
A_PA	253	23	A	0	0	23	36.6086956521739
A_PA	254	23	C	0	0	23	38.3913043478261
A_PA	255	23	A	0	0	23	38.2608695652174
A_PA	256	23	A	0	0	23	39.4782608695652
A_PA	257	23	T	0	0	23	38.8695652173913
A_PA	258	23	G	0	0	22	39.5
A_PA	259	23	G	0	0	23	39.0434782608696
A_PA	260	23	C	0	0	23	40.9130434782609
A_PA	261	23	C	0	0	23	39.1304347826087
A_PA	262	23	T	0	0	22	40.5
A_PA	263	23	G	0	0	23	39.5217391304348
A_PA	264	23	G	0	0	23	40.7391304347826
A_PA	265	23	A	0	0	23	40.7826086956522
A_PA	266	23	C	0	0	23	41.2173913043478
A_PA	267	23	A	0	0	23	41.3913043478261
A_PA	268	23	G	0	0	23	39.6521739130435
A_PA	269	23	T	0	0	23	38.2173913043478
A_PA	270	23	A	0	0	23	38.1304347826087
A_PA	271	23	G	0	0	23	38.1739130434783
A_PA	272	23	T	0	0	23	37.6521739130435
A_PA	273	23	A	0	0	23	37.2608695652174
A_PA	274	23	A	0	0	23	38.0434782608696
A_PA	275	23	A	0	0	23	38.9130434782609
A_PA	276	23	C	0	0	23	39.6521739130435
A_PA	277	23	A	0	0	23	39.3913043478261
A_PA	278	23	G	0	0	23	38.1739130434783
A_PA	279	23	T	0	0	23	40.8260869565217
A_PA	280	23	A	0	0	23	38.3478260869565
A_PA	281	23	T	0	0	23	39.304347826087
A_PA	282	23	C	0	0	23	38.9130434782609
A_PA	283	23	T	0	0	23	39.6086956521739
A_PA	284	23	G	0	0	23	37.3913043478261
A_PA	285	23	C	0	0	22	37.4090909090909
A_PA	286	23	A	0	0	23	36.2173913043478
A_PA	287	23	A	0	0	23	37.2173913043478
A_PA	288	23	C	0	0	23	37.7391304347826
A_PA	289	23	A	0	0	23	36.9565217391304
A_PA	290	23	C	0	0	23	38
A_PA	291	23	T	0	0	23	38.5217391304348
A_PA	292	23	A	0	0	22	38.9090909090909
A_PA	293	23	C	0	0	23	37.6521739130435
A_PA	294	23	T	0	0	23	37.6086956521739
A_PA	295	22	G	1	0	22	38.0909090909091
A_PA	296	23	G	0	0	23	38.3478260869565
A_PA	297	23	A	0	0	23	37.2173913043478
A_PA	298	23	G	0	0	23	37
A_PA	299	23	C	0	0	23	37.0869565217391
A_PA	300	23	T	0	0	23	35.6086956521739
A_PA	301	23	G	0	0	23	36.4347826086956
A_PA	302	23	A	0	0	23	35.695652173913
A_PA	303	23	A	0	0	23	37.3478260869565
A_PA	304	23	A	0	0	23	36.5217391304348
A_PA	305	23	A	0	0	23	37.3913043478261
A_PA	306	23	A	0	0	23	38.6086956521739
A_PA	307	23	C	0	0	23	39.7826086956522
A_PA	308	23	C	0	0	23	38.1739130434783
A_PA	309	23	G	0	0	23	36.9130434782609
A_PA	310	23	A	0	0	23	36.5652173913044
A_PA	311	23	A	0	0	23	36.0434782608696
A_PA	312	23	G	0	0	23	38.0869565217391
A_PA	313	23	T	0	0	23	39.6521739130435
A_PA	314	23	T	0	0	23	40.2608695652174
A_PA	315	23	T	0	0	23	40.9565217391304
A_PA	316	23	T	0	0	23	42.2608695652174
A_PA	317	22	T	1	0	22	40.7272727272727
A_PA	318	22	G	1	0	21	39.8095238095238
A_PA	319	20	C	1	0	20	36.55
A_PA	320	20	C	1	0	19	39.0526315789474
A_PA	321	20	G	1	0	20	36.35
A_PA	322	20	G	1	0	20	35.8
A_PA	323	20	A	1	0	20	38.05
A_PA	324	20	T	1	0	20	37.8
A_PA	325	20	T	1	0	20	36.75
A_PA	326	20	T	1	0	20	37.85
A_PA	327	20	G	1	0	20	36.45
A_PA	328	20	T	1	0	20	36.6
A_PA	329	20	A	1	0	20	37.3
A_PA	330	21	T	0	0	21	38.3809523809524
A_PA	331	21	G	0	0	21	36.9523809523809
A_PA	332	21	A	0	0	21	36.4285714285714
A_PA	333	21	T	0	0	21	37.0476190476191
A_PA	334	21	T	0	0	21	36.7619047619048
A_PA	335	21	A	0	0	21	36
A_PA	336	21	C	0	0	21	34.1904761904762
A_PA	337	21	A	0	0	21	34.5714285714286
A_PA	338	21	A	0	0	21	34.9523809523809
A_PA	339	21	A	0	0	21	34.7142857142857
A_PA	340	21	G	0	0	21	34.3333333333333
A_PA	341	21	A	0	0	21	36.0476190476191
A_PA	342	21	G	0	0	21	35.6190476190476
A_PA	343	20	A	1	0	20	35.6
A_PA	344	21	A	0	0	21	36.9523809523809
A_PA	345	21	C	0	0	21	37.7619047619048
A_PA	346	21	A	0	0	21	38.3333333333333
A_PA	347	21	G	0	0	21	38.1904761904762
A_PA	348	21	A	0	0	21	40.1428571428571
A_PA	349	21	T	0	0	21	40.2380952380952
A_PA	350	21	T	0	0	21	38.2380952380952
A_PA	351	21	C	0	0	20	36.8
A_PA	352	21	A	0	0	21	37.2857142857143
A_PA	353	21	T	0	0	21	38.8571428571429
A_PA	354	21	C	0	0	20	37.85
A_PA	355	21	G	0	0	21	39.8571428571429
A_PA	356	21	A	0	0	21	39.7619047619048
A_PA	357	21	A	0	0	21	40.6666666666667
A_PA	358	21	A	0	0	21	41.8571428571429
A_PA	359	21	T	0	0	21	40.7619047619048
A_PA	360	21	T	0	0	21	41.0476190476191
A_PA	361	21	G	0	0	21	40.8095238095238
A_PA	362	21	G	0	0	21	40.9523809523809
A_PA	363	21	A	0	0	21	41.5238095238095
A_PA	364	21	G	0	0	21	42
A_PA	365	21	T	0	0	21	42.5714285714286
A_PA	366	21	G	0	0	21	41.3809523809524
A_PA	367	21	A	0	0	21	42.3333333333333
A_PA	368	21	C	0	0	21	40.7619047619048
A_PA	369	21	A	0	0	21	40.8095238095238
A_PA	370	21	A	0	0	21	40.6666666666667
A_PA	371	21	G	0	0	21	39.7619047619048
A_PA	372	21	G	0	0	21	39.5238095238095
A_PA	373	21	A	0	0	21	39.1428571428571
A_PA	374	21	G	0	0	21	37.3809523809524
A_PA	375	21	A	0	0	21	38.6190476190476
A_PA	376	21	G	0	0	21	37.2857142857143
A_PA	377	21	A	0	0	21	38.6666666666667
A_PA	378	21	A	0	0	21	37.8571428571429
A_PA	379	21	G	0	0	21	37.2857142857143
A_PA	380	21	T	0	0	21	37.3333333333333
A_PA	381	21	C	0	0	21	37.3333333333333
A_PA	382	21	C	0	0	21	35.5714285714286
A_PA	383	21	A	0	0	21	35.0476190476191
A_PA	384	21	C	0	0	21	36.4285714285714
A_PA	385	21	A	0	0	21	38.7142857142857
A_PA	386	21	T	0	0	21	41.1428571428571
A_PA	387	21	A	0	0	21	40.5238095238095
A_PA	388	21	T	0	0	21	40.0952380952381
A_PA	389	21	A	0	0	21	39.8095238095238
A_PA	390	21	T	0	0	21	38.4761904761905
A_PA	391	21	T	0	0	21	40.5238095238095
A_PA	392	20	A	0	0	20	40.9
A_PA	393	20	C	0	0	20	42.2
A_PA	394	20	C	0	0	20	42.4
A_PA	395	20	T	0	0	20	40.95
A_PA	396	20	T	0	0	20	41.25
A_PA	397	19	G	0	0	19	38.3684210526316
A_PA	398	19	A	0	0	19	39.2105263157895
A_PA	399	19	A	0	0	19	38.8947368421053
A_PA	400	19	A	0	0	19	40.1052631578947
A_PA	401	19	A	0	0	19	40.8421052631579
A_PA	402	19	G	0	0	19	41.7368421052632
A_PA	403	19	G	0	0	19	42
A_PA	404	19	C	0	0	19	41.7368421052632
A_PA	405	19	C	0	0	19	39.1578947368421
A_PA	406	19	A	0	0	19	34.6315789473684
A_PA	407	19	A	0	0	19	34.1578947368421
A_PA	408	19	T	0	0	19	33.6842105263158
A_PA	409	15	A	0	0	15	32.6
A_PA	410	15	A	0	0	15	35.4
A_PA	411	15	A	0	0	9	31.7777777777778
A_PA	412	7	A	0	0	7	41.4285714285714
A_PA	413	6	T	0	0	6	40.5
A_PA	414	6	T	0	0	6	41
A_PA	415	6	A	0	0	6	40.1666666666667
A_PA	416	6	A	0	0	6	39
A_PA	417	6	A	0	0	6	33.1666666666667
A_PA	418	6	T	0	0	6	36.1666666666667
A_PA	419	6	C	0	0	6	31.6666666666667
A_PA	420	6	T	0	0	6	33.5
A_PA	421	6	G	0	0	6	34.5
A_PA	422	6	A	0	0	6	38.3333333333333
A_PA	423	6	G	0	0	6	40.5
A_PA	424	6	A	0	0	6	41.5
A_PA	425	6	A	0	0	6	42.6666666666667
A_PA	426	6	A	0	0	6	40.5
A_PA	427	6	A	0	0	6	45
A_PA	428	6	C	0	0	6	43.1666666666667
A_PA	429	6	A	0	0	6	37.5
A_PA	430	6	C	0	0	6	39.6666666666667
A_PA	431	6	A	0	0	6	40.6666666666667
A_PA	432	6	C	0	0	6	40.3333333333333
A_PA	433	6	A	0	0	6	42.8333333333333
A_PA	434	6	T	0	0	6	44.5
A_PA	435	6	T	0	0	6	43.3333333333333
A_PA	436	6	C	0	0	6	40.6666666666667
A_PA	437	6	A	0	0	6	41.5
A_PA	438	6	C	0	0	6	41.8333333333333
A_PA	439	6	A	0	0	6	42.6666666666667
A_PA	440	6	T	0	0	6	43.3333333333333
A_PA	441	6	T	0	0	6	43
A_PA	442	6	T	0	0	6	46.1666666666667
A_PA	443	6	T	0	0	6	44.1666666666667
A_PA	444	6	T	0	0	6	44
A_PA	445	6	T	0	0	6	43.1666666666667
A_PA	446	6	C	0	0	5	40.6
A_PA	447	6	A	0	0	6	37.3333333333333
A_PA	448	6	T	0	0	6	36.3333333333333
A_PA	449	6	T	0	0	6	37.3333333333333
A_PA	450	6	C	0	0	6	35.5
A_PA	451	6	A	0	0	6	37
A_PA	452	6	C	0	0	6	37
A_PA	453	6	T	0	0	6	39.1666666666667
A_PA	454	6	G	0	0	6	36
A_PA	455	6	G	0	0	6	38.3333333333333
A_PA	456	6	G	0	0	6	41.3333333333333
A_PA	457	6	G	0	0	6	40.3333333333333
A_PA	458	6	A	0	0	6	44.3333333333333
A_PA	459	6	G	0	0	6	44.1666666666667
A_PA	460	6	G	0	0	6	43.6666666666667
A_PA	461	6	A	0	0	6	46.8333333333333
A_PA	462	6	A	0	0	6	44
A_PA	463	6	A	0	0	6	47
A_PA	464	6	T	0	0	6	43.3333333333333
A_PA	465	6	G	0	0	6	43.6666666666667
A_PA	466	6	G	0	0	6	42
A_PA	467	6	C	0	0	6	42
A_PA	468	6	C	0	0	6	40.6666666666667
A_PA	469	6	A	0	0	6	43.5
A_PA	470	6	C	0	0	6	44
A_PA	471	6	A	0	0	6	43.1666666666667
A_PA	472	6	A	0	0	6	41.8333333333333
A_PA	473	6	G	0	0	6	42.6666666666667
A_PA	474	6	G	0	0	6	43.1666666666667
A_PA	475	6	G	0	0	6	40.8333333333333
A_PA	476	6	C	0	0	6	41.1666666666667
A_PA	477	6	A	0	0	6	43.1666666666667
A_PA	478	6	G	0	0	6	41.8333333333333
A_PA	479	6	A	0	0	6	40.8333333333333
A_PA	480	6	C	0	0	6	38.1666666666667
A_PA	481	6	T	0	0	6	39.6666666666667
A_PA	482	6	A	0	0	6	36.3333333333333
A_PA	483	6	C	0	0	6	31.8333333333333
A_PA	484	6	A	0	0	6	33.1666666666667
A_PA	485	6	C	0	0	6	32.6666666666667
A_PA	486	6	T	0	0	6	30
A_PA	487	6	C	0	0	6	30.3333333333333
A_PA	488	6	T	0	0	6	32.5
A_PA	489	6	C	0	0	6	35.1666666666667
A_PA	490	6	G	0	0	6	35.1666666666667
A_PA	491	6	A	0	0	6	35.5
A_PA	492	6	T	0	0	6	36.6666666666667
A_PA	493	6	G	0	0	6	35.3333333333333
A_PA	494	6	A	0	0	6	36.6666666666667
A_PA	495	6	G	0	0	6	37.8333333333333
A_PA	496	6	G	0	0	6	38.6666666666667
A_PA	497	6	A	0	0	6	37.6666666666667
A_PA	498	6	G	0	0	6	42
A_PA	499	6	A	0	0	6	42
A_PA	500	6	G	0	0	6	39.6666666666667
A_PA	501	6	C	0	0	6	46
A_PA	502	6	A	0	0	6	47
A_PA	503	6	G	0	0	6	44.3333333333333
A_PA	504	6	G	0	0	6	46
A_PA	505	6	G	0	0	6	41.6666666666667
A_PA	506	6	C	0	0	6	44.6666666666667
A_PA	507	6	T	0	0	6	42.1666666666667
A_PA	508	6	A	0	0	6	43
A_PA	509	6	G	0	0	6	39
A_PA	510	6	G	0	0	6	39.8333333333333
A_PA	511	6	A	0	0	6	38.1666666666667
A_PA	512	6	T	0	0	6	40.6666666666667
A_PA	513	6	C	0	0	6	42.6666666666667
A_PA	514	6	A	0	0	6	43.1666666666667
A_PA	515	6	A	0	0	6	41.5
A_PA	516	6	A	0	0	6	41.5
A_PA	517	6	A	0	0	6	41.5
A_PA	518	6	C	0	0	6	40.5
A_PA	519	7	C	0	0	7	44
A_PA	520	7	A	0	0	7	41.1428571428571
A_PA	521	7	G	0	0	7	40.4285714285714
A_PA	522	7	G	0	0	7	37
A_PA	523	7	C	0	0	7	35.8571428571429
A_PA	524	7	T	0	0	7	35.7142857142857
A_PA	525	7	G	0	0	7	37.1428571428571
A_PA	526	7	T	0	0	7	37.7142857142857
A_PA	527	7	T	0	0	7	38.5714285714286
A_PA	528	7	T	0	0	7	38.5714285714286
A_PA	529	7	A	0	0	7	40
A_PA	530	7	C	0	0	7	39.8571428571429
A_PA	531	7	C	0	0	7	41.2857142857143
A_PA	532	7	A	0	0	7	40.4285714285714
A_PA	533	7	T	0	0	7	40.8571428571429
A_PA	534	7	A	0	0	7	41
A_PA	535	7	A	0	0	7	41
A_PA	536	7	G	0	0	7	40.1428571428571
A_PA	537	7	A	0	0	7	40.4285714285714
A_PA	538	7	C	0	0	7	41
A_PA	539	7	A	0	0	7	39.7142857142857
A_PA	540	7	A	0	0	7	43.5714285714286
A_PA	541	7	G	0	0	7	41.4285714285714
A_PA	542	7	A	0	0	7	43.5714285714286
A_PA	543	7	A	0	0	7	42.4285714285714
A_PA	544	7	A	0	0	7	43
A_PA	545	7	T	0	0	7	40.7142857142857
A_PA	546	7	G	0	0	7	39.4285714285714
A_PA	547	7	G	0	0	7	39.7142857142857
A_PA	548	7	C	0	0	7	38.4285714285714
A_PA	549	7	C	0	0	7	42.8571428571429
A_PA	550	7	A	0	0	7	42.8571428571429
A_PA	551	7	A	0	0	7	41.1428571428571
A_PA	552	7	C	0	0	7	43.4285714285714
A_PA	553	7	A	0	0	7	41.2857142857143
A_PA	554	7	G	0	0	7	40.7142857142857
A_PA	555	7	A	0	0	7	43.8571428571429
A_PA	556	7	G	0	0	7	44.8571428571429
A_PA	557	7	G	0	0	7	45.7142857142857
A_PA	558	7	C	0	0	7	44.7142857142857
A_PA	559	7	C	0	0	7	43.8571428571429
A_PA	560	7	T	0	0	7	42.2857142857143
A_PA	561	7	C	0	0	7	43.7142857142857
A_PA	562	7	T	0	0	6	41
A_PA	563	7	G	0	0	7	42.1428571428571
A_PA	564	7	G	0	0	7	46.2857142857143
A_PA	565	7	G	0	0	7	40.8571428571429
A_PA	566	7	A	0	0	7	39.8571428571429
A_PA	567	7	T	0	0	7	41
A_PA	568	7	T	0	0	7	41.7142857142857
A_PA	569	7	C	0	0	7	41.4285714285714
A_PA	570	7	C	0	0	7	43.1428571428571
A_PA	571	7	T	0	0	7	47
A_PA	572	7	T	0	0	7	45
A_PA	573	7	T	0	0	7	45
A_PA	574	7	C	0	0	7	43.7142857142857
A_PA	575	7	G	0	0	7	42.7142857142857
A_PA	576	7	T	0	0	7	45
A_PA	577	7	C	0	0	7	41.7142857142857
A_PA	578	7	A	0	0	7	41
A_PA	579	7	G	0	0	7	40
A_PA	580	7	T	0	0	7	38.8571428571429
A_PA	581	7	C	0	0	7	40.2857142857143
A_PA	582	7	C	0	0	7	40.8571428571429
A_PA	583	7	G	0	0	7	43.4285714285714
A_PA	584	7	A	0	0	7	36.8571428571429
A_PA	585	7	A	0	0	7	39.1428571428571
A_PA	586	7	A	0	0	7	38.1428571428571
A_PA	587	7	G	0	0	7	38
A_PA	588	7	A	0	0	7	38.4285714285714
A_PA	589	7	G	0	0	7	37.7142857142857
A_PA	590	7	G	0	0	7	38.1428571428571
A_PA	591	7	C	0	0	7	40.1428571428571
A_PA	592	7	G	0	0	7	39.5714285714286
A_PA	593	7	A	0	0	7	40.1428571428571
A_PA	594	7	A	0	0	7	37.2857142857143
A_PA	595	7	G	0	0	7	37.4285714285714
A_PA	596	7	A	0	0	7	38.8571428571429
A_PA	597	7	A	0	0	7	39.8571428571429
A_PA	598	7	A	0	0	7	39.2857142857143
A_PA	599	7	C	0	0	7	43
A_PA	600	7	A	0	0	7	36.7142857142857
A_PA	601	7	A	0	0	7	36.5714285714286
A_PA	602	7	T	0	0	7	36.4285714285714
A_PA	603	7	T	0	0	7	37.4285714285714
A_PA	604	7	G	0	0	7	36.1428571428571
A_PA	605	7	A	0	0	7	40.1428571428571
A_PA	606	7	A	0	0	7	41.2857142857143
A_PA	607	7	G	0	0	7	40.7142857142857
A_PA	608	7	A	0	0	7	38.8571428571429
A_PA	609	7	A	0	0	7	40.8571428571429
A_PA	610	7	A	0	0	7	40.8571428571429
A_PA	611	7	A	0	0	7	40.2857142857143
A_PA	612	7	A	0	0	7	38
A_PA	613	7	T	0	0	7	36.7142857142857
A_PA	614	7	T	0	0	7	39.7142857142857
A_PA	615	7	T	0	0	7	42
A_PA	616	7	G	0	0	7	43
A_PA	617	7	A	0	0	7	42.8571428571429
A_PA	618	7	A	0	0	7	43.7142857142857
A_PA	619	7	A	0	0	7	42.2857142857143
A_PA	620	7	T	0	0	7	44.7142857142857
A_PA	621	7	C	0	0	7	45.2857142857143
A_PA	622	7	A	0	0	7	41.7142857142857
A_PA	623	7	C	0	0	7	45.5714285714286
A_PA	624	7	A	0	0	7	43.1428571428571
A_PA	625	7	G	0	0	7	41.8571428571429
A_PA	626	7	G	0	0	7	42.8571428571429
A_PA	627	7	G	0	0	7	43.1428571428571
A_PA	628	7	A	0	0	7	45
A_PA	629	7	C	0	0	7	41.1428571428571
A_PA	630	7	T	0	0	7	41.5714285714286
A_PA	631	7	A	0	0	7	41.7142857142857
A_PA	632	7	T	0	0	7	39.1428571428571
A_PA	633	7	G	0	0	7	38.1428571428571
A_PA	634	7	C	0	0	7	39
A_PA	635	7	G	0	0	7	39.1428571428571
A_PA	636	7	C	0	0	7	39.1428571428571
A_PA	637	7	A	0	0	7	38.8571428571429
A_PA	638	7	G	0	0	7	40.2857142857143
A_PA	639	7	G	0	0	7	40
A_PA	640	7	C	0	0	7	41
A_PA	641	7	T	0	0	7	40.2857142857143
A_PA	642	7	T	0	0	7	40.7142857142857
A_PA	643	7	G	0	0	7	41.2857142857143
A_PA	644	7	C	0	0	7	42
A_PA	645	8	T	0	0	8	42
A_PA	646	8	G	0	0	8	44.75
A_PA	647	8	A	0	0	8	43
A_PA	648	8	C	0	0	8	42.5
A_PA	649	8	C	0	0	8	44.875
A_PA	650	8	A	0	0	8	42.125
A_PA	651	8	A	0	0	8	42.875
A_PA	652	8	A	0	0	8	43.75
A_PA	653	8	G	0	0	8	43
A_PA	654	8	T	0	0	8	43
A_PA	655	8	C	0	0	8	43.875
A_PA	656	8	T	0	0	8	43
A_PA	657	8	C	0	0	8	43.5
A_PA	658	8	C	0	0	8	43.375
A_PA	659	8	C	0	0	8	43.375
A_PA	660	8	A	0	0	8	42
A_PA	661	8	C	0	0	8	37
A_PA	662	8	C	0	0	8	36.625
A_PA	663	8	G	0	0	8	35.875
A_PA	664	8	A	0	0	8	37.25
A_PA	665	8	A	0	0	8	36
A_PA	666	8	C	0	0	8	39.625
A_PA	667	8	T	0	0	8	38.5
A_PA	668	8	T	0	0	8	41.375
A_PA	669	8	C	0	0	8	42.125
A_PA	670	8	T	0	0	8	41.5
A_PA	671	8	C	0	0	8	42.25
A_PA	672	8	C	0	0	8	40.125
A_PA	673	8	T	0	0	8	39.625
A_PA	674	8	G	0	0	8	40.75
A_PA	675	8	C	0	0	8	41.875
A_PA	676	8	C	0	0	8	38.75
A_PA	677	8	T	0	0	8	40.625
A_PA	678	8	T	0	0	8	39.5
A_PA	679	8	G	0	0	8	39.5
A_PA	680	8	A	0	0	8	40.375
A_PA	681	8	G	0	0	8	38.625
A_PA	682	8	A	0	0	8	43.5
A_PA	683	8	A	0	0	8	38.375
A_PA	684	8	T	0	0	8	37.5
A_PA	685	8	T	0	0	8	37.875
A_PA	686	8	T	0	0	8	38.625
A_PA	687	8	T	0	0	8	38.875
A_PA	688	8	A	0	0	8	39.375
A_PA	689	8	G	0	0	8	37.5
A_PA	690	8	A	0	0	8	38.125
A_PA	691	8	G	0	0	8	37.375
A_PA	692	8	C	0	0	8	40.875
A_PA	693	8	C	0	0	8	40.25
A_PA	694	8	T	0	0	8	39
A_PA	695	8	A	0	0	8	40.875
A_PA	696	8	T	0	0	8	39.625
A_PA	697	8	G	0	0	8	39
A_PA	698	8	T	0	0	8	39.25
A_PA	699	8	G	0	0	8	40.25
A_PA	700	8	G	0	0	8	38
A_PA	701	8	A	0	0	8	36.875
A_PA	702	8	T	0	0	8	37
A_PA	703	8	G	0	0	8	36.5
A_PA	704	8	G	0	0	8	36.75
A_PA	705	8	A	0	0	8	37.875
A_PA	706	8	T	0	0	8	39.125
A_PA	707	8	T	0	0	8	38
A_PA	708	8	C	0	0	8	39
A_PA	709	8	G	0	0	8	38.75
A_PA	710	8	A	0	0	8	39.375
A_PA	711	8	A	0	0	8	41.875
A_PA	712	8	C	0	0	8	39.625
A_PA	713	8	C	0	0	8	41.375
A_PA	714	8	G	0	0	8	36.625
A_PA	715	8	A	0	0	8	37.875
A_PA	716	8	A	0	0	8	33.625
A_PA	717	8	C	0	0	8	30.75
A_PA	718	8	G	0	0	8	34.375
A_PA	719	8	G	0	0	8	37.5
A_PA	720	8	C	0	0	8	42.5
A_PA	721	8	T	0	0	8	41.625
A_PA	722	8	G	0	0	8	39.875
A_PA	723	8	C	0	0	8	40.375
A_PA	724	8	A	0	0	8	40.25
A_PA	725	8	T	0	0	8	39.875
A_PA	726	8	T	0	0	8	39.5
A_PA	727	8	G	0	0	8	38.5
A_PA	728	8	A	0	0	8	39
A_PA	729	8	G	0	0	8	37.625
A_PA	730	8	G	0	0	8	37.875
A_PA	731	8	G	0	0	8	35.125
A_PA	732	8	C	0	0	8	36.25
A_PA	733	8	A	0	0	8	36.375
A_PA	734	8	A	0	0	8	38.625
A_PA	735	8	G	0	0	8	36.75
A_PA	736	8	C	0	0	7	35.5714285714286
A_PA	737	8	T	0	0	8	39.375
A_PA	738	8	T	0	0	8	40.375
A_PA	739	8	T	0	0	8	39.25
A_PA	740	8	C	0	0	8	36.375
A_PA	741	8	T	0	0	8	36.875
A_PA	742	8	C	0	0	8	33.25
A_PA	743	8	A	0	0	8	33.625
A_PA	744	8	A	0	0	8	32.25
A_PA	745	8	A	0	0	8	34
A_PA	746	8	T	0	0	8	33
A_PA	747	8	G	0	0	8	34.125
A_PA	748	8	T	0	0	8	40.5
A_PA	749	8	C	0	0	8	38
A_PA	750	8	C	0	0	8	41.875
A_PA	751	8	A	0	0	8	40.5
A_PA	752	8	A	0	0	8	42.875
A_PA	753	8	A	0	0	7	45.7142857142857
A_PA	754	8	G	0	0	6	40.6666666666667
A_PA	755	8	A	0	0	8	41.875
A_PA	756	8	A	0	0	8	39.25
A_PA	757	8	G	0	0	8	39.625
A_PA	758	8	T	0	0	8	36.75
A_PA	759	8	G	0	0	8	35.25
A_PA	760	8	A	0	0	8	36.125
A_PA	761	8	A	0	0	8	36.875
A_PA	762	8	T	0	0	8	37.75
A_PA	763	8	G	0	0	8	36.375
A_PA	764	8	C	0	0	8	34.625
A_PA	765	8	C	0	0	8	36.125
A_PA	766	8	C	0	0	8	38
A_PA	767	8	A	0	0	8	37
A_PA	768	8	A	0	0	8	37.875
A_PA	769	8	A	0	0	8	38.875
A_PA	770	8	T	0	0	8	37.875
A_PA	771	8	T	0	0	8	38.5
A_PA	772	8	G	0	0	8	40.625
A_PA	773	8	A	0	0	8	39.5
A_PA	774	8	A	0	0	8	40.75
A_PA	775	8	C	0	0	8	40.875
A_PA	776	8	C	0	0	8	41.25
A_PA	777	8	T	0	0	8	40.375
A_PA	778	8	T	0	0	8	41.125
A_PA	779	8	T	0	0	8	41.875
A_PA	780	8	T	0	0	8	39.375
A_PA	781	8	C	0	0	8	42.125
A_PA	782	8	T	0	0	8	40
A_PA	783	8	A	0	0	8	39.375
A_PA	784	8	A	0	0	8	41.75
A_PA	785	8	A	0	0	8	41.25
A_PA	786	8	G	0	0	8	40.125
A_PA	787	8	A	0	0	8	37.875
A_PA	788	8	C	0	0	8	36.25
A_PA	789	8	A	0	0	8	36.625
A_PA	790	8	A	0	0	8	39
A_PA	791	8	C	0	0	8	39.375
A_PA	792	8	A	0	0	8	41.125
A_PA	793	8	C	0	0	8	40
A_PA	794	8	C	0	0	8	42.25
A_PA	795	8	A	0	0	8	39.375
A_PA	796	8	A	0	0	8	38.5
A_PA	797	8	G	0	0	8	40.625
A_PA	798	8	A	0	0	8	40.25
A_PA	799	8	C	0	0	8	38.5
A_PA	800	8	C	0	0	8	40.5
A_PA	801	8	A	0	0	8	40.75
A_PA	802	8	A	0	0	8	40.25
A_PA	803	8	T	0	0	8	38.375
A_PA	804	8	C	0	0	8	41.375
A_PA	805	8	A	0	0	8	43.5
A_PA	806	8	A	0	0	8	42
A_PA	807	8	A	0	0	7	43
A_PA	808	8	C	0	0	8	43.25
A_PA	809	8	T	0	0	8	42.375
A_PA	810	8	T	0	0	8	41.875
A_PA	811	8	C	0	0	8	39.5
A_PA	812	8	C	0	0	8	39
A_PA	813	8	T	0	0	8	39.125
A_PA	814	8	A	0	0	8	37.875
A_PA	815	8	G	0	0	8	39.875
A_PA	816	8	T	0	0	8	41.125
A_PA	817	8	G	0	0	8	41.125
A_PA	818	8	G	0	0	8	43.75
A_PA	819	8	A	0	0	8	44.375
A_PA	820	8	C	0	0	8	46.25
A_PA	821	8	C	0	0	8	43
A_PA	822	8	T	0	0	8	43
A_PA	823	8	C	0	0	8	45.125
A_PA	824	8	C	0	0	8	42.875
A_PA	825	8	T	0	0	8	45.125
A_PA	826	8	T	0	0	8	43.375
A_PA	827	8	G	0	0	8	42.875
A_PA	828	8	T	0	0	8	44
A_PA	829	8	T	0	0	8	44.5
A_PA	830	8	A	0	0	8	44.75
A_PA	831	8	T	0	0	8	44.375
A_PA	832	8	C	0	0	8	42.375
A_PA	833	8	A	0	0	8	40.25
A_PA	834	8	G	0	0	8	40.875
A_PA	835	8	C	0	0	8	40.125
A_PA	836	8	G	0	0	8	39.5
A_PA	837	8	A	0	0	8	41
A_PA	838	8	T	0	0	8	42.25
A_PA	839	8	C	0	0	8	42.125
A_PA	840	8	C	0	0	8	40.5
A_PA	841	8	A	0	0	8	38.75
A_PA	842	8	A	0	0	8	41.5
A_PA	843	8	A	0	0	8	41.625
A_PA	844	8	T	0	0	8	40.75
A_PA	845	8	T	0	0	8	43.125
A_PA	846	8	C	0	0	8	42.875
A_PA	847	8	C	0	0	8	39.625
A_PA	848	8	T	0	0	8	42
A_PA	849	8	C	0	0	8	42.375
A_PA	850	8	C	0	0	8	41.75
A_PA	851	8	T	0	0	8	38.25
A_PA	852	8	G	0	0	8	40.5
A_PA	853	8	A	0	0	8	40.75
A_PA	854	8	T	0	0	8	38.875
A_PA	855	8	G	0	0	8	40.625
A_PA	856	8	G	0	0	8	39.75
A_PA	857	8	A	0	0	8	40.125
A_PA	858	8	T	0	0	8	41.375
A_PA	859	8	G	0	0	8	39.625
A_PA	860	8	C	0	0	8	39.625
A_PA	861	8	T	0	0	8	41.375
A_PA	862	8	T	0	0	8	40.625
A_PA	863	8	T	0	0	8	40.875
A_PA	864	8	G	0	0	8	40.75
A_PA	865	8	A	0	0	8	41.125
A_PA	866	8	A	0	0	8	41.125
A_PA	867	8	A	0	0	8	44.125
A_PA	868	8	T	0	0	8	45.625
A_PA	869	8	T	0	0	8	43.5
A_PA	870	8	G	0	0	8	45.625
A_PA	871	8	A	0	0	8	44.25
A_PA	872	8	G	0	0	8	43.75
A_PA	873	8	C	0	0	8	45
A_PA	874	8	A	0	0	8	44.125
A_PA	875	8	T	0	0	8	44.625
A_PA	876	8	T	0	0	8	44.875
A_PA	877	8	G	0	0	8	43.25
A_PA	878	8	A	0	0	8	41.25
A_PA	879	8	A	0	0	8	44.75
A_PA	880	8	G	0	0	8	42.625
A_PA	881	8	A	0	0	8	40.75
A_PA	882	8	C	0	0	8	42.375
A_PA	883	8	C	0	0	8	44.25
A_PA	884	8	C	0	0	8	37.625
A_PA	885	8	A	0	0	8	37.375
A_PA	886	8	A	0	0	8	42.125
A_PA	887	8	G	0	0	8	39.5
A_PA	888	8	T	0	0	8	42.75
A_PA	889	8	C	0	0	8	44.5
A_PA	890	8	A	0	0	8	42.625
A_PA	891	8	C	0	0	8	43.5
A_PA	892	8	G	0	0	8	40.5
A_PA	893	8	A	0	0	8	44.375
A_PA	894	8	A	0	0	8	41.625
A_PA	895	8	G	0	0	8	43.5
A_PA	896	8	G	0	0	8	44.5
A_PA	897	8	A	0	0	8	44.625
A_PA	898	8	G	0	0	8	44.5
A_PA	899	8	A	0	0	8	44.125
A_PA	900	8	A	0	0	8	43.25
A_PA	901	8	G	0	0	8	43.625
A_PA	902	8	G	0	0	8	45.375
A_PA	903	8	G	0	0	8	44.375
A_PA	904	8	A	0	0	8	42.875
A_PA	905	8	T	0	0	8	43.375
A_PA	906	8	C	0	0	8	41.125
A_PA	907	8	C	0	0	8	42.25
A_PA	908	8	C	0	0	8	40
A_PA	909	8	A	0	0	8	41.625
A_PA	910	8	T	0	0	8	40.5
A_PA	911	8	T	0	0	8	39.875
A_PA	912	8	A	0	0	8	40.5
A_PA	913	8	T	0	0	8	37.75
A_PA	914	8	A	0	0	8	39.25
A_PA	915	8	T	0	0	8	39.125
A_PA	916	8	G	0	0	8	39.125
A_PA	917	8	A	0	0	8	40.25
A_PA	918	8	T	0	0	8	40.125
A_PA	919	8	G	0	0	8	39.5
A_PA	920	8	C	0	0	8	38.75
A_PA	921	8	A	0	0	8	39.125
A_PA	922	8	A	0	0	8	37.5
A_PA	923	8	T	0	0	8	40.125
A_PA	924	8	C	0	0	8	36.875
A_PA	925	8	A	0	0	8	36.125
A_PA	926	8	A	0	0	8	36.875
A_PA	927	8	A	0	0	8	37.625
A_PA	928	8	T	0	0	8	36.625
A_PA	929	8	G	0	0	8	38.875
A_PA	930	8	C	0	0	8	39.375
A_PA	931	8	A	0	0	8	37.25
A_PA	932	8	T	0	0	8	38.375
A_PA	933	8	G	0	0	8	41.25
A_PA	934	8	A	0	0	8	39.375
A_PA	935	8	A	0	0	8	39.25
A_PA	936	8	A	0	0	8	40.5
A_PA	937	8	A	0	0	8	38.5
A_PA	938	8	C	0	0	8	41.375
A_PA	939	8	A	0	0	8	35
A_PA	940	8	T	0	0	8	37.125
A_PA	941	8	T	0	0	8	34.25
A_PA	942	8	C	0	0	8	35
A_PA	943	8	T	0	0	8	31.875
A_PA	944	8	T	0	0	8	35.375
A_PA	945	8	T	0	0	8	37.625
A_PA	946	8	G	0	0	8	35
A_PA	947	8	G	0	0	8	34.75
A_PA	948	8	A	0	0	8	35.875
A_PA	949	8	T	0	0	8	37.5
A_PA	950	8	G	0	0	8	37.125
A_PA	951	8	G	0	0	8	40
A_PA	952	8	A	0	0	8	38.25
A_PA	953	8	A	0	0	8	37.375
A_PA	954	8	A	0	0	8	40.125
A_PA	955	8	G	0	0	8	38
A_PA	956	8	A	0	0	8	38.5
A_PA	957	8	A	0	0	8	36.875
A_PA	958	8	C	0	0	8	35.25
A_PA	959	8	C	0	0	7	39.4285714285714
A_PA	960	8	T	0	0	8	34.875
A_PA	961	8	T	0	0	8	35.25
A_PA	962	8	G	0	0	8	36.75
A_PA	963	8	T	0	0	8	35.875
A_PA	964	8	A	0	0	8	39.625
A_PA	965	8	T	0	0	8	40.625
A_PA	966	8	A	0	0	8	39.875
A_PA	967	8	G	0	0	8	41.125
A_PA	968	8	T	0	0	8	38
A_PA	969	8	C	0	0	8	38.625
A_PA	970	8	A	0	0	8	40.25
A_PA	971	8	A	0	0	8	40.375
A_PA	972	8	A	0	0	7	38
A_PA	973	8	C	0	0	8	45.625
A_PA	974	8	C	0	0	8	42.75
A_PA	975	8	A	0	0	8	44
A_PA	976	8	C	0	0	8	42.75
A_PA	977	8	A	0	0	8	42.5
A_PA	978	8	C	0	0	8	43.625
A_PA	979	8	G	0	0	8	39.75
A_PA	980	7	A	1	0	7	36.8571428571429
A_PA	981	7	A	1	0	7	38.7142857142857
A_PA	982	8	A	0	0	8	41.75
A_PA	983	8	A	0	0	8	43.125
A_PA	984	8	G	0	0	8	44.125
A_PA	985	8	G	0	0	8	42.375
A_PA	986	8	G	0	0	8	41.75
A_PA	987	8	A	0	0	8	43.625
A_PA	988	8	A	0	0	8	40.875
A_PA	989	8	T	0	0	8	40.5
A_PA	990	8	A	0	0	8	40.75
A_PA	991	8	A	0	0	8	47
A_PA	992	8	A	0	0	8	42.125
A_PA	993	8	T	0	0	8	43.375
A_PA	994	8	T	0	0	8	43.5
A_PA	995	8	C	0	0	8	44.375
A_PA	996	8	A	0	0	8	44.125
A_PA	997	8	A	0	0	8	45
A_PA	998	8	A	0	0	8	45.875
A_PA	999	8	T	0	0	8	44.75
A_PA	1000	8	T	0	0	8	44.625
A_PA	1001	8	A	0	0	8	42.5
A_PA	1002	8	C	0	0	8	43.625
A_PA	1003	8	C	0	0	8	45.75
A_PA	1004	8	T	0	0	8	42.125
A_PA	1005	8	G	0	0	8	43.25
A_PA	1006	8	C	0	0	8	43.875
A_PA	1007	8	T	0	0	8	42.875
A_PA	1008	8	G	0	0	8	45.125
A_PA	1009	8	T	0	0	8	42.125
A_PA	1010	8	C	0	0	8	44.875
A_PA	1011	8	A	0	0	8	43.375
A_PA	1012	8	T	0	0	8	43.75
A_PA	1013	8	G	0	0	8	43.875
A_PA	1014	8	G	0	0	8	42.625
A_PA	1015	8	A	0	0	8	42.375
A_PA	1016	8	A	0	0	8	41.75
A_PA	1017	8	G	0	0	8	41.875
A_PA	1018	8	C	0	0	8	43.75
A_PA	1019	8	A	0	0	8	42.125
A_PA	1020	8	A	0	0	8	41.25
A_PA	1021	8	G	0	0	8	43.875
A_PA	1022	8	T	0	0	8	42.125
A_PA	1023	8	A	0	0	8	39.375
A_PA	1024	8	C	0	0	8	40.625
A_PA	1025	8	T	0	0	8	38.5
A_PA	1026	8	G	0	0	8	39
A_PA	1027	8	T	0	0	8	41.5
A_PA	1028	8	C	0	0	8	41.375
A_PA	1029	8	A	0	0	8	39.25
A_PA	1030	8	G	0	0	8	39.875
A_PA	1031	8	A	0	0	8	40
A_PA	1032	8	A	0	0	8	41.375
A_PA	1033	8	T	0	0	8	40.5
A_PA	1034	8	T	0	0	8	41.875
A_PA	1035	8	G	0	0	8	40
A_PA	1036	8	C	0	0	8	41.25
A_PA	1037	8	A	0	0	8	39.875
A_PA	1038	8	G	0	0	8	40.5
A_PA	1039	8	G	0	0	8	38.125
A_PA	1040	8	A	0	0	8	42.875
A_PA	1041	8	C	0	0	8	41
A_PA	1042	8	A	0	0	8	40.875
A_PA	1043	8	T	0	0	8	41.5
A_PA	1044	8	T	0	0	8	42.125
A_PA	1045	8	G	0	0	8	45.375
A_PA	1046	8	A	0	0	8	44.625
A_PA	1047	8	A	0	0	8	46.5
A_PA	1048	8	A	0	0	8	41.75
A_PA	1049	8	A	0	0	8	42
A_PA	1050	8	T	0	0	8	40.375
A_PA	1051	8	G	0	0	8	40.5
A_PA	1052	8	A	0	0	8	38.375
A_PA	1053	8	G	0	0	8	40.875
A_PA	1054	8	G	0	0	8	40.25
A_PA	1055	8	A	0	0	8	38.5
A_PA	1056	8	G	0	0	8	39.5
A_PA	1057	8	A	0	0	8	41.625
A_PA	1058	8	A	0	0	8	40.375
A_PA	1059	8	G	0	0	8	39.75
A_PA	1060	8	A	0	0	8	39.875
A_PA	1061	8	T	0	0	8	38.75
A_PA	1062	8	T	0	0	8	37.75
A_PA	1063	8	C	0	0	8	40.5
A_PA	1064	8	C	0	0	8	40.625
A_PA	1065	8	A	0	0	8	40.25
A_PA	1066	8	A	0	0	8	41.625
A_PA	1067	8	G	0	0	8	37.875
A_PA	1068	8	A	0	0	8	39.25
A_PA	1069	8	A	0	0	8	38.25
A_PA	1070	8	C	0	0	8	37.25
A_PA	1071	8	T	0	0	8	37.75
A_PA	1072	8	A	0	0	8	38.75
A_PA	1073	8	A	0	0	8	40
A_PA	1074	8	A	0	0	8	41.25
A_PA	1075	8	A	0	0	8	41.375
A_PA	1076	8	A	0	0	8	42.25
A_PA	1077	8	C	0	0	8	45.875
A_PA	1078	8	A	0	0	8	44.125
A_PA	1079	8	T	0	0	8	45
A_PA	1080	8	G	0	0	8	42.5
A_PA	1081	8	A	0	0	8	43.25
A_PA	1082	8	A	0	0	8	43.625
A_PA	1083	8	G	0	0	8	41.125
A_PA	1084	8	A	0	0	8	43.25
A_PA	1085	8	A	0	0	8	42.5
A_PA	1086	8	A	0	0	8	41.625
A_PA	1087	8	A	0	0	8	40.25
A_PA	1088	8	C	0	0	8	39.125
A_PA	1089	8	G	0	0	8	36.5
A_PA	1090	8	A	0	0	8	37.25
A_PA	1091	8	G	0	0	8	37.75
A_PA	1092	8	T	0	0	8	37.625
A_PA	1093	8	C	0	0	8	38.625
A_PA	1094	8	A	0	0	8	37.375
A_PA	1095	8	A	0	0	8	37
A_PA	1096	8	C	0	0	8	35.875
A_PA	1097	8	T	0	0	8	37.375
A_PA	1098	7	G	1	0	7	36.2857142857143
A_PA	1099	7	A	1	0	7	35.2857142857143
A_PA	1100	7	A	1	0	7	36
A_PA	1101	7	G	1	0	7	35.5714285714286
A_PA	1102	7	T	1	0	7	34.2857142857143
A_PA	1103	6	G	2	0	6	36.8333333333333
A_PA	1104	8	G	0	0	8	34.625
A_PA	1105	8	G	0	0	8	36.375
A_PA	1106	8	C	0	0	8	35
A_PA	1107	8	T	0	0	8	38.375
A_PA	1108	8	C	0	0	8	39.25
A_PA	1109	8	T	0	0	8	40.75
A_PA	1110	8	T	0	0	8	38.5
A_PA	1111	8	G	0	0	8	40.125
A_PA	1112	8	G	0	0	8	39.25
A_PA	1113	8	T	0	0	8	41.75
A_PA	1114	8	G	0	0	8	39.875
A_PA	1115	8	A	0	0	8	42.375
A_PA	1116	8	A	0	0	8	41.375
A_PA	1117	8	A	0	0	8	40.25
A_PA	1118	8	A	0	0	8	41.25
A_PA	1119	8	C	0	0	8	39.625
A_PA	1120	8	A	0	0	8	41.625
A_PA	1121	8	T	0	0	8	42
A_PA	1122	8	G	0	0	8	42.5
A_PA	1123	8	G	0	0	8	40.375
A_PA	1124	8	C	0	0	8	39.625
A_PA	1125	8	A	0	0	8	40.125
A_PA	1126	8	C	0	0	8	41.125
A_PA	1127	8	C	0	0	8	40.875
A_PA	1128	7	A	1	0	7	39.8571428571429
A_PA	1129	7	G	1	0	7	41.5714285714286
A_PA	1130	7	A	1	0	7	42.5714285714286
A_PA	1131	7	G	1	0	7	40.4285714285714
A_PA	1132	8	A	0	0	8	38.75
A_PA	1133	8	A	0	0	8	37.625
A_PA	1134	8	G	0	0	8	39.5
A_PA	1135	8	G	0	0	8	39.625
A_PA	1136	8	T	0	0	8	42.875
A_PA	1137	7	A	1	0	7	41.2857142857143
A_PA	1138	7	G	1	0	7	41.8571428571429
A_PA	1139	8	A	0	0	8	40.625
A_PA	1140	8	C	0	0	8	38.625
A_PA	1141	8	T	0	0	8	38.5
A_PA	1142	8	T	0	0	8	39.75
A_PA	1143	8	T	0	0	8	40.125
A_PA	1144	8	G	0	0	8	39.625
A_PA	1145	8	A	0	0	8	42.375
A_PA	1146	8	A	0	0	8	41
A_PA	1147	8	A	0	0	8	41.125
A_PA	1148	8	A	0	0	8	42.375
A_PA	1149	8	C	0	0	8	42.125
A_PA	1150	8	T	0	0	8	41.375
A_PA	1151	8	G	0	0	8	38.625
A_PA	1152	8	C	0	0	8	38.375
A_PA	1153	8	A	0	0	8	38.875
A_PA	1154	8	G	0	0	8	39.875
A_PA	1155	8	A	0	0	8	42.875
A_PA	1156	8	G	0	0	8	40.625
A_PA	1157	8	A	0	0	8	40.125
A_PA	1158	8	C	0	0	8	41.5
A_PA	1159	8	A	0	0	8	42
A_PA	1160	8	T	0	0	8	39.625
A_PA	1161	8	A	0	0	8	39.125
A_PA	1162	8	A	0	0	8	40
A_PA	1163	8	G	0	0	8	40.875
A_PA	1164	8	C	0	0	8	43.125
A_PA	1165	8	G	0	0	8	41.75
A_PA	1166	8	A	0	0	8	40.625
A_PA	1167	8	T	0	0	8	43.25
A_PA	1168	8	T	0	0	8	44.125
A_PA	1169	8	T	0	0	8	41.25
A_PA	1170	8	G	0	0	8	43
A_PA	1171	8	A	0	0	8	44.875
A_PA	1172	8	A	0	0	8	43.625
A_PA	1173	8	G	0	0	8	44.25
A_PA	1174	8	C	0	0	8	42.5
A_PA	1175	8	A	0	0	8	41.625
A_PA	1176	8	A	0	0	8	43
A_PA	1177	8	T	0	0	8	41.5
A_PA	1178	8	A	0	0	8	41.25
A_PA	1179	8	T	0	0	8	41.625
A_PA	1180	8	G	0	0	8	42.75
A_PA	1181	8	A	0	0	8	40
A_PA	1182	8	T	0	0	8	40.25
A_PA	1183	8	A	0	0	8	39.5
A_PA	1184	8	G	0	0	8	39.5
A_PA	1185	8	T	0	0	8	41.125
A_PA	1186	8	G	0	0	8	42.25
A_PA	1187	8	A	0	0	8	41.875
A_PA	1188	8	A	0	0	8	43
A_PA	1189	8	G	0	0	8	42.25
A_PA	1190	8	A	0	0	8	43.625
A_PA	1191	8	A	0	0	8	40.375
A_PA	1192	8	C	0	0	8	42.75
A_PA	1193	8	C	0	0	8	40.5
A_PA	1194	8	T	0	0	8	39.5
A_PA	1195	8	G	0	0	8	38.75
A_PA	1196	8	A	0	0	8	40.5
A_PA	1197	8	A	0	0	8	38.875
A_PA	1198	8	T	0	0	8	41.375
A_PA	1199	8	T	0	0	8	42.75
A_PA	1200	8	A	0	0	8	41
A_PA	1201	8	A	0	0	8	43.5
A_PA	1202	8	G	0	0	8	42.5
A_PA	1203	8	G	0	0	8	43.625
A_PA	1204	8	T	0	0	8	45.75
A_PA	1205	8	C	0	0	8	42.875
A_PA	1206	8	A	0	0	8	44.125
A_PA	1207	8	C	0	0	8	44.25
A_PA	1208	8	T	0	0	8	41.75
A_PA	1209	8	C	0	0	8	42.875
A_PA	1210	8	T	0	0	8	44.125
A_PA	1211	8	C	0	0	8	44.375
A_PA	1212	8	A	0	0	8	43.875
A_PA	1213	8	A	0	0	8	42.875
A_PA	1214	8	G	0	0	8	43
A_PA	1215	8	C	0	0	8	41.25
A_PA	1216	8	T	0	0	8	43.75
A_PA	1217	8	G	0	0	8	44
A_PA	1218	8	G	0	0	8	44.25
A_PA	1219	8	A	0	0	8	44.625
A_PA	1220	8	T	0	0	8	44.625
A_PA	1221	8	A	0	0	8	41.125
A_PA	1222	8	C	0	0	8	40.75
A_PA	1223	8	A	0	0	8	41
A_PA	1224	8	G	0	0	8	42.375
A_PA	1225	8	A	0	0	8	41.5
A_PA	1226	8	G	0	0	8	41.25
A_PA	1227	8	T	0	0	8	41.125
A_PA	1228	8	G	0	0	8	41.75
A_PA	1229	8	A	0	0	8	44.625
A_PA	1230	8	G	0	0	8	44
A_PA	1231	8	T	0	0	8	44.5
A_PA	1232	8	T	0	0	7	43.2857142857143
A_PA	1233	8	C	0	0	7	44.2857142857143
A_PA	1234	8	A	0	0	8	43.875
A_PA	1235	8	A	0	0	8	40.125
A_PA	1236	8	C	0	0	8	40.5
A_PA	1237	8	A	0	0	8	41.375
A_PA	1238	8	A	0	0	8	37.125
A_PA	1239	8	G	0	0	8	37.625
A_PA	1240	8	G	0	0	8	41.5
A_PA	1241	8	C	0	0	8	41
A_PA	1242	8	C	0	0	8	41
A_PA	1243	8	T	0	0	8	41
A_PA	1244	8	G	0	0	8	41.125
A_PA	1245	8	T	0	0	8	42
A_PA	1246	8	G	0	0	8	39.5
A_PA	1247	8	A	0	0	8	40.25
A_PA	1248	8	G	0	0	8	40.625
A_PA	1249	8	C	0	0	8	42
A_PA	1250	8	T	0	0	8	41.625
A_PA	1251	8	A	0	0	8	40.75
A_PA	1252	8	A	0	0	8	41.375
A_PA	1253	8	C	0	0	8	40.625
A_PA	1254	8	T	0	0	8	40.875
A_PA	1255	8	G	0	0	8	41.375
A_PA	1256	8	A	0	0	8	40.25
A_PA	1257	8	T	0	0	8	43.75
A_PA	1258	8	T	0	0	8	43.5
A_PA	1259	8	C	0	0	8	45.375
A_PA	1260	8	A	0	0	8	45
A_PA	1261	8	G	0	0	8	42.875
A_PA	1262	8	T	0	0	8	43.375
A_PA	1263	8	C	0	0	8	43.375
A_PA	1264	8	T	0	0	8	44.75
A_PA	1265	8	G	0	0	8	42
A_PA	1266	8	G	0	0	8	40.375
A_PA	1267	8	A	0	0	8	41.875
A_PA	1268	8	T	0	0	8	41
A_PA	1269	8	A	0	0	8	42
A_PA	1270	8	G	0	0	8	41
A_PA	1271	8	A	0	0	8	43.625
A_PA	1272	8	A	0	0	8	43.625
A_PA	1273	8	C	0	0	8	44.625
A_PA	1274	8	T	0	0	8	42.875
A_PA	1275	8	C	0	0	8	42.25
A_PA	1276	8	G	0	0	8	42.875
A_PA	1277	8	A	0	0	8	41.5
A_PA	1278	8	T	0	0	8	38.875
A_PA	1279	8	G	0	0	8	40.5
A_PA	1280	8	A	0	0	8	39.625
A_PA	1281	8	A	0	0	8	39.625
A_PA	1282	8	A	0	0	8	38.875
A_PA	1283	8	T	0	0	8	41
A_PA	1284	8	T	0	0	8	41.5
A_PA	1285	8	G	0	0	8	41.375
A_PA	1286	8	G	0	0	8	43.125
A_PA	1287	8	A	0	0	8	45.5
A_PA	1288	8	G	0	0	8	43.375
A_PA	1289	8	A	0	0	8	44.5
A_PA	1290	8	G	0	0	8	42.75
A_PA	1291	8	G	0	0	8	41.125
A_PA	1292	8	A	0	0	8	43.25
A_PA	1293	8	C	0	0	8	44.375
A_PA	1294	8	G	0	0	8	40.25
A_PA	1295	8	T	0	0	8	40.25
A_PA	1296	8	A	0	0	8	40
A_PA	1297	8	G	0	0	8	42.25
A_PA	1298	8	C	0	0	8	41.375
A_PA	1299	8	C	0	0	8	42.75
A_PA	1300	8	C	0	0	8	42.125
A_PA	1301	8	C	0	0	8	40.125
A_PA	1302	8	A	0	0	8	38.75
A_PA	1303	8	A	0	0	8	39
A_PA	1304	8	T	0	0	8	38.625
A_PA	1305	8	T	0	0	8	38.625
A_PA	1306	8	G	0	0	8	40.125
A_PA	1307	8	A	0	0	8	41.625
A_PA	1308	8	A	0	0	8	41.75
A_PA	1309	8	C	0	0	8	42.125
A_PA	1310	8	A	0	0	8	40.75
A_PA	1311	8	C	0	0	8	41.75
A_PA	1312	8	A	0	0	8	42
A_PA	1313	8	T	0	0	8	41.75
A_PA	1314	8	T	0	0	8	42.125
A_PA	1315	8	G	0	0	8	42.125
A_PA	1316	8	C	0	0	8	43
A_PA	1317	8	A	0	0	8	42.125
A_PA	1318	8	A	0	0	8	42.75
A_PA	1319	8	G	0	0	8	41.375
A_PA	1320	8	C	0	0	8	42.375
A_PA	1321	8	A	0	0	8	41.75
A_PA	1322	8	T	0	0	8	39.125
A_PA	1323	8	G	0	0	8	40
A_PA	1324	8	A	0	0	8	38.5
A_PA	1325	8	G	0	0	8	40.5
A_PA	1326	8	A	0	0	8	43.25
A_PA	1327	8	A	0	0	8	41.5
A_PA	1328	8	G	0	0	8	41.75
A_PA	1329	8	G	0	0	8	42
A_PA	1330	8	A	0	0	8	42
A_PA	1331	8	A	0	0	8	42
A_PA	1332	8	T	0	0	8	43.375
A_PA	1333	8	T	0	0	8	43.625
A_PA	1334	8	A	0	0	8	41.875
A_PA	1335	8	T	0	0	8	44.375
A_PA	1336	8	T	0	0	8	44.875
A_PA	1337	8	T	0	0	8	44.375
A_PA	1338	8	C	0	0	8	45.75
A_PA	1339	8	A	0	0	8	45.5
A_PA	1340	8	C	0	0	8	42.625
A_PA	1341	8	A	0	0	8	41.375
A_PA	1342	8	G	0	0	8	42
A_PA	1343	8	C	0	0	8	43
A_PA	1344	8	A	0	0	8	42.875
A_PA	1345	8	G	0	0	8	43.625
A_PA	1346	8	A	0	0	8	43.875
A_PA	1347	8	G	0	0	8	43.375
A_PA	1348	8	G	0	0	8	45.125
A_PA	1349	8	T	0	0	8	43.75
A_PA	1350	8	G	0	0	8	42.75
A_PA	1351	8	T	0	0	8	42.125
A_PA	1352	8	C	0	0	8	40.125
A_PA	1353	8	C	0	0	8	39.125
A_PA	1354	8	C	0	0	8	41.375
A_PA	1355	8	A	0	0	8	39.875
A_PA	1356	8	T	0	0	8	41.375
A_PA	1357	8	T	0	0	8	38.625
A_PA	1358	8	G	0	0	8	40.25
A_PA	1359	8	T	0	0	8	41.875
A_PA	1360	8	A	0	0	8	42.75
A_PA	1361	8	G	0	0	8	43
A_PA	1362	8	A	0	0	8	42.875
A_PA	1363	8	G	0	0	8	42.25
A_PA	1364	8	C	0	0	8	43.625
A_PA	1365	8	T	0	0	8	41.625
A_PA	1366	8	A	0	0	8	42.5
A_PA	1367	8	C	0	0	8	41.5
A_PA	1368	8	T	0	0	8	42
A_PA	1369	8	G	0	0	8	42.375
A_PA	1370	8	A	0	0	8	42.375
A_PA	1371	8	A	0	0	8	42.75
A_PA	1372	8	T	0	0	8	43.625
A_PA	1373	8	A	0	0	8	41.75
A_PA	1374	8	C	0	0	8	44.75
A_PA	1375	8	A	0	0	8	43.375
A_PA	1376	8	T	0	0	8	43.625
A_PA	1377	8	A	0	0	8	42.75
A_PA	1378	8	A	0	0	8	44.375
A_PA	1379	8	T	0	0	8	43.125
A_PA	1380	8	G	0	0	8	42.625
A_PA	1381	8	A	0	0	8	41.5
A_PA	1382	8	A	0	0	8	40.375
A_PA	1383	8	A	0	0	8	43.625
A_PA	1384	8	G	0	0	8	41.375
A_PA	1385	8	G	0	0	8	42.5
A_PA	1386	8	G	0	0	8	44
A_PA	1387	8	G	0	0	8	43.75
A_PA	1388	8	T	0	0	8	44.625
A_PA	1389	8	A	0	0	8	43.75
A_PA	1390	8	T	0	0	8	43.375
A_PA	1391	8	A	0	0	8	40.75
A_PA	1392	8	C	0	0	8	42.25
A_PA	1393	8	A	0	0	8	43.125
A_PA	1394	8	T	0	0	8	43.5
A_PA	1395	8	T	0	0	8	42.875
A_PA	1396	8	A	0	0	8	42.875
A_PA	1397	8	A	0	0	8	43.25
A_PA	1398	8	T	0	0	8	41.875
A_PA	1399	8	A	0	0	8	42.75
A_PA	1400	8	C	0	0	8	43.75
A_PA	1401	8	T	0	0	8	42.25
A_PA	1402	8	G	0	0	8	42.75
A_PA	1403	8	C	0	0	8	39.375
A_PA	1404	8	C	0	0	8	40.5
A_PA	1405	8	C	0	0	8	39.875
A_PA	1406	8	T	0	0	8	40.875
A_PA	1407	8	A	0	0	8	37.375
A_PA	1408	8	C	0	0	8	35.5
A_PA	1409	8	T	0	0	8	39
A_PA	1410	8	C	0	0	8	39.625
A_PA	1411	8	A	0	0	8	40.125
A_PA	1412	8	A	0	0	8	34
A_PA	1413	8	T	0	0	8	33
A_PA	1414	8	G	0	0	8	33.375
A_PA	1415	8	C	0	0	8	34.875
A_PA	1416	8	A	0	0	8	35.875
A_PA	1417	8	T	0	0	8	39.125
A_PA	1418	8	C	0	0	8	38.875
A_PA	1419	8	C	0	0	8	41.25
A_PA	1420	8	T	0	0	8	38.625
A_PA	1421	8	G	0	0	8	40.625
A_PA	1422	8	T	0	0	8	41.25
A_PA	1423	8	G	0	0	8	43.25
A_PA	1424	8	C	0	0	8	44.125
A_PA	1425	8	A	0	0	8	41.125
A_PA	1426	8	G	0	0	8	38
A_PA	1427	9	C	0	0	9	38.3333333333333
A_PA	1428	9	A	0	0	9	37.1111111111111
A_PA	1429	9	A	0	0	9	35.8888888888889
A_PA	1430	9	T	0	0	9	38.7777777777778
A_PA	1431	9	G	0	0	9	36.8888888888889
A_PA	1432	9	G	0	0	9	38
A_PA	1433	9	A	0	0	9	38.5555555555556
A_PA	1434	9	C	0	0	9	37.7777777777778
A_PA	1435	9	G	0	0	9	35.1111111111111
A_PA	1436	9	A	0	0	9	34.2222222222222
A_PA	1437	9	T	0	0	9	33.1111111111111
A_PA	1438	9	T	0	0	9	36.2222222222222
A_PA	1439	9	T	0	0	9	39.6666666666667
A_PA	1440	9	T	0	0	9	39.8888888888889
A_PA	1441	9	C	0	0	9	37.1111111111111
A_PA	1442	9	A	0	0	9	40.6666666666667
A_PA	1443	9	A	0	0	9	40.1111111111111
A_PA	1444	9	T	0	0	9	40.6666666666667
A_PA	1445	9	T	0	0	9	40
A_PA	1446	9	A	0	0	9	40.2222222222222
A_PA	1447	9	A	0	0	9	39.8888888888889
A_PA	1448	9	T	0	0	9	42.1111111111111
A_PA	1449	9	C	0	0	9	39.2222222222222
A_PA	1450	9	C	0	0	9	37
A_PA	1451	9	C	0	0	9	41
A_PA	1452	9	C	0	0	9	40.2222222222222
A_PA	1453	9	A	0	0	9	38.8888888888889
A_PA	1454	9	T	0	0	9	39.1111111111111
A_PA	1455	9	G	0	0	9	36.1111111111111
A_PA	1456	9	A	0	0	9	38
A_PA	1457	9	T	0	0	9	43.1111111111111
A_PA	1458	9	A	0	0	9	42.5555555555556
A_PA	1459	9	A	0	0	9	41
A_PA	1460	9	G	0	0	9	41
A_PA	1461	9	C	0	0	9	41.6666666666667
A_PA	1462	9	A	0	0	9	39.5555555555556
A_PA	1463	9	A	0	0	9	39.8888888888889
A_PA	1464	9	G	0	0	9	40.7777777777778
A_PA	1465	9	T	0	0	9	38.8888888888889
A_PA	1466	9	G	0	0	9	41.5555555555556
A_PA	1467	9	C	0	0	9	40.3333333333333
A_PA	1468	9	C	0	0	9	41.6666666666667
A_PA	1469	9	G	0	0	8	41.25
A_PA	1470	9	A	0	0	9	42.4444444444444
A_PA	1471	9	A	0	0	9	43.5555555555556
A_PA	1472	9	C	0	0	9	40.8888888888889
A_PA	1473	9	T	0	0	9	44.7777777777778
A_PA	1474	9	A	0	0	9	43.5555555555556
A_PA	1475	9	A	0	0	9	42.8888888888889
A_PA	1476	9	A	0	0	9	42.2222222222222
A_PA	1477	9	G	0	0	9	40.5555555555556
A_PA	1478	9	A	0	0	9	39.6666666666667
A_PA	1479	9	G	0	0	9	40
A_PA	1480	9	G	0	0	9	40.1111111111111
A_PA	1481	9	G	0	0	9	37.8888888888889
A_PA	1482	9	A	0	0	9	40.1111111111111
A_PA	1483	9	A	0	0	9	40.7777777777778
A_PA	1484	9	G	0	0	9	40.8888888888889
A_PA	1485	9	G	0	0	9	44.5555555555556
A_PA	1486	9	C	0	0	9	40.8888888888889
A_PA	1487	9	G	0	0	9	40.5555555555556
A_PA	1488	9	A	0	0	9	41.2222222222222
A_PA	1489	9	A	0	0	9	42.8888888888889
A_PA	1490	9	A	0	0	9	42.2222222222222
A_PA	1491	9	A	0	0	9	40.3333333333333
A_PA	1492	9	A	0	0	9	40.3333333333333
A_PA	1493	9	C	0	0	9	39.6666666666667
A_PA	1494	9	C	0	0	9	37.3333333333333
A_PA	1495	9	A	0	0	9	37.4444444444444
A_PA	1496	9	A	0	0	9	37.7777777777778
A_PA	1497	9	T	0	0	9	41.2222222222222
A_PA	1498	9	T	0	0	9	40.2222222222222
A_PA	1499	9	T	0	0	9	40.7777777777778
A_PA	1500	9	A	0	0	9	40.8888888888889
A_PA	1501	9	T	0	0	9	41.2222222222222
A_PA	1502	9	A	0	0	9	41.5555555555556
A_PA	1503	9	T	0	0	8	41.625
A_PA	1504	9	G	0	0	9	39.4444444444444
A_PA	1505	9	G	0	0	9	40.1111111111111
A_PA	1506	9	A	0	0	9	39.8888888888889
A_PA	1507	9	T	0	0	9	38.2222222222222
A_PA	1508	9	T	0	0	9	36.7777777777778
A_PA	1509	9	C	0	0	9	37.8888888888889
A_PA	1510	9	A	0	0	9	37.5555555555556
A_PA	1511	9	T	0	0	9	35.8888888888889
A_PA	1512	9	C	0	0	9	35.5555555555556
A_PA	1513	9	A	0	0	9	35.4444444444444
A_PA	1514	9	T	0	0	9	36.6666666666667
A_PA	1515	9	A	0	0	9	37.4444444444444
A_PA	1516	9	A	0	0	9	36
A_PA	1517	9	A	0	0	9	34.8888888888889
A_PA	1518	9	G	0	0	9	36.5555555555556
A_PA	1519	9	G	0	0	9	39.2222222222222
A_PA	1520	9	G	0	0	9	38.6666666666667
A_PA	1521	9	A	0	0	9	35.5555555555556
A_PA	1522	9	A	0	0	9	39.4444444444444
A_PA	1523	9	G	0	0	9	35.5555555555556
A_PA	1524	9	A	0	0	9	36.7777777777778
A_PA	1525	9	T	0	0	9	40.2222222222222
A_PA	1526	9	C	0	0	9	38.8888888888889
A_PA	1527	9	T	0	0	9	39
A_PA	1528	9	C	0	0	9	41.4444444444444
A_PA	1529	9	A	0	0	9	40.7777777777778
A_PA	1530	9	C	0	0	9	40.1111111111111
A_PA	1531	9	C	0	0	9	42
A_PA	1532	9	T	0	0	9	40.8888888888889
A_PA	1533	9	G	0	0	9	40
A_PA	1534	9	A	0	0	9	42.5555555555556
A_PA	1535	9	G	0	0	9	42.2222222222222
A_PA	1536	9	G	0	0	9	42.1111111111111
A_PA	1537	9	A	0	0	9	44.4444444444444
A_PA	1538	9	A	0	0	9	44.1111111111111
A_PA	1539	9	T	0	0	9	41.1111111111111
A_PA	1540	9	G	0	0	9	39.6666666666667
A_PA	1541	9	A	0	0	9	36.4444444444444
A_PA	1542	9	C	0	0	9	37
A_PA	1543	9	A	0	0	9	39.4444444444444
A_PA	1544	9	C	0	0	9	41.1111111111111
A_PA	1545	9	A	0	0	9	38
A_PA	1546	9	G	0	0	9	41.8888888888889
A_PA	1547	9	A	0	0	9	41.7777777777778
A_PA	1548	9	T	0	0	9	43
A_PA	1549	9	G	0	0	9	42.3333333333333
A_PA	1550	9	T	0	0	9	42.4444444444444
A_PA	1551	9	G	0	0	9	41.4444444444444
A_PA	1552	9	G	0	0	9	38.4444444444444
A_PA	1553	9	T	0	0	9	38.2222222222222
A_PA	1554	9	A	0	0	9	37.5555555555556
A_PA	1555	9	A	0	0	9	39.6666666666667
A_PA	1556	9	A	0	0	9	39
A_PA	1557	9	C	0	0	9	40.6666666666667
A_PA	1558	9	T	0	0	9	40.8888888888889
A_PA	1559	9	T	0	0	9	43.1111111111111
A_PA	1560	9	T	0	0	9	41.2222222222222
A_PA	1561	9	G	0	0	9	42
A_PA	1562	9	T	0	0	9	41.4444444444444
A_PA	1563	9	G	0	0	9	43
A_PA	1564	9	A	0	0	9	45.2222222222222
A_PA	1565	9	G	0	0	9	44.3333333333333
A_PA	1566	9	C	0	0	9	45.2222222222222
A_PA	1567	9	A	0	0	9	43.5555555555556
A_PA	1568	9	T	0	0	9	43
A_PA	1569	9	G	0	0	9	40.4444444444444
A_PA	1570	9	G	0	0	9	41.8888888888889
A_PA	1571	9	A	0	0	9	40.6666666666667
A_PA	1572	9	A	0	0	8	38.75
A_PA	1573	9	T	0	0	9	39.8888888888889
A_PA	1574	9	T	0	0	9	42.5555555555556
A_PA	1575	9	T	0	0	9	40.3333333333333
A_PA	1576	9	T	0	0	9	41.1111111111111
A_PA	1577	9	C	0	0	9	43.1111111111111
A_PA	1578	9	T	0	0	9	42.4444444444444
A_PA	1579	9	C	0	0	9	41.4444444444444
A_PA	1580	9	T	0	0	9	41.3333333333333
A_PA	1581	8	C	1	0	8	40.375
A_PA	1582	9	A	0	0	9	41.1111111111111
A_PA	1583	9	C	0	0	9	41.2222222222222
A_PA	1584	9	A	0	0	9	40
A_PA	1585	9	G	0	0	9	41.4444444444444
A_PA	1586	9	A	0	0	8	43.875
A_PA	1587	9	T	0	0	9	41.6666666666667
A_PA	1588	10	C	0	0	10	43.1
A_PA	1589	10	C	0	0	10	45
A_PA	1590	10	G	0	0	10	43.8
A_PA	1591	10	A	0	0	10	42
A_PA	1592	10	G	0	0	10	42.9
A_PA	1593	10	A	0	0	10	42.2
A_PA	1594	10	C	0	0	10	41.8
A_PA	1595	10	T	0	0	10	39.9
A_PA	1596	10	T	0	0	10	40.4
A_PA	1597	10	G	0	0	10	37.5
A_PA	1598	10	A	0	0	10	38.5
A_PA	1599	10	A	0	0	10	36.1
A_PA	1600	10	C	0	0	10	38.7
A_PA	1601	10	C	0	0	10	38.3
A_PA	1602	10	A	0	0	10	40.8
A_PA	1603	10	C	0	0	10	40.2
A_PA	1604	10	A	0	0	10	41.3
A_PA	1605	10	T	0	0	10	40.7
A_PA	1606	10	A	0	0	10	40
A_PA	1607	10	A	0	0	10	36.4
A_PA	1608	10	A	0	0	10	36.8
A_PA	1609	26	T	0	0	26	38.2307692307692
A_PA	1610	26	G	0	0	26	35.3076923076923
A_PA	1611	27	G	0	0	27	35.0740740740741
A_PA	1612	27	G	0	0	27	34.7777777777778
A_PA	1613	27	A	0	0	27	35.7777777777778
A_PA	1614	27	G	0	0	27	37.4814814814815
A_PA	1615	27	A	0	0	27	39
A_PA	1616	27	A	0	0	27	40.7407407407407
A_PA	1617	27	A	0	0	27	41.2592592592593
A_PA	1618	27	T	0	0	27	41.4074074074074
A_PA	1619	27	A	0	0	27	39.8888888888889
A_PA	1620	27	T	0	0	27	41.1111111111111
A_PA	1621	27	T	0	0	27	40.1111111111111
A_PA	1622	27	G	0	0	27	40.7037037037037
A_PA	1623	27	T	0	0	27	40.3333333333333
A_PA	1624	27	G	0	0	27	40.2592592592593
A_PA	1625	27	T	0	0	27	40.3333333333333
A_PA	1626	27	C	0	0	27	40.9259259259259
A_PA	1627	27	C	0	0	27	40.2962962962963
A_PA	1628	27	T	0	0	26	40.8461538461538
A_PA	1629	27	T	0	0	27	39.7777777777778
A_PA	1630	27	G	0	0	27	38.2222222222222
A_PA	1631	27	A	0	0	27	38.8518518518519
A_PA	1632	27	G	0	0	27	39.4074074074074
A_PA	1633	27	A	0	0	27	38.0740740740741
A_PA	1634	27	T	0	0	27	37
A_PA	1635	27	A	0	0	27	37.037037037037
A_PA	1636	27	G	0	0	27	38.2222222222222
A_PA	1637	27	G	0	0	27	38.3333333333333
A_PA	1638	27	A	0	0	27	38.037037037037
A_PA	1639	27	G	0	0	27	38.5185185185185
A_PA	1640	27	A	0	0	27	38.2592592592593
A_PA	1641	27	T	0	0	27	38.6666666666667
A_PA	1642	27	A	0	0	27	37.3333333333333
A_PA	1643	27	T	0	0	27	37.9259259259259
A_PA	1644	27	G	0	0	27	36.4074074074074
A_PA	1645	27	T	0	0	27	35.0740740740741
A_PA	1646	27	T	0	0	27	35.1481481481481
A_PA	1647	27	A	0	0	26	30.6153846153846
A_PA	1648	27	C	0	0	27	31.1851851851852
A_PA	1649	27	T	0	0	27	32.4074074074074
A_PA	1650	27	A	0	0	27	32.1851851851852
A_PA	1651	27	A	0	0	27	31.2962962962963
A_PA	1652	29	G	0	0	29	33.0344827586207
A_PA	1653	28	G	1	0	28	35.6785714285714
A_PA	1654	28	A	1	0	28	35.7857142857143
A_PA	1655	29	G	0	0	28	37.2142857142857
A_PA	1656	29	T	0	0	29	36.2413793103448
A_PA	1657	29	G	0	0	29	36.4137931034483
A_PA	1658	29	C	0	0	29	36.6551724137931
A_PA	1659	29	C	0	0	29	36.3793103448276
A_PA	1660	29	A	0	0	29	36.8965517241379
A_PA	1661	29	T	0	0	29	37.5862068965517
A_PA	1662	28	A	1	0	28	37.1428571428571
A_PA	1663	29	G	0	0	29	36.448275862069
A_PA	1664	29	G	0	0	29	34.8965517241379
A_PA	1665	29	C	0	0	29	36.0689655172414
A_PA	1666	29	C	0	0	29	35.8275862068966
A_PA	1667	29	A	0	0	29	35.2413793103448
A_PA	1668	29	A	0	0	29	36.9310344827586
A_PA	1669	29	A	0	0	29	38.5862068965517
A_PA	1670	29	T	0	0	29	37.3793103448276
A_PA	1671	29	T	0	0	29	38.4137931034483
A_PA	1672	29	T	0	0	29	39.8620689655172
A_PA	1673	29	C	0	0	29	38.8275862068966
A_PA	1674	29	A	0	0	29	39.4827586206897
A_PA	1675	29	A	0	0	29	40.2758620689655
A_PA	1676	29	G	0	0	29	39.7931034482759
A_PA	1677	29	G	0	0	29	39.6206896551724
A_PA	1678	29	C	0	0	29	38.551724137931
A_PA	1679	29	C	0	0	29	37.9655172413793
A_PA	1680	29	A	0	0	29	39.3793103448276
A_PA	1681	29	A	0	0	29	38.8965517241379
A_PA	1682	29	T	0	0	29	38.7241379310345
A_PA	1683	30	G	0	0	30	37.9333333333333
A_PA	1684	30	T	0	0	30	39.0333333333333
A_PA	1685	30	T	0	0	30	39.8
A_PA	1686	30	C	0	0	30	39.4
A_PA	1687	30	T	0	0	30	39.3333333333333
A_PA	1688	30	T	0	0	30	41.3333333333333
A_PA	1689	30	G	0	0	30	39.7
A_PA	1690	30	T	0	0	30	40.5666666666667
A_PA	1691	30	A	0	0	30	39.3
A_PA	1692	30	T	0	0	30	38.4333333333333
A_PA	1693	30	G	0	0	30	39.3333333333333
A_PA	1694	30	T	0	0	30	39.9333333333333
A_PA	1695	30	G	0	0	30	39.2666666666667
A_PA	1696	30	A	0	0	30	39.4333333333333
A_PA	1697	30	G	0	0	30	40.5333333333333
A_PA	1698	30	G	0	0	30	39.8666666666667
A_PA	1699	30	A	0	0	30	40.2333333333333
A_PA	1700	30	C	0	0	30	41.1666666666667
A_PA	1701	30	A	0	0	30	41.9666666666667
A_PA	1702	30	A	0	0	30	42.5
A_PA	1703	30	A	0	0	29	43.1379310344828
A_PA	1704	30	C	0	0	30	42.5666666666667
A_PA	1705	30	G	0	0	30	41.7
A_PA	1706	30	G	0	0	29	41.4137931034483
A_PA	1707	30	A	0	0	30	42.2666666666667
A_PA	1708	30	A	0	0	30	41.5666666666667
A_PA	1709	30	C	0	0	30	42.7
A_PA	1710	30	A	0	0	30	42.3
A_PA	1711	30	T	0	0	30	43.8
A_PA	1712	30	C	0	0	30	42.3666666666667
A_PA	1713	30	A	0	0	30	41.4666666666667
A_PA	1714	30	A	0	0	30	43.0333333333333
A_PA	1715	30	A	0	0	30	42
A_PA	1716	30	A	0	0	30	42.2666666666667
A_PA	1717	30	G	0	0	30	42.8666666666667
A_PA	1718	30	T	0	0	30	43.2
A_PA	1719	30	C	0	0	30	38.9333333333333
A_PA	1720	30	A	0	0	30	40.3
A_PA	1721	30	A	0	0	30	39.6333333333333
A_PA	1722	30	A	0	0	30	40.1
A_PA	1723	30	A	0	0	30	40.6
A_PA	1724	30	T	0	0	30	40.6666666666667
A_PA	1725	30	G	0	0	30	37.5666666666667
A_PA	1726	31	A	0	0	31	37.6129032258064
A_PA	1727	51	A	0	0	51	39.4117647058824
A_PA	1728	51	A	0	0	51	39.4117647058824
A_PA	1729	51	T	0	0	51	39.4901960784314
A_PA	1730	51	G	0	0	51	39.156862745098
A_PA	1731	51	G	0	0	51	39.2941176470588
A_PA	1732	51	G	0	0	51	41.3137254901961
A_PA	1733	51	G	0	0	50	41.18
A_PA	1734	51	A	0	0	51	42.0980392156863
A_PA	1735	51	A	0	0	51	41.0588235294118
A_PA	1736	51	T	0	0	51	41.2352941176471
A_PA	1737	51	G	0	0	51	39.0588235294118
A_PA	1738	53	G	0	0	53	38.5660377358491
A_PA	1739	53	A	0	0	53	39.1320754716981
A_PA	1740	53	G	0	0	53	38.6792452830189
A_PA	1741	53	A	0	0	53	38.3396226415094
A_PA	1742	53	T	0	0	53	39.0566037735849
A_PA	1743	52	G	1	0	52	36.8269230769231
A_PA	1744	52	A	1	0	52	36.3269230769231
A_PA	1745	52	G	1	0	52	35.9230769230769
A_PA	1746	52	A	1	0	52	36.0192307692308
A_PA	1747	52	C	1	0	52	36.2884615384615
A_PA	1748	52	G	1	0	50	36.02
A_PA	1749	52	T	1	0	52	36.5961538461538
A_PA	1750	52	T	1	0	52	36.3269230769231
A_PA	1751	51	G	2	0	51	34.7254901960784
A_PA	1752	53	C	1	0	51	34.843137254902
A_PA	1753	53	C	1	0	53	33.2641509433962
A_PA	1754	54	T	0	0	53	34.5094339622642
A_PA	1755	53	C	1	0	52	33.7884615384615
A_PA	1756	54	C	0	0	53	35.8490566037736
A_PA	1757	53	T	1	0	53	35.4905660377358
A_PA	1758	54	T	0	0	53	34.9056603773585
A_PA	1759	54	C	0	0	53	32.6603773584906
A_PA	1760	54	A	0	0	54	32.6111111111111
A_PA	1761	54	G	0	0	54	32
A_PA	1762	54	T	0	0	54	33.462962962963
A_PA	1763	54	C	0	0	54	34.3518518518519
A_PA	1764	54	A	0	0	54	34.3888888888889
A_PA	1765	54	C	0	0	54	34.5185185185185
A_PA	1766	54	T	0	0	54	35.0185185185185
A_PA	1767	54	C	0	0	54	35.6111111111111
A_PA	1768	54	C	0	0	54	36.037037037037
A_PA	1769	54	A	0	0	54	35.7037037037037
A_PA	1770	54	G	0	0	54	37.0185185185185
A_PA	1771	54	C	0	0	54	38.1481481481481
A_PA	1772	59	A	0	0	59	36.5932203389831
A_PA	1773	59	G	0	0	59	35.8983050847458
A_PA	1774	60	A	0	0	60	36.1166666666667
A_PA	1775	60	T	0	0	59	36.4745762711864
A_PA	1776	59	C	1	0	59	35.9830508474576
A_PA	1777	59	G	1	0	59	35.9491525423729
A_PA	1778	60	A	0	0	60	34.25
A_PA	1779	60	G	0	0	59	35.3559322033898
A_PA	1780	60	A	0	0	60	35.7
A_PA	1781	59	G	1	0	59	36.9830508474576
A_PA	1782	60	C	0	0	60	37.3
A_PA	1783	60	A	0	0	60	36.7666666666667
A_PA	1784	60	T	0	0	60	36.6
A_PA	1785	60	G	0	0	60	36.6166666666667
A_PA	1786	60	A	0	0	60	37.2166666666667
A_PA	1787	63	T	0	0	63	38.8571428571429
A_PA	1788	61	T	2	0	61	39.8524590163934
A_PA	1789	61	G	2	0	61	39.0163934426229
A_PA	1790	61	A	2	0	61	39.4918032786885
A_PA	1791	61	A	2	0	61	39.5737704918033
A_PA	1792	61	G	2	0	60	40
A_PA	1793	61	C	2	0	61	40.3606557377049
A_PA	1794	61	C	2	0	61	38.9344262295082
A_PA	1795	60	G	3	0	58	38.2758620689655
A_PA	1796	61	A	2	0	61	38.1311475409836
A_PA	1797	61	G	2	0	60	37.3
A_PA	1798	61	T	2	0	61	36.9344262295082
A_PA	1799	60	C	3	0	60	37.7666666666667
A_PA	1800	61	C	2	0	61	37.2295081967213
A_PA	1801	61	T	2	0	61	37.6065573770492
A_PA	1802	61	C	2	0	60	36.9833333333333
A_PA	1803	61	A	2	0	61	36.8688524590164
A_PA	1804	61	G	2	0	61	36.4426229508197
A_PA	1805	61	T	2	0	61	36.1475409836066
A_PA	1806	62	T	2	0	62	35.8709677419355
A_PA	1807	62	A	2	0	62	34.7258064516129
A_PA	1808	62	A	2	0	62	34.7258064516129
A_PA	1809	62	A	2	0	62	35.7903225806452
A_PA	1810	62	G	2	0	62	35.4032258064516
A_PA	1811	62	A	2	0	62	35.258064516129
A_PA	1812	62	G	2	0	62	36.1451612903226
A_PA	1813	62	A	2	0	62	35.2903225806452
A_PA	1814	61	G	3	0	61	36.1475409836066
A_PA	1815	62	A	2	0	62	36.8064516129032
A_PA	1816	62	G	2	0	62	37.6451612903226
A_PA	1817	62	A	2	0	61	38.3606557377049
A_PA	1818	62	C	2	0	62	39.258064516129
A_PA	1819	62	A	2	0	62	38.741935483871
A_PA	1820	62	T	2	0	62	39.4032258064516
A_PA	1821	62	G	2	0	62	37.2741935483871
A_PA	1822	62	A	2	0	62	37.3548387096774
A_PA	1823	62	C	2	0	62	37.5645161290323
A_PA	1824	62	C	2	0	62	36.7096774193548
A_PA	1825	62	A	2	0	62	36.3870967741936
A_PA	1826	62	A	2	0	62	37.7258064516129
A_PA	1827	62	A	2	0	62	38.3064516129032
A_PA	1828	62	G	2	0	62	39.4838709677419
A_PA	1829	62	A	2	0	62	42.2903225806452
A_PA	1830	62	G	2	0	62	41.2258064516129
A_PA	1831	59	T	5	0	59	40.6271186440678
A_PA	1832	62	T	2	0	62	38.8870967741936
A_PA	1833	62	T	2	0	62	37.4032258064516
A_PA	1834	62	T	2	0	62	37.0645161290323
A_PA	1835	62	T	2	0	61	37.5901639344262
A_PA	1836	62	T	2	0	61	39.1311475409836
A_PA	1837	62	G	2	0	61	37.3606557377049
A_PA	1838	62	A	2	0	62	37.8709677419355
A_PA	1839	62	G	2	0	62	38.0967741935484
A_PA	1840	62	A	2	0	62	39.3709677419355
A_PA	1841	62	A	2	0	61	40.4098360655738
A_PA	1842	62	T	2	0	60	40.5666666666667
A_PA	1843	62	A	2	0	62	39.2096774193548
A_PA	1844	62	A	2	0	62	39.0322580645161
A_PA	1845	62	A	2	0	62	39.9677419354839
A_PA	1846	62	T	2	0	62	40.4516129032258
A_PA	1847	62	C	2	0	61	40.5409836065574
A_PA	1848	62	A	2	0	61	39.8196721311475
A_PA	1849	62	G	2	0	62	38.7096774193548
A_PA	1850	62	A	2	0	62	40.0161290322581
A_PA	1851	62	A	2	0	62	39.1612903225806
A_PA	1852	62	G	2	0	62	38.5645161290323
A_PA	1853	62	C	2	0	62	40.4516129032258
A_PA	1854	62	A	2	0	62	40.6129032258064
A_PA	1855	62	T	2	0	62	41.0967741935484
A_PA	1856	62	G	2	0	61	38.8852459016393
A_PA	1857	62	G	2	0	62	39.8548387096774
A_PA	1858	62	C	2	0	62	38.5967741935484
A_PA	1859	62	C	2	0	62	38.2741935483871
A_PA	1860	62	C	2	0	61	39.5245901639344
A_PA	1861	62	A	2	0	62	38.258064516129
A_PA	1862	62	T	2	0	62	36.6129032258064
A_PA	1863	62	T	2	0	62	37.0322580645161
A_PA	1864	59	G	5	0	59	35.6779661016949
A_PA	1865	61	G	3	0	61	34.672131147541
A_PA	1866	61	G	3	0	61	36.4918032786885
A_PA	1867	61	G	3	0	61	37.344262295082
A_PA	1868	61	A	3	0	61	39.4426229508197
A_PA	1869	61	A	3	0	61	38.5409836065574
A_PA	1870	60	T	4	0	58	39.2413793103448
A_PA	1871	60	C	4	0	58	37.9655172413793
A_PA	1872	61	C	3	0	60	37.7166666666667
A_PA	1873	61	C	3	0	60	37.95
A_PA	1874	61	C	3	0	61	39.1639344262295
A_PA	1875	61	C	3	0	61	38.1475409836066
A_PA	1876	59	A	5	0	59	37.0169491525424
A_PA	1877	61	A	3	0	61	36.3934426229508
A_PA	1878	61	A	3	0	60	36.4
A_PA	1879	61	G	3	0	61	36.2295081967213
A_PA	1880	61	G	3	0	60	35.35
A_PA	1881	61	A	3	0	61	38.344262295082
A_PA	1882	60	G	4	0	60	38.8333333333333
A_PA	1883	61	T	3	0	61	36.6885245901639
A_PA	1884	61	G	3	0	61	35.9344262295082
A_PA	1885	61	G	3	0	60	36.2666666666667
A_PA	1886	61	A	3	0	61	35.3770491803279
A_PA	1887	61	G	3	0	61	37.1967213114754
A_PA	1888	61	G	3	0	61	37.2950819672131
A_PA	1889	61	A	3	0	61	36.6885245901639
A_PA	1890	61	A	3	0	61	38.0819672131148
A_PA	1891	61	G	3	0	60	38.8333333333333
A_PA	1892	62	G	2	0	62	38
A_PA	1893	62	T	2	0	62	39.1612903225806
A_PA	1894	62	T	2	0	62	39.4516129032258
A_PA	1895	62	C	2	0	62	38.7096774193548
A_PA	1896	62	C	2	0	62	39.0806451612903
A_PA	1897	61	A	3	0	61	38.6229508196721
A_PA	1898	61	T	3	0	61	39.4590163934426
A_PA	1899	62	T	2	0	62	39.0967741935484
A_PA	1900	61	G	3	0	61	39.4754098360656
A_PA	1901	62	G	2	0	62	39.758064516129
A_PA	1902	62	G	2	0	62	39.3064516129032
A_PA	1903	57	A	7	0	55	39.8545454545455
A_PA	1904	62	A	2	0	62	41.3548387096774
A_PA	1905	62	A	2	0	62	42.1935483870968
A_PA	1906	62	G	2	0	62	40.6935483870968
A_PA	1907	62	T	2	0	62	41.6612903225806
A_PA	1908	62	C	2	0	61	39.2950819672131
A_PA	1909	62	T	2	0	62	39.3225806451613
A_PA	1910	157	G	3	0	157	38.1974522292994
A_PA	1911	158	T	2	0	158	37.6835443037975
A_PA	1912	159	A	2	0	159	36.440251572327
A_PA	1913	160	G	2	0	160	37.1875
A_PA	1914	160	G	2	0	160	37.6375
A_PA	1915	160	A	2	0	159	37.7044025157233
A_PA	1916	160	C	2	0	160	38.74375
A_PA	1917	160	T	2	0	160	39.00625
A_PA	1918	160	C	2	0	159	38.2767295597484
A_PA	1919	160	T	2	0	159	39.062893081761
A_PA	1920	160	A	2	0	160	38.525
A_PA	1921	160	T	2	0	160	39.43125
A_PA	1922	160	T	2	0	160	38.79375
A_PA	1923	160	G	2	0	160	38.61875
A_PA	1924	160	G	2	0	160	39.58125
A_PA	1925	159	C	3	0	159	39.8867924528302
A_PA	1926	160	T	2	0	160	39.89375
A_PA	1927	160	A	2	0	159	40.2389937106918
A_PA	1928	160	A	2	0	160	38.9
A_PA	1929	160	G	2	0	160	37.41875
A_PA	1930	160	T	2	0	159	37.6289308176101
A_PA	1931	160	C	2	0	157	37.5095541401274
A_PA	1932	161	A	2	0	159	37.3899371069182
A_PA	1933	161	G	2	0	160	36.9625
A_PA	1934	160	T	3	0	160	36.475
A_PA	1935	160	A	3	0	159	36.8805031446541
A_PA	1936	160	T	3	0	159	36.7358490566038
A_PA	1937	161	T	2	0	161	37.1366459627329
A_PA	1938	161	C	2	0	160	36.26875
A_PA	1939	161	A	2	0	161	35.5590062111801
A_PA	1940	161	A	2	0	161	35.6211180124224
A_PA	1941	161	T	2	0	161	36.7453416149068
A_PA	1942	161	A	2	0	160	35.70625
A_PA	1943	161	G	2	0	160	35.90625
A_PA	1944	161	C	2	0	161	35.7515527950311
A_PA	1945	161	C	2	0	161	34.527950310559
A_PA	1946	160	T	3	0	160	34.73125
A_PA	1947	161	A	3	0	161	34.7950310559006
A_PA	1948	161	T	3	0	161	36.3105590062112
A_PA	1949	162	A	3	0	162	36.358024691358
A_PA	1950	165	T	0	0	165	37.9757575757576
A_PA	1951	165	G	0	0	165	38.3030303030303
A_PA	1952	165	C	0	0	165	39.0969696969697
A_PA	1953	165	A	0	0	165	38.8666666666667
A_PA	1954	164	T	0	0	164	39.3109756097561
A_PA	1955	164	C	0	0	164	39.1951219512195
A_PA	1956	164	A	0	0	164	39.4146341463415
A_PA	1957	164	C	0	0	164	39.6036585365854
A_PA	1958	164	C	0	0	162	39.5617283950617
A_PA	1959	164	A	0	0	164	40.0853658536585
A_PA	1960	164	C	0	0	164	39.8780487804878
A_PA	1961	164	A	0	0	164	39.2439024390244
A_PA	1962	164	A	0	0	164	40.1524390243902
A_PA	1963	164	T	0	0	164	40
A_PA	1964	164	T	0	0	164	40.7926829268293
A_PA	1965	164	G	0	0	164	40.4207317073171
A_PA	1966	164	G	0	0	164	40.8292682926829
A_PA	1967	163	A	1	0	163	40.0736196319018
A_PA	1968	164	A	0	0	164	39.9146341463415
A_PA	1969	164	G	0	0	164	40.8658536585366
A_PA	1970	165	G	0	0	165	40.6969696969697
A_PA	1971	165	A	0	0	165	40.3818181818182
A_PA	1972	160	T	5	0	159	41.5157232704403
A_PA	1973	165	T	0	0	165	40.8242424242424
A_PA	1974	164	T	1	0	164	41.359756097561
A_PA	1975	164	T	1	0	164	40.1585365853659
A_PA	1976	164	C	1	0	163	38.3374233128834
A_PA	1977	165	A	0	0	163	39.2331288343558
A_PA	1978	165	G	0	0	165	38.830303030303
A_PA	1979	165	C	0	0	165	38.6060606060606
A_PA	1980	165	A	0	0	165	38.1272727272727
A_PA	1981	165	G	0	0	164	38.0365853658537
A_PA	1982	165	A	0	0	165	37.8545454545455
A_PA	1983	165	G	0	0	165	38.3636363636364
A_PA	1984	164	T	1	0	164	38.1585365853659
A_PA	1985	165	C	0	0	164	36.6646341463415
A_PA	1986	161	A	4	0	159	36.6603773584906
A_PA	1987	165	A	0	0	165	36.6121212121212
A_PA	1988	165	G	0	0	163	36.5030674846626
A_PA	1989	163	A	2	0	162	37.9938271604938
A_PA	1990	165	A	0	0	165	38.6787878787879
A_PA	1991	165	A	0	0	165	40.2
A_PA	1992	165	A	0	0	164	40.6341463414634
A_PA	1993	165	C	0	0	165	39.4424242424242
A_PA	1994	165	T	0	0	165	40.3212121212121
A_PA	1995	165	G	0	0	165	39.5090909090909
A_PA	1996	165	C	0	0	165	39.6060606060606
A_PA	1997	164	T	1	0	164	39.7256097560976
A_PA	1998	165	C	0	0	165	39.2363636363636
A_PA	1999	164	C	1	0	164	39.280487804878
A_PA	2000	164	T	1	0	163	38.5644171779141
A_PA	2001	164	T	1	0	164	38.5792682926829
A_PA	2002	165	A	0	0	165	38.1212121212121
A_PA	2003	165	T	0	0	165	38.3575757575758
A_PA	2004	165	T	0	0	165	38.9515151515152
A_PA	2005	165	G	0	0	165	39.7333333333333
A_PA	2006	165	T	0	0	164	39.3780487804878
A_PA	2007	165	T	0	0	165	39.3090909090909
A_PA	2008	164	C	1	0	163	38.5337423312883
A_PA	2009	164	A	1	0	163	38.2944785276074
A_PA	2010	164	G	1	0	164	38.8780487804878
A_PA	2011	165	G	0	0	165	38.8545454545455
A_PA	2012	164	C	1	0	163	39.0368098159509
A_PA	2013	164	T	1	0	163	39.5828220858896
A_PA	2014	164	C	1	0	164	38.4939024390244
A_PA	2015	162	T	3	0	162	38.3641975308642
A_PA	2016	163	T	2	0	163	38.680981595092
A_PA	2017	163	A	2	0	163	36.9141104294479
A_PA	2018	161	G	4	0	160	37.26875
A_PA	2019	164	G	1	0	164	38.3780487804878
A_PA	2020	165	G	0	0	163	39.6134969325153
A_PA	2021	165	A	0	0	165	40.0121212121212
A_PA	2022	162	C	3	0	162	41.0246913580247
A_PA	2023	163	A	2	0	161	40.7763975155279
A_PA	2024	165	A	0	0	165	40.1818181818182
A_PA	2025	165	A	0	0	163	39.7361963190184
A_PA	2026	165	C	0	0	164	38.7926829268293
A_PA	2027	165	T	0	0	165	40.169696969697
A_PA	2028	165	C	0	0	164	38.9451219512195
A_PA	2029	164	G	1	0	161	39.1428571428571
A_PA	2030	165	A	0	0	165	38.9939393939394
A_PA	2031	165	A	0	0	165	40.2787878787879
A_PA	2032	165	C	0	0	165	39.6666666666667
A_PA	2033	165	C	0	0	165	41.4787878787879
A_PA	2034	165	T	0	0	165	42.1272727272727
A_PA	2035	165	G	0	0	164	40.2621951219512
A_PA	2036	165	G	0	0	165	40.5090909090909
A_PA	2037	165	G	0	0	163	40.3496932515337
A_PA	2038	165	A	0	0	164	40.030487804878
A_PA	2039	164	C	1	0	163	39.8466257668712
A_PA	2040	163	T	2	0	162	39.6728395061728
A_PA	2041	165	T	0	0	165	37.9818181818182
A_PA	2042	165	T	0	0	165	38.5454545454545
A_PA	2043	165	T	0	0	165	41.3212121212121
A_PA	2044	165	G	0	0	164	38.8536585365854
A_PA	2045	165	A	0	0	165	39.3212121212121
A_PA	2046	165	T	0	0	164	39.3231707317073
A_PA	2047	165	C	0	0	165	38.2484848484848
A_PA	2048	164	T	1	0	164	39.2682926829268
A_PA	2049	165	T	0	0	165	38.9636363636364
A_PA	2050	160	G	5	0	160	36.26875
A_PA	2051	163	G	2	0	162	36.537037037037
A_PA	2052	163	G	2	0	163	37.8957055214724
A_PA	2053	164	G	1	0	164	38.3658536585366
A_PA	2054	165	G	0	0	164	39.5121951219512
A_PA	2055	164	G	1	0	164	38.6219512195122
A_PA	2056	163	C	2	0	162	38.2098765432099
A_PA	2057	163	T	2	0	161	38.8260869565217
A_PA	2058	163	A	2	0	163	39.2208588957055
A_PA	2059	163	T	2	0	158	39.8607594936709
A_PA	2060	164	A	1	0	164	39.4878048780488
A_PA	2061	164	T	1	0	163	40.1349693251534
A_PA	2062	165	G	0	0	165	38.4121212121212
A_PA	2063	164	A	1	0	164	38.1890243902439
A_PA	2064	165	A	0	0	164	38.719512195122
A_PA	2065	165	G	0	0	165	38.9454545454545
A_PA	2066	165	C	0	0	165	39.7030303030303
A_PA	2067	165	A	0	0	164	39.4634146341463
A_PA	2068	165	A	0	0	165	39.5151515151515
A_PA	2069	165	T	0	0	165	40.0606060606061
A_PA	2070	165	T	0	0	165	39.6
A_PA	2071	165	G	0	0	163	39.4355828220859
A_PA	2072	165	A	0	0	165	39.6969696969697
A_PA	2073	164	G	1	0	164	39.6768292682927
A_PA	2074	165	G	0	0	164	39.5426829268293
A_PA	2075	165	A	0	0	165	39.8
A_PA	2076	165	G	0	0	165	39.3393939393939
A_PA	2077	165	T	0	0	165	39.8484848484849
A_PA	2078	165	G	0	0	165	39.5878787878788
A_PA	2079	165	C	0	0	165	40.1393939393939
A_PA	2080	165	C	0	0	164	40.4085365853659
A_PA	2081	165	T	0	0	164	40.7743902439024
A_PA	2082	165	G	0	0	165	39.9333333333333
A_PA	2083	165	A	0	0	165	39.5030303030303
A_PA	2084	165	T	0	0	165	40.3515151515152
A_PA	2085	165	T	0	0	164	40.3536585365854
A_PA	2086	165	A	0	0	165	39.5454545454545
A_PA	2087	164	A	1	0	164	40.5060975609756
A_PA	2088	164	T	1	0	164	41.3048780487805
A_PA	2089	164	G	1	0	163	40.6993865030675
A_PA	2090	165	A	0	0	165	40.7090909090909
A_PA	2091	165	T	0	0	164	41.1829268292683
A_PA	2092	164	C	1	0	164	39.5670731707317
A_PA	2093	164	C	1	0	163	39.6993865030675
A_PA	2094	165	C	0	0	165	39.1454545454545
A_PA	2095	165	T	0	0	165	38.6727272727273
A_PA	2096	165	G	0	0	165	38.4060606060606
A_PA	2097	165	G	0	0	165	39.8909090909091
A_PA	2098	165	G	0	0	165	40.2121212121212
A_PA	2099	165	T	0	0	165	40.9090909090909
A_PA	2100	165	T	0	0	165	41.1636363636364
A_PA	2101	165	T	0	0	165	41.4484848484848
A_PA	2102	165	T	0	0	163	41.9693251533742
A_PA	2103	165	G	0	0	165	40.5818181818182
A_PA	2104	165	C	0	0	165	40.230303030303
A_PA	2105	165	T	0	0	165	40.4363636363636
A_PA	2106	164	C	1	0	162	39.4012345679012
A_PA	2107	165	A	0	0	163	38.8895705521472
A_PA	2108	165	A	0	0	164	38.1585365853659
A_PA	2109	165	T	0	0	165	38.7030303030303
A_PA	2110	165	G	0	0	165	37.9454545454545
A_PA	2111	164	C	1	0	164	38.0060975609756
A_PA	2112	163	G	2	0	161	36.3229813664596
A_PA	2113	162	T	3	0	161	36.4285714285714
A_PA	2114	164	C	1	0	162	36.7962962962963
A_PA	2115	163	T	2	0	162	36.0308641975309
A_PA	2116	165	T	0	0	165	36.4545454545455
A_PA	2117	165	G	0	0	164	36.5182926829268
A_PA	2118	165	G	0	0	163	36.920245398773
A_PA	2119	165	T	0	0	165	36.6
A_PA	2120	165	T	0	0	165	37.5636363636364
A_PA	2121	165	C	0	0	162	37.4506172839506
A_PA	2122	165	A	0	0	164	37.9573170731707
A_PA	2123	164	A	1	0	163	39.2208588957055
A_PA	2124	164	C	1	0	163	39.1165644171779
A_PA	2125	165	T	0	0	165	39.4848484848485
A_PA	2126	165	C	0	0	165	39.0545454545455
A_PA	2127	164	C	1	0	163	38.7914110429448
A_PA	2128	164	T	1	0	164	38.8780487804878
A_PA	2129	165	T	0	0	164	38.5670731707317
A_PA	2130	164	C	0	0	163	37.7239263803681
A_PA	2131	164	C	0	0	163	37.9509202453988
A_PA	2132	163	T	1	0	163	37.8650306748466
A_PA	2133	163	G	1	0	162	37.7962962962963
A_PA	2134	164	A	0	0	164	38.3109756097561
A_PA	2135	164	C	0	0	164	38.6890243902439
A_PA	2136	164	A	0	0	164	38.0914634146341
A_PA	2137	164	C	0	0	164	38.8170731707317
A_PA	2138	164	A	0	0	164	38.6768292682927
A_PA	2139	164	T	0	0	164	39.0426829268293
A_PA	2140	164	G	0	0	164	39.0487804878049
A_PA	2141	164	C	0	0	164	39.6280487804878
A_PA	2142	164	A	0	0	164	38.8963414634146
A_PA	2143	164	C	0	0	164	39.4573170731707
A_PA	2144	164	T	0	0	164	39.1341463414634
A_PA	2145	164	A	0	0	163	37.9631901840491
A_PA	2146	164	A	0	0	164	38.2134146341463
A_PA	2147	164	A	0	0	164	38.5243902439024
A_PA	2148	164	A	0	0	164	38.3353658536585
A_PA	2149	164	T	0	0	164	37.9207317073171
A_PA	2150	163	A	0	0	163	37.8588957055215
A_PA	2151	163	G	0	0	163	37.5521472392638
