Reference_Name	Position	Coverage Depth	Consensus	Deletions	Ambiguous	Consensus_Count	Consensus_Average_Quality
A_PB2	1	46	A	0	0	46	37.5434782608696
A_PB2	2	46	T	0	0	46	38.1739130434783
A_PB2	3	46	G	0	0	46	39.0869565217391
A_PB2	4	46	G	0	0	46	38.6521739130435
A_PB2	5	46	A	0	0	46	38.7173913043478
A_PB2	6	46	A	0	0	46	38.9347826086956
A_PB2	7	46	A	0	0	46	39.3913043478261
A_PB2	8	46	G	0	0	46	38.5217391304348
A_PB2	9	46	A	0	0	46	38.7826086956522
A_PB2	10	46	A	0	0	46	37.2173913043478
A_PB2	11	46	T	0	0	46	36.4782608695652
A_PB2	12	46	A	0	0	46	34.4130434782609
A_PB2	13	46	A	0	0	46	32.2608695652174
A_PB2	14	46	A	0	0	46	34.0217391304348
A_PB2	15	46	A	0	0	46	34.4130434782609
A_PB2	16	46	G	0	0	46	33.6521739130435
A_PB2	17	46	A	0	0	46	33.1304347826087
A_PB2	18	46	A	0	0	46	33.1739130434783
A_PB2	19	46	C	0	0	46	32.8695652173913
A_PB2	20	46	T	0	0	46	33.6304347826087
A_PB2	21	46	A	0	0	46	34.0217391304348
A_PB2	22	46	C	0	0	46	34.0869565217391
A_PB2	23	46	G	0	0	46	31.8478260869565
A_PB2	24	46	G	0	0	46	30.304347826087
A_PB2	25	46	A	0	0	45	31.3333333333333
A_PB2	26	46	A	0	0	46	30.0434782608696
A_PB2	27	46	T	0	0	46	32.2391304347826
A_PB2	28	46	C	0	0	46	31.304347826087
A_PB2	29	46	T	0	0	46	31.5869565217391
A_PB2	30	46	A	0	0	45	30.9333333333333
A_PB2	31	45	A	1	0	45	31
A_PB2	32	45	T	1	0	45	32.1555555555556
A_PB2	33	45	G	1	0	44	32.3863636363636
A_PB2	34	45	T	1	0	44	32.3863636363636
A_PB2	35	45	C	1	0	43	34.6744186046512
A_PB2	36	45	G	1	0	41	35.5121951219512
A_PB2	37	46	C	0	0	46	33.5217391304348
A_PB2	38	46	A	0	0	45	34.9555555555556
A_PB2	39	46	G	0	0	46	34.0217391304348
A_PB2	40	45	T	1	0	44	35.2727272727273
A_PB2	41	46	C	0	0	46	34.5869565217391
A_PB2	42	45	T	1	0	44	36.3409090909091
A_PB2	43	46	C	0	0	46	34.9565217391304
A_PB2	44	45	G	1	0	45	35.8888888888889
A_PB2	45	46	C	0	0	46	33.8695652173913
A_PB2	46	46	A	0	0	45	34.5111111111111
A_PB2	47	46	C	0	0	45	33.3111111111111
A_PB2	48	46	C	0	0	46	33.5869565217391
A_PB2	49	46	C	0	0	44	35.9545454545455
A_PB2	50	46	G	0	0	46	33.7391304347826
A_PB2	51	46	C	0	0	46	34.8260869565217
A_PB2	52	46	G	0	0	45	35.9555555555556
A_PB2	53	46	A	0	0	46	36.7826086956522
A_PB2	54	46	G	0	0	45	36.8222222222222
A_PB2	55	46	A	0	0	46	37.3260869565217
A_PB2	56	46	T	0	0	46	38.9782608695652
A_PB2	57	46	A	0	0	46	36.8913043478261
A_PB2	58	46	C	0	0	46	37.2608695652174
A_PB2	59	45	T	1	0	45	38.6444444444444
A_PB2	60	46	G	0	0	45	37.8
A_PB2	61	46	A	0	0	46	37.6521739130435
A_PB2	62	46	C	0	0	44	38.2272727272727
A_PB2	63	45	A	1	0	44	38.0909090909091
A_PB2	64	46	A	0	0	46	36.9565217391304
A_PB2	65	46	A	0	0	46	37.304347826087
A_PB2	66	46	A	0	0	46	38.9565217391304
A_PB2	67	46	A	0	0	45	40.9555555555556
A_PB2	68	46	C	0	0	46	39.2826086956522
A_PB2	69	46	C	0	0	46	39.6739130434783
A_PB2	70	46	A	0	0	46	39.5
A_PB2	71	46	C	0	0	46	41.2173913043478
A_PB2	72	46	A	0	0	46	40.4782608695652
A_PB2	73	46	G	0	0	46	41.3695652173913
A_PB2	74	46	T	0	0	46	39.5
A_PB2	75	46	G	0	0	46	40.1739130434783
A_PB2	76	46	G	0	0	46	39.7391304347826
A_PB2	77	46	A	0	0	46	40.6086956521739
A_PB2	78	45	C	1	0	45	41.1555555555556
A_PB2	79	46	C	0	0	46	40.7608695652174
A_PB2	80	46	A	0	0	46	41.2173913043478
A_PB2	81	46	T	0	0	45	41.4888888888889
A_PB2	82	46	A	0	0	45	41.7555555555556
A_PB2	83	46	T	0	0	46	39.5
A_PB2	84	46	G	0	0	46	40.0652173913044
A_PB2	85	46	G	0	0	46	40.804347826087
A_PB2	86	46	C	0	0	46	38.4347826086956
A_PB2	87	46	C	0	0	46	37.8913043478261
A_PB2	88	46	A	0	0	46	37.4565217391304
A_PB2	89	46	T	0	0	46	37.5869565217391
A_PB2	90	46	A	0	0	46	36.6521739130435
A_PB2	91	46	A	0	0	46	38.2173913043478
A_PB2	92	46	T	0	0	46	38.4347826086956
A_PB2	93	46	T	0	0	46	38.4782608695652
A_PB2	94	46	A	0	0	46	36.9130434782609
A_PB2	95	46	A	0	0	46	35.5869565217391
A_PB2	96	46	G	0	0	46	35.5652173913044
A_PB2	97	46	A	0	0	46	35.3260869565217
A_PB2	98	46	A	0	0	46	34.695652173913
A_PB2	99	46	A	0	0	46	35.8913043478261
A_PB2	100	46	T	0	0	46	35.7608695652174
A_PB2	101	46	A	0	0	46	35.8478260869565
A_PB2	102	46	C	0	0	46	35.8695652173913
A_PB2	103	46	A	0	0	45	36.6222222222222
A_PB2	104	46	C	0	0	46	35.0434782608696
A_PB2	105	46	A	0	0	46	34.0217391304348
A_PB2	106	46	T	0	0	46	34.804347826087
A_PB2	107	46	C	0	0	46	33.5434782608696
A_PB2	108	46	G	0	0	46	34.8695652173913
A_PB2	109	46	G	0	0	46	34.1304347826087
A_PB2	110	46	G	0	0	46	33.4782608695652
A_PB2	111	46	G	0	0	44	34.5681818181818
A_PB2	112	46	A	0	0	46	36.9782608695652
A_PB2	113	47	G	0	0	47	37.0425531914894
A_PB2	114	47	A	0	0	47	36
A_PB2	115	47	C	0	0	47	35.7234042553191
A_PB2	116	47	A	0	0	47	34.0851063829787
A_PB2	117	47	G	0	0	47	33.531914893617
A_PB2	118	47	G	0	0	47	34.5744680851064
A_PB2	119	47	A	0	0	47	35.3829787234043
A_PB2	120	47	A	0	0	47	38.2978723404255
A_PB2	121	47	A	0	0	47	40.0425531914894
A_PB2	122	47	A	0	0	47	41.0425531914894
A_PB2	123	47	G	0	0	47	39.3404255319149
A_PB2	124	47	A	0	0	47	39.6382978723404
A_PB2	125	47	A	0	0	47	40.5744680851064
A_PB2	126	47	C	0	0	47	39.1276595744681
A_PB2	127	47	C	0	0	47	40.4042553191489
A_PB2	128	47	C	0	0	47	39.2340425531915
A_PB2	129	47	G	0	0	47	38.7872340425532
A_PB2	130	47	T	0	0	47	39.7872340425532
A_PB2	131	47	C	0	0	47	38.531914893617
A_PB2	132	47	A	0	0	47	38.9574468085106
A_PB2	133	47	C	0	0	47	40.0212765957447
A_PB2	134	47	T	0	0	47	40.6595744680851
A_PB2	135	47	T	0	0	47	41.0425531914894
A_PB2	136	47	A	0	0	47	38
A_PB2	137	47	G	0	0	47	39.3404255319149
A_PB2	138	47	G	0	0	47	39.5106382978723
A_PB2	139	47	A	0	0	47	39.7446808510638
A_PB2	140	47	T	0	0	47	41.1276595744681
A_PB2	141	47	G	0	0	47	40.0851063829787
A_PB2	142	47	A	0	0	47	40.5106382978723
A_PB2	143	47	A	0	0	47	41.4255319148936
A_PB2	144	47	A	0	0	47	39.8510638297872
A_PB2	145	47	T	0	0	47	39.4042553191489
A_PB2	146	47	G	0	0	47	39.0212765957447
A_PB2	147	47	G	0	0	47	39.3617021276596
A_PB2	148	47	A	0	0	47	40.2127659574468
A_PB2	149	47	T	0	0	47	39.8936170212766
A_PB2	150	47	G	0	0	47	39.9148936170213
A_PB2	151	47	A	0	0	47	40.5744680851064
A_PB2	152	47	T	0	0	47	38.7872340425532
A_PB2	153	47	G	0	0	47	38.2553191489362
A_PB2	154	47	G	0	0	47	38.9787234042553
A_PB2	155	47	C	0	0	47	40.2127659574468
A_PB2	156	47	A	0	0	47	39.9787234042553
A_PB2	157	47	A	0	0	47	40.0212765957447
A_PB2	158	47	T	0	0	47	40.9148936170213
A_PB2	159	47	G	0	0	47	39.063829787234
A_PB2	160	46	A	1	0	46	39.3478260869565
A_PB2	161	46	A	1	0	46	41.3913043478261
A_PB2	162	47	A	0	0	46	40.6521739130435
A_PB2	163	47	T	0	0	47	41.5744680851064
A_PB2	164	47	A	0	0	46	41.0869565217391
A_PB2	165	47	T	0	0	47	41.9148936170213
A_PB2	166	47	C	0	0	47	40.9148936170213
A_PB2	167	47	C	0	0	47	40.2978723404255
A_PB2	168	47	A	0	0	47	40.8510638297872
A_PB2	169	47	A	0	0	47	40.4893617021277
A_PB2	170	47	T	0	0	47	41.9574468085106
A_PB2	171	47	T	0	0	47	40.1489361702128
A_PB2	172	45	A	2	0	45	40.2444444444444
A_PB2	173	45	C	2	0	45	38.9333333333333
A_PB2	174	45	T	2	0	44	38.2045454545455
A_PB2	175	45	G	2	0	45	38.3111111111111
A_PB2	176	45	C	2	0	45	37.9111111111111
A_PB2	177	45	T	2	0	45	37.7111111111111
A_PB2	178	45	G	2	0	45	39.5555555555556
A_PB2	179	45	A	2	0	45	38.3555555555556
A_PB2	180	34	C	2	0	34	40.9117647058824
A_PB2	181	34	A	2	0	34	40.5588235294118
A_PB2	182	34	A	2	0	34	41.0294117647059
A_PB2	183	34	A	2	0	34	41.2647058823529
A_PB2	184	34	A	2	0	34	41.2941176470588
A_PB2	185	34	G	2	0	34	41.9705882352941
A_PB2	186	34	G	2	0	34	40.1176470588235
A_PB2	187	34	A	2	0	34	39.8529411764706
A_PB2	188	34	T	2	0	34	38.9117647058824
A_PB2	189	34	A	2	0	34	38.6176470588235
A_PB2	190	34	A	2	0	34	37.1176470588235
A_PB2	191	34	C	2	0	33	37.9090909090909
A_PB2	192	34	A	2	0	34	37.0294117647059
A_PB2	193	34	G	2	0	34	33.8823529411765
A_PB2	194	32	A	4	0	32	32.625
A_PB2	195	33	A	3	0	33	35.0606060606061
A_PB2	196	33	A	3	0	32	36.15625
A_PB2	197	33	T	3	0	33	37.1515151515151
A_PB2	198	33	G	3	0	33	38.4242424242424
A_PB2	199	33	G	3	0	33	39.1818181818182
A_PB2	200	33	T	3	0	33	37.6060606060606
A_PB2	201	33	T	3	0	33	39.2727272727273
A_PB2	202	33	C	3	0	33	38.1818181818182
A_PB2	203	33	C	3	0	33	37.1818181818182
A_PB2	204	33	G	3	0	33	37.1212121212121
A_PB2	205	33	G	3	0	33	37.6363636363636
A_PB2	206	33	A	3	0	33	38.0909090909091
A_PB2	207	33	G	3	0	33	34.9090909090909
A_PB2	208	33	A	3	0	33	37.1818181818182
A_PB2	209	33	G	3	0	32	40.1875
A_PB2	210	33	A	3	0	33	39.2727272727273
A_PB2	211	33	A	3	0	33	39.6666666666667
A_PB2	212	33	A	3	0	33	39.5757575757576
A_PB2	213	33	T	3	0	33	39.030303030303
A_PB2	214	33	G	3	0	33	38.4848484848485
A_PB2	215	33	A	3	0	33	38.4848484848485
A_PB2	216	33	A	3	0	33	38.0909090909091
A_PB2	217	33	C	3	0	33	38.4848484848485
A_PB2	218	33	A	3	0	33	40.1212121212121
A_PB2	219	33	A	3	0	33	41.1515151515151
A_PB2	220	33	G	3	0	33	40.0909090909091
A_PB2	221	33	G	3	0	33	39.6666666666667
A_PB2	222	33	A	3	0	33	38.4848484848485
A_PB2	223	33	C	3	0	33	40
A_PB2	224	33	A	3	0	33	39.030303030303
A_PB2	225	33	A	3	0	33	39.3636363636364
A_PB2	226	33	A	3	0	33	40.1818181818182
A_PB2	227	33	C	3	0	33	39.1212121212121
A_PB2	228	33	C	3	0	33	40.030303030303
A_PB2	229	33	C	3	0	32	40.375
A_PB2	230	33	T	3	0	32	39.90625
A_PB2	231	33	A	3	0	33	39.969696969697
A_PB2	232	33	T	3	0	33	38.8181818181818
A_PB2	233	33	G	3	0	33	40.0606060606061
A_PB2	234	33	G	3	0	33	40.030303030303
A_PB2	235	33	A	3	0	33	40.2121212121212
A_PB2	236	33	G	3	0	31	41.4193548387097
A_PB2	237	33	T	3	0	32	40.71875
A_PB2	238	32	A	4	0	32	40.6875
A_PB2	239	32	A	4	0	32	40.875
A_PB2	240	32	A	4	0	32	42.1875
A_PB2	241	32	A	4	0	32	42.0625
A_PB2	242	32	T	4	0	32	41.34375
A_PB2	243	32	G	4	0	32	40.65625
A_PB2	244	32	A	4	0	32	42.34375
A_PB2	245	32	G	4	0	32	39.9375
A_PB2	246	17	T	19	0	17	40.1176470588235
A_PB2	247	17	G	19	0	17	38.2941176470588
A_PB2	248	17	A	19	0	17	39.2352941176471
A_PB2	249	17	T	19	0	17	39.9411764705882
A_PB2	250	17	G	19	0	17	40.2941176470588
A_PB2	251	17	C	19	0	17	39.3529411764706
A_PB2	252	17	T	19	0	17	37.4117647058824
A_PB2	253	17	G	19	0	17	37.4705882352941
A_PB2	254	17	G	19	0	17	38.4117647058824
A_PB2	255	17	A	19	0	17	38.5882352941176
A_PB2	256	17	T	19	0	17	35.7058823529412
A_PB2	257	17	C	19	0	17	34.3529411764706
A_PB2	258	17	A	19	0	17	35.4705882352941
A_PB2	259	17	G	19	0	17	34.3529411764706
A_PB2	260	17	A	19	0	17	32.0588235294118
A_PB2	261	17	T	19	0	17	34.0588235294118
A_PB2	262	17	A	19	0	17	35.4705882352941
A_PB2	263	17	G	19	0	16	35.25
A_PB2	264	17	A	19	0	17	36.0588235294118
A_PB2	265	17	G	19	0	17	38.1176470588235
A_PB2	266	17	T	19	0	17	39.2352941176471
A_PB2	267	17	G	19	0	17	40.5882352941176
A_PB2	268	17	A	19	0	17	39.1176470588235
A_PB2	269	17	T	19	0	17	36.8823529411765
A_PB2	270	17	G	19	0	17	37
A_PB2	271	17	G	19	0	17	35.4705882352941
A_PB2	272	17	T	19	0	17	36.2352941176471
A_PB2	273	17	A	19	0	17	37.1764705882353
A_PB2	274	17	T	19	0	17	39.1176470588235
A_PB2	275	17	C	19	0	17	37.9411764705882
A_PB2	276	17	A	19	0	17	41.7647058823529
A_PB2	277	17	C	19	0	17	40.9411764705882
A_PB2	278	17	C	19	0	17	39.4705882352941
A_PB2	279	17	T	19	0	17	39.9411764705882
A_PB2	280	17	T	19	0	17	37.4117647058824
A_PB2	281	17	T	19	0	17	36.9411764705882
A_PB2	282	17	G	19	0	17	37.2941176470588
A_PB2	283	16	G	20	0	16	38
A_PB2	284	10	T	26	0	10	40.7
A_PB2	285	12	C	24	0	12	38.5
A_PB2	286	12	T	24	0	12	38.9166666666667
A_PB2	287	12	A	24	0	12	34.8333333333333
A_PB2	288	12	C	24	0	10	33.7
A_PB2	289	12	A	24	0	12	36.5
A_PB2	290	12	A	24	0	12	37.5
A_PB2	291	12	A	24	0	12	38.8333333333333
A_PB2	292	12	T	24	0	12	38
A_PB2	293	12	G	24	0	12	37.1666666666667
A_PB2	294	12	A	24	0	12	33.6666666666667
A_PB2	295	12	G	24	0	12	41.3333333333333
A_PB2	296	12	T	24	0	12	40.5833333333333
A_PB2	297	12	A	24	0	12	37.4166666666667
A_PB2	298	12	C	24	0	12	38.3333333333333
A_PB2	299	12	T	24	0	12	38.0833333333333
A_PB2	300	12	T	24	0	12	39.9166666666667
A_PB2	301	12	G	24	0	12	41.25
A_PB2	302	12	G	24	0	12	42.75
A_PB2	303	12	G	24	0	12	43.1666666666667
A_PB2	304	12	A	24	0	12	41.0833333333333
A_PB2	305	12	C	24	0	12	42.8333333333333
A_PB2	306	12	A	24	0	12	42.1666666666667
A_PB2	307	12	T	24	0	12	45.0833333333333
A_PB2	308	12	T	24	0	12	41.6666666666667
A_PB2	309	12	T	24	0	12	42.6666666666667
A_PB2	310	12	G	24	0	12	43.0833333333333
A_PB2	311	12	A	24	0	12	43.8333333333333
A_PB2	312	12	A	24	0	12	42.1666666666667
A_PB2	313	12	C	24	0	12	43.25
A_PB2	314	12	T	24	0	12	42.4166666666667
A_PB2	315	12	G	24	0	12	41.9166666666667
A_PB2	316	12	C	24	0	12	41.8333333333333
A_PB2	317	12	C	24	0	12	45.25
A_PB2	318	12	C	24	0	12	46
A_PB2	319	12	A	24	0	12	42
A_PB2	320	12	G	24	0	12	43.5
A_PB2	321	12	A	24	0	12	41.5833333333333
A_PB2	322	12	T	24	0	12	42.1666666666667
A_PB2	323	12	C	24	0	12	39.75
A_PB2	324	12	A	24	0	12	37.3333333333333
A_PB2	325	12	A	24	0	12	37
A_PB2	326	12	A	24	0	12	36.25
A_PB2	327	12	G	24	0	12	37.4166666666667
A_PB2	328	12	C	24	0	12	35
A_PB2	329	12	A	24	0	12	37
A_PB2	330	12	G	24	0	12	37.6666666666667
A_PB2	331	12	A	24	0	12	38.0833333333333
A_PB2	332	12	T	24	0	12	36
A_PB2	333	12	T	24	0	11	36.3636363636364
A_PB2	334	17	C	19	0	17	38.9411764705882
A_PB2	335	17	T	19	0	17	40.1764705882353
A_PB2	336	17	C	19	0	11	37.7272727272727
A_PB2	337	18	T	18	0	17	39.9411764705882
A_PB2	338	13	T	23	0	13	41.4615384615385
A_PB2	339	13	G	23	0	13	36.0769230769231
A_PB2	340	13	A	23	0	13	38.4615384615385
A_PB2	341	13	G	23	0	13	36.3076923076923
A_PB2	342	13	G	23	0	13	35.6153846153846
A_PB2	343	13	G	23	0	13	34
A_PB2	344	13	G	23	0	13	32.6153846153846
A_PB2	345	15	A	21	0	15	35.6666666666667
A_PB2	346	15	T	21	0	13	32.9230769230769
A_PB2	347	16	C	21	0	16	34.25
A_PB2	348	16	A	21	0	16	36.125
A_PB2	349	16	G	21	0	14	33.5714285714286
A_PB2	350	16	G	21	0	16	34.625
A_PB2	351	16	G	21	0	16	34.25
A_PB2	352	14	A	23	0	14	32.3571428571429
A_PB2	353	16	T	21	0	16	32.375
A_PB2	354	15	G	22	0	15	28.1333333333333
A_PB2	355	13	A	24	0	13	23.6153846153846
A_PB2	356	14	G	23	0	14	23.7857142857143
A_PB2	357	14	A	23	0	14	26.6428571428571
A_PB2	358	14	A	23	0	14	29.3571428571429
A_PB2	359	14	T	23	0	13	31.0769230769231
A_PB2	360	14	A	23	0	14	31.5714285714286
A_PB2	361	14	C	23	0	14	27.9285714285714
A_PB2	362	13	T	24	0	13	31.6923076923077
A_PB2	363	14	T	23	0	14	30.4285714285714
A_PB2	364	14	G	23	0	14	32.5714285714286
A_PB2	365	14	T	23	0	14	34.1428571428571
A_PB2	366	14	A	23	0	14	35.7142857142857
A_PB2	367	14	A	23	0	14	34.7142857142857
A_PB2	368	13	G	24	0	12	39.4166666666667
A_PB2	369	14	G	23	0	14	34.2857142857143
A_PB2	370	14	G	23	0	14	37.7142857142857
A_PB2	371	14	G	23	0	14	38.2142857142857
A_PB2	372	14	T	23	0	14	38.5
A_PB2	373	14	T	23	0	13	41.3846153846154
A_PB2	374	14	C	23	0	14	38.7142857142857
A_PB2	375	14	T	23	0	14	38.3571428571429
A_PB2	376	14	C	23	0	13	40.4615384615385
A_PB2	377	14	C	23	0	13	41.6153846153846
A_PB2	378	14	T	23	0	13	42.3076923076923
A_PB2	379	14	G	23	0	14	39.3571428571429
A_PB2	380	14	T	23	0	13	44.7692307692308
A_PB2	381	17	A	21	0	17	42.8235294117647
A_PB2	382	17	T	21	0	17	41.7647058823529
A_PB2	383	17	T	21	0	17	42.2941176470588
A_PB2	384	17	C	21	0	17	40.6470588235294
A_PB2	385	17	A	21	0	17	40.5294117647059
A_PB2	386	17	A	21	0	17	39.7058823529412
A_PB2	387	17	C	21	0	17	41.3529411764706
A_PB2	388	32	T	6	0	32	41.4375
A_PB2	389	32	A	6	0	32	42.8125
A_PB2	390	32	C	6	0	32	42.46875
A_PB2	391	32	A	6	0	32	40.71875
A_PB2	392	32	A	6	0	32	40.28125
A_PB2	393	32	C	6	0	32	39.71875
A_PB2	394	32	A	6	0	32	40.125
A_PB2	395	32	A	6	0	32	40.5625
A_PB2	396	32	G	6	0	32	39.25
A_PB2	397	35	A	3	0	34	40.5294117647059
A_PB2	398	35	C	3	0	35	37.8857142857143
A_PB2	399	35	C	3	0	35	39.1142857142857
A_PB2	400	35	A	3	0	35	38.5428571428571
A_PB2	401	35	C	3	0	35	38.7428571428571
A_PB2	402	35	T	3	0	35	38.5428571428571
A_PB2	403	35	A	3	0	35	39.2
A_PB2	404	35	A	3	0	35	38.4857142857143
A_PB2	405	35	A	3	0	35	39.6285714285714
A_PB2	406	35	A	3	0	34	41.3235294117647
A_PB2	407	35	G	3	0	35	41.8
A_PB2	408	34	G	4	0	34	41
A_PB2	409	34	C	4	0	34	39.0294117647059
A_PB2	410	34	T	4	0	34	36.8235294117647
A_PB2	411	34	A	4	0	34	37.9411764705882
A_PB2	412	34	A	4	0	34	37.8529411764706
A_PB2	413	34	C	4	0	33	38.3333333333333
A_PB2	414	34	A	4	0	33	39.4242424242424
A_PB2	415	34	A	4	0	34	39.7352941176471
A_PB2	416	34	T	4	0	33	40.0909090909091
A_PB2	417	34	T	4	0	34	40.0588235294118
A_PB2	418	35	C	3	0	35	38.0285714285714
A_PB2	419	35	T	3	0	35	39.2
A_PB2	420	35	T	3	0	35	37.3142857142857
A_PB2	421	35	G	3	0	35	36.7142857142857
A_PB2	422	35	G	3	0	35	37.6
A_PB2	423	35	A	3	0	34	38.7352941176471
A_PB2	424	35	A	3	0	35	40.4
A_PB2	425	36	A	2	0	36	41.4444444444444
A_PB2	426	36	A	2	0	36	39.6111111111111
A_PB2	427	36	G	2	0	36	40.4722222222222
A_PB2	428	36	A	2	0	36	39.6944444444444
A_PB2	429	36	T	2	0	36	39.1666666666667
A_PB2	430	36	G	2	0	36	37.3611111111111
A_PB2	431	36	C	2	0	36	38.2222222222222
A_PB2	432	36	C	2	0	36	37.1666666666667
A_PB2	433	36	G	2	0	36	37.8611111111111
A_PB2	434	36	G	2	0	36	38.6388888888889
A_PB2	435	36	C	2	0	36	39.3611111111111
A_PB2	436	36	A	2	0	36	39.4444444444444
A_PB2	437	36	C	2	0	36	41.1111111111111
A_PB2	438	36	T	2	0	36	42.1111111111111
A_PB2	439	36	T	2	0	36	42.1944444444444
A_PB2	440	36	T	2	0	36	42
A_PB2	441	36	A	2	0	36	40.1666666666667
A_PB2	442	36	A	2	0	36	38.5833333333333
A_PB2	443	36	T	2	0	36	39.3888888888889
A_PB2	444	36	T	2	0	36	39.6388888888889
A_PB2	445	36	G	2	0	36	39.8333333333333
A_PB2	446	36	A	2	0	36	40.3611111111111
A_PB2	447	36	A	2	0	36	40.8611111111111
A_PB2	448	36	G	2	0	36	39
A_PB2	449	36	A	2	0	36	41.2777777777778
A_PB2	450	36	C	2	0	36	40.6388888888889
A_PB2	451	36	C	2	0	36	40.4722222222222
A_PB2	452	36	C	2	0	36	42
A_PB2	453	36	A	2	0	35	39.9142857142857
A_PB2	454	36	G	2	0	35	40.3142857142857
A_PB2	455	36	A	2	0	36	38.1944444444444
A_PB2	456	36	T	2	0	35	38.8285714285714
A_PB2	457	35	G	3	0	33	37.5151515151515
A_PB2	458	36	A	2	0	36	36.4166666666667
A_PB2	459	39	A	0	0	39	38.1282051282051
A_PB2	460	39	A	0	0	39	38.4871794871795
A_PB2	461	39	G	0	0	39	39.4615384615385
A_PB2	462	39	C	0	0	39	40.3076923076923
A_PB2	463	39	A	0	0	39	38.5384615384615
A_PB2	464	39	C	0	0	39	38.8974358974359
A_PB2	465	39	A	0	0	39	38.4358974358974
A_PB2	466	39	T	0	0	39	39.3333333333333
A_PB2	467	39	C	0	0	39	39.0769230769231
A_PB2	468	39	C	0	0	39	40.4358974358974
A_PB2	469	39	G	0	0	39	40.5897435897436
A_PB2	470	39	G	0	0	39	38.8717948717949
A_PB2	471	39	A	0	0	39	38.3589743589744
A_PB2	472	39	G	0	0	39	36.9230769230769
A_PB2	473	39	T	0	0	39	37.4102564102564
A_PB2	474	39	G	0	0	39	36.974358974359
A_PB2	475	38	G	1	0	38	36.6578947368421
A_PB2	476	38	A	1	0	38	37.4473684210526
A_PB2	477	39	G	0	0	39	36.6923076923077
A_PB2	478	39	T	0	0	39	36.6923076923077
A_PB2	479	39	C	0	0	39	35.6153846153846
A_PB2	480	39	C	0	0	39	35.6410256410256
A_PB2	481	39	G	0	0	38	37.7631578947368
A_PB2	482	39	C	0	0	39	37
A_PB2	483	39	C	0	0	39	38.6410256410256
A_PB2	484	39	G	0	0	38	38.1315789473684
A_PB2	485	39	T	0	0	39	37.4615384615385
A_PB2	486	39	C	0	0	39	36.9487179487179
A_PB2	487	39	T	0	0	39	37
A_PB2	488	39	T	0	0	39	37.3076923076923
A_PB2	489	39	G	0	0	38	37.1842105263158
A_PB2	490	39	A	0	0	39	35.8974358974359
A_PB2	491	39	G	0	0	39	35.8205128205128
A_PB2	492	39	A	0	0	39	38.9487179487179
A_PB2	493	39	G	0	0	39	37.7692307692308
A_PB2	494	39	G	0	0	39	39.6153846153846
A_PB2	495	39	G	0	0	39	40
A_PB2	496	39	T	0	0	39	39.4102564102564
A_PB2	497	39	T	0	0	39	39.4358974358974
A_PB2	498	39	C	0	0	39	39.7179487179487
A_PB2	499	39	C	0	0	39	39.2307692307692
A_PB2	500	39	T	0	0	39	37.3076923076923
A_PB2	501	39	C	0	0	39	36.5128205128205
A_PB2	502	39	A	0	0	39	35.4615384615385
A_PB2	503	39	T	0	0	39	36.5128205128205
A_PB2	504	41	T	0	0	41	36.8048780487805
A_PB2	505	41	A	0	0	41	37.4878048780488
A_PB2	506	41	T	0	0	41	38.1219512195122
A_PB2	507	40	A	1	0	40	38.5
A_PB2	508	41	G	0	0	41	37.5365853658537
A_PB2	509	41	G	0	0	41	38.5365853658537
A_PB2	510	41	T	0	0	41	37.0243902439024
A_PB2	511	39	A	2	0	39	37.7435897435897
A_PB2	512	39	A	2	0	39	38.4615384615385
A_PB2	513	41	A	0	0	41	38.3414634146341
A_PB2	514	41	G	0	0	41	39.4878048780488
A_PB2	515	41	A	0	0	41	40.0975609756098
A_PB2	516	41	A	0	0	41	39.3658536585366
A_PB2	517	40	G	1	0	40	40.4
A_PB2	518	48	A	0	0	48	39.6875
A_PB2	519	48	C	0	0	48	39.1041666666667
A_PB2	520	48	A	0	0	47	39.0212765957447
A_PB2	521	48	G	0	0	48	38.5416666666667
A_PB2	522	48	A	0	0	48	38.2708333333333
A_PB2	523	48	A	0	0	47	39.1702127659574
A_PB2	524	48	G	0	0	47	38.2127659574468
A_PB2	525	48	A	0	0	48	38.2916666666667
A_PB2	526	67	T	0	0	66	36.9545454545455
A_PB2	527	67	A	0	0	66	36.969696969697
A_PB2	528	67	C	0	0	65	37.3538461538462
A_PB2	529	67	G	0	0	67	36.4776119402985
A_PB2	530	67	G	0	0	66	36.6969696969697
A_PB2	531	67	A	0	0	67	36.865671641791
A_PB2	532	67	C	0	0	66	37.8484848484849
A_PB2	533	67	C	0	0	66	38.3333333333333
A_PB2	534	67	A	0	0	67	38.5074626865672
A_PB2	535	67	G	0	0	67	38.1641791044776
A_PB2	536	67	C	0	0	67	37.4477611940299
A_PB2	537	67	A	0	0	67	36.7164179104478
A_PB2	538	67	T	0	0	67	38
A_PB2	539	67	T	0	0	67	37.3283582089552
A_PB2	540	67	A	0	0	67	35.7462686567164
A_PB2	541	67	A	0	0	66	35.9090909090909
A_PB2	542	67	G	0	0	67	35.955223880597
A_PB2	543	67	C	0	0	67	35.2238805970149
A_PB2	544	67	A	0	0	67	35.5820895522388
A_PB2	545	67	T	0	0	67	35.7014925373134
A_PB2	546	67	C	0	0	67	35.6865671641791
A_PB2	547	67	A	0	0	67	34.9253731343284
A_PB2	548	67	A	0	0	66	35.469696969697
A_PB2	549	67	T	0	0	67	35.7164179104478
A_PB2	550	67	G	0	0	66	36.3333333333333
A_PB2	551	67	A	0	0	67	37.2985074626866
A_PB2	552	67	A	0	0	66	38.5909090909091
A_PB2	553	67	C	0	0	67	37.7761194029851
A_PB2	554	67	T	0	0	67	37.7164179104478
A_PB2	555	67	G	0	0	67	36.4776119402985
A_PB2	556	67	A	0	0	67	36.2238805970149
A_PB2	557	66	G	1	0	66	33.6666666666667
A_PB2	558	67	T	0	0	66	34.7878787878788
A_PB2	559	67	A	0	0	67	34.9253731343284
A_PB2	560	67	A	0	0	67	35.8208955223881
A_PB2	561	67	C	0	0	67	35.5970149253731
A_PB2	562	67	C	0	0	67	35.6417910447761
A_PB2	563	67	T	0	0	67	37.8955223880597
A_PB2	564	67	T	0	0	67	36.7462686567164
A_PB2	565	67	G	0	0	67	34.9253731343284
A_PB2	566	66	C	1	0	66	36.7272727272727
A_PB2	567	63	A	4	0	63	37.1587301587302
A_PB2	568	67	A	0	0	67	35.8358208955224
A_PB2	569	67	A	0	0	67	37.3582089552239
A_PB2	570	65	A	2	0	62	38.1129032258064
A_PB2	571	65	G	2	0	63	38.2698412698413
A_PB2	572	67	G	0	0	67	39.7313432835821
A_PB2	573	67	G	0	0	67	40.5820895522388
A_PB2	574	66	G	1	0	64	40.328125
A_PB2	575	65	A	2	0	65	40.2769230769231
A_PB2	576	65	A	2	0	65	40.8923076923077
A_PB2	577	65	A	2	0	65	41.7230769230769
A_PB2	578	66	A	1	0	66	42.1818181818182
A_PB2	579	66	G	1	0	66	43.2727272727273
A_PB2	580	67	G	0	0	67	43.7014925373134
A_PB2	581	67	C	0	0	67	42.5074626865672
A_PB2	582	66	T	1	0	64	42.28125
A_PB2	583	67	A	0	0	66	40.3333333333333
A_PB2	584	67	A	0	0	67	41.2985074626866
A_PB2	585	67	T	0	0	65	41.0461538461538
A_PB2	586	67	G	0	0	67	42.3432835820896
A_PB2	587	67	T	0	0	66	42.969696969697
A_PB2	588	67	G	0	0	67	41.6865671641791
A_PB2	589	67	T	0	0	67	41.3283582089552
A_PB2	590	67	T	0	0	67	41.9402985074627
A_PB2	591	67	A	0	0	67	41.4179104477612
A_PB2	592	67	A	0	0	67	41.4925373134328
A_PB2	593	67	T	0	0	67	42.1791044776119
A_PB2	594	67	T	0	0	67	42
A_PB2	595	68	G	0	0	68	40.7647058823529
A_PB2	596	68	G	0	0	68	41.4264705882353
A_PB2	597	67	G	1	0	67	40.6417910447761
A_PB2	598	67	C	1	0	67	41.8358208955224
A_PB2	599	68	A	0	0	68	41.1617647058824
A_PB2	600	68	A	0	0	67	40.5373134328358
A_PB2	601	68	G	0	0	68	40.9852941176471
A_PB2	602	68	G	0	0	68	39.8970588235294
A_PB2	603	68	A	0	0	68	40.3676470588235
A_PB2	604	68	G	0	0	68	39.7352941176471
A_PB2	605	68	A	0	0	68	39.6911764705882
A_PB2	606	68	C	0	0	68	39.7205882352941
A_PB2	607	68	G	0	0	68	38.6617647058824
A_PB2	608	68	T	0	0	68	38.3529411764706
A_PB2	609	68	G	0	0	68	38.7058823529412
A_PB2	610	68	G	0	0	67	39.2089552238806
A_PB2	611	68	T	0	0	68	38.9411764705882
A_PB2	612	68	G	0	0	68	39.0441176470588
A_PB2	613	68	T	0	0	68	39.3382352941176
A_PB2	614	68	T	0	0	68	38.3088235294118
A_PB2	615	67	G	1	0	67	38.6268656716418
A_PB2	616	67	G	1	0	67	37.5223880597015
A_PB2	617	67	T	1	0	67	39.6417910447761
A_PB2	618	67	A	1	0	67	38.7611940298507
A_PB2	619	68	A	0	0	68	38.8382352941176
A_PB2	620	68	T	0	0	68	39.0441176470588
A_PB2	621	68	G	0	0	68	37.7794117647059
A_PB2	622	68	A	0	0	68	36.4852941176471
A_PB2	623	68	A	0	0	68	38.8235294117647
A_PB2	624	68	A	0	0	68	38.4852941176471
A_PB2	625	68	C	0	0	65	39.2461538461538
A_PB2	626	68	G	0	0	67	37.2089552238806
A_PB2	627	68	G	0	0	68	36.0147058823529
A_PB2	628	68	A	0	0	67	36.1940298507463
A_PB2	629	68	A	0	0	67	36.955223880597
A_PB2	630	68	A	0	0	68	37.4852941176471
A_PB2	631	68	C	0	0	67	38.8805970149254
A_PB2	632	68	G	0	0	68	37.8088235294118
A_PB2	633	68	G	0	0	68	38.3970588235294
A_PB2	634	68	G	0	0	68	38.3676470588235
A_PB2	635	68	A	0	0	68	37.4117647058824
A_PB2	636	68	C	0	0	68	37.4117647058824
A_PB2	637	68	T	0	0	68	36.5882352941176
A_PB2	638	67	C	1	0	67	36.9850746268657
A_PB2	639	68	T	0	0	68	36.4558823529412
A_PB2	640	68	A	0	0	67	36.1044776119403
A_PB2	641	68	G	0	0	67	36.7014925373134
A_PB2	642	68	T	0	0	68	37.8529411764706
A_PB2	643	68	A	0	0	67	39.1940298507463
A_PB2	644	67	T	1	0	66	39.8333333333333
A_PB2	645	66	A	2	0	66	40.4545454545455
A_PB2	646	67	C	1	0	66	39.969696969697
A_PB2	647	68	T	0	0	68	38.8676470588235
A_PB2	648	68	T	0	0	67	38.4179104477612
A_PB2	649	68	A	0	0	67	36.4925373134328
A_PB2	650	68	C	0	0	68	35.9117647058824
A_PB2	651	68	T	0	0	68	37.6617647058824
A_PB2	652	68	G	0	0	68	38.4117647058824
A_PB2	653	68	A	0	0	68	37.0588235294118
A_PB2	654	68	C	0	0	67	37.134328358209
A_PB2	655	68	A	0	0	68	38.3970588235294
A_PB2	656	68	G	0	0	68	39.1470588235294
A_PB2	657	68	C	0	0	68	39.3088235294118
A_PB2	658	68	C	0	0	68	39.1470588235294
A_PB2	659	68	A	0	0	68	39.4411764705882
A_PB2	660	68	G	0	0	68	37.5
A_PB2	661	68	A	0	0	68	37.4705882352941
A_PB2	662	68	C	0	0	68	37.25
A_PB2	663	68	A	0	0	68	37.4705882352941
A_PB2	664	68	G	0	0	68	37.4852941176471
A_PB2	665	68	C	0	0	68	38.4117647058824
A_PB2	666	68	G	0	0	67	36.5373134328358
A_PB2	667	68	A	0	0	67	36.8208955223881
A_PB2	668	68	C	0	0	68	36.75
A_PB2	669	68	C	0	0	67	35.7164179104478
A_PB2	670	67	A	0	0	67	36.0597014925373
A_PB2	671	67	A	0	0	67	37.1791044776119
A_PB2	672	67	A	0	0	67	37.6716417910448
A_PB2	673	67	C	0	0	67	37.8805970149254
A_PB2	674	67	G	0	0	66	37
A_PB2	675	67	A	0	0	66	38
A_PB2	676	67	A	0	0	67	37.8507462686567
A_PB2	677	67	T	0	0	67	38.4925373134328
A_PB2	678	67	T	0	0	66	38.3787878787879
A_PB2	679	66	C	1	0	65	40.5846153846154
A_PB2	680	67	G	0	0	67	39.7910447761194
A_PB2	681	67	G	0	0	67	39.3134328358209
A_PB2	682	67	A	0	0	67	39.7611940298507
A_PB2	683	67	T	0	0	67	40.8955223880597
A_PB2	684	67	G	0	0	66	40.8181818181818
A_PB2	685	66	G	0	0	66	41.5
A_PB2	686	66	C	0	0	66	41.3484848484849
A_PB2	687	66	C	0	0	66	40.1060606060606
A_PB2	688	66	A	0	0	66	39.8484848484849
A_PB2	689	66	T	0	0	66	38.9090909090909
A_PB2	690	66	C	0	0	66	38.8636363636364
A_PB2	691	66	A	0	0	66	39.3181818181818
A_PB2	692	66	A	0	0	66	39.5
A_PB2	693	66	T	0	0	66	38.6515151515151
A_PB2	694	66	T	0	0	66	39.2424242424242
A_PB2	695	66	A	0	0	66	38.8636363636364
A_PB2	696	66	A	0	0	66	39.8333333333333
