Reference_Name	Position	Coverage Depth	Consensus	Deletions	Ambiguous	Consensus_Count	Consensus_Average_Quality
A_HA_H3	1	296	A	0	0	296	38.6858108108108
A_HA_H3	2	296	T	0	0	296	39.3716216216216
A_HA_H3	3	296	G	0	0	296	38.2263513513514
A_HA_H3	4	296	A	0	0	296	39.1993243243243
A_HA_H3	5	297	G	0	0	293	40.0409556313993
A_HA_H3	6	297	G	0	0	297	40.8080808080808
A_HA_H3	7	297	G	0	0	297	40.5555555555556
A_HA_H3	8	297	C	0	0	296	40.8851351351351
A_HA_H3	9	298	T	0	0	297	41.010101010101
A_HA_H3	10	298	A	0	0	298	41.1778523489933
A_HA_H3	11	298	T	0	0	298	41.6409395973154
A_HA_H3	12	298	C	0	0	298	39.8859060402685
A_HA_H3	13	298	A	0	0	298	40.3020134228188
A_HA_H3	14	298	T	0	0	298	39.7718120805369
A_HA_H3	15	298	T	0	0	297	40.0707070707071
A_HA_H3	16	298	G	0	0	298	40.0637583892617
A_HA_H3	17	298	C	0	0	298	40.5268456375839
A_HA_H3	18	297	T	1	0	297	41.7811447811448
A_HA_H3	19	298	T	0	0	298	42.9697986577181
A_HA_H3	20	298	T	0	0	297	42.8451178451178
A_HA_H3	21	297	G	1	0	297	41.7205387205387
A_HA_H3	22	297	A	1	0	297	41.0572390572391
A_HA_H3	23	296	G	2	0	296	40.5472972972973
A_HA_H3	24	297	C	1	0	297	39.5993265993266
A_HA_H3	25	297	A	1	0	297	38.976430976431
A_HA_H3	26	297	A	1	0	297	39.7340067340067
A_HA_H3	27	298	C	0	0	297	39.7845117845118
A_HA_H3	28	348	A	0	0	347	39.2046109510086
A_HA_H3	29	348	T	0	0	347	39.4495677233429
A_HA_H3	30	348	T	0	0	348	39.7327586206897
A_HA_H3	31	347	C	1	0	347	38.9596541786743
A_HA_H3	32	348	T	0	0	348	39.6724137931034
A_HA_H3	33	348	A	0	0	348	38.6034482758621
A_HA_H3	34	348	T	0	0	348	39.2729885057471
A_HA_H3	35	348	G	0	0	346	38.4913294797688
A_HA_H3	36	348	T	0	0	345	38.7797101449275
A_HA_H3	37	348	C	0	0	344	36.7994186046512
A_HA_H3	38	348	T	0	0	344	37.3488372093023
A_HA_H3	39	348	T	0	0	347	36.8789625360231
A_HA_H3	40	347	G	1	0	347	36.6512968299712
A_HA_H3	41	347	T	1	0	346	37.6763005780347
A_HA_H3	42	348	T	0	0	348	38.933908045977
A_HA_H3	43	348	T	0	0	346	40.5780346820809
A_HA_H3	44	348	T	0	0	346	41.3150289017341
A_HA_H3	45	347	C	1	0	343	40.6909620991254
A_HA_H3	46	348	G	0	0	345	39.3768115942029
A_HA_H3	47	346	C	2	0	345	38.1623188405797
A_HA_H3	48	348	T	0	0	347	37.5043227665706
A_HA_H3	49	346	C	2	0	341	34.9794721407625
A_HA_H3	50	347	A	1	0	345	34.8753623188406
A_HA_H3	51	348	A	0	0	345	35.0231884057971
A_HA_H3	52	348	A	0	0	348	37.2298850574713
A_HA_H3	53	348	A	0	0	347	38.2593659942363
A_HA_H3	54	348	A	0	0	347	41.2334293948127
A_HA_H3	55	348	A	0	0	346	41.5
A_HA_H3	56	348	T	0	0	348	41.7816091954023
A_HA_H3	57	348	A	0	0	347	39.7146974063401
A_HA_H3	58	348	C	0	0	346	39.4768786127168
A_HA_H3	59	348	C	0	0	348	38.4827586206897
A_HA_H3	60	347	T	1	0	347	37.8443804034582
A_HA_H3	61	348	G	0	0	346	37.3265895953757
A_HA_H3	62	348	G	0	0	347	38.2363112391931
A_HA_H3	63	348	A	0	0	348	38.6810344827586
A_HA_H3	64	347	A	1	0	347	40.5878962536023
A_HA_H3	65	347	A	1	0	346	41.0404624277457
A_HA_H3	66	347	T	1	0	347	41.5043227665706
A_HA_H3	67	347	G	1	0	345	40.3246376811594
A_HA_H3	68	347	A	1	0	346	40.3410404624277
A_HA_H3	69	347	C	1	0	346	39.028901734104
A_HA_H3	70	348	A	0	0	345	37.5594202898551
A_HA_H3	71	348	A	0	0	346	37.4277456647399
A_HA_H3	72	348	T	0	0	347	37.6311239193084
A_HA_H3	73	347	A	1	0	345	37.8608695652174
A_HA_H3	74	347	G	1	0	346	38.393063583815
A_HA_H3	75	347	C	1	0	347	38.2334293948127
A_HA_H3	76	347	A	1	0	346	38.1907514450867
A_HA_H3	77	346	C	2	0	346	38.5578034682081
A_HA_H3	78	348	G	0	0	347	38.0835734870317
A_HA_H3	79	347	G	1	0	347	38.3342939481268
A_HA_H3	80	346	C	2	0	346	39.5
A_HA_H3	81	347	A	1	0	346	39.8988439306358
A_HA_H3	82	347	A	1	0	347	41.0893371757925
A_HA_H3	83	347	C	1	0	347	41.985590778098
A_HA_H3	84	347	G	1	0	347	41.4668587896254
A_HA_H3	85	347	C	1	0	347	42.2680115273775
A_HA_H3	86	348	T	0	0	346	42.8381502890173
A_HA_H3	87	348	G	0	0	346	42.1589595375723
A_HA_H3	88	348	T	0	0	347	42.7665706051873
A_HA_H3	89	348	G	0	0	347	42.4034582132565
A_HA_H3	90	348	C	0	0	347	42.1210374639769
A_HA_H3	91	348	C	0	0	348	41.9310344827586
A_HA_H3	92	347	T	1	0	346	41.8092485549133
A_HA_H3	93	347	T	1	0	347	41.3400576368876
A_HA_H3	94	346	G	2	0	345	39.6608695652174
A_HA_H3	95	346	G	2	0	346	40.2052023121387
A_HA_H3	96	347	G	1	0	344	40.3633720930233
A_HA_H3	97	347	C	1	0	344	40.8488372093023
A_HA_H3	98	347	A	1	0	347	40.3198847262248
A_HA_H3	99	346	C	2	0	344	40.8866279069767
A_HA_H3	100	348	C	0	0	347	39.9193083573487
A_HA_H3	101	348	A	0	0	347	39.6887608069164
A_HA_H3	102	348	T	0	0	347	40.3342939481268
A_HA_H3	103	348	G	0	0	346	40.4508670520231
A_HA_H3	104	348	C	0	0	348	41.1436781609195
A_HA_H3	105	348	A	0	0	346	38.9508670520231
A_HA_H3	106	347	G	1	0	344	39.2122093023256
A_HA_H3	107	348	T	0	0	347	38.35734870317
A_HA_H3	108	348	A	0	0	345	38.1826086956522
A_HA_H3	109	348	C	0	0	348	38.2413793103448
A_HA_H3	110	348	C	0	0	347	38.1008645533141
A_HA_H3	111	354	A	0	0	354	37.9858757062147
A_HA_H3	112	354	A	0	0	354	38.8926553672316
A_HA_H3	113	354	A	0	0	354	39.454802259887
A_HA_H3	114	354	C	0	0	351	39.3589743589744
A_HA_H3	115	352	G	2	0	351	40.011396011396
A_HA_H3	116	354	G	0	0	351	40.3703703703704
A_HA_H3	117	354	A	0	0	354	41.1468926553672
A_HA_H3	118	354	A	0	0	353	40.0906515580737
A_HA_H3	119	354	C	0	0	353	41.0651558073654
A_HA_H3	120	354	G	0	0	349	39.621776504298
A_HA_H3	121	354	A	0	0	354	39.2824858757062
A_HA_H3	122	354	T	0	0	354	39.7203389830508
A_HA_H3	123	354	A	0	0	352	39.5142045454545
A_HA_H3	124	354	G	0	0	353	39.5410764872521
A_HA_H3	125	354	T	0	0	352	41.4460227272727
A_HA_H3	126	353	G	1	0	352	41.0113636363636
A_HA_H3	127	351	A	3	0	350	41.7228571428571
A_HA_H3	128	354	A	0	0	352	42.6392045454545
A_HA_H3	129	354	A	0	0	354	43.5734463276836
A_HA_H3	130	354	A	0	0	352	43.8181818181818
A_HA_H3	131	353	C	1	0	350	43.5257142857143
A_HA_H3	132	354	A	0	0	353	42.7252124645892
A_HA_H3	133	353	A	1	0	352	42.7869318181818
A_HA_H3	134	353	T	1	0	353	42.5722379603399
A_HA_H3	135	353	C	1	0	352	41.4971590909091
A_HA_H3	136	354	A	0	0	352	40.6818181818182
A_HA_H3	137	354	C	0	0	354	40.635593220339
A_HA_H3	138	354	A	0	0	354	40.5169491525424
A_HA_H3	139	354	A	0	0	354	40.5706214689266
A_HA_H3	140	354	A	0	0	354	40.9661016949153
A_HA_H3	141	354	T	0	0	354	41.4265536723164
A_HA_H3	142	354	G	0	0	353	41.5920679886686
A_HA_H3	143	354	A	0	0	354	41.9265536723164
A_HA_H3	144	354	C	0	0	354	41.9971751412429
A_HA_H3	145	354	C	0	0	353	40.9093484419263
A_HA_H3	146	354	G	0	0	353	39.3937677053824
A_HA_H3	147	354	A	0	0	354	39.5677966101695
A_HA_H3	148	354	A	0	0	353	39.9405099150142
A_HA_H3	149	354	T	0	0	353	39.7223796033994
A_HA_H3	150	354	T	0	0	354	39.2316384180791
A_HA_H3	151	354	G	0	0	353	39.5949008498584
A_HA_H3	152	354	A	0	0	354	40.4745762711864
A_HA_H3	153	354	A	0	0	352	41.3977272727273
A_HA_H3	154	354	G	0	0	353	41.1501416430595
A_HA_H3	155	354	T	0	0	354	41.7570621468927
A_HA_H3	156	354	T	0	0	354	41.9011299435028
A_HA_H3	157	354	A	0	0	354	41.0706214689266
A_HA_H3	158	354	C	0	0	354	40.8757062146893
A_HA_H3	159	354	T	0	0	354	39.4830508474576
A_HA_H3	160	353	A	1	0	353	38.7563739376771
A_HA_H3	161	354	A	0	0	354	38.8954802259887
A_HA_H3	162	354	T	0	0	354	39.3983050847458
A_HA_H3	163	354	G	0	0	354	40.2485875706215
A_HA_H3	164	354	C	0	0	354	41.7909604519774
A_HA_H3	165	354	T	0	0	354	42.5
A_HA_H3	166	354	A	0	0	354	41.3870056497175
A_HA_H3	167	354	C	0	0	354	40.1440677966102
A_HA_H3	168	354	T	0	0	354	39.6101694915254
A_HA_H3	169	354	G	0	0	352	38.8664772727273
A_HA_H3	170	354	A	0	0	354	38.3305084745763
A_HA_H3	171	354	G	0	0	353	38.0679886685552
A_HA_H3	172	354	T	0	0	354	39.4689265536723
A_HA_H3	173	354	T	0	0	354	39.2655367231638
A_HA_H3	174	354	G	0	0	352	38.5113636363636
A_HA_H3	175	354	G	0	0	352	38.6647727272727
A_HA_H3	176	353	T	1	0	352	40.2982954545455
A_HA_H3	177	354	T	0	0	354	40.2514124293785
A_HA_H3	178	352	C	2	0	352	38.3096590909091
A_HA_H3	179	353	A	1	0	353	38.7620396600567
A_HA_H3	180	353	G	1	0	352	38.5653409090909
A_HA_H3	181	352	A	1	0	351	39.1623931623932
A_HA_H3	182	352	A	1	0	351	38.6581196581197
A_HA_H3	183	352	T	1	0	349	39.4240687679083
A_HA_H3	184	353	T	0	0	352	39.6789772727273
A_HA_H3	185	353	C	0	0	352	38.0028409090909
A_HA_H3	186	353	A	0	0	353	38.1133144475921
A_HA_H3	187	353	T	0	0	353	38.371104815864
A_HA_H3	188	353	C	0	0	351	38.4444444444444
A_HA_H3	189	352	A	1	0	351	38.031339031339
A_HA_H3	190	351	A	2	0	351	37.2592592592593
A_HA_H3	191	351	T	2	0	350	38.7514285714286
A_HA_H3	192	353	A	1	0	350	37.4971428571429
A_HA_H3	193	354	G	0	0	351	37.4529914529915
A_HA_H3	194	354	G	0	0	353	38.084985835694
A_HA_H3	195	354	T	0	0	354	36.9943502824859
A_HA_H3	196	353	A	1	0	352	36.4204545454545
A_HA_H3	197	354	A	0	0	354	38.3672316384181
A_HA_H3	198	354	A	0	0	354	39.1666666666667
A_HA_H3	199	354	A	0	0	353	39.1898016997167
A_HA_H3	200	354	T	0	0	352	40.9829545454545
A_HA_H3	201	354	A	0	0	352	40.8068181818182
A_HA_H3	202	354	T	0	0	354	40.5197740112994
A_HA_H3	203	354	G	0	0	353	39.9773371104816
A_HA_H3	204	344	C	10	0	342	39.8625730994152
A_HA_H3	205	354	A	0	0	353	39.3314447592068
A_HA_H3	206	354	A	0	0	352	40.0994318181818
A_HA_H3	207	354	C	0	0	354	40.7146892655367
A_HA_H3	208	354	A	0	0	354	41.2175141242938
A_HA_H3	209	354	G	0	0	354	42.0762711864407
A_HA_H3	210	354	T	0	0	353	41.8271954674221
A_HA_H3	211	354	C	0	0	353	41.2322946175637
A_HA_H3	212	354	C	0	0	354	41.3587570621469
A_HA_H3	213	354	T	0	0	352	41.6789772727273
A_HA_H3	214	354	C	0	0	353	41.4249291784703
A_HA_H3	215	354	A	0	0	353	41.2039660056657
A_HA_H3	216	354	T	0	0	354	41.454802259887
A_HA_H3	217	354	C	0	0	354	40.2175141242938
A_HA_H3	218	354	A	0	0	353	40.5835694050991
A_HA_H3	219	354	G	0	0	353	39.8895184135977
A_HA_H3	220	354	A	0	0	354	39.4745762711864
A_HA_H3	221	354	T	0	0	354	39.1299435028249
A_HA_H3	222	354	C	0	0	354	37.3079096045198
A_HA_H3	223	354	C	0	0	354	37.4745762711864
A_HA_H3	224	354	T	0	0	354	38.7542372881356
A_HA_H3	225	354	T	0	0	354	38.8389830508475
A_HA_H3	226	354	G	0	0	354	37.3022598870056
A_HA_H3	227	354	A	0	0	354	37.6666666666667
A_HA_H3	228	354	T	0	0	354	37.635593220339
A_HA_H3	229	352	G	2	0	352	36.625
A_HA_H3	230	353	G	1	0	353	37.314447592068
A_HA_H3	231	353	A	1	0	353	37.971671388102
A_HA_H3	232	351	G	3	0	351	38.7464387464387
A_HA_H3	233	354	G	0	0	354	39.728813559322
A_HA_H3	234	353	G	1	0	352	39.5625
A_HA_H3	235	353	A	1	0	352	37.78125
A_HA_H3	236	354	A	0	0	354	37.9943502824859
A_HA_H3	237	354	C	0	0	352	38.4659090909091
A_HA_H3	238	353	T	1	0	350	38.42
A_HA_H3	239	353	G	1	0	353	38.5665722379603
A_HA_H3	240	353	C	1	0	353	39.4305949008499
A_HA_H3	241	353	A	1	0	353	39.0509915014164
A_HA_H3	242	353	C	1	0	353	40.5694050991501
A_HA_H3	243	352	A	2	0	352	39.4488636363636
A_HA_H3	244	352	C	2	0	351	39.9230769230769
A_HA_H3	245	352	T	2	0	349	39.836676217765
A_HA_H3	246	352	A	2	0	350	39.6285714285714
A_HA_H3	247	354	A	0	0	353	38.929178470255
A_HA_H3	248	354	T	0	0	353	39.7053824362606
A_HA_H3	249	354	A	0	0	347	38.8559077809798
A_HA_H3	250	353	G	1	0	348	39.2413793103448
A_HA_H3	251	353	A	1	0	353	39.5070821529745
A_HA_H3	252	352	T	2	0	351	40
A_HA_H3	253	352	G	2	0	350	39.5171428571429
A_HA_H3	254	352	C	2	0	352	40.1107954545455
A_HA_H3	255	351	T	3	0	351	41.2877492877493
A_HA_H3	256	352	C	2	0	350	40.8657142857143
A_HA_H3	257	353	T	1	0	349	40.647564469914
A_HA_H3	258	353	A	1	0	350	38.7971428571429
A_HA_H3	259	352	T	2	0	351	38.8490028490029
A_HA_H3	260	354	T	0	0	354	37.9350282485876
A_HA_H3	261	351	A	3	0	344	36.6191860465116
A_HA_H3	262	353	G	1	0	348	35.8649425287356
A_HA_H3	263	352	G	2	0	352	36.0625
A_HA_H3	264	353	G	1	0	353	36.028328611898
A_HA_H3	265	352	G	2	0	350	38.26
A_HA_H3	266	352	A	2	0	351	38.8803418803419
A_HA_H3	267	352	C	2	0	351	39.4387464387464
A_HA_H3	268	353	C	1	0	350	38.8542857142857
A_HA_H3	269	352	C	2	0	348	38.8362068965517
A_HA_H3	270	352	T	2	0	351	37.9373219373219
A_HA_H3	271	352	C	3	0	350	34.1714285714286
A_HA_H3	272	353	A	2	0	352	32.5340909090909
A_HA_H3	273	353	G	2	0	351	32.5242165242165
A_HA_H3	274	355	T	0	0	352	32.6846590909091
A_HA_H3	275	355	G	0	0	355	33.5352112676056
A_HA_H3	276	355	T	0	0	355	37.4450704225352
A_HA_H3	277	354	G	1	0	354	40.1949152542373
A_HA_H3	278	355	A	0	0	354	41.2909604519774
A_HA_H3	279	355	C	0	0	354	40.6581920903955
A_HA_H3	280	355	G	0	0	355	39.8253521126761
A_HA_H3	281	355	G	0	0	355	39.9408450704225
A_HA_H3	282	355	C	0	0	355	40.1154929577465
A_HA_H3	283	354	T	1	0	354	40.3813559322034
A_HA_H3	284	355	T	0	0	355	41.0422535211268
A_HA_H3	285	355	T	0	0	355	42.2366197183099
A_HA_H3	286	354	C	1	0	354	39.6779661016949
A_HA_H3	287	354	A	1	0	354	39.8333333333333
A_HA_H3	288	354	G	1	0	354	39.454802259887
A_HA_H3	289	355	A	0	0	355	39.7549295774648
A_HA_H3	290	355	A	0	0	353	40.3456090651558
A_HA_H3	291	355	T	0	0	353	40.600566572238
A_HA_H3	292	355	A	0	0	355	40.0901408450704
A_HA_H3	293	354	A	1	0	354	40.0875706214689
A_HA_H3	294	354	G	1	0	353	41.4107648725212
A_HA_H3	295	354	G	1	0	354	40.8700564971751
A_HA_H3	296	356	A	0	0	356	41.0056179775281
A_HA_H3	297	356	A	0	0	355	42.287323943662
A_HA_H3	298	356	T	0	0	356	42.9129213483146
A_HA_H3	299	356	G	1	0	356	41.8286516853933
A_HA_H3	300	357	G	0	0	357	41.8515406162465
A_HA_H3	301	357	G	0	0	356	40.876404494382
A_HA_H3	302	357	A	0	0	357	39.4229691876751
A_HA_H3	303	357	C	0	0	356	38.5758426966292
A_HA_H3	304	357	C	0	0	353	37.614730878187
A_HA_H3	305	353	T	4	0	350	36.4514285714286
A_HA_H3	306	357	T	0	0	354	35.8898305084746
A_HA_H3	307	357	T	0	0	357	36.2633053221289
A_HA_H3	308	357	T	0	0	356	35.8651685393258
A_HA_H3	309	357	T	0	0	357	35.6218487394958
A_HA_H3	310	356	G	1	0	355	34.2281690140845
A_HA_H3	311	357	T	0	0	356	35.3483146067416
A_HA_H3	312	357	T	0	0	355	36.0084507042254
A_HA_H3	313	356	G	1	0	356	37.75
A_HA_H3	314	356	A	1	0	356	38.6460674157303
A_HA_H3	315	356	A	1	0	355	39.9098591549296
A_HA_H3	316	356	C	1	0	356	40.2162921348315
A_HA_H3	317	357	G	0	0	349	39.5272206303725
A_HA_H3	318	356	A	1	0	356	40.2752808988764
A_HA_H3	319	357	A	0	0	357	40.4173669467787
A_HA_H3	320	357	G	0	0	357	39.4761904761905
A_HA_H3	321	357	C	0	0	356	40.3174157303371
A_HA_H3	322	357	A	0	0	355	40.2112676056338
A_HA_H3	323	357	G	0	0	356	40.247191011236
A_HA_H3	324	357	A	0	0	357	40.2717086834734
A_HA_H3	325	357	G	0	0	357	41.1484593837535
A_HA_H3	326	356	C	1	0	356	41.064606741573
A_HA_H3	327	356	C	1	0	355	41.2816901408451
A_HA_H3	328	356	A	1	0	356	41.7078651685393
A_HA_H3	329	355	A	2	0	354	42.2316384180791
A_HA_H3	330	355	C	2	0	355	42.2
A_HA_H3	331	355	A	2	0	353	42.1218130311615
A_HA_H3	332	355	G	2	0	354	42.9802259887006
A_HA_H3	333	356	C	1	0	356	43.1825842696629
A_HA_H3	334	356	A	1	0	355	42.7661971830986
A_HA_H3	335	357	G	0	0	355	42.0028169014085
A_HA_H3	336	357	C	0	0	356	41.9101123595506
A_HA_H3	337	357	T	0	0	357	41.5070028011204
A_HA_H3	338	357	G	0	0	356	40.6966292134831
A_HA_H3	339	356	T	1	0	355	41.0225352112676
A_HA_H3	340	356	T	1	0	355	41.4845070422535
A_HA_H3	341	356	A	1	0	356	40.2808988764045
A_HA_H3	342	356	C	1	0	355	40.9830985915493
A_HA_H3	343	355	C	2	0	354	41.4519774011299
A_HA_H3	344	355	C	2	0	355	40.4845070422535
A_HA_H3	345	353	T	4	0	350	40.0228571428571
A_HA_H3	346	357	T	0	0	354	41.3785310734463
A_HA_H3	347	357	A	0	0	356	38.3426966292135
A_HA_H3	348	357	T	0	0	356	37.8848314606742
A_HA_H3	349	357	G	0	0	356	38.0926966292135
A_HA_H3	350	358	A	0	0	358	38.6508379888268
A_HA_H3	351	357	T	1	0	357	38.3333333333333
A_HA_H3	352	358	G	0	0	357	37.8711484593838
A_HA_H3	353	358	T	0	0	357	38.3529411764706
A_HA_H3	354	357	G	1	0	355	38.0788732394366
A_HA_H3	355	356	C	2	0	355	39.1943661971831
A_HA_H3	356	357	C	1	0	356	38.6601123595506
A_HA_H3	357	356	G	2	0	353	37.9093484419263
A_HA_H3	358	356	G	2	0	352	38.3835227272727
A_HA_H3	359	356	A	2	0	356	39.9691011235955
A_HA_H3	360	356	T	2	0	356	39.8005617977528
A_HA_H3	361	356	T	2	0	355	41.8084507042254
A_HA_H3	362	357	A	1	0	355	41.1211267605634
A_HA_H3	363	357	T	1	0	353	41.328611898017
A_HA_H3	364	358	G	0	0	358	40.1927374301676
A_HA_H3	365	357	C	1	0	353	41.1388101983003
A_HA_H3	366	358	C	0	0	358	40.2597765363128
A_HA_H3	367	358	T	0	0	356	40.3005617977528
A_HA_H3	368	358	C	0	0	353	39.9801699716714
A_HA_H3	369	358	C	0	0	358	40.3463687150838
A_HA_H3	370	355	C	3	0	355	39.5915492957746
A_HA_H3	371	355	T	3	0	352	37.0994318181818
A_HA_H3	372	356	T	2	0	356	38.6207865168539
A_HA_H3	373	357	A	1	0	356	36.3679775280899
A_HA_H3	374	357	G	1	0	356	35.8567415730337
A_HA_H3	375	357	G	1	0	357	37.0924369747899
A_HA_H3	376	358	T	0	0	358	40.3966480446927
A_HA_H3	377	358	C	0	0	357	40.5098039215686
A_HA_H3	378	358	A	0	0	358	41.2290502793296
A_HA_H3	379	358	C	0	0	358	41.5642458100559
A_HA_H3	380	357	T	1	0	355	42.4366197183099
A_HA_H3	381	357	A	1	0	356	40.935393258427
A_HA_H3	382	358	G	0	0	358	40.622905027933
A_HA_H3	383	358	T	0	0	357	40.6610644257703
A_HA_H3	384	358	T	0	0	357	40.2408963585434
A_HA_H3	385	358	G	0	0	358	39.7067039106145
A_HA_H3	386	358	C	0	0	358	38.8435754189944
A_HA_H3	387	356	T	2	0	355	38.7859154929577
A_HA_H3	388	358	T	0	0	357	38.4929971988796
A_HA_H3	389	358	C	0	0	357	37.5518207282913
A_HA_H3	390	358	A	0	0	358	38.3268156424581
A_HA_H3	391	358	T	0	0	356	39.814606741573
A_HA_H3	392	358	C	0	0	356	39.623595505618
A_HA_H3	393	358	C	0	0	356	39.0758426966292
A_HA_H3	394	356	G	2	0	356	38.1404494382022
A_HA_H3	395	357	G	1	0	356	38.247191011236
A_HA_H3	396	357	A	1	0	356	38.1825842696629
A_HA_H3	397	358	A	0	0	358	38.9301675977654
A_HA_H3	398	358	C	0	0	357	40.2801120448179
A_HA_H3	399	358	A	0	0	358	39.8519553072626
A_HA_H3	400	358	C	0	0	358	39.8519553072626
A_HA_H3	401	358	T	0	0	357	39.6918767507003
A_HA_H3	402	358	G	0	0	353	36.0991501416431
A_HA_H3	403	358	G	0	0	356	34.5730337078652
A_HA_H3	404	358	A	0	0	358	33.9217877094972
A_HA_H3	405	355	G	3	0	353	33.0793201133144
A_HA_H3	406	350	T	8	0	346	33.4624277456647
A_HA_H3	407	356	T	2	0	355	33.4591549295775
A_HA_H3	408	356	T	2	0	355	34.2112676056338
A_HA_H3	409	357	A	1	0	356	32.935393258427
A_HA_H3	410	357	A	1	0	357	33.0952380952381
A_HA_H3	411	357	A	1	0	355	37.4704225352113
A_HA_H3	412	357	G	1	0	356	38.6629213483146
A_HA_H3	413	358	A	0	0	357	39.375350140056
A_HA_H3	414	358	T	0	0	356	40.2050561797753
A_HA_H3	415	358	G	0	0	355	39.2422535211268
A_HA_H3	416	359	A	0	0	357	38.7703081232493
A_HA_H3	417	359	A	0	0	358	39.5
A_HA_H3	418	359	A	0	0	357	39.9103641456583
A_HA_H3	419	359	G	0	0	357	39.9971988795518
A_HA_H3	420	358	C	1	0	355	39.3830985915493
A_HA_H3	421	357	T	2	0	355	39.569014084507
A_HA_H3	422	357	T	2	0	356	39.2219101123596
A_HA_H3	423	358	C	1	0	356	36.9073033707865
A_HA_H3	424	358	A	1	0	358	33.891061452514
A_HA_H3	425	358	A	1	0	357	35.1260504201681
A_HA_H3	426	358	T	1	0	356	35.3679775280899
A_HA_H3	427	359	T	0	0	358	35.7094972067039
A_HA_H3	428	359	G	0	0	357	38.890756302521
A_HA_H3	429	359	G	0	0	358	39.8491620111732
A_HA_H3	430	359	A	0	0	359	39.1309192200557
A_HA_H3	431	357	C	2	0	357	38.5994397759104
A_HA_H3	432	358	C	1	0	355	35.9661971830986
A_HA_H3	433	358	G	1	0	356	35.9747191011236
A_HA_H3	434	358	G	1	0	356	36.5056179775281
A_HA_H3	435	358	A	1	0	357	36.5266106442577
A_HA_H3	436	357	G	2	0	354	36.4774011299435
A_HA_H3	437	359	T	0	0	357	38.4117647058824
A_HA_H3	438	358	C	1	0	357	37.8683473389356
A_HA_H3	439	355	A	4	0	352	36.6193181818182
A_HA_H3	440	357	A	2	0	356	36.2415730337079
A_HA_H3	441	357	A	2	0	355	35.9577464788732
A_HA_H3	442	357	C	2	0	355	36.943661971831
A_HA_H3	443	357	A	2	0	355	37.9408450704225
A_HA_H3	444	357	A	2	0	357	38.8879551820728
A_HA_H3	445	357	A	2	0	355	40.1802816901408
A_HA_H3	446	358	A	1	0	355	40.7014084507042
A_HA_H3	447	358	C	1	0	356	39.2724719101124
A_HA_H3	448	352	G	7	0	352	38.2698863636364
A_HA_H3	449	358	G	1	0	357	36.6666666666667
A_HA_H3	450	356	A	3	0	355	35.4591549295775
A_HA_H3	451	359	A	0	0	358	35.8603351955307
A_HA_H3	452	359	A	0	0	358	38.4357541899441
A_HA_H3	453	359	A	0	0	359	40.2423398328691
A_HA_H3	454	359	A	0	0	358	41.0223463687151
A_HA_H3	455	359	G	0	0	359	40.8245125348189
A_HA_H3	456	359	T	0	0	358	40.5921787709497
A_HA_H3	457	359	T	0	0	358	40.2541899441341
A_HA_H3	458	358	C	1	0	353	38.342776203966
A_HA_H3	459	359	T	0	0	359	38.3314763231198
A_HA_H3	460	357	G	2	0	353	37.7847025495751
A_HA_H3	461	357	C	2	0	355	38.4788732394366
A_HA_H3	462	359	G	0	0	356	37.5898876404494
A_HA_H3	463	358	T	1	0	358	37.3882681564246
A_HA_H3	464	356	G	3	0	355	36.5042253521127
A_HA_H3	465	356	C	3	0	355	36.4281690140845
A_HA_H3	466	355	A	4	0	354	36.0225988700565
A_HA_H3	467	357	A	2	0	357	36.9747899159664
A_HA_H3	468	359	A	0	0	359	36.8718662952646
A_HA_H3	469	359	A	0	0	357	38.2212885154062
A_HA_H3	470	359	G	0	0	359	39.1281337047354
A_HA_H3	471	358	G	1	0	358	39.768156424581
A_HA_H3	472	357	G	2	0	357	39.2156862745098
A_HA_H3	473	357	G	2	0	356	39.7780898876404
A_HA_H3	474	357	A	2	0	357	39.3669467787115
A_HA_H3	475	357	T	2	0	357	39.9243697478992
A_HA_H3	476	357	C	2	0	356	39.1432584269663
A_HA_H3	477	355	T	4	0	354	40.274011299435
A_HA_H3	478	355	A	4	0	354	40.4180790960452
A_HA_H3	479	357	G	2	0	355	41.0732394366197
A_HA_H3	480	359	T	0	0	359	40.9693593314763
A_HA_H3	481	359	A	0	0	358	41.3826815642458
A_HA_H3	482	359	G	0	0	357	41.2352941176471
A_HA_H3	483	358	T	1	0	358	40.8100558659218
A_HA_H3	484	359	A	0	0	359	38.7270194986072
A_HA_H3	485	358	G	1	0	358	37.3351955307263
A_HA_H3	486	327	T	32	0	326	38.2055214723926
A_HA_H3	487	355	T	4	0	355	37.1633802816901
A_HA_H3	488	355	T	4	0	355	37.4
A_HA_H3	489	356	T	3	0	356	36.9943820224719
A_HA_H3	490	359	T	0	0	359	38.5069637883008
A_HA_H3	491	359	T	0	0	359	39.3426183844011
A_HA_H3	492	359	T	0	0	358	39.8854748603352
A_HA_H3	493	359	A	0	0	359	37.8300835654596
A_HA_H3	494	359	G	0	0	359	37.6685236768802
A_HA_H3	495	357	T	2	0	357	37.8543417366947
A_HA_H3	496	358	A	1	0	358	37.8659217877095
A_HA_H3	497	358	G	1	0	357	38.4789915966387
A_HA_H3	498	358	A	1	0	358	38.6173184357542
A_HA_H3	499	359	T	0	0	359	38.5988857938719
A_HA_H3	500	359	T	0	0	357	39.2829131652661
A_HA_H3	501	358	A	1	0	357	38.3949579831933
A_HA_H3	502	359	A	0	0	359	39.5738161559889
A_HA_H3	503	359	A	0	0	358	39.6368715083799
A_HA_H3	504	359	T	0	0	359	39.933147632312
A_HA_H3	505	359	T	0	0	359	39.9052924791086
A_HA_H3	506	359	G	0	0	358	39.8072625698324
A_HA_H3	507	359	G	0	0	359	39.5543175487465
A_HA_H3	508	359	T	0	0	358	39.8184357541899
A_HA_H3	509	359	T	0	0	359	39.924791086351
A_HA_H3	510	359	G	0	0	358	40.0195530726257
A_HA_H3	511	359	A	0	0	358	40.3463687150838
A_HA_H3	512	359	C	0	0	357	39.1708683473389
A_HA_H3	513	358	C	1	0	358	38.6675977653631
A_HA_H3	514	358	A	1	0	358	39.5446927374302
A_HA_H3	515	358	G	1	0	357	39.9915966386555
A_HA_H3	516	358	C	1	0	356	39.1151685393258
A_HA_H3	517	359	T	0	0	358	39.3938547486034
A_HA_H3	518	358	T	1	0	355	39.3408450704225
A_HA_H3	519	358	A	1	0	357	38.4313725490196
A_HA_H3	520	358	A	1	0	357	39.0672268907563
A_HA_H3	521	358	A	1	0	356	40.1966292134831
A_HA_H3	522	359	C	0	0	358	39.877094972067
A_HA_H3	523	359	A	0	0	358	41.6480446927374
A_HA_H3	524	358	A	1	0	358	41.5195530726257
A_HA_H3	525	358	C	1	0	358	40.9581005586592
A_HA_H3	526	353	A	6	0	352	40.2159090909091
A_HA_H3	527	352	T	7	0	352	40.7301136363636
A_HA_H3	528	359	A	0	0	359	40.3286908077994
A_HA_H3	529	359	T	0	0	358	40.6117318435754
A_HA_H3	530	359	A	0	0	359	39.3537604456825
A_HA_H3	531	359	T	0	0	359	39.7409470752089
A_HA_H3	532	359	C	0	0	358	41.4245810055866
A_HA_H3	533	359	C	0	0	357	41.5910364145658
A_HA_H3	534	359	A	0	0	358	39.8212290502793
A_HA_H3	535	358	G	1	0	357	39.4621848739496
A_HA_H3	536	358	C	1	0	357	39.4817927170868
A_HA_H3	537	358	A	1	0	358	39.2905027932961
A_HA_H3	538	358	C	1	0	358	39.4189944134078
A_HA_H3	539	357	A	2	0	357	38.8823529411765
A_HA_H3	540	357	G	2	0	357	38.4089635854342
A_HA_H3	541	359	A	0	0	358	38.0251396648045
A_HA_H3	542	358	A	1	0	358	37.3296089385475
A_HA_H3	543	358	C	1	0	356	37.6404494382022
A_HA_H3	544	359	G	0	0	358	36.8184357541899
A_HA_H3	545	359	T	0	0	359	36.6880222841226
A_HA_H3	546	358	G	1	0	357	37
A_HA_H3	547	358	A	1	0	358	36.4608938547486
A_HA_H3	548	358	C	1	0	356	36.3651685393258
A_HA_H3	549	359	T	0	0	355	37.0056338028169
A_HA_H3	550	359	A	0	0	357	38.1008403361345
A_HA_H3	551	359	T	0	0	355	38.6140845070423
A_HA_H3	552	358	G	1	0	356	37.3960674157303
A_HA_H3	553	358	C	1	0	358	38.9162011173184
A_HA_H3	554	358	C	1	0	357	37.5322128851541
A_HA_H3	555	356	A	3	0	355	37.7380281690141
A_HA_H3	556	359	A	0	0	359	38.2785515320334
A_HA_H3	557	358	A	1	0	357	39.2352941176471
A_HA_H3	558	358	C	1	0	358	39.5139664804469
A_HA_H3	559	357	A	2	0	356	40.4129213483146
A_HA_H3	560	359	A	0	0	358	39.5949720670391
A_HA_H3	561	357	G	2	0	355	39.4647887323944
A_HA_H3	562	359	G	0	0	358	37.7793296089385
A_HA_H3	563	356	A	2	0	351	37.968660968661
A_HA_H3	564	357	A	1	0	356	38.3904494382022
A_HA_H3	565	358	C	0	0	358	38.7290502793296
A_HA_H3	566	358	A	0	0	358	38.8268156424581
A_HA_H3	567	358	A	0	0	358	39.7932960893855
A_HA_H3	568	352	T	6	0	352	40.2727272727273
A_HA_H3	569	358	T	0	0	358	38.5195530726257
A_HA_H3	570	358	T	0	0	356	38.435393258427
A_HA_H3	571	358	G	0	0	356	37.5533707865169
A_HA_H3	572	357	A	1	0	357	37.5518207282913
A_HA_H3	573	357	C	1	0	355	37.6760563380282
A_HA_H3	574	357	A	1	0	357	37.2997198879552
A_HA_H3	575	358	A	0	0	358	37.5502793296089
A_HA_H3	576	358	A	0	0	357	38.375350140056
A_HA_H3	577	358	T	0	0	356	37.5449438202247
A_HA_H3	578	358	T	0	0	357	37.6582633053221
A_HA_H3	579	357	G	1	0	356	37.688202247191
A_HA_H3	580	357	T	1	0	355	38.3746478873239
A_HA_H3	581	358	A	0	0	358	37.2597765363128
A_HA_H3	582	358	C	0	0	355	38.1549295774648
A_HA_H3	583	358	A	0	0	357	36.1260504201681
A_HA_H3	584	356	T	2	0	356	35.9578651685393
A_HA_H3	585	358	T	0	0	358	35.804469273743
A_HA_H3	586	356	T	2	0	356	35.4073033707865
A_HA_H3	587	332	G	26	0	332	33.7590361445783
A_HA_H3	588	352	G	6	0	352	34.6647727272727
A_HA_H3	589	358	G	0	0	357	35.6414565826331
A_HA_H3	590	357	G	1	0	356	35.4578651685393
A_HA_H3	591	357	G	1	0	355	37.9605633802817
A_HA_H3	592	357	G	1	0	353	37.5127478753541
A_HA_H3	593	357	T	1	0	356	37.1685393258427
A_HA_H3	594	358	T	0	0	356	37.2134831460674
A_HA_H3	595	357	C	1	0	351	36.8860398860399
A_HA_H3	596	358	A	0	0	354	36.2231638418079
A_HA_H3	597	358	T	0	0	355	36.2647887323944
A_HA_H3	598	357	C	1	0	348	35.7787356321839
A_HA_H3	599	357	A	1	0	351	34.6039886039886
A_HA_H3	600	357	T	1	0	356	33.7724719101124
A_HA_H3	601	355	C	3	0	355	33.8281690140845
A_HA_H3	602	355	C	3	0	355	33.5943661971831
A_HA_H3	603	355	G	3	0	351	34.0883190883191
A_HA_H3	604	355	G	3	0	352	35.3522727272727
A_HA_H3	605	356	A	2	0	356	34.6685393258427
A_HA_H3	606	355	T	3	0	354	34.8870056497175
A_HA_H3	607	355	A	3	0	354	34.6412429378531
A_HA_H3	608	353	C	5	0	350	34.9314285714286
A_HA_H3	609	354	G	4	0	351	34.002849002849
A_HA_H3	610	354	G	4	0	352	33.6931818181818
A_HA_H3	611	354	A	4	0	354	34.0423728813559
A_HA_H3	612	355	C	3	0	351	34.4529914529915
A_HA_H3	613	353	A	5	0	351	35.3447293447293
A_HA_H3	614	356	A	2	0	352	36.1988636363636
A_HA_H3	615	355	G	3	0	346	35.9566473988439
A_HA_H3	616	356	A	2	0	348	35.7183908045977
A_HA_H3	617	358	A	0	0	357	35.8151260504202
A_HA_H3	618	356	C	2	0	354	35.8361581920904
A_HA_H3	619	358	C	0	0	351	35.0740740740741
A_HA_H3	620	357	A	3	0	355	34.3521126760563
A_HA_H3	621	360	A	0	0	359	35.016713091922
A_HA_H3	622	358	T	2	0	354	34.5932203389831
A_HA_H3	623	360	T	0	0	357	34.6330532212885
A_HA_H3	624	358	C	2	0	356	34.0449438202247
A_HA_H3	625	358	T	2	0	357	35.1120448179272
A_HA_H3	626	357	C	3	0	355	34.1464788732394
A_HA_H3	627	360	C	0	0	359	33.7103064066852
A_HA_H3	628	360	C	0	0	360	34.0416666666667
A_HA_H3	629	356	T	4	0	356	35.2078651685393
A_HA_H3	630	360	G	0	0	359	35.5041782729805
A_HA_H3	631	356	T	4	0	356	39.9634831460674
A_HA_H3	632	360	T	0	0	358	40.072625698324
A_HA_H3	633	359	T	1	0	357	40.2268907563025
A_HA_H3	634	359	G	1	0	358	37.7067039106145
A_HA_H3	635	360	C	0	0	360	38.3638888888889
A_HA_H3	636	360	T	0	0	359	40.6685236768802
A_HA_H3	637	359	C	1	0	359	39.7743732590529
A_HA_H3	638	359	A	1	0	358	39.1871508379888
A_HA_H3	639	360	A	0	0	359	38.9637883008357
A_HA_H3	640	360	T	0	0	359	39.1030640668524
A_HA_H3	641	359	C	1	0	358	38.5111731843575
A_HA_H3	642	360	A	0	0	357	38.6778711484594
A_HA_H3	643	360	T	0	0	360	39.1833333333333
A_HA_H3	644	360	C	0	0	358	37.4134078212291
A_HA_H3	645	359	A	1	0	358	37.1201117318436
A_HA_H3	646	359	G	1	0	359	38.0863509749304
A_HA_H3	647	360	G	0	0	360	37.5333333333333
A_HA_H3	648	359	A	1	0	358	37.7290502793296
A_HA_H3	649	359	A	1	0	359	38.4651810584958
A_HA_H3	650	360	G	0	0	356	38.5449438202247
A_HA_H3	651	360	A	0	0	360	38.4194444444444
A_HA_H3	652	360	A	0	0	359	38.6378830083565
A_HA_H3	653	360	T	0	0	359	38.6963788300836
A_HA_H3	654	360	C	0	0	359	37.8356545961003
A_HA_H3	655	360	A	0	0	360	37.9083333333333
A_HA_H3	656	360	C	0	0	360	38.7527777777778
A_HA_H3	657	360	A	0	0	360	38.4722222222222
A_HA_H3	658	359	G	1	0	357	38.5434173669468
A_HA_H3	659	359	T	1	0	358	38.4916201117318
A_HA_H3	660	360	A	0	0	358	38.2458100558659
A_HA_H3	661	360	T	0	0	360	37.2055555555556
A_HA_H3	662	361	C	0	0	359	36.91643454039
A_HA_H3	663	361	T	0	0	359	37.1810584958217
A_HA_H3	664	361	A	0	0	361	36.0498614958449
A_HA_H3	665	361	C	0	0	360	37.4055555555556
A_HA_H3	666	361	C	0	0	361	37.2770083102493
A_HA_H3	667	355	A	6	0	355	37.7408450704225
A_HA_H3	668	361	A	0	0	361	37.2603878116344
A_HA_H3	669	361	A	0	0	361	38.218836565097
A_HA_H3	670	360	A	1	0	360	38.2888888888889
A_HA_H3	671	360	G	1	0	359	39.4428969359331
A_HA_H3	672	361	A	0	0	359	40.3649025069638
A_HA_H3	673	361	A	0	0	361	39.4930747922438
A_HA_H3	674	361	G	0	0	361	38.4986149584488
A_HA_H3	675	361	C	0	0	361	38.415512465374
A_HA_H3	676	361	C	0	0	360	38.0444444444444
A_HA_H3	677	358	A	3	0	358	38.2430167597765
A_HA_H3	678	359	A	2	0	358	38.0614525139665
A_HA_H3	679	359	C	2	0	358	39.2011173184358
A_HA_H3	680	359	A	2	0	359	38.7827298050139
A_HA_H3	681	360	A	1	0	357	39.4285714285714
A_HA_H3	682	360	G	1	0	358	39.8379888268156
A_HA_H3	683	361	C	0	0	360	39.5416666666667
A_HA_H3	684	360	T	1	0	360	39.2277777777778
A_HA_H3	685	359	G	2	0	359	39.066852367688
A_HA_H3	686	358	T	3	0	357	39.672268907563
A_HA_H3	687	357	A	4	0	355	38.8422535211268
A_HA_H3	688	359	A	2	0	359	39.941504178273
A_HA_H3	689	359	T	2	0	359	40.4456824512535
A_HA_H3	690	359	C	2	0	359	40.0222841225627
A_HA_H3	691	361	C	0	0	360	40.4444444444444
A_HA_H3	692	361	C	0	0	356	40.6601123595506
A_HA_H3	693	361	A	0	0	360	39.8333333333333
A_HA_H3	694	361	A	0	0	361	40.0581717451524
A_HA_H3	695	361	A	0	0	361	40.3268698060942
A_HA_H3	696	361	T	0	0	361	39.3268698060942
A_HA_H3	697	360	A	1	0	360	39.2944444444444
A_HA_H3	698	359	T	2	0	358	39.0586592178771
A_HA_H3	699	350	C	11	0	346	36.6329479768786
A_HA_H3	700	358	G	3	0	357	35.0504201680672
A_HA_H3	701	359	G	2	0	357	35.2773109243698
A_HA_H3	702	358	A	3	0	358	34.9078212290503
A_HA_H3	703	358	T	3	0	356	35.2162921348315
A_HA_H3	704	357	C	4	0	351	37.1680911680912
A_HA_H3	705	358	T	3	0	358	38.1033519553073
A_HA_H3	706	358	A	3	0	357	37.2072829131653
A_HA_H3	707	358	G	3	0	352	37.2926136363636
A_HA_H3	708	359	A	2	0	358	37.1787709497207
A_HA_H3	709	357	C	3	0	354	37.7570621468927
A_HA_H3	710	359	C	1	0	359	37.6295264623955
A_HA_H3	711	359	C	1	0	355	38.4845070422535
A_HA_H3	712	359	A	1	0	358	37.9189944134078
A_HA_H3	713	357	G	3	0	356	38.9269662921348
A_HA_H3	714	360	A	0	0	358	39.8575418994413
A_HA_H3	715	360	G	0	0	357	40.1484593837535
A_HA_H3	716	358	T	2	0	356	40.0477528089888
A_HA_H3	717	360	A	0	0	360	39.1888888888889
A_HA_H3	718	360	A	0	0	360	39.8055555555556
A_HA_H3	719	359	G	1	0	357	39.1792717086835
A_HA_H3	720	360	G	0	0	359	38.6406685236769
A_HA_H3	721	360	G	0	0	358	39.9776536312849
A_HA_H3	722	360	A	0	0	360	38.1666666666667
A_HA_H3	723	360	T	0	0	360	38.3777777777778
A_HA_H3	724	360	A	0	0	359	38.8022284122563
A_HA_H3	725	360	T	0	0	360	40.2388888888889
A_HA_H3	726	359	C	1	0	359	40.1364902506964
A_HA_H3	727	359	C	1	0	358	40.9301675977654
A_HA_H3	728	359	C	1	0	357	40.5098039215686
A_HA_H3	729	358	T	2	0	355	40.6225352112676
A_HA_H3	730	359	A	1	0	359	38.7409470752089
A_HA_H3	731	357	G	3	0	357	38.3249299719888
A_HA_H3	732	360	C	0	0	360	38
A_HA_H3	733	360	A	0	0	359	38.8105849582173
A_HA_H3	734	359	G	1	0	358	39.122905027933
A_HA_H3	735	359	A	1	0	359	38.7632311977716
A_HA_H3	736	360	A	0	0	359	39.0362116991643
A_HA_H3	737	360	T	0	0	360	39.3416666666667
A_HA_H3	738	360	A	0	0	360	38.5972222222222
A_HA_H3	739	360	A	0	0	359	39.2200557103064
A_HA_H3	740	358	G	2	0	358	40.4217877094972
A_HA_H3	741	360	C	0	0	359	40.2924791086351
A_HA_H3	742	360	A	0	0	360	39.7694444444444
A_HA_H3	743	359	T	1	0	358	40.4748603351955
A_HA_H3	744	359	C	1	0	357	39.6218487394958
A_HA_H3	745	360	T	0	0	360	39.5833333333333
A_HA_H3	746	360	A	0	0	359	39.2896935933148
A_HA_H3	747	360	T	0	0	359	39.3509749303621
A_HA_H3	748	360	T	0	0	360	38.9194444444444
A_HA_H3	749	360	G	0	0	359	39.4818941504178
A_HA_H3	750	360	G	0	0	360	39
A_HA_H3	751	360	A	0	0	360	39.5277777777778
A_HA_H3	752	360	C	0	0	360	39.9777777777778
A_HA_H3	753	356	A	4	0	356	39.7921348314607
A_HA_H3	754	355	A	5	0	354	40.2316384180791
A_HA_H3	755	355	T	5	0	353	40.3767705382436
A_HA_H3	756	359	A	1	0	357	37.7619047619048
A_HA_H3	757	359	G	1	0	359	36.7270194986072
A_HA_H3	758	358	T	2	0	356	35.3988764044944
A_HA_H3	759	360	A	0	0	358	34.1033519553073
A_HA_H3	760	360	A	0	0	360	34.5777777777778
A_HA_H3	761	360	A	0	0	360	36.9583333333333
A_HA_H3	762	359	A	1	0	357	37.1176470588235
A_HA_H3	763	359	C	1	0	359	38.1309192200557
A_HA_H3	764	359	C	1	0	359	37.7994428969359
A_HA_H3	765	350	G	10	0	349	36.5873925501433
A_HA_H3	766	360	G	0	0	360	36.775
A_HA_H3	767	360	G	0	0	352	36.5227272727273
A_HA_H3	768	360	A	0	0	360	36.7805555555556
A_HA_H3	769	358	G	2	0	356	38.5196629213483
A_HA_H3	770	360	A	0	0	359	39.4206128133705
A_HA_H3	771	359	C	1	0	357	39.0364145658263
A_HA_H3	772	359	A	1	0	359	39.158774373259
A_HA_H3	773	359	T	1	0	356	39.3455056179775
A_HA_H3	774	360	A	0	0	356	39.3370786516854
A_HA_H3	775	360	C	0	0	358	39.5279329608939
A_HA_H3	776	360	T	0	0	359	40.1030640668524
A_HA_H3	777	359	C	1	0	359	39.6657381615599
A_HA_H3	778	359	T	1	0	359	39.4512534818941
A_HA_H3	779	360	T	0	0	358	40.5949720670391
A_HA_H3	780	360	G	0	0	358	40.4162011173184
A_HA_H3	781	360	A	0	0	360	40.0777777777778
A_HA_H3	782	360	T	0	0	359	41.9693593314763
A_HA_H3	783	360	T	0	0	360	41.8583333333333
A_HA_H3	784	360	A	0	0	360	40.8861111111111
A_HA_H3	785	360	A	0	0	359	41.1309192200557
A_HA_H3	786	360	C	0	0	359	40.4178272980501
A_HA_H3	787	360	A	0	0	359	39.066852367688
A_HA_H3	788	360	A	0	0	360	38.7805555555556
A_HA_H3	789	360	C	0	0	359	37.874651810585
A_HA_H3	790	360	A	0	0	360	38.0888888888889
A_HA_H3	791	360	C	0	0	360	38.275
A_HA_H3	792	359	A	1	0	359	35.7632311977716
A_HA_H3	793	359	G	2	0	359	34.4122562674095
A_HA_H3	794	361	G	0	0	361	36.3324099722992
A_HA_H3	795	360	G	1	0	358	37.5782122905028
A_HA_H3	796	360	A	1	0	359	38.0640668523677
A_HA_H3	797	361	A	0	0	359	39.3704735376045
A_HA_H3	798	361	T	0	0	360	39.675
A_HA_H3	799	360	C	1	0	357	39.327731092437
A_HA_H3	800	361	T	0	0	355	40.0056338028169
A_HA_H3	801	361	A	0	0	360	38.3527777777778
A_HA_H3	802	361	A	0	0	359	38.4958217270195
A_HA_H3	803	361	T	0	0	359	37.857938718663
A_HA_H3	804	361	T	0	0	361	38.1994459833795
A_HA_H3	805	361	G	0	0	360	37.925
A_HA_H3	806	361	C	0	0	359	39.3871866295265
A_HA_H3	807	361	T	0	0	361	39.4958448753463
A_HA_H3	808	360	C	1	0	360	40.0222222222222
A_HA_H3	809	360	C	1	0	360	39.2388888888889
A_HA_H3	810	359	T	2	0	358	38.4664804469274
A_HA_H3	811	353	A	8	0	352	36.5539772727273
A_HA_H3	812	361	G	0	0	359	35.849582172702
A_HA_H3	813	361	G	0	0	360	36.5027777777778
A_HA_H3	814	361	G	0	0	359	36.5376044568245
A_HA_H3	815	361	G	0	0	359	36.4233983286908
A_HA_H3	816	361	T	0	0	360	38.1333333333333
A_HA_H3	817	361	T	0	0	361	38.6038781163435
A_HA_H3	818	358	A	3	0	352	35.2471590909091
A_HA_H3	819	361	C	0	0	359	34.3454038997214
A_HA_H3	820	360	T	1	0	359	33.5626740947075
A_HA_H3	821	361	T	0	0	360	33.3111111111111
A_HA_H3	822	361	C	0	0	359	32.1866295264624
A_HA_H3	823	359	A	2	0	356	33.4943820224719
A_HA_H3	824	361	A	0	0	361	34.4432132963989
A_HA_H3	825	361	A	0	0	361	36.5263157894737
A_HA_H3	826	361	A	0	0	361	36.7506925207756
A_HA_H3	827	361	T	0	0	361	36.8005540166205
A_HA_H3	828	361	A	0	0	360	33.1138888888889
A_HA_H3	829	361	C	0	0	360	32.5305555555556
A_HA_H3	830	360	G	1	0	356	33.3455056179775
A_HA_H3	831	360	A	1	0	359	34.3119777158774
A_HA_H3	832	361	A	0	0	360	34.4333333333333
A_HA_H3	833	361	G	0	0	361	35.8614958448753
A_HA_H3	834	361	T	0	0	361	37.9141274238227
A_HA_H3	835	333	G	28	0	332	38.7198795180723
A_HA_H3	836	361	G	0	0	361	39.2908587257618
A_HA_H3	837	362	G	0	0	360	38.3583333333333
A_HA_H3	838	361	A	1	0	358	38.5586592178771
A_HA_H3	839	361	A	1	0	360	39.3694444444444
A_HA_H3	840	362	A	0	0	362	39.4806629834254
A_HA_H3	841	361	A	1	0	358	40.0502793296089
A_HA_H3	842	360	G	2	0	359	40.0473537604457
A_HA_H3	843	361	C	1	0	359	39.150417827298
A_HA_H3	844	361	T	1	0	359	39.2144846796657
A_HA_H3	845	362	C	0	0	357	37.8375350140056
A_HA_H3	846	361	A	1	0	355	38.3915492957746
A_HA_H3	847	362	A	0	0	362	38.2734806629834
A_HA_H3	848	362	T	0	0	356	39.3314606741573
A_HA_H3	849	361	A	1	0	359	39.4874651810585
A_HA_H3	850	362	A	0	0	362	40.7596685082873
A_HA_H3	851	362	T	0	0	360	40.5888888888889
A_HA_H3	852	361	G	1	0	359	39.1727019498607
A_HA_H3	853	361	A	1	0	359	39.1030640668524
A_HA_H3	854	362	G	0	0	359	39.4094707520891
A_HA_H3	855	362	A	0	0	360	39.2722222222222
A_HA_H3	856	362	T	0	0	358	40.195530726257
A_HA_H3	857	362	C	0	0	360	40.0472222222222
A_HA_H3	858	362	T	0	0	360	39.5277777777778
A_HA_H3	859	362	G	0	0	361	39.6371191135734
A_HA_H3	860	362	A	0	0	361	39.8365650969529
A_HA_H3	861	362	T	0	0	361	38.6288088642659
A_HA_H3	862	361	G	1	0	359	38.091922005571
A_HA_H3	863	361	C	1	0	355	39.8366197183099
A_HA_H3	864	362	A	0	0	359	38.2618384401114
A_HA_H3	865	361	C	1	0	361	38.3240997229917
A_HA_H3	866	361	C	1	0	360	38.1666666666667
A_HA_H3	867	361	C	1	0	358	38.5279329608939
A_HA_H3	868	362	A	0	0	359	37.8774373259053
A_HA_H3	869	361	T	1	0	360	39.1055555555556
A_HA_H3	870	361	T	1	0	358	39.1703910614525
A_HA_H3	871	361	G	1	0	359	37.7381615598886
A_HA_H3	872	361	G	1	0	360	37.4055555555556
A_HA_H3	873	361	C	1	0	359	37.3008356545961
A_HA_H3	874	361	G	1	0	351	34.5783475783476
A_HA_H3	875	361	A	1	0	360	34.65
A_HA_H3	876	360	A	2	0	360	34.5
A_HA_H3	877	361	T	1	0	360	34.7833333333333
A_HA_H3	878	361	G	1	0	359	35.3175487465181
A_HA_H3	879	360	T	2	0	358	39.2430167597765
A_HA_H3	880	361	A	1	0	359	37.4178272980501
A_HA_H3	881	360	A	1	0	359	37.9108635097493
A_HA_H3	882	359	G	2	0	357	37.6694677871148
A_HA_H3	883	357	T	4	0	355	36.9154929577465
A_HA_H3	884	358	C	3	0	354	36.909604519774
A_HA_H3	885	358	T	3	0	355	38.0816901408451
A_HA_H3	886	359	G	2	0	356	37.4185393258427
A_HA_H3	887	358	A	3	0	358	38.7932960893855
A_HA_H3	888	360	A	1	0	359	38.9554317548747
A_HA_H3	889	360	T	1	0	359	38.8802228412256
A_HA_H3	890	360	G	1	0	354	39.2457627118644
A_HA_H3	891	361	C	0	0	359	40.2367688022284
A_HA_H3	892	361	A	0	0	361	39.7202216066482
A_HA_H3	893	361	T	0	0	361	38.8531855955679
A_HA_H3	894	361	C	0	0	358	38.7737430167598
A_HA_H3	895	361	A	0	0	359	39.0473537604457
A_HA_H3	896	361	C	0	0	361	38.0249307479224
A_HA_H3	897	360	T	1	0	360	37.4944444444444
A_HA_H3	898	358	C	3	0	357	38.2296918767507
A_HA_H3	899	361	C	0	0	360	38.6472222222222
A_HA_H3	900	359	A	2	0	358	38.7569832402235
A_HA_H3	901	361	A	0	0	361	40.0831024930748
A_HA_H3	902	361	A	0	0	361	40.4736842105263
A_HA_H3	903	360	T	1	0	360	39.9194444444444
A_HA_H3	904	358	G	3	0	357	40.8207282913165
A_HA_H3	905	360	G	1	0	360	41.2666666666667
A_HA_H3	906	361	A	0	0	361	40.7340720221607
A_HA_H3	907	361	A	0	0	358	40.4357541899441
A_HA_H3	908	361	G	0	0	357	39.9915966386555
A_HA_H3	909	359	C	0	0	357	39.6554621848739
A_HA_H3	910	359	A	0	0	358	37.7374301675978
A_HA_H3	911	357	T	2	0	356	38.5477528089888
A_HA_H3	912	358	T	1	0	358	38.0195530726257
A_HA_H3	913	358	C	1	0	354	37.2514124293785
A_HA_H3	914	359	C	0	0	359	37.7883008356546
A_HA_H3	915	360	C	0	0	357	39.2997198879552
A_HA_H3	916	360	A	0	0	360	37.975
A_HA_H3	917	360	A	0	0	360	38.4083333333333
A_HA_H3	918	360	T	0	0	358	39.0865921787709
A_HA_H3	919	358	G	2	0	357	38.7983193277311
A_HA_H3	920	359	A	1	0	359	39.050139275766
A_HA_H3	921	360	C	0	0	356	39.75
A_HA_H3	922	359	A	1	0	359	38.091922005571
A_HA_H3	923	360	A	0	0	359	38.5348189415042
A_HA_H3	924	358	A	2	0	356	38.9325842696629
A_HA_H3	925	358	C	2	0	357	38.8851540616246
A_HA_H3	926	360	C	0	0	357	38.624649859944
A_HA_H3	927	359	G	0	0	358	39.231843575419
A_HA_H3	928	358	T	0	0	357	39.0084033613445
A_HA_H3	929	357	T	1	0	356	38.8679775280899
A_HA_H3	930	357	C	1	0	355	39.5718309859155
A_HA_H3	931	358	C	0	0	356	39.685393258427
A_HA_H3	932	355	A	3	0	355	39.3521126760563
A_HA_H3	933	357	A	1	0	357	39.1736694677871
A_HA_H3	934	358	A	0	0	358	40.0027932960894
A_HA_H3	935	358	A	0	0	358	40.6703910614525
A_HA_H3	936	358	T	0	0	355	41.7183098591549
A_HA_H3	937	358	G	0	0	358	41.4608938547486
A_HA_H3	938	358	T	0	0	358	41.5055865921788
A_HA_H3	939	357	A	1	0	356	40.1179775280899
A_HA_H3	940	358	A	0	0	358	40.3184357541899
A_HA_H3	941	358	A	0	0	357	40.7422969187675
A_HA_H3	942	362	C	0	0	362	40.6795580110497
A_HA_H3	943	362	A	0	0	361	40.6537396121884
A_HA_H3	944	362	G	0	0	361	40.5595567867036
A_HA_H3	945	362	G	0	0	361	39.4792243767313
A_HA_H3	946	362	A	0	0	361	39.1828254847645
A_HA_H3	947	362	T	0	0	362	39.4917127071823
A_HA_H3	948	362	C	0	0	360	39.3583333333333
A_HA_H3	949	362	A	0	0	359	39.6350974930362
A_HA_H3	950	362	C	0	0	361	40.1385041551247
A_HA_H3	951	362	A	0	0	359	40.016713091922
A_HA_H3	952	362	T	1	0	359	39.7604456824513
A_HA_H3	953	363	A	1	0	363	38.8374655647383
A_HA_H3	954	362	C	1	0	360	38.7972222222222
A_HA_H3	955	362	G	3	0	362	37.5635359116022
A_HA_H3	956	365	G	0	0	364	37.2912087912088
A_HA_H3	957	365	G	0	0	362	37.2044198895028
A_HA_H3	958	365	G	0	0	363	37.3553719008264
A_HA_H3	959	365	C	0	0	362	38.9364640883978
A_HA_H3	960	364	C	1	0	361	38.5346260387812
A_HA_H3	961	363	T	2	0	361	38.0803324099723
A_HA_H3	962	364	G	1	0	363	37.7823691460055
A_HA_H3	963	363	T	2	0	363	38.1101928374656
A_HA_H3	964	359	C	6	0	355	36.2225352112676
A_HA_H3	965	364	C	1	0	363	35.5674931129477
A_HA_H3	966	365	C	0	0	362	34.9944751381215
A_HA_H3	967	365	A	0	0	363	33.1818181818182
A_HA_H3	968	360	G	5	0	355	33.7380281690141
A_HA_H3	969	364	A	1	0	363	35.3526170798898
A_HA_H3	970	362	T	3	0	354	36.5225988700565
A_HA_H3	971	361	A	4	0	357	36.3473389355742
A_HA_H3	972	352	C	13	0	343	37.1603498542274
A_HA_H3	973	363	G	2	0	360	34.9388888888889
A_HA_H3	974	364	T	1	0	363	34.9944903581267
A_HA_H3	975	364	T	1	0	363	34.396694214876
A_HA_H3	976	361	A	4	0	358	33.5195530726257
A_HA_H3	977	365	A	0	0	361	34.6731301939058
A_HA_H3	978	364	G	1	0	360	36.7722222222222
A_HA_H3	979	365	C	0	0	361	37.7756232686981
A_HA_H3	980	363	A	2	0	363	37.8898071625344
A_HA_H3	981	363	A	2	0	363	39.2644628099174
A_HA_H3	982	364	A	1	0	361	38.8947368421053
A_HA_H3	983	364	G	1	0	361	39.3351800554017
A_HA_H3	984	365	C	0	0	363	39.9421487603306
A_HA_H3	985	365	A	0	0	365	38.2958904109589
A_HA_H3	986	364	C	1	0	362	37.7209944751381
A_HA_H3	987	365	C	0	0	365	37.358904109589
A_HA_H3	988	365	C	0	0	365	36.8164383561644
A_HA_H3	989	365	T	0	0	363	36.3195592286501
A_HA_H3	990	365	G	0	0	362	36.8812154696133
A_HA_H3	991	365	A	0	0	364	37.1401098901099
A_HA_H3	992	365	A	0	0	365	38.7534246575342
A_HA_H3	993	365	A	0	0	365	39.6849315068493
A_HA_H3	994	365	T	0	0	365	40.6301369863014
A_HA_H3	995	365	T	0	0	363	40.5399449035813
A_HA_H3	996	364	G	1	0	364	40.4587912087912
A_HA_H3	997	364	G	1	0	364	40.271978021978
A_HA_H3	998	365	C	0	0	364	41.1236263736264
A_HA_H3	999	364	A	1	0	363	39.9366391184573
A_HA_H3	1000	365	A	0	0	364	39.0384615384615
A_HA_H3	1001	366	C	0	0	364	38.7032967032967
A_HA_H3	1002	366	A	0	0	364	37.8571428571429
A_HA_H3	1003	366	G	0	0	366	38.2322404371585
A_HA_H3	1004	366	G	0	0	364	38.7142857142857
A_HA_H3	1005	366	A	0	0	366	39.0464480874317
A_HA_H3	1006	366	A	0	0	365	39.8575342465753
A_HA_H3	1007	366	T	0	0	366	40.3989071038251
A_HA_H3	1008	366	G	0	0	366	39.6584699453552
A_HA_H3	1009	365	C	1	0	361	39.5401662049861
A_HA_H3	1010	364	G	2	0	361	38.0526315789474
A_HA_H3	1011	366	A	0	0	366	36.2568306010929
A_HA_H3	1012	366	A	0	0	366	36.6994535519126
A_HA_H3	1013	366	A	0	0	362	37.121546961326
A_HA_H3	1014	366	T	0	0	364	38.0906593406593
A_HA_H3	1015	366	G	0	0	363	38.6831955922865
A_HA_H3	1016	366	T	0	0	360	40.1138888888889
A_HA_H3	1017	366	A	0	0	362	38.2044198895028
A_HA_H3	1018	364	C	2	0	361	38.0637119113573
A_HA_H3	1019	366	C	0	0	366	37.2459016393443
A_HA_H3	1020	363	T	3	0	359	36.7632311977716
A_HA_H3	1021	362	G	4	0	359	35.7325905292479
A_HA_H3	1022	364	A	2	0	362	36.8701657458564
A_HA_H3	1023	365	G	1	0	364	37.978021978022
A_HA_H3	1024	366	A	0	0	364	38.3708791208791
A_HA_H3	1025	366	A	0	0	363	39.5151515151515
A_HA_H3	1026	366	A	0	0	363	39.4517906336088
A_HA_H3	1027	366	C	0	0	362	39.9640883977901
A_HA_H3	1028	365	A	1	0	365	38.8054794520548
A_HA_H3	1029	366	A	0	0	366	39.3169398907104
A_HA_H3	1030	366	A	0	0	365	39.3205479452055
A_HA_H3	1031	366	C	0	0	366	39.620218579235
A_HA_H3	1032	366	C	0	0	363	39.9201101928375
A_HA_H3	1033	366	A	0	0	366	37.4371584699454
A_HA_H3	1034	366	G	0	0	364	36.8351648351648
A_HA_H3	1035	366	A	0	0	364	37.5576923076923
A_HA_H3	1036	365	G	1	0	363	38.6528925619835
A_HA_H3	1037	366	G	0	0	364	38.4587912087912
A_HA_H3	1038	366	C	0	0	365	39.1013698630137
A_HA_H3	1039	366	A	0	0	366	39.0792349726776
A_HA_H3	1040	366	T	0	0	366	39.9371584699454
A_HA_H3	1041	366	A	0	0	366	40.4371584699454
A_HA_H3	1042	364	T	2	0	363	41.2644628099174
A_HA_H3	1043	366	T	0	0	366	41.3661202185792
A_HA_H3	1044	366	T	0	0	366	41.7622950819672
A_HA_H3	1045	366	G	0	0	366	40.8005464480874
A_HA_H3	1046	366	G	0	0	365	40.2547945205479
A_HA_H3	1047	366	T	0	0	366	39.6639344262295
A_HA_H3	1048	367	G	1	0	367	39.8828337874659
A_HA_H3	1049	367	C	1	0	367	40.2370572207084
A_HA_H3	1050	366	A	2	0	366	40.3852459016393
A_HA_H3	1051	368	A	0	0	368	40.3315217391304
A_HA_H3	1052	368	T	0	0	365	40.6219178082192
A_HA_H3	1053	373	A	0	0	372	38.5134408602151
A_HA_H3	1054	372	G	1	0	372	38.3602150537634
A_HA_H3	1055	372	C	1	0	370	37.827027027027
A_HA_H3	1056	373	G	0	0	365	36.6958904109589
A_HA_H3	1057	373	G	0	0	373	36.7211796246649
A_HA_H3	1058	373	G	0	0	373	36.8981233243968
A_HA_H3	1059	373	T	0	0	370	37.4054054054054
A_HA_H3	1060	373	T	0	0	372	39.8387096774194
A_HA_H3	1061	373	T	0	0	372	39.7338709677419
A_HA_H3	1062	372	C	1	0	371	38.366576819407
A_HA_H3	1063	373	A	0	0	373	37.9544235924933
A_HA_H3	1064	373	T	0	0	372	37.7930107526882
A_HA_H3	1065	373	A	0	0	370	35.6
A_HA_H3	1066	372	G	1	0	370	35.6297297297297
A_HA_H3	1067	371	A	2	0	368	35.5271739130435
A_HA_H3	1068	372	A	1	0	372	34.3172043010753
A_HA_H3	1069	372	A	1	0	372	32.9112903225806
A_HA_H3	1070	372	A	1	0	371	35.1266846361186
A_HA_H3	1071	372	T	1	0	372	37.4059139784946
A_HA_H3	1072	373	G	0	0	372	37.9811827956989
A_HA_H3	1073	373	G	0	0	371	39.2803234501348
A_HA_H3	1074	373	A	0	0	369	39.4607046070461
A_HA_H3	1075	373	T	0	0	370	40.5648648648649
A_HA_H3	1076	328	G	45	0	324	38.0462962962963
A_HA_H3	1077	373	G	0	0	373	38.8203753351206
A_HA_H3	1078	373	G	0	0	373	38.4396782841823
A_HA_H3	1079	373	A	0	0	372	38.5188172043011
A_HA_H3	1080	370	G	3	0	368	38.9728260869565
A_HA_H3	1081	372	G	1	0	370	38.4324324324324
A_HA_H3	1082	372	G	1	0	369	37.7208672086721
A_HA_H3	1083	371	A	2	0	367	36.9455040871935
A_HA_H3	1084	372	A	1	0	369	38.8509485094851
A_HA_H3	1085	372	T	1	0	371	38.4959568733154
A_HA_H3	1086	373	G	0	0	372	37.8790322580645
A_HA_H3	1087	373	G	0	0	372	38.5376344086022
A_HA_H3	1088	373	T	0	0	372	38.5510752688172
A_HA_H3	1089	372	G	1	0	371	36.6792452830189
A_HA_H3	1090	372	G	1	0	371	36.5202156334232
A_HA_H3	1091	372	A	1	0	371	36.8544474393531
A_HA_H3	1092	372	T	1	0	372	36.8387096774194
A_HA_H3	1093	373	G	0	0	372	35.9005376344086
A_HA_H3	1094	373	G	0	0	373	36.7479892761394
A_HA_H3	1095	372	T	1	0	372	38.1424731182796
A_HA_H3	1096	372	T	1	0	372	38.3978494623656
A_HA_H3	1097	371	G	2	0	366	38.4836065573771
A_HA_H3	1098	373	G	0	0	372	38.4650537634409
A_HA_H3	1099	373	T	0	0	366	38.9289617486339
A_HA_H3	1100	373	A	0	0	371	37.644204851752
A_HA_H3	1101	372	C	1	0	368	38.366847826087
A_HA_H3	1102	372	G	1	0	364	36.4697802197802
A_HA_H3	1103	372	G	1	0	367	36.8637602179837
A_HA_H3	1104	370	T	3	0	368	36.4728260869565
A_HA_H3	1105	373	T	0	0	372	36.6290322580645
A_HA_H3	1106	372	T	1	0	370	36.5540540540541
A_HA_H3	1107	371	C	2	0	370	37.5
A_HA_H3	1108	373	A	0	0	371	37.4743935309973
A_HA_H3	1109	368	G	5	0	367	38.1089918256131
A_HA_H3	1110	371	G	2	0	370	38.272972972973
A_HA_H3	1111	373	C	0	0	369	37.9132791327913
A_HA_H3	1112	373	A	0	0	373	37
A_HA_H3	1113	373	T	0	0	373	38.5683646112601
A_HA_H3	1114	373	C	0	0	372	37.5188172043011
A_HA_H3	1115	373	A	0	0	373	36.5361930294906
A_HA_H3	1116	373	A	0	0	373	35.745308310992
A_HA_H3	1117	373	A	0	0	372	36.6478494623656
A_HA_H3	1118	373	A	0	0	372	36.1344086021505
A_HA_H3	1119	373	T	0	0	373	37.911528150134
A_HA_H3	1120	373	T	0	0	373	38.6756032171582
A_HA_H3	1121	372	C	1	0	370	37.3891891891892
A_HA_H3	1122	369	T	4	0	368	38.0815217391304
A_HA_H3	1123	371	G	2	0	370	36.3189189189189
A_HA_H3	1124	372	A	1	0	371	36.7708894878706
A_HA_H3	1125	363	G	10	0	362	36.3618784530387
A_HA_H3	1126	372	G	1	0	371	36.9299191374663
A_HA_H3	1127	372	G	1	0	371	39.1051212938005
A_HA_H3	1128	367	A	5	0	366	38.0601092896175
A_HA_H3	1129	371	A	1	0	368	38.7961956521739
A_HA_H3	1130	371	G	1	0	367	39.2234332425068
A_HA_H3	1131	371	A	1	0	370	39.3810810810811
A_HA_H3	1132	371	G	1	0	371	38.9703504043127
A_HA_H3	1133	371	G	1	0	371	39.1509433962264
A_HA_H3	1134	371	A	1	0	370	39.3108108108108
A_HA_H3	1135	370	C	2	0	369	40.420054200542
A_HA_H3	1136	371	A	1	0	370	40.2648648648649
A_HA_H3	1137	372	A	0	0	372	40.2204301075269
A_HA_H3	1138	371	G	1	0	371	39.9245283018868
A_HA_H3	1139	371	C	1	0	369	39.9728997289973
A_HA_H3	1140	374	A	0	0	372	38.0349462365591
A_HA_H3	1141	373	G	1	0	372	38.1263440860215
A_HA_H3	1142	373	C	1	0	373	38.5951742627346
A_HA_H3	1143	372	A	2	0	372	38.3844086021505
A_HA_H3	1144	373	G	1	0	372	39.4408602150538
A_HA_H3	1145	373	A	1	0	370	40.4945945945946
A_HA_H3	1146	372	T	2	0	371	40.5229110512129
A_HA_H3	1147	374	C	2	0	373	39.8632707774799
A_HA_H3	1148	375	T	1	0	374	39.807486631016
A_HA_H3	1149	373	C	3	0	371	38.6388140161725
A_HA_H3	1150	373	A	3	0	372	38.0188172043011
A_HA_H3	1151	376	A	0	0	376	37.6117021276596
A_HA_H3	1152	376	A	0	0	375	37.8826666666667
A_HA_H3	1153	376	A	0	0	376	38.0505319148936
A_HA_H3	1154	375	G	1	0	375	38.6826666666667
A_HA_H3	1155	375	C	1	0	373	40.5656836461126
A_HA_H3	1156	375	A	1	0	372	39.2768817204301
A_HA_H3	1157	375	C	1	0	374	39.2593582887701
A_HA_H3	1158	376	T	0	0	375	39.1946666666667
A_HA_H3	1159	376	C	0	0	374	38.6042780748663
A_HA_H3	1160	382	A	0	0	382	37.7748691099476
A_HA_H3	1161	382	A	0	0	381	38.7191601049869
A_HA_H3	1162	382	G	0	0	381	38.8057742782152
A_HA_H3	1163	382	C	0	0	382	39.1387434554974
A_HA_H3	1164	382	A	0	0	382	38.717277486911
A_HA_H3	1165	381	G	1	0	381	39.6167979002625
A_HA_H3	1166	381	C	1	0	381	39.3464566929134
A_HA_H3	1167	381	A	1	0	379	38.6490765171504
A_HA_H3	1168	381	A	1	0	381	38.5406824146982
A_HA_H3	1169	381	T	1	0	381	38.7979002624672
A_HA_H3	1170	382	T	0	0	381	39.2099737532808
A_HA_H3	1171	382	G	0	0	381	39.1679790026247
A_HA_H3	1172	382	A	0	0	382	39.6884816753927
A_HA_H3	1173	382	T	0	0	382	39.6151832460733
A_HA_H3	1174	382	C	0	0	381	37.9291338582677
A_HA_H3	1175	379	A	3	0	379	37.598944591029
A_HA_H3	1176	382	A	0	0	381	36.9580052493438
A_HA_H3	1177	382	A	0	0	382	36.955497382199
A_HA_H3	1178	382	T	0	0	381	38.7296587926509
A_HA_H3	1179	382	C	0	0	380	37.7894736842105
A_HA_H3	1180	382	A	0	0	382	37.3089005235602
A_HA_H3	1181	382	G	0	0	382	37.3560209424084
A_HA_H3	1182	382	T	0	0	382	37.782722513089
A_HA_H3	1183	376	G	6	0	375	37.3013333333333
A_HA_H3	1184	382	G	0	0	382	38.5837696335079
A_HA_H3	1185	382	G	0	0	382	38.7329842931937
A_HA_H3	1186	382	A	0	0	382	38.9214659685864
A_HA_H3	1187	381	A	1	0	380	39.2947368421053
A_HA_H3	1188	381	G	1	0	379	38.2981530343008
A_HA_H3	1189	382	C	0	0	381	38.8792650918635
A_HA_H3	1190	382	T	0	0	381	38.262467191601
A_HA_H3	1191	382	G	0	0	378	37.6058201058201
A_HA_H3	1192	381	A	1	0	381	37.7217847769029
A_HA_H3	1193	382	A	0	0	381	37.3937007874016
A_HA_H3	1194	382	T	0	0	381	37.2230971128609
A_HA_H3	1195	382	C	0	0	379	35.8126649076517
A_HA_H3	1196	382	G	0	0	374	35.6524064171123
A_HA_H3	1197	382	A	0	0	381	34.509186351706
A_HA_H3	1198	382	T	0	0	382	34.6073298429319
A_HA_H3	1199	381	T	1	0	380	35.0026315789474
A_HA_H3	1200	381	G	1	0	377	35.3580901856764
A_HA_H3	1201	381	A	1	0	381	35.9816272965879
A_HA_H3	1202	382	T	0	0	382	36.1701570680628
A_HA_H3	1203	382	C	0	0	379	34.3060686015831
A_HA_H3	1204	380	G	2	0	379	34.2849604221636
A_HA_H3	1205	381	G	1	0	378	34.3862433862434
A_HA_H3	1206	376	A	6	0	373	35.0777479892761
A_HA_H3	1207	380	A	2	0	379	35.9208443271768
A_HA_H3	1208	382	A	0	0	382	38.2303664921466
A_HA_H3	1209	382	A	0	0	381	39.1049868766404
A_HA_H3	1210	382	A	0	0	381	39.4829396325459
A_HA_H3	1211	382	C	0	0	382	40.2643979057592
A_HA_H3	1212	381	C	1	0	378	40.3518518518519
A_HA_H3	1213	381	A	1	0	380	39.65
A_HA_H3	1214	382	A	0	0	382	39.7539267015707
A_HA_H3	1215	382	C	0	0	380	39.2947368421053
A_HA_H3	1216	381	G	1	0	379	38.9841688654354
A_HA_H3	1217	381	A	1	0	381	38.8083989501312
A_HA_H3	1218	380	G	2	0	379	40.0633245382586
A_HA_H3	1219	382	A	0	0	382	40.1020942408377
A_HA_H3	1220	382	A	0	0	382	40.6073298429319
A_HA_H3	1221	382	A	0	0	380	41.2105263157895
A_HA_H3	1222	382	T	0	0	380	41.45
A_HA_H3	1223	382	T	0	0	381	41.1338582677165
A_HA_H3	1224	381	C	1	0	379	40.6147757255937
A_HA_H3	1225	381	C	1	0	378	40.3783068783069
A_HA_H3	1226	382	A	0	0	382	39.4424083769633
A_HA_H3	1227	382	T	0	0	382	40.1701570680628
A_HA_H3	1228	382	C	0	0	380	39.4342105263158
A_HA_H3	1229	382	A	0	0	381	39.9842519685039
A_HA_H3	1230	382	G	0	0	380	40.2105263157895
A_HA_H3	1231	382	A	0	0	381	39.9475065616798
A_HA_H3	1232	380	T	2	0	379	39.1662269129288
A_HA_H3	1233	382	T	0	0	378	37.8730158730159
A_HA_H3	1234	382	G	0	0	381	36.6430446194226
A_HA_H3	1235	378	A	4	0	378	37.3518518518519
A_HA_H3	1236	380	A	2	0	380	38.3105263157895
A_HA_H3	1237	382	A	0	0	381	37.5616797900262
A_HA_H3	1238	381	A	1	0	381	38.6194225721785
A_HA_H3	1239	381	A	2	0	381	40.2703412073491
A_HA_H3	1240	381	G	2	0	381	40.5249343832021
A_HA_H3	1241	381	A	2	0	380	40.3473684210526
A_HA_H3	1242	380	A	3	0	379	40.7572559366755
A_HA_H3	1243	379	T	4	0	378	40.5476190476191
A_HA_H3	1244	381	T	2	0	381	39.9160104986877
A_HA_H3	1245	381	C	2	0	379	39.1002638522427
A_HA_H3	1246	380	T	3	0	378	39.4338624338624
A_HA_H3	1247	380	C	3	0	380	38.9368421052632
A_HA_H3	1248	379	A	4	0	379	38.9973614775726
A_HA_H3	1249	381	G	2	0	380	39.4026315789474
A_HA_H3	1250	382	A	1	0	380	40.1236842105263
A_HA_H3	1251	382	A	1	0	380	41.0421052631579
A_HA_H3	1252	382	G	1	0	381	40.2125984251969
A_HA_H3	1253	383	T	0	0	380	40.5447368421053
A_HA_H3	1254	382	A	1	0	382	38.1780104712042
A_HA_H3	1255	382	G	1	0	381	38.3412073490814
A_HA_H3	1256	383	A	0	0	383	38.2689295039164
A_HA_H3	1257	382	A	1	0	380	38.9131578947368
A_HA_H3	1258	382	G	1	0	381	38.9685039370079
A_HA_H3	1259	382	G	1	0	380	39.0131578947368
A_HA_H3	1260	382	A	1	0	381	40.6482939632546
A_HA_H3	1261	382	A	1	0	378	41.3783068783069
A_HA_H3	1262	380	G	3	0	377	41.3766578249337
A_HA_H3	1263	382	A	1	0	381	41.7191601049869
A_HA_H3	1264	382	G	1	0	380	40.7631578947368
A_HA_H3	1265	382	T	1	0	380	40.4078947368421
A_HA_H3	1266	382	T	1	0	381	40.1233595800525
A_HA_H3	1267	382	C	1	0	377	38.315649867374
A_HA_H3	1268	383	A	0	0	380	38.2078947368421
A_HA_H3	1269	383	A	0	0	383	37.668407310705
A_HA_H3	1270	383	G	0	0	383	37.7180156657963
A_HA_H3	1271	383	A	0	0	382	38.2408376963351
A_HA_H3	1272	383	C	0	0	383	37.7676240208877
A_HA_H3	1273	383	C	0	0	382	37.2225130890052
A_HA_H3	1274	382	T	1	0	382	38.9685863874346
A_HA_H3	1275	383	T	0	0	382	39.7722513089005
A_HA_H3	1276	383	G	0	0	383	37.2167101827676
A_HA_H3	1277	382	A	1	0	382	36.9764397905759
A_HA_H3	1278	382	G	1	0	380	38.6394736842105
A_HA_H3	1279	379	A	4	0	378	39.1031746031746
A_HA_H3	1280	383	A	0	0	381	39.9527559055118
A_HA_H3	1281	383	A	0	0	383	39.5039164490862
A_HA_H3	1282	383	T	0	0	380	39.9105263157895
A_HA_H3	1283	383	A	0	0	382	39.6178010471204
A_HA_H3	1284	383	T	0	0	383	40.0678851174935
A_HA_H3	1285	382	G	1	0	382	39.3246073298429
A_HA_H3	1286	380	T	3	0	379	39.4696569920844
A_HA_H3	1287	383	T	0	0	382	38.2120418848168
A_HA_H3	1288	383	G	0	0	383	36.4804177545692
A_HA_H3	1289	383	A	0	0	383	36.2271540469974
A_HA_H3	1290	383	G	0	0	383	36.5926892950392
A_HA_H3	1291	383	G	0	0	383	36.9738903394256
A_HA_H3	1292	383	A	0	0	382	38.6989528795811
A_HA_H3	1293	383	C	0	0	383	38.3916449086162
A_HA_H3	1294	381	A	2	0	379	38.1741424802111
A_HA_H3	1295	382	C	1	0	377	38.2917771883289
A_HA_H3	1296	381	T	2	0	378	38.7222222222222
A_HA_H3	1297	375	A	8	0	370	38.4027027027027
A_HA_H3	1298	380	A	3	0	379	37.6569920844327
A_HA_H3	1299	380	A	3	0	378	37.7301587301587
A_HA_H3	1300	382	A	1	0	378	37.510582010582
A_HA_H3	1301	382	T	1	0	375	37.712
A_HA_H3	1302	382	A	1	0	379	38.44327176781
A_HA_H3	1303	382	G	1	0	374	38.8155080213904
A_HA_H3	1304	382	A	1	0	380	38.4315789473684
A_HA_H3	1305	382	T	1	0	379	39.2295514511873
A_HA_H3	1306	383	C	0	0	382	38.2329842931937
A_HA_H3	1307	383	T	0	0	382	38.8795811518325
A_HA_H3	1308	381	C	2	0	379	38.401055408971
A_HA_H3	1309	382	T	1	0	379	38.2691292875989
A_HA_H3	1310	383	G	0	0	381	37.6377952755905
A_HA_H3	1311	382	G	1	0	380	38.9236842105263
A_HA_H3	1312	382	T	1	0	377	38.6366047745358
A_HA_H3	1313	382	C	1	0	380	38.6921052631579
A_HA_H3	1314	381	A	2	0	380	38.2657894736842
A_HA_H3	1315	381	T	2	0	379	37.820580474934
A_HA_H3	1316	382	A	1	0	380	36.9368421052632
A_HA_H3	1317	382	C	1	0	380	36.9526315789474
A_HA_H3	1318	383	A	0	0	378	35.9232804232804
A_HA_H3	1319	382	A	1	0	382	35.8900523560209
A_HA_H3	1320	381	C	2	0	378	35.9814814814815
A_HA_H3	1321	381	G	2	0	372	34.0456989247312
A_HA_H3	1322	380	C	2	0	378	33.7275132275132
A_HA_H3	1323	376	G	6	0	372	34.2204301075269
A_HA_H3	1324	379	G	3	0	370	33.772972972973
A_HA_H3	1325	382	A	0	0	380	33.7578947368421
A_HA_H3	1326	378	G	2	0	374	35.3877005347594
A_HA_H3	1327	376	C	4	0	369	35.639566395664
A_HA_H3	1328	367	T	13	0	361	37.0027700831025
A_HA_H3	1329	374	T	6	0	373	37.2037533512064
A_HA_H3	1330	374	C	6	0	370	35.8540540540541
A_HA_H3	1331	375	T	5	0	374	35.5080213903743
A_HA_H3	1332	382	T	1	0	380	36.5
A_HA_H3	1333	382	G	1	0	380	37.0736842105263
A_HA_H3	1334	382	T	1	0	381	36.1154855643045
A_HA_H3	1335	382	T	1	0	378	37.0820105820106
A_HA_H3	1336	381	G	2	0	380	36.8368421052632
A_HA_H3	1337	378	C	5	0	378	36.8783068783069
A_HA_H3	1338	382	C	1	0	382	37.5
A_HA_H3	1339	383	C	0	0	383	38.5274151436031
A_HA_H3	1340	383	T	0	0	383	38.6762402088773
A_HA_H3	1341	383	G	0	0	382	38.7879581151832
A_HA_H3	1342	382	G	1	0	381	39.6929133858268
A_HA_H3	1343	381	A	2	0	381	39.6272965879265
A_HA_H3	1344	383	G	0	0	377	40.1644562334218
A_HA_H3	1345	382	A	1	0	381	40.2020997375328
A_HA_H3	1346	383	A	0	0	382	40.3062827225131
A_HA_H3	1347	383	C	0	0	383	39.6031331592689
A_HA_H3	1348	382	C	1	0	378	39.505291005291
A_HA_H3	1349	382	A	1	0	382	39.4738219895288
A_HA_H3	1350	382	A	1	0	380	39.3289473684211
A_HA_H3	1351	383	C	0	0	381	39.0341207349081
A_HA_H3	1352	383	A	0	0	381	38.4068241469816
A_HA_H3	1353	383	C	0	0	381	38.4146981627297
A_HA_H3	1354	383	A	0	0	381	38.3464566929134
A_HA_H3	1355	383	C	0	0	380	37.0078947368421
A_HA_H3	1356	383	G	0	0	376	36.188829787234
A_HA_H3	1357	383	A	0	0	382	36.2931937172775
A_HA_H3	1358	382	T	1	0	381	36.4645669291339
A_HA_H3	1359	383	T	0	0	381	36.6167979002625
A_HA_H3	1360	382	G	1	0	382	37.7460732984293
A_HA_H3	1361	382	A	1	0	382	40
A_HA_H3	1362	382	C	1	0	382	39.7748691099476
A_HA_H3	1363	383	C	0	0	383	39.4569190600522
A_HA_H3	1364	383	T	0	0	380	40.1236842105263
A_HA_H3	1365	383	A	0	0	383	38.9712793733681
A_HA_H3	1366	383	A	0	0	380	39.2105263157895
A_HA_H3	1367	383	C	0	0	382	39.8298429319372
A_HA_H3	1368	383	T	0	0	381	40.0341207349081
A_HA_H3	1369	382	G	1	0	381	41.4120734908136
A_HA_H3	1370	383	A	0	0	383	41.0417754569191
A_HA_H3	1371	382	C	1	0	381	40.9685039370079
A_HA_H3	1372	381	T	2	0	377	40.2599469496021
A_HA_H3	1373	382	C	1	0	376	39.7712765957447
A_HA_H3	1374	382	A	1	0	380	40.0973684210526
A_HA_H3	1375	382	G	1	0	380	40.8921052631579
A_HA_H3	1376	382	A	1	0	379	42.6121372031662
A_HA_H3	1377	383	A	0	0	382	42.8769633507853
A_HA_H3	1378	383	A	0	0	383	43.1253263707572
A_HA_H3	1379	383	T	0	0	383	42.9216710182768
A_HA_H3	1380	383	G	0	0	380	41.2657894736842
A_HA_H3	1381	383	A	0	0	383	41.5274151436031
A_HA_H3	1382	383	A	0	0	383	41.2741514360313
A_HA_H3	1383	383	C	0	0	383	40.4073107049608
A_HA_H3	1384	383	A	0	0	383	39.9869451697128
A_HA_H3	1385	382	A	1	0	381	40.8818897637795
A_HA_H3	1386	382	G	1	0	381	41.1758530183727
A_HA_H3	1387	383	C	0	0	382	40.9712041884817
A_HA_H3	1388	383	T	0	0	383	41.177545691906
A_HA_H3	1389	383	G	0	0	382	40.9371727748691
A_HA_H3	1390	382	T	1	0	381	40.4304461942257
A_HA_H3	1391	382	T	1	0	382	38.261780104712
A_HA_H3	1392	383	T	0	0	382	38.8534031413613
A_HA_H3	1393	381	G	2	0	381	37.9160104986877
A_HA_H3	1394	373	A	10	0	373	38.9973190348525
A_HA_H3	1395	379	A	4	0	379	37.4327176781003
A_HA_H3	1396	380	A	3	0	379	39.3720316622691
A_HA_H3	1397	383	A	0	0	383	40.4125326370757
A_HA_H3	1398	383	A	0	0	383	42.6057441253264
A_HA_H3	1399	383	A	0	0	383	42.0548302872063
A_HA_H3	1400	383	C	0	0	383	41.7023498694517
A_HA_H3	1401	381	A	2	0	380	39.6105263157895
A_HA_H3	1402	382	A	1	0	382	39.8507853403141
A_HA_H3	1403	382	A	1	0	382	40.2565445026178
A_HA_H3	1404	382	G	1	0	378	40.0026455026455
A_HA_H3	1405	381	A	2	0	381	41.3123359580052
A_HA_H3	1406	382	A	1	0	382	41.4659685863874
A_HA_H3	1407	382	G	1	0	382	40.196335078534
A_HA_H3	1408	382	C	1	0	382	39.2015706806283
A_HA_H3	1409	382	A	1	0	380	39.4447368421053
A_HA_H3	1410	383	A	0	0	383	40.6840731070496
A_HA_H3	1411	383	C	0	0	381	41.4068241469816
A_HA_H3	1412	383	T	0	0	383	41.5509138381201
A_HA_H3	1413	382	G	1	0	380	40.4763157894737
A_HA_H3	1414	382	A	1	0	381	40.5223097112861
A_HA_H3	1415	379	G	4	0	376	39.6968085106383
A_HA_H3	1416	383	G	0	0	383	40.7180156657963
A_HA_H3	1417	381	G	2	0	381	40.3123359580052
A_HA_H3	1418	381	A	2	0	381	39.5774278215223
A_HA_H3	1419	383	A	0	0	383	40.6866840731071
A_HA_H3	1420	383	A	0	0	383	41.3289817232376
A_HA_H3	1421	383	A	0	0	383	41.9164490861619
A_HA_H3	1422	383	T	0	0	381	42.5905511811024
A_HA_H3	1423	383	G	0	0	383	41.6475195822454
A_HA_H3	1424	383	C	0	0	383	41.0626631853786
A_HA_H3	1425	383	T	0	0	383	41.0861618798956
A_HA_H3	1426	383	G	0	0	383	38.9660574412533
A_HA_H3	1427	383	A	0	0	383	37.3968668407311
A_HA_H3	1428	383	G	0	0	383	38.1906005221932
A_HA_H3	1429	383	G	0	0	383	39.8903394255875
A_HA_H3	1430	383	A	0	0	382	41.1020942408377
A_HA_H3	1431	383	T	0	0	383	40.556135770235
A_HA_H3	1432	383	A	0	0	380	41.2
A_HA_H3	1433	383	T	0	0	383	41.7545691906005
A_HA_H3	1434	380	G	3	0	380	40.4131578947368
A_HA_H3	1435	383	G	0	0	383	40.3994778067885
A_HA_H3	1436	383	G	0	0	380	39.9947368421053
A_HA_H3	1437	383	A	0	0	383	40.5195822454308
A_HA_H3	1438	383	A	0	0	382	41.7303664921466
A_HA_H3	1439	382	A	1	0	379	41.8707124010554
A_HA_H3	1440	382	T	1	0	380	41.3289473684211
A_HA_H3	1441	381	G	2	0	380	40.9078947368421
A_HA_H3	1442	383	G	1	0	379	40.3588390501319
A_HA_H3	1443	386	T	0	0	384	40.0703125
A_HA_H3	1444	387	T	2	0	384	40
A_HA_H3	1445	387	G	2	0	385	39.8571428571429
A_HA_H3	1446	389	T	0	0	388	39.9896907216495
A_HA_H3	1447	389	T	0	0	387	39.8346253229974
A_HA_H3	1448	389	T	0	0	387	39.5865633074935
A_HA_H3	1449	387	C	2	0	382	36.9921465968586
A_HA_H3	1450	386	A	3	0	384	39.2369791666667
A_HA_H3	1451	389	A	0	0	389	39.5372750642674
A_HA_H3	1452	388	A	1	0	387	39.5245478036176
A_HA_H3	1453	388	A	1	0	386	40.8316062176166
A_HA_H3	1454	388	T	1	0	386	41.7979274611399
A_HA_H3	1455	389	A	0	0	386	41.779792746114
A_HA_H3	1456	389	T	0	0	387	40.9948320413437
A_HA_H3	1457	388	A	1	0	386	39.9559585492228
A_HA_H3	1458	388	C	1	0	387	39.6485788113695
A_HA_H3	1459	387	C	2	0	387	38.9043927648579
A_HA_H3	1460	388	A	1	0	388	39.0670103092784
A_HA_H3	1461	390	C	1	0	389	39.5218508997429
A_HA_H3	1462	390	A	1	0	390	40.3666666666667
A_HA_H3	1463	392	A	0	0	391	41.5038363171356
A_HA_H3	1464	392	A	0	0	392	42.2219387755102
A_HA_H3	1465	392	T	0	0	392	42.7831632653061
A_HA_H3	1466	392	G	0	0	392	42.6862244897959
A_HA_H3	1467	392	T	0	0	389	42.3213367609254
A_HA_H3	1468	392	G	0	0	389	41.6195372750643
A_HA_H3	1469	392	A	0	0	392	41.6581632653061
A_HA_H3	1470	392	C	0	0	392	40.8647959183673
A_HA_H3	1471	390	A	1	0	390	40.2692307692308
A_HA_H3	1472	391	A	0	0	391	40.2634271099744
A_HA_H3	1473	391	T	0	0	391	40.7647058823529
A_HA_H3	1474	391	G	0	0	391	40.0613810741688
A_HA_H3	1475	390	C	1	0	389	40.7969151670951
A_HA_H3	1476	391	C	0	0	390	40.9769230769231
A_HA_H3	1477	391	T	0	0	388	41.4664948453608
A_HA_H3	1478	391	G	0	0	389	40.9151670951157
A_HA_H3	1479	391	C	0	0	389	41.6092544987147
A_HA_H3	1480	391	A	0	0	391	41.4808184143223
A_HA_H3	1481	391	T	0	0	390	41.5846153846154
A_HA_H3	1482	388	A	3	0	388	39.9536082474227
A_HA_H3	1483	389	G	2	0	389	40.3547557840617
A_HA_H3	1484	389	G	2	0	389	39.9948586118252
A_HA_H3	1485	391	A	0	0	391	40.1892583120205
A_HA_H3	1486	391	T	0	0	391	41.0869565217391
A_HA_H3	1487	390	C	1	0	385	39.7818181818182
A_HA_H3	1488	389	A	2	0	386	39.1347150259067
A_HA_H3	1489	390	A	1	0	390	38.5282051282051
A_HA_H3	1490	390	T	1	0	390	38.0333333333333
A_HA_H3	1491	388	A	3	0	387	38.1937984496124
A_HA_H3	1492	390	A	1	0	390	38.3205128205128
A_HA_H3	1493	390	G	1	0	389	38.5115681233933
A_HA_H3	1494	390	A	1	0	390	38.1564102564103
A_HA_H3	1495	391	A	0	0	391	39.5728900255754
A_HA_H3	1496	391	A	0	0	391	41.613810741688
A_HA_H3	1497	391	T	0	0	391	41.3657289002558
A_HA_H3	1498	391	G	0	0	390	40.7
A_HA_H3	1499	391	A	0	0	391	40.8056265984655
A_HA_H3	1500	391	A	0	0	391	42.0562659846547
A_HA_H3	1501	391	A	0	0	391	41.7800511508951
A_HA_H3	1502	391	C	0	0	390	41.774358974359
A_HA_H3	1503	389	T	2	0	389	42.9125964010283
A_HA_H3	1504	390	T	1	0	389	42.7917737789203
A_HA_H3	1505	390	A	1	0	389	41.5089974293059
A_HA_H3	1506	390	T	1	0	390	41.4051282051282
A_HA_H3	1507	390	G	1	0	390	41.0384615384615
A_HA_H3	1508	391	A	0	0	390	41.4025641025641
A_HA_H3	1509	391	C	0	0	389	41.2879177377892
A_HA_H3	1510	391	C	0	0	389	41.2699228791774
A_HA_H3	1511	391	A	0	0	390	41.4871794871795
A_HA_H3	1512	391	C	0	0	391	40.3913043478261
A_HA_H3	1513	391	A	0	0	391	40.0869565217391
A_HA_H3	1514	391	A	0	0	391	40.997442455243
A_HA_H3	1515	391	T	0	0	391	41.0537084398977
A_HA_H3	1516	391	G	0	0	391	40.9335038363171
A_HA_H3	1517	391	T	0	0	390	41.6358974358974
A_HA_H3	1518	391	G	0	0	389	41.2390745501285
A_HA_H3	1519	391	T	0	0	391	41.0358056265985
A_HA_H3	1520	391	A	0	0	390	40.2846153846154
A_HA_H3	1521	391	C	0	0	391	40.6086956521739
A_HA_H3	1522	391	A	0	0	389	39.6915167095116
A_HA_H3	1523	390	G	1	0	389	40.5269922879177
A_HA_H3	1524	391	G	0	0	391	40.8235294117647
A_HA_H3	1525	391	G	0	0	391	40.8388746803069
A_HA_H3	1526	391	A	0	0	390	40.5538461538462
A_HA_H3	1527	391	T	0	0	391	41.1483375959079
A_HA_H3	1528	391	G	0	0	391	40.3452685421995
A_HA_H3	1529	391	A	0	0	389	40.8997429305913
A_HA_H3	1530	391	A	0	0	390	40.8487179487179
A_HA_H3	1531	391	G	0	0	391	40.9616368286445
A_HA_H3	1532	391	C	0	0	391	40.7928388746803
A_HA_H3	1533	391	A	0	0	390	39.9410256410256
A_HA_H3	1534	391	T	1	0	391	39.8209718670077
A_HA_H3	1535	392	T	0	0	392	39.0433673469388
A_HA_H3	1536	391	A	1	0	385	38.3194805194805
A_HA_H3	1537	392	A	0	0	392	38.4336734693878
A_HA_H3	1538	392	A	0	0	389	39.1928020565553
A_HA_H3	1539	392	C	0	0	387	40.343669250646
A_HA_H3	1540	392	A	0	0	390	40.374358974359
A_HA_H3	1541	392	A	0	0	389	41.0899742930591
A_HA_H3	1542	391	C	1	0	391	41.1432225063939
A_HA_H3	1543	392	C	0	0	384	39.734375
A_HA_H3	1544	391	G	1	0	388	38.7525773195876
A_HA_H3	1545	391	G	1	0	389	38.5321336760925
A_HA_H3	1546	392	T	0	0	390	38.5410256410256
A_HA_H3	1547	392	T	0	0	392	37.655612244898
A_HA_H3	1548	389	C	3	0	386	37.4170984455959
A_HA_H3	1549	391	C	1	0	390	37.7435897435897
A_HA_H3	1550	391	A	1	0	390	38.1025641025641
A_HA_H3	1551	390	G	2	0	390	37.1307692307692
A_HA_H3	1552	391	A	1	0	391	37.1585677749361
A_HA_H3	1553	392	T	0	0	391	38.5831202046036
A_HA_H3	1554	392	C	0	0	392	38.3035714285714
A_HA_H3	1555	392	A	0	0	391	39.227621483376
A_HA_H3	1556	390	A	2	0	390	38.3692307692308
A_HA_H3	1557	388	G	4	0	388	39.3969072164948
A_HA_H3	1558	389	G	3	0	388	39.3479381443299
A_HA_H3	1559	389	G	3	0	385	40.3584415584416
A_HA_H3	1560	391	A	1	0	390	40.2076923076923
A_HA_H3	1561	391	G	1	0	390	39.6076923076923
A_HA_H3	1562	391	T	1	0	387	40.1059431524548
A_HA_H3	1563	391	T	1	0	390	39.274358974359
A_HA_H3	1564	391	G	1	0	383	38.6605744125326
A_HA_H3	1565	391	A	1	0	388	38.6469072164948
A_HA_H3	1566	389	G	3	0	388	38.4226804123711
A_HA_H3	1567	390	C	2	0	390	38.3051282051282
A_HA_H3	1568	390	T	2	0	389	37.9151670951157
A_HA_H3	1569	390	G	0	0	386	38.4248704663212
A_HA_H3	1570	390	A	1	0	388	38.1778350515464
A_HA_H3	1571	371	A	1	0	370	39.1756756756757
A_HA_H3	1572	371	G	1	0	368	38.5380434782609
A_HA_H3	1573	371	T	1	0	368	38.8586956521739
A_HA_H3	1574	423	C	6	0	417	38.0335731414868
A_HA_H3	1575	428	A	1	0	424	38.0495283018868
A_HA_H3	1576	425	G	4	0	424	37.8584905660377
A_HA_H3	1577	430	G	0	0	429	38.2424242424242
A_HA_H3	1578	430	G	0	0	426	38.1361502347418
A_HA_H3	1579	430	T	1	0	430	38.7348837209302
A_HA_H3	1580	431	A	0	0	428	37.7266355140187
A_HA_H3	1581	431	C	0	0	425	37.7670588235294
A_HA_H3	1582	432	A	0	0	432	36.6458333333333
A_HA_H3	1583	432	A	0	0	430	35.9604651162791
A_HA_H3	1584	432	A	0	0	430	36.2744186046512
A_HA_H3	1585	431	G	1	0	426	37.0070422535211
A_HA_H3	1586	431	A	1	0	430	37.9953488372093
A_HA_H3	1587	431	T	1	0	430	39.0232558139535
A_HA_H3	1588	431	T	1	0	431	38.0626450116009
A_HA_H3	1589	431	G	1	0	431	36.9675174013921
A_HA_H3	1590	432	G	0	0	430	37.8186046511628
A_HA_H3	1591	432	A	0	0	432	39.3009259259259
A_HA_H3	1592	430	T	2	0	430	39.7860465116279
A_HA_H3	1593	432	T	0	0	432	40.7824074074074
A_HA_H3	1594	432	C	0	0	427	40.6299765807963
A_HA_H3	1595	432	T	1	0	429	40.7995337995338
A_HA_H3	1596	433	A	1	0	433	40.8729792147806
A_HA_H3	1597	434	T	0	0	434	40.9562211981567
A_HA_H3	1598	434	G	0	0	433	40.1524249422633
A_HA_H3	1599	434	G	0	0	432	41.0925925925926
A_HA_H3	1600	434	A	0	0	434	41.0046082949309
A_HA_H3	1601	434	T	0	0	433	42.203233256351
A_HA_H3	1602	434	T	0	0	434	42.0529953917051
A_HA_H3	1603	433	T	1	0	433	42.4942263279446
A_HA_H3	1604	432	C	2	0	431	42.6055684454756
A_HA_H3	1605	434	C	0	0	433	41.4942263279446
A_HA_H3	1606	434	T	0	0	434	40.8870967741936
A_HA_H3	1607	434	T	0	0	434	40.926267281106
A_HA_H3	1608	434	T	0	0	434	41.1359447004608
A_HA_H3	1609	434	G	0	0	434	38.9101382488479
A_HA_H3	1610	434	C	0	0	433	41.0438799076212
A_HA_H3	1611	434	C	1	0	434	41.963133640553
A_HA_H3	1612	434	A	1	0	432	41.8726851851852
A_HA_H3	1613	434	T	1	0	434	41.9009216589862
A_HA_H3	1614	434	G	1	0	434	41.9308755760369
A_HA_H3	1615	434	T	1	0	434	42.5023041474654
A_HA_H3	1616	435	C	0	0	434	41.4354838709677
A_HA_H3	1617	435	A	0	0	434	41.0668202764977
A_HA_H3	1618	435	T	0	0	435	40.1103448275862
A_HA_H3	1619	435	G	0	0	435	40.0137931034483
A_HA_H3	1620	435	T	0	0	435	40.4827586206897
A_HA_H3	1621	436	C	0	0	435	40.0413793103448
A_HA_H3	1622	436	T	0	0	434	40.5944700460829
A_HA_H3	1623	435	T	1	0	435	41.0298850574713
A_HA_H3	1624	435	T	1	0	435	41.3471264367816
A_HA_H3	1625	435	T	1	0	435	40.6252873563218
A_HA_H3	1626	435	G	1	0	434	40.7119815668203
A_HA_H3	1627	435	C	1	0	433	40.7482678983834
A_HA_H3	1628	436	T	0	0	436	40.006880733945
A_HA_H3	1629	436	T	0	0	433	39.4180138568129
A_HA_H3	1630	436	T	0	0	436	40.4495412844037
A_HA_H3	1631	436	G	0	0	435	40.8574712643678
A_HA_H3	1632	436	T	1	0	434	40.8133640552995
A_HA_H3	1633	436	A	1	0	435	41.0367816091954
A_HA_H3	1634	436	T	1	0	436	41.105504587156
A_HA_H3	1635	437	T	0	0	437	40.4370709382151
A_HA_H3	1636	437	G	0	0	437	39.675057208238
A_HA_H3	1637	437	C	0	0	435	39.3747126436782
A_HA_H3	1638	437	T	0	0	437	40.7345537757437
A_HA_H3	1639	437	T	0	0	437	40.974828375286
A_HA_H3	1640	438	T	0	0	437	40.6544622425629
A_HA_H3	1641	438	G	0	0	436	39.8256880733945
A_HA_H3	1642	437	T	1	0	436	40.4220183486239
A_HA_H3	1643	437	T	1	0	434	39.9447004608295
A_HA_H3	1644	428	G	3	0	425	38.3835294117647
A_HA_H3	1645	431	G	0	0	429	38.4988344988345
A_HA_H3	1646	431	G	0	0	430	39.9511627906977
A_HA_H3	1647	430	G	1	0	426	40.368544600939
A_HA_H3	1648	430	T	1	0	427	40.615925058548
A_HA_H3	1649	431	T	0	0	430	40.9906976744186
A_HA_H3	1650	430	C	1	0	419	40.6229116945107
A_HA_H3	1651	431	A	0	0	429	40.5384615384615
A_HA_H3	1652	431	T	0	0	430	40.5116279069767
A_HA_H3	1653	431	C	0	0	427	40.1475409836066
A_HA_H3	1654	431	A	0	0	430	39.8209302325581
A_HA_H3	1655	431	T	0	0	427	40.2341920374707
A_HA_H3	1656	431	G	0	0	431	40.5336426914153
A_HA_H3	1657	431	T	0	0	430	40.4767441860465
A_HA_H3	1658	431	G	2	0	431	39.9187935034803
A_HA_H3	1659	432	G	1	0	432	39.8657407407407
A_HA_H3	1660	433	G	0	0	432	39.0092592592593
A_HA_H3	1661	432	C	1	0	431	37.5777262180974
A_HA_H3	1662	432	C	1	0	431	38.6194895591647
A_HA_H3	1663	432	T	1	0	430	38.8860465116279
A_HA_H3	1664	432	G	1	0	431	37.8097447795824
A_HA_H3	1665	433	C	0	0	432	38.1296296296296
A_HA_H3	1666	433	C	0	0	432	38.5555555555556
A_HA_H3	1667	419	A	14	0	419	38.5011933174224
A_HA_H3	1668	431	A	2	0	431	38.737819025522
A_HA_H3	1669	432	A	1	0	432	40.4837962962963
A_HA_H3	1670	432	A	1	0	432	41.8287037037037
A_HA_H3	1671	428	G	7	0	420	41.9595238095238
A_HA_H3	1672	434	G	1	0	432	42.2523148148148
A_HA_H3	1673	435	G	0	0	435	40.9540229885057
A_HA_H3	1674	432	C	3	0	429	40.1841491841492
A_HA_H3	1675	435	A	0	0	434	39.794930875576
A_HA_H3	1676	435	A	0	0	432	40.6574074074074
A_HA_H3	1677	435	C	0	0	431	40.7610208816705
A_HA_H3	1678	435	A	0	0	434	40.5
A_HA_H3	1679	433	T	2	0	430	41.8046511627907
A_HA_H3	1680	433	T	2	0	430	41.1744186046512
A_HA_H3	1681	433	A	2	0	433	40.2124711316397
A_HA_H3	1682	433	G	2	0	432	40.7175925925926
A_HA_H3	1683	434	A	1	0	434	40.9516129032258
A_HA_H3	1684	432	T	3	0	432	40.9560185185185
A_HA_H3	1685	433	G	1	0	430	40.3860465116279
A_HA_H3	1686	433	C	0	0	432	40.0486111111111
A_HA_H3	1687	433	A	0	0	433	40
A_HA_H3	1688	433	A	0	0	432	39.6759259259259
A_HA_H3	1689	433	C	0	0	433	40.0577367205543
A_HA_H3	1690	432	A	0	0	432	40.087962962963
A_HA_H3	1691	432	T	0	0	432	40.7175925925926
A_HA_H3	1692	432	T	0	0	431	40.6357308584687
A_HA_H3	1693	432	T	0	0	432	42.3518518518519
A_HA_H3	1694	431	G	1	0	430	41.7372093023256
A_HA_H3	1695	431	C	0	0	431	41.5197215777262
A_HA_H3	1696	431	A	0	0	430	40.0581395348837
A_HA_H3	1697	431	T	0	0	430	38.606976744186
A_HA_H3	1698	431	T	0	0	431	38.800464037123
A_HA_H3	1699	430	T	0	0	430	39.6186046511628
A_HA_H3	1700	429	G	0	0	429	38.7156177156177
A_HA_H3	1701	429	A	0	0	429	39.1678321678322
