Reference_Name	Position	Coverage Depth	Consensus	Deletions	Ambiguous	Consensus_Count	Consensus_Average_Quality
A_NP	1	123	A	0	0	123	37.7317073170732
A_NP	2	123	T	0	0	123	38.1951219512195
A_NP	3	123	G	0	0	123	36.869918699187
A_NP	4	123	G	0	0	123	37.2682926829268
A_NP	5	123	C	0	0	123	37.2764227642276
A_NP	6	123	G	0	0	123	36.390243902439
A_NP	7	123	T	0	0	123	37.609756097561
A_NP	8	122	C	1	0	121	37.2892561983471
A_NP	9	123	C	0	0	123	36.6422764227642
A_NP	10	123	C	0	0	122	36.7131147540984
A_NP	11	123	A	0	0	123	36.3821138211382
A_NP	12	123	A	0	0	123	37.9756097560976
A_NP	13	124	G	0	0	123	39.9512195121951
A_NP	14	124	G	0	0	124	39.5967741935484
A_NP	15	124	C	0	0	124	39.8790322580645
A_NP	16	124	A	0	0	124	37.6048387096774
A_NP	17	124	C	0	0	124	37.0645161290323
A_NP	18	124	C	0	0	124	36.0725806451613
A_NP	19	124	A	0	0	123	36.130081300813
A_NP	20	124	A	0	0	124	36.0887096774194
A_NP	21	124	A	0	0	124	37.4435483870968
A_NP	22	124	C	0	0	123	36.9105691056911
A_NP	23	124	G	0	0	124	36.6048387096774
A_NP	24	124	G	0	0	124	36.5403225806452
A_NP	25	124	T	0	0	122	36.9836065573771
A_NP	26	124	C	0	0	123	37.3821138211382
A_NP	27	124	T	0	0	123	38.0487804878049
A_NP	28	124	T	0	0	123	38.9024390243902
A_NP	29	124	A	0	0	124	37.6290322580645
A_NP	30	124	T	0	0	124	37.8790322580645
A_NP	31	124	G	0	0	124	36.8548387096774
A_NP	32	124	A	0	0	124	38.0161290322581
A_NP	33	124	A	0	0	124	37.6854838709677
A_NP	34	124	C	0	0	124	38.7822580645161
A_NP	35	124	A	0	0	124	38.3145161290323
A_NP	36	124	G	0	0	124	39.4435483870968
A_NP	37	124	A	0	0	124	38.3629032258064
A_NP	38	125	T	0	0	125	38.152
A_NP	39	125	G	0	0	125	37.224
A_NP	40	125	G	0	0	125	37.264
A_NP	41	125	A	0	0	125	38.44
A_NP	42	125	A	0	0	124	39.3387096774194
A_NP	43	125	A	0	0	125	38.792
A_NP	44	125	C	0	0	125	39.416
A_NP	45	125	T	0	0	125	38.512
A_NP	46	125	G	0	0	124	38.4112903225806
A_NP	47	125	A	0	0	125	39.568
A_NP	48	125	T	0	0	125	39.664
A_NP	49	123	G	2	0	123	38.7235772357724
A_NP	50	125	G	0	0	124	37.9274193548387
A_NP	51	125	A	0	0	125	37.088
A_NP	52	125	G	0	0	123	38.6910569105691
A_NP	53	124	A	1	0	124	38.5564516129032
A_NP	54	124	T	1	0	124	38.4354838709677
A_NP	55	125	C	0	0	124	37.9677419354839
A_NP	56	125	G	0	0	124	36.7258064516129
A_NP	57	125	C	0	0	125	37.024
A_NP	58	124	C	1	0	122	37.5245901639344
A_NP	59	124	A	1	0	124	37.991935483871
A_NP	60	125	G	0	0	124	37.6774193548387
A_NP	61	125	A	0	0	125	38.848
A_NP	62	125	A	0	0	125	39.032
A_NP	63	125	T	0	0	125	39.736
A_NP	64	124	G	1	0	122	39.5655737704918
A_NP	65	125	C	0	0	125	40.408
A_NP	66	125	A	0	0	125	38.32
A_NP	67	125	A	0	0	125	38.52
A_NP	68	125	C	0	0	124	38.5403225806452
A_NP	69	125	T	0	0	123	39.0325203252033
A_NP	70	124	G	1	0	122	38.3360655737705
A_NP	71	124	A	1	0	124	37.9596774193548
A_NP	72	124	G	1	0	124	36.75
A_NP	73	124	A	1	0	122	36.8114754098361
A_NP	74	124	T	1	0	124	37.3467741935484
A_NP	75	124	T	1	0	123	36.8292682926829
A_NP	76	124	A	1	0	122	34.3852459016393
A_NP	77	125	G	0	0	122	35.0901639344262
A_NP	78	125	G	0	0	125	35.12
A_NP	79	124	G	1	0	124	36.1854838709677
A_NP	80	124	C	1	0	124	37.6532258064516
A_NP	81	124	A	1	0	124	39.6129032258064
A_NP	82	125	T	0	0	123	40.9186991869919
A_NP	83	125	C	0	0	125	38.848
A_NP	84	125	C	0	0	124	40.6290322580645
A_NP	85	125	G	0	0	124	39.1935483870968
A_NP	86	125	T	0	0	125	38.832
A_NP	87	125	C	0	0	123	38.5040650406504
A_NP	88	125	G	0	0	125	37.976
A_NP	89	125	G	0	0	125	38.176
A_NP	90	124	A	1	0	124	39.1129032258064
A_NP	91	125	A	1	0	125	39.344
A_NP	92	126	A	0	0	125	40.496
A_NP	93	126	G	0	0	126	39.1428571428571
A_NP	94	126	A	0	0	126	38.9206349206349
A_NP	95	126	T	0	0	125	38.856
A_NP	96	126	G	0	0	125	37.32
A_NP	97	126	A	0	0	126	38.1031746031746
A_NP	98	126	T	0	0	126	38.5
A_NP	99	126	T	0	0	125	38.728
A_NP	100	126	G	0	0	125	38.216
A_NP	101	126	A	0	0	126	38.2142857142857
A_NP	102	126	T	0	0	126	39.1190476190476
A_NP	103	126	G	0	0	125	36.288
A_NP	104	126	G	0	0	126	36.3809523809524
A_NP	105	126	A	0	0	126	36.6111111111111
A_NP	106	126	A	0	0	125	36.648
A_NP	107	125	T	1	0	123	38.219512195122
A_NP	108	125	T	1	0	125	38.512
A_NP	109	113	G	13	0	112	37.7410714285714
A_NP	110	125	G	0	0	123	38.130081300813
A_NP	111	125	G	0	0	115	36.8869565217391
A_NP	112	125	A	0	0	124	37.5806451612903
A_NP	113	124	G	1	0	122	38.1885245901639
A_NP	114	123	A	2	0	122	37.3524590163934
A_NP	115	118	T	7	0	115	37.4695652173913
A_NP	116	124	T	1	0	122	36.3032786885246
A_NP	117	125	C	0	0	120	36.1916666666667
A_NP	118	125	T	0	0	123	36.5284552845528
A_NP	119	123	A	2	0	122	35.9590163934426
A_NP	120	125	C	0	0	125	35.816
A_NP	121	125	A	0	0	124	34.9596774193548
A_NP	122	125	T	0	0	124	35.4032258064516
A_NP	123	125	C	0	0	124	35.0322580645161
A_NP	124	125	C	0	0	124	35.6532258064516
A_NP	125	125	A	0	0	125	33.904
A_NP	126	125	A	0	0	125	34.224
A_NP	127	125	A	0	0	125	32.24
A_NP	128	125	T	0	0	125	32.592
A_NP	129	125	G	0	0	125	34.328
A_NP	130	125	T	0	0	124	36.3145161290323
A_NP	131	125	G	0	0	125	35.952
A_NP	132	125	C	0	0	125	37.032
A_NP	133	125	A	0	0	125	36.216
A_NP	134	125	C	0	0	125	36.808
A_NP	135	128	T	0	0	128	37.1640625
A_NP	136	141	G	0	0	140	37.4785714285714
A_NP	137	141	A	0	0	141	37.8156028368794
A_NP	138	141	A	0	0	141	38.4326241134752
A_NP	139	141	C	0	0	140	40.2714285714286
A_NP	140	141	T	0	0	141	39.3120567375887
A_NP	141	141	T	0	0	141	39.6524822695035
A_NP	142	141	A	0	0	139	39.3884892086331
A_NP	143	141	A	0	0	141	39.2198581560284
A_NP	144	141	A	0	0	141	40.0212765957447
A_NP	145	141	C	0	0	141	39.8085106382979
A_NP	146	140	T	1	0	140	40.2214285714286
A_NP	147	141	C	0	0	140	39.3714285714286
A_NP	148	141	A	0	0	141	39.1914893617021
A_NP	149	141	G	0	0	141	39.063829787234
A_NP	150	141	T	0	0	141	39.8297872340426
A_NP	151	141	G	0	0	141	40.2340425531915
A_NP	152	141	A	0	0	141	40.7375886524823
A_NP	153	141	T	0	0	140	42.3928571428571
A_NP	154	141	C	0	0	141	41.2836879432624
A_NP	155	141	A	0	0	141	40.822695035461
A_NP	156	141	T	0	0	141	40.5957446808511
A_NP	157	141	G	0	0	141	38.290780141844
A_NP	158	141	A	0	0	141	38.2624113475177
A_NP	159	141	A	0	0	141	37.822695035461
A_NP	160	141	G	0	0	141	37.4751773049645
A_NP	161	141	G	0	0	141	38.8297872340426
A_NP	162	141	A	0	0	141	40.0354609929078
A_NP	163	141	C	0	0	141	40.3262411347518
A_NP	164	141	G	0	0	141	38.9716312056738
A_NP	165	141	G	0	0	141	38.6028368794326
A_NP	166	141	T	0	0	141	39.5177304964539
A_NP	167	141	T	0	0	141	39.8014184397163
A_NP	168	140	G	1	0	139	39.2014388489209
A_NP	169	141	A	0	0	141	39.468085106383
A_NP	170	141	T	0	0	141	39.3333333333333
A_NP	171	141	C	0	0	140	38.4285714285714
A_NP	172	141	C	0	0	139	38.3381294964029
A_NP	173	141	A	0	0	141	37.6950354609929
A_NP	174	141	A	0	0	141	38.3829787234043
A_NP	175	141	A	0	0	141	39.2836879432624
A_NP	176	141	A	0	0	141	40.2340425531915
A_NP	177	141	C	0	0	141	41.5460992907801
A_NP	178	141	A	0	0	141	40.4397163120567
A_NP	179	141	G	0	0	141	39.4539007092199
A_NP	180	141	C	0	0	141	38.709219858156
A_NP	181	141	T	0	0	141	38.2765957446809
A_NP	182	141	T	0	0	141	38.3900709219858
A_NP	183	141	G	0	0	141	38.9078014184397
A_NP	184	141	A	0	0	141	39.1702127659574
A_NP	185	141	C	0	0	141	39.9219858156028
A_NP	186	141	A	0	0	141	38.9716312056738
A_NP	187	141	A	0	0	141	39.4609929078014
A_NP	188	141	T	0	0	141	38.5390070921986
A_NP	189	140	A	1	0	140	37.6285714285714
A_NP	190	141	G	0	0	141	37.5744680851064
A_NP	191	141	A	0	0	141	38.2836879432624
A_NP	192	141	G	0	0	141	37.2695035460993
A_NP	193	141	A	0	0	141	40.3333333333333
A_NP	194	141	A	0	0	140	42.0714285714286
A_NP	195	141	A	0	0	141	41.9787234042553
A_NP	196	141	A	0	0	140	42.3714285714286
A_NP	197	141	T	0	0	140	41.8285714285714
A_NP	198	140	G	0	0	140	41.9357142857143
A_NP	199	140	G	0	0	140	42.1571428571429
A_NP	200	140	T	0	0	140	41.7071428571429
A_NP	201	140	G	0	0	140	41.7642857142857
A_NP	202	140	C	0	0	140	40.2642857142857
A_NP	203	140	T	0	0	137	39.6861313868613
A_NP	204	140	T	0	0	140	38.9428571428571
A_NP	205	140	T	0	0	139	39.3381294964029
A_NP	206	139	C	0	0	139	39.294964028777
A_NP	207	139	T	0	0	139	39.5035971223022
A_NP	208	139	G	0	0	139	40.726618705036
A_NP	209	139	C	0	0	139	41.136690647482
A_NP	210	139	T	0	0	139	42
A_NP	211	139	T	0	0	139	41.136690647482
A_NP	212	139	T	0	0	139	42.294964028777
A_NP	213	139	T	0	0	139	42.1942446043165
A_NP	214	139	G	0	0	139	39.9280575539568
A_NP	215	139	A	0	0	139	40.273381294964
A_NP	216	139	T	0	0	139	40.6474820143885
A_NP	217	139	G	0	0	139	38.431654676259
A_NP	218	137	A	2	0	137	38.8759124087591
A_NP	219	139	A	0	0	139	39.4532374100719
A_NP	220	139	A	0	0	138	38.6376811594203
A_NP	221	139	G	0	0	138	37.804347826087
A_NP	222	139	A	0	0	139	37.6474820143885
A_NP	223	139	A	0	0	138	39.1159420289855
A_NP	224	139	G	0	0	139	40.0071942446043
A_NP	225	139	G	0	0	138	39.3768115942029
A_NP	226	139	A	0	0	139	39.6834532374101
A_NP	227	139	A	0	0	139	40.8201438848921
A_NP	228	139	T	0	0	139	41.5035971223022
A_NP	229	138	A	1	0	137	41.4379562043796
A_NP	230	139	A	0	0	139	42.1438848920863
A_NP	231	139	A	0	0	139	42.2517985611511
A_NP	232	139	T	0	0	139	40.0647482014388
A_NP	233	139	A	0	0	138	38.8115942028985
A_NP	234	139	C	0	0	138	37.7608695652174
A_NP	235	139	C	0	0	139	37.0287769784173
A_NP	236	139	T	0	0	138	36.4782608695652
A_NP	237	139	G	0	0	138	35.7463768115942
A_NP	238	139	G	0	0	137	37.4890510948905
A_NP	239	139	A	0	0	139	37.1726618705036
A_NP	240	139	A	0	0	138	38.6376811594203
A_NP	241	139	G	0	0	137	38.6934306569343
A_NP	242	138	A	1	0	137	40.021897810219
A_NP	243	138	A	1	0	136	39.0073529411765
A_NP	244	138	C	1	0	135	38.7037037037037
A_NP	245	137	A	2	0	134	37.8582089552239
A_NP	246	130	C	9	0	130	38.3846153846154
A_NP	247	137	C	2	0	136	36.7647058823529
A_NP	248	139	C	0	0	139	35.9208633093525
A_NP	249	139	C	0	0	139	34.3669064748201
A_NP	250	139	A	0	0	139	32.3021582733813
A_NP	251	139	G	0	0	139	35.4388489208633
A_NP	252	139	C	0	0	139	36.0503597122302
A_NP	253	139	G	0	0	139	35.9280575539568
A_NP	254	139	C	0	0	139	35.8489208633094
A_NP	255	137	G	2	0	136	34.2352941176471
A_NP	256	138	G	1	0	138	34.2028985507246
A_NP	257	138	G	1	0	138	35.1304347826087
A_NP	258	137	G	2	0	134	35.9253731343284
A_NP	259	137	A	2	0	137	36.8832116788321
A_NP	260	139	A	0	0	139	37.4172661870504
A_NP	261	139	A	0	0	137	38.2189781021898
A_NP	262	139	G	0	0	138	36.6884057971015
A_NP	263	139	A	0	0	135	37.1703703703704
A_NP	264	139	T	0	0	137	35.956204379562
A_NP	265	136	C	3	0	135	32.5777777777778
A_NP	266	139	C	0	0	139	31.0215827338129
A_NP	267	138	C	1	0	135	29.2814814814815
A_NP	268	138	A	1	0	136	26.6323529411765
A_NP	269	138	A	1	0	137	29.9124087591241
A_NP	270	137	G	2	0	133	33.7218045112782
A_NP	271	137	A	2	0	135	35.0222222222222
A_NP	272	139	A	0	0	138	34.7463768115942
A_NP	273	139	A	0	0	139	36.3165467625899
A_NP	274	139	A	0	0	138	33.1739130434783
A_NP	275	138	C	1	0	138	34.5507246376812
A_NP	276	138	C	1	0	137	36.1313868613139
A_NP	277	135	G	4	0	135	34.7407407407407
A_NP	278	138	G	1	0	138	34.1521739130435
A_NP	279	138	G	1	0	138	36.268115942029
A_NP	280	138	G	1	0	138	36.9202898550725
A_NP	281	138	G	1	0	136	38.1838235294118
A_NP	282	138	G	1	0	138	36.2028985507246
A_NP	283	139	C	0	0	137	34.7153284671533
A_NP	284	139	C	0	0	138	32.5797101449275
A_NP	285	139	C	0	0	137	33.7737226277372
A_NP	286	134	A	5	0	134	32.7537313432836
A_NP	287	134	T	5	0	134	33.1119402985075
A_NP	288	139	A	0	0	139	34.0935251798561
A_NP	289	139	T	0	0	136	33.4852941176471
A_NP	290	139	A	0	0	139	32.294964028777
A_NP	291	139	C	0	0	138	33.2028985507246
A_NP	292	139	A	0	0	139	34.6187050359712
A_NP	293	139	G	0	0	138	35.4565217391304
A_NP	294	139	G	0	0	139	36.2158273381295
A_NP	295	139	A	0	0	139	38.1942446043165
A_NP	296	139	G	0	0	137	38.4744525547445
A_NP	297	139	A	0	0	138	39.7246376811594
A_NP	298	139	G	0	0	138	38.8623188405797
A_NP	299	139	T	0	0	139	37.9136690647482
A_NP	300	139	C	0	0	139	36.6762589928058
A_NP	301	139	G	0	0	137	36.036496350365
A_NP	302	139	A	0	0	139	35.4172661870504
A_NP	303	139	T	0	0	139	35.9424460431655
A_NP	304	138	G	1	0	138	35.3333333333333
A_NP	305	139	G	0	0	139	37.1798561151079
A_NP	306	139	G	0	0	139	38.158273381295
A_NP	307	138	A	1	0	138	38.7753623188406
A_NP	308	139	A	0	0	139	40.7625899280576
A_NP	309	139	A	0	0	138	41.2101449275362
A_NP	310	139	T	0	0	138	40.5869565217391
A_NP	311	139	G	0	0	137	38.8905109489051
A_NP	312	139	G	0	0	139	38.9352517985612
A_NP	313	139	A	0	0	139	38.6546762589928
A_NP	314	139	T	0	0	139	39.2877697841727
A_NP	315	138	G	1	0	137	36.9489051094891
A_NP	316	139	A	0	0	138	36.5869565217391
A_NP	317	138	G	1	0	137	35.7445255474453
A_NP	318	139	G	0	0	139	35.4964028776978
A_NP	319	138	G	1	0	136	35.2867647058824
A_NP	320	138	A	1	0	137	35.6496350364963
A_NP	321	138	A	1	0	135	37.3407407407407
A_NP	322	139	C	0	0	139	36.2661870503597
A_NP	323	137	T	2	0	137	36.4306569343066
A_NP	324	138	C	1	0	136	37.4632352941176
A_NP	325	139	G	0	0	138	37.3840579710145
A_NP	326	139	T	0	0	139	35.6834532374101
A_NP	327	139	C	0	0	138	38.231884057971
A_NP	328	139	C	0	0	139	38.8201438848921
A_NP	329	139	T	0	0	139	38.3597122302158
A_NP	330	139	T	0	0	139	39.4892086330935
A_NP	331	139	T	0	0	139	40.431654676259
A_NP	332	138	A	1	0	138	37.3260869565217
A_NP	333	138	T	1	0	137	38.1459854014599
A_NP	334	137	G	2	0	136	36.9779411764706
A_NP	335	137	A	2	0	136	37.0735294117647
A_NP	336	138	C	1	0	137	35.8248175182482
A_NP	337	137	A	2	0	137	34.2554744525547
A_NP	338	138	A	1	0	138	34.695652173913
A_NP	339	138	A	1	0	138	35.2971014492754
A_NP	340	139	G	0	0	138	35.8913043478261
A_NP	341	139	A	0	0	138	37.3913043478261
A_NP	342	141	A	0	0	140	38.1571428571429
A_NP	343	141	G	0	0	141	38.0921985815603
A_NP	344	141	A	0	0	140	39.7285714285714
A_NP	345	141	A	0	0	141	41.9078014184397
A_NP	346	141	A	0	0	141	42.8297872340426
A_NP	347	141	T	0	0	139	42.0719424460432
A_NP	348	141	A	0	0	140	40.8285714285714
A_NP	349	141	A	0	0	140	39.7285714285714
A_NP	350	141	G	0	0	141	39.709219858156
A_NP	351	141	G	0	0	141	39.822695035461
A_NP	352	141	C	0	0	141	39.8297872340426
A_NP	353	141	G	0	0	139	38.9352517985612
A_NP	354	141	A	0	0	141	38.7163120567376
A_NP	355	141	A	0	0	141	39.709219858156
A_NP	356	140	T	1	0	140	40.0571428571429
A_NP	357	140	C	1	0	139	40.4388489208633
A_NP	358	141	T	0	0	140	41.9714285714286
A_NP	359	140	G	1	0	140	40.1357142857143
A_NP	360	139	G	2	0	139	40.0935251798561
A_NP	361	138	C	3	0	134	40.0223880597015
A_NP	362	138	G	3	0	138	38.7173913043478
A_NP	363	138	C	3	0	135	37.8666666666667
A_NP	364	139	C	2	0	137	37.4671532846715
A_NP	365	139	A	2	0	138	36.4710144927536
A_NP	366	140	A	1	0	139	37
A_NP	367	139	G	2	0	139	37.7913669064748
A_NP	368	140	C	1	0	139	39.0575539568345
A_NP	369	141	C	0	0	138	38.4275362318841
A_NP	370	141	A	0	0	140	38.3714285714286
A_NP	371	141	A	0	0	141	36.822695035461
A_NP	372	141	C	0	0	140	37.0714285714286
A_NP	373	141	A	0	0	141	35.5744680851064
A_NP	374	141	A	0	0	140	36.25
A_NP	375	141	T	0	0	140	36.2214285714286
A_NP	376	141	G	0	0	140	36.2285714285714
A_NP	377	141	G	0	0	141	36.8297872340426
A_NP	378	141	T	0	0	140	37.6642857142857
A_NP	379	141	G	0	0	141	37.0283687943262
A_NP	380	140	A	1	0	139	37.2374100719424
A_NP	381	140	G	1	0	140	37.5642857142857
A_NP	382	140	G	1	0	139	38.273381294964
A_NP	383	140	A	1	0	140	38.55
A_NP	384	140	T	1	0	139	39.2589928057554
A_NP	385	141	G	0	0	141	39.4539007092199
A_NP	386	140	C	1	0	140	39.5714285714286
A_NP	387	140	T	1	0	139	39.5179856115108
A_NP	388	141	A	0	0	141	39.0070921985816
A_NP	389	140	C	1	0	140	39.3857142857143
A_NP	390	141	A	0	0	140	38.9928571428571
A_NP	391	141	T	0	0	141	39.5815602836879
A_NP	392	141	C	0	0	141	39.113475177305
A_NP	393	141	C	0	0	140	40.0071428571429
A_NP	394	141	G	0	0	140	38.4
A_NP	395	141	G	0	0	140	37.9428571428571
A_NP	396	141	T	0	0	139	38.1151079136691
A_NP	397	141	C	0	0	140	37.65
A_NP	398	141	T	0	0	139	38.1079136690648
A_NP	399	141	A	0	0	138	38.1376811594203
A_NP	400	141	A	0	0	141	38.0851063829787
A_NP	401	140	C	1	0	140	37.8428571428571
A_NP	402	141	C	0	0	141	38.1063829787234
A_NP	403	141	C	0	0	137	38.3138686131387
A_NP	404	140	A	1	0	137	36.5474452554745
A_NP	405	141	C	0	0	139	37.4820143884892
A_NP	406	141	C	0	0	140	37.65
A_NP	407	141	T	0	0	141	38.3900709219858
A_NP	408	140	A	1	0	139	38.3597122302158
A_NP	409	141	A	0	0	141	39.1489361702128
A_NP	410	141	T	0	0	141	39.177304964539
A_NP	411	141	G	0	0	140	38.8428571428571
A_NP	412	141	A	0	0	141	37.5744680851064
A_NP	413	139	T	2	0	139	38.0863309352518
A_NP	414	141	T	0	0	141	37.8014184397163
A_NP	415	141	T	0	0	141	39.0283687943262
A_NP	416	141	G	0	0	141	38.9929078014184
A_NP	417	141	G	0	0	141	38.936170212766
A_NP	418	141	C	0	0	140	38.9357142857143
A_NP	419	141	A	0	0	141	38.8794326241135
A_NP	420	141	T	0	0	141	39.7659574468085
A_NP	421	141	T	0	0	141	39.3120567375887
A_NP	422	141	C	0	0	141	39.3971631205674
A_NP	423	141	C	0	0	141	39.5035460992908
A_NP	424	141	A	0	0	141	38.8794326241135
A_NP	425	141	A	0	0	141	39.3404255319149
A_NP	426	141	T	0	0	141	39.4822695035461
A_NP	427	141	T	0	0	141	39.3404255319149
A_NP	428	141	T	0	0	140	39.6571428571429
A_NP	429	141	G	0	0	141	39.5106382978723
A_NP	430	141	A	0	0	141	39.241134751773
A_NP	431	141	A	0	0	141	39.4042553191489
A_NP	432	141	T	0	0	141	38.4893617021277
A_NP	433	141	G	0	0	141	38.8014184397163
A_NP	434	141	A	0	0	141	39.645390070922
A_NP	435	141	T	0	0	141	40.354609929078
A_NP	436	141	G	0	0	141	41.3829787234043
A_NP	437	141	C	0	0	141	41.3333333333333
A_NP	438	141	A	0	0	140	40.4857142857143
A_NP	439	141	A	0	0	140	41.7714285714286
A_NP	440	141	C	0	0	141	41.0567375886525
A_NP	441	141	A	0	0	141	39.9645390070922
A_NP	442	141	T	0	0	141	40.3971631205674
A_NP	443	141	A	0	0	141	38.9929078014184
A_NP	444	140	C	1	0	140	39.3714285714286
A_NP	445	141	C	0	0	141	38.531914893617
A_NP	446	140	A	1	0	140	38.15
A_NP	447	141	A	0	0	141	39.113475177305
A_NP	448	141	A	0	0	141	39.9432624113475
A_NP	449	141	G	0	0	141	40.4042553191489
A_NP	450	141	G	0	0	141	41.6170212765957
A_NP	451	141	A	0	0	141	41.0354609929078
A_NP	452	141	C	0	0	141	41.3120567375887
A_NP	453	141	A	0	0	141	40.6737588652482
A_NP	454	141	A	0	0	140	41.4214285714286
A_NP	455	141	G	0	0	141	40.7234042553191
A_NP	456	141	A	0	0	140	41.4928571428571
A_NP	457	141	G	0	0	141	41.7304964539007
A_NP	458	141	C	0	0	141	42.1631205673759
A_NP	459	141	T	0	0	141	41.822695035461
A_NP	460	141	C	0	0	141	41.1205673758865
A_NP	461	140	T	1	0	140	41.6142857142857
A_NP	462	141	T	0	0	141	40.8297872340426
A_NP	463	141	G	0	0	141	40.0921985815603
A_NP	464	141	T	0	0	141	39.0567375886525
A_NP	465	140	T	1	0	140	39.55
A_NP	466	139	C	2	0	138	39.1159420289855
A_NP	467	140	G	1	0	140	37.3571428571429
A_NP	468	140	G	1	0	140	37.8857142857143
A_NP	469	140	A	1	0	138	37.9492753623188
A_NP	470	140	C	1	0	140	37.2
A_NP	471	140	T	1	0	140	37.7642857142857
A_NP	472	141	G	0	0	139	36.6258992805755
A_NP	473	141	G	0	0	138	35.8550724637681
A_NP	474	141	A	0	0	141	35.4822695035461
A_NP	475	140	A	1	0	139	36.4820143884892
A_NP	476	139	T	2	0	136	37.2647058823529
A_NP	477	139	G	2	0	136	36.0882352941176
A_NP	478	139	G	2	0	139	35.9928057553957
A_NP	479	140	A	1	0	140	36.4
A_NP	480	133	C	8	0	132	37.2348484848485
A_NP	481	140	C	1	0	140	36.3857142857143
A_NP	482	140	C	1	0	138	36.304347826087
A_NP	483	141	C	0	0	140	34.7357142857143
A_NP	484	141	A	1	0	141	33.1489361702128
A_NP	485	141	G	1	0	138	34.9130434782609
A_NP	486	142	A	0	0	141	35.8014184397163
A_NP	487	142	A	0	0	142	36.2676056338028
A_NP	488	142	T	0	0	140	36.8285714285714
A_NP	489	142	G	0	0	142	37.0492957746479
A_NP	490	142	T	0	0	141	37.9929078014184
A_NP	491	142	G	0	0	141	38.4042553191489
A_NP	492	142	C	0	0	142	37.9788732394366
A_NP	493	142	T	0	0	142	37.5774647887324
A_NP	494	141	C	1	0	141	37.8581560283688
A_NP	495	141	T	1	0	141	37.7872340425532
A_NP	496	141	C	1	0	141	37.0070921985816
A_NP	497	142	T	0	0	141	38.2695035460993
A_NP	498	142	G	0	0	142	37.4084507042254
A_NP	499	142	A	0	0	142	37.4507042253521
A_NP	500	142	T	0	0	142	37.2957746478873
A_NP	501	142	G	0	0	142	36.612676056338
A_NP	502	141	C	1	0	140	37.5571428571429
A_NP	503	142	A	0	0	142	36.6267605633803
A_NP	504	142	G	0	0	142	37.4718309859155
A_NP	505	142	G	0	0	141	37.6241134751773
A_NP	506	142	G	0	0	142	38.5422535211268
A_NP	507	142	C	0	0	141	37.7872340425532
A_NP	508	142	T	0	0	142	38.1478873239437
A_NP	509	141	C	1	0	141	37.8652482269504
A_NP	510	142	G	0	0	138	36.8115942028985
A_NP	511	141	A	1	0	141	36.8368794326241
A_NP	512	142	C	0	0	142	36.1549295774648
A_NP	513	142	T	0	0	142	35.8380281690141
A_NP	514	141	C	1	0	139	35.3956834532374
A_NP	515	142	T	0	0	140	35.6928571428571
A_NP	516	140	C	2	0	140	33.5785714285714
A_NP	517	142	C	0	0	142	33.7957746478873
A_NP	518	142	C	0	0	142	33.2676056338028
A_NP	519	142	T	0	0	142	30.9154929577465
A_NP	520	142	A	0	0	141	33.0141843971631
A_NP	521	140	G	2	0	140	36.1928571428571
A_NP	522	141	A	1	0	140	36.9
A_NP	523	141	A	1	0	139	36.9208633093525
A_NP	524	141	G	1	0	141	36.4255319148936
A_NP	525	142	G	0	0	142	34.612676056338
A_NP	526	142	T	0	0	142	35
A_NP	527	141	C	1	0	140	34.5642857142857
A_NP	528	142	C	0	0	141	35.0709219858156
A_NP	529	140	G	1	0	139	35.4964028776978
A_NP	530	141	G	0	0	141	36.5886524822695
A_NP	531	141	A	0	0	141	37.7730496453901
A_NP	532	141	G	0	0	140	38.2142857142857
A_NP	533	141	C	0	0	140	39.0357142857143
A_NP	534	141	T	0	0	137	38.3138686131387
A_NP	535	141	G	0	0	140	36.4714285714286
A_NP	536	141	C	0	0	141	36.0212765957447
A_NP	537	141	C	0	0	140	34.3285714285714
A_NP	538	140	G	1	0	140	33.8214285714286
A_NP	539	141	G	0	0	141	32.8368794326241
A_NP	540	141	T	0	0	141	34.3333333333333
A_NP	541	141	G	0	0	140	35.4357142857143
A_NP	542	140	C	1	0	140	37.65
A_NP	543	140	T	1	0	140	38.15
A_NP	544	141	G	0	0	141	37.354609929078
A_NP	545	141	C	0	0	141	36.6595744680851
A_NP	546	142	A	0	0	141	35.0992907801418
A_NP	547	142	G	0	0	142	34.9859154929577
A_NP	548	142	T	0	0	142	35.3239436619718
A_NP	549	142	C	0	0	141	35.5106382978723
A_NP	550	142	A	0	0	142	35.3028169014084
A_NP	551	142	A	0	0	142	36.9225352112676
A_NP	552	142	A	0	0	142	37.2887323943662
A_NP	553	142	G	0	0	142	37.0422535211268
A_NP	554	142	G	0	0	142	37.6408450704225
A_NP	555	142	A	0	0	142	39.0070422535211
A_NP	556	142	A	0	0	141	38.9148936170213
A_NP	557	142	T	0	0	142	40.3450704225352
A_NP	558	142	C	0	0	142	40.1267605633803
A_NP	559	141	G	1	0	141	39.9645390070922
A_NP	560	142	G	0	0	142	39.6971830985916
A_NP	561	142	A	0	0	141	39.9007092198582
A_NP	562	142	A	0	0	141	39.8723404255319
A_NP	563	142	C	0	0	142	39.8732394366197
A_NP	564	142	A	0	0	142	39.6901408450704
A_NP	565	142	A	0	0	141	39.4113475177305
A_NP	566	142	T	0	0	142	38.7183098591549
A_NP	567	142	G	0	0	142	38.330985915493
A_NP	568	142	G	0	0	142	38.1338028169014
A_NP	569	142	T	0	0	141	38.531914893617
A_NP	570	142	G	0	0	141	39.063829787234
A_NP	571	142	A	0	0	140	38.5071428571429
A_NP	572	142	T	0	0	142	38.3661971830986
A_NP	573	143	G	0	0	142	37.9929577464789
A_NP	574	143	G	0	0	142	38.7464788732394
A_NP	575	144	A	0	0	144	37.8611111111111
A_NP	576	144	A	0	0	144	36.6666666666667
A_NP	577	144	C	0	0	140	36.15
A_NP	578	144	T	0	0	139	36.0215827338129
A_NP	579	144	A	0	0	144	35.9930555555556
A_NP	580	143	A	1	0	143	37.3566433566434
A_NP	581	143	T	1	0	143	37.8251748251748
A_NP	582	143	C	1	0	143	38.6363636363636
A_NP	583	143	A	1	0	143	38.1048951048951
A_NP	584	143	G	1	0	143	38.0909090909091
A_NP	585	144	A	0	0	144	37.2708333333333
A_NP	586	144	A	0	0	144	36.4375
A_NP	587	144	T	0	0	144	36.8958333333333
A_NP	588	143	G	1	0	142	37.3802816901408
A_NP	589	144	A	0	0	144	38.4236111111111
A_NP	590	144	T	0	0	144	38.8819444444444
A_NP	591	144	C	0	0	144	38.2847222222222
A_NP	592	144	A	0	0	144	37.625
A_NP	593	143	A	1	0	143	37.3216783216783
A_NP	594	142	A	2	0	142	37.0352112676056
A_NP	595	142	C	2	0	142	36.3450704225352
A_NP	596	135	G	9	0	134	35.9850746268657
A_NP	597	144	G	0	0	143	36.2937062937063
A_NP	598	144	G	0	0	144	35.7152777777778
A_NP	599	144	G	0	0	143	37.6923076923077
A_NP	600	144	G	0	0	144	39.3263888888889
A_NP	601	144	A	0	0	144	38.8888888888889
A_NP	602	144	T	0	0	144	38.8402777777778
A_NP	603	144	C	0	0	143	37.3286713286713
A_NP	604	144	A	0	0	144	36.6875
A_NP	605	144	A	0	0	144	36.8472222222222
A_NP	606	144	C	0	0	144	38.2083333333333
A_NP	607	144	G	0	0	141	36.8156028368794
A_NP	608	144	A	0	0	144	37.2152777777778
A_NP	609	144	T	0	0	144	38.1666666666667
A_NP	610	144	C	0	0	142	36.7183098591549
A_NP	611	144	G	0	0	144	36.4097222222222
A_NP	612	144	A	0	0	144	36.3611111111111
A_NP	613	144	A	0	0	144	37.4930555555556
A_NP	614	144	A	0	0	144	36.6388888888889
A_NP	615	142	T	2	0	142	39.056338028169
A_NP	616	144	T	0	0	144	40.0763888888889
A_NP	617	144	T	0	0	144	40.0902777777778
A_NP	618	144	T	0	0	144	40.4513888888889
A_NP	619	144	T	0	0	144	40.7847222222222
A_NP	620	144	G	0	0	144	39.2291666666667
A_NP	621	144	G	0	0	144	39.4930555555556
A_NP	622	144	A	0	0	144	39.0138888888889
A_NP	623	144	G	0	0	144	39.5069444444444
A_NP	624	144	A	0	0	143	39.3076923076923
A_NP	625	144	G	0	0	144	40.0277777777778
A_NP	626	144	G	0	0	144	38.3958333333333
A_NP	627	144	T	0	0	142	38.4577464788732
A_NP	628	143	G	1	0	142	36.8239436619718
A_NP	629	144	A	0	0	144	36.3402777777778
A_NP	630	144	G	0	0	143	36.2377622377622
A_NP	631	143	A	1	0	141	36.8297872340426
A_NP	632	144	A	0	0	143	38.7762237762238
A_NP	633	144	T	0	0	144	38.9097222222222
A_NP	634	144	G	0	0	143	38.1958041958042
A_NP	635	144	G	0	0	144	37.4722222222222
A_NP	636	144	G	0	0	144	37.2847222222222
A_NP	637	144	C	0	0	141	36.3758865248227
A_NP	638	143	G	1	0	143	35.8321678321678
A_NP	639	146	G	0	0	145	35.448275862069
A_NP	640	146	A	0	0	146	34.1369863013699
A_NP	641	146	A	0	0	146	34.8424657534247
A_NP	642	146	A	0	0	146	36.9520547945205
A_NP	643	146	A	0	0	143	36.9160839160839
A_NP	644	146	C	0	0	146	36.986301369863
A_NP	645	144	A	2	0	144	37.125
A_NP	646	146	A	0	0	144	35.9375
A_NP	647	146	G	0	0	146	37.7534246575342
A_NP	648	146	A	0	0	146	38.4794520547945
A_NP	649	146	A	0	0	144	38.9583333333333
A_NP	650	146	G	0	0	146	38.527397260274
A_NP	651	146	T	0	0	146	39.6506849315069
A_NP	652	146	G	0	0	145	39.3103448275862
A_NP	653	145	C	1	0	145	38.9655172413793
A_NP	654	142	T	4	0	142	38.8591549295775
A_NP	655	146	T	0	0	145	38.848275862069
A_NP	656	146	A	0	0	146	37.6232876712329
A_NP	657	146	T	0	0	146	38.5958904109589
A_NP	658	142	G	4	0	142	34.5
A_NP	659	142	A	4	0	142	35.0281690140845
A_NP	660	145	G	2	0	145	34.8206896551724
A_NP	661	147	A	0	0	147	35.2925170068027
A_NP	662	147	G	0	0	146	37.4041095890411
A_NP	663	146	A	1	0	145	36.8068965517241
A_NP	664	147	A	0	0	147	38.9047619047619
A_NP	665	147	T	0	0	147	39.1700680272109
A_NP	666	147	G	0	0	147	39.4489795918367
A_NP	667	147	T	0	0	146	39.958904109589
A_NP	668	147	G	0	0	146	39.986301369863
A_NP	669	144	C	3	0	144	39.625
A_NP	670	147	A	0	0	146	39.3904109589041
A_NP	671	147	A	0	0	147	38.687074829932
A_NP	672	147	C	0	0	147	38.8707482993197
A_NP	673	146	A	1	0	146	37.9657534246575
A_NP	674	146	T	1	0	146	38.6369863013699
A_NP	675	145	T	2	0	145	37.9034482758621
A_NP	676	145	C	2	0	144	36.7430555555556
A_NP	677	146	T	1	0	146	36.472602739726
A_NP	678	147	C	0	0	146	34.7671232876712
A_NP	679	147	A	0	0	146	34.6164383561644
A_NP	680	147	A	0	0	147	34.3401360544218
A_NP	681	147	A	0	0	146	35.6780821917808
A_NP	682	147	G	0	0	147	34.2993197278912
A_NP	683	147	G	0	0	147	36.1496598639456
A_NP	684	146	A	1	0	146	34.527397260274
A_NP	685	147	A	0	0	147	34.6462585034014
A_NP	686	147	A	0	0	147	38.7551020408163
A_NP	687	147	A	0	0	147	38.8163265306122
A_NP	688	147	T	0	0	146	39.3630136986301
A_NP	689	147	T	0	0	147	39.9727891156463
A_NP	690	147	T	0	0	147	40.2040816326531
A_NP	691	146	C	1	0	146	39.472602739726
A_NP	692	146	A	1	0	146	38.0205479452055
A_NP	693	146	A	1	0	145	38.4689655172414
A_NP	694	146	A	1	0	146	38.7260273972603
A_NP	695	147	C	0	0	147	38.5986394557823
A_NP	696	147	A	0	0	147	38.4557823129252
A_NP	697	147	G	0	0	147	38.2176870748299
A_NP	698	147	C	0	0	146	37.5547945205479
A_NP	699	147	T	0	0	147	40.0204081632653
A_NP	700	147	G	0	0	146	39.7397260273973
A_NP	701	147	C	0	0	147	40.6054421768707
A_NP	702	146	A	1	0	146	41.1643835616438
A_NP	703	146	C	1	0	146	41.6780821917808
A_NP	704	146	A	1	0	146	40.4794520547945
A_NP	705	147	A	0	0	147	40.9047619047619
A_NP	706	147	A	0	0	147	39.9795918367347
A_NP	707	147	A	0	0	146	40.2191780821918
A_NP	708	147	A	0	0	146	41.8287671232877
A_NP	709	147	G	0	0	147	40.9387755102041
A_NP	710	147	C	0	0	147	39.5986394557823
A_NP	711	147	A	0	0	147	37.4285714285714
A_NP	712	147	A	0	0	147	38.2857142857143
A_NP	713	147	T	0	0	147	38.7482993197279
A_NP	714	147	G	0	0	147	38.0408163265306
A_NP	715	147	G	0	0	146	39.2945205479452
A_NP	716	147	T	0	0	147	39.6802721088435
A_NP	717	147	G	0	0	147	36.3265306122449
A_NP	718	148	G	0	0	148	36.7094594594595
A_NP	719	148	A	0	0	148	36.5135135135135
A_NP	720	147	T	1	0	147	36.7687074829932
A_NP	721	147	C	1	0	145	35.5241379310345
A_NP	722	144	A	4	0	142	36.6197183098592
A_NP	723	148	A	0	0	146	35.013698630137
A_NP	724	148	G	0	0	146	33.6849315068493
A_NP	725	148	T	0	0	147	34.2108843537415
A_NP	726	148	T	0	0	146	32.7808219178082
A_NP	727	143	A	5	0	140	33.2214285714286
A_NP	728	143	G	5	0	139	32.0719424460432
A_NP	729	145	A	3	0	145	32.9586206896552
A_NP	730	145	G	3	0	144	33.875
A_NP	731	143	A	6	0	143	35.6363636363636
A_NP	732	148	A	1	0	148	35.3243243243243
A_NP	733	146	A	3	0	145	36.0206896551724
A_NP	734	146	G	4	0	144	34.7777777777778
A_NP	735	149	C	1	0	149	33.8657718120805
A_NP	736	149	C	1	0	147	34.3197278911565
A_NP	737	144	G	6	0	143	35.2657342657343
A_NP	738	150	G	0	0	147	33.9047619047619
A_NP	739	150	A	0	0	150	34.6466666666667
A_NP	740	150	A	0	0	150	34.3066666666667
A_NP	741	150	T	0	0	149	35.3758389261745
A_NP	742	150	C	0	0	144	36.0694444444444
A_NP	743	150	C	1	0	149	35.0402684563758
A_NP	744	150	A	1	0	149	34.0738255033557
A_NP	745	151	G	0	0	149	34.4563758389262
A_NP	746	151	G	0	0	148	35.3918918918919
A_NP	747	145	A	6	0	141	38.7517730496454
A_NP	748	148	A	3	0	146	39.513698630137
A_NP	749	147	A	4	0	147	41.2789115646259
A_NP	750	146	C	5	0	145	40.4896551724138
A_NP	751	147	G	4	0	144	39.5069444444444
A_NP	752	148	C	3	0	148	38.2364864864865
A_NP	753	151	T	0	0	148	37.7905405405405
A_NP	754	151	G	0	0	149	35.8053691275168
A_NP	755	151	A	0	0	151	35.7417218543046
A_NP	756	150	G	1	0	149	35.7852348993289
A_NP	757	151	A	0	0	151	35.7549668874172
A_NP	758	150	T	1	0	150	35.7866666666667
A_NP	759	151	C	0	0	150	35.4866666666667
A_NP	760	151	G	1	0	149	34.489932885906
A_NP	761	152	A	0	0	152	33.6315789473684
A_NP	762	152	A	0	0	152	33.8223684210526
A_NP	763	152	G	0	0	151	33.5695364238411
A_NP	764	150	A	2	0	150	34.3133333333333
A_NP	765	150	T	2	0	150	33.9733333333333
A_NP	766	148	C	4	0	148	33.5067567567568
A_NP	767	150	T	2	0	150	33.5266666666667
A_NP	768	148	C	4	0	146	32.7397260273973
A_NP	769	145	A	7	0	141	33.3404255319149
A_NP	770	148	T	4	0	143	33.1398601398601
A_NP	771	151	A	1	0	148	34.4527027027027
A_NP	772	146	T	6	0	144	34.3055555555556
A_NP	773	152	T	0	0	151	34.4039735099338
A_NP	774	152	T	0	0	152	34.3421052631579
A_NP	775	152	T	0	0	149	34.7181208053691
A_NP	776	151	T	1	0	145	34.3586206896552
A_NP	777	151	A	1	0	151	32.3708609271523
A_NP	778	150	G	2	0	148	32.6013513513514
A_NP	779	152	C	0	0	151	33.3576158940397
A_NP	780	152	A	0	0	152	33.4934210526316
A_NP	781	152	A	0	0	152	35.9605263157895
A_NP	782	152	G	0	0	151	36.0397350993377
A_NP	783	152	A	0	0	152	36.8092105263158
A_NP	784	152	T	0	0	152	36.5855263157895
A_NP	785	152	C	0	0	150	35.9133333333333
A_NP	786	152	T	0	0	151	35.364238410596
A_NP	787	152	G	0	0	148	35.2432432432432
A_NP	788	152	C	0	0	151	35.4900662251656
A_NP	789	152	A	0	0	152	35.4144736842105
A_NP	790	151	C	1	0	151	36.3112582781457
A_NP	791	151	T	1	0	151	37.1192052980132
A_NP	792	151	G	1	0	150	36.2533333333333
A_NP	793	150	A	2	0	149	36.8657718120805
A_NP	794	151	T	1	0	150	36.9133333333333
A_NP	795	151	A	1	0	151	36.0596026490066
A_NP	796	151	T	1	0	149	36.6107382550336
A_NP	797	151	T	1	0	150	37.8133333333333
A_NP	798	152	G	0	0	151	36.8940397350993
A_NP	799	152	A	0	0	152	37.5855263157895
A_NP	800	152	G	0	0	152	38.9276315789474
A_NP	801	152	A	0	0	152	38.9013157894737
A_NP	802	152	G	0	0	152	38.75
A_NP	803	152	G	0	0	152	38.9144736842105
A_NP	804	152	A	0	0	152	38.9473684210526
A_NP	805	152	T	0	0	152	39.2960526315789
A_NP	806	152	C	0	0	152	37.375
A_NP	807	152	A	0	0	152	38.1578947368421
A_NP	808	152	G	0	0	152	38.4078947368421
A_NP	809	152	T	0	0	152	38.9736842105263
A_NP	810	152	T	0	0	152	38.5460526315789
A_NP	811	152	G	0	0	152	40.2631578947368
A_NP	812	151	C	1	0	151	40.4635761589404
A_NP	813	151	T	1	0	151	40.2317880794702
A_NP	814	152	C	0	0	151	39.4900662251656
A_NP	815	152	A	0	0	152	38.6513157894737
A_NP	816	152	C	0	0	152	38.1513157894737
A_NP	817	149	A	3	0	149	37.2348993288591
A_NP	818	152	A	0	0	152	37.2565789473684
A_NP	819	152	A	0	0	151	37.3907284768212
A_NP	820	152	T	0	0	152	37.2434210526316
A_NP	821	152	C	0	0	151	38.2317880794702
A_NP	822	152	T	0	0	151	38.3311258278146
A_NP	823	152	T	0	0	152	38.1907894736842
A_NP	824	152	G	0	0	151	37.5033112582781
A_NP	825	152	C	0	0	152	37.9078947368421
A_NP	826	152	C	0	0	151	37.8278145695364
A_NP	827	152	T	0	0	151	38.8675496688742
A_NP	828	152	A	0	0	152	37.8815789473684
A_NP	829	150	C	2	0	149	40.1610738255034
A_NP	830	152	C	0	0	150	40.34
A_NP	831	152	T	0	0	152	39.6513157894737
A_NP	832	152	G	0	0	151	38.7483443708609
A_NP	833	151	C	1	0	151	40.2251655629139
A_NP	834	152	C	0	0	152	39.5592105263158
A_NP	835	151	T	1	0	150	40.1533333333333
A_NP	836	151	G	1	0	151	40.0331125827815
A_NP	837	152	T	0	0	151	41.046357615894
A_NP	838	152	G	0	0	152	40.9342105263158
A_NP	839	152	C	0	0	152	41.3552631578947
A_NP	840	152	A	0	0	152	41.2039473684211
A_NP	841	152	T	0	0	152	41.6052631578947
A_NP	842	152	A	0	0	152	40.5789473684211
A_NP	843	152	T	0	0	152	41.1907894736842
A_NP	844	152	G	0	0	152	40.5394736842105
A_NP	845	152	G	0	0	152	40.0065789473684
A_NP	846	152	A	0	0	152	40.7565789473684
A_NP	847	152	C	0	0	152	41.5921052631579
A_NP	848	152	C	0	0	152	42.5723684210526
A_NP	849	152	T	0	0	151	42.8145695364238
A_NP	850	152	G	0	0	152	41.8552631578947
A_NP	851	152	C	0	0	152	41.6118421052632
A_NP	852	152	A	0	0	152	41.5263157894737
A_NP	853	152	G	0	0	152	41.8289473684211
A_NP	854	152	T	0	0	151	41.7615894039735
A_NP	855	152	A	0	0	152	41.4013157894737
A_NP	856	152	T	0	0	152	41.4013157894737
A_NP	857	152	C	0	0	152	40.8355263157895
A_NP	858	152	C	0	0	152	41.2960526315789
A_NP	859	152	A	0	0	152	40.5131578947368
A_NP	860	152	G	0	0	152	40.5657894736842
A_NP	861	152	T	0	0	151	40.6490066225166
A_NP	862	152	G	0	0	151	41.1788079470199
A_NP	863	152	G	0	0	152	40.8157894736842
A_NP	864	152	T	0	0	151	40.9602649006623
A_NP	865	152	T	0	0	152	40.6644736842105
A_NP	866	152	A	0	0	152	40.0526315789474
A_NP	867	152	T	0	0	152	40.2565789473684
A_NP	868	152	G	0	0	152	38.8684210526316
A_NP	869	152	A	0	0	152	38.6907894736842
A_NP	870	152	C	0	0	152	38.2960526315789
A_NP	871	152	T	0	0	152	37.5460526315789
A_NP	872	152	T	0	0	152	38.3223684210526
A_NP	873	152	T	0	0	152	39.1315789473684
A_NP	874	152	G	0	0	152	37.3618421052632
A_NP	875	132	A	20	0	132	38.1363636363636
A_NP	876	152	A	0	0	152	37.1644736842105
A_NP	877	152	A	0	0	152	37.6710526315789
A_NP	878	152	A	0	0	152	39.5263157894737
A_NP	879	152	A	0	0	152	39.9605263157895
A_NP	880	152	G	0	0	151	40.1523178807947
A_NP	881	152	A	0	0	152	38.8223684210526
A_NP	882	152	G	0	0	152	38.5723684210526
A_NP	883	152	G	0	0	152	38.3552631578947
A_NP	884	152	G	0	0	152	38.5065789473684
A_NP	885	152	A	0	0	152	38.5
A_NP	886	152	T	0	0	152	39.1973684210526
A_NP	887	152	A	0	0	152	38.7302631578947
A_NP	888	152	T	0	0	152	40.2631578947368
A_NP	889	152	T	0	0	152	39.9342105263158
A_NP	890	152	C	0	0	152	39.75
A_NP	891	152	C	0	0	152	39.7105263157895
A_NP	892	152	T	0	0	152	39.9473684210526
A_NP	893	152	T	0	0	152	39.1513157894737
A_NP	894	151	G	1	0	151	38.046357615894
A_NP	895	152	G	0	0	152	37.6644736842105
A_NP	896	152	T	0	0	150	38.1066666666667
A_NP	897	152	G	0	0	152	37.7434210526316
A_NP	898	152	G	0	0	152	38.4342105263158
A_NP	899	152	G	0	0	152	38.8684210526316
A_NP	900	152	A	0	0	152	39.2368421052632
A_NP	901	152	A	0	0	151	40.8807947019868
A_NP	902	152	T	0	0	152	40.5986842105263
A_NP	903	151	A	1	0	151	39.7152317880795
A_NP	904	152	G	0	0	152	39.0657894736842
A_NP	905	152	A	0	0	151	39.1655629139073
A_NP	906	152	C	0	0	151	39.2847682119205
A_NP	907	152	C	0	0	152	39.3289473684211
A_NP	908	150	C	2	0	148	38.5540540540541
A_NP	909	150	T	2	0	149	36.2147651006711
A_NP	910	152	T	0	0	152	38.9605263157895
A_NP	911	152	T	0	0	152	37.7105263157895
A_NP	912	152	C	0	0	152	32.7894736842105
A_NP	913	152	A	0	0	152	36.125
A_NP	914	152	A	0	0	152	36.8289473684211
A_NP	915	152	A	0	0	152	36.8157894736842
A_NP	916	152	C	0	0	152	36.9078947368421
A_NP	917	152	T	0	0	151	39.0397350993377
A_NP	918	152	A	0	0	152	37.6184210526316
A_NP	919	152	C	0	0	150	37.0066666666667
A_NP	920	152	T	0	0	152	36.4276315789474
A_NP	921	152	T	0	0	152	36.0131578947368
A_NP	922	152	C	0	0	151	34.5827814569536
A_NP	923	152	A	0	0	151	35.6754966887417
A_NP	924	152	A	0	0	152	37.2631578947368
A_NP	925	152	A	0	0	152	39.1447368421053
A_NP	926	152	A	0	0	152	40.4276315789474
A_NP	927	152	T	0	0	152	41.0065789473684
A_NP	928	152	A	0	0	152	39.7039473684211
A_NP	929	152	G	0	0	152	39.7763157894737
A_NP	930	152	C	0	0	152	39.5855263157895
A_NP	931	152	C	0	0	152	38.8223684210526
A_NP	932	152	A	0	0	151	39.1059602649007
A_NP	933	152	A	0	0	152	39.6842105263158
A_NP	934	152	A	0	0	152	40.5921052631579
A_NP	935	152	T	0	0	152	40.7434210526316
A_NP	936	152	A	0	0	151	40.4370860927152
A_NP	937	152	T	0	0	152	41.8881578947368
A_NP	938	152	A	0	0	152	41.9736842105263
A_NP	939	152	C	0	0	151	42.1059602649007
A_NP	940	152	A	0	0	152	42.7631578947368
A_NP	941	152	G	0	0	152	41.9868421052632
A_NP	942	152	C	0	0	152	41.7894736842105
A_NP	943	151	T	1	0	151	41.6953642384106
A_NP	944	152	T	0	0	152	41.8223684210526
A_NP	945	152	A	0	0	152	40.9342105263158
A_NP	946	152	A	0	0	152	41.1118421052632
A_NP	947	152	T	0	0	152	41.3881578947368
A_NP	948	152	C	0	0	151	41.6622516556291
A_NP	949	152	A	0	0	152	42.0723684210526
A_NP	950	152	G	0	0	151	41.8079470198675
A_NP	951	152	A	0	0	152	42.0197368421053
A_NP	952	150	C	2	0	150	42.38
A_NP	953	152	C	0	0	151	42
A_NP	954	152	T	0	0	151	41.6887417218543
A_NP	955	152	A	0	0	151	40.3377483443709
A_NP	956	152	A	0	0	152	41.4407894736842
A_NP	957	152	T	0	0	152	41.4473684210526
A_NP	958	152	G	0	0	151	40.8079470198675
A_NP	959	152	A	0	0	152	40.7894736842105
A_NP	960	152	G	0	0	151	41.1655629139073
A_NP	961	152	A	0	0	152	41.1776315789474
A_NP	962	152	A	0	0	151	41.8476821192053
A_NP	963	152	T	0	0	152	41.5263157894737
A_NP	964	152	C	0	0	151	41.4370860927152
A_NP	965	152	C	0	0	151	42.3973509933775
A_NP	966	152	A	0	0	152	41
A_NP	967	152	G	0	0	152	41.7631578947368
A_NP	968	151	C	1	0	151	40.9801324503311
A_NP	969	151	A	1	0	151	40.5827814569536
A_NP	970	151	C	0	0	151	40.2317880794702
A_NP	971	151	A	0	0	150	39.3533333333333
A_NP	972	151	C	0	0	151	39.4172185430464
A_NP	973	150	A	0	0	150	38.54
A_NP	974	150	A	0	0	150	40.2066666666667
A_NP	975	150	G	0	0	150	39.7333333333333
A_NP	976	150	A	0	0	150	40.7133333333333
A_NP	977	150	G	0	0	150	40.5666666666667
A_NP	978	150	T	0	0	150	41.46
A_NP	979	150	C	0	0	150	40.7
A_NP	980	150	A	0	0	150	41.3333333333333
A_NP	981	150	G	0	0	150	41.46
A_NP	982	150	C	0	0	150	41.34
A_NP	983	150	T	0	0	150	40.92
A_NP	984	150	G	0	0	150	42.2733333333333
A_NP	985	150	G	0	0	150	41.5266666666667
A_NP	986	150	T	0	0	150	42.62
A_NP	987	150	G	0	0	150	42.3266666666667
A_NP	988	150	T	0	0	150	41.8666666666667
A_NP	989	150	G	0	0	150	42.2133333333333
A_NP	990	150	G	0	0	150	42.0866666666667
A_NP	991	150	A	0	0	150	42.6666666666667
A_NP	992	150	T	0	0	150	42.38
A_NP	993	151	G	0	0	150	41.8533333333333
A_NP	994	151	G	0	0	151	41.4370860927152
A_NP	995	151	C	0	0	151	41.364238410596
A_NP	996	151	A	0	0	150	41.0133333333333
A_NP	997	151	T	0	0	151	41.7019867549669
A_NP	998	151	G	0	0	151	41.9072847682119
A_NP	999	151	T	0	0	151	41.6490066225166
A_NP	1000	151	C	0	0	151	41.794701986755
A_NP	1001	151	A	0	0	151	41.5430463576159
A_NP	1002	151	T	0	0	151	41.0728476821192
A_NP	1003	151	T	0	0	151	42.0132450331126
A_NP	1004	151	C	0	0	150	42.2133333333333
A_NP	1005	151	T	0	0	151	42.2317880794702
A_NP	1006	151	G	0	0	150	42.1066666666667
A_NP	1007	151	C	0	0	151	41.6291390728477
A_NP	1008	151	T	0	0	150	41.32
A_NP	1009	151	G	0	0	151	40.9602649006623
A_NP	1010	151	C	0	0	151	40.8079470198675
A_NP	1011	151	A	0	0	151	39.7350993377483
A_NP	1012	150	T	1	0	150	40.8266666666667
A_NP	1013	151	T	0	0	151	39.7615894039735
A_NP	1014	151	T	0	0	151	40.8609271523179
A_NP	1015	151	G	0	0	151	40.4701986754967
A_NP	1016	151	A	0	0	151	41.1854304635762
A_NP	1017	151	A	0	0	150	41.0733333333333
A_NP	1018	151	G	0	0	150	40.7866666666667
A_NP	1019	151	A	0	0	151	40.6423841059603
A_NP	1020	151	T	0	0	151	40.5430463576159
A_NP	1021	151	T	0	0	151	40.3509933774834
A_NP	1022	151	T	0	0	151	40.1059602649007
A_NP	1023	151	A	0	0	151	37.7086092715232
A_NP	1024	151	A	0	0	151	38.4966887417219
A_NP	1025	151	G	0	0	151	40.0927152317881
A_NP	1026	151	A	0	0	151	40.4503311258278
A_NP	1027	151	T	0	0	151	41.2185430463576
A_NP	1028	151	T	0	0	150	41.4266666666667
A_NP	1029	151	G	0	0	151	40.9602649006623
A_NP	1030	151	T	0	0	150	40.4
A_NP	1031	151	T	0	0	150	39.1133333333333
A_NP	1032	151	A	0	0	151	38.9602649006623
A_NP	1033	151	A	0	0	151	39.635761589404
A_NP	1034	151	G	0	0	151	38.1390728476821
A_NP	1035	151	C	0	0	151	38.9602649006623
A_NP	1036	151	T	0	0	151	40.7483443708609
A_NP	1037	151	T	0	0	151	41.9271523178808
A_NP	1038	151	C	0	0	150	40.6
A_NP	1039	151	A	0	0	151	39.7748344370861
A_NP	1040	151	T	0	0	151	40.4834437086093
A_NP	1041	151	C	0	0	151	38.9470198675497
A_NP	1042	151	A	0	0	151	38.5033112582781
A_NP	1043	151	G	0	0	151	39.2781456953642
A_NP	1044	151	A	0	0	149	38.9597315436242
A_NP	1045	151	G	0	0	151	38.6026490066225
A_NP	1046	151	G	0	0	151	38.9933774834437
A_NP	1047	151	A	0	0	151	39.4238410596027
A_NP	1048	149	A	2	0	149	40.5503355704698
A_NP	1049	149	C	2	0	149	40.503355704698
A_NP	1050	146	A	5	0	146	39.2739726027397
A_NP	1051	151	A	0	0	150	39.6533333333333
A_NP	1052	151	A	0	0	150	40.4133333333333
A_NP	1053	151	A	0	0	151	40.2384105960265
A_NP	1054	151	G	0	0	150	39.3533333333333
A_NP	1055	151	T	0	0	150	40.6333333333333
A_NP	1056	151	A	0	0	150	39.48
A_NP	1057	151	T	0	0	150	38.98
A_NP	1058	151	C	0	0	151	38.5099337748344
A_NP	1059	151	T	0	0	149	38.6308724832215
A_NP	1060	151	C	0	0	151	38.3576158940397
A_NP	1061	150	C	1	0	150	39.0666666666667
A_NP	1062	149	T	2	0	149	38.9530201342282
A_NP	1063	146	C	5	0	146	33.9246575342466
A_NP	1064	138	G	13	0	138	32.3260869565217
A_NP	1065	149	G	2	0	149	31.8053691275168
A_NP	1066	151	G	0	0	151	31.8675496688742
A_NP	1067	151	G	0	0	151	32.0198675496689
A_NP	1068	151	G	0	0	151	39.6225165562914
A_NP	1069	150	A	1	0	150	38.0066666666667
A_NP	1070	151	A	0	0	150	37.8
A_NP	1071	151	A	0	0	150	37.8333333333333
A_NP	1072	151	C	0	0	150	36.3866666666667
A_NP	1073	151	T	0	0	151	37.7748344370861
A_NP	1074	150	G	1	0	150	37.2066666666667
A_NP	1075	151	T	0	0	150	37.3666666666667
A_NP	1076	149	C	2	0	148	36.2364864864865
A_NP	1077	150	A	1	0	147	35.7687074829932
A_NP	1078	150	A	1	0	149	35.6375838926174
A_NP	1079	150	C	1	0	150	35.2933333333333
A_NP	1080	149	T	2	0	149	35.1476510067114
A_NP	1081	148	A	3	0	148	34.4189189189189
A_NP	1082	148	G	3	0	147	34.1292517006803
A_NP	1083	150	A	1	0	150	32.54
A_NP	1084	151	G	0	0	150	32.56
A_NP	1085	150	G	1	0	150	33.9066666666667
A_NP	1086	150	A	1	0	150	34.58
A_NP	1087	150	G	1	0	148	36.25
A_NP	1088	150	T	1	0	149	36.7718120805369
A_NP	1089	151	A	0	0	150	37.34
A_NP	1090	151	C	0	0	150	38.18
A_NP	1091	150	A	1	0	150	37.9733333333333
A_NP	1092	151	A	0	0	151	38.2317880794702
A_NP	1093	151	A	0	0	151	38.8476821192053
A_NP	1094	151	T	0	0	151	38.4437086092715
A_NP	1095	150	T	1	0	149	39.2684563758389
A_NP	1096	150	G	1	0	150	38.7466666666667
A_NP	1097	151	C	0	0	151	37.9735099337748
A_NP	1098	151	T	0	0	151	38.5364238410596
A_NP	1099	151	T	0	0	150	39.1
A_NP	1100	151	C	0	0	149	38.248322147651
A_NP	1101	151	A	0	0	151	38.1192052980132
A_NP	1102	151	A	0	0	150	39.6533333333333
A_NP	1103	151	A	0	0	151	39.3841059602649
A_NP	1104	151	T	0	0	151	39.1523178807947
A_NP	1105	151	G	0	0	151	39.841059602649
A_NP	1106	151	A	0	0	150	40.1333333333333
A_NP	1107	151	G	0	0	151	40.2384105960265
A_NP	1108	151	A	0	0	151	40.1192052980132
A_NP	1109	151	A	0	0	151	39.6887417218543
A_NP	1110	151	C	0	0	151	39.2649006622517
A_NP	1111	151	A	0	0	151	39.6887417218543
A_NP	1112	151	T	0	0	151	38.8741721854305
A_NP	1113	151	G	0	0	151	39.2715231788079
A_NP	1114	151	G	0	0	151	40.4635761589404
A_NP	1115	151	A	0	0	151	40.0198675496689
A_NP	1116	151	T	0	0	150	41.3
A_NP	1117	151	A	0	0	151	40.8675496688742
A_NP	1118	151	A	0	0	149	42.0335570469799
A_NP	1119	151	T	0	0	150	41.9
A_NP	1120	151	A	0	0	151	41.4437086092715
A_NP	1121	151	T	0	0	151	41.4834437086093
A_NP	1122	147	G	4	0	147	39.4285714285714
A_NP	1123	150	G	1	0	149	39.4429530201342
A_NP	1124	150	G	1	0	150	39.7533333333333
A_NP	1125	150	A	1	0	150	39.9133333333333
A_NP	1126	151	T	0	0	151	40.6887417218543
A_NP	1127	151	C	0	0	149	39.5234899328859
A_NP	1128	151	A	0	0	150	39.52
A_NP	1129	151	A	0	0	151	38.5761589403973
A_NP	1130	151	G	0	0	151	37.9801324503311
A_NP	1131	151	C	0	0	151	38.1986754966887
A_NP	1132	151	A	0	0	151	38.3311258278146
A_NP	1133	150	C	1	0	150	39.5066666666667
A_NP	1134	150	T	1	0	150	38.5466666666667
A_NP	1135	150	C	1	0	150	37.7466666666667
A_NP	1136	151	T	0	0	151	37.9470198675497
A_NP	1137	151	T	0	0	151	37.682119205298
A_NP	1138	151	G	0	0	149	36.0134228187919
A_NP	1139	151	A	0	0	150	37.1266666666667
A_NP	1140	151	A	0	0	151	36.3112582781457
A_NP	1141	151	C	0	0	151	37.317880794702
A_NP	1142	150	T	1	0	149	38.6778523489933
A_NP	1143	150	G	1	0	148	38.3108108108108
A_NP	1144	149	A	2	0	149	37.8590604026846
A_NP	1145	150	G	1	0	146	38.2876712328767
A_NP	1146	150	A	1	0	150	39.1866666666667
A_NP	1147	151	A	0	0	151	39.6225165562914
A_NP	1148	151	G	0	0	151	39.6556291390729
A_NP	1149	151	C	0	0	149	39.6510067114094
A_NP	1150	151	G	0	0	151	38.317880794702
A_NP	1151	151	G	0	0	151	38.6291390728477
A_NP	1152	151	G	0	0	151	38.9403973509934
A_NP	1153	150	T	1	0	150	39.2666666666667
A_NP	1154	150	A	1	0	150	38.9666666666667
A_NP	1155	151	C	0	0	151	39.6158940397351
A_NP	1156	151	T	0	0	151	39.3841059602649
A_NP	1157	151	G	0	0	149	38.0469798657718
A_NP	1158	151	G	0	0	150	37.5133333333333
A_NP	1159	151	G	0	0	151	37.0397350993377
A_NP	1160	151	C	0	0	150	36.9
A_NP	1161	151	C	0	0	150	36.7733333333333
A_NP	1162	151	A	0	0	150	37.1866666666667
A_NP	1163	151	T	0	0	150	36.52
A_NP	1164	150	A	1	0	149	35.0738255033557
A_NP	1165	150	A	1	0	149	34.8255033557047
A_NP	1166	151	G	0	0	150	35.7466666666667
A_NP	1167	151	G	0	0	150	35.64
A_NP	1168	150	A	1	0	150	35.9
A_NP	1169	149	C	2	0	149	36.9597315436242
A_NP	1170	150	C	1	0	150	37.54
A_NP	1171	149	A	2	0	149	37.5234899328859
A_NP	1172	149	G	2	0	149	38.0939597315436
A_NP	1173	149	G	2	0	148	38.1351351351351
A_NP	1174	149	A	2	0	149	38.7651006711409
A_NP	1175	151	G	0	0	151	38.7682119205298
A_NP	1176	151	T	0	0	150	39.0333333333333
A_NP	1177	149	G	2	0	149	37.1073825503356
A_NP	1178	152	G	0	0	151	36.3377483443709
A_NP	1179	152	A	0	0	152	36.25
A_NP	1180	152	G	0	0	152	36.6052631578947
A_NP	1181	152	G	0	0	152	37.3421052631579
A_NP	1182	152	A	0	0	150	38.3666666666667
A_NP	1183	152	A	0	0	151	38.6158940397351
A_NP	1184	152	A	0	0	152	40.3815789473684
A_NP	1185	152	C	0	0	152	40.4210526315789
A_NP	1186	152	A	0	0	152	40.0460526315789
A_NP	1187	152	C	0	0	151	40.4635761589404
A_NP	1188	152	T	0	0	151	40.794701986755
A_NP	1189	152	A	0	0	152	39.0986842105263
A_NP	1190	152	A	0	0	152	39.625
A_NP	1191	152	T	0	0	152	40.2171052631579
A_NP	1192	152	C	0	0	151	39.6291390728477
A_NP	1193	152	A	0	0	152	38.9276315789474
A_NP	1194	152	G	0	0	152	39.2631578947368
A_NP	1195	152	C	0	0	152	37.6644736842105
A_NP	1196	151	A	1	0	151	37.1920529801325
A_NP	1197	151	G	1	0	151	39.3443708609271
A_NP	1198	152	A	0	0	152	37.9868421052632
A_NP	1199	152	G	0	0	152	38.3552631578947
A_NP	1200	153	G	0	0	153	38.9150326797386
A_NP	1201	153	G	0	0	153	38.6339869281046
A_NP	1202	153	C	0	0	153	38.9477124183007
A_NP	1203	153	C	0	0	153	39.9542483660131
A_NP	1204	153	T	0	0	152	39
A_NP	1205	153	C	0	0	153	38.3333333333333
A_NP	1206	153	C	0	0	153	38.0261437908497
A_NP	1207	153	G	0	0	153	36.0522875816993
A_NP	1208	153	C	0	0	152	35.9671052631579
A_NP	1209	153	A	0	0	152	35.9671052631579
A_NP	1210	153	G	0	0	152	35.1447368421053
A_NP	1211	153	G	0	0	153	36.0718954248366
A_NP	1212	153	C	0	0	153	38.3006535947712
A_NP	1213	153	C	0	0	152	39.8026315789474
A_NP	1214	151	A	2	0	151	40.0860927152318
A_NP	1215	153	A	0	0	153	40.6666666666667
A_NP	1216	153	A	0	0	153	41.8496732026144
A_NP	1217	153	C	0	0	153	40.3856209150327
A_NP	1218	153	C	0	0	152	40.9276315789474
A_NP	1219	153	A	0	0	153	40.7908496732026
A_NP	1220	153	G	0	0	153	39.5032679738562
A_NP	1221	153	T	0	0	153	40.2418300653595
A_NP	1222	153	G	0	0	153	40.0718954248366
A_NP	1223	153	T	0	0	153	39.2745098039216
A_NP	1224	153	G	0	0	152	39.1842105263158
A_NP	1225	153	C	0	0	153	40.0980392156863
A_NP	1226	153	A	0	0	153	39.0130718954248
A_NP	1227	153	A	0	0	153	39.3529411764706
A_NP	1228	153	C	0	0	153	39.6013071895425
A_NP	1229	153	C	0	0	152	38.9473684210526
A_NP	1230	153	A	0	0	153	39.2418300653595
A_NP	1231	153	A	0	0	152	40.4342105263158
A_NP	1232	153	C	0	0	153	39.7450980392157
A_NP	1233	153	G	0	0	153	39.4771241830065
A_NP	1234	152	T	1	0	152	41.1776315789474
A_NP	1235	153	T	0	0	153	40.483660130719
A_NP	1236	153	T	0	0	153	41.1960784313725
A_NP	1237	152	T	1	0	152	41.8881578947368
A_NP	1238	151	C	2	0	151	42.4635761589404
A_NP	1239	151	T	2	0	151	43.1655629139073
A_NP	1240	151	G	2	0	151	43.046357615894
A_NP	1241	153	T	0	0	152	43.3289473684211
A_NP	1242	152	A	1	0	151	42.1324503311258
A_NP	1243	152	C	1	0	150	41.9466666666667
A_NP	1244	138	A	15	0	138	39.7826086956522
A_NP	1245	151	A	2	0	151	40.1920529801325
A_NP	1246	151	A	2	0	150	39.9066666666667
A_NP	1247	151	G	2	0	148	39.972972972973
A_NP	1248	153	A	0	0	152	42.125
A_NP	1249	153	A	0	0	153	42.718954248366
A_NP	1250	153	A	0	0	153	42.7908496732026
A_NP	1251	153	C	0	0	153	41.1372549019608
A_NP	1252	153	C	0	0	153	41.7385620915033
A_NP	1253	153	T	0	0	153	40.9673202614379
A_NP	1254	150	C	3	0	150	39.82
A_NP	1255	153	C	0	0	153	39.4248366013072
A_NP	1256	153	C	0	0	153	37.797385620915
A_NP	1257	153	A	0	0	153	34.6732026143791
A_NP	1258	151	T	2	0	151	36.4039735099338
A_NP	1259	153	T	0	0	152	37.6907894736842
A_NP	1260	153	T	0	0	153	37.4248366013072
A_NP	1261	153	G	0	0	152	35.7039473684211
A_NP	1262	153	A	0	0	153	35.0261437908497
A_NP	1263	153	A	0	0	153	35.078431372549
A_NP	1264	153	A	0	0	153	36.7712418300654
A_NP	1265	153	A	0	0	152	39.4934210526316
A_NP	1266	153	G	0	0	153	39.6274509803922
A_NP	1267	153	T	0	0	153	39.6993464052288
A_NP	1268	152	C	1	0	151	39.5430463576159
A_NP	1269	153	A	0	0	153	40.0196078431373
A_NP	1270	153	A	0	0	153	39.7712418300654
A_NP	1271	153	C	0	0	153	39.7581699346405
A_NP	1272	153	C	0	0	153	39.8104575163399
A_NP	1273	153	A	0	0	153	39.9477124183007
A_NP	1274	153	T	0	0	153	40.2549019607843
A_NP	1275	153	C	0	0	153	39.078431372549
A_NP	1276	153	A	0	0	153	38.9150326797386
A_NP	1277	153	T	0	0	153	38.9084967320261
A_NP	1278	153	G	0	0	153	38.7254901960784
A_NP	1279	153	G	0	0	153	39.3071895424837
A_NP	1280	153	C	0	0	153	39.3137254901961
A_NP	1281	153	A	0	0	153	39.3986928104575
A_NP	1282	153	G	0	0	153	40.1045751633987
A_NP	1283	153	C	0	0	152	40.5
A_NP	1284	153	A	0	0	153	40.1633986928105
A_NP	1285	153	T	0	0	153	39.9803921568627
A_NP	1286	153	T	0	0	153	41.1176470588235
A_NP	1287	153	C	0	0	153	41.3790849673203
A_NP	1288	153	A	0	0	153	40.8039215686275
A_NP	1289	153	C	0	0	153	41.7581699346405
A_NP	1290	153	T	0	0	153	42.2287581699346
A_NP	1291	153	G	0	0	152	42.0394736842105
A_NP	1292	153	G	0	0	152	41.7894736842105
A_NP	1293	153	A	0	0	153	42.5228758169935
A_NP	1294	153	A	0	0	153	43.1699346405229
A_NP	1295	153	A	0	0	153	43.1764705882353
A_NP	1296	153	T	0	0	153	42.7124183006536
A_NP	1297	153	A	0	0	153	40.9084967320261
A_NP	1298	153	C	0	0	153	40.8235294117647
A_NP	1299	153	T	0	0	153	40.8039215686275
A_NP	1300	153	G	0	0	152	37.9078947368421
A_NP	1301	153	A	0	0	153	38.359477124183
A_NP	1302	153	A	0	0	153	39.5359477124183
A_NP	1303	153	G	0	0	153	39.7843137254902
A_NP	1304	153	G	0	0	152	40.1052631578947
A_NP	1305	153	A	0	0	153	41.4444444444444
A_NP	1306	153	A	0	0	152	40.8026315789474
A_NP	1307	153	G	0	0	152	40.0723684210526
A_NP	1308	153	A	0	0	153	40.4509803921569
A_NP	1309	153	A	0	0	153	38.9738562091503
A_NP	1310	153	C	0	0	151	36.6556291390729
A_NP	1311	153	T	0	0	153	35.7581699346405
A_NP	1312	153	T	0	0	153	36.3071895424837
A_NP	1313	153	C	0	0	153	36.5490196078431
A_NP	1314	153	A	0	0	152	36.4078947368421
A_NP	1315	153	G	0	0	152	37.3881578947368
A_NP	1316	153	A	0	0	153	37.7516339869281
A_NP	1317	153	C	0	0	152	38.4736842105263
A_NP	1318	152	A	1	0	152	38.8223684210526
A_NP	1319	153	T	1	0	153	39.3267973856209
A_NP	1320	152	G	2	0	150	38.2066666666667
A_NP	1321	153	A	1	0	152	39.5065789473684
A_NP	1322	154	G	0	0	154	39.8311688311688
A_NP	1323	154	G	0	0	154	40.1168831168831
A_NP	1324	154	G	0	0	154	40.0909090909091
A_NP	1325	154	C	0	0	154	40.5064935064935
A_NP	1326	154	A	0	0	154	40.4025974025974
A_NP	1327	154	G	0	0	154	40.0194805194805
A_NP	1328	154	A	0	0	154	40.3701298701299
A_NP	1329	154	A	0	0	154	40.461038961039
A_NP	1330	154	A	0	0	153	40.6797385620915
A_NP	1331	154	T	0	0	154	39.4675324675325
A_NP	1332	154	T	0	0	154	40.0649350649351
A_NP	1333	154	A	0	0	154	38.8506493506493
A_NP	1334	154	T	0	0	154	38.9350649350649
A_NP	1335	154	A	0	0	154	38.9480519480519
A_NP	1336	154	A	0	0	154	39.9025974025974
A_NP	1337	154	G	0	0	154	40.2012987012987
A_NP	1338	154	G	0	0	154	40.4285714285714
A_NP	1339	154	A	0	0	154	40.7597402597403
A_NP	1340	154	T	0	0	154	40.7662337662338
A_NP	1341	154	G	0	0	152	41.25
A_NP	1342	154	A	0	0	154	39.7272727272727
A_NP	1343	154	T	0	0	154	38.7662337662338
A_NP	1344	154	G	0	0	154	38.7142857142857
A_NP	1345	154	G	0	0	154	38.4805194805195
A_NP	1346	154	A	0	0	154	39.4480519480519
A_NP	1347	153	A	1	0	153	39.797385620915
A_NP	1348	151	G	3	0	151	39.8278145695364
A_NP	1349	153	G	1	0	153	38.6601307189542
A_NP	1350	153	T	1	0	153	38.0392156862745
A_NP	1351	154	G	1	0	154	36.8701298701299
A_NP	1352	155	C	0	0	153	37
A_NP	1353	155	A	0	0	155	37.0387096774194
A_NP	1354	161	A	0	0	160	36.88125
A_NP	1355	161	A	0	0	160	37.8
A_NP	1356	161	A	0	0	161	37.3788819875776
A_NP	1357	161	C	0	0	154	37.8051948051948
A_NP	1358	166	C	0	0	166	36.9397590361446
A_NP	1359	166	A	0	0	166	36.5361445783133
A_NP	1360	166	G	0	0	166	37.7469879518072
A_NP	1361	166	A	0	0	155	38.7677419354839
A_NP	1362	166	A	0	0	166	37.6265060240964
A_NP	1363	166	G	0	0	165	38.1454545454545
A_NP	1364	167	A	0	0	167	38.6526946107784
A_NP	1365	167	A	0	0	167	37.9221556886228
A_NP	1366	167	G	0	0	167	37.7544910179641
A_NP	1367	167	T	0	0	167	37.3293413173653
A_NP	1368	167	G	0	0	167	37.377245508982
A_NP	1369	166	T	1	0	165	38.3090909090909
A_NP	1370	166	C	1	0	165	38.1575757575758
A_NP	1371	167	A	0	0	167	38.7185628742515
A_NP	1372	167	T	0	0	166	38.566265060241
A_NP	1373	167	T	0	0	167	38.4491017964072
A_NP	1374	166	C	1	0	166	38.2228915662651
A_NP	1375	167	C	0	0	167	37.7425149700599
A_NP	1376	92	G	74	0	92	34.1630434782609
A_NP	1377	143	G	23	0	143	35
A_NP	1378	162	G	4	0	162	35.5308641975309
A_NP	1379	164	G	2	0	164	37.0243902439024
A_NP	1380	162	G	4	0	158	39.7594936708861
A_NP	1381	161	A	5	0	158	38.8037974683544
A_NP	1382	160	G	6	0	154	36.8961038961039
A_NP	1383	165	G	1	0	165	34.830303030303
A_NP	1384	165	G	1	0	163	35.361963190184
A_NP	1385	165	G	1	0	159	33.9119496855346
A_NP	1386	162	A	4	0	159	33.5283018867925
A_NP	1387	163	G	3	0	157	33.2611464968153
A_NP	1388	161	T	5	0	155	33.0129032258065
A_NP	1389	166	T	0	0	160	32.4125
A_NP	1390	165	T	1	0	164	32.2865853658537
A_NP	1391	159	T	7	0	158	31.9746835443038
A_NP	1392	150	C	16	0	142	29.8098591549296
A_NP	1393	156	G	10	0	151	29.523178807947
A_NP	1394	165	A	1	0	165	28.0242424242424
A_NP	1395	166	G	0	0	165	26.6787878787879
A_NP	1396	165	C	1	0	165	25.6242424242424
A_NP	1397	166	T	0	0	165	26.8787878787879
A_NP	1398	166	C	0	0	164	30.3414634146341
A_NP	1399	165	T	1	0	164	31.9390243902439
A_NP	1400	164	C	2	0	163	32.6993865030675
A_NP	1401	164	T	2	0	164	32.8231707317073
A_NP	1402	164	G	2	0	163	32.3803680981595
A_NP	1403	164	A	2	0	164	32.5365853658537
A_NP	1404	165	C	1	0	165	31.8060606060606
A_NP	1405	163	G	3	0	161	30.9689440993789
A_NP	1406	163	A	3	0	163	31.5644171779141
A_NP	1407	166	G	0	0	166	31.6024096385542
A_NP	1408	166	A	0	0	165	31.0606060606061
A_NP	1409	165	A	1	0	165	32.5818181818182
A_NP	1410	165	G	1	0	165	32.969696969697
A_NP	1411	166	G	0	0	166	33.1686746987952
A_NP	1412	165	C	1	0	162	33.9197530864198
A_NP	1413	165	A	1	0	164	34.9329268292683
A_NP	1414	165	G	1	0	163	35.8650306748466
A_NP	1415	165	C	1	0	165	35.6181818181818
A_NP	1416	164	G	2	0	162	34.7037037037037
A_NP	1417	163	A	3	0	161	34.8695652173913
A_NP	1418	165	A	1	0	164	34.9512195121951
A_NP	1419	166	C	0	0	164	34.3780487804878
A_NP	1420	166	C	0	0	163	34.6196319018405
A_NP	1421	166	C	0	0	162	35.9197530864198
A_NP	1422	163	G	3	0	159	35.3647798742138
A_NP	1423	166	A	0	0	165	35.4787878787879
A_NP	1424	166	T	0	0	166	36.1746987951807
A_NP	1425	166	C	0	0	160	35.56875
A_NP	1426	166	G	0	0	166	36.2951807228916
A_NP	1427	166	T	0	0	165	37.0424242424242
A_NP	1428	164	G	2	0	164	37.7134146341463
A_NP	1429	164	C	2	0	164	37.7073170731707
A_NP	1430	164	C	2	0	164	39.0670731707317
A_NP	1431	163	C	3	0	163	38.7055214723926
A_NP	1432	163	T	3	0	163	38.1779141104294
A_NP	1433	165	C	1	0	165	36.5878787878788
A_NP	1434	160	T	6	0	160	36.03125
A_NP	1435	166	T	0	0	166	33.8313253012048
A_NP	1436	166	T	0	0	166	34.6024096385542
A_NP	1437	166	T	0	0	166	35.1927710843374
A_NP	1438	166	G	0	0	164	33.3719512195122
A_NP	1439	165	A	1	0	165	35.4060606060606
A_NP	1440	165	T	1	0	164	37.0853658536585
A_NP	1441	166	A	0	0	165	36.0787878787879
A_NP	1442	166	T	0	0	166	37.3674698795181
A_NP	1443	166	G	0	0	165	36.3818181818182
A_NP	1444	166	A	0	0	166	35.6867469879518
A_NP	1445	166	G	0	0	166	36.3614457831325
A_NP	1446	164	T	2	0	164	36.2682926829268
A_NP	1447	166	A	0	0	166	36.9096385542169
A_NP	1448	166	A	0	0	166	39.1506024096386
A_NP	1449	166	C	0	0	165	39.3151515151515
A_NP	1450	166	G	0	0	164	38.9573170731707
A_NP	1451	164	A	2	0	164	38.640243902439
A_NP	1452	166	A	0	0	165	38.8787878787879
A_NP	1453	165	G	1	0	165	37.9393939393939
A_NP	1454	166	G	0	0	165	38.6787878787879
A_NP	1455	166	A	0	0	166	39.3132530120482
A_NP	1456	166	T	0	0	163	39.2453987730061
A_NP	1457	166	C	0	0	163	38.4355828220859
A_NP	1458	166	T	0	0	163	40.4049079754601
A_NP	1459	166	T	0	0	162	40.6604938271605
A_NP	1460	166	A	0	0	166	39.5
A_NP	1461	165	T	1	0	165	39.1454545454545
A_NP	1462	166	T	0	0	165	39
A_NP	1463	166	T	0	0	166	38.3433734939759
A_NP	1464	166	C	0	0	166	37.7048192771084
A_NP	1465	166	T	0	0	165	39.0848484848485
A_NP	1466	165	T	1	0	165	39.4484848484848
A_NP	1467	164	C	2	0	163	38.9570552147239
A_NP	1468	165	G	1	0	165	38.4
A_NP	1469	166	G	0	0	166	38.1746987951807
A_NP	1470	166	A	0	0	166	37.7831325301205
A_NP	1471	166	G	0	0	166	37.6385542168675
A_NP	1472	166	A	0	0	166	39.0361445783133
A_NP	1473	165	C	1	0	164	39.5426829268293
A_NP	1474	165	A	0	0	164	37.5182926829268
A_NP	1475	165	A	0	0	165	37.7212121212121
A_NP	1476	165	T	0	0	165	37.8484848484849
A_NP	1477	165	G	0	0	165	37.3575757575758
A_NP	1478	165	C	0	0	165	37.7878787878788
A_NP	1479	165	A	0	0	165	37.8727272727273
A_NP	1480	165	G	0	0	165	37.4545454545455
A_NP	1481	165	A	0	0	165	36.9272727272727
A_NP	1482	165	A	0	0	165	38.1818181818182
A_NP	1483	165	G	0	0	165	37.2
A_NP	1484	165	A	0	0	165	36.7818181818182
A_NP	1485	165	A	0	0	165	37.4606060606061
A_NP	1486	165	T	0	0	165	36.4787878787879
A_NP	1487	165	A	0	0	165	35.8545454545455
A_NP	1488	165	C	0	0	165	37.2545454545455
A_NP	1489	165	G	0	0	165	37.4848484848485
A_NP	1490	165	A	0	0	165	38.5393939393939
A_NP	1491	165	C	0	0	165	38.2969696969697
A_NP	1492	165	A	0	0	164	36.8231707317073
A_NP	1493	165	A	0	0	165	35.6
A_NP	1494	165	T	0	0	165	36.0363636363636
A_NP	1495	165	T	0	0	165	35.5212121212121
A_NP	1496	165	A	0	0	165	35.0181818181818
A_NP	1497	164	A	0	0	164	35.8963414634146
