Reference_Name	Position	Coverage Depth	Consensus	Deletions	Ambiguous	Consensus_Count	Consensus_Average_Quality
A_NS	1	240	A	0	0	240	40.8708333333333
A_NS	2	240	T	0	0	240	40.15
A_NS	3	240	G	0	0	240	38.7833333333333
A_NS	4	240	G	0	0	240	39.0208333333333
A_NS	5	240	A	0	0	240	38.9125
A_NS	6	241	T	0	0	241	39.3278008298755
A_NS	7	242	T	0	0	242	39.6859504132231
A_NS	8	243	C	0	0	243	41.0329218106996
A_NS	9	243	C	0	0	243	40.40329218107
A_NS	10	243	A	0	0	243	39.4485596707819
A_NS	11	243	A	0	0	242	39.3388429752066
A_NS	12	243	C	0	0	243	39.7037037037037
A_NS	13	243	A	0	0	242	39.5206611570248
A_NS	14	243	C	0	0	243	39.559670781893
A_NS	15	243	T	0	0	243	40.2222222222222
A_NS	16	243	G	0	0	243	40.3251028806584
A_NS	17	243	T	0	0	243	40.6543209876543
A_NS	18	243	G	0	0	243	40.8559670781893
A_NS	19	243	T	0	0	243	41.6913580246914
A_NS	20	243	C	0	0	242	40.5123966942149
A_NS	21	243	A	0	0	241	40.2863070539419
A_NS	22	243	A	0	0	243	40.0534979423868
A_NS	23	243	G	0	0	243	39.4362139917695
A_NS	24	241	T	2	0	239	39.7740585774059
A_NS	25	242	T	1	0	242	39.0537190082645
A_NS	26	243	T	0	0	242	40.9256198347107
A_NS	27	243	T	0	0	242	40.9173553719008
A_NS	28	242	C	1	0	241	38.6307053941909
A_NS	29	243	A	0	0	241	38.6597510373444
A_NS	30	243	G	0	0	243	38.4897119341564
A_NS	31	242	G	1	0	242	38.400826446281
A_NS	32	242	T	1	0	239	38.9246861924686
A_NS	33	242	A	1	0	240	40.3875
A_NS	34	242	G	1	0	242	40.6157024793388
A_NS	35	242	A	1	0	242	40.2438016528926
A_NS	36	242	T	1	0	242	41.1735537190083
A_NS	37	243	T	0	0	243	41.1893004115226
A_NS	38	243	G	0	0	243	41.7695473251029
A_NS	39	242	C	1	0	242	41.4462809917355
A_NS	40	242	T	1	0	242	42.4380165289256
A_NS	41	242	T	1	0	242	41.9669421487603
A_NS	42	243	T	0	0	243	41.2839506172839
A_NS	43	243	C	0	0	242	38.5082644628099
A_NS	44	241	T	2	0	241	39.045643153527
A_NS	45	242	T	1	0	242	39.896694214876
A_NS	46	242	T	1	0	242	39.5495867768595
A_NS	47	242	G	1	0	242	36.1942148760331
A_NS	48	242	G	1	0	242	38.5537190082645
A_NS	49	243	C	0	0	243	40.2674897119342
A_NS	50	243	A	0	0	241	39.3651452282158
A_NS	51	243	T	0	0	242	39.3884297520661
A_NS	52	243	A	0	0	243	36.6296296296296
A_NS	53	243	T	0	0	243	37.3744855967078
A_NS	54	243	C	0	0	243	37.358024691358
A_NS	55	243	C	0	0	242	38.1611570247934
A_NS	56	241	G	2	0	241	38.3734439834025
A_NS	57	241	G	2	0	238	39.563025210084
A_NS	58	242	A	1	0	241	38.9087136929461
A_NS	59	243	A	0	0	243	39.9094650205761
A_NS	60	243	A	0	0	243	41.3950617283951
A_NS	61	243	C	0	0	243	41.6584362139918
A_NS	62	243	A	0	0	242	39.8429752066116
A_NS	63	243	A	0	0	243	38.9341563786008
A_NS	64	243	G	0	0	243	38.1728395061728
A_NS	65	243	T	0	0	243	38.3744855967078
A_NS	66	243	T	0	0	243	38.679012345679
A_NS	67	243	G	0	0	243	38.3251028806584
A_NS	68	242	T	1	0	242	38.3842975206612
A_NS	69	243	A	0	0	242	38.5537190082645
A_NS	70	243	G	0	0	242	38.7520661157025
A_NS	71	242	A	1	0	242	38
A_NS	72	243	C	0	0	243	38.3827160493827
A_NS	73	243	C	0	0	241	37.2655601659751
A_NS	74	247	A	0	0	246	36.5081300813008
A_NS	75	248	A	0	0	248	37.5967741935484
A_NS	76	248	A	0	0	248	39.4112903225806
A_NS	77	248	A	0	0	246	40.3130081300813
A_NS	78	248	C	0	0	247	39.5587044534413
A_NS	79	248	C	0	0	248	39.8548387096774
A_NS	80	294	T	1	0	293	39.3412969283276
A_NS	81	294	G	1	0	293	37.5938566552901
A_NS	82	295	A	0	0	295	37.335593220339
A_NS	83	295	G	0	0	295	37.4915254237288
A_NS	84	295	T	0	0	294	38.0986394557823
A_NS	85	295	G	0	0	294	38.8877551020408
A_NS	86	295	A	0	0	294	40.2857142857143
A_NS	87	295	T	0	0	295	40.6745762711864
A_NS	88	295	G	0	0	295	39.2305084745763
A_NS	89	293	C	2	0	292	37.4520547945205
A_NS	90	294	T	1	0	293	34.8088737201365
A_NS	91	295	C	0	0	294	32.7925170068027
A_NS	92	295	C	0	0	293	32.1296928327645
A_NS	93	295	A	0	0	294	30.1394557823129
A_NS	94	295	T	0	0	295	32.1084745762712
A_NS	95	295	T	0	0	295	33.4915254237288
A_NS	96	295	C	0	0	292	33.6267123287671
A_NS	97	295	A	0	0	295	34.2847457627119
A_NS	98	295	T	0	0	295	35.6305084745763
A_NS	99	295	C	0	0	291	35.0309278350515
A_NS	100	295	G	0	0	289	35.0726643598616
A_NS	101	295	A	0	0	295	35.1728813559322
A_NS	102	294	T	1	0	294	36.1496598639456
A_NS	103	294	C	1	0	291	36.979381443299
A_NS	104	295	G	0	0	292	37.5
A_NS	105	295	G	0	0	295	37.6474576271186
A_NS	106	295	C	0	0	295	37.1728813559322
A_NS	107	295	T	0	0	295	37.471186440678
A_NS	108	295	T	0	0	295	38.4745762711864
A_NS	109	294	C	1	0	294	38.3061224489796
A_NS	110	295	G	0	0	293	37.9965870307167
A_NS	111	295	C	0	0	295	37.8474576271186
A_NS	112	295	C	0	0	293	37.0204778156997
A_NS	113	295	G	0	0	292	35.7431506849315
A_NS	114	294	A	1	0	294	35.6326530612245
A_NS	115	293	G	2	0	292	35.5650684931507
A_NS	116	293	A	2	0	293	35.6382252559727
A_NS	117	294	T	1	0	292	36.8356164383562
A_NS	118	292	C	3	0	286	35.020979020979
A_NS	119	291	A	4	0	288	33.7361111111111
A_NS	120	290	G	5	0	288	32.9791666666667
A_NS	121	293	A	2	0	293	32.5699658703072
A_NS	122	292	G	3	0	290	31.548275862069
A_NS	123	293	G	2	0	292	31.8424657534247
A_NS	124	293	T	2	0	289	32.5916955017301
A_NS	125	292	C	3	0	287	30.602787456446
A_NS	126	295	C	0	0	294	30.8469387755102
A_NS	127	295	C	0	0	295	32.5220338983051
A_NS	128	295	T	0	0	294	31.5918367346939
A_NS	129	295	A	0	0	288	31.5277777777778
A_NS	130	287	A	8	0	285	33.2561403508772
A_NS	131	275	G	20	0	268	32.4365671641791
A_NS	132	295	G	0	0	295	33.7423728813559
A_NS	133	292	G	3	0	292	37.6095890410959
A_NS	134	290	G	5	0	283	37.0247349823322
A_NS	135	289	A	6	0	287	38.2473867595819
A_NS	136	291	A	4	0	290	39.7103448275862
A_NS	137	294	G	1	0	292	38.5342465753425
A_NS	138	295	A	0	0	295	37.9728813559322
A_NS	139	294	G	1	0	292	38.4520547945205
A_NS	140	294	G	1	0	294	38.1224489795918
A_NS	141	288	C	7	0	287	38.794425087108
A_NS	142	291	A	4	0	290	36.048275862069
A_NS	143	294	A	1	0	292	36.3835616438356
A_NS	144	294	T	1	0	293	36.7269624573379
A_NS	145	293	A	2	0	290	35.7137931034483
A_NS	146	294	C	1	0	290	36.448275862069
A_NS	147	295	T	0	0	293	36.320819112628
A_NS	148	295	C	0	0	295	35.4372881355932
A_NS	149	294	T	1	0	294	35.8163265306122
A_NS	150	294	C	1	0	290	35.4103448275862
A_NS	151	295	G	0	0	295	35.7118644067797
A_NS	152	295	G	0	0	295	36.3322033898305
A_NS	153	295	T	0	0	295	38.9152542372881
A_NS	154	294	C	1	0	292	39.3219178082192
A_NS	155	295	T	0	0	292	41.2465753424658
A_NS	156	295	A	0	0	294	40.7823129251701
A_NS	157	295	G	0	0	295	40.1491525423729
A_NS	158	294	A	1	0	292	40.3630136986301
A_NS	159	295	C	0	0	294	40.1836734693878
A_NS	160	295	A	0	0	294	39.7040816326531
A_NS	161	295	T	0	0	295	39.7525423728814
A_NS	162	295	C	0	0	295	39.3016949152542
A_NS	163	295	A	0	0	294	39.2551020408163
A_NS	164	295	A	0	0	295	39.7593220338983
A_NS	165	295	A	0	0	295	39.728813559322
A_NS	166	295	T	0	0	295	40.4440677966102
A_NS	167	295	C	0	0	292	40.3801369863014
A_NS	168	295	A	0	0	295	38.9762711864407
A_NS	169	295	G	0	0	295	38.1322033898305
A_NS	170	295	C	0	0	295	38.3830508474576
A_NS	171	295	C	0	0	295	37.5593220338983
A_NS	172	295	A	0	0	295	37.3728813559322
A_NS	173	295	C	0	0	295	38.4372881355932
A_NS	174	295	C	0	0	295	39.5118644067797
A_NS	175	295	C	0	0	295	39.3559322033898
A_NS	176	295	A	0	0	293	39.6382252559727
A_NS	177	295	T	0	0	294	40.1326530612245
A_NS	178	295	G	0	0	294	40.030612244898
A_NS	179	295	C	0	0	293	41.2696245733788
A_NS	180	295	T	0	0	295	41.1322033898305
A_NS	181	295	G	0	0	295	41.0847457627119
A_NS	182	295	G	0	0	295	41.0983050847458
A_NS	183	295	A	0	0	294	40.7210884353741
A_NS	184	295	A	0	0	295	41.0203389830508
A_NS	185	295	A	0	0	294	41.6292517006803
A_NS	186	295	G	0	0	294	41.4081632653061
A_NS	187	295	C	0	0	295	41.3796610169492
A_NS	188	295	A	0	0	295	39.6983050847458
A_NS	189	295	A	0	0	295	40.464406779661
A_NS	190	295	A	0	0	295	40.7966101694915
A_NS	191	295	T	0	0	295	40.9016949152542
A_NS	192	295	C	0	0	283	37.3074204946996
A_NS	193	295	G	0	0	295	36.128813559322
A_NS	194	294	T	1	0	293	36.6757679180887
A_NS	195	281	A	14	0	281	37.4056939501779
A_NS	196	292	G	3	0	281	37.5160142348754
A_NS	197	295	A	0	0	294	36.6836734693878
A_NS	198	295	A	0	0	295	36.1661016949153
A_NS	199	295	A	0	0	294	36.8503401360544
A_NS	200	295	A	0	0	295	38.1186440677966
A_NS	201	295	G	0	0	295	38.9220338983051
A_NS	202	295	A	0	0	294	38.8979591836735
A_NS	203	295	T	0	0	295	39.0983050847458
A_NS	204	295	T	0	0	295	37.8915254237288
A_NS	205	295	C	0	0	295	36.1016949152542
A_NS	206	295	T	0	0	295	37.5084745762712
A_NS	207	291	G	4	0	291	37.0996563573883
A_NS	208	291	A	4	0	291	37.6872852233677
A_NS	209	294	A	1	0	294	38.3027210884354
A_NS	210	295	A	0	0	289	39.1833910034602
A_NS	211	295	G	0	0	293	37.9453924914676
A_NS	212	295	G	0	0	288	38.9618055555556
A_NS	213	295	A	0	0	295	39.3254237288136
A_NS	214	295	G	0	0	293	38.2252559726962
A_NS	215	295	A	0	0	294	39.234693877551
A_NS	216	295	A	0	0	294	38.9727891156463
A_NS	217	295	T	0	0	287	39.5470383275261
A_NS	218	295	A	0	0	294	38.5204081632653
A_NS	219	295	T	0	0	291	39.4914089347079
A_NS	220	295	G	0	0	293	38.6040955631399
A_NS	221	295	A	0	0	293	39.9146757679181
A_NS	222	295	T	0	0	292	40.0719178082192
A_NS	223	293	G	2	0	291	40.0481099656357
A_NS	224	293	A	2	0	291	39.5704467353952
A_NS	225	294	G	1	0	293	39.4300341296928
A_NS	226	294	G	1	0	294	39.4149659863946
A_NS	227	293	C	2	0	291	40.745704467354
A_NS	228	294	A	1	0	294	40.6972789115646
A_NS	229	294	C	1	0	292	41.7808219178082
A_NS	230	295	T	0	0	291	42.4776632302406
A_NS	231	295	T	0	0	292	41.8835616438356
A_NS	232	295	A	0	0	295	40.0033898305085
A_NS	233	295	A	0	0	294	41.1326530612245
A_NS	234	295	A	0	0	295	41.6237288135593
A_NS	235	295	A	0	0	293	41.9112627986348
A_NS	236	295	T	0	0	292	41.8630136986301
A_NS	237	295	G	0	0	291	42.6357388316151
A_NS	238	295	A	0	0	295	41.5966101694915
A_NS	239	295	C	0	0	295	41.6745762711864
A_NS	240	295	C	0	0	292	41.1267123287671
A_NS	241	295	A	0	0	295	40.7525423728814
A_NS	242	295	T	0	0	295	39.9830508474576
A_NS	243	295	G	0	0	294	39.0612244897959
A_NS	244	295	G	0	0	295	39.3084745762712
A_NS	245	295	C	0	0	295	39.8135593220339
A_NS	246	295	C	0	0	295	39.6813559322034
A_NS	247	295	T	0	0	294	40.5272108843537
A_NS	248	295	C	0	0	294	40.2721088435374
A_NS	249	295	G	0	0	293	38.9590443686007
A_NS	250	295	A	0	0	294	38.9149659863946
A_NS	251	295	C	0	0	295	39.2474576271186
A_NS	252	295	A	0	0	295	39.064406779661
A_NS	253	295	C	0	0	295	39.5220338983051
A_NS	254	295	C	0	0	295	40.1220338983051
A_NS	255	295	T	0	0	295	39.4508474576271
A_NS	256	295	G	0	0	295	38.928813559322
A_NS	257	295	C	0	0	295	38.3694915254237
A_NS	258	295	T	0	0	295	37.9389830508475
A_NS	259	295	T	0	0	295	37.0745762711864
A_NS	260	295	C	0	0	295	35.2983050847458
A_NS	261	295	G	0	0	295	35.2305084745763
A_NS	262	295	C	0	0	295	38.1796610169492
A_NS	263	295	G	0	0	294	38.891156462585
A_NS	264	295	A	0	0	295	38.8949152542373
A_NS	265	294	T	1	0	291	40.0068728522337
A_NS	266	295	A	0	0	295	39.7728813559322
A_NS	267	295	C	0	0	295	40.5152542372881
A_NS	268	295	A	0	0	295	41.4203389830508
A_NS	269	295	T	0	0	294	41.2414965986395
A_NS	270	295	A	0	0	295	40.4915254237288
A_NS	271	293	A	2	0	293	41.0546075085324
A_NS	272	293	C	2	0	293	40.6484641638225
A_NS	273	295	T	0	0	292	40.9657534246575
A_NS	274	295	G	0	0	295	40.606779661017
A_NS	275	295	A	0	0	294	41.187074829932
A_NS	276	295	C	0	0	293	40.6825938566553
A_NS	277	295	A	0	0	295	40.2271186440678
A_NS	278	295	T	0	0	295	40.8203389830508
A_NS	279	295	G	0	0	295	39.5966101694915
A_NS	280	295	A	0	0	295	40.0135593220339
A_NS	281	295	C	0	0	294	40.0340136054422
A_NS	282	295	T	0	0	295	39.8338983050847
A_NS	283	295	A	0	0	294	39.0272108843537
A_NS	284	295	T	0	0	295	39.6203389830508
A_NS	285	295	T	0	0	292	39.7191780821918
A_NS	286	291	G	4	0	290	37.7310344827586
A_NS	287	291	A	4	0	290	37.4068965517241
A_NS	288	295	G	0	0	294	37.4251700680272
A_NS	289	292	G	3	0	292	36.7328767123288
A_NS	290	292	A	3	0	292	36.7602739726027
A_NS	291	288	A	7	0	288	35.2951388888889
A_NS	292	288	T	7	0	288	34.8263888888889
A_NS	293	288	T	7	0	286	33.5629370629371
A_NS	294	292	G	3	0	289	34.0657439446367
A_NS	295	293	T	2	0	292	34.8869863013699
A_NS	296	291	C	4	0	290	33.4137931034483
A_NS	297	291	A	4	0	290	33.8620689655172
A_NS	298	292	A	3	0	291	35.1512027491409
A_NS	299	292	G	3	0	288	36.1145833333333
A_NS	300	292	A	3	0	290	36.6310344827586
A_NS	301	295	A	0	0	295	38.0338983050847
A_NS	302	294	A	1	0	294	38.3231292517007
A_NS	303	293	C	2	0	292	36.6232876712329
A_NS	304	294	T	1	0	294	38.2891156462585
A_NS	305	292	G	3	0	290	38.5448275862069
A_NS	306	294	G	1	0	293	37.8156996587031
A_NS	307	294	T	1	0	290	37.848275862069
A_NS	308	294	T	1	0	293	37.6723549488055
A_NS	309	294	C	1	0	288	37.0868055555556
A_NS	310	294	A	1	0	292	36.9006849315069
A_NS	311	294	T	1	0	291	36.9862542955326
A_NS	312	294	G	1	0	293	37.3242320819113
A_NS	313	295	C	0	0	293	38.419795221843
A_NS	314	294	T	1	0	291	40.3951890034364
A_NS	315	295	A	0	0	290	38.9413793103448
A_NS	316	295	A	0	0	295	38.8915254237288
A_NS	317	295	T	0	0	292	39.013698630137
A_NS	318	295	G	0	0	295	38.4745762711864
A_NS	319	292	C	3	0	292	39.2876712328767
A_NS	320	294	C	1	0	294	40.6700680272109
A_NS	321	294	C	1	0	294	40.4557823129252
A_NS	322	291	A	4	0	290	39.5793103448276
A_NS	323	295	A	0	0	294	39.2176870748299
A_NS	324	295	G	0	0	294	38.4489795918367
A_NS	325	294	C	1	0	294	38.1224489795918
A_NS	326	295	A	0	0	295	37.9152542372881
A_NS	327	295	G	0	0	294	40.2448979591837
A_NS	328	295	A	0	0	293	39.5904436860068
A_NS	329	295	A	0	0	295	40.1694915254237
A_NS	330	295	A	0	0	295	40.3796610169492
A_NS	331	295	G	0	0	294	40.4761904761905
A_NS	332	295	T	0	0	295	40.4542372881356
A_NS	333	295	G	0	0	295	40.2169491525424
A_NS	334	295	G	0	0	295	40.2610169491525
A_NS	335	293	A	2	0	293	40.0853242320819
A_NS	336	295	A	0	0	294	40.9081632653061
A_NS	337	295	G	0	0	294	41.9081632653061
A_NS	338	294	G	1	0	289	42.0553633217993
A_NS	339	294	A	1	0	294	41.8877551020408
A_NS	340	293	C	2	0	292	41.2739726027397
A_NS	341	294	C	1	0	294	40.2176870748299
A_NS	342	294	T	1	0	294	40.4795918367347
A_NS	343	293	C	2	0	291	38.0068728522337
A_NS	344	292	T	3	0	291	37.5017182130584
A_NS	345	295	T	0	0	294	37.9353741496599
A_NS	346	294	T	1	0	293	38.259385665529
A_NS	347	294	G	1	0	292	35.9657534246575
A_NS	348	295	C	0	0	293	39.6075085324232
A_NS	349	295	A	0	0	294	40.0680272108844
A_NS	350	295	T	0	0	295	41.0813559322034
A_NS	351	295	C	0	0	294	39.2142857142857
A_NS	352	294	A	1	0	294	40.4591836734694
A_NS	353	294	G	1	0	293	39.7098976109215
A_NS	354	292	A	3	0	292	39.8493150684931
A_NS	355	294	A	1	0	293	39.419795221843
A_NS	356	294	T	1	0	293	38.221843003413
A_NS	357	294	G	0	0	291	37.573883161512
A_NS	358	294	G	0	0	292	38.041095890411
A_NS	359	294	A	0	0	293	38.4982935153584
A_NS	360	294	C	0	0	291	39.6941580756014
A_NS	361	295	C	0	0	292	39.3013698630137
A_NS	362	295	A	0	0	295	39.9796610169492
A_NS	363	295	G	0	0	295	40.4542372881356
A_NS	364	295	G	0	0	295	40.6779661016949
A_NS	365	294	C	1	0	293	41.061433447099
A_NS	366	295	A	0	0	295	39.2779661016949
A_NS	367	295	A	0	0	295	38.9491525423729
A_NS	368	295	T	0	0	295	39.1966101694915
A_NS	369	295	C	0	0	295	36.8067796610169
A_NS	370	295	A	0	0	293	36.4641638225256
A_NS	371	295	T	0	0	294	37.7925170068027
A_NS	372	291	A	4	0	287	36.6480836236934
A_NS	373	288	G	7	0	285	36.5333333333333
A_NS	374	292	A	3	0	292	36.2739726027397
A_NS	375	292	G	3	0	290	36.6068965517241
A_NS	376	284	A	11	0	283	37.321554770318
A_NS	377	293	A	2	0	293	36.8634812286689
A_NS	378	293	A	2	0	293	39.617747440273
A_NS	379	294	A	1	0	293	40.1160409556314
A_NS	380	295	A	0	0	294	40.0238095238095
A_NS	381	295	C	0	0	292	40.7979452054795
A_NS	382	295	A	0	0	295	40.3694915254237
A_NS	383	295	T	0	0	295	40.6169491525424
A_NS	384	295	C	0	0	295	39.9627118644068
A_NS	385	295	A	0	0	295	40.4677966101695
A_NS	386	294	T	1	0	294	40.6802721088435
A_NS	387	295	G	0	0	295	39.8847457627119
A_NS	388	295	T	0	0	294	41.1190476190476
A_NS	389	295	T	0	0	294	40.0680272108844
A_NS	390	293	A	2	0	293	39.1262798634812
A_NS	391	294	A	1	0	293	38.542662116041
A_NS	392	295	A	0	0	295	40.1796610169492
A_NS	393	295	A	0	0	295	40.5694915254237
A_NS	394	295	G	0	0	294	40.9387755102041
A_NS	395	294	C	1	0	292	41.3287671232877
A_NS	396	294	G	1	0	293	39.9965870307167
A_NS	397	294	A	1	0	294	40.5374149659864
A_NS	398	294	A	1	0	294	40.3979591836735
A_NS	399	293	T	2	0	293	40.0887372013652
A_NS	400	295	T	1	0	295	41.0440677966102
A_NS	401	295	T	1	0	295	42.0305084745763
A_NS	402	296	C	0	0	296	40.3513513513514
A_NS	403	295	A	1	0	295	39.9864406779661
A_NS	404	296	A	0	0	296	40.0472972972973
A_NS	405	295	T	1	0	295	40.7694915254237
A_NS	406	296	G	0	0	296	41.1891891891892
A_NS	407	295	T	1	0	294	42.7482993197279
A_NS	408	295	G	1	0	295	42.4271186440678
A_NS	409	295	A	1	0	294	42.2789115646259
A_NS	410	295	T	1	0	295	41.9966101694915
A_NS	411	295	T	1	0	295	40.7050847457627
A_NS	412	295	T	1	0	294	40.8401360544218
A_NS	413	296	T	0	0	295	41.8271186440678
A_NS	414	296	T	0	0	296	41.0844594594595
A_NS	415	296	G	0	0	295	37.9186440677966
A_NS	416	296	G	0	0	295	37.735593220339
A_NS	417	296	C	0	0	295	37.606779661017
A_NS	418	296	C	0	0	295	38.2474576271186
A_NS	419	296	G	0	0	290	37.5206896551724
A_NS	420	296	A	0	0	294	37.7721088435374
A_NS	421	296	C	0	0	290	39.1275862068966
A_NS	422	296	T	0	0	291	38.3676975945017
A_NS	423	296	A	0	0	292	36.8630136986301
A_NS	424	295	G	1	0	293	37.0068259385665
A_NS	425	296	A	0	0	293	36.7883959044369
A_NS	426	296	G	0	0	296	36.8547297297297
A_NS	427	295	A	1	0	293	37.2525597269625
A_NS	428	295	C	1	0	295	38.0237288135593
A_NS	429	295	C	1	0	293	37.9556313993174
A_NS	430	295	A	1	0	295	37.7389830508475
A_NS	431	295	T	1	0	294	37.9183673469388
A_NS	432	296	A	0	0	294	37.1054421768707
A_NS	433	296	G	0	0	295	37.4237288135593
A_NS	434	295	T	1	0	293	37.3378839590444
A_NS	435	295	A	1	0	293	36.1808873720137
A_NS	436	295	T	1	0	295	35.5118644067797
A_NS	437	295	T	1	0	294	36.3333333333333
A_NS	438	295	G	1	0	294	36.4523809523809
A_NS	439	293	C	3	0	291	37.6666666666667
A_NS	440	294	T	2	0	292	39.3869863013699
A_NS	441	294	A	2	0	289	39.9273356401384
A_NS	442	296	A	0	0	295	40.1322033898305
A_NS	443	296	G	0	0	296	40.2871621621622
A_NS	444	296	G	0	0	296	40.7736486486486
A_NS	445	296	G	0	0	296	41.3581081081081
A_NS	446	296	C	0	0	295	41.0610169491525
A_NS	447	294	T	2	0	294	40.2551020408163
A_NS	448	296	T	0	0	296	40.027027027027
A_NS	449	296	T	0	0	295	40.0237288135593
A_NS	450	295	C	1	0	295	37.928813559322
A_NS	451	296	A	0	0	296	36.6689189189189
A_NS	452	293	C	3	0	292	38.222602739726
A_NS	453	296	C	0	0	295	37.271186440678
A_NS	454	293	G	3	0	292	36.4794520547945
A_NS	455	293	A	3	0	292	36.3424657534247
A_NS	456	296	A	0	0	296	36.9222972972973
A_NS	457	295	G	1	0	295	37.7322033898305
A_NS	458	294	A	2	0	294	40.2414965986395
A_NS	459	294	G	2	0	291	41.0996563573883
A_NS	460	295	G	1	0	295	41.4033898305085
A_NS	461	295	G	1	0	295	41.135593220339
A_NS	462	296	A	0	0	296	40.3547297297297
A_NS	463	296	G	0	0	293	41.0102389078498
A_NS	464	295	C	1	0	294	41.1530612244898
A_NS	465	295	A	1	0	294	40.9149659863946
A_NS	466	296	A	0	0	295	40.8881355932203
A_NS	467	296	T	0	0	295	40.9152542372881
A_NS	468	296	T	0	0	294	40.3843537414966
A_NS	469	296	G	0	0	296	39.9864864864865
A_NS	470	296	T	0	0	295	40.4203389830508
A_NS	471	296	T	0	0	295	40.5694915254237
A_NS	472	295	G	1	0	294	40.2176870748299
A_NS	473	295	G	1	0	293	40.8327645051195
A_NS	474	294	C	2	0	292	40.736301369863
A_NS	475	294	G	2	0	291	40.8487972508591
A_NS	476	294	A	2	0	294	41.5578231292517
A_NS	477	294	A	2	0	294	41.4829931972789
A_NS	478	293	A	3	0	293	41.4163822525597
A_NS	479	293	T	3	0	292	42.4931506849315
A_NS	480	295	C	2	0	290	42.451724137931
A_NS	481	295	T	2	0	294	42.2278911564626
A_NS	482	295	C	2	0	294	41.1530612244898
A_NS	483	296	A	1	0	295	40.7152542372881
A_NS	484	296	C	1	0	294	39.6258503401361
A_NS	485	296	C	1	0	296	40.5743243243243
A_NS	486	296	A	1	0	294	40.3367346938776
A_NS	487	297	C	0	0	295	40.4372881355932
A_NS	488	297	T	0	0	297	42.0639730639731
A_NS	489	297	G	0	0	296	42.8851351351351
A_NS	490	296	C	1	0	296	42.3108108108108
A_NS	491	297	C	0	0	297	41.9023569023569
A_NS	492	296	T	1	0	295	42.6406779661017
A_NS	493	296	T	1	0	296	41.902027027027
A_NS	494	296	C	1	0	295	40.9694915254237
A_NS	495	295	T	2	0	294	40.2142857142857
A_NS	496	296	T	1	0	296	39.4391891891892
A_NS	497	296	T	1	0	294	39.9761904761905
A_NS	498	296	T	1	0	295	39.5694915254237
A_NS	499	296	C	1	0	295	38.1457627118644
A_NS	500	296	C	1	0	296	40.8378378378378
A_NS	501	296	A	1	0	296	39.8108108108108
A_NS	502	297	G	0	0	297	40.3097643097643
A_NS	503	298	G	0	0	298	41.4832214765101
A_NS	504	298	A	0	0	298	42.9697986577181
A_NS	505	298	C	0	0	298	42.6744966442953
A_NS	506	298	A	0	0	297	42.7373737373737
A_NS	507	298	T	0	0	298	42.2315436241611
A_NS	508	298	A	0	0	298	41.6778523489933
A_NS	509	299	C	0	0	299	41.9096989966555
A_NS	510	299	T	0	0	298	41.9127516778523
A_NS	511	299	G	0	0	299	41.3846153846154
A_NS	512	299	T	0	0	299	42.2140468227425
A_NS	513	299	T	0	0	299	42.3979933110368
A_NS	514	299	G	0	0	299	42.0936454849498
A_NS	515	299	A	0	0	299	41.8060200668896
A_NS	516	298	G	1	0	298	41.4597315436242
A_NS	517	299	G	0	0	299	40.9130434782609
A_NS	518	299	A	0	0	299	41.2809364548495
A_NS	519	299	T	0	0	299	41.2140468227425
A_NS	520	299	G	0	0	298	41.6812080536913
A_NS	521	299	T	0	0	299	43.0635451505017
A_NS	522	299	C	0	0	298	41.4093959731544
A_NS	523	297	A	2	0	297	40.9461279461279
A_NS	524	298	A	1	0	298	40.3624161073826
A_NS	525	298	A	1	0	297	40.3569023569024
A_NS	526	299	A	0	0	298	40.6140939597315
A_NS	527	299	A	0	0	297	41.8181818181818
A_NS	528	299	T	0	0	299	40.8628762541806
A_NS	529	298	G	1	0	297	39.6599326599327
A_NS	530	296	C	3	0	296	39.3547297297297
A_NS	531	298	A	1	0	297	37.5454545454545
A_NS	532	299	A	0	0	299	37.6454849498328
A_NS	533	298	T	1	0	297	38.2154882154882
A_NS	534	298	T	1	0	296	38.6993243243243
A_NS	535	296	G	3	0	294	38.8197278911565
A_NS	536	299	G	0	0	298	40.9563758389262
A_NS	537	294	G	0	0	294	41.3673469387755
A_NS	538	294	G	0	0	294	41.1224489795918
A_NS	539	294	T	0	0	291	40.9725085910653
A_NS	540	293	C	1	0	291	40.5085910652921
A_NS	541	294	C	0	0	292	40.0308219178082
A_NS	542	294	T	0	0	293	39.4129692832765
A_NS	543	294	C	0	0	294	38.6428571428571
A_NS	544	294	A	0	0	294	39.0986394557823
A_NS	545	294	T	0	0	294	39.4557823129252
A_NS	546	293	C	1	0	292	38.7191780821918
A_NS	547	293	G	1	0	292	38.763698630137
A_NS	548	294	G	0	0	294	38.5918367346939
A_NS	549	294	A	0	0	291	38.340206185567
A_NS	550	294	G	0	0	293	38.6313993174061
A_NS	551	294	G	0	0	292	40.0547945205479
A_NS	552	294	A	0	0	293	39.7474402730375
A_NS	553	294	C	0	0	293	37.7542662116041
A_NS	554	292	T	2	0	292	38.7157534246575
A_NS	555	293	T	1	0	292	38.4828767123288
A_NS	556	293	G	1	0	292	36.5753424657534
A_NS	557	292	A	2	0	292	36.7397260273973
A_NS	558	293	A	1	0	293	37.9522184300341
A_NS	559	293	T	1	0	292	39.5034246575342
A_NS	560	292	G	2	0	291	39.127147766323
A_NS	561	293	G	1	0	290	41.0241379310345
A_NS	562	294	A	0	0	293	41.2696245733788
A_NS	563	294	A	0	0	293	41.1160409556314
A_NS	564	294	T	0	0	293	42.0853242320819
A_NS	565	294	G	0	0	293	42.4778156996587
A_NS	566	294	A	0	0	294	42.6802721088435
A_NS	567	294	T	0	0	294	42.7380952380952
A_NS	568	294	A	0	0	290	41.0896551724138
A_NS	569	294	A	0	0	294	41.2993197278912
A_NS	570	294	C	0	0	294	40.6156462585034
A_NS	571	294	A	0	0	293	40.419795221843
A_NS	572	294	C	0	0	293	40.3993174061433
A_NS	573	294	A	0	0	294	40.5
A_NS	574	294	G	0	0	294	40.1224489795918
A_NS	575	294	T	0	0	294	40.1326530612245
A_NS	576	294	T	0	0	293	39.7952218430034
A_NS	577	294	C	0	0	294	39.5272108843537
A_NS	578	293	G	1	0	292	39.4828767123288
A_NS	579	293	A	1	0	293	39.2696245733788
A_NS	580	293	G	1	0	293	39.7372013651877
A_NS	581	293	T	1	0	293	39.9590443686007
A_NS	582	293	C	1	0	293	39.7167235494881
A_NS	583	294	T	0	0	294	40.2210884353741
A_NS	584	292	C	2	0	292	39.6267123287671
A_NS	585	294	T	0	0	294	39.4965986394558
A_NS	586	287	A	7	0	285	38.2350877192982
A_NS	587	294	A	0	0	294	38.3707482993197
A_NS	588	294	A	0	0	294	38.3231292517007
A_NS	589	292	A	2	0	292	40.4109589041096
A_NS	590	292	A	2	0	290	41.1344827586207
A_NS	591	292	T	2	0	291	41.1134020618557
A_NS	592	292	C	2	0	291	40.233676975945
A_NS	593	293	T	1	0	292	40.6815068493151
A_NS	594	294	A	0	0	292	39.4041095890411
A_NS	595	294	C	0	0	294	38.8095238095238
A_NS	596	293	A	1	0	293	37.4061433447099
A_NS	597	293	G	1	0	290	36.8448275862069
A_NS	598	293	A	1	0	293	37.1399317406143
A_NS	599	294	G	0	0	294	37.4115646258503
A_NS	600	294	A	0	0	294	38.1700680272109
A_NS	601	294	T	0	0	293	39.259385665529
A_NS	602	294	T	0	0	293	40.0546075085324
A_NS	603	293	C	1	0	288	39.0729166666667
A_NS	604	293	G	1	0	290	36.8344827586207
A_NS	605	293	C	1	0	293	36.7918088737201
A_NS	606	291	T	3	0	291	37.6872852233677
A_NS	607	293	T	1	0	293	36.8668941979522
A_NS	608	293	G	1	0	292	36.458904109589
A_NS	609	293	G	1	0	293	37.037542662116
A_NS	610	293	A	1	0	293	38.3412969283276
A_NS	611	294	G	0	0	294	39.5646258503401
A_NS	612	292	A	2	0	292	39.5856164383562
A_NS	613	293	A	1	0	291	39.8144329896907
A_NS	614	294	G	1	0	294	39.6632653061224
A_NS	615	293	C	2	0	292	39.2739726027397
A_NS	616	294	A	1	0	294	38.6972789115646
A_NS	617	293	G	2	0	293	39.1296928327645
A_NS	618	294	T	1	0	294	39.4387755102041
A_NS	619	295	A	0	0	294	37.5238095238095
A_NS	620	295	A	0	0	295	37.4237288135593
A_NS	621	295	T	0	0	295	36.8847457627119
A_NS	622	294	G	1	0	294	33.6428571428571
A_NS	623	294	A	1	0	294	33.1904761904762
A_NS	624	295	G	0	0	294	33.8027210884354
A_NS	625	295	A	0	0	294	34.5408163265306
A_NS	626	294	A	1	0	294	33.8877551020408
A_NS	627	292	T	3	0	292	36.1335616438356
A_NS	628	260	G	35	0	258	36.1976744186046
A_NS	629	282	G	13	0	280	36.7071428571429
A_NS	630	292	G	3	0	291	37.1030927835052
A_NS	631	294	G	1	0	293	37.9488054607509
A_NS	632	293	G	2	0	291	40.0652920962199
A_NS	633	293	A	2	0	291	39.6254295532646
A_NS	634	293	C	2	0	289	39.0968858131488
A_NS	635	293	C	2	0	284	39.0845070422535
A_NS	636	293	T	2	0	287	38.616724738676
A_NS	637	295	C	0	0	294	38.8197278911565
A_NS	638	295	C	0	0	293	39.3071672354949
A_NS	639	295	A	0	0	294	38.6292517006803
A_NS	640	294	C	1	0	292	38.958904109589
A_NS	641	294	T	1	0	293	39.1808873720137
A_NS	642	294	T	1	0	294	39.3095238095238
A_NS	643	295	A	0	0	294	37.7108843537415
A_NS	644	295	C	0	0	294	38.2108843537415
A_NS	645	295	T	0	0	295	39.2542372881356
A_NS	646	295	C	0	0	295	40.271186440678
A_NS	647	295	C	0	0	294	40.7789115646259
A_NS	648	294	A	1	0	293	40.7542662116041
A_NS	649	295	A	0	0	295	42.2881355932203
A_NS	650	295	A	0	0	295	43.1186440677966
A_NS	651	295	A	0	0	295	42.5220338983051
A_NS	652	295	C	0	0	295	41.8949152542373
A_NS	653	295	A	0	0	295	39.9389830508475
A_NS	654	295	G	0	0	295	37.3050847457627
A_NS	655	295	A	0	0	295	35.3796610169492
A_NS	656	295	A	0	0	295	35.2779661016949
A_NS	657	295	A	0	0	294	37.3775510204082
A_NS	658	295	C	0	0	295	38.5050847457627
A_NS	659	293	G	2	0	293	35.9351535836177
A_NS	660	295	G	0	0	295	39.6915254237288
A_NS	661	295	G	0	0	284	39.9154929577465
A_NS	662	295	A	0	0	294	39.2312925170068
A_NS	663	295	A	0	0	295	41.1966101694915
A_NS	664	295	A	0	0	295	41.0610169491525
A_NS	665	295	T	0	0	295	40.4508474576271
A_NS	666	295	G	0	0	295	39.5220338983051
A_NS	667	295	G	0	0	295	40.4169491525424
A_NS	668	295	C	0	0	294	40.0918367346939
A_NS	669	295	G	0	0	295	39.2915254237288
A_NS	670	295	A	0	0	295	39.7254237288136
A_NS	671	295	G	0	0	295	39.6305084745763
A_NS	672	294	A	1	0	294	39.5612244897959
A_NS	673	295	A	0	0	295	39.5728813559322
A_NS	674	295	C	0	0	294	39.8163265306122
A_NS	675	295	A	0	0	294	39.1734693877551
A_NS	676	295	G	0	0	295	38.7762711864407
A_NS	677	294	C	1	0	293	38.9590443686007
A_NS	678	295	T	0	0	293	39.0204778156997
A_NS	679	295	A	0	0	295	38.0372881355932
A_NS	680	295	G	0	0	295	39.728813559322
A_NS	681	295	G	0	0	295	39.4576271186441
A_NS	682	295	T	0	0	295	40.7322033898305
A_NS	683	295	C	0	0	294	41.3843537414966
A_NS	684	295	A	0	0	294	41.6462585034014
A_NS	685	295	G	0	0	294	41.8877551020408
A_NS	686	295	A	0	0	294	40.7040816326531
A_NS	687	295	A	0	0	295	40.3694915254237
A_NS	688	294	G	1	0	293	39.382252559727
A_NS	689	295	T	0	0	293	38.7098976109215
A_NS	690	295	T	0	0	295	39.0033898305085
A_NS	691	295	T	0	0	294	40.234693877551
A_NS	692	295	G	0	0	295	39.0101694915254
A_NS	693	293	A	2	0	293	39.9317406143345
A_NS	694	295	A	0	0	295	40.9525423728814
A_NS	695	295	G	0	0	295	40.7898305084746
A_NS	696	295	A	0	0	294	41.5102040816327
A_NS	697	295	G	0	0	295	41.7762711864407
A_NS	698	295	A	0	0	293	42.3993174061433
A_NS	699	295	T	0	0	295	42.5016949152542
A_NS	700	293	A	2	0	292	42.5239726027397
A_NS	701	295	A	0	0	294	42.4659863945578
A_NS	702	295	G	0	0	295	41.2305084745763
A_NS	703	295	A	0	0	295	40.6779661016949
A_NS	704	295	T	0	0	295	40.5525423728814
A_NS	705	295	G	0	0	295	39.6406779661017
A_NS	706	295	G	0	0	294	39.8401360544218
A_NS	707	295	C	0	0	294	40.2551020408163
A_NS	708	294	T	1	0	293	39.6552901023891
A_NS	709	295	A	0	0	295	38.7220338983051
A_NS	710	295	A	0	0	295	39.1728813559322
A_NS	711	295	T	0	0	295	39.3423728813559
A_NS	712	295	T	0	0	294	40.8401360544218
A_NS	713	295	G	0	0	294	39.7857142857143
A_NS	714	293	A	2	0	293	40.8498293515358
A_NS	715	295	A	0	0	295	40.9627118644068
A_NS	716	295	G	0	0	294	40.9965986394558
A_NS	717	295	A	0	0	295	40.9694915254237
A_NS	718	280	G	0	0	280	41.1392857142857
A_NS	719	280	G	0	0	280	40.7392857142857
A_NS	720	280	T	0	0	280	40.5857142857143
A_NS	721	280	G	0	0	280	39.8428571428571
A_NS	722	279	A	1	0	278	39.8129496402878
A_NS	723	278	G	2	0	277	39.8772563176895
A_NS	724	279	A	1	0	278	40.3776978417266
A_NS	725	279	C	1	0	279	40.3620071684588
A_NS	726	279	A	1	0	278	41.0719424460432
A_NS	727	280	C	0	0	280	41.0571428571429
A_NS	728	279	A	1	0	278	39.9172661870504
A_NS	729	280	G	0	0	278	40.0107913669065
A_NS	730	280	A	0	0	280	39.3
A_NS	731	280	T	0	0	280	40.2285714285714
A_NS	732	280	T	0	0	280	40.1035714285714
A_NS	733	277	A	3	0	277	38.5884476534296
A_NS	734	278	A	2	0	278	38.6510791366906
A_NS	735	280	A	0	0	279	40.494623655914
A_NS	736	280	A	0	0	280	39.5071428571429
A_NS	737	280	A	0	0	280	40.3892857142857
A_NS	738	280	C	0	0	280	39.8857142857143
A_NS	739	280	A	0	0	280	39.275
A_NS	740	280	A	0	0	280	40.4142857142857
A_NS	741	280	C	0	0	280	40.3678571428571
A_NS	742	280	G	0	0	280	40.0642857142857
A_NS	743	280	G	0	0	280	40.7642857142857
A_NS	744	280	A	0	0	280	40.8178571428571
A_NS	745	280	A	0	0	280	40.9321428571429
A_NS	746	280	A	0	0	280	42.0892857142857
A_NS	747	280	A	0	0	280	42.775
A_NS	748	280	T	0	0	280	41.775
A_NS	749	280	A	0	0	280	39.6
A_NS	750	280	G	0	0	280	39.3
A_NS	751	280	C	0	0	280	38.1714285714286
A_NS	752	280	T	0	0	279	37.9534050179211
A_NS	753	280	T	0	0	279	38.0824372759857
A_NS	754	280	T	0	0	280	38.1392857142857
A_NS	755	280	G	0	0	279	38.8996415770609
A_NS	756	280	A	0	0	279	39.6594982078853
A_NS	757	280	A	0	0	280	40.3535714285714
A_NS	758	280	C	0	0	278	40.8884892086331
A_NS	759	280	A	0	0	280	40.9785714285714
A_NS	760	280	G	0	0	278	40.8345323741007
A_NS	761	280	A	0	0	280	40.625
A_NS	762	280	T	0	0	280	39.9035714285714
A_NS	763	280	A	0	0	280	38.5035714285714
A_NS	764	280	A	0	0	280	38.6392857142857
A_NS	765	280	C	0	0	280	39.0535714285714
A_NS	766	280	A	0	0	280	39.6892857142857
A_NS	767	280	T	0	0	280	40.9071428571429
A_NS	768	280	T	0	0	280	41.2678571428571
A_NS	769	280	C	0	0	278	40.4892086330935
A_NS	770	280	A	0	0	280	40.9178571428571
A_NS	771	280	T	0	0	278	41.0035971223022
A_NS	772	280	G	0	0	280	41.5821428571429
A_NS	773	280	C	0	0	280	42.4107142857143
A_NS	774	280	A	0	0	280	41.2892857142857
A_NS	775	280	A	0	0	279	42.0609318996416
A_NS	776	280	G	0	0	279	42.5125448028674
A_NS	777	280	C	0	0	280	42.225
A_NS	778	280	A	0	0	280	41.375
A_NS	779	280	T	0	0	280	42.7857142857143
A_NS	780	280	T	0	0	280	42.4321428571429
A_NS	781	280	G	0	0	280	42.05
A_NS	782	280	C	0	0	280	42.2571428571429
A_NS	783	280	A	0	0	280	41.5178571428571
A_NS	784	280	A	0	0	280	41.4821428571429
A_NS	785	280	C	0	0	278	41.1978417266187
A_NS	786	280	T	0	0	280	41.5964285714286
A_NS	787	280	A	0	0	280	40.7035714285714
A_NS	788	280	C	0	0	280	42.2535714285714
A_NS	789	280	T	0	0	280	42.3321428571429
A_NS	790	280	G	0	0	279	42.1146953405018
A_NS	791	280	T	0	0	280	41.3285714285714
A_NS	792	280	T	0	0	280	41.9428571428571
A_NS	793	280	T	0	0	280	42.1178571428571
A_NS	794	280	G	0	0	280	40.7892857142857
A_NS	795	280	A	0	0	280	41.3964285714286
A_NS	796	274	A	0	0	274	41.6715328467153
A_NS	797	274	G	0	0	274	41.8029197080292
A_NS	798	274	T	0	0	274	42.2810218978102
A_NS	799	274	G	0	0	274	41.1861313868613
A_NS	800	274	G	0	0	274	40.6021897810219
A_NS	801	274	A	0	0	274	39.7481751824818
A_NS	802	274	A	0	0	274	40.1094890510949
A_NS	803	274	C	0	0	274	39.7445255474453
A_NS	804	273	A	1	0	271	39.9630996309963
A_NS	805	272	G	2	0	272	40.3235294117647
A_NS	806	274	G	0	0	274	39.970802919708
A_NS	807	274	A	0	0	273	38.7655677655678
A_NS	808	274	G	0	0	274	39.4343065693431
A_NS	809	274	A	0	0	274	39.4744525547445
A_NS	810	274	T	0	0	274	38.3503649635037
A_NS	811	272	A	2	0	272	38.7757352941176
A_NS	812	274	A	0	0	274	38.7956204379562
A_NS	813	274	G	0	0	273	39.0549450549451
A_NS	814	275	A	0	0	275	38.6981818181818
A_NS	815	275	A	0	0	274	39.6496350364963
A_NS	816	275	C	0	0	272	38.2022058823529
A_NS	817	274	T	1	0	273	37.5824175824176
A_NS	818	275	T	0	0	275	37.6436363636364
A_NS	819	273	T	2	0	272	38.3492647058824
A_NS	820	273	C	2	0	273	37.5457875457875
A_NS	821	275	T	1	0	274	39.8138686131387
A_NS	822	276	C	0	0	275	39.3272727272727
A_NS	823	276	A	0	0	275	38.7309090909091
A_NS	824	276	T	0	0	276	38.2753623188406
A_NS	825	276	T	0	0	276	37.8768115942029
A_NS	826	276	T	0	0	276	38.6050724637681
A_NS	827	276	C	0	0	276	39.0869565217391
A_NS	828	276	A	0	0	276	39.1014492753623
A_NS	829	275	G	0	0	275	39.5745454545455
A_NS	830	275	C	0	0	275	40.2654545454545
A_NS	831	275	T	0	0	274	40.4963503649635
A_NS	832	275	T	0	0	275	40.1527272727273
A_NS	833	275	A	0	0	275	39.0181818181818
A_NS	834	275	T	0	0	275	37.2472727272727
A_NS	835	275	T	0	0	275	37.9309090909091
A_NS	836	275	T	0	0	275	37.6
A_NS	837	274	A	0	0	274	36.8065693430657
A_NS	838	274	A	0	0	274	37.3649635036496
