Reference_Name	Position	Coverage Depth	Consensus	Deletions	Ambiguous	Consensus_Count	Consensus_Average_Quality
A_PA	1	170	A	0	0	170	38.1235294117647
A_PA	2	170	T	0	0	170	37.9529411764706
A_PA	3	170	G	0	0	170	37.4941176470588
A_PA	4	171	G	0	0	171	38.1228070175439
A_PA	5	174	A	0	0	174	39.1666666666667
A_PA	6	175	A	0	0	175	39.7257142857143
A_PA	7	175	G	0	0	175	40.4114285714286
A_PA	8	175	A	0	0	175	39.8742857142857
A_PA	9	174	T	1	0	174	39.8505747126437
A_PA	10	175	T	0	0	175	38.7371428571429
A_PA	11	175	T	0	0	175	38.8914285714286
A_PA	12	171	T	4	0	169	39.8934911242604
A_PA	13	170	G	5	0	170	38.9470588235294
A_PA	14	175	T	0	0	175	38.2285714285714
A_PA	15	171	G	4	0	171	38.4853801169591
A_PA	16	171	C	4	0	169	38.6449704142012
A_PA	17	175	G	0	0	175	36.96
A_PA	18	175	A	0	0	174	37.3045977011494
A_PA	19	175	C	0	0	174	37.2068965517241
A_PA	20	174	A	1	0	174	36.551724137931
A_PA	21	175	A	0	0	175	37.3542857142857
A_PA	22	175	T	0	0	175	37.8571428571429
A_PA	23	175	G	0	0	175	36.0285714285714
A_PA	24	175	C	0	0	175	35.7428571428571
A_PA	25	175	T	0	0	174	36.0229885057471
A_PA	26	175	T	0	0	175	34.4457142857143
A_PA	27	175	C	0	0	173	33.5086705202312
A_PA	28	175	A	0	0	173	34.3294797687861
A_PA	29	175	A	0	0	175	35.0457142857143
A_PA	30	175	C	0	0	175	35.1714285714286
A_PA	31	175	C	0	0	175	35.2114285714286
A_PA	32	175	C	0	0	174	36.3218390804598
A_PA	33	175	G	0	0	174	35.8505747126437
A_PA	34	175	A	0	0	175	35.3428571428571
A_PA	35	175	T	0	0	175	35.5085714285714
A_PA	36	175	G	0	0	175	34.0857142857143
A_PA	37	175	A	0	0	175	35.2685714285714
A_PA	38	175	T	0	0	175	36.1942857142857
A_PA	39	175	T	0	0	175	37.4971428571429
A_PA	40	175	G	0	0	174	38.3908045977011
A_PA	41	175	T	0	0	175	39.2571428571429
A_PA	42	175	C	0	0	174	37.3850574712644
A_PA	43	175	G	0	0	172	37.1976744186046
A_PA	44	173	A	2	0	173	37.0346820809249
A_PA	45	173	A	2	0	171	37.2923976608187
A_PA	46	173	C	2	0	171	37.4502923976608
A_PA	47	172	T	3	0	172	38.1220930232558
A_PA	48	173	T	2	0	173	39.5895953757225
A_PA	49	173	G	2	0	171	38.766081871345
A_PA	50	174	C	1	0	173	38.1271676300578
A_PA	51	174	A	1	0	173	36.7919075144509
A_PA	52	174	G	1	0	174	36.4770114942529
A_PA	53	174	A	1	0	173	36.4393063583815
A_PA	54	175	A	0	0	175	37.6057142857143
A_PA	55	175	A	0	0	175	38.4114285714286
A_PA	56	175	A	0	0	175	40.4457142857143
A_PA	57	175	A	0	0	175	42.0114285714286
A_PA	58	175	A	0	0	175	42.0057142857143
A_PA	59	175	C	0	0	175	41.3257142857143
A_PA	60	175	A	0	0	175	37.5257142857143
A_PA	61	175	A	0	0	174	38.0229885057471
A_PA	62	175	T	0	0	175	38.5885714285714
A_PA	63	174	G	0	0	174	37.3735632183908
A_PA	64	173	A	2	0	169	37.2366863905325
A_PA	65	175	A	0	0	175	39.4914285714286
A_PA	66	175	A	0	0	175	38.84
A_PA	67	175	G	0	0	175	38.9371428571429
A_PA	68	175	A	0	0	171	41.0760233918129
A_PA	69	175	G	0	0	174	40.0747126436782
A_PA	70	174	T	1	0	174	39.6724137931034
A_PA	71	175	A	0	0	171	39.859649122807
A_PA	72	175	T	0	0	175	37.7885714285714
A_PA	73	168	G	7	0	168	34.9166666666667
A_PA	74	172	G	3	0	171	35.9941520467836
A_PA	75	175	G	0	0	173	36.2254335260116
A_PA	76	175	G	0	0	172	37.156976744186
A_PA	77	175	A	0	0	174	39.0632183908046
A_PA	78	175	G	0	0	174	38.264367816092
A_PA	79	175	G	0	0	174	36.8908045977011
A_PA	80	175	A	0	0	174	36.7011494252874
A_PA	81	175	T	0	0	175	36.1485714285714
A_PA	82	175	C	0	0	174	35.5862068965517
A_PA	83	175	T	0	0	174	36.1264367816092
A_PA	84	175	G	0	0	175	35.0971428571429
A_PA	85	173	A	2	0	173	35.6647398843931
A_PA	86	175	A	0	0	174	36.2011494252874
A_PA	87	174	A	1	0	173	39.1098265895954
A_PA	88	174	A	1	0	173	39.3583815028902
A_PA	89	173	T	2	0	173	38.9537572254335
A_PA	90	174	T	1	0	174	39.5574712643678
A_PA	91	175	G	0	0	174	38.1149425287356
A_PA	92	175	A	0	0	173	38
A_PA	93	175	A	0	0	175	38.8857142857143
A_PA	94	175	A	0	0	175	39.5485714285714
A_PA	95	175	C	0	0	175	39.5314285714286
A_PA	96	175	C	0	0	174	39.816091954023
A_PA	97	176	A	0	0	174	39.3735632183908
A_PA	98	176	A	0	0	176	39.6818181818182
A_PA	99	176	C	0	0	176	40.0284090909091
A_PA	100	176	A	0	0	176	38.4318181818182
A_PA	101	176	A	0	0	176	38.6420454545455
A_PA	102	176	A	0	0	176	38.8806818181818
A_PA	103	175	T	1	0	175	39.16
A_PA	104	177	T	0	0	177	39.9604519774011
A_PA	105	176	T	1	0	176	40.4886363636364
A_PA	106	176	G	1	0	175	38.8457142857143
A_PA	107	177	C	0	0	177	38.8474576271186
A_PA	108	177	A	0	0	176	39.4659090909091
A_PA	109	177	G	0	0	176	39.2159090909091
A_PA	110	177	C	0	0	176	39.6079545454545
A_PA	111	177	A	0	0	177	40.1412429378531
A_PA	112	178	A	0	0	177	41.5706214689266
A_PA	113	178	T	0	0	178	41.4044943820225
A_PA	114	178	A	0	0	178	41.1685393258427
A_PA	115	176	T	0	0	176	41.2045454545455
A_PA	116	176	G	0	0	175	41.1657142857143
A_PA	117	176	C	0	0	175	40.9542857142857
A_PA	118	176	A	0	0	174	40.1206896551724
A_PA	119	176	C	0	0	175	40.7142857142857
A_PA	120	176	T	0	0	176	40.3125
A_PA	121	175	C	1	0	175	40.3257142857143
A_PA	122	176	A	0	0	176	39.8295454545455
A_PA	123	176	C	0	0	176	40.5909090909091
A_PA	124	176	T	0	0	176	40.6931818181818
A_PA	125	176	T	0	0	176	41.4488636363636
A_PA	126	175	G	0	0	175	40.7771428571429
A_PA	127	175	G	0	0	175	41.3542857142857
A_PA	128	175	A	0	0	174	40.4425287356322
A_PA	129	175	G	0	0	175	40.9885714285714
A_PA	130	174	G	1	0	174	40.316091954023
A_PA	131	174	T	1	0	173	40.4971098265896
A_PA	132	175	G	0	0	174	39.7816091954023
A_PA	133	175	T	0	0	174	40.2873563218391
A_PA	134	175	G	0	0	175	40.6685714285714
A_PA	135	175	T	0	0	174	40.6954022988506
A_PA	136	174	T	1	0	173	40.7919075144509
A_PA	137	174	T	1	0	173	40.2774566473988
A_PA	138	174	C	1	0	173	38.9768786127168
A_PA	139	174	A	1	0	172	39.8604651162791
A_PA	140	175	T	0	0	174	40.2988505747126
A_PA	141	175	G	0	0	175	39.6457142857143
A_PA	142	175	T	0	0	175	40.0342857142857
A_PA	143	174	A	1	0	172	38.1744186046512
A_PA	144	175	T	0	0	175	37.8171428571429
A_PA	145	175	T	0	0	175	37.2742857142857
A_PA	146	174	C	1	0	172	37.3255813953488
A_PA	147	175	A	0	0	173	36.8843930635838
A_PA	148	174	G	1	0	173	38.0924855491329
A_PA	149	174	A	1	0	173	38.5606936416185
A_PA	150	174	T	1	0	174	39.2701149425287
A_PA	151	175	T	0	0	175	39.4457142857143
A_PA	152	175	T	0	0	173	39.5028901734104
A_PA	153	175	C	0	0	175	38.2685714285714
A_PA	154	175	C	0	0	174	39.3620689655172
A_PA	155	175	A	0	0	174	36.6724137931034
A_PA	156	174	T	1	0	174	36.5632183908046
A_PA	157	175	T	0	0	174	37.5632183908046
A_PA	158	175	T	0	0	175	37.4285714285714
A_PA	159	175	C	0	0	174	36.6034482758621
A_PA	160	175	A	0	0	175	36.3485714285714
A_PA	161	174	T	1	0	174	39.0344827586207
A_PA	162	173	C	1	0	172	38.0988372093023
A_PA	163	173	A	1	0	173	37.9306358381503
A_PA	164	172	A	1	0	172	38.8023255813954
A_PA	165	172	T	1	0	172	38.9709302325581
A_PA	166	173	G	0	0	173	38.4739884393064
A_PA	167	174	A	0	0	174	39.1609195402299
A_PA	168	174	A	0	0	174	40.3620689655172
A_PA	169	174	C	0	0	174	40.2528735632184
A_PA	170	162	A	12	0	162	40.1481481481481
A_PA	171	162	A	12	0	161	41.472049689441
A_PA	172	162	G	12	0	162	42.1296296296296
A_PA	173	163	G	12	0	163	40.9815950920245
A_PA	174	163	C	12	0	163	41.0061349693252
A_PA	175	163	G	12	0	162	39.4814814814815
A_PA	176	163	A	12	0	163	38.9141104294479
A_PA	177	163	A	12	0	163	39.3742331288344
A_PA	178	163	T	12	0	163	39.1533742331288
A_PA	179	162	C	13	0	162	38.9320987654321
A_PA	180	162	A	13	0	162	39.5617283950617
A_PA	181	162	A	13	0	162	39.6975308641975
A_PA	182	162	T	13	0	162	39.7345679012346
A_PA	183	162	A	13	0	160	37.90625
A_PA	184	162	G	13	0	162	38.0987654320988
A_PA	185	162	T	13	0	162	39.3395061728395
A_PA	186	161	A	14	0	160	38.5625
A_PA	187	162	G	13	0	162	38.0740740740741
A_PA	188	162	T	13	0	159	38.6540880503145
A_PA	189	174	A	1	0	172	37.3837209302326
A_PA	190	173	G	2	0	169	38.1360946745562
A_PA	191	174	A	1	0	173	36.9768786127168
A_PA	192	174	A	1	0	173	36.6820809248555
A_PA	193	174	C	1	0	171	35.2456140350877
A_PA	194	172	T	3	0	171	37.2865497076023
A_PA	195	174	T	1	0	173	37.8670520231214
A_PA	196	172	G	3	0	171	36.8830409356725
A_PA	197	174	A	1	0	174	36.9310344827586
A_PA	198	174	C	1	0	174	37.1436781609195
A_PA	199	174	G	1	0	173	36.6300578034682
A_PA	200	174	A	1	0	174	36.3505747126437
A_PA	201	174	T	1	0	174	36.0229885057471
A_PA	202	174	C	1	0	174	35.6666666666667
A_PA	203	175	C	0	0	175	36.7257142857143
A_PA	204	175	A	0	0	175	38.2857142857143
A_PA	205	175	A	0	0	175	39.0171428571429
A_PA	206	175	A	0	0	175	40.1142857142857
A_PA	207	175	T	0	0	174	40.5
A_PA	208	175	G	0	0	172	41.3779069767442
A_PA	209	175	C	0	0	175	41.9085714285714
A_PA	210	175	A	0	0	175	41.5028571428571
A_PA	211	175	C	0	0	174	40.8505747126437
A_PA	212	175	T	0	0	175	40.5428571428571
A_PA	213	175	G	0	0	175	39.4971428571429
A_PA	214	175	T	0	0	175	39.8114285714286
A_PA	215	175	T	0	0	174	39.8908045977011
A_PA	216	175	A	0	0	174	38.7298850574713
A_PA	217	175	A	0	0	175	38.3942857142857
A_PA	218	175	A	0	0	175	40.0971428571429
A_PA	219	175	A	0	0	174	39.4942528735632
A_PA	220	175	C	0	0	174	40.5919540229885
A_PA	221	175	A	0	0	175	39.9085714285714
A_PA	222	175	C	0	0	175	39.8857142857143
A_PA	223	175	A	0	0	175	38.8
A_PA	224	175	G	0	0	175	38.64
A_PA	225	175	A	0	0	175	38.5371428571429
A_PA	226	175	T	0	0	175	39.3028571428571
A_PA	227	175	T	0	0	175	39.8228571428571
A_PA	228	175	T	0	0	174	39.9195402298851
A_PA	229	175	G	0	0	175	38.5942857142857
A_PA	230	174	A	1	0	174	39.4080459770115
A_PA	231	175	A	0	0	174	40.6091954022989
A_PA	232	175	A	0	0	174	40.8563218390805
A_PA	233	162	T	13	0	162	41.3888888888889
A_PA	234	161	A	14	0	160	41.03125
A_PA	235	161	A	14	0	160	40.65625
A_PA	236	161	T	14	0	161	40.7826086956522
A_PA	237	161	C	14	0	161	38
A_PA	238	160	G	15	0	159	36.9622641509434
A_PA	239	161	A	14	0	161	35.9254658385093
A_PA	240	150	G	25	0	150	36.2533333333333
A_PA	241	160	G	15	0	160	35.89375
A_PA	242	161	G	14	0	161	37.055900621118
A_PA	243	161	G	14	0	159	37.0314465408805
A_PA	244	161	A	14	0	161	37.5590062111801
A_PA	245	161	G	14	0	160	37.88125
A_PA	246	161	A	14	0	161	37.5776397515528
A_PA	247	160	G	15	0	160	37.7125
A_PA	248	160	A	15	0	160	38.7
A_PA	249	161	C	14	0	160	38.56875
A_PA	250	161	A	14	0	161	38.0993788819876
A_PA	251	160	G	15	0	160	37.1625
A_PA	252	160	A	15	0	160	37.48125
A_PA	253	161	A	14	0	161	37.5217391304348
A_PA	254	161	C	14	0	161	37.8012422360248
A_PA	255	161	A	14	0	161	37.2670807453416
A_PA	256	161	A	14	0	161	37.4347826086956
A_PA	257	161	T	14	0	161	37.0124223602485
A_PA	258	161	G	14	0	160	35.85
A_PA	259	161	G	14	0	161	37.5465838509317
A_PA	260	161	C	14	0	161	38.695652173913
A_PA	261	161	C	14	0	160	39.05625
A_PA	262	161	T	14	0	160	40.01875
A_PA	263	161	G	14	0	161	39.832298136646
A_PA	264	161	G	14	0	161	40.695652173913
A_PA	265	161	A	14	0	160	41.25
A_PA	266	161	C	14	0	161	41.8198757763975
A_PA	267	161	A	14	0	161	40.9813664596273
A_PA	268	160	G	15	0	160	40.01875
A_PA	269	160	T	15	0	160	39.16875
A_PA	270	161	A	14	0	159	37.748427672956
A_PA	271	161	G	14	0	161	37.6149068322981
A_PA	272	159	T	16	0	159	36.4842767295597
A_PA	273	158	A	17	0	157	37.1019108280255
A_PA	274	161	A	14	0	161	38.1180124223603
A_PA	275	161	A	14	0	161	39.167701863354
A_PA	276	161	C	14	0	161	39.7267080745342
A_PA	277	160	A	15	0	159	41.0566037735849
A_PA	278	160	G	15	0	159	40.6100628930818
A_PA	279	161	T	14	0	159	40.0943396226415
A_PA	280	161	A	14	0	159	38.8050314465409
A_PA	281	161	T	14	0	161	39.1614906832298
A_PA	282	160	C	15	0	160	39.00625
A_PA	283	159	T	16	0	159	39.8364779874214
A_PA	284	159	G	16	0	158	39.879746835443
A_PA	285	159	C	16	0	159	40.6603773584906
A_PA	286	161	A	14	0	160	40.2
A_PA	287	161	A	14	0	161	40.1987577639752
A_PA	288	161	C	14	0	161	40.4099378881988
A_PA	289	161	A	14	0	161	39.8260869565217
A_PA	290	161	C	14	0	161	38.9503105590062
A_PA	291	161	T	14	0	161	40.2857142857143
A_PA	292	161	A	14	0	161	39.1366459627329
A_PA	293	161	C	14	0	161	39.4285714285714
A_PA	294	175	T	0	0	174	39.4942528735632
A_PA	295	176	G	0	0	176	40.3636363636364
A_PA	296	176	G	0	0	176	40.7670454545455
A_PA	297	176	A	0	0	176	41.6477272727273
A_PA	298	176	G	0	0	176	41.7784090909091
A_PA	299	176	C	0	0	176	40.3579545454545
A_PA	300	176	T	0	0	176	39.8238636363636
A_PA	301	176	G	0	0	176	38.3863636363636
A_PA	302	172	A	4	0	172	36.7151162790698
A_PA	303	175	A	1	0	175	38.2685714285714
A_PA	304	175	A	1	0	175	37.5828571428571
A_PA	305	174	A	2	0	174	39.4195402298851
A_PA	306	174	A	2	0	173	39.6416184971098
A_PA	307	173	C	3	0	173	40.1156069364162
A_PA	308	175	C	1	0	174	38.7298850574713
A_PA	309	175	G	1	0	174	38.1264367816092
A_PA	310	174	A	2	0	174	38
A_PA	311	176	A	0	0	176	38.3522727272727
A_PA	312	176	G	0	0	176	38.3409090909091
A_PA	313	171	T	5	0	170	39.1470588235294
A_PA	314	176	T	0	0	176	38.7556818181818
A_PA	315	176	T	0	0	176	38.3238636363636
A_PA	316	176	T	0	0	175	40.1371428571429
A_PA	317	175	T	1	0	175	40.8285714285714
A_PA	318	174	G	2	0	172	39.1918604651163
A_PA	319	175	C	1	0	175	38.8171428571429
A_PA	320	175	C	1	0	174	38.5
A_PA	321	175	G	1	0	174	37.5057471264368
A_PA	322	176	G	0	0	175	37.2685714285714
A_PA	323	176	A	0	0	176	39.4261363636364
A_PA	324	175	T	1	0	174	39.7586206896552
A_PA	325	176	T	0	0	176	40.7045454545455
A_PA	326	176	T	0	0	175	41.7314285714286
A_PA	327	176	G	0	0	174	40.5862068965517
A_PA	328	176	T	0	0	176	40.3579545454545
A_PA	329	176	A	0	0	175	39.9828571428571
A_PA	330	175	T	1	0	175	40.6514285714286
A_PA	331	176	G	0	0	175	39.7257142857143
A_PA	332	176	A	0	0	176	38.8181818181818
A_PA	333	176	T	0	0	175	38.7485714285714
A_PA	334	176	T	0	0	176	38.3352272727273
A_PA	335	176	A	0	0	176	38.0056818181818
A_PA	336	176	C	0	0	176	37.9715909090909
A_PA	337	174	A	2	0	173	38
A_PA	338	176	A	0	0	176	38.6647727272727
A_PA	339	175	A	1	0	174	38.6724137931034
A_PA	340	174	G	2	0	173	38.7803468208092
A_PA	341	175	A	1	0	174	40.7241379310345
A_PA	342	175	G	1	0	175	40.9371428571429
A_PA	343	174	A	2	0	173	40.7514450867052
A_PA	344	176	A	0	0	175	40.32
A_PA	345	176	C	0	0	175	41.2
A_PA	346	175	A	1	0	175	40.4285714285714
A_PA	347	175	G	1	0	175	41.0685714285714
A_PA	348	175	A	1	0	174	41.3103448275862
A_PA	349	175	T	1	0	174	41.0689655172414
A_PA	350	176	T	0	0	176	40.8636363636364
A_PA	351	176	C	0	0	173	41.2080924855491
A_PA	352	176	A	0	0	176	40.6079545454545
A_PA	353	176	T	0	0	176	41.3068181818182
A_PA	354	176	C	0	0	173	39.7341040462428
A_PA	355	176	G	0	0	174	39.6091954022989
A_PA	356	176	A	0	0	176	39.4659090909091
A_PA	357	176	A	0	0	176	40
A_PA	358	176	A	0	0	176	40.375
A_PA	359	176	T	0	0	176	41.0227272727273
A_PA	360	176	T	0	0	176	41.1761363636364
A_PA	361	176	G	0	0	175	40.88
A_PA	362	176	G	0	0	176	41.0965909090909
A_PA	363	176	A	0	0	176	41.7329545454545
A_PA	364	176	G	0	0	176	41.1931818181818
A_PA	365	176	T	0	0	176	40.4886363636364
A_PA	366	176	G	0	0	176	39.8181818181818
A_PA	367	175	A	1	0	174	39.7413793103448
A_PA	368	175	C	1	0	175	39.3142857142857
A_PA	369	175	A	1	0	174	38.2413793103448
A_PA	370	175	A	1	0	174	38.051724137931
A_PA	371	174	G	2	0	174	37.8390804597701
A_PA	372	172	G	4	0	171	37.6783625730994
A_PA	373	173	A	3	0	173	38.271676300578
A_PA	374	172	G	4	0	172	38.4767441860465
A_PA	375	176	A	0	0	175	37.92
A_PA	376	176	G	0	0	174	38.4540229885057
A_PA	377	174	A	2	0	173	38.242774566474
A_PA	378	175	A	1	0	174	38.0862068965517
A_PA	379	175	G	1	0	171	38.9239766081871
A_PA	380	175	T	1	0	173	37.878612716763
A_PA	381	176	C	0	0	175	37.2114285714286
A_PA	382	176	C	0	0	176	36.9715909090909
A_PA	383	176	A	0	0	176	36.3579545454545
A_PA	384	176	C	0	0	175	38.1142857142857
A_PA	385	176	A	0	0	176	39.0852272727273
A_PA	386	176	T	0	0	176	39.8636363636364
A_PA	387	176	A	0	0	176	39.6647727272727
A_PA	388	175	T	1	0	175	39.6285714285714
A_PA	389	175	A	1	0	175	39.9485714285714
A_PA	390	175	T	1	0	175	39.4685714285714
A_PA	391	175	T	1	0	175	40.3714285714286
A_PA	392	175	A	1	0	175	39.1314285714286
A_PA	393	174	C	2	0	174	39.7241379310345
A_PA	394	176	C	0	0	176	38.3465909090909
A_PA	395	174	T	2	0	172	39.8081395348837
A_PA	396	176	T	0	0	176	38.6306818181818
A_PA	397	176	G	0	0	176	35.8465909090909
A_PA	398	176	A	0	0	176	35.8465909090909
A_PA	399	176	A	0	0	176	37.9772727272727
A_PA	400	176	A	0	0	176	40.125
A_PA	401	176	A	0	0	175	41.0857142857143
A_PA	402	176	G	0	0	176	39.7670454545455
A_PA	403	176	G	0	0	176	39.9602272727273
A_PA	404	176	C	0	0	176	39.5397727272727
A_PA	405	176	C	0	0	176	37.7159090909091
A_PA	406	176	A	0	0	176	36.0397727272727
A_PA	407	176	A	0	0	176	35.7159090909091
A_PA	408	176	T	0	0	175	35.9771428571429
A_PA	409	176	A	0	0	176	35.75
A_PA	410	176	A	0	0	176	36.0227272727273
A_PA	411	176	G	0	0	175	38.5885714285714
A_PA	412	176	A	0	0	176	38.3977272727273
A_PA	413	176	T	0	0	176	38.7670454545455
A_PA	414	176	T	0	0	176	38.7215909090909
A_PA	415	176	A	0	0	176	37.3920454545455
A_PA	416	176	A	0	0	176	37.7102272727273
A_PA	417	176	A	0	0	175	35.8571428571429
A_PA	418	176	T	0	0	175	37.0742857142857
A_PA	419	175	C	1	0	173	37.2774566473988
A_PA	420	176	T	0	0	176	37.2215909090909
A_PA	421	174	G	2	0	173	35.8612716763006
A_PA	422	175	A	1	0	175	37.3657142857143
A_PA	423	175	G	1	0	175	38.2228571428571
A_PA	424	175	A	1	0	175	37.6685714285714
A_PA	425	175	A	1	0	175	39.0971428571429
A_PA	426	176	A	0	0	175	40.5657142857143
A_PA	427	176	A	0	0	176	40.7784090909091
A_PA	428	176	C	0	0	175	40.3085714285714
A_PA	429	176	A	0	0	175	40.4342857142857
A_PA	430	176	C	0	0	176	40.8693181818182
A_PA	431	176	A	0	0	176	41.2784090909091
A_PA	432	176	C	0	0	176	40.2670454545455
A_PA	433	176	A	0	0	175	39.3771428571429
A_PA	434	176	T	0	0	176	39.5056818181818
A_PA	435	176	T	0	0	176	39.3579545454545
A_PA	436	176	C	0	0	175	38.4114285714286
A_PA	437	176	A	0	0	176	38.6818181818182
A_PA	438	161	C	0	0	161	39.2049689440994
A_PA	439	161	A	0	0	161	39.2422360248447
A_PA	440	164	T	1	0	164	39.8719512195122
A_PA	441	165	T	0	0	164	39.1036585365854
A_PA	442	165	T	0	0	164	39.0670731707317
A_PA	443	165	T	0	0	165	38.6242424242424
A_PA	444	165	T	0	0	165	41.169696969697
A_PA	445	165	T	0	0	165	41.2424242424242
A_PA	446	164	C	1	0	163	40.7852760736196
A_PA	447	165	A	0	0	165	39.1515151515151
A_PA	448	165	T	0	0	164	39.4085365853659
A_PA	449	165	T	0	0	165	39.5090909090909
A_PA	450	165	C	0	0	164	39.9512195121951
A_PA	451	165	A	0	0	165	38.8969696969697
A_PA	452	164	C	1	0	164	39.7743902439024
A_PA	453	164	T	1	0	164	39.9024390243902
A_PA	454	153	G	12	0	153	39.1111111111111
A_PA	455	165	G	0	0	164	39.7256097560976
A_PA	456	165	G	0	0	165	40.2363636363636
A_PA	457	166	G	0	0	165	40.8484848484849
A_PA	458	165	A	1	0	164	41.9573170731707
A_PA	459	166	G	0	0	166	42.0301204819277
A_PA	460	166	G	0	0	166	40.7530120481928
A_PA	461	166	A	0	0	166	41.5361445783133
A_PA	462	166	A	0	0	165	41.7151515151515
A_PA	463	166	A	0	0	165	42.4424242424242
A_PA	464	166	T	0	0	166	42.4457831325301
A_PA	465	166	G	0	0	165	41.9151515151515
A_PA	466	166	G	0	0	165	41.5515151515152
A_PA	467	166	C	0	0	166	41.6987951807229
A_PA	468	166	C	0	0	166	40.9036144578313
A_PA	469	166	A	0	0	166	40.8674698795181
A_PA	470	166	C	0	0	166	41.6987951807229
A_PA	471	166	A	0	0	166	40.5963855421687
A_PA	472	166	A	0	0	166	40.4578313253012
A_PA	473	165	G	1	0	165	40.3030303030303
A_PA	474	166	G	0	0	165	39.8363636363636
A_PA	475	166	G	0	0	166	40.3313253012048
A_PA	476	166	C	0	0	166	40.921686746988
A_PA	477	166	A	0	0	166	40.9879518072289
A_PA	478	166	G	0	0	165	41.1393939393939
A_PA	479	166	A	0	0	165	40.7575757575758
A_PA	480	166	C	0	0	164	40.8048780487805
A_PA	481	166	T	0	0	164	39.9573170731707
A_PA	482	164	A	2	0	163	39.9263803680982
A_PA	483	164	C	2	0	163	40.3006134969325
A_PA	484	166	A	0	0	164	39.280487804878
A_PA	485	166	C	0	0	166	39.2409638554217
A_PA	486	165	T	1	0	163	40.159509202454
A_PA	487	166	C	0	0	166	39.1566265060241
A_PA	488	166	T	0	0	166	39.6686746987952
A_PA	489	165	C	1	0	163	40.0184049079755
A_PA	490	165	G	1	0	163	39.1165644171779
A_PA	491	165	A	1	0	165	38.4060606060606
A_PA	492	165	T	1	0	164	37.859756097561
A_PA	493	166	G	0	0	166	37.644578313253
A_PA	494	166	A	0	0	165	38.0060606060606
A_PA	495	166	G	0	0	166	38.3313253012048
A_PA	496	165	G	1	0	164	37.7256097560976
A_PA	497	165	A	1	0	165	38.0363636363636
A_PA	498	166	G	0	0	165	38.3454545454545
A_PA	499	167	A	0	0	167	39.7065868263473
A_PA	500	167	G	0	0	167	39.8383233532934
A_PA	501	167	C	0	0	166	40.9397590361446
A_PA	502	166	A	1	0	166	40.2289156626506
A_PA	503	167	G	0	0	167	40.4670658682635
A_PA	504	167	G	0	0	166	41.2048192771084
A_PA	505	167	G	0	0	167	40.6946107784431
A_PA	506	167	C	0	0	167	40.0658682634731
A_PA	507	167	T	0	0	167	40.6766467065868
A_PA	508	166	A	1	0	165	40.6060606060606
A_PA	509	167	G	1	0	166	39.1686746987952
A_PA	510	167	G	1	0	166	38.7168674698795
A_PA	511	167	A	1	0	167	37.6167664670659
A_PA	512	168	T	0	0	167	36.9760479041916
A_PA	513	168	C	0	0	165	35.8545454545455
A_PA	514	168	A	0	0	168	34.9821428571429
A_PA	515	168	A	0	0	167	36.1736526946108
A_PA	516	168	A	0	0	168	37.6428571428571
A_PA	517	167	A	1	0	167	39.0778443113772
A_PA	518	167	C	1	0	166	38.7469879518072
A_PA	519	167	C	1	0	167	40.3473053892216
A_PA	520	167	A	1	0	166	39.1867469879518
A_PA	521	166	G	2	0	165	39.0545454545455
A_PA	522	168	G	0	0	168	37.7976190476191
A_PA	523	168	C	0	0	168	37.0535714285714
A_PA	524	168	T	0	0	167	36.6467065868263
A_PA	525	167	G	1	0	167	37.251497005988
A_PA	526	165	T	3	0	165	38.0181818181818
A_PA	527	166	T	2	0	165	37.8969696969697
A_PA	528	167	T	1	0	166	38.4156626506024
A_PA	529	167	A	1	0	166	35.6746987951807
A_PA	530	168	C	0	0	168	37.5892857142857
A_PA	531	168	C	0	0	168	37.2857142857143
A_PA	532	168	A	0	0	168	36.5952380952381
A_PA	533	168	T	0	0	168	36.5059523809524
A_PA	534	165	A	3	0	164	36.0243902439024
A_PA	535	167	A	1	0	165	35.2666666666667
A_PA	536	168	G	0	0	164	35.6524390243902
A_PA	537	168	A	0	0	166	35.3855421686747
A_PA	538	168	C	0	0	167	35.5868263473054
A_PA	539	167	A	1	0	165	37.9878787878788
A_PA	540	167	A	1	0	166	38.578313253012
A_PA	541	167	G	1	0	166	39.0963855421687
A_PA	542	167	A	1	0	167	38.9041916167665
A_PA	543	168	A	0	0	168	39.2678571428571
A_PA	544	168	A	0	0	168	40.0059523809524
A_PA	545	168	T	0	0	168	39.6964285714286
A_PA	546	168	G	0	0	168	38.5654761904762
A_PA	547	168	G	0	0	168	38.1369047619048
A_PA	548	168	C	0	0	168	39.2916666666667
A_PA	549	168	C	0	0	168	39.3511904761905
A_PA	550	167	A	1	0	163	40.5705521472393
A_PA	551	168	A	0	0	168	40.2083333333333
A_PA	552	168	C	0	0	168	40.4523809523809
A_PA	553	168	A	0	0	168	39.8392857142857
A_PA	554	168	G	0	0	168	39.1785714285714
A_PA	555	168	A	0	0	168	38.7440476190476
A_PA	556	168	G	0	0	167	39.3712574850299
A_PA	557	168	G	0	0	167	40.2215568862275
A_PA	558	168	C	0	0	168	40.0892857142857
A_PA	559	168	C	0	0	167	40.0299401197605
A_PA	560	168	T	0	0	167	40.3413173652695
A_PA	561	168	C	0	0	167	39.4311377245509
A_PA	562	166	T	2	0	166	39.2951807228916
A_PA	563	168	G	0	0	168	37.0833333333333
A_PA	564	168	G	0	0	168	36.9523809523809
A_PA	565	168	G	0	0	165	37.4484848484848
A_PA	566	168	A	0	0	166	38.2530120481928
A_PA	567	168	T	0	0	168	39.4761904761905
A_PA	568	168	T	0	0	166	39.566265060241
A_PA	569	167	C	1	0	165	39.8121212121212
A_PA	570	168	C	0	0	168	39.9404761904762
A_PA	571	167	T	1	0	165	40.8727272727273
A_PA	572	168	T	0	0	168	40.2738095238095
A_PA	573	168	T	0	0	168	40.7142857142857
A_PA	574	168	C	0	0	166	37.7168674698795
A_PA	575	168	G	0	0	168	37.9464285714286
A_PA	576	168	T	0	0	168	38.1904761904762
A_PA	577	168	C	0	0	167	37.6287425149701
A_PA	578	168	A	0	0	167	37.0718562874251
A_PA	579	168	G	0	0	166	36.6867469879518
A_PA	580	168	T	0	0	168	36.2797619047619
A_PA	581	168	C	0	0	168	36.5
A_PA	582	168	C	0	0	168	37.5892857142857
A_PA	583	168	G	0	0	168	37.4821428571429
A_PA	584	166	A	2	0	166	37.4698795180723
A_PA	585	168	A	0	0	168	38.1726190476191
A_PA	586	168	A	0	0	167	38.125748502994
A_PA	587	168	G	0	0	167	37.0538922155689
A_PA	588	168	A	0	0	166	38.921686746988
A_PA	589	168	G	0	0	168	38.5654761904762
A_PA	590	168	G	0	0	168	37.9285714285714
A_PA	591	168	C	0	0	168	36.9345238095238
A_PA	592	168	G	0	0	167	36.5508982035928
A_PA	593	168	A	0	0	168	36.7738095238095
A_PA	594	168	A	0	0	168	36.25
A_PA	595	168	G	0	0	168	36.0714285714286
A_PA	596	168	A	0	0	168	36.8928571428571
A_PA	597	168	A	0	0	168	37.8988095238095
A_PA	598	168	A	0	0	168	38.4047619047619
A_PA	599	168	C	0	0	168	38.9880952380952
A_PA	600	168	A	0	0	168	36.7380952380952
A_PA	601	168	A	0	0	168	37.6309523809524
A_PA	602	168	T	0	0	168	37.4880952380952
A_PA	603	168	T	0	0	168	38.1428571428571
A_PA	604	168	G	0	0	168	37.9166666666667
A_PA	605	168	A	0	0	167	39.5508982035928
A_PA	606	168	A	0	0	167	38.5808383233533
A_PA	607	168	G	0	0	168	37.7738095238095
A_PA	608	168	A	0	0	168	37.8095238095238
A_PA	609	167	A	1	0	167	38.7365269461078
A_PA	610	167	A	1	0	167	38.4910179640719
A_PA	611	167	A	1	0	166	39.644578313253
A_PA	612	167	A	1	0	166	38.3253012048193
A_PA	613	167	T	1	0	167	38.1437125748503
A_PA	614	167	T	1	0	167	39.0119760479042
A_PA	615	167	T	1	0	166	39.6987951807229
A_PA	616	167	G	1	0	166	38.789156626506
A_PA	617	168	A	0	0	168	39.1666666666667
A_PA	618	168	A	0	0	168	40.3273809523809
A_PA	619	168	A	0	0	168	40.4404761904762
A_PA	620	168	T	0	0	168	40.5297619047619
A_PA	621	168	C	0	0	168	40.7619047619048
A_PA	622	168	A	0	0	168	39.4464285714286
A_PA	623	168	C	0	0	168	38.8273809523809
A_PA	624	167	A	1	0	167	37.9101796407186
A_PA	625	166	G	2	0	166	38
A_PA	626	167	G	1	0	167	37.940119760479
A_PA	627	167	G	1	0	166	38.8072289156626
A_PA	628	167	A	1	0	165	40.3333333333333
A_PA	629	168	C	0	0	166	40.9518072289157
A_PA	630	168	T	0	0	168	40.7619047619048
A_PA	631	168	A	0	0	167	40.3053892215569
A_PA	632	168	T	0	0	168	41.125
A_PA	633	167	G	1	0	167	40.6407185628742
A_PA	634	166	C	2	0	164	39.9817073170732
A_PA	635	166	G	2	0	166	39.3313253012048
A_PA	636	166	C	2	0	166	39.433734939759
A_PA	637	167	A	1	0	167	39.1377245508982
A_PA	638	168	G	0	0	168	39.9880952380952
A_PA	639	168	G	0	0	167	40.4491017964072
A_PA	640	168	C	0	0	168	40.7261904761905
A_PA	641	168	T	0	0	168	40.0357142857143
A_PA	642	171	T	1	0	171	40.672514619883
A_PA	643	170	G	2	0	170	38.8764705882353
A_PA	644	171	C	1	0	171	40.1228070175439
A_PA	645	171	C	1	0	170	39.0411764705882
A_PA	646	172	G	0	0	169	38.1360946745562
A_PA	647	171	A	1	0	171	37.5380116959064
A_PA	648	171	C	1	0	171	38.1461988304094
A_PA	649	171	C	1	0	167	38.1736526946108
A_PA	650	167	A	5	0	167	37.8922155688623
A_PA	651	171	A	1	0	170	37.5352941176471
A_PA	652	171	A	1	0	169	39.2840236686391
A_PA	653	170	G	2	0	169	38.189349112426
A_PA	654	171	T	1	0	168	38.7083333333333
A_PA	655	171	C	1	0	170	38.3529411764706
A_PA	656	171	T	1	0	170	38.6294117647059
A_PA	657	171	C	1	0	169	37.8579881656805
A_PA	658	172	C	0	0	171	36.9824561403509
A_PA	659	172	C	0	0	171	36.1754385964912
A_PA	660	170	A	2	0	169	35.0355029585799
A_PA	661	171	C	1	0	170	34.4411764705882
A_PA	662	170	C	2	0	169	34.9704142011834
A_PA	663	170	G	2	0	168	33.9642857142857
A_PA	664	171	A	1	0	171	33.8830409356725
A_PA	665	172	A	0	0	172	35.453488372093
A_PA	666	172	C	0	0	171	35.7368421052632
A_PA	667	172	T	0	0	170	36.8058823529412
A_PA	668	171	T	1	0	171	36.8713450292398
A_PA	669	171	C	1	0	171	36.5672514619883
A_PA	670	171	T	1	0	171	36.4912280701754
A_PA	671	171	C	1	0	171	36.8304093567251
A_PA	672	172	C	0	0	172	37.2674418604651
A_PA	673	172	T	0	0	172	37.6453488372093
A_PA	674	172	G	0	0	172	37.3662790697674
A_PA	675	172	C	0	0	172	37.6976744186046
A_PA	676	172	C	0	0	172	37.703488372093
A_PA	677	172	T	0	0	172	37.0523255813954
A_PA	678	172	T	0	0	172	36.7325581395349
A_PA	679	172	G	0	0	171	34.6432748538012
A_PA	680	171	A	1	0	171	34.6432748538012
A_PA	681	172	G	0	0	172	36.9709302325581
A_PA	682	171	A	1	0	171	38.5964912280702
A_PA	683	173	A	0	0	173	38.6473988439306
A_PA	684	173	T	0	0	173	38.5086705202312
A_PA	685	173	T	0	0	173	39.0462427745665
A_PA	686	173	T	0	0	173	39.150289017341
A_PA	687	173	T	0	0	173	39.0346820809249
A_PA	688	173	A	0	0	173	38
A_PA	689	173	G	0	0	173	36.8843930635838
A_PA	690	173	A	0	0	173	36.8670520231214
A_PA	691	173	G	0	0	173	37.3179190751445
A_PA	692	173	C	0	0	173	37.8554913294798
A_PA	693	173	C	0	0	173	37.6763005780347
A_PA	694	173	T	0	0	173	38.5433526011561
A_PA	695	173	A	0	0	173	38.6242774566474
A_PA	696	173	T	0	0	173	39.1329479768786
A_PA	697	173	G	0	0	173	40.635838150289
A_PA	698	173	T	0	0	173	41.6763005780347
A_PA	699	173	G	0	0	173	40.5549132947977
A_PA	700	172	G	1	0	172	40.5872093023256
A_PA	701	172	A	1	0	172	40.2441860465116
A_PA	702	172	T	1	0	172	39.6511627906977
A_PA	703	172	G	1	0	171	38.7836257309942
A_PA	704	172	G	1	0	172	38.5406976744186
A_PA	705	172	A	1	0	172	38.2558139534884
A_PA	706	172	T	1	0	170	39.6470588235294
A_PA	707	172	T	1	0	172	40.7441860465116
A_PA	708	170	C	3	0	169	41.2603550295858
A_PA	709	170	G	3	0	169	40.094674556213
A_PA	710	171	A	2	0	169	39.4792899408284
A_PA	711	172	A	1	0	172	39.5639534883721
A_PA	712	171	C	2	0	171	39.187134502924
A_PA	713	172	C	1	0	171	37.9005847953216
A_PA	714	172	G	1	0	168	36.5654761904762
A_PA	715	172	A	1	0	171	37.1286549707602
A_PA	716	173	A	0	0	173	37.2601156069364
A_PA	717	173	C	0	0	172	37.3313953488372
A_PA	718	173	G	0	0	169	38.0177514792899
A_PA	719	173	G	0	0	173	39.3179190751445
A_PA	720	173	C	0	0	171	39.9181286549708
A_PA	721	173	T	0	0	173	39.6127167630058
A_PA	722	173	G	0	0	173	39.1791907514451
A_PA	723	173	C	0	0	173	39.8612716763006
A_PA	724	173	A	0	0	173	39.242774566474
A_PA	725	173	T	0	0	173	39.7167630057803
A_PA	726	173	T	0	0	170	39.8529411764706
A_PA	727	172	G	0	0	169	39.4792899408284
A_PA	728	172	A	0	0	171	40.4853801169591
A_PA	729	172	G	0	0	170	40.0470588235294
A_PA	730	172	G	0	0	171	38.8011695906433
A_PA	731	168	G	4	0	168	38.0416666666667
A_PA	732	167	C	5	0	165	37.9090909090909
A_PA	733	170	A	2	0	170	37.3352941176471
A_PA	734	172	A	0	0	172	37.8604651162791
A_PA	735	172	G	0	0	170	38.4235294117647
A_PA	736	172	C	0	0	172	37.8604651162791
A_PA	737	171	T	1	0	171	38.8070175438597
A_PA	738	172	T	0	0	172	39.6046511627907
A_PA	739	172	T	0	0	172	39.3837209302326
A_PA	740	171	C	1	0	171	37.9649122807018
A_PA	741	171	T	1	0	170	39.0058823529412
A_PA	742	170	C	2	0	170	38.2941176470588
A_PA	743	170	A	2	0	169	37.3846153846154
A_PA	744	172	A	0	0	170	37.7764705882353
A_PA	745	172	A	0	0	172	37.156976744186
A_PA	746	172	T	0	0	169	35.887573964497
A_PA	747	172	G	0	0	172	37.9593023255814
A_PA	748	172	T	0	0	172	40.2441860465116
A_PA	749	172	C	0	0	171	40.5614035087719
A_PA	750	172	C	0	0	172	40.5988372093023
A_PA	751	172	A	0	0	172	40.7558139534884
A_PA	752	172	A	0	0	172	41.0406976744186
A_PA	753	172	A	0	0	172	41.1511627906977
A_PA	754	172	G	0	0	172	41.1860465116279
A_PA	755	172	A	0	0	172	42.1511627906977
A_PA	756	172	A	0	0	172	42.1046511627907
A_PA	757	172	G	0	0	172	40.656976744186
A_PA	758	172	T	0	0	172	40.5
A_PA	759	172	G	0	0	172	38.6453488372093
A_PA	760	172	A	0	0	172	39.7674418604651
A_PA	761	172	A	0	0	172	39.5406976744186
A_PA	762	172	T	0	0	172	40.1744186046512
A_PA	763	172	G	0	0	172	39.4011627906977
A_PA	764	172	C	0	0	172	40.2209302325581
A_PA	765	172	C	0	0	172	40.5406976744186
A_PA	766	172	C	0	0	171	40.1929824561403
A_PA	767	170	A	2	0	170	39.8764705882353
A_PA	768	172	A	0	0	172	39.9883720930233
A_PA	769	171	A	1	0	171	39.9766081871345
A_PA	770	171	T	1	0	171	38.9473684210526
A_PA	771	172	T	0	0	171	39.093567251462
A_PA	772	172	G	0	0	171	39.1695906432749
A_PA	773	172	A	0	0	172	39.9593023255814
A_PA	774	172	A	0	0	172	39.9941860465116
A_PA	775	172	C	0	0	171	39
A_PA	776	172	C	0	0	172	38.4883720930233
A_PA	777	170	T	2	0	170	38.8764705882353
A_PA	778	171	T	1	0	171	38.672514619883
A_PA	779	172	T	0	0	172	40.0581395348837
A_PA	780	171	T	1	0	170	40.9352941176471
A_PA	781	171	C	1	0	170	39.5588235294118
A_PA	782	171	T	1	0	170	39.9941176470588
A_PA	783	163	A	9	0	161	38.1366459627329
A_PA	784	172	A	0	0	172	38.2906976744186
A_PA	785	172	A	0	0	172	37.9244186046512
A_PA	786	172	G	0	0	172	39.2790697674419
A_PA	787	172	A	0	0	172	39.9244186046512
A_PA	788	172	C	0	0	172	40.1162790697674
A_PA	789	172	A	0	0	171	39.5672514619883
A_PA	790	172	A	0	0	172	39.5581395348837
A_PA	791	172	C	0	0	172	39.3488372093023
A_PA	792	172	A	0	0	172	38.843023255814
A_PA	793	172	C	0	0	171	38.7426900584795
A_PA	794	172	C	0	0	171	39.093567251462
A_PA	795	172	A	0	0	172	37.8488372093023
A_PA	796	172	A	0	0	171	37.1286549707602
A_PA	797	172	G	0	0	171	37.5204678362573
A_PA	798	172	A	0	0	171	38.187134502924
A_PA	799	172	C	0	0	172	38.1104651162791
A_PA	800	171	C	0	0	171	37.9122807017544
A_PA	801	171	A	0	0	171	38.233918128655
A_PA	802	171	A	0	0	171	39.1111111111111
A_PA	803	171	T	0	0	171	39.5906432748538
A_PA	804	171	C	0	0	171	40.2690058479532
A_PA	805	171	A	0	0	171	40.4912280701754
A_PA	806	171	A	0	0	171	40.4210526315789
A_PA	807	171	A	0	0	171	40.0292397660819
A_PA	808	171	C	0	0	171	39.9415204678363
A_PA	809	171	T	0	0	171	40.5380116959064
A_PA	810	171	T	0	0	171	40.7426900584795
A_PA	811	171	C	0	0	171	40.5438596491228
A_PA	812	171	C	0	0	171	40.5321637426901
A_PA	813	171	T	0	0	171	41.5321637426901
A_PA	814	171	A	0	0	171	39.9298245614035
A_PA	815	171	G	0	0	171	40.2397660818713
A_PA	816	171	T	0	0	171	40.0175438596491
A_PA	817	171	G	0	0	171	39.8947368421053
A_PA	818	171	G	0	0	171	41.0643274853801
A_PA	819	171	A	0	0	171	42.1111111111111
A_PA	820	171	C	0	0	171	42.187134502924
A_PA	821	171	C	0	0	170	42.0647058823529
A_PA	822	172	T	0	0	171	41.8888888888889
A_PA	823	172	C	0	0	172	41.9244186046512
A_PA	824	172	C	0	0	172	41.5523255813954
A_PA	825	172	T	0	0	172	41.8023255813954
A_PA	826	172	T	0	0	172	42.1918604651163
A_PA	827	172	G	0	0	172	41.2441860465116
A_PA	828	172	T	0	0	172	41.6976744186046
A_PA	829	172	T	0	0	172	42.1744186046512
A_PA	830	172	A	0	0	172	41.4302325581395
A_PA	831	172	T	0	0	172	41.1976744186046
A_PA	832	172	C	0	0	171	39.6783625730994
A_PA	833	172	A	0	0	171	40.0701754385965
A_PA	834	171	G	1	0	171	39.6198830409357
A_PA	835	172	C	0	0	172	39.1686046511628
A_PA	836	172	G	0	0	171	38.0058479532164
A_PA	837	172	A	0	0	172	38.9418604651163
A_PA	838	172	T	0	0	172	39.6686046511628
A_PA	839	172	C	0	0	170	39.5529411764706
A_PA	840	172	C	0	0	172	39.8604651162791
A_PA	841	171	A	1	0	171	39.6140350877193
A_PA	842	172	A	0	0	172	39.1802325581395
A_PA	843	172	A	0	0	170	39.3352941176471
A_PA	844	171	T	1	0	171	39.2105263157895
A_PA	845	169	T	3	0	169	40
A_PA	846	170	C	2	0	169	40.4970414201183
A_PA	847	170	C	2	0	170	40.8176470588235
A_PA	848	172	T	0	0	172	41.1220930232558
A_PA	849	172	C	0	0	172	41.0523255813954
A_PA	850	172	C	0	0	172	41.796511627907
A_PA	851	172	T	0	0	172	41.4825581395349
A_PA	852	170	G	2	0	169	40.8816568047337
A_PA	853	172	A	0	0	172	42.1337209302326
A_PA	854	172	T	0	0	172	41.8023255813954
A_PA	855	171	G	0	0	171	41.0584795321637
A_PA	856	171	G	0	0	171	41.5730994152047
A_PA	857	171	A	0	0	170	41.9117647058824
A_PA	858	171	T	0	0	171	42.1812865497076
A_PA	859	171	G	0	0	171	41.4678362573099
A_PA	860	171	C	0	0	171	41.2748538011696
A_PA	861	171	T	0	0	171	40.3450292397661
A_PA	862	171	T	0	0	169	40.3372781065089
A_PA	863	171	T	0	0	171	39.9824561403509
A_PA	864	171	G	0	0	170	37.4882352941176
A_PA	865	171	A	0	0	171	39.3391812865497
A_PA	866	171	A	0	0	171	40.4152046783626
A_PA	867	171	A	0	0	171	40.8479532163743
A_PA	868	171	T	0	0	171	41.1111111111111
A_PA	869	171	T	0	0	171	40.1169590643275
A_PA	870	171	G	0	0	171	39.1754385964912
A_PA	871	171	A	0	0	171	39.7485380116959
A_PA	872	171	G	0	0	171	39.5087719298246
A_PA	873	171	C	0	0	170	38.7058823529412
A_PA	874	171	A	0	0	171	39.3099415204678
A_PA	875	171	T	0	0	171	39.4912280701754
A_PA	876	171	T	0	0	171	40.0701754385965
A_PA	877	171	G	0	0	171	39.719298245614
A_PA	878	171	A	0	0	171	40.7426900584795
A_PA	879	171	A	0	0	171	40.8362573099415
A_PA	880	171	G	0	0	170	40.3411764705882
A_PA	881	170	A	1	0	170	40.6411764705882
A_PA	882	169	C	2	0	168	40.7023809523809
A_PA	883	171	C	0	0	170	40.7
A_PA	884	171	C	0	0	170	40.2
A_PA	885	171	A	0	0	171	40.0350877192982
A_PA	886	171	A	0	0	171	41.1988304093567
A_PA	887	171	G	0	0	171	40.6491228070175
A_PA	888	171	T	0	0	170	41.2588235294118
A_PA	889	171	C	0	0	171	40.2280701754386
A_PA	890	171	A	0	0	170	40.9941176470588
A_PA	891	171	C	0	0	171	39.5380116959064
A_PA	892	171	G	0	0	171	36.7076023391813
A_PA	893	171	A	0	0	171	37.4736842105263
A_PA	894	171	A	0	0	170	37.2529411764706
A_PA	895	171	G	0	0	170	37.4294117647059
A_PA	896	170	G	1	0	170	38.3882352941176
A_PA	897	170	A	1	0	169	40.7337278106509
A_PA	898	171	G	0	0	171	40.5730994152047
A_PA	899	171	A	0	0	171	40.5964912280702
A_PA	900	171	A	0	0	171	39.8070175438597
A_PA	901	171	G	0	0	171	38.4502923976608
A_PA	902	171	G	0	0	171	39.5029239766082
A_PA	903	171	G	0	0	170	39.8941176470588
A_PA	904	171	A	0	0	170	39.9294117647059
A_PA	905	171	T	0	0	170	40.4352941176471
A_PA	906	171	C	0	0	170	37.3823529411765
A_PA	907	171	C	0	0	171	37.6374269005848
A_PA	908	170	C	0	0	169	37.3076923076923
A_PA	909	170	A	0	0	168	37.0654761904762
A_PA	910	170	T	0	0	170	36.9294117647059
A_PA	911	170	T	0	0	170	38.3529411764706
A_PA	912	170	A	0	0	170	37.5941176470588
A_PA	913	170	T	0	0	168	38.2380952380952
A_PA	914	170	A	0	0	168	39.5654761904762
A_PA	915	171	T	0	0	170	37.9058823529412
A_PA	916	171	G	0	0	170	38.1941176470588
A_PA	917	170	A	1	0	170	39.8470588235294
A_PA	918	170	T	1	0	168	39.7738095238095
A_PA	919	170	G	1	0	168	39.7678571428571
A_PA	920	170	C	1	0	170	40.0411764705882
A_PA	921	171	A	0	0	171	39.4152046783626
A_PA	922	171	A	0	0	171	39.374269005848
A_PA	923	171	T	0	0	171	39.7719298245614
A_PA	924	171	C	0	0	169	39
A_PA	925	171	A	0	0	170	38.5588235294118
A_PA	926	171	A	0	0	170	39.4117647058824
A_PA	927	171	A	0	0	171	38.6783625730994
A_PA	928	171	T	0	0	170	38.6294117647059
A_PA	929	171	G	0	0	168	38.4464285714286
A_PA	930	171	C	0	0	171	37.9941520467836
A_PA	931	171	A	0	0	171	37.6783625730994
A_PA	932	171	T	0	0	171	38.4619883040936
A_PA	933	171	G	0	0	170	37.5
A_PA	934	171	A	0	0	171	39.6315789473684
A_PA	935	171	A	0	0	170	39.6705882352941
A_PA	936	171	A	0	0	171	40.8479532163743
A_PA	937	171	A	0	0	171	41.327485380117
A_PA	938	170	C	1	0	170	41.3529411764706
A_PA	939	170	A	1	0	169	39.6745562130178
A_PA	940	170	T	1	0	170	39.2117647058824
A_PA	941	170	T	1	0	170	38.8823529411765
A_PA	942	171	C	0	0	169	37.207100591716
A_PA	943	171	T	0	0	170	37.0058823529412
A_PA	944	171	T	0	0	171	37.766081871345
A_PA	945	171	T	0	0	170	37.5529411764706
A_PA	946	171	G	0	0	170	34.6882352941176
A_PA	947	171	G	0	0	171	36.3157894736842
A_PA	948	171	A	0	0	171	37.3859649122807
A_PA	949	171	T	0	0	171	38.9239766081871
A_PA	950	171	G	0	0	171	38.1169590643275
A_PA	951	171	G	0	0	171	38.7426900584795
A_PA	952	171	A	0	0	169	39.1834319526627
A_PA	953	171	A	0	0	171	40.1111111111111
A_PA	954	171	A	0	0	170	41.4823529411765
A_PA	955	171	G	0	0	169	40.5147928994083
A_PA	956	171	A	0	0	171	40.2105263157895
A_PA	957	171	A	0	0	169	41.1242603550296
A_PA	958	171	C	0	0	170	40.0117647058824
A_PA	959	171	C	0	0	170	39.8117647058824
A_PA	960	171	T	0	0	171	40.9883040935673
A_PA	961	171	T	0	0	170	40.8235294117647
A_PA	962	171	G	0	0	171	40.4795321637427
A_PA	963	170	T	1	0	170	39.9411764705882
A_PA	964	171	A	0	0	171	40.9005847953216
A_PA	965	171	T	0	0	171	40.8187134502924
A_PA	966	171	A	0	0	171	40.233918128655
A_PA	967	171	G	0	0	170	39.9058823529412
A_PA	968	171	T	0	0	170	39.4117647058824
A_PA	969	171	C	0	0	171	39.4269005847953
A_PA	970	171	A	0	0	171	40.0760233918129
A_PA	971	171	A	0	0	171	39.8479532163743
A_PA	972	171	A	0	0	171	40.1461988304094
A_PA	973	171	C	0	0	171	40.906432748538
A_PA	974	171	C	0	0	171	40.0058479532164
A_PA	975	171	A	0	0	171	39.9239766081871
A_PA	976	171	C	0	0	171	40.2631578947368
A_PA	977	171	A	0	0	171	39.812865497076
A_PA	978	170	C	0	0	170	40.1882352941176
A_PA	979	167	G	3	0	164	38.6646341463415
A_PA	980	167	A	3	0	167	37.8862275449102
A_PA	981	169	A	1	0	169	37.9112426035503
A_PA	982	170	A	0	0	170	38.9764705882353
A_PA	983	170	A	0	0	169	40.3550295857988
A_PA	984	170	G	0	0	168	40.4404761904762
A_PA	985	170	G	0	0	170	41.6705882352941
A_PA	986	170	G	0	0	170	40.6941176470588
A_PA	987	169	A	1	0	168	40.5059523809524
A_PA	988	168	A	1	0	166	41.6265060240964
A_PA	989	168	T	1	0	164	42.0365853658537
A_PA	990	167	A	2	0	167	40.8682634730539
A_PA	991	169	A	0	0	169	41.5976331360947
A_PA	992	169	A	0	0	169	41.0710059171598
A_PA	993	169	T	0	0	169	40.6272189349112
A_PA	994	169	T	0	0	167	41.377245508982
A_PA	995	169	C	0	0	167	41.2694610778443
A_PA	996	169	A	0	0	169	41.0295857988166
A_PA	997	169	A	0	0	169	42.0059171597633
A_PA	998	169	A	1	0	169	42.5147928994083
A_PA	999	169	T	1	0	169	42.585798816568
A_PA	1000	169	T	1	0	169	43.5621301775148
A_PA	1001	170	A	0	0	169	41.9526627218935
A_PA	1002	170	C	0	0	170	41.6294117647059
A_PA	1003	170	C	0	0	169	41.0591715976331
A_PA	1004	170	T	0	0	170	41.2588235294118
A_PA	1005	170	G	0	0	170	41.0941176470588
A_PA	1006	170	C	0	0	169	42.6390532544379
A_PA	1007	170	T	0	0	170	42.6823529411765
A_PA	1008	170	G	0	0	170	43.1764705882353
A_PA	1009	170	T	0	0	170	43.6764705882353
A_PA	1010	170	C	0	0	169	43.3195266272189
A_PA	1011	170	A	0	0	169	44.0236686390533
A_PA	1012	170	T	0	0	170	43.1941176470588
A_PA	1013	169	G	1	0	169	42.3905325443787
A_PA	1014	169	G	1	0	169	42.6745562130178
A_PA	1015	169	A	2	0	169	42.3254437869822
A_PA	1016	171	A	0	0	171	41.4093567251462
A_PA	1017	171	G	0	0	169	41.9349112426035
A_PA	1018	170	C	1	0	170	41.6
A_PA	1019	171	A	0	0	171	40.0643274853801
A_PA	1020	171	A	0	0	170	40.0235294117647
A_PA	1021	171	G	0	0	171	39.9824561403509
A_PA	1022	171	T	0	0	171	41.2222222222222
A_PA	1023	171	A	0	0	171	40.9883040935673
A_PA	1024	171	C	0	0	171	40.8888888888889
A_PA	1025	171	T	0	0	171	41.7953216374269
A_PA	1026	171	G	0	0	171	41.0994152046784
A_PA	1027	171	T	0	0	171	39.7602339181287
A_PA	1028	171	C	0	0	171	39.719298245614
A_PA	1029	171	A	0	0	171	40.1111111111111
A_PA	1030	171	G	0	0	170	39.4529411764706
A_PA	1031	171	A	0	0	171	38.6959064327485
A_PA	1032	171	A	0	0	171	39.9005847953216
A_PA	1033	171	T	0	0	171	40.9707602339181
A_PA	1034	171	T	0	0	171	40.5029239766082
A_PA	1035	184	G	0	0	184	39.0597826086956
A_PA	1036	184	C	0	0	184	40.0380434782609
A_PA	1037	185	A	0	0	184	39.3858695652174
A_PA	1038	185	G	0	0	185	39.5567567567568
A_PA	1039	185	G	0	0	185	38.7135135135135
A_PA	1040	185	A	0	0	185	39.9243243243243
A_PA	1041	184	C	1	0	183	39.9071038251366
A_PA	1042	185	A	0	0	185	39.3945945945946
A_PA	1043	185	T	0	0	185	39.9621621621622
A_PA	1044	185	T	0	0	185	40.0540540540541
A_PA	1045	185	G	0	0	184	40.2173913043478
A_PA	1046	185	A	0	0	185	40.2972972972973
A_PA	1047	185	A	0	0	185	40.8162162162162
A_PA	1048	185	A	0	0	185	41.227027027027
A_PA	1049	185	A	0	0	184	40.7826086956522
A_PA	1050	185	T	0	0	185	39.6
A_PA	1051	184	G	1	0	184	38.0489130434783
A_PA	1052	185	A	1	0	185	37.4972972972973
A_PA	1053	185	G	1	0	185	38.1459459459459
A_PA	1054	186	G	0	0	186	38.241935483871
A_PA	1055	186	A	0	0	185	38.6432432432432
A_PA	1056	186	G	0	0	184	39.25
A_PA	1057	186	A	0	0	186	40.6129032258064
A_PA	1058	186	A	0	0	186	40.8440860215054
A_PA	1059	186	G	0	0	186	40.0591397849462
A_PA	1060	186	A	0	0	182	39.9175824175824
A_PA	1061	186	T	0	0	186	38.494623655914
A_PA	1062	186	T	0	0	184	37.8260869565217
A_PA	1063	186	C	0	0	185	37.5459459459459
A_PA	1064	185	C	1	0	184	37.2065217391304
A_PA	1065	183	A	3	0	182	37.2142857142857
A_PA	1066	183	A	3	0	183	37.8415300546448
A_PA	1067	183	G	3	0	180	39.7555555555556
A_PA	1068	186	A	0	0	186	39.6881720430108
A_PA	1069	186	A	0	0	186	40.5698924731183
A_PA	1070	185	C	1	0	185	39.4054054054054
A_PA	1071	186	T	0	0	184	39.570652173913
A_PA	1072	185	A	1	0	185	39.1513513513514
A_PA	1073	186	A	0	0	184	40.0108695652174
A_PA	1074	186	A	0	0	186	39.9408602150538
A_PA	1075	186	A	0	0	186	40.3225806451613
A_PA	1076	186	A	0	0	186	41.3763440860215
A_PA	1077	186	C	0	0	186	40.7634408602151
A_PA	1078	186	A	0	0	186	40.4354838709677
A_PA	1079	186	T	0	0	186	40.1290322580645
A_PA	1080	186	G	0	0	186	39.4677419354839
A_PA	1081	186	A	0	0	186	40.2043010752688
A_PA	1082	186	A	0	0	186	40.5913978494624
A_PA	1083	186	G	0	0	186	41.010752688172
A_PA	1084	186	A	0	0	185	42.7027027027027
A_PA	1085	186	A	0	0	186	42.1666666666667
A_PA	1086	186	A	0	0	186	42.2634408602151
A_PA	1087	186	A	0	0	184	41.9945652173913
A_PA	1088	186	C	0	0	185	41.4648648648649
A_PA	1089	184	G	2	0	183	39.4644808743169
A_PA	1090	185	A	1	0	185	39.1243243243243
A_PA	1091	185	G	1	0	185	38.9405405405405
A_PA	1092	185	T	1	0	185	39.0216216216216
A_PA	1093	185	C	1	0	180	39.1611111111111
A_PA	1094	186	A	0	0	185	38.9189189189189
A_PA	1095	185	A	1	0	185	39.1081081081081
A_PA	1096	185	C	1	0	185	39.4594594594595
A_PA	1097	186	T	0	0	185	39.7135135135135
A_PA	1098	186	G	0	0	185	40.2648648648649
A_PA	1099	186	A	0	0	186	40.8709677419355
A_PA	1100	186	A	0	0	186	40.510752688172
A_PA	1101	186	G	0	0	186	40.7311827956989
A_PA	1102	186	T	0	0	186	40.6451612903226
A_PA	1103	186	G	0	0	186	39.6451612903226
A_PA	1104	186	G	0	0	185	40.4756756756757
A_PA	1105	186	G	0	0	186	39.758064516129
A_PA	1106	186	C	0	0	185	40.3027027027027
A_PA	1107	186	T	0	0	185	40.8324324324324
A_PA	1108	186	C	0	0	184	39.8641304347826
A_PA	1109	186	T	0	0	185	40.8972972972973
A_PA	1110	185	T	1	0	185	40.5567567567568
A_PA	1111	185	G	1	0	185	39.427027027027
A_PA	1112	186	G	0	0	186	40.2258064516129
A_PA	1113	186	T	0	0	185	40.7945945945946
A_PA	1114	186	G	0	0	186	40.3225806451613
A_PA	1115	185	A	1	0	182	41.0549450549451
A_PA	1116	186	A	0	0	185	41.0540540540541
A_PA	1117	186	A	0	0	184	41.4239130434783
A_PA	1118	186	A	0	0	186	41.8602150537634
A_PA	1119	186	C	0	0	186	41.6720430107527
A_PA	1120	186	A	0	0	185	41.7189189189189
A_PA	1121	186	T	0	0	185	41.2594594594595
A_PA	1122	185	G	1	0	182	39.3626373626374
A_PA	1123	185	G	1	0	184	39.2119565217391
A_PA	1124	185	C	1	0	184	38.4565217391304
A_PA	1125	185	A	1	0	183	38.6885245901639
A_PA	1126	183	C	3	0	183	39.4371584699454
A_PA	1127	184	C	2	0	184	39.6576086956522
A_PA	1128	185	A	1	0	183	38.6229508196721
A_PA	1129	185	G	1	0	185	39.1945945945946
A_PA	1130	186	A	0	0	186	39.0591397849462
A_PA	1131	186	G	0	0	185	40.2486486486486
A_PA	1132	186	A	0	0	186	39.8548387096774
A_PA	1133	186	A	0	0	185	39.9189189189189
A_PA	1134	186	G	0	0	186	40.4677419354839
A_PA	1135	186	G	0	0	186	40.9193548387097
A_PA	1136	186	T	0	0	184	40.9402173913044
A_PA	1137	186	A	0	0	185	39.4756756756757
A_PA	1138	186	G	0	0	185	38.8810810810811
A_PA	1139	185	A	1	0	184	39.1630434782609
A_PA	1140	184	C	2	0	181	38.7403314917127
A_PA	1141	182	T	4	0	180	38.8055555555556
A_PA	1142	184	T	2	0	184	38.3586956521739
A_PA	1143	185	T	1	0	184	38.6630434782609
A_PA	1144	186	G	0	0	184	36.0923913043478
A_PA	1145	185	A	1	0	185	37.3945945945946
A_PA	1146	185	A	1	0	185	38.8324324324324
A_PA	1147	186	A	0	0	186	39.6451612903226
A_PA	1148	186	A	0	0	186	40.3225806451613
A_PA	1149	186	C	0	0	185	39.0378378378378
A_PA	1150	186	T	0	0	186	39.4838709677419
A_PA	1151	186	G	0	0	185	38.627027027027
A_PA	1152	186	C	0	0	186	38.7795698924731
A_PA	1153	186	A	0	0	186	37.8440860215054
A_PA	1154	184	G	2	0	183	39.6393442622951
A_PA	1155	185	A	1	0	184	38.9184782608696
A_PA	1156	185	G	1	0	184	39.320652173913
A_PA	1157	186	A	0	0	186	39.1344086021505
A_PA	1158	187	C	0	0	186	39.8763440860215
A_PA	1159	187	A	0	0	187	40.2994652406417
A_PA	1160	187	T	0	0	187	40.5935828877005
A_PA	1161	187	A	0	0	187	39.3208556149733
A_PA	1162	187	A	0	0	186	38.989247311828
A_PA	1163	186	G	1	0	186	39.8978494623656
A_PA	1164	187	C	0	0	186	39.489247311828
A_PA	1165	187	G	0	0	185	39.8324324324324
A_PA	1166	187	A	0	0	187	39.4438502673797
A_PA	1167	187	T	0	0	187	39.8181818181818
A_PA	1168	187	T	0	0	186	39.6989247311828
A_PA	1169	187	T	0	0	187	41.1497326203209
A_PA	1170	187	G	0	0	185	41.6432432432432
A_PA	1171	187	A	0	0	187	41.3048128342246
A_PA	1172	187	A	0	0	187	41.2085561497326
A_PA	1173	187	G	0	0	186	41.0161290322581
A_PA	1174	187	C	0	0	187	41.3582887700535
A_PA	1175	187	A	0	0	186	41.1344086021505
A_PA	1176	187	A	0	0	187	42.1657754010695
A_PA	1177	186	T	1	0	186	42.3333333333333
A_PA	1178	186	A	1	0	185	42.172972972973
A_PA	1179	186	T	1	0	186	41.6666666666667
A_PA	1180	186	G	1	0	186	41.3978494623656
A_PA	1181	187	A	0	0	187	41.1283422459893
A_PA	1182	187	T	0	0	186	41.2849462365591
A_PA	1183	187	A	0	0	187	40.8342245989305
A_PA	1184	187	G	0	0	187	41.2620320855615
A_PA	1185	187	T	0	0	187	41.8181818181818
A_PA	1186	187	G	0	0	187	41.6096256684492
A_PA	1187	187	A	0	0	187	42.6631016042781
A_PA	1188	187	A	0	0	187	42.7807486631016
A_PA	1189	187	G	0	0	187	42.7593582887701
A_PA	1190	187	A	0	0	187	43.2513368983957
A_PA	1191	187	A	0	0	187	42.807486631016
A_PA	1192	187	C	0	0	187	42.2566844919786
A_PA	1193	187	C	0	0	187	41.3903743315508
A_PA	1194	192	T	0	0	191	41.4712041884817
A_PA	1195	191	G	1	0	191	41.3717277486911
A_PA	1196	192	A	0	0	192	41.7708333333333
A_PA	1197	192	A	0	0	192	42.4166666666667
A_PA	1198	192	T	0	0	192	43.4479166666667
A_PA	1199	192	T	0	0	191	43.0104712041885
A_PA	1200	191	A	1	0	191	42.9319371727749
A_PA	1201	191	A	1	0	191	43.2460732984293
A_PA	1202	191	G	1	0	191	43.020942408377
A_PA	1203	192	G	0	0	192	41.90625
A_PA	1204	192	T	0	0	192	42.4270833333333
A_PA	1205	192	C	0	0	192	41.046875
A_PA	1206	192	A	0	0	192	41.1822916666667
A_PA	1207	192	C	0	0	192	40.4947916666667
A_PA	1208	192	T	0	0	192	41.1875
A_PA	1209	192	C	0	0	192	41.3385416666667
A_PA	1210	192	T	0	0	191	41.5287958115183
A_PA	1211	192	C	0	0	192	40.28125
A_PA	1212	192	A	0	0	192	39.4583333333333
A_PA	1213	192	A	0	0	192	38.9635416666667
A_PA	1214	192	G	0	0	192	38.84375
A_PA	1215	192	C	0	0	192	39.796875
A_PA	1216	192	T	0	0	192	39.640625
A_PA	1217	192	G	0	0	192	40.328125
A_PA	1218	192	G	0	0	192	40.2760416666667
A_PA	1219	192	A	0	0	192	40.0416666666667
A_PA	1220	192	T	0	0	192	40.7447916666667
A_PA	1221	191	A	1	0	190	40.2947368421053
A_PA	1222	190	C	1	0	190	40.5473684210526
A_PA	1223	190	A	1	0	190	40.1842105263158
A_PA	1224	190	G	1	0	189	39.9100529100529
A_PA	1225	191	A	0	0	191	39.979057591623
A_PA	1226	191	G	0	0	191	39.282722513089
A_PA	1227	190	T	1	0	189	40.8253968253968
A_PA	1228	190	G	1	0	190	40.2736842105263
A_PA	1229	190	A	1	0	190	41.7105263157895
A_PA	1230	191	G	0	0	190	41.0789473684211
A_PA	1231	191	T	0	0	191	41.5549738219895
A_PA	1232	191	T	0	0	191	41.3507853403141
A_PA	1233	191	C	0	0	191	40.2513089005236
A_PA	1234	191	A	0	0	191	40.4293193717278
A_PA	1235	191	A	0	0	191	39.7120418848168
A_PA	1236	191	C	0	0	191	39.8848167539267
A_PA	1237	191	A	0	0	191	39.7853403141361
A_PA	1238	191	A	0	0	191	39.4764397905759
A_PA	1239	191	G	0	0	191	40.4240837696335
A_PA	1240	191	G	0	0	191	40.6858638743456
A_PA	1241	191	C	0	0	191	41.0628272251309
A_PA	1242	191	C	0	0	191	40.7329842931937
A_PA	1243	191	T	0	0	191	41.0314136125654
A_PA	1244	191	G	0	0	191	41.17277486911
A_PA	1245	191	T	0	0	190	40.7684210526316
A_PA	1246	191	G	0	0	190	40.7
A_PA	1247	191	A	0	0	191	40.6544502617801
A_PA	1248	191	G	0	0	191	40.5602094240838
A_PA	1249	190	C	1	0	190	40.8421052631579
A_PA	1250	191	T	0	0	190	39.6315789473684
A_PA	1251	191	A	0	0	189	39.3068783068783
A_PA	1252	191	A	0	0	191	39.3246073298429
A_PA	1253	191	C	0	0	191	38.9371727748691
A_PA	1254	191	T	0	0	191	39.4502617801047
A_PA	1255	191	G	0	0	191	39.434554973822
A_PA	1256	191	A	0	0	191	39.3298429319372
A_PA	1257	191	T	0	0	191	39.8010471204189
A_PA	1258	191	T	0	0	191	41.0471204188482
A_PA	1259	191	C	0	0	191	40.0471204188482
A_PA	1260	191	A	0	0	191	40.9214659685864
A_PA	1261	191	G	0	0	191	40.4764397905759
A_PA	1262	190	T	1	0	189	40.4179894179894
A_PA	1263	191	C	0	0	189	40.1216931216931
A_PA	1264	191	T	0	0	190	40.8
A_PA	1265	191	G	0	0	190	39.6526315789474
A_PA	1266	191	G	0	0	190	39.178947368421
A_PA	1267	191	A	0	0	190	39.5105263157895
A_PA	1268	191	T	0	0	190	40.0526315789474
A_PA	1269	191	A	0	0	191	39
A_PA	1270	191	G	0	0	190	39.7473684210526
A_PA	1271	191	A	0	0	191	40.2251308900524
A_PA	1272	190	A	1	0	190	40.3684210526316
A_PA	1273	190	C	1	0	190	39.8789473684211
A_PA	1274	191	T	0	0	191	40.0628272251309
A_PA	1275	191	C	0	0	190	40.6
A_PA	1276	191	G	0	0	186	40.6290322580645
A_PA	1277	191	A	0	0	191	40.7120418848168
A_PA	1278	191	T	0	0	191	41.565445026178
A_PA	1279	191	G	0	0	190	41.3789473684211
A_PA	1280	191	A	0	0	191	41.7539267015707
A_PA	1281	191	A	0	0	191	43.0314136125654
A_PA	1282	191	A	0	0	191	41.8586387434555
A_PA	1283	189	T	1	0	189	42.4920634920635
A_PA	1284	190	T	0	0	189	42.010582010582
A_PA	1285	189	G	1	0	188	41.0797872340426
A_PA	1286	190	G	0	0	190	41.4947368421053
A_PA	1287	190	A	0	0	189	42.0476190476191
A_PA	1288	189	G	1	0	188	42.5957446808511
A_PA	1289	190	A	0	0	190	42.6157894736842
A_PA	1290	190	G	0	0	189	41.9523809523809
A_PA	1291	190	G	0	0	190	41.9157894736842
A_PA	1292	190	A	0	0	190	41.2473684210526
A_PA	1293	189	C	1	0	186	41.2043010752688
A_PA	1294	189	G	1	0	188	39.6063829787234
A_PA	1295	190	T	0	0	189	39.5714285714286
A_PA	1296	190	A	0	0	190	38.7052631578947
A_PA	1297	189	G	1	0	188	38.25
A_PA	1298	187	C	3	0	187	38.9572192513369
A_PA	1299	190	C	0	0	190	39.9
A_PA	1300	190	C	0	0	189	40.4391534391534
A_PA	1301	190	C	0	0	189	38.8465608465608
A_PA	1302	190	A	0	0	190	37.7684210526316
A_PA	1303	190	A	0	0	190	40.3842105263158
A_PA	1304	189	T	1	0	189	39.7513227513228
A_PA	1305	190	T	0	0	189	39.4285714285714
A_PA	1306	190	G	0	0	190	40.6315789473684
A_PA	1307	190	A	0	0	189	41.4074074074074
A_PA	1308	190	A	0	0	189	41.015873015873
A_PA	1309	189	C	1	0	189	41.0846560846561
A_PA	1310	190	A	0	0	189	40.968253968254
A_PA	1311	190	C	0	0	189	40.4920634920635
A_PA	1312	190	A	0	0	190	40.6263157894737
A_PA	1313	190	T	0	0	190	40.2789473684211
A_PA	1314	190	T	0	0	190	40.8315789473684
A_PA	1315	190	G	0	0	190	40.321052631579
A_PA	1316	189	C	1	0	189	39.9206349206349
A_PA	1317	190	A	0	0	189	39.5079365079365
A_PA	1318	190	A	0	0	190	40.6052631578947
A_PA	1319	190	G	0	0	190	39.7473684210526
A_PA	1320	190	C	0	0	189	39.7777777777778
A_PA	1321	190	A	0	0	190	38.5368421052632
A_PA	1322	190	T	0	0	190	40.2105263157895
A_PA	1323	190	G	0	0	188	36.9202127659574
A_PA	1324	190	A	0	0	190	37.7368421052632
A_PA	1325	190	G	0	0	190	37.7684210526316
A_PA	1326	188	A	2	0	188	37.7553191489362
A_PA	1327	190	A	0	0	190	39.2105263157895
A_PA	1328	190	G	0	0	190	39.1736842105263
A_PA	1329	190	G	0	0	190	39.0894736842105
A_PA	1330	190	A	0	0	190	39.5947368421053
A_PA	1331	190	A	0	0	190	40.2894736842105
A_PA	1332	190	T	0	0	190	39.7684210526316
A_PA	1333	190	T	0	0	190	40.1105263157895
A_PA	1334	190	A	0	0	190	39.4105263157895
A_PA	1335	190	T	0	0	189	39.8730158730159
A_PA	1336	190	T	0	0	190	39.5947368421053
A_PA	1337	190	T	0	0	189	40.4444444444444
A_PA	1338	190	C	0	0	190	39.1842105263158
A_PA	1339	190	A	0	0	189	39.5238095238095
A_PA	1340	190	C	0	0	190	38.9684210526316
A_PA	1341	190	A	0	0	190	38.2105263157895
A_PA	1342	190	G	0	0	190	38.2105263157895
A_PA	1343	190	C	0	0	190	37.8947368421053
A_PA	1344	190	A	0	0	190	37.8473684210526
A_PA	1345	190	G	0	0	190	39.0736842105263
A_PA	1346	190	A	0	0	189	38.9100529100529
A_PA	1347	190	G	0	0	190	38.4947368421053
A_PA	1348	190	G	0	0	190	39.3789473684211
A_PA	1349	190	T	0	0	190	40.2368421052632
A_PA	1350	190	G	0	0	190	39.2315789473684
A_PA	1351	190	T	0	0	188	39.2074468085106
A_PA	1352	187	C	3	0	186	37.1612903225806
A_PA	1353	190	C	0	0	190	36.9210526315789
A_PA	1354	190	C	0	0	189	36.7301587301587
A_PA	1355	190	A	0	0	189	36.7830687830688
A_PA	1356	190	T	0	0	190	36.4052631578947
A_PA	1357	190	T	0	0	190	38.0263157894737
A_PA	1358	190	G	0	0	190	37.4631578947368
A_PA	1359	190	T	0	0	190	38.0105263157895
A_PA	1360	190	A	0	0	190	38.3789473684211
A_PA	1361	189	G	1	0	188	39.0212765957447
A_PA	1362	190	A	0	0	190	39.2578947368421
A_PA	1363	190	G	0	0	189	39.5502645502646
A_PA	1364	188	C	1	0	187	40.0427807486631
A_PA	1365	189	T	0	0	189	40.2116402116402
A_PA	1366	187	A	2	0	187	40.0695187165775
A_PA	1367	188	C	1	0	187	40.2299465240642
A_PA	1368	188	T	1	0	187	40.5187165775401
A_PA	1369	188	G	1	0	187	39.3422459893048
A_PA	1370	188	A	1	0	188	39.4627659574468
A_PA	1371	188	A	1	0	188	39.2127659574468
A_PA	1372	188	T	1	0	188	39.7127659574468
A_PA	1373	189	A	0	0	189	39.2592592592593
A_PA	1374	189	T	0	0	187	41.2566844919786
A_PA	1375	189	A	0	0	189	41.6243386243386
A_PA	1376	189	T	0	0	189	41.6666666666667
A_PA	1377	189	A	0	0	188	41.1914893617021
A_PA	1378	189	A	0	0	189	41.3492063492063
A_PA	1379	189	T	0	0	187	41.5187165775401
A_PA	1380	189	G	0	0	187	40.3155080213904
A_PA	1381	187	A	2	0	186	39.3817204301075
A_PA	1382	189	A	0	0	187	41.1871657754011
A_PA	1383	188	A	1	0	188	41.4255319148936
A_PA	1384	187	G	2	0	185	41.2864864864865
A_PA	1385	189	G	0	0	189	41.7089947089947
A_PA	1386	189	G	0	0	189	41.5555555555556
A_PA	1387	189	G	0	0	189	41.2328042328042
A_PA	1388	187	T	2	0	185	41.0918918918919
A_PA	1389	189	A	0	0	188	41.0797872340426
A_PA	1390	189	T	0	0	188	40.8936170212766
A_PA	1391	189	A	0	0	188	40.6063829787234
A_PA	1392	188	C	1	0	188	39.7393617021277
A_PA	1393	189	A	0	0	188	39.0212765957447
A_PA	1394	189	T	0	0	189	38.7566137566138
A_PA	1395	189	T	0	0	189	37.3703703703704
A_PA	1396	187	A	2	0	186	37.3494623655914
A_PA	1397	189	A	0	0	189	37.5820105820106
A_PA	1398	189	T	0	0	187	38.1229946524064
A_PA	1399	189	A	0	0	189	37.8835978835979
A_PA	1400	189	C	0	0	189	38.7830687830688
A_PA	1401	189	T	0	0	189	39.1111111111111
A_PA	1402	189	G	0	0	189	38.2962962962963
A_PA	1403	188	C	1	0	188	38.7978723404255
A_PA	1404	189	C	0	0	189	38.5238095238095
A_PA	1405	189	C	0	0	189	38.8835978835979
A_PA	1406	189	T	0	0	189	38.2962962962963
A_PA	1407	188	A	1	0	188	38.1542553191489
A_PA	1408	189	C	0	0	189	38.6878306878307
A_PA	1409	188	T	1	0	186	38.9623655913978
A_PA	1410	188	C	1	0	185	38.4324324324324
A_PA	1411	189	A	0	0	187	37.7272727272727
A_PA	1412	189	A	0	0	189	38.4444444444444
A_PA	1413	189	T	0	0	189	38.4550264550265
A_PA	1414	189	G	0	0	189	37.5873015873016
A_PA	1415	189	C	0	0	189	38.4021164021164
A_PA	1416	189	A	0	0	189	38.7566137566138
A_PA	1417	189	T	0	0	189	38.9470899470899
A_PA	1418	188	C	1	0	188	38.8404255319149
A_PA	1419	189	C	0	0	188	38.968085106383
A_PA	1420	188	T	1	0	187	39.4385026737968
A_PA	1421	189	G	0	0	189	38.8941798941799
A_PA	1422	189	T	0	0	188	39.3936170212766
A_PA	1423	187	G	2	0	187	38.4010695187166
A_PA	1424	188	C	1	0	188	38.3670212765957
A_PA	1425	189	A	0	0	189	37.3544973544974
A_PA	1426	189	G	0	0	189	38.1058201058201
A_PA	1427	189	C	0	0	188	38.5053191489362
A_PA	1428	189	A	0	0	189	38.5449735449735
A_PA	1429	189	A	0	0	189	38.4814814814815
A_PA	1430	189	T	0	0	189	38.5714285714286
A_PA	1431	189	G	0	0	187	38.2513368983957
A_PA	1432	188	G	1	0	186	38.5591397849462
A_PA	1433	188	A	1	0	188	38.4521276595745
A_PA	1434	188	C	1	0	187	37.6256684491979
A_PA	1435	188	G	1	0	186	35.5591397849462
A_PA	1436	188	A	1	0	188	33.6595744680851
A_PA	1437	188	T	1	0	188	33.4308510638298
A_PA	1438	189	T	0	0	189	34.6243386243386
A_PA	1439	189	T	0	0	189	36.7301587301587
A_PA	1440	189	T	0	0	188	37.563829787234
A_PA	1441	188	C	1	0	187	35.7914438502674
A_PA	1442	189	A	0	0	189	38.0634920634921
A_PA	1443	189	A	0	0	189	37.7460317460317
A_PA	1444	189	T	0	0	189	37.4867724867725
A_PA	1445	189	T	0	0	187	38.6310160427808
A_PA	1446	189	A	0	0	188	39.5797872340426
A_PA	1447	189	A	0	0	189	39.5502645502646
A_PA	1448	189	T	0	0	189	40.3333333333333
A_PA	1449	189	C	0	0	188	39.6542553191489
A_PA	1450	189	C	0	0	189	38.6190476190476
A_PA	1451	189	C	0	0	189	39.8571428571429
A_PA	1452	189	C	0	0	186	40.3172043010753
A_PA	1453	189	A	0	0	188	38.7765957446809
A_PA	1454	189	T	0	0	188	39.8351063829787
A_PA	1455	189	G	0	0	189	38.5343915343915
A_PA	1456	189	A	0	0	189	38.9417989417989
A_PA	1457	189	T	0	0	188	39.7712765957447
A_PA	1458	189	A	0	0	188	39.4893617021277
A_PA	1459	188	A	1	0	187	40.0320855614973
A_PA	1460	188	G	1	0	187	39.5614973262032
A_PA	1461	188	C	1	0	187	39.5508021390374
A_PA	1462	189	A	0	0	187	38.2780748663102
A_PA	1463	189	A	0	0	189	37.8624338624339
A_PA	1464	189	G	0	0	187	37.5347593582888
A_PA	1465	188	T	1	0	188	37.5691489361702
A_PA	1466	188	G	1	0	188	36.9574468085106
A_PA	1467	188	C	1	0	187	37.903743315508
A_PA	1468	188	C	1	0	188	36.7978723404255
A_PA	1469	187	G	2	0	180	36.0833333333333
A_PA	1470	188	A	1	0	188	35.0744680851064
A_PA	1471	189	A	0	0	189	35.1851851851852
A_PA	1472	189	C	0	0	187	34.8823529411765
A_PA	1473	188	T	1	0	185	34.9621621621622
A_PA	1474	176	A	13	0	174	36.1379310344828
A_PA	1475	185	A	4	0	185	36.9837837837838
A_PA	1476	185	A	4	0	184	36.695652173913
A_PA	1477	189	G	0	0	187	34.1336898395722
A_PA	1478	189	A	0	0	189	34.9206349206349
A_PA	1479	185	G	4	0	185	37.1783783783784
A_PA	1480	187	G	2	0	187	37.7540106951872
A_PA	1481	186	G	3	0	186	36.758064516129
A_PA	1482	188	A	1	0	187	36.9946524064171
A_PA	1483	189	A	0	0	189	36.978835978836
A_PA	1484	189	G	0	0	187	38.2566844919786
A_PA	1485	188	G	1	0	187	39.1122994652406
A_PA	1486	188	C	1	0	187	38.9786096256684
A_PA	1487	186	G	3	0	184	38.0217391304348
A_PA	1488	188	A	1	0	188	38.063829787234
A_PA	1489	189	A	0	0	188	38.0106382978723
A_PA	1490	189	A	0	0	186	37.8494623655914
A_PA	1491	189	A	0	0	189	38.984126984127
A_PA	1492	189	A	0	0	189	40.1375661375661
A_PA	1493	189	C	0	0	188	38.7340425531915
A_PA	1494	189	C	0	0	188	37.8776595744681
A_PA	1495	190	A	0	0	190	37.7684210526316
A_PA	1496	190	A	0	0	190	37.1947368421053
A_PA	1497	190	T	0	0	190	37.7684210526316
A_PA	1498	189	T	1	0	189	39.037037037037
A_PA	1499	189	T	1	0	186	39.5215053763441
A_PA	1500	189	A	1	0	189	39.0687830687831
A_PA	1501	190	T	0	0	190	39.5473684210526
A_PA	1502	190	A	0	0	190	39.3684210526316
A_PA	1503	189	T	1	0	189	39.6931216931217
A_PA	1504	190	G	0	0	189	39.7566137566138
A_PA	1505	190	G	0	0	190	40.4263157894737
A_PA	1506	190	A	0	0	190	40.0894736842105
A_PA	1507	190	T	0	0	189	40.8253968253968
A_PA	1508	190	T	0	0	190	39.7368421052632
A_PA	1509	190	C	0	0	188	39.5744680851064
A_PA	1510	190	A	0	0	189	38.5185185185185
A_PA	1511	190	T	0	0	190	38.9789473684211
A_PA	1512	190	C	0	0	186	37.4139784946237
A_PA	1513	190	A	0	0	189	37.2275132275132
A_PA	1514	190	T	0	0	190	37.2368421052632
A_PA	1515	190	A	0	0	190	36.7631578947368
A_PA	1516	190	A	0	0	190	37.4105263157895
A_PA	1517	187	A	3	0	187	37.5080213903743
A_PA	1518	187	G	3	0	183	36.5846994535519
A_PA	1519	188	G	2	0	188	39.9042553191489
A_PA	1520	189	G	1	0	189	40
A_PA	1521	188	A	2	0	185	39.4918918918919
A_PA	1522	190	A	0	0	190	39.8947368421053
A_PA	1523	190	G	0	0	189	39.4497354497354
A_PA	1524	189	A	1	0	188	39
A_PA	1525	190	T	0	0	188	38.7659574468085
A_PA	1526	190	C	0	0	188	38.1276595744681
A_PA	1527	190	T	0	0	189	37.8571428571429
A_PA	1528	190	C	0	0	189	36.9259259259259
A_PA	1529	190	A	0	0	190	37.0315789473684
A_PA	1530	189	C	1	0	189	37.3862433862434
A_PA	1531	190	C	0	0	190	38.4263157894737
A_PA	1532	190	T	0	0	189	37.989417989418
A_PA	1533	190	G	0	0	190	37.6894736842105
A_PA	1534	190	A	0	0	190	38.8421052631579
A_PA	1535	190	G	0	0	190	39.5105263157895
A_PA	1536	190	G	0	0	190	39.6105263157895
A_PA	1537	190	A	0	0	190	40.0105263157895
A_PA	1538	190	A	0	0	189	38.6137566137566
A_PA	1539	190	T	0	0	190	38.0736842105263
A_PA	1540	190	G	0	0	188	37.1329787234043
A_PA	1541	190	A	0	0	190	36.4315789473684
A_PA	1542	190	C	0	0	189	36.2645502645503
A_PA	1543	189	A	1	0	189	36.6984126984127
A_PA	1544	189	C	1	0	189	37.8359788359788
A_PA	1545	189	A	1	0	189	37.3862433862434
A_PA	1546	190	G	0	0	189	40.2539682539683
A_PA	1547	190	A	0	0	190	40.0210526315789
A_PA	1548	190	T	0	0	190	40.7842105263158
A_PA	1549	190	G	0	0	190	40.9105263157895
A_PA	1550	190	T	0	0	190	41.4421052631579
A_PA	1551	190	G	0	0	190	40.8789473684211
A_PA	1552	189	G	1	0	189	40.8095238095238
A_PA	1553	188	T	2	0	187	41.1764705882353
A_PA	1554	189	A	1	0	189	41.1851851851852
A_PA	1555	190	A	0	0	189	41.994708994709
A_PA	1556	190	A	0	0	189	41.3862433862434
A_PA	1557	190	C	0	0	190	41.0526315789474
A_PA	1558	189	T	1	0	188	41.5797872340426
A_PA	1559	189	T	1	0	188	41.2606382978723
A_PA	1560	190	T	0	0	188	41.6755319148936
A_PA	1561	190	G	0	0	190	40.4473684210526
A_PA	1562	190	T	0	0	190	41.2157894736842
A_PA	1563	190	G	0	0	188	39.3829787234043
A_PA	1564	189	A	0	0	186	39.505376344086
A_PA	1565	189	G	0	0	185	39.6324324324324
A_PA	1566	189	C	0	0	189	39.7830687830688
A_PA	1567	189	A	0	0	188	40.0851063829787
A_PA	1568	189	T	0	0	188	39.7340425531915
A_PA	1569	187	G	2	0	185	38.2918918918919
A_PA	1570	189	G	0	0	186	39.0967741935484
A_PA	1571	189	A	0	0	187	39.1978609625668
A_PA	1572	188	A	1	0	187	38.3262032085562
A_PA	1573	188	T	1	0	185	38.3351351351351
A_PA	1574	187	T	2	0	186	39.005376344086
A_PA	1575	188	T	1	0	187	39.7967914438503
A_PA	1576	187	T	2	0	186	39.0376344086022
A_PA	1577	187	C	2	0	186	39.1774193548387
A_PA	1578	188	T	1	0	188	39.5797872340426
A_PA	1579	187	C	2	0	185	38.4810810810811
A_PA	1580	187	T	2	0	187	38.1818181818182
A_PA	1581	188	C	1	0	187	36.8395721925134
A_PA	1582	188	A	1	0	188	37.8404255319149
A_PA	1583	189	C	0	0	189	38.2592592592593
A_PA	1584	189	A	0	0	188	38.4095744680851
A_PA	1585	188	G	1	0	187	38.3903743315508
A_PA	1586	188	A	1	0	187	38.6737967914438
A_PA	1587	188	T	1	0	188	38.9787234042553
A_PA	1588	186	C	3	0	186	39.1290322580645
A_PA	1589	187	C	2	0	185	39.9621621621622
A_PA	1590	186	G	3	0	184	37.6086956521739
A_PA	1591	188	A	1	0	188	38.0425531914894
A_PA	1592	188	G	1	0	187	37.8983957219251
A_PA	1593	187	A	2	0	187	37.5668449197861
A_PA	1594	189	C	0	0	188	37.7127659574468
A_PA	1595	185	T	4	0	185	38.9621621621622
A_PA	1596	188	T	1	0	187	38.3743315508021
A_PA	1597	188	G	1	0	186	36.9354838709677
A_PA	1598	188	A	1	0	188	37.0106382978723
A_PA	1599	188	A	1	0	188	37.3882978723404
A_PA	1600	188	C	0	0	188	39.5
A_PA	1601	188	C	0	0	187	40.3689839572192
A_PA	1602	188	A	0	0	188	41.063829787234
A_PA	1603	188	C	0	0	188	41.3031914893617
A_PA	1604	188	A	0	0	187	41.3368983957219
A_PA	1605	188	T	0	0	187	41.5133689839572
A_PA	1606	187	A	1	0	187	40.2406417112299
A_PA	1607	188	A	0	0	188	40.813829787234
A_PA	1608	188	A	0	0	188	40.6595744680851
A_PA	1609	188	T	0	0	187	40.5454545454545
A_PA	1610	188	G	0	0	188	39.6648936170213
A_PA	1611	188	G	0	0	188	39.7606382978723
A_PA	1612	187	G	1	0	186	39.5268817204301
A_PA	1613	187	A	1	0	186	40.1774193548387
A_PA	1614	187	G	1	0	187	41.0267379679144
A_PA	1615	187	A	1	0	187	41.0695187165775
A_PA	1616	188	A	0	0	188	41.063829787234
A_PA	1617	188	A	0	0	187	41.6149732620321
A_PA	1618	188	T	0	0	188	41.6648936170213
A_PA	1619	188	A	0	0	187	41.6577540106952
A_PA	1620	188	T	0	0	188	40.8510638297872
A_PA	1621	188	T	0	0	188	40.968085106383
A_PA	1622	188	G	0	0	187	40.5187165775401
A_PA	1623	187	T	1	0	186	39.7741935483871
A_PA	1624	188	G	0	0	188	39.5372340425532
A_PA	1625	188	T	0	0	188	40.4574468085106
A_PA	1626	188	C	0	0	188	39.281914893617
A_PA	1627	188	C	0	0	188	39.6010638297872
A_PA	1628	188	T	0	0	187	40.4652406417112
A_PA	1629	188	T	0	0	188	39.9893617021277
A_PA	1630	188	G	0	0	188	39.436170212766
A_PA	1631	188	A	0	0	186	39.9408602150538
A_PA	1632	188	G	0	0	188	39.8670212765957
A_PA	1633	188	A	0	0	188	40.1436170212766
A_PA	1634	188	T	0	0	187	40.1871657754011
A_PA	1635	188	A	0	0	188	38.2765957446809
A_PA	1636	186	G	2	0	186	37.8924731182796
A_PA	1637	186	G	2	0	185	37.8216216216216
A_PA	1638	186	A	2	0	186	38.1935483870968
A_PA	1639	187	G	1	0	185	39.3459459459459
A_PA	1640	187	A	1	0	187	40.1818181818182
A_PA	1641	187	T	1	0	187	40.5828877005348
A_PA	1642	188	A	0	0	188	39.7446808510638
A_PA	1643	188	T	0	0	188	39.8723404255319
A_PA	1644	188	G	0	0	187	39.0909090909091
A_PA	1645	187	T	1	0	186	38.4677419354839
A_PA	1646	188	T	0	0	187	37.9090909090909
A_PA	1647	188	A	0	0	187	34.7754010695187
A_PA	1648	188	C	0	0	187	34.8716577540107
A_PA	1649	188	T	0	0	188	35.8085106382979
A_PA	1650	187	A	1	0	187	36.0427807486631
A_PA	1651	188	A	0	0	188	35.9148936170213
A_PA	1652	188	G	0	0	188	37.3829787234043
A_PA	1653	188	G	0	0	188	38.6329787234043
A_PA	1654	188	A	0	0	188	39.2606382978723
A_PA	1655	188	G	0	0	188	39.5531914893617
A_PA	1656	188	T	0	0	188	39.1436170212766
A_PA	1657	188	G	0	0	188	39.3191489361702
A_PA	1658	188	C	0	0	188	39.3989361702128
A_PA	1659	188	C	0	0	188	39.5053191489362
A_PA	1660	188	A	0	0	188	39.5478723404255
A_PA	1661	188	T	0	0	187	39.5133689839572
A_PA	1662	186	A	2	0	185	37.827027027027
A_PA	1663	188	G	0	0	187	38.2994652406417
A_PA	1664	188	G	0	0	188	37.9521276595745
A_PA	1665	188	C	0	0	188	37.7340425531915
A_PA	1666	188	C	0	0	187	37.9893048128342
A_PA	1667	188	A	0	0	187	38.8395721925134
A_PA	1668	188	A	0	0	188	37.6010638297872
A_PA	1669	188	A	0	0	186	38.4731182795699
A_PA	1670	188	T	0	0	188	38.6276595744681
A_PA	1671	188	T	0	0	188	39.2446808510638
A_PA	1672	188	T	0	0	187	40.0855614973262
A_PA	1673	188	C	0	0	187	38.6363636363636
A_PA	1674	188	A	0	0	188	39.0851063829787
A_PA	1675	188	A	0	0	188	38.9148936170213
A_PA	1676	188	G	0	0	188	38.1010638297872
A_PA	1677	188	G	0	0	188	39.0531914893617
A_PA	1678	188	C	0	0	188	39.3617021276596
A_PA	1679	188	C	0	0	188	39.0425531914894
A_PA	1680	188	A	0	0	188	38.0691489361702
A_PA	1681	188	A	0	0	188	38.1808510638298
A_PA	1682	188	T	0	0	185	38.027027027027
A_PA	1683	188	G	0	0	187	37.524064171123
A_PA	1684	188	T	0	0	187	39.1122994652406
A_PA	1685	187	T	1	0	186	39.3924731182796
A_PA	1686	187	C	1	0	186	37.5698924731183
A_PA	1687	188	T	0	0	185	37.8
A_PA	1688	187	T	1	0	186	38.258064516129
A_PA	1689	187	G	1	0	186	38.4354838709677
A_PA	1690	186	T	2	0	185	39.0918918918919
A_PA	1691	187	A	1	0	186	38.5806451612903
A_PA	1692	188	T	0	0	186	38.5215053763441
A_PA	1693	188	G	0	0	188	37.7606382978723
A_PA	1694	188	T	0	0	188	39.3404255319149
A_PA	1695	187	G	1	0	185	39.3189189189189
A_PA	1696	188	A	0	0	187	38.9465240641711
A_PA	1697	188	G	0	0	186	39.5268817204301
A_PA	1698	188	G	0	0	188	39.8031914893617
A_PA	1699	187	A	1	0	186	38.4086021505376
A_PA	1700	187	C	1	0	187	37.5347593582888
A_PA	1701	187	A	1	0	187	38.3422459893048
A_PA	1702	188	A	0	0	187	38.8235294117647
A_PA	1703	188	A	0	0	187	38.668449197861
A_PA	1704	188	C	0	0	186	38.2688172043011
A_PA	1705	186	G	2	0	185	38.1891891891892
A_PA	1706	188	G	0	0	186	38.1397849462366
A_PA	1707	188	A	0	0	188	39.1329787234043
A_PA	1708	188	A	0	0	187	38.6577540106952
A_PA	1709	188	C	0	0	186	39.4247311827957
A_PA	1710	190	A	0	0	190	39.2947368421053
A_PA	1711	190	T	0	0	190	40.3105263157895
A_PA	1712	190	C	0	0	190	40.1157894736842
A_PA	1713	190	A	0	0	189	40.5449735449735
A_PA	1714	190	A	0	0	189	40.8201058201058
A_PA	1715	190	A	0	0	190	41.4210526315789
A_PA	1716	190	A	0	0	190	41.9631578947368
A_PA	1717	190	G	0	0	190	42.2
A_PA	1718	190	T	0	0	190	42.3789473684211
A_PA	1719	190	C	0	0	190	40.3947368421053
A_PA	1720	189	A	1	0	188	40.9414893617021
A_PA	1721	190	A	0	0	190	40.8473684210526
A_PA	1722	190	A	0	0	190	41.5
A_PA	1723	190	A	0	0	190	41.3157894736842
A_PA	1724	190	T	0	0	189	41.6719576719577
A_PA	1725	190	G	0	0	189	38.962962962963
A_PA	1726	189	A	1	0	189	38.9206349206349
A_PA	1727	190	A	0	0	190	40.5789473684211
A_PA	1728	190	A	0	0	188	41.4946808510638
A_PA	1729	190	T	0	0	190	41.7157894736842
A_PA	1730	188	G	2	0	188	40.7021276595745
A_PA	1731	190	G	0	0	189	39.8730158730159
A_PA	1732	190	G	0	0	189	41.2645502645503
A_PA	1733	190	G	0	0	186	40.8924731182796
A_PA	1734	189	A	1	0	189	41.7037037037037
A_PA	1735	189	A	0	0	188	40.8244680851064
A_PA	1736	189	T	0	0	189	39.8783068783069
A_PA	1737	189	G	0	0	189	38.6931216931217
A_PA	1738	189	G	0	0	189	37.9365079365079
A_PA	1739	189	A	0	0	189	36.8412698412698
A_PA	1740	189	G	0	0	187	37.9090909090909
A_PA	1741	189	A	0	0	189	38.6931216931217
A_PA	1742	189	T	0	0	189	38.8941798941799
A_PA	1743	189	G	0	0	185	38.1189189189189
A_PA	1744	189	A	0	0	188	37.3404255319149
A_PA	1745	188	G	1	0	187	37.283422459893
A_PA	1746	189	A	0	0	188	37.7659574468085
A_PA	1747	189	C	0	0	185	38.4972972972973
A_PA	1748	189	G	0	0	188	38.0265957446809
A_PA	1749	188	T	1	0	188	38.436170212766
A_PA	1750	189	T	0	0	188	38.3457446808511
A_PA	1751	188	G	1	0	187	36.5668449197861
A_PA	1752	188	C	1	0	187	36.4064171122995
A_PA	1753	188	C	1	0	188	35.9946808510638
A_PA	1754	187	T	2	0	187	35.8288770053476
A_PA	1755	187	C	2	0	186	35.0161290322581
A_PA	1756	187	C	2	0	187	37.9786096256684
A_PA	1757	186	T	3	0	186	36.758064516129
A_PA	1758	189	T	0	0	186	35.7956989247312
A_PA	1759	189	C	0	0	187	34.4224598930481
A_PA	1760	189	A	0	0	189	35.021164021164
A_PA	1761	189	G	0	0	189	35.2169312169312
A_PA	1762	189	T	0	0	189	37.4444444444444
A_PA	1763	189	C	0	0	189	38.7513227513228
A_PA	1764	189	A	0	0	189	39.1481481481481
A_PA	1765	189	C	0	0	189	39.5449735449735
A_PA	1766	189	T	0	0	188	39.6276595744681
A_PA	1767	189	C	0	0	188	39.813829787234
A_PA	1768	189	C	0	0	189	39.5079365079365
A_PA	1769	189	A	0	0	189	38.010582010582
A_PA	1770	189	G	0	0	189	39.0476190476191
A_PA	1771	189	C	0	0	189	39.1534391534392
A_PA	1772	189	A	0	0	189	39.010582010582
A_PA	1773	189	G	0	0	189	39.4179894179894
A_PA	1774	189	A	0	0	189	38.7037037037037
A_PA	1775	188	T	0	0	188	39.0744680851064
A_PA	1776	186	C	2	0	186	37.8387096774194
A_PA	1777	188	G	0	0	187	37.192513368984
A_PA	1778	188	A	0	0	188	37.1808510638298
A_PA	1779	188	G	0	0	187	37.5133689839572
A_PA	1780	188	A	0	0	187	37.3743315508021
A_PA	1781	189	G	0	0	187	38.8663101604278
A_PA	1782	189	C	0	0	189	39.1587301587302
A_PA	1783	189	A	0	0	189	39.005291005291
A_PA	1784	189	T	0	0	189	39.3703703703704
A_PA	1785	189	G	0	0	188	38.6808510638298
A_PA	1786	189	A	0	0	189	40.3439153439153
A_PA	1787	189	T	0	0	189	40.3439153439153
A_PA	1788	189	T	0	0	189	40.2328042328042
A_PA	1789	189	G	0	0	189	39.989417989418
A_PA	1790	189	A	0	0	189	41.010582010582
A_PA	1791	189	A	0	0	189	40.9365079365079
A_PA	1792	189	G	0	0	189	40.9470899470899
A_PA	1793	189	C	0	0	187	40.9625668449198
A_PA	1794	189	C	0	0	189	39.7037037037037
A_PA	1795	188	G	1	0	188	39.1170212765957
A_PA	1796	189	A	0	0	189	38.1164021164021
A_PA	1797	189	G	0	0	189	37.4497354497354
A_PA	1798	189	T	0	0	189	37.3174603174603
A_PA	1799	189	C	0	0	189	37.2539682539683
A_PA	1800	189	C	0	0	189	38.7195767195767
A_PA	1801	189	T	0	0	189	38.8148148148148
A_PA	1802	188	C	1	0	187	38.3208556149733
A_PA	1803	189	A	0	0	188	38.5957446808511
A_PA	1804	189	G	0	0	189	38.2751322751323
A_PA	1805	189	T	0	0	189	37.9100529100529
A_PA	1806	189	T	0	0	188	36.6542553191489
A_PA	1807	185	A	4	0	184	36.3532608695652
A_PA	1808	188	A	2	0	188	36.281914893617
A_PA	1809	182	A	8	0	181	36.6077348066298
A_PA	1810	182	G	8	0	181	36.5745856353591
A_PA	1811	190	A	0	0	190	36.3842105263158
A_PA	1812	189	G	1	0	189	35.6666666666667
A_PA	1813	190	A	0	0	188	36.4202127659574
A_PA	1814	190	G	0	0	190	35.5789473684211
A_PA	1815	190	A	0	0	190	36.7
A_PA	1816	189	G	1	0	188	37.4095744680851
A_PA	1817	189	A	1	0	187	38.7058823529412
A_PA	1818	191	C	0	0	190	39.3842105263158
A_PA	1819	192	A	0	0	192	39.203125
A_PA	1820	192	T	0	0	192	39.2916666666667
A_PA	1821	192	G	0	0	190	38.8473684210526
A_PA	1822	192	A	0	0	192	38.4375
A_PA	1823	192	C	0	0	192	37.875
A_PA	1824	191	C	1	0	191	37.434554973822
A_PA	1825	191	A	1	0	191	36.9685863874346
A_PA	1826	191	A	1	0	191	37.1047120418848
A_PA	1827	191	A	0	0	191	36.0680628272251
A_PA	1828	191	G	0	0	191	37.0052356020942
A_PA	1829	191	A	0	0	191	38.3507853403141
A_PA	1830	190	G	1	0	190	38.1315789473684
A_PA	1831	182	T	9	0	181	38.0331491712707
A_PA	1832	186	T	5	0	185	36.1567567567568
A_PA	1833	189	T	2	0	189	35.3280423280423
A_PA	1834	191	T	0	0	190	34.1684210526316
A_PA	1835	191	T	0	0	191	33.8376963350785
A_PA	1836	190	T	1	0	190	35.4421052631579
A_PA	1837	189	G	2	0	189	34.7195767195767
A_PA	1838	189	A	2	0	189	35.4920634920635
A_PA	1839	190	G	2	0	188	35.9148936170213
A_PA	1840	189	A	3	0	188	38.1436170212766
A_PA	1841	191	A	1	0	191	38.6073298429319
A_PA	1842	193	T	0	0	189	38.5238095238095
A_PA	1843	193	A	0	0	192	37.6510416666667
A_PA	1844	193	A	0	0	193	38.2072538860104
A_PA	1845	193	A	0	0	193	38.7564766839378
A_PA	1846	193	T	0	0	193	37.1813471502591
A_PA	1847	193	C	0	0	192	36.8125
A_PA	1848	193	A	0	0	193	36.6580310880829
A_PA	1849	193	G	0	0	193	36.0777202072539
A_PA	1850	191	A	2	0	188	36.3031914893617
A_PA	1851	193	A	0	0	192	36.4270833333333
A_PA	1852	194	G	0	0	193	36.7668393782383
A_PA	1853	194	C	0	0	193	38.4145077720207
A_PA	1854	194	A	0	0	194	38.1030927835052
A_PA	1855	194	T	0	0	194	37.9742268041237
A_PA	1856	194	G	0	0	194	36.5463917525773
A_PA	1857	194	G	0	0	194	37.2216494845361
A_PA	1858	194	C	0	0	194	36.9536082474227
A_PA	1859	194	C	0	0	193	36.9378238341969
A_PA	1860	194	C	0	0	194	36.9948453608247
A_PA	1861	194	A	0	0	194	36.4123711340206
A_PA	1862	194	T	0	0	194	35.0309278350515
A_PA	1863	194	T	0	0	193	34.1347150259067
A_PA	1864	189	G	5	0	189	34.6137566137566
A_PA	1865	194	G	0	0	194	34.0360824742268
A_PA	1866	194	G	0	0	193	34.4559585492228
A_PA	1867	194	G	0	0	192	36.03125
A_PA	1868	193	A	1	0	193	38.6683937823834
A_PA	1869	194	A	0	0	193	38.440414507772
A_PA	1870	193	T	1	0	190	39.2052631578947
A_PA	1871	187	C	7	0	183	39.2841530054645
A_PA	1872	194	C	0	0	193	38.9222797927461
A_PA	1873	194	C	0	0	192	39.8385416666667
A_PA	1874	194	C	0	0	194	39.9948453608247
A_PA	1875	194	C	0	0	194	40.0721649484536
A_PA	1876	192	A	2	0	191	38.9895287958115
A_PA	1877	194	A	0	0	194	39.2474226804124
A_PA	1878	194	A	0	0	194	39.6649484536082
A_PA	1879	194	G	0	0	194	39.3556701030928
A_PA	1880	194	G	0	0	193	39.1658031088083
A_PA	1881	194	A	0	0	193	41.4041450777202
A_PA	1882	192	G	2	0	192	40.609375
A_PA	1883	193	T	1	0	193	40.0932642487047
A_PA	1884	192	G	2	0	192	39.5989583333333
A_PA	1885	193	G	1	0	193	39.160621761658
A_PA	1886	193	A	1	0	193	39.1295336787565
A_PA	1887	193	G	1	0	193	40.0362694300518
A_PA	1888	193	G	1	0	193	40.2642487046632
A_PA	1889	193	A	1	0	192	40.3177083333333
A_PA	1890	194	A	0	0	193	39.9533678756477
A_PA	1891	194	G	0	0	194	40.4020618556701
A_PA	1892	194	G	0	0	194	40.2577319587629
A_PA	1893	194	T	0	0	194	40.298969072165
A_PA	1894	194	T	0	0	193	39.860103626943
A_PA	1895	194	C	0	0	193	37.9948186528497
A_PA	1896	194	C	0	0	194	38.1185567010309
A_PA	1897	194	A	0	0	193	37.4248704663212
A_PA	1898	192	T	2	0	191	37.8900523560209
A_PA	1899	194	T	0	0	193	38.9119170984456
A_PA	1900	191	G	4	0	189	39.1322751322751
A_PA	1901	195	G	0	0	194	39.2577319587629
A_PA	1902	195	G	0	0	193	39.7823834196891
A_PA	1903	179	A	16	0	179	41.0391061452514
A_PA	1904	193	A	2	0	193	42.3678756476684
A_PA	1905	193	A	2	0	192	42.2291666666667
A_PA	1906	193	G	2	0	192	41.375
A_PA	1907	195	T	0	0	193	41.8549222797927
A_PA	1908	195	C	0	0	193	39.8652849740933
A_PA	1909	193	T	2	0	193	39.8290155440415
A_PA	1910	193	G	3	0	193	39.6062176165803
A_PA	1911	193	T	3	0	193	39.7461139896373
A_PA	1912	198	A	2	0	195	38
A_PA	1913	197	G	3	0	195	38.8666666666667
A_PA	1914	198	G	2	0	198	38.2323232323232
A_PA	1915	198	A	2	0	197	39.4111675126904
A_PA	1916	198	C	2	0	196	39.0612244897959
A_PA	1917	198	T	2	0	197	39.2131979695431
A_PA	1918	197	C	3	0	192	39.171875
A_PA	1919	198	T	2	0	198	39.489898989899
A_PA	1920	198	A	2	0	195	39.6717948717949
A_PA	1921	198	T	2	0	196	39.9081632653061
A_PA	1922	197	T	3	0	197	40.3959390862944
A_PA	1923	197	G	3	0	197	39.4670050761421
A_PA	1924	197	G	3	0	197	39.741116751269
A_PA	1925	197	C	3	0	195	41.1589743589744
A_PA	1926	199	T	2	0	198	41.0656565656566
A_PA	1927	199	A	2	0	198	39.5858585858586
A_PA	1928	199	A	2	0	198	39.1818181818182
A_PA	1929	199	G	2	0	197	38.6954314720812
A_PA	1930	199	T	2	0	198	38.8434343434343
A_PA	1931	199	C	2	0	198	37.9444444444444
A_PA	1932	198	A	3	0	198	39.6111111111111
A_PA	1933	198	G	3	0	198	38.8181818181818
A_PA	1934	199	T	2	0	199	39.9145728643216
A_PA	1935	200	A	2	0	199	39.2261306532663
A_PA	1936	199	T	3	0	198	39.7474747474747
A_PA	1937	200	T	2	0	200	39.64
A_PA	1938	200	C	2	0	199	39.2613065326633
A_PA	1939	200	A	2	0	200	39.39
A_PA	1940	200	A	2	0	200	39.35
A_PA	1941	200	T	2	0	200	39.985
A_PA	1942	200	A	2	0	200	39.72
A_PA	1943	200	G	2	0	200	39.67
A_PA	1944	200	C	2	0	200	40.015
A_PA	1945	200	C	2	0	200	39.035
A_PA	1946	202	T	2	0	202	39.5990099009901
A_PA	1947	202	A	2	0	202	37.7623762376238
A_PA	1948	202	T	2	0	202	37.529702970297
A_PA	1949	202	A	2	0	202	37.0544554455446
A_PA	1950	203	T	2	0	203	37.9211822660099
A_PA	1951	203	G	2	0	202	38.1138613861386
A_PA	1952	203	C	2	0	203	39.1379310344828
A_PA	1953	203	A	2	0	203	38.8374384236453
A_PA	1954	203	T	2	0	203	39.6748768472906
A_PA	1955	202	C	3	0	202	38.539603960396
A_PA	1956	202	A	3	0	201	39.8855721393035
A_PA	1957	202	C	3	0	202	39.2673267326733
A_PA	1958	203	C	2	0	203	39.2167487684729
A_PA	1959	203	A	2	0	203	39.5073891625616
A_PA	1960	204	C	2	0	204	39.1029411764706
A_PA	1961	204	A	2	0	204	38.7303921568627
A_PA	1962	205	A	2	0	204	39.0588235294118
A_PA	1963	205	T	3	0	205	39.7463414634146
A_PA	1964	207	T	3	0	206	39.9514563106796
A_PA	1965	207	G	3	0	207	39.5893719806763
A_PA	1966	207	G	3	0	207	40.1594202898551
A_PA	1967	208	A	2	0	207	39.0434782608696
A_PA	1968	208	A	2	0	208	39.4711538461538
A_PA	1969	208	G	2	0	208	39.8173076923077
A_PA	1970	208	G	2	0	208	39.4086538461538
A_PA	1971	208	A	2	0	208	39.3798076923077
A_PA	1972	204	T	6	0	204	40.4313725490196
A_PA	1973	208	T	2	0	208	39.4134615384615
A_PA	1974	208	T	2	0	208	40.3028846153846
A_PA	1975	208	T	2	0	208	39.7692307692308
A_PA	1976	207	C	3	0	207	38.3091787439614
A_PA	1977	208	A	2	0	207	39.2657004830918
A_PA	1978	208	G	2	0	208	38.0192307692308
A_PA	1979	207	C	3	0	206	38.3252427184466
A_PA	1980	207	A	3	0	207	37.2415458937198
A_PA	1981	208	G	2	0	206	36.121359223301
A_PA	1982	208	A	2	0	208	37.0673076923077
A_PA	1983	208	G	2	0	208	37.6778846153846
A_PA	1984	208	T	2	0	208	37.9711538461538
A_PA	1985	207	C	3	0	207	36.1062801932367
A_PA	1986	207	A	3	0	206	35.373786407767
A_PA	1987	208	A	2	0	208	36.3076923076923
A_PA	1988	207	G	3	0	207	36.6183574879227
A_PA	1989	207	A	4	0	206	37.6553398058252
A_PA	1990	209	A	2	0	207	38.0772946859903
A_PA	1991	209	A	2	0	209	39.9282296650718
A_PA	1992	211	A	2	0	211	39.2654028436019
A_PA	1993	211	C	2	0	211	38.4549763033175
A_PA	1994	211	T	2	0	208	40.5625
A_PA	1995	211	G	2	0	211	40.4407582938389
A_PA	1996	211	C	2	0	210	39.8380952380952
A_PA	1997	211	T	2	0	210	40.1047619047619
A_PA	1998	211	C	2	0	211	38.6777251184834
A_PA	1999	210	C	3	0	210	39.1571428571429
A_PA	2000	209	T	4	0	209	38.5741626794258
A_PA	2001	216	T	2	0	215	37.846511627907
A_PA	2002	216	A	2	0	216	38.3888888888889
A_PA	2003	218	T	0	0	216	38.4305555555556
A_PA	2004	218	T	0	0	217	38.3502304147465
A_PA	2005	218	G	0	0	217	39.5253456221198
A_PA	2006	218	T	0	0	218	38.9403669724771
A_PA	2007	218	T	0	0	218	38.1788990825688
A_PA	2008	216	C	2	0	215	37.4976744186047
A_PA	2009	216	A	1	0	215	37.5162790697674
A_PA	2010	215	G	2	0	215	38.9860465116279
A_PA	2011	217	G	0	0	217	38.5483870967742
A_PA	2012	217	C	0	0	216	38.625
A_PA	2013	217	T	0	0	214	38.4158878504673
A_PA	2014	217	C	0	0	216	38.5324074074074
A_PA	2015	214	T	3	0	214	38.3224299065421
A_PA	2016	215	T	2	0	214	37.1168224299065
A_PA	2017	216	A	1	0	214	35.4345794392523
A_PA	2018	216	G	1	0	216	35.5833333333333
A_PA	2019	217	G	0	0	216	36.8564814814815
A_PA	2020	217	G	0	0	217	37.6543778801843
A_PA	2021	217	A	0	0	216	38.3935185185185
A_PA	2022	215	C	2	0	214	39.6028037383178
A_PA	2023	214	A	3	0	211	39.478672985782
A_PA	2024	217	A	0	0	217	39.110599078341
A_PA	2025	217	A	0	0	215	39.2418604651163
A_PA	2026	216	C	1	0	215	38.9767441860465
A_PA	2027	216	T	1	0	216	39.6111111111111
A_PA	2028	217	C	0	0	215	38.7116279069767
A_PA	2029	216	G	1	0	213	38.3239436619718
A_PA	2030	217	A	0	0	217	38.331797235023
A_PA	2031	217	A	0	0	217	38.5622119815668
A_PA	2032	217	C	0	0	217	38.705069124424
A_PA	2033	217	C	0	0	217	39.3778801843318
A_PA	2034	219	T	0	0	217	40.0645161290323
A_PA	2035	218	G	1	0	217	39.2304147465438
A_PA	2036	219	G	0	0	218	39.2935779816514
A_PA	2037	218	G	0	0	216	38.9351851851852
A_PA	2038	218	A	0	0	217	39.1981566820277
A_PA	2039	218	C	0	0	218	39.0550458715596
A_PA	2040	217	T	1	0	216	38.9305555555556
A_PA	2041	218	T	0	0	218	38.4128440366973
A_PA	2042	218	T	0	0	218	39.2752293577982
A_PA	2043	218	T	0	0	218	41.0871559633027
A_PA	2044	218	G	0	0	218	39.2018348623853
A_PA	2045	218	A	0	0	218	39.3394495412844
A_PA	2046	217	T	1	0	217	39.9953917050691
A_PA	2047	216	C	2	0	216	38.1481481481481
A_PA	2048	217	T	1	0	217	38.6451612903226
A_PA	2049	217	T	1	0	217	37.9539170506912
A_PA	2050	208	G	10	0	207	35.1449275362319
A_PA	2051	216	G	2	0	216	34.2824074074074
A_PA	2052	216	G	2	0	216	36.7314814814815
A_PA	2053	218	G	0	0	218	37.0183486238532
A_PA	2054	218	G	0	0	217	39.6635944700461
A_PA	2055	218	G	0	0	218	38.6467889908257
A_PA	2056	217	C	1	0	215	38.1441860465116
A_PA	2057	217	T	1	0	215	37.9813953488372
A_PA	2058	218	A	0	0	217	38.1244239631336
A_PA	2059	219	T	0	0	219	38.9086757990868
A_PA	2060	219	A	0	0	219	38.027397260274
A_PA	2061	218	T	1	0	218	39.0137614678899
A_PA	2062	219	G	0	0	219	37.310502283105
A_PA	2063	219	A	0	0	219	36.648401826484
A_PA	2064	219	A	0	0	219	36.3150684931507
A_PA	2065	219	G	0	0	219	36.4018264840183
A_PA	2066	219	C	0	0	218	36.5045871559633
A_PA	2067	219	A	0	0	219	37.3972602739726
A_PA	2068	219	A	0	0	219	38.2465753424658
A_PA	2069	219	T	0	0	219	38.1963470319635
A_PA	2070	219	T	0	0	218	38.6834862385321
A_PA	2071	219	G	0	0	219	39.7762557077626
A_PA	2072	219	A	0	0	219	39.3013698630137
A_PA	2073	219	G	0	0	219	38.8812785388128
A_PA	2074	219	G	0	0	217	38.8755760368664
A_PA	2075	221	A	0	0	220	38.2954545454545
A_PA	2076	220	G	1	0	220	38.7772727272727
A_PA	2077	220	T	1	0	220	39.4772727272727
A_PA	2078	219	G	2	0	216	39.5231481481481
A_PA	2079	218	C	3	0	217	40.1152073732719
A_PA	2080	220	C	1	0	220	39.2681818181818
A_PA	2081	221	T	0	0	220	38.45
A_PA	2082	221	G	0	0	221	37.4253393665158
A_PA	2083	221	A	0	0	221	37.6651583710407
A_PA	2084	221	T	0	0	221	38.2036199095023
A_PA	2085	221	T	0	0	220	38.3590909090909
A_PA	2086	221	A	0	0	221	38.9773755656109
A_PA	2087	220	A	1	0	219	40.3424657534247
A_PA	2088	220	T	1	0	220	40.75
A_PA	2089	220	G	1	0	218	39.8119266055046
A_PA	2090	220	A	1	0	220	40.1863636363636
A_PA	2091	220	T	1	0	220	40.1590909090909
A_PA	2092	220	C	1	0	220	37.7681818181818
A_PA	2093	221	C	0	0	219	37.689497716895
A_PA	2094	221	C	0	0	220	36.8681818181818
A_PA	2095	221	T	0	0	221	36.3212669683258
A_PA	2096	221	G	0	0	220	36.6545454545455
A_PA	2097	210	G	0	0	207	38.6280193236715
A_PA	2098	210	G	0	0	209	39.8708133971292
A_PA	2099	210	T	0	0	209	41.1913875598086
A_PA	2100	209	T	0	0	208	41.6730769230769
A_PA	2101	209	T	0	0	209	41.6985645933014
A_PA	2102	209	T	0	0	208	42.6394230769231
A_PA	2103	209	G	0	0	208	41.6778846153846
A_PA	2104	208	C	1	0	206	41.252427184466
A_PA	2105	208	T	1	0	206	40.6796116504854
A_PA	2106	208	C	1	0	208	39.0144230769231
A_PA	2107	207	A	2	0	206	38.247572815534
A_PA	2108	208	A	1	0	207	38.4734299516908
A_PA	2109	208	T	1	0	208	38.6730769230769
A_PA	2110	207	G	2	0	207	39.3429951690821
A_PA	2111	208	C	1	0	207	41.0628019323672
A_PA	2112	208	A	1	0	207	40.3816425120773
A_PA	2113	207	T	2	0	207	39.536231884058
A_PA	2114	207	C	2	0	206	40.4223300970874
A_PA	2115	209	T	0	0	208	40.5576923076923
A_PA	2116	209	T	0	0	208	40.4326923076923
A_PA	2117	209	G	0	0	209	38.9952153110048
A_PA	2118	209	G	0	0	209	38.755980861244
A_PA	2119	209	T	0	0	209	39.311004784689
A_PA	2120	209	T	0	0	208	39.7163461538462
A_PA	2121	209	C	0	0	205	39.9219512195122
A_PA	2122	209	A	0	0	207	40.1739130434783
A_PA	2123	209	A	0	0	209	40.3923444976077
A_PA	2124	207	C	2	0	207	39.512077294686
A_PA	2125	209	T	0	0	208	39.0096153846154
A_PA	2126	209	C	0	0	208	39.3221153846154
A_PA	2127	207	C	2	0	207	38.6666666666667
A_PA	2128	206	T	3	0	206	39.1456310679612
A_PA	2129	207	T	2	0	207	38.9951690821256
A_PA	2130	207	C	2	0	207	39.0338164251208
A_PA	2131	209	C	0	0	208	39.0240384615385
A_PA	2132	207	T	2	0	204	38.7745098039216
A_PA	2133	205	G	4	0	202	39.3960396039604
A_PA	2134	207	A	1	0	207	40.4347826086956
A_PA	2135	207	C	1	0	205	40.8634146341463
A_PA	2136	207	A	1	0	207	40.3913043478261
A_PA	2137	207	C	1	0	206	40.0679611650485
A_PA	2138	206	A	2	0	206	39.9174757281553
A_PA	2139	207	T	1	0	206	39.0922330097087
A_PA	2140	208	G	0	0	207	39.3478260869565
A_PA	2141	208	C	0	0	207	39.6618357487923
A_PA	2142	208	A	0	0	208	40.0432692307692
A_PA	2143	208	C	0	0	208	40.9903846153846
A_PA	2144	208	T	0	0	208	40.9230769230769
A_PA	2145	208	A	0	0	208	39.8894230769231
A_PA	2146	208	A	0	0	208	40.25
A_PA	2147	208	A	0	0	208	39.2403846153846
A_PA	2148	206	A	0	0	206	39.7669902912621
A_PA	2149	205	T	0	0	205	39.6048780487805
A_PA	2150	205	A	0	0	205	38.5219512195122
A_PA	2151	203	G	0	0	203	37.9458128078818
