Reference_Name	Position	Coverage Depth	Consensus	Deletions	Ambiguous	Consensus_Count	Consensus_Average_Quality
A_NA_N1	1	130	A	0	0	130	32.9
A_NA_N1	2	130	T	0	0	130	33.6923076923077
A_NA_N1	3	131	G	0	0	131	32.8549618320611
A_NA_N1	4	133	A	0	0	133	34.2781954887218
A_NA_N1	5	133	A	0	0	133	34.9774436090226
A_NA_N1	6	133	T	0	0	133	36
A_NA_N1	7	133	C	0	0	132	37.0757575757576
A_NA_N1	8	133	C	0	0	131	38.3435114503817
A_NA_N1	9	133	A	0	0	133	37.5789473684211
A_NA_N1	10	133	A	0	0	133	38.3157894736842
A_NA_N1	11	133	A	0	0	133	38.8421052631579
A_NA_N1	12	133	C	0	0	133	38.7443609022556
A_NA_N1	13	133	C	0	0	133	38
A_NA_N1	14	129	A	4	0	129	37.6821705426357
A_NA_N1	15	131	A	2	0	130	38.4538461538462
A_NA_N1	16	133	A	0	0	133	39.4436090225564
A_NA_N1	17	132	A	1	0	131	40.5572519083969
A_NA_N1	18	132	G	1	0	132	41.2121212121212
A_NA_N1	19	132	A	1	0	132	40.4848484848485
A_NA_N1	20	132	T	1	0	132	39.8030303030303
A_NA_N1	21	133	A	0	0	132	38.1742424242424
A_NA_N1	22	133	A	0	0	133	38.5864661654135
A_NA_N1	23	133	T	0	0	132	37.9166666666667
A_NA_N1	24	133	A	0	0	133	37.7744360902256
A_NA_N1	25	133	A	0	0	133	37.9248120300752
A_NA_N1	26	133	C	0	0	133	38.4736842105263
A_NA_N1	27	133	C	0	0	132	38.4469696969697
A_NA_N1	28	133	A	0	0	133	38.6541353383459
A_NA_N1	29	132	T	1	0	132	39.2727272727273
A_NA_N1	30	133	T	0	0	133	39.9548872180451
A_NA_N1	31	133	G	0	0	132	39.530303030303
A_NA_N1	32	132	G	1	0	131	40.6412213740458
A_NA_N1	33	132	T	1	0	130	41.1076923076923
A_NA_N1	34	132	T	1	0	130	41.0307692307692
A_NA_N1	35	133	C	0	0	129	39.9612403100775
A_NA_N1	36	133	T	0	0	132	40.1287878787879
A_NA_N1	37	133	A	0	0	132	39.9015151515151
A_NA_N1	38	133	T	0	0	133	40.015037593985
A_NA_N1	39	133	C	0	0	133	39.0827067669173
A_NA_N1	40	133	T	0	0	133	39.7142857142857
A_NA_N1	41	133	G	0	0	133	39.6390977443609
A_NA_N1	42	133	T	0	0	133	39.3533834586466
A_NA_N1	43	133	A	0	0	133	38.4210526315789
A_NA_N1	44	133	T	0	0	133	38.6992481203008
A_NA_N1	45	133	G	0	0	133	38.1127819548872
A_NA_N1	46	133	A	0	0	133	38.406015037594
A_NA_N1	47	133	C	0	0	131	39.6717557251908
A_NA_N1	48	133	A	0	0	133	39.5639097744361
A_NA_N1	49	133	A	0	0	133	40.3383458646617
A_NA_N1	50	133	T	0	0	133	40.6842105263158
A_NA_N1	51	133	T	0	0	133	41.8421052631579
A_NA_N1	52	133	G	0	0	133	41.5714285714286
A_NA_N1	53	133	G	0	0	133	41.8195488721804
A_NA_N1	54	133	A	0	0	133	41.7293233082707
A_NA_N1	55	133	A	0	0	133	41.5714285714286
A_NA_N1	56	133	C	0	0	133	40.9473684210526
A_NA_N1	57	133	G	0	0	132	39.969696969697
A_NA_N1	58	133	G	0	0	133	39.187969924812
A_NA_N1	59	131	C	2	0	131	39.9389312977099
A_NA_N1	60	131	T	2	0	131	39.7480916030534
A_NA_N1	61	133	A	0	0	133	40.3308270676692
A_NA_N1	62	133	A	0	0	131	42.8931297709924
A_NA_N1	63	133	C	0	0	133	41.0225563909774
A_NA_N1	64	132	T	1	0	132	41.8409090909091
A_NA_N1	65	133	T	0	0	132	40.9545454545455
A_NA_N1	66	133	A	0	0	132	38.9924242424242
A_NA_N1	67	133	A	0	0	133	38.2857142857143
A_NA_N1	68	133	T	0	0	133	38.8270676691729
A_NA_N1	69	133	A	0	0	131	38.9312977099237
A_NA_N1	70	133	T	0	0	133	38.7293233082707
A_NA_N1	71	132	T	1	0	131	39.6030534351145
A_NA_N1	72	132	A	1	0	131	39.8167938931298
A_NA_N1	73	133	C	0	0	133	40.4135338345865
A_NA_N1	74	133	A	0	0	133	39.5263157894737
A_NA_N1	75	133	A	0	0	132	41.3106060606061
A_NA_N1	76	133	A	0	0	132	40.2727272727273
A_NA_N1	77	133	T	0	0	132	39.4848484848485
A_NA_N1	78	133	T	0	0	133	40.3759398496241
A_NA_N1	79	133	G	0	0	132	40.2575757575758
A_NA_N1	80	133	G	0	0	133	40.7443609022556
A_NA_N1	81	132	A	1	0	131	41.2977099236641
A_NA_N1	82	133	A	0	0	133	41.8195488721804
A_NA_N1	83	133	A	0	0	133	42.5714285714286
A_NA_N1	84	133	C	0	0	133	41.9172932330827
A_NA_N1	85	133	A	0	0	133	40.6240601503759
A_NA_N1	86	133	T	0	0	133	40.3157894736842
A_NA_N1	87	133	A	0	0	132	38.8636363636364
A_NA_N1	88	133	A	0	0	133	38.7894736842105
A_NA_N1	89	133	T	0	0	133	38.5864661654135
A_NA_N1	90	133	C	0	0	131	39.8015267175573
A_NA_N1	91	133	T	0	0	133	39.4887218045113
A_NA_N1	92	133	C	0	0	133	39.9248120300752
A_NA_N1	93	133	A	0	0	132	40.7348484848485
A_NA_N1	94	133	A	0	0	133	40.406015037594
A_NA_N1	95	133	T	0	0	133	41.7518796992481
A_NA_N1	96	133	A	0	0	132	41.3484848484849
A_NA_N1	97	133	T	0	0	133	41.5864661654135
A_NA_N1	98	134	G	0	0	134	40.5746268656716
A_NA_N1	99	137	G	0	0	137	41.0948905109489
A_NA_N1	100	137	G	0	0	136	41.0220588235294
A_NA_N1	101	137	T	0	0	136	41.9926470588235
A_NA_N1	102	137	T	0	0	137	42.1897810218978
A_NA_N1	103	137	A	0	0	137	42.6423357664234
A_NA_N1	104	136	G	1	0	136	42.875
A_NA_N1	105	136	C	1	0	136	41.8161764705882
A_NA_N1	106	136	C	1	0	136	43.2279411764706
A_NA_N1	107	137	A	0	0	137	41.5328467153285
A_NA_N1	108	137	C	0	0	137	41.0729927007299
A_NA_N1	109	137	T	0	0	136	41.0073529411765
A_NA_N1	110	137	C	0	0	135	39.8740740740741
A_NA_N1	111	137	A	0	0	137	39.7372262773723
A_NA_N1	112	137	A	0	0	137	38.0510948905109
A_NA_N1	113	137	T	0	0	137	38.8102189781022
A_NA_N1	114	137	T	0	0	137	38.4963503649635
A_NA_N1	115	137	C	0	0	137	37.9416058394161
A_NA_N1	116	137	A	0	0	137	38.6204379562044
A_NA_N1	117	137	A	0	0	137	39.7956204379562
A_NA_N1	118	137	A	0	0	137	41.1897810218978
A_NA_N1	119	137	T	0	0	137	40.036496350365
A_NA_N1	120	137	T	0	0	137	40.8394160583942
A_NA_N1	121	137	G	0	0	137	41.1313868613139
A_NA_N1	122	137	G	0	0	137	41.1678832116788
A_NA_N1	123	138	A	0	0	138	41.3115942028985
A_NA_N1	124	138	A	0	0	138	42.2028985507246
A_NA_N1	125	138	A	0	0	136	41.7058823529412
A_NA_N1	126	138	T	0	0	138	41.9565217391304
A_NA_N1	127	138	C	0	0	138	39.695652173913
A_NA_N1	128	138	A	0	0	138	38.8985507246377
A_NA_N1	129	138	A	0	0	137	39.1167883211679
A_NA_N1	130	138	A	0	0	137	40.029197080292
A_NA_N1	131	138	G	0	0	138	39.4565217391304
A_NA_N1	132	138	C	0	0	138	40.2173913043478
A_NA_N1	133	138	C	0	0	138	39.8768115942029
A_NA_N1	134	137	A	1	0	136	40.9705882352941
A_NA_N1	135	137	G	1	0	137	39.4890510948905
A_NA_N1	136	137	A	1	0	137	40.2116788321168
A_NA_N1	137	137	T	1	0	137	39.4160583941606
A_NA_N1	138	138	T	0	0	137	40.3503649635037
A_NA_N1	139	138	G	0	0	137	38.7445255474453
A_NA_N1	140	138	A	0	0	138	40.3985507246377
A_NA_N1	141	138	A	0	0	138	41.1376811594203
A_NA_N1	142	138	A	0	0	137	41.1021897810219
A_NA_N1	143	138	C	0	0	138	40.5942028985507
A_NA_N1	144	138	A	0	0	138	40.9927536231884
A_NA_N1	145	138	T	0	0	138	41.6666666666667
A_NA_N1	146	138	G	0	0	138	40.9782608695652
A_NA_N1	147	138	C	0	0	138	40.804347826087
A_NA_N1	148	138	A	0	0	138	40.036231884058
A_NA_N1	149	138	A	1	0	138	40.6739130434783
A_NA_N1	150	138	T	1	0	137	40.0729927007299
A_NA_N1	151	137	A	2	0	136	38.3823529411765
A_NA_N1	152	138	A	1	0	138	39.6449275362319
A_NA_N1	153	139	A	0	0	139	40.9640287769784
A_NA_N1	154	138	A	0	0	138	40.5072463768116
A_NA_N1	155	138	G	0	0	137	40.4817518248175
A_NA_N1	156	138	C	0	0	136	40.5735294117647
A_NA_N1	157	138	G	0	0	138	39.6231884057971
A_NA_N1	158	138	T	0	0	137	39.985401459854
A_NA_N1	159	138	C	0	0	136	39.25
A_NA_N1	160	168	A	0	0	168	40.7261904761905
A_NA_N1	161	168	T	0	0	167	40.9700598802395
A_NA_N1	162	168	T	0	0	168	40.6011904761905
A_NA_N1	163	168	A	0	0	168	39.2797619047619
A_NA_N1	164	168	C	0	0	168	39.6845238095238
A_NA_N1	165	168	T	0	0	168	39.8571428571429
A_NA_N1	166	168	T	0	0	168	40.5476190476191
A_NA_N1	167	168	A	0	0	168	39.2261904761905
A_NA_N1	168	168	T	0	0	168	39.7976190476191
A_NA_N1	169	168	G	0	0	168	40.1964285714286
A_NA_N1	170	167	A	1	0	167	40.2455089820359
A_NA_N1	171	168	A	0	0	168	40.6666666666667
A_NA_N1	172	168	A	0	0	168	41.1904761904762
A_NA_N1	173	168	A	0	0	168	41.7261904761905
A_NA_N1	174	168	C	0	0	168	43.2857142857143
A_NA_N1	175	168	A	0	0	168	41.5952380952381
A_NA_N1	176	168	A	0	0	168	41.1011904761905
A_NA_N1	177	168	C	0	0	168	40.9226190476191
A_NA_N1	178	168	A	0	0	168	40.25
A_NA_N1	179	168	C	0	0	168	40.1190476190476
A_NA_N1	180	168	T	0	0	168	40.4047619047619
A_NA_N1	181	170	T	0	0	170	40.8647058823529
A_NA_N1	182	170	G	0	0	170	39.9764705882353
A_NA_N1	183	170	G	0	0	170	40.9588235294118
A_NA_N1	184	170	G	0	0	169	41.6272189349112
A_NA_N1	185	170	T	0	0	169	41.3254437869822
A_NA_N1	186	169	A	1	0	169	41.5443786982249
A_NA_N1	187	170	A	0	0	170	41.0588235294118
A_NA_N1	188	170	A	0	0	168	40.3690476190476
A_NA_N1	189	170	T	0	0	170	39.4647058823529
A_NA_N1	190	169	C	1	0	167	38.1437125748503
A_NA_N1	191	170	A	0	0	169	37.3846153846154
A_NA_N1	192	170	G	0	0	169	38.2485207100592
A_NA_N1	193	169	A	1	0	169	38.0118343195266
A_NA_N1	194	170	C	0	0	169	37.8757396449704
A_NA_N1	195	170	A	0	0	170	39.0411764705882
A_NA_N1	196	170	T	0	0	170	39.7294117647059
A_NA_N1	197	170	T	0	0	170	40.7588235294118
A_NA_N1	198	170	T	0	0	169	40.9289940828402
A_NA_N1	199	170	G	0	0	169	40.7751479289941
A_NA_N1	200	170	T	0	0	170	41.4294117647059
A_NA_N1	201	170	T	0	0	169	41.6153846153846
A_NA_N1	202	169	A	1	0	169	40.5266272189349
A_NA_N1	203	170	A	0	0	168	40.7321428571429
A_NA_N1	204	169	C	1	0	168	40.8392857142857
A_NA_N1	205	169	A	1	0	169	40.2899408284024
A_NA_N1	206	169	T	1	0	169	40.2130177514793
A_NA_N1	207	170	C	0	0	169	39.585798816568
A_NA_N1	208	170	A	0	0	170	39.3294117647059
A_NA_N1	209	168	G	2	0	166	39.5240963855422
A_NA_N1	210	167	C	3	0	166	39.7831325301205
A_NA_N1	211	168	A	2	0	168	39.9345238095238
A_NA_N1	212	168	A	2	0	167	40.1916167664671
A_NA_N1	213	169	C	1	0	168	40.25
A_NA_N1	214	169	A	1	0	169	39.9881656804734
A_NA_N1	215	169	C	1	0	168	39.1488095238095
A_NA_N1	216	169	T	1	0	167	38.311377245509
A_NA_N1	217	169	A	1	0	169	37.5325443786982
A_NA_N1	218	169	A	1	0	168	38.0059523809524
A_NA_N1	219	169	C	1	0	169	37.8579881656805
A_NA_N1	220	169	T	1	0	169	38.1065088757396
A_NA_N1	221	169	C	1	0	169	40.1479289940828
A_NA_N1	222	170	T	0	0	169	39.9881656804734
A_NA_N1	223	170	G	0	0	170	39.6411764705882
A_NA_N1	224	169	C	1	0	169	39.7810650887574
A_NA_N1	225	170	T	0	0	170	39.6352941176471
A_NA_N1	226	170	G	0	0	170	39.3882352941176
A_NA_N1	227	170	C	0	0	168	39.7440476190476
A_NA_N1	228	170	T	0	0	168	38.2976190476191
A_NA_N1	229	169	A	1	0	167	38.0479041916168
A_NA_N1	230	169	G	1	0	166	37.8795180722892
A_NA_N1	231	170	A	0	0	170	37.8411764705882
A_NA_N1	232	170	C	0	0	170	36.6882352941176
A_NA_N1	233	170	A	0	0	170	37.2647058823529
A_NA_N1	234	170	G	0	0	170	37.6352941176471
A_NA_N1	235	170	T	0	0	170	37.9647058823529
A_NA_N1	236	170	C	0	0	170	37.7529411764706
A_NA_N1	237	170	A	0	0	170	38.0470588235294
A_NA_N1	238	170	G	0	0	170	38.4
A_NA_N1	239	170	T	0	0	170	39.1
A_NA_N1	240	170	G	0	0	139	39.3597122302158
A_NA_N1	241	170	G	0	0	170	39.4882352941176
A_NA_N1	242	170	C	0	0	170	39.2
A_NA_N1	243	168	T	2	0	168	39.1726190476191
A_NA_N1	244	170	T	0	0	170	37.9941176470588
A_NA_N1	245	170	C	0	0	170	36.8117647058824
A_NA_N1	246	170	C	0	0	170	35.8470588235294
A_NA_N1	247	170	G	0	0	170	34.9058823529412
A_NA_N1	248	170	T	0	0	169	36.0177514792899
A_NA_N1	249	169	G	1	0	169	37.0177514792899
A_NA_N1	250	169	A	1	0	169	38.491124260355
A_NA_N1	251	170	A	0	0	169	38.9289940828402
A_NA_N1	252	170	A	0	0	168	38.6547619047619
A_NA_N1	253	170	T	0	0	170	39.3764705882353
A_NA_N1	254	170	T	0	0	169	38.3550295857988
A_NA_N1	255	169	A	0	0	169	36.4378698224852
A_NA_N1	256	168	G	1	0	167	37.437125748503
A_NA_N1	257	166	C	3	0	162	36.7716049382716
A_NA_N1	258	167	G	2	0	165	34.8181818181818
A_NA_N1	259	169	G	0	0	169	32.4201183431953
A_NA_N1	260	169	G	0	0	168	34.6488095238095
A_NA_N1	261	168	C	1	0	164	34.8414634146341
A_NA_N1	262	169	A	0	0	167	36.622754491018
A_NA_N1	263	166	A	3	0	164	38.75
A_NA_N1	264	166	T	3	0	165	38.8545454545455
A_NA_N1	265	164	T	5	0	164	39.2073170731707
A_NA_N1	266	167	C	2	0	164	39.7073170731707
A_NA_N1	267	130	C	39	0	130	40.4923076923077
A_NA_N1	268	130	T	39	0	129	39.7441860465116
A_NA_N1	269	165	C	4	0	165	38.169696969697
A_NA_N1	270	166	T	3	0	166	37.8192771084337
A_NA_N1	271	166	C	3	0	166	38.0240963855422
A_NA_N1	272	167	T	2	0	167	37.6586826347305
A_NA_N1	273	169	C	0	0	169	39.3609467455621
A_NA_N1	274	169	T	0	0	168	40.8035714285714
A_NA_N1	275	169	G	0	0	169	39.8402366863905
A_NA_N1	276	167	C	2	0	167	41.0239520958084
A_NA_N1	277	169	C	0	0	169	40.7869822485207
A_NA_N1	278	169	C	0	0	169	41.6390532544379
A_NA_N1	279	169	T	0	0	168	39.8452380952381
A_NA_N1	280	169	G	0	0	169	40.4378698224852
A_NA_N1	281	169	T	0	0	169	41.112426035503
A_NA_N1	282	169	T	0	0	168	41.1547619047619
A_NA_N1	283	169	A	0	0	168	39.75
A_NA_N1	284	169	G	0	0	168	38.9345238095238
A_NA_N1	285	169	T	0	0	169	38.9881656804734
A_NA_N1	286	169	G	0	0	168	39.1845238095238
A_NA_N1	287	169	G	0	0	168	39.8690476190476
A_NA_N1	288	169	A	0	0	169	39.7337278106509
A_NA_N1	289	169	T	0	0	169	40.0887573964497
A_NA_N1	290	169	G	0	0	169	39.4260355029586
A_NA_N1	291	169	G	0	0	169	38.8343195266272
A_NA_N1	292	169	G	0	0	169	37.8639053254438
A_NA_N1	293	169	T	0	0	168	38.4642857142857
A_NA_N1	294	169	T	0	0	169	40.2899408284024
A_NA_N1	295	169	A	0	0	169	40.4497041420118
A_NA_N1	296	169	T	0	0	168	40.7023809523809
A_NA_N1	297	168	A	1	0	168	40.4166666666667
A_NA_N1	298	167	T	2	0	167	39.9880239520958
A_NA_N1	299	168	A	1	0	168	38.5238095238095
A_NA_N1	300	169	C	0	0	169	38.6508875739645
A_NA_N1	301	170	A	0	0	170	38.3705882352941
A_NA_N1	302	170	G	0	0	169	38.5562130177515
A_NA_N1	303	170	T	0	0	168	38.2202380952381
A_NA_N1	304	170	A	0	0	168	37.5119047619048
A_NA_N1	305	170	A	0	0	170	37.9823529411765
A_NA_N1	306	170	A	0	0	169	38.0414201183432
A_NA_N1	307	169	G	0	0	169	38.2426035502959
A_NA_N1	308	171	A	0	0	171	38.5672514619883
A_NA_N1	309	171	C	0	0	170	39.6058823529412
A_NA_N1	310	171	A	0	0	170	38.9352941176471
A_NA_N1	311	171	A	0	0	171	38.327485380117
A_NA_N1	312	171	C	0	0	169	37.7988165680473
A_NA_N1	313	171	A	0	0	170	37.1411764705882
A_NA_N1	314	170	G	1	0	170	38.1352941176471
A_NA_N1	315	170	T	1	0	170	38.3117647058824
A_NA_N1	316	171	G	0	0	171	38.5555555555556
A_NA_N1	317	171	T	0	0	170	38.6352941176471
A_NA_N1	318	170	A	1	0	170	37.5705882352941
A_NA_N1	319	171	A	0	0	169	35.9526627218935
A_NA_N1	320	171	G	0	0	168	35.9642857142857
A_NA_N1	321	171	A	0	0	171	38.0233918128655
A_NA_N1	322	170	A	1	0	170	38.9352941176471
A_NA_N1	323	170	T	1	0	169	39.3905325443787
A_NA_N1	324	169	C	2	0	166	37.4638554216867
A_NA_N1	325	171	G	0	0	169	35.2662721893491
A_NA_N1	326	171	G	0	0	170	35.0352941176471
A_NA_N1	327	170	T	1	0	169	35.3668639053254
A_NA_N1	328	171	T	0	0	170	36.2
A_NA_N1	329	171	C	0	0	170	36.7470588235294
A_NA_N1	330	170	C	1	0	170	37.9764705882353
A_NA_N1	331	170	A	1	0	170	36.6705882352941
A_NA_N1	332	168	A	3	0	167	36.5089820359281
A_NA_N1	333	161	G	10	0	160	36.28125
A_NA_N1	334	170	G	1	0	170	36.1882352941176
A_NA_N1	335	171	G	0	0	170	36.8470588235294
A_NA_N1	336	171	G	0	0	170	38.8823529411765
A_NA_N1	337	171	G	0	0	170	39.8823529411765
A_NA_N1	338	171	A	0	0	170	39.1647058823529
A_NA_N1	339	171	T	0	0	169	38.7041420118343
A_NA_N1	340	171	G	0	0	171	38.093567251462
A_NA_N1	341	172	T	0	0	172	40.3604651162791
A_NA_N1	342	172	G	0	0	171	40.4035087719298
A_NA_N1	343	170	T	2	0	170	40.3823529411765
A_NA_N1	344	172	T	0	0	171	40.4327485380117
A_NA_N1	345	172	T	0	0	171	40.0175438596491
A_NA_N1	346	172	G	0	0	171	39.6315789473684
A_NA_N1	347	172	T	0	0	171	39.8771929824561
A_NA_N1	348	172	C	0	0	171	37.7543859649123
A_NA_N1	349	171	A	1	0	171	37.3391812865497
A_NA_N1	350	172	T	0	0	172	37.5813953488372
A_NA_N1	351	171	A	1	0	171	37.7543859649123
A_NA_N1	352	172	A	0	0	172	37.4883720930233
A_NA_N1	353	172	G	0	0	170	38.4705882352941
A_NA_N1	354	172	G	0	0	170	39.6823529411765
A_NA_N1	355	172	G	0	0	170	38.4882352941176
A_NA_N1	356	172	A	0	0	170	38.8882352941176
A_NA_N1	357	172	A	0	0	171	38.9707602339181
A_NA_N1	358	172	C	0	0	169	37.2544378698225
A_NA_N1	359	172	C	0	0	170	37.1529411764706
A_NA_N1	360	172	A	0	0	171	36.4795321637427
A_NA_N1	361	172	T	0	0	172	37.1279069767442
A_NA_N1	362	172	T	0	0	172	36.0058139534884
A_NA_N1	363	170	C	2	0	169	36.3195266272189
A_NA_N1	364	170	A	2	0	170	36.8352941176471
A_NA_N1	365	171	T	1	0	170	37.8764705882353
A_NA_N1	366	171	A	1	0	171	38.6198830409357
A_NA_N1	367	171	T	1	0	171	39.6900584795322
A_NA_N1	368	171	C	1	0	171	40.1695906432749
A_NA_N1	369	171	A	1	0	171	38.8187134502924
A_NA_N1	370	171	T	1	0	170	40.3352941176471
A_NA_N1	371	171	G	1	0	171	40.1812865497076
A_NA_N1	372	171	C	1	0	171	39.3099415204678
A_NA_N1	373	171	T	1	0	170	40.6235294117647
A_NA_N1	374	171	C	1	0	170	40.0176470588235
A_NA_N1	375	171	T	1	0	171	39.9005847953216
A_NA_N1	376	170	C	2	0	168	38.4761904761905
A_NA_N1	377	172	C	0	0	172	38.8081395348837
A_NA_N1	378	172	C	0	0	172	37.8255813953488
A_NA_N1	379	172	T	0	0	172	35.75
A_NA_N1	380	172	T	0	0	172	38.9941860465116
A_NA_N1	381	172	G	0	0	172	38.9476744186046
A_NA_N1	382	172	G	0	0	172	38.2848837209302
A_NA_N1	383	172	A	0	0	172	39.843023255814
A_NA_N1	384	172	A	0	0	172	39.8895348837209
A_NA_N1	385	172	T	0	0	172	40.25
A_NA_N1	386	172	G	0	0	172	39.046511627907
A_NA_N1	387	172	C	0	0	171	38.4736842105263
A_NA_N1	388	172	A	0	0	171	37.906432748538
A_NA_N1	389	171	G	1	0	167	37.6766467065868
A_NA_N1	390	171	A	1	0	170	36.9823529411765
A_NA_N1	391	172	A	0	0	171	37.1169590643275
A_NA_N1	392	171	C	1	0	170	37.3647058823529
A_NA_N1	393	170	C	2	0	167	38.4251497005988
A_NA_N1	394	171	T	1	0	169	38.8343195266272
A_NA_N1	395	168	T	4	0	168	39.2678571428571
A_NA_N1	396	169	C	3	0	169	38.4201183431953
A_NA_N1	397	171	T	1	0	171	39.5964912280702
A_NA_N1	398	171	T	1	0	171	40.0409356725146
A_NA_N1	399	171	C	1	0	169	39.3076923076923
A_NA_N1	400	171	T	1	0	171	39.8304093567251
A_NA_N1	401	172	T	0	0	172	39.6279069767442
A_NA_N1	402	171	G	1	0	169	39.3905325443787
A_NA_N1	403	172	A	0	0	172	39.8488372093023
A_NA_N1	404	172	C	0	0	171	40.5497076023392
A_NA_N1	405	170	T	2	0	169	41.2958579881657
A_NA_N1	406	172	C	0	0	170	40.3235294117647
A_NA_N1	407	172	A	0	0	172	39.3779069767442
A_NA_N1	408	172	A	0	0	171	39.4035087719298
A_NA_N1	409	172	G	0	0	172	38.7151162790698
A_NA_N1	410	172	G	0	0	172	38.546511627907
A_NA_N1	411	172	G	0	0	172	40.0813953488372
A_NA_N1	412	172	G	0	0	172	41.3139534883721
A_NA_N1	413	172	C	0	0	172	41.2209302325581
A_NA_N1	414	172	T	0	0	172	40.8720930232558
A_NA_N1	415	172	T	0	0	171	42.0175438596491
A_NA_N1	416	172	T	0	0	172	43.0232558139535
A_NA_N1	417	172	G	0	0	172	42.6511627906977
A_NA_N1	418	172	C	0	0	171	42.5087719298246
A_NA_N1	419	171	T	1	0	170	43.1941176470588
A_NA_N1	420	170	A	2	0	170	42.3235294117647
A_NA_N1	421	171	A	1	0	171	42.2397660818713
A_NA_N1	422	171	A	1	0	171	41.766081871345
A_NA_N1	423	172	T	0	0	172	41.843023255814
A_NA_N1	424	172	G	0	0	172	41.5058139534884
A_NA_N1	425	172	A	0	0	172	40.5
A_NA_N1	426	172	C	0	0	172	38.9011627906977
A_NA_N1	427	172	A	0	0	172	37.5290697674419
A_NA_N1	428	172	A	0	0	171	37.8888888888889
A_NA_N1	429	172	A	0	0	172	38.4418604651163
A_NA_N1	430	171	C	1	0	171	39.719298245614
A_NA_N1	431	172	A	0	0	171	40.9298245614035
A_NA_N1	432	172	T	0	0	172	40.7441860465116
A_NA_N1	433	172	T	0	0	171	40.1695906432749
A_NA_N1	434	172	C	0	0	172	38.3720930232558
A_NA_N1	435	172	C	0	0	172	37.4825581395349
A_NA_N1	436	172	A	0	0	172	36.5872093023256
A_NA_N1	437	172	A	0	0	172	36.8488372093023
A_NA_N1	438	172	T	0	0	172	37.9883720930233
A_NA_N1	439	172	G	0	0	172	38.9011627906977
A_NA_N1	440	172	G	0	0	172	39.2267441860465
A_NA_N1	441	172	A	0	0	172	40.6802325581395
A_NA_N1	442	172	A	0	0	171	41.6959064327485
A_NA_N1	443	172	C	0	0	171	41.6140350877193
A_NA_N1	444	172	A	0	0	172	40.4186046511628
A_NA_N1	445	172	A	0	0	172	39.8779069767442
A_NA_N1	446	172	T	0	0	172	40.7441860465116
A_NA_N1	447	172	T	0	0	172	39.5
A_NA_N1	448	172	A	0	0	171	38.7309941520468
A_NA_N1	449	172	A	0	0	172	38.9825581395349
A_NA_N1	450	172	A	0	0	171	38.1461988304094
A_NA_N1	451	172	G	0	0	169	37.9230769230769
A_NA_N1	452	171	A	1	0	171	37.5321637426901
A_NA_N1	453	172	C	0	0	172	37.3779069767442
A_NA_N1	454	173	A	0	0	173	36.9190751445087
A_NA_N1	455	173	G	0	0	173	36.1849710982659
A_NA_N1	456	173	A	0	0	173	36.7630057803468
A_NA_N1	457	173	A	0	0	173	39.0578034682081
A_NA_N1	458	173	G	0	0	173	40.0982658959538
A_NA_N1	459	173	C	0	0	172	39.8139534883721
A_NA_N1	460	173	C	0	0	173	40.271676300578
A_NA_N1	461	173	C	0	0	173	39.8208092485549
A_NA_N1	462	172	A	1	0	172	39.5348837209302
A_NA_N1	463	173	T	0	0	172	40.6220930232558
A_NA_N1	464	173	A	0	0	173	40.8843930635838
A_NA_N1	465	173	T	0	0	173	40.878612716763
A_NA_N1	466	173	C	0	0	170	39.2705882352941
A_NA_N1	467	173	G	0	0	172	37.9767441860465
A_NA_N1	468	173	A	0	0	173	38.2138728323699
A_NA_N1	469	173	A	0	0	172	38.1511627906977
A_NA_N1	470	174	C	0	0	174	38
A_NA_N1	471	174	C	0	0	174	39.0344827586207
A_NA_N1	472	174	T	0	0	174	38.9770114942529
A_NA_N1	473	174	T	0	0	174	39.1264367816092
A_NA_N1	474	174	A	0	0	174	37.3735632183908
A_NA_N1	475	174	A	0	0	174	36.7126436781609
A_NA_N1	476	174	T	0	0	174	36.1091954022989
A_NA_N1	477	174	G	0	0	173	36.4104046242775
A_NA_N1	478	174	A	0	0	174	36.0747126436782
A_NA_N1	479	174	G	0	0	174	37.132183908046
A_NA_N1	480	174	C	0	0	174	38
A_NA_N1	481	174	T	0	0	172	38.9418604651163
A_NA_N1	482	174	G	0	0	174	38.6034482758621
A_NA_N1	483	174	T	0	0	173	39.3294797687861
A_NA_N1	484	174	C	0	0	174	39.7528735632184
A_NA_N1	485	174	C	0	0	174	39.6206896551724
A_NA_N1	486	174	T	0	0	173	39.7341040462428
A_NA_N1	487	173	A	1	0	173	40.0231213872832
A_NA_N1	488	173	T	1	0	172	39.9011627906977
A_NA_N1	489	174	T	0	0	173	39.393063583815
A_NA_N1	490	173	G	1	0	172	38.3604651162791
A_NA_N1	491	174	G	0	0	174	38.0632183908046
A_NA_N1	492	174	T	0	0	172	38.2674418604651
A_NA_N1	493	174	G	0	0	171	39.0175438596491
A_NA_N1	494	172	A	2	0	172	38.906976744186
A_NA_N1	495	174	A	0	0	173	39.6705202312139
A_NA_N1	496	173	G	1	0	170	39.9529411764706
A_NA_N1	497	171	T	3	0	171	40.7719298245614
A_NA_N1	498	173	T	1	0	171	41.0643274853801
A_NA_N1	499	173	C	1	0	171	40.1695906432749
A_NA_N1	500	173	C	1	0	172	39.7848837209302
A_NA_N1	501	174	C	0	0	172	38.9651162790698
A_NA_N1	502	174	T	0	0	174	37.5747126436782
A_NA_N1	503	173	C	1	0	173	37.6300578034682
A_NA_N1	504	173	T	1	0	173	37.8092485549133
A_NA_N1	505	173	C	1	0	172	37.7732558139535
A_NA_N1	506	173	C	1	0	172	40.3139534883721
A_NA_N1	507	173	A	1	0	172	41.0813953488372
A_NA_N1	508	174	T	0	0	173	41.2832369942197
A_NA_N1	509	174	A	0	0	174	41.5057471264368
A_NA_N1	510	174	C	0	0	171	41.6608187134503
A_NA_N1	511	174	A	0	0	173	40.8150289017341
A_NA_N1	512	174	A	0	0	174	40.3333333333333
A_NA_N1	513	174	C	0	0	174	39.6436781609195
A_NA_N1	514	174	T	0	0	174	40.2413793103448
A_NA_N1	515	174	C	0	0	172	39.9593023255814
A_NA_N1	516	174	A	0	0	174	39.3735632183908
A_NA_N1	517	174	A	0	0	174	38.2126436781609
A_NA_N1	518	174	G	0	0	174	38.448275862069
A_NA_N1	519	174	A	0	0	174	37.8850574712644
A_NA_N1	520	174	T	0	0	174	38.3333333333333
A_NA_N1	521	174	T	0	0	174	38.2413793103448
A_NA_N1	522	174	T	0	0	174	39.4195402298851
A_NA_N1	523	174	G	0	0	174	38.9137931034483
A_NA_N1	524	174	A	0	0	173	38.7976878612717
A_NA_N1	525	174	G	0	0	172	39.0988372093023
A_NA_N1	526	174	T	0	0	173	39.2601156069364
A_NA_N1	527	174	C	0	0	173	39.2601156069364
A_NA_N1	528	174	A	0	0	174	39.4540229885057
A_NA_N1	529	174	G	0	0	174	39.2931034482759
A_NA_N1	530	174	T	0	0	174	39.2816091954023
A_NA_N1	531	174	C	0	0	171	38.7076023391813
A_NA_N1	532	174	G	0	0	172	37.8779069767442
A_NA_N1	533	173	C	1	0	173	37.5780346820809
A_NA_N1	534	173	T	1	0	172	37.3953488372093
A_NA_N1	535	174	T	0	0	174	37.1436781609195
A_NA_N1	536	173	G	0	0	172	37.656976744186
A_NA_N1	537	173	G	0	0	172	39.7790697674419
A_NA_N1	538	173	T	0	0	173	39.5953757225434
A_NA_N1	539	172	C	1	0	172	39.75
A_NA_N1	540	173	A	0	0	172	39.8139534883721
A_NA_N1	541	172	G	1	0	171	39.0818713450292
A_NA_N1	542	172	C	1	0	172	38.5523255813954
A_NA_N1	543	172	A	1	0	172	38.6220930232558
A_NA_N1	544	172	A	1	0	172	38.2790697674419
A_NA_N1	545	172	G	1	0	172	38.5058139534884
A_NA_N1	546	173	T	0	0	173	37.5606936416185
A_NA_N1	547	173	G	0	0	171	38.3040935672515
A_NA_N1	548	173	C	0	0	172	37.7848837209302
A_NA_N1	549	173	T	0	0	173	38.0982658959538
A_NA_N1	550	173	T	0	0	173	39.0231213872832
A_NA_N1	551	173	G	0	0	170	39
A_NA_N1	552	173	T	0	0	172	39.6279069767442
A_NA_N1	553	172	C	1	0	171	39.5614035087719
A_NA_N1	554	173	A	0	0	173	39.3583815028902
A_NA_N1	555	173	T	0	0	170	40.4941176470588
A_NA_N1	556	173	G	0	0	170	40.4588235294118
A_NA_N1	557	173	A	0	0	173	40.849710982659
A_NA_N1	558	173	T	0	0	170	41.1764705882353
A_NA_N1	559	173	G	0	0	172	41.9825581395349
A_NA_N1	560	173	G	0	0	173	42.1791907514451
A_NA_N1	561	173	C	0	0	173	41.8092485549133
A_NA_N1	562	173	A	0	0	172	41.9244186046512
A_NA_N1	563	173	C	0	0	173	41.150289017341
A_NA_N1	564	173	C	0	0	173	40.971098265896
A_NA_N1	565	173	A	0	0	173	41.0462427745665
A_NA_N1	566	173	A	0	0	173	41.1734104046243
A_NA_N1	567	173	T	0	0	173	42.0346820809249
A_NA_N1	568	173	T	0	0	173	41.5895953757225
A_NA_N1	569	173	G	0	0	172	41.5988372093023
A_NA_N1	570	173	G	0	0	173	42.0924855491329
A_NA_N1	571	173	C	0	0	171	42.4912280701754
A_NA_N1	572	173	T	0	0	173	41.6011560693642
A_NA_N1	573	173	A	0	0	173	40.6820809248555
A_NA_N1	574	173	A	0	0	173	41.0520231213873
A_NA_N1	575	173	C	0	0	173	40.364161849711
A_NA_N1	576	173	A	0	0	173	40.3872832369942
A_NA_N1	577	173	A	0	0	173	40.6531791907514
A_NA_N1	578	173	T	0	0	172	41.1976744186046
A_NA_N1	579	173	T	0	0	173	40.6994219653179
A_NA_N1	580	173	G	0	0	172	40.9476744186046
A_NA_N1	581	173	G	0	0	172	39.6744186046512
A_NA_N1	582	173	A	0	0	171	40.187134502924
A_NA_N1	583	173	A	0	0	172	39.7674418604651
A_NA_N1	584	173	T	0	0	172	41.5523255813954
A_NA_N1	585	173	T	0	0	173	41.6936416184971
A_NA_N1	586	173	T	0	0	173	43.0635838150289
A_NA_N1	587	173	C	0	0	172	40.8662790697674
A_NA_N1	588	173	T	0	0	173	41.1907514450867
A_NA_N1	589	173	G	0	0	172	39.4767441860465
A_NA_N1	590	173	G	0	0	172	38.1744186046512
A_NA_N1	591	173	C	0	0	173	38.3179190751445
A_NA_N1	592	173	C	0	0	172	39.3313953488372
A_NA_N1	593	173	C	0	0	171	40.140350877193
A_NA_N1	594	172	A	1	0	172	39.593023255814
A_NA_N1	595	171	G	2	0	169	39.8816568047337
A_NA_N1	596	172	A	1	0	172	40.0406976744186
A_NA_N1	597	173	C	0	0	172	40.2616279069767
A_NA_N1	598	173	A	0	0	173	39.364161849711
A_NA_N1	599	173	A	0	0	173	40.6127167630058
A_NA_N1	600	173	T	0	0	173	41.1329479768786
A_NA_N1	601	169	G	4	0	169	41.0118343195266
A_NA_N1	602	172	G	1	0	172	41.5639534883721
A_NA_N1	603	173	G	0	0	173	41.606936416185
A_NA_N1	604	173	G	0	0	173	40.9595375722543
A_NA_N1	605	172	C	1	0	171	41.6900584795322
A_NA_N1	606	173	A	0	0	173	41.0462427745665
A_NA_N1	607	173	G	0	0	173	41.2485549132948
A_NA_N1	608	173	T	0	0	173	40.9884393063584
A_NA_N1	609	174	G	0	0	174	41.2126436781609
A_NA_N1	610	174	G	0	0	173	41.7398843930636
A_NA_N1	611	174	C	0	0	173	41.3410404624277
A_NA_N1	612	174	T	0	0	172	42.453488372093
A_NA_N1	613	174	G	0	0	174	42.2931034482759
A_NA_N1	614	174	T	0	0	173	41.3468208092486
A_NA_N1	615	174	G	0	0	174	41.3965517241379
A_NA_N1	616	174	T	0	0	173	40.9884393063584
A_NA_N1	617	174	T	0	0	174	39.4770114942529
A_NA_N1	618	174	A	0	0	173	38.7167630057803
A_NA_N1	619	174	A	0	0	174	39.3103448275862
A_NA_N1	620	174	A	0	0	173	39.3063583815029
A_NA_N1	621	174	A	0	0	173	39.7052023121387
A_NA_N1	622	174	T	0	0	173	41.4739884393064
A_NA_N1	623	174	A	0	0	173	41.4335260115607
A_NA_N1	624	174	C	0	0	174	41.0344827586207
A_NA_N1	625	173	A	1	0	172	40.3255813953488
A_NA_N1	626	173	A	1	0	173	40.3526011560694
A_NA_N1	627	172	T	2	0	172	40.0872093023256
A_NA_N1	628	172	G	2	0	172	40.2732558139535
A_NA_N1	629	173	G	1	0	172	41.1046511627907
A_NA_N1	630	174	C	0	0	174	41.7758620689655
A_NA_N1	631	174	A	0	0	174	41.3793103448276
A_NA_N1	632	174	T	0	0	173	42.1618497109827
A_NA_N1	633	174	A	0	0	173	41.606936416185
A_NA_N1	634	174	A	0	0	174	42.2126436781609
A_NA_N1	635	174	T	0	0	171	41.5029239766082
A_NA_N1	636	174	A	0	0	174	41.2241379310345
A_NA_N1	637	173	A	1	0	172	41.5232558139535
A_NA_N1	638	173	C	1	0	172	41.2209302325581
A_NA_N1	639	173	A	1	0	173	41.8265895953757
A_NA_N1	640	173	G	1	0	171	41.1578947368421
A_NA_N1	641	174	A	0	0	174	40.948275862069
A_NA_N1	642	174	C	0	0	174	40.8965517241379
A_NA_N1	643	174	A	0	0	174	41.1954022988506
A_NA_N1	644	174	C	0	0	174	39.632183908046
A_NA_N1	645	174	T	0	0	174	39.8218390804598
A_NA_N1	646	174	A	0	0	174	40.0689655172414
A_NA_N1	647	174	T	0	0	174	39.5114942528736
A_NA_N1	648	173	C	1	0	173	37.3815028901734
A_NA_N1	649	173	A	1	0	173	37.3526011560694
A_NA_N1	650	174	A	0	0	174	36.9252873563218
A_NA_N1	651	174	G	0	0	173	37.1618497109827
A_NA_N1	652	174	A	0	0	174	37.3448275862069
A_NA_N1	653	174	G	0	0	174	37.6436781609195
A_NA_N1	654	174	T	0	0	174	38.2126436781609
A_NA_N1	655	174	T	0	0	174	37.683908045977
A_NA_N1	656	174	G	0	0	174	36.735632183908
A_NA_N1	657	174	G	0	0	174	36.367816091954
A_NA_N1	658	174	A	0	0	174	36.7298850574713
A_NA_N1	659	173	G	1	0	173	38.8034682080925
A_NA_N1	660	174	G	0	0	174	38.5172413793103
A_NA_N1	661	173	A	1	0	173	39.0173410404624
A_NA_N1	662	173	A	1	0	172	39.4883720930233
A_NA_N1	663	173	C	1	0	172	40.0058139534884
A_NA_N1	664	170	A	4	0	170	40.0764705882353
A_NA_N1	665	171	A	3	0	171	40.6374269005848
A_NA_N1	666	171	G	3	0	170	40.5352941176471
A_NA_N1	667	173	A	1	0	173	40.2947976878613
A_NA_N1	668	173	T	1	0	171	38.8888888888889
A_NA_N1	669	173	A	1	0	173	38.6763005780347
A_NA_N1	670	174	T	0	0	173	38.7630057803468
A_NA_N1	671	174	T	0	0	174	38.7413793103448
A_NA_N1	672	174	G	0	0	174	37.8793103448276
A_NA_N1	673	173	A	1	0	173	38.9075144508671
A_NA_N1	674	173	G	1	0	173	39.0635838150289
A_NA_N1	675	173	A	1	0	173	41.4508670520231
A_NA_N1	676	173	A	1	0	173	40.3757225433526
A_NA_N1	677	173	C	1	0	172	40.6860465116279
A_NA_N1	678	174	A	0	0	173	40.8323699421965
A_NA_N1	679	174	C	0	0	173	41.9942196531792
A_NA_N1	680	174	A	0	0	173	41.606936416185
A_NA_N1	681	174	A	0	0	174	41.264367816092
A_NA_N1	682	174	G	0	0	174	41.2758620689655
A_NA_N1	683	174	A	0	0	174	41.264367816092
A_NA_N1	684	174	G	0	0	174	41.5919540229885
A_NA_N1	685	174	T	0	0	174	41.632183908046
A_NA_N1	686	174	C	0	0	174	41.0977011494253
A_NA_N1	687	174	T	0	0	174	41.5919540229885
A_NA_N1	688	174	G	0	0	174	42.0402298850575
A_NA_N1	689	174	A	0	0	174	41.8390804597701
A_NA_N1	690	174	A	0	0	174	42.1551724137931
A_NA_N1	691	174	T	0	0	174	42.4195402298851
A_NA_N1	692	174	G	0	0	174	42.5862068965517
A_NA_N1	693	174	T	0	0	174	42.867816091954
A_NA_N1	694	174	G	0	0	174	43
A_NA_N1	695	174	C	0	0	174	42.3563218390805
A_NA_N1	696	174	A	0	0	174	42.0172413793103
A_NA_N1	697	174	T	0	0	174	42.183908045977
A_NA_N1	698	174	G	0	0	174	41.8620689655172
A_NA_N1	699	174	T	0	0	174	42.0344827586207
A_NA_N1	700	174	G	0	0	174	41.764367816092
A_NA_N1	701	174	T	0	0	174	42.0459770114943
A_NA_N1	702	174	A	0	0	173	42.0115606936416
A_NA_N1	703	174	A	0	0	174	41.8448275862069
A_NA_N1	704	174	A	0	0	174	42.0057471264368
A_NA_N1	705	174	T	0	0	174	41.5689655172414
A_NA_N1	706	174	G	0	0	174	40.7011494252874
A_NA_N1	707	174	G	0	0	174	40.7126436781609
A_NA_N1	708	174	T	0	0	174	41.9655172413793
A_NA_N1	709	174	T	0	0	173	40.8150289017341
A_NA_N1	710	174	C	0	0	174	39.6666666666667
A_NA_N1	711	174	T	0	0	174	39.2931034482759
A_NA_N1	712	173	T	1	0	173	39.6820809248555
A_NA_N1	713	173	G	1	0	173	39.5895953757225
A_NA_N1	714	173	C	1	0	173	39.8265895953757
A_NA_N1	715	173	T	1	0	171	40.3157894736842
A_NA_N1	716	173	T	1	0	173	40.2023121387283
A_NA_N1	717	173	T	1	0	173	40.4219653179191
A_NA_N1	718	173	A	1	0	173	38.8439306358381
A_NA_N1	719	174	C	0	0	174	39.5747126436782
A_NA_N1	720	174	C	0	0	174	39.8045977011494
A_NA_N1	721	174	A	0	0	174	40.5632183908046
A_NA_N1	722	174	T	0	0	174	40.3218390804598
A_NA_N1	723	174	A	0	0	174	40.5747126436782
A_NA_N1	724	174	A	0	0	174	40.7586206896552
A_NA_N1	725	174	T	0	0	174	40.6551724137931
A_NA_N1	726	174	G	0	0	174	40.2298850574713
A_NA_N1	727	174	A	0	0	174	39.367816091954
A_NA_N1	728	174	C	0	0	174	41.1781609195402
A_NA_N1	729	174	C	0	0	174	39.7471264367816
A_NA_N1	730	174	G	0	0	172	39.2209302325581
A_NA_N1	731	174	A	0	0	174	38.8390804597701
A_NA_N1	732	174	T	0	0	174	38.3333333333333
A_NA_N1	733	173	G	1	0	173	37.2658959537572
A_NA_N1	734	174	G	0	0	174	38.3390804597701
A_NA_N1	735	174	A	0	0	174	40.1896551724138
A_NA_N1	736	174	C	0	0	172	40.1686046511628
A_NA_N1	737	174	C	0	0	174	39.6609195402299
A_NA_N1	738	175	A	0	0	175	39.6228571428571
A_NA_N1	739	175	A	0	0	175	39.4057142857143
A_NA_N1	740	175	G	0	0	175	39.3542857142857
A_NA_N1	741	175	T	0	0	175	39.32
A_NA_N1	742	175	G	0	0	175	38.2342857142857
A_NA_N1	743	175	A	0	0	175	39.6228571428571
A_NA_N1	744	175	T	0	0	175	39.68
A_NA_N1	745	175	G	0	0	175	38.8914285714286
A_NA_N1	746	175	G	0	0	175	40.0742857142857
A_NA_N1	747	175	A	0	0	173	40.9364161849711
A_NA_N1	748	175	C	0	0	175	41.3314285714286
A_NA_N1	749	175	A	0	0	175	40.9085714285714
A_NA_N1	750	175	G	0	0	175	42.2742857142857
A_NA_N1	751	175	G	0	0	175	40.7942857142857
A_NA_N1	752	175	C	0	0	175	40.1428571428571
A_NA_N1	753	175	C	0	0	175	40.4342857142857
A_NA_N1	754	175	T	0	0	175	39.7257142857143
A_NA_N1	755	175	C	0	0	175	39.6228571428571
A_NA_N1	756	175	A	0	0	175	39.1428571428571
A_NA_N1	757	175	T	0	0	174	39.5344827586207
A_NA_N1	758	174	A	1	0	173	38.7341040462428
A_NA_N1	759	175	C	0	0	174	38.3908045977011
A_NA_N1	760	174	A	1	0	173	37.6994219653179
A_NA_N1	761	175	A	0	0	175	37.2685714285714
A_NA_N1	762	175	A	0	0	175	37.7657142857143
A_NA_N1	763	175	A	0	0	173	38.2890173410405
A_NA_N1	764	175	T	0	0	175	38.8457142857143
A_NA_N1	765	175	C	0	0	175	37.5542857142857
A_NA_N1	766	175	T	0	0	175	38.7142857142857
A_NA_N1	767	174	T	1	0	173	37.242774566474
A_NA_N1	768	173	C	2	0	173	35.2543352601156
A_NA_N1	769	175	A	0	0	175	33.3142857142857
A_NA_N1	770	175	G	0	0	175	34.8
A_NA_N1	771	173	A	2	0	172	35.953488372093
A_NA_N1	772	174	A	1	0	173	35.5491329479769
A_NA_N1	773	174	T	1	0	173	37.0693641618497
A_NA_N1	774	175	A	0	0	175	35.72
A_NA_N1	775	175	G	0	0	175	34.4971428571429
A_NA_N1	776	175	A	0	0	175	35.0228571428571
A_NA_N1	777	175	G	0	0	175	35.3714285714286
A_NA_N1	778	175	A	0	0	174	36.2758620689655
A_NA_N1	779	175	A	0	0	175	37.9142857142857
A_NA_N1	780	171	G	4	0	170	38.3647058823529
A_NA_N1	781	174	G	1	0	174	39.0804597701149
A_NA_N1	782	175	G	0	0	173	38.2312138728324
A_NA_N1	783	173	A	2	0	172	38.2151162790698
A_NA_N1	784	174	A	1	0	174	40.4885057471264
A_NA_N1	785	174	A	1	0	173	40.8901734104046
A_NA_N1	786	175	G	0	0	173	39.4566473988439
A_NA_N1	787	175	A	0	0	175	39.5657142857143
A_NA_N1	788	175	T	0	0	175	39.0914285714286
A_NA_N1	789	175	A	0	0	175	37.8971428571429
A_NA_N1	790	175	A	0	0	175	38.2685714285714
A_NA_N1	791	175	C	0	0	175	38.2914285714286
A_NA_N1	792	175	C	0	0	175	38.4914285714286
A_NA_N1	793	175	A	0	0	175	38.9714285714286
A_NA_N1	794	175	A	0	0	175	40.16
A_NA_N1	795	175	A	0	0	175	39.7942857142857
A_NA_N1	796	175	T	0	0	175	40.32
A_NA_N1	797	175	C	0	0	174	39.7241379310345
A_NA_N1	798	175	A	0	0	175	39.3542857142857
A_NA_N1	799	176	G	0	0	176	37.8863636363636
A_NA_N1	800	176	T	0	0	176	38.4829545454545
A_NA_N1	801	176	C	0	0	176	36.7443181818182
A_NA_N1	802	175	G	1	0	173	36.606936416185
A_NA_N1	803	175	A	1	0	175	37.0285714285714
A_NA_N1	804	176	A	0	0	175	37.8
A_NA_N1	805	176	A	0	0	176	38.3522727272727
A_NA_N1	806	176	T	0	0	176	39.3806818181818
A_NA_N1	807	176	G	0	0	176	40.2897727272727
A_NA_N1	808	176	A	0	0	176	41.4431818181818
A_NA_N1	809	176	A	0	0	175	40.8914285714286
A_NA_N1	810	176	G	0	0	176	40.5909090909091
A_NA_N1	811	176	G	0	0	176	40.7784090909091
A_NA_N1	812	175	C	1	0	175	39.5257142857143
A_NA_N1	813	175	C	1	0	175	38.9657142857143
A_NA_N1	814	176	C	0	0	176	39.0454545454545
A_NA_N1	815	176	C	0	0	175	38.3771428571429
A_NA_N1	816	176	T	0	0	173	37.8381502890173
A_NA_N1	817	176	A	0	0	174	37.448275862069
A_NA_N1	818	175	A	1	0	175	37.5771428571429
A_NA_N1	819	175	T	1	0	174	38.0402298850575
A_NA_N1	820	174	T	2	0	173	39.6184971098266
A_NA_N1	821	175	A	1	0	174	39.7931034482759
A_NA_N1	822	174	T	2	0	174	40.0632183908046
A_NA_N1	823	174	C	2	0	174	40.1034482758621
A_NA_N1	824	176	A	0	0	174	40.1896551724138
A_NA_N1	825	176	C	0	0	176	38.7897727272727
A_NA_N1	826	176	T	0	0	176	39.7159090909091
A_NA_N1	827	176	A	0	0	176	38.9090909090909
A_NA_N1	828	176	T	0	0	176	38.0965909090909
A_NA_N1	829	176	G	0	0	175	37.9828571428571
A_NA_N1	830	176	A	0	0	176	39.0511363636364
A_NA_N1	831	175	A	1	0	175	38.5942857142857
A_NA_N1	832	175	G	1	0	175	38.9714285714286
A_NA_N1	833	175	A	1	0	174	39.5229885057471
A_NA_N1	834	176	A	0	0	176	39.7727272727273
A_NA_N1	835	176	T	0	0	174	39.5977011494253
A_NA_N1	836	176	G	0	0	176	39.5340909090909
A_NA_N1	837	176	C	0	0	174	39.3908045977011
A_NA_N1	838	176	T	0	0	176	39.9715909090909
A_NA_N1	839	176	C	0	0	176	38.4829545454545
A_NA_N1	840	176	C	0	0	175	38.1828571428571
A_NA_N1	841	176	T	0	0	176	38.625
A_NA_N1	842	176	G	0	0	176	38.6704545454545
A_NA_N1	843	176	T	0	0	175	38.5657142857143
A_NA_N1	844	176	T	0	0	176	39.6079545454545
A_NA_N1	845	176	A	0	0	176	38.4488636363636
A_NA_N1	846	175	C	1	0	174	39.5459770114943
A_NA_N1	847	176	C	0	0	176	39.6193181818182
A_NA_N1	848	176	C	0	0	176	40.1534090909091
A_NA_N1	849	176	T	0	0	176	40.2954545454545
A_NA_N1	850	176	G	0	0	176	41.4261363636364
A_NA_N1	851	176	A	0	0	175	42.2285714285714
A_NA_N1	852	176	T	0	0	176	42.1704545454545
A_NA_N1	853	175	T	1	0	175	42.4171428571429
A_NA_N1	854	174	C	2	0	174	41.2873563218391
A_NA_N1	855	176	T	0	0	176	41.1761363636364
A_NA_N1	856	176	A	0	0	175	38.1371428571429
A_NA_N1	857	176	G	0	0	176	37.6761363636364
A_NA_N1	858	176	T	0	0	176	37.6875
A_NA_N1	859	176	G	0	0	176	37.3920454545455
A_NA_N1	860	176	A	0	0	175	37.8457142857143
A_NA_N1	861	176	A	0	0	175	39.3257142857143
A_NA_N1	862	176	A	0	0	175	39.1428571428571
A_NA_N1	863	176	T	0	0	176	39.4488636363636
A_NA_N1	864	176	C	0	0	176	39.5965909090909
A_NA_N1	865	176	A	0	0	175	39.7542857142857
A_NA_N1	866	176	C	0	0	176	38.8977272727273
A_NA_N1	867	176	A	0	0	176	37.8863636363636
A_NA_N1	868	175	T	0	0	175	38.2285714285714
A_NA_N1	869	175	G	0	0	175	37.6571428571429
A_NA_N1	870	175	T	0	0	175	36.7257142857143
A_NA_N1	871	175	G	0	0	175	38.4057142857143
A_NA_N1	872	175	T	0	0	175	39.1942857142857
A_NA_N1	873	174	G	1	0	174	39.367816091954
A_NA_N1	874	175	T	0	0	175	38.4514285714286
A_NA_N1	875	179	G	0	0	179	38.7821229050279
A_NA_N1	876	179	C	0	0	179	38.6424581005587
A_NA_N1	877	179	A	0	0	179	38.3687150837989
A_NA_N1	878	179	G	0	0	179	38.7262569832402
A_NA_N1	879	179	G	0	0	179	39.1117318435754
A_NA_N1	880	179	G	0	0	179	38.4134078212291
A_NA_N1	881	179	A	0	0	179	37.8994413407821
A_NA_N1	882	179	C	0	0	177	38.6158192090396
A_NA_N1	883	179	A	0	0	178	37.0056179775281
A_NA_N1	884	179	A	0	0	177	37.8926553672316
A_NA_N1	885	179	T	0	0	179	37.1731843575419
A_NA_N1	886	179	T	0	0	179	37.8100558659218
A_NA_N1	887	179	G	0	0	179	37.1061452513966
A_NA_N1	888	178	G	1	0	178	37.0561797752809
A_NA_N1	889	178	C	1	0	178	37.9719101123596
A_NA_N1	890	178	A	1	0	178	37.3707865168539
A_NA_N1	891	178	T	1	0	176	37.6647727272727
A_NA_N1	892	179	G	0	0	178	37.7078651685393
A_NA_N1	893	178	G	1	0	177	38.4802259887006
A_NA_N1	894	178	C	1	0	178	38.314606741573
A_NA_N1	895	179	T	0	0	178	38.4044943820225
A_NA_N1	896	177	C	2	0	173	36.242774566474
A_NA_N1	897	177	G	2	0	174	34.4885057471264
A_NA_N1	898	177	A	2	0	177	35.8474576271186
A_NA_N1	899	179	A	0	0	179	36.5027932960894
A_NA_N1	900	177	T	2	0	176	37.0113636363636
A_NA_N1	901	176	C	3	0	174	37.8908045977011
A_NA_N1	902	179	G	0	0	176	38.7897727272727
A_NA_N1	903	179	A	0	0	179	37.6256983240223
A_NA_N1	904	179	C	0	0	179	37.5251396648045
A_NA_N1	905	179	C	0	0	179	38.4357541899441
A_NA_N1	906	178	T	1	0	178	39.2977528089888
A_NA_N1	907	179	T	0	0	179	39.1061452513966
A_NA_N1	908	175	G	4	0	174	37.9827586206897
A_NA_N1	909	178	G	1	0	178	38.252808988764
A_NA_N1	910	179	G	0	0	179	38.3519553072626
A_NA_N1	911	179	T	0	0	178	38.7191011235955
A_NA_N1	912	179	G	0	0	179	39.2625698324022
A_NA_N1	913	179	T	0	0	179	40.7374301675978
A_NA_N1	914	179	C	0	0	178	39.6348314606742
A_NA_N1	915	177	T	2	0	176	40.2670454545455
A_NA_N1	916	178	T	1	0	176	39.7727272727273
A_NA_N1	917	179	T	0	0	179	38.6480446927374
A_NA_N1	918	179	C	0	0	178	37.8820224719101
A_NA_N1	919	179	A	0	0	179	37.2625698324022
A_NA_N1	920	179	A	0	0	179	36.8826815642458
A_NA_N1	921	179	C	0	0	177	38.0508474576271
A_NA_N1	922	179	C	0	0	177	38.0734463276836
A_NA_N1	923	179	A	0	0	179	38.6759776536313
A_NA_N1	924	179	G	0	0	178	39.7977528089888
A_NA_N1	925	179	A	0	0	179	39.9441340782123
A_NA_N1	926	179	A	0	0	178	39.2921348314607
A_NA_N1	927	179	T	0	0	179	39.3240223463687
A_NA_N1	928	178	C	1	0	178	38.7752808988764
A_NA_N1	929	180	T	0	0	180	38.45
A_NA_N1	930	180	G	0	0	179	36.6871508379888
A_NA_N1	931	180	G	0	0	179	36.608938547486
A_NA_N1	932	180	A	0	0	180	36.9888888888889
A_NA_N1	933	180	A	0	0	180	37.55
A_NA_N1	934	180	T	0	0	180	38.6
A_NA_N1	935	180	A	0	0	180	39.65
A_NA_N1	936	180	T	0	0	180	40.6944444444444
A_NA_N1	937	180	C	0	0	180	39.7444444444444
A_NA_N1	938	180	A	0	0	179	38.877094972067
A_NA_N1	939	180	G	0	0	180	38.2166666666667
A_NA_N1	940	180	A	0	0	180	38.6777777777778
A_NA_N1	941	180	T	0	0	179	39.6201117318436
A_NA_N1	942	180	G	0	0	180	39.4611111111111
A_NA_N1	943	180	G	0	0	180	41.25
A_NA_N1	944	180	G	0	0	180	41.0833333333333
A_NA_N1	945	180	A	0	0	180	41.7055555555556
A_NA_N1	946	180	T	0	0	180	40.8111111111111
A_NA_N1	947	180	A	0	0	180	39.4777777777778
A_NA_N1	948	180	C	0	0	180	39.7666666666667
A_NA_N1	949	179	A	1	0	179	39.3240223463687
A_NA_N1	950	178	T	2	0	178	39.7134831460674
A_NA_N1	951	180	A	0	0	180	39.3111111111111
A_NA_N1	952	180	T	0	0	179	38.7039106145251
A_NA_N1	953	180	G	0	0	180	38.7222222222222
A_NA_N1	954	180	C	0	0	180	38.9555555555556
A_NA_N1	955	180	A	0	0	180	37.3888888888889
A_NA_N1	956	180	G	0	0	180	37.5166666666667
A_NA_N1	957	180	T	0	0	180	38.05
A_NA_N1	958	179	G	1	0	179	37.3519553072626
A_NA_N1	959	180	G	0	0	180	39.0888888888889
A_NA_N1	960	180	G	0	0	180	39.0722222222222
A_NA_N1	961	180	G	0	0	180	38.9777777777778
A_NA_N1	962	180	T	0	0	179	38.4413407821229
A_NA_N1	963	180	T	0	0	180	39.05
A_NA_N1	964	180	T	0	0	180	39.0055555555556
A_NA_N1	965	180	T	0	0	179	38.1396648044693
A_NA_N1	966	178	C	2	0	173	36.121387283237
A_NA_N1	967	179	G	1	0	179	35.4189944134078
A_NA_N1	968	180	G	0	0	177	35.0112994350282
A_NA_N1	969	180	A	0	0	178	34.6797752808989
A_NA_N1	970	179	G	1	0	176	35.4090909090909
A_NA_N1	971	179	A	1	0	177	38.8587570621469
A_NA_N1	972	178	C	2	0	171	39.6783625730994
A_NA_N1	973	180	A	0	0	178	38.1910112359551
A_NA_N1	974	180	A	0	0	178	38.8595505617978
A_NA_N1	975	179	T	1	0	178	39.3314606741573
A_NA_N1	976	179	C	1	0	178	39.061797752809
A_NA_N1	977	179	C	1	0	176	39.6022727272727
A_NA_N1	978	179	A	1	0	178	40.1123595505618
A_NA_N1	979	179	C	1	0	175	39.8057142857143
A_NA_N1	980	180	G	0	0	179	39.6033519553073
A_NA_N1	981	180	C	0	0	180	40.0666666666667
A_NA_N1	982	180	C	0	0	180	39.45
A_NA_N1	983	180	C	0	0	180	39.9555555555556
A_NA_N1	984	179	T	1	0	176	40.5965909090909
A_NA_N1	985	180	A	0	0	179	40.4413407821229
A_NA_N1	986	180	A	0	0	180	40.2833333333333
A_NA_N1	987	180	T	0	0	178	40.0730337078652
A_NA_N1	988	180	G	0	0	180	39.6777777777778
A_NA_N1	989	181	A	0	0	181	40.6243093922652
A_NA_N1	990	181	T	0	0	181	41.4640883977901
A_NA_N1	991	181	A	0	0	181	39.9005524861878
A_NA_N1	992	182	A	0	0	182	40.9615384615385
A_NA_N1	993	182	G	0	0	181	40.1491712707182
A_NA_N1	994	182	A	0	0	182	40.4010989010989
A_NA_N1	995	182	C	0	0	182	40.6868131868132
A_NA_N1	996	182	A	0	0	181	40.0773480662983
A_NA_N1	997	182	G	0	0	182	40.1648351648352
A_NA_N1	998	182	G	0	0	182	40.5054945054945
A_NA_N1	999	182	C	0	0	182	39.7747252747253
A_NA_N1	1000	182	A	0	0	182	38.8681318681319
A_NA_N1	1001	182	G	0	0	182	40.510989010989
A_NA_N1	1002	182	T	0	0	182	40.2912087912088
A_NA_N1	1003	181	T	1	0	181	39.3370165745856
A_NA_N1	1004	181	G	1	0	181	39.9116022099448
A_NA_N1	1005	182	T	0	0	182	40.5824175824176
A_NA_N1	1006	182	G	0	0	181	39.6353591160221
A_NA_N1	1007	182	G	0	0	182	40.0164835164835
A_NA_N1	1008	182	T	0	0	182	40.4505494505495
A_NA_N1	1009	182	C	0	0	181	40.6685082872928
A_NA_N1	1010	182	C	0	0	181	41.2707182320442
A_NA_N1	1011	182	A	0	0	182	41.5384615384615
A_NA_N1	1012	182	G	0	0	182	41.4065934065934
A_NA_N1	1013	182	T	0	0	182	41.0384615384615
A_NA_N1	1014	182	A	0	0	181	41.2375690607735
A_NA_N1	1015	182	T	0	0	182	40.6208791208791
A_NA_N1	1016	182	C	0	0	181	39.3149171270718
A_NA_N1	1017	182	G	0	0	182	39.1373626373626
A_NA_N1	1018	182	T	0	0	182	38.6703296703297
A_NA_N1	1019	182	C	0	0	181	38.8066298342541
A_NA_N1	1020	182	T	0	0	182	38.4285714285714
A_NA_N1	1021	182	A	0	0	182	39.5054945054945
A_NA_N1	1022	182	A	0	0	182	39.8846153846154
A_NA_N1	1023	182	T	0	0	182	39.989010989011
A_NA_N1	1024	183	G	0	0	182	40.2307692307692
A_NA_N1	1025	183	G	0	0	183	40.2131147540984
A_NA_N1	1026	183	A	0	0	182	40.1593406593407
A_NA_N1	1027	183	G	0	0	181	38.7734806629834
A_NA_N1	1028	183	C	0	0	181	40.4972375690608
A_NA_N1	1029	183	A	0	0	181	39.9116022099448
A_NA_N1	1030	183	A	0	0	182	39.489010989011
A_NA_N1	1031	183	A	0	0	183	40.0874316939891
A_NA_N1	1032	183	T	0	0	183	40.1639344262295
A_NA_N1	1033	180	G	3	0	180	39.9722222222222
A_NA_N1	1034	182	G	1	0	182	39.7252747252747
A_NA_N1	1035	182	G	1	0	181	40
A_NA_N1	1036	182	G	1	0	181	40.8508287292818
A_NA_N1	1037	182	T	1	0	181	39.8563535911602
A_NA_N1	1038	180	A	3	0	180	39.6
A_NA_N1	1039	182	A	1	0	182	39.5549450549451
A_NA_N1	1040	182	A	1	0	182	38.6373626373626
A_NA_N1	1041	181	G	2	0	180	38.6888888888889
A_NA_N1	1042	183	G	0	0	183	39.7103825136612
A_NA_N1	1043	183	G	0	0	182	39.5549450549451
A_NA_N1	1044	183	A	0	0	183	38.5792349726776
A_NA_N1	1045	182	T	1	0	181	37.9613259668508
A_NA_N1	1046	183	T	0	0	183	38.103825136612
A_NA_N1	1047	183	T	0	0	183	38.3497267759563
A_NA_N1	1048	183	T	0	0	182	38.3846153846154
A_NA_N1	1049	183	C	0	0	182	37.5054945054945
A_NA_N1	1050	183	A	0	0	183	38.3333333333333
A_NA_N1	1051	183	T	0	0	183	39.7868852459016
A_NA_N1	1052	183	T	0	0	183	39.1530054644809
A_NA_N1	1053	183	C	0	0	183	40.0765027322404
A_NA_N1	1054	183	A	0	0	183	40.6284153005465
A_NA_N1	1055	183	A	0	0	183	41.4918032786885
A_NA_N1	1056	183	A	0	0	183	41.4644808743169
A_NA_N1	1057	183	T	0	0	183	41.0655737704918
A_NA_N1	1058	183	A	0	0	183	40.4207650273224
A_NA_N1	1059	183	C	0	0	183	41.1912568306011
A_NA_N1	1060	183	G	0	0	183	40.120218579235
A_NA_N1	1061	183	G	0	0	183	39.4371584699454
A_NA_N1	1062	183	C	0	0	183	39.0327868852459
A_NA_N1	1063	183	A	0	0	183	37.9726775956284
A_NA_N1	1064	183	A	0	0	183	39.0491803278689
A_NA_N1	1065	183	T	0	0	183	39.9890710382514
A_NA_N1	1066	183	G	0	0	182	38.3571428571429
A_NA_N1	1067	183	G	0	0	183	38.4098360655738
A_NA_N1	1068	183	T	0	0	183	40.1475409836066
A_NA_N1	1069	183	G	0	0	183	39.4098360655738
A_NA_N1	1070	182	T	1	0	182	39.7087912087912
A_NA_N1	1071	183	T	0	0	183	39.3005464480874
A_NA_N1	1072	183	T	0	0	182	39.1153846153846
A_NA_N1	1073	182	G	1	0	181	37.5580110497238
A_NA_N1	1074	183	G	0	0	182	36.9395604395604
A_NA_N1	1075	183	A	0	0	183	35.8579234972678
A_NA_N1	1076	183	T	0	0	182	36.2032967032967
A_NA_N1	1077	183	A	0	0	183	35.896174863388
A_NA_N1	1078	182	G	1	0	182	37.9450549450549
A_NA_N1	1079	183	G	0	0	182	38.0164835164835
A_NA_N1	1080	183	G	0	0	180	38.2277777777778
A_NA_N1	1081	183	A	0	0	183	38.0437158469945
A_NA_N1	1082	182	G	1	0	182	39.2142857142857
A_NA_N1	1083	181	A	2	0	179	39.0055865921788
A_NA_N1	1084	182	A	1	0	180	38.6944444444444
A_NA_N1	1085	182	C	1	0	180	36.65
A_NA_N1	1086	183	T	0	0	181	35.939226519337
A_NA_N1	1087	182	A	1	0	179	36.1396648044693
A_NA_N1	1088	183	A	0	0	183	36.8524590163934
A_NA_N1	1089	183	G	0	0	181	35.2541436464088
A_NA_N1	1090	183	A	0	0	181	36.8066298342541
A_NA_N1	1091	183	G	0	0	182	37.7692307692308
A_NA_N1	1092	183	C	0	0	182	38.8626373626374
A_NA_N1	1093	183	A	0	0	182	38.2912087912088
A_NA_N1	1094	183	T	0	0	183	40.0983606557377
A_NA_N1	1095	183	T	0	0	183	40.5573770491803
A_NA_N1	1096	183	A	0	0	182	38.5659340659341
A_NA_N1	1097	182	G	1	0	182	38.6758241758242
A_NA_N1	1098	182	T	1	0	182	39.2527472527473
A_NA_N1	1099	183	T	0	0	183	38.9726775956284
A_NA_N1	1100	182	C	1	0	180	39.2833333333333
A_NA_N1	1101	181	A	2	0	178	38.6741573033708
A_NA_N1	1102	183	A	0	0	182	36.9395604395604
A_NA_N1	1103	183	G	0	0	183	36.9398907103825
A_NA_N1	1104	183	A	0	0	183	36.7704918032787
A_NA_N1	1105	183	A	0	0	183	36.9071038251366
A_NA_N1	1106	183	A	0	0	183	37.1092896174863
A_NA_N1	1107	183	A	0	0	183	39.1584699453552
A_NA_N1	1108	183	G	0	0	183	38.2131147540984
A_NA_N1	1109	183	G	0	0	183	38.1092896174863
A_NA_N1	1110	183	T	0	0	183	37.5846994535519
A_NA_N1	1111	183	T	0	0	183	37.2786885245902
A_NA_N1	1112	183	T	0	0	183	38.1748633879781
A_NA_N1	1113	183	T	0	0	183	38.1912568306011
A_NA_N1	1114	182	G	1	0	181	38.3425414364641
A_NA_N1	1115	182	A	1	0	182	38.478021978022
A_NA_N1	1116	183	G	0	0	182	38.5604395604396
A_NA_N1	1117	183	A	0	0	182	38.489010989011
A_NA_N1	1118	183	T	0	0	181	39.0828729281768
A_NA_N1	1119	183	G	0	0	181	38.2154696132597
A_NA_N1	1120	183	A	0	0	183	38.6775956284153
A_NA_N1	1121	182	T	1	0	182	38.2472527472527
A_NA_N1	1122	183	T	0	0	183	38.1530054644809
A_NA_N1	1123	183	T	0	0	183	37.9180327868852
A_NA_N1	1124	180	G	3	0	180	36.65
A_NA_N1	1125	183	G	0	0	183	37.9344262295082
A_NA_N1	1126	183	G	0	0	183	37.6393442622951
A_NA_N1	1127	183	A	0	0	183	37.5355191256831
A_NA_N1	1128	183	T	0	0	182	38.1758241758242
A_NA_N1	1129	181	C	2	0	180	37.6
A_NA_N1	1130	183	C	0	0	181	36.7016574585635
A_NA_N1	1131	182	G	1	0	180	35.6777777777778
A_NA_N1	1132	182	A	1	0	182	34.967032967033
A_NA_N1	1133	181	A	2	0	181	34.8674033149171
A_NA_N1	1134	181	T	2	0	181	35.2872928176796
A_NA_N1	1135	181	G	2	0	181	34.2154696132597
A_NA_N1	1136	181	G	2	0	181	35.292817679558
A_NA_N1	1137	183	A	0	0	183	36.1366120218579
A_NA_N1	1138	182	T	1	0	181	36.0165745856354
A_NA_N1	1139	183	G	0	0	183	35.0983606557377
A_NA_N1	1140	183	G	0	0	183	36.0491803278689
A_NA_N1	1141	183	A	0	0	182	35.7912087912088
A_NA_N1	1142	182	C	1	0	181	35.6187845303867
A_NA_N1	1143	183	T	0	0	181	36.2872928176796
A_NA_N1	1144	179	G	4	0	178	35.9831460674157
A_NA_N1	1145	182	G	1	0	182	37.456043956044
A_NA_N1	1146	182	G	1	0	180	37.3
A_NA_N1	1147	182	A	1	0	181	38.2817679558011
A_NA_N1	1148	182	C	1	0	179	38.3519553072626
A_NA_N1	1149	181	T	2	0	179	38.8826815642458
A_NA_N1	1150	180	G	3	0	176	37.6136363636364
A_NA_N1	1151	183	A	0	0	182	37.6593406593407
A_NA_N1	1152	183	C	0	0	181	38.0662983425414
A_NA_N1	1153	181	A	2	0	181	37.8342541436464
A_NA_N1	1154	182	A	1	0	182	38.7252747252747
A_NA_N1	1155	182	T	1	0	179	39.7206703910615
A_NA_N1	1156	183	A	0	0	182	39.032967032967
A_NA_N1	1157	183	A	0	0	183	39.207650273224
A_NA_N1	1158	182	A	1	0	182	39.1373626373626
A_NA_N1	1159	182	T	1	0	180	38.1277777777778
A_NA_N1	1160	183	T	0	0	182	39.1703296703297
A_NA_N1	1161	182	C	1	0	181	37.9613259668508
A_NA_N1	1162	182	T	1	0	182	38.1868131868132
A_NA_N1	1163	181	C	2	0	180	36.5555555555556
A_NA_N1	1164	179	A	4	0	178	35.0280898876404
A_NA_N1	1165	181	A	2	0	179	35.4078212290503
A_NA_N1	1166	181	A	2	0	181	35.4419889502762
A_NA_N1	1167	180	A	3	0	179	36.1061452513966
A_NA_N1	1168	182	A	1	0	182	41.4945054945055
A_NA_N1	1169	182	A	1	0	181	40.9171270718232
A_NA_N1	1170	182	G	1	0	181	40.1270718232044
A_NA_N1	1171	182	C	1	0	181	38.5911602209945
A_NA_N1	1172	181	A	2	0	181	37.4254143646409
A_NA_N1	1173	182	A	1	0	182	37.1153846153846
A_NA_N1	1174	182	G	1	0	182	37.5714285714286
A_NA_N1	1175	182	A	1	0	182	37.2472527472527
A_NA_N1	1176	183	T	0	0	183	38.5191256830601
A_NA_N1	1177	182	A	1	0	182	36.4230769230769
A_NA_N1	1178	183	T	0	0	182	37.5659340659341
A_NA_N1	1179	183	T	0	0	183	37.655737704918
A_NA_N1	1180	183	G	0	0	183	36.655737704918
A_NA_N1	1181	182	T	1	0	181	36.9281767955801
A_NA_N1	1182	183	A	0	0	182	35.5604395604396
A_NA_N1	1183	183	G	0	0	183	36.448087431694
A_NA_N1	1184	183	G	0	0	183	36.6666666666667
A_NA_N1	1185	183	G	0	0	183	37.6502732240437
A_NA_N1	1186	182	A	1	0	181	39.9834254143646
A_NA_N1	1187	182	T	1	0	181	40.4364640883978
A_NA_N1	1188	182	A	1	0	181	39.5082872928177
A_NA_N1	1189	182	A	1	0	182	39.8131868131868
A_NA_N1	1190	183	A	0	0	182	40.2142857142857
A_NA_N1	1191	183	T	0	0	182	40.1923076923077
A_NA_N1	1192	183	G	0	0	175	37.1657142857143
A_NA_N1	1193	183	A	0	0	183	36.1639344262295
A_NA_N1	1194	183	G	0	0	181	35.5027624309392
A_NA_N1	1195	183	T	0	0	182	35.4835164835165
A_NA_N1	1196	183	G	0	0	182	34.1428571428571
A_NA_N1	1197	183	G	0	0	182	37.2857142857143
A_NA_N1	1198	183	T	0	0	182	37.3571428571429
A_NA_N1	1199	183	C	0	0	182	36.4615384615385
A_NA_N1	1200	182	G	2	0	180	36.9333333333333
A_NA_N1	1201	184	G	0	0	183	37.2021857923497
A_NA_N1	1202	184	G	0	0	184	37.8532608695652
A_NA_N1	1203	184	G	0	0	184	38.570652173913
A_NA_N1	1204	184	T	0	0	181	39.2486187845304
A_NA_N1	1205	184	A	0	0	184	39.3913043478261
A_NA_N1	1206	184	T	0	0	184	39.070652173913
A_NA_N1	1207	192	A	0	0	191	37.8795811518325
A_NA_N1	1208	191	G	1	0	191	37.9162303664921
A_NA_N1	1209	191	C	1	0	189	37.7248677248677
A_NA_N1	1210	191	G	1	0	183	36.8196721311475
A_NA_N1	1211	196	G	0	0	196	36.8367346938776
A_NA_N1	1212	196	G	0	0	195	37.2820512820513
A_NA_N1	1213	195	A	1	0	195	39.1641025641026
A_NA_N1	1214	195	G	1	0	194	39.9123711340206
A_NA_N1	1215	196	T	0	0	193	40.4559585492228
A_NA_N1	1216	197	T	0	0	197	39.7715736040609
A_NA_N1	1217	197	T	0	0	196	39.7857142857143
A_NA_N1	1218	196	T	1	0	194	39.659793814433
A_NA_N1	1219	195	G	2	0	193	38.3989637305699
A_NA_N1	1220	196	T	1	0	195	38.7179487179487
A_NA_N1	1221	197	T	0	0	197	36.8121827411168
A_NA_N1	1222	197	C	0	0	193	33.5077720207254
A_NA_N1	1223	197	A	0	0	196	33.0255102040816
A_NA_N1	1224	197	G	0	0	195	35.2358974358974
A_NA_N1	1225	197	C	0	0	194	36.9948453608247
A_NA_N1	1226	197	A	0	0	196	37.6479591836735
A_NA_N1	1227	197	T	0	0	197	39.8680203045685
A_NA_N1	1228	196	C	1	0	195	39.6153846153846
A_NA_N1	1229	196	C	1	0	196	39.3979591836735
A_NA_N1	1230	197	A	0	0	196	38.0816326530612
A_NA_N1	1231	194	G	3	0	194	39.1907216494845
A_NA_N1	1232	196	A	1	0	196	40.4234693877551
A_NA_N1	1233	196	A	1	0	196	39.734693877551
A_NA_N1	1234	196	C	1	0	196	40.0102040816327
A_NA_N1	1235	196	T	1	0	194	40.0670103092784
A_NA_N1	1236	196	A	1	0	195	39.3794871794872
A_NA_N1	1237	196	A	1	0	194	39.5463917525773
A_NA_N1	1238	196	C	1	0	196	39.2091836734694
A_NA_N1	1239	197	A	0	0	197	38.7208121827411
A_NA_N1	1240	197	G	0	0	197	39.0203045685279
A_NA_N1	1241	197	G	0	0	197	39.5736040609137
A_NA_N1	1242	197	G	0	0	196	39.1836734693878
A_NA_N1	1243	197	C	0	0	197	38.751269035533
A_NA_N1	1244	197	T	0	0	196	40.469387755102
A_NA_N1	1245	197	G	0	0	196	39.234693877551
A_NA_N1	1246	197	A	0	0	197	40.1065989847716
A_NA_N1	1247	196	A	1	0	196	40.8163265306122
A_NA_N1	1248	196	T	1	0	196	40.969387755102
A_NA_N1	1249	196	T	1	0	196	40.9897959183673
A_NA_N1	1250	196	G	1	0	196	40.7908163265306
A_NA_N1	1251	195	T	2	0	195	40.7230769230769
A_NA_N1	1252	196	A	1	0	195	39.7948717948718
A_NA_N1	1253	197	T	0	0	197	38.3959390862944
A_NA_N1	1254	196	A	1	0	196	37.9285714285714
A_NA_N1	1255	197	A	0	0	196	37.5459183673469
A_NA_N1	1256	197	G	0	0	197	36.9086294416244
A_NA_N1	1257	197	A	0	0	197	36.9593908629442
A_NA_N1	1258	197	C	0	0	197	38.0609137055838
A_NA_N1	1259	197	C	0	0	197	38.6954314720812
A_NA_N1	1260	197	T	0	0	197	38.6040609137056
A_NA_N1	1261	197	T	0	0	197	38.9340101522843
A_NA_N1	1262	197	G	0	0	197	37.4416243654822
A_NA_N1	1263	197	C	0	0	196	37.5867346938776
A_NA_N1	1264	196	T	1	0	196	38.8214285714286
A_NA_N1	1265	197	T	0	0	195	39.2769230769231
A_NA_N1	1266	197	C	0	0	197	37.994923857868
A_NA_N1	1267	197	T	0	0	197	38.3197969543147
A_NA_N1	1268	197	G	0	0	197	37.6040609137056
A_NA_N1	1269	197	G	0	0	197	37.8883248730964
A_NA_N1	1270	197	G	0	0	197	38.0304568527919
A_NA_N1	1271	197	T	0	0	197	39.0507614213198
A_NA_N1	1272	197	T	0	0	197	39.497461928934
A_NA_N1	1273	197	G	0	0	196	38.4336734693878
A_NA_N1	1274	196	A	1	0	195	38.1794871794872
A_NA_N1	1275	196	A	1	0	196	38.2142857142857
A_NA_N1	1276	196	C	1	0	195	37.8410256410256
A_NA_N1	1277	196	T	1	0	194	38
A_NA_N1	1278	196	A	1	0	190	38.0631578947368
A_NA_N1	1279	196	A	1	0	196	36.1989795918367
A_NA_N1	1280	196	T	1	0	196	33.8724489795918
A_NA_N1	1281	193	A	4	0	192	33.234375
A_NA_N1	1282	195	A	2	0	195	32.7025641025641
A_NA_N1	1283	195	G	2	0	193	31.7098445595855
A_NA_N1	1284	197	A	0	0	197	32.4720812182741
A_NA_N1	1285	196	G	1	0	196	34.6479591836735
A_NA_N1	1286	196	G	1	0	196	36.3622448979592
A_NA_N1	1287	196	A	1	0	195	36.7179487179487
A_NA_N1	1288	196	C	1	0	194	37.8659793814433
A_NA_N1	1289	195	G	2	0	192	35.125
A_NA_N1	1290	196	A	1	0	196	34.8214285714286
A_NA_N1	1291	195	C	2	0	194	35.201030927835
A_NA_N1	1292	197	C	0	0	196	35.0612244897959
A_NA_N1	1293	196	C	1	0	193	35.3264248704663
A_NA_N1	1294	191	G	6	0	186	35.2204301075269
A_NA_N1	1295	196	A	1	0	195	35.7384615384615
A_NA_N1	1296	197	G	0	0	196	36.6785714285714
A_NA_N1	1297	197	G	0	0	195	35.6717948717949
A_NA_N1	1298	195	A	2	0	195	36.4205128205128
A_NA_N1	1299	195	G	2	0	193	37.6476683937824
A_NA_N1	1300	196	A	1	0	196	38.1632653061224
A_NA_N1	1301	196	A	1	0	196	38.6224489795918
A_NA_N1	1302	197	C	1	0	195	38.4
A_NA_N1	1303	198	A	0	0	198	37.6363636363636
A_NA_N1	1304	197	C	1	0	194	37.9432989690722
A_NA_N1	1305	198	A	0	0	196	38.3469387755102
A_NA_N1	1306	201	A	0	0	199	37.4773869346734
A_NA_N1	1307	201	T	0	0	201	37.5373134328358
A_NA_N1	1308	200	C	1	0	199	38.5829145728643
A_NA_N1	1309	199	T	2	0	198	40.1919191919192
A_NA_N1	1310	200	G	1	0	198	40.0757575757576
A_NA_N1	1311	200	G	1	0	200	40.51
A_NA_N1	1312	200	A	1	0	200	40.52
A_NA_N1	1313	199	C	2	0	197	40.7258883248731
A_NA_N1	1314	200	T	1	0	198	40.510101010101
A_NA_N1	1315	200	A	1	0	200	40.135
A_NA_N1	1316	201	G	0	0	201	40.0845771144279
A_NA_N1	1317	200	C	1	0	199	40.2562814070352
A_NA_N1	1318	198	G	3	0	197	39.6142131979695
A_NA_N1	1319	200	G	1	0	200	39.505
A_NA_N1	1320	200	G	1	0	199	39.4522613065327
A_NA_N1	1321	200	A	1	0	199	39.6231155778895
A_NA_N1	1322	200	G	1	0	200	40.025
A_NA_N1	1323	201	C	0	0	200	40.93
A_NA_N1	1324	201	A	0	0	200	39.73
A_NA_N1	1325	201	G	0	0	201	39.2139303482587
A_NA_N1	1326	201	C	0	0	201	38.3383084577114
A_NA_N1	1327	201	A	0	0	199	38.356783919598
A_NA_N1	1328	201	T	0	0	201	38.1940298507463
A_NA_N1	1329	201	A	0	0	199	37.8793969849246
A_NA_N1	1330	201	T	0	0	201	37.4626865671642
A_NA_N1	1331	201	C	0	0	199	37.4874371859297
A_NA_N1	1332	201	C	0	0	199	37.391959798995
A_NA_N1	1333	199	T	2	0	196	37.280612244898
A_NA_N1	1334	200	T	1	0	200	36.98
A_NA_N1	1335	201	T	0	0	201	38.9601990049751
A_NA_N1	1336	201	T	0	0	201	39.0298507462687
A_NA_N1	1337	201	G	0	0	201	37.4029850746269
A_NA_N1	1338	201	T	0	0	201	38.955223880597
A_NA_N1	1339	201	G	0	0	201	39.3283582089552
A_NA_N1	1340	201	G	0	0	201	38.9850746268657
A_NA_N1	1341	201	T	0	0	201	39.4726368159204
A_NA_N1	1342	200	G	1	0	200	40.035
A_NA_N1	1343	200	T	1	0	200	39.945
A_NA_N1	1344	200	A	1	0	200	39.51
A_NA_N1	1345	200	G	1	0	198	38.9090909090909
A_NA_N1	1346	201	A	0	0	199	37.8894472361809
A_NA_N1	1347	201	C	0	0	201	38.273631840796
A_NA_N1	1348	201	A	0	0	201	38.0497512437811
A_NA_N1	1349	201	G	0	0	201	38.4228855721393
A_NA_N1	1350	201	T	0	0	201	39.0646766169154
A_NA_N1	1351	200	G	1	0	200	39.28
A_NA_N1	1352	201	A	0	0	201	39.4228855721393
A_NA_N1	1353	201	C	0	0	201	39.3830845771144
A_NA_N1	1354	201	A	0	0	201	38.9004975124378
A_NA_N1	1355	201	T	0	0	201	38.5621890547264
A_NA_N1	1356	201	T	0	0	201	38.0248756218905
A_NA_N1	1357	201	A	0	0	201	38.0845771144279
A_NA_N1	1358	201	T	0	0	201	38.4378109452736
A_NA_N1	1359	200	G	0	0	200	38.11
A_NA_N1	1360	200	G	0	0	200	38.375
A_NA_N1	1361	200	G	0	0	199	37.2261306532663
A_NA_N1	1362	200	T	0	0	200	37.83
A_NA_N1	1363	198	T	0	0	198	37.6111111111111
A_NA_N1	1364	183	G	0	0	183	37.8196721311475
A_NA_N1	1365	182	G	1	0	182	37.5824175824176
A_NA_N1	1366	180	T	2	0	180	38.7555555555556
A_NA_N1	1367	181	C	1	0	181	38.8508287292818
A_NA_N1	1368	181	T	1	0	180	39.7222222222222
A_NA_N1	1369	182	T	0	0	181	39.060773480663
A_NA_N1	1370	182	G	0	0	182	36.9285714285714
A_NA_N1	1371	182	G	0	0	181	37.3756906077348
A_NA_N1	1372	181	C	1	0	179	37.9217877094972
A_NA_N1	1373	181	C	1	0	181	37.9502762430939
A_NA_N1	1374	181	A	1	0	181	38.646408839779
A_NA_N1	1375	181	G	1	0	179	39.6256983240223
A_NA_N1	1376	182	A	0	0	182	39.1263736263736
A_NA_N1	1377	182	C	0	0	181	39.2983425414365
A_NA_N1	1378	182	G	0	0	180	39.3833333333333
A_NA_N1	1379	182	G	0	0	182	39.4010989010989
A_NA_N1	1380	182	T	0	0	182	38.9505494505495
A_NA_N1	1381	182	G	0	0	181	39.9668508287293
A_NA_N1	1382	182	C	0	0	182	40.4065934065934
A_NA_N1	1383	182	T	0	0	181	39.7237569060773
A_NA_N1	1384	181	G	1	0	181	37.353591160221
A_NA_N1	1385	182	A	0	0	182	36.8736263736264
A_NA_N1	1386	182	G	0	0	181	37.3480662983425
A_NA_N1	1387	182	T	0	0	182	37.1868131868132
A_NA_N1	1388	182	T	0	0	182	37.1868131868132
A_NA_N1	1389	180	G	2	0	180	37.9333333333333
A_NA_N1	1390	180	C	2	0	180	38.1166666666667
A_NA_N1	1391	181	C	1	0	181	38.6077348066298
A_NA_N1	1392	181	A	1	0	181	38.9779005524862
A_NA_N1	1393	182	T	0	0	181	39.7513812154696
A_NA_N1	1394	182	T	0	0	182	38.6593406593407
A_NA_N1	1395	182	C	0	0	180	38.8222222222222
A_NA_N1	1396	182	A	0	0	182	37.7362637362637
A_NA_N1	1397	182	C	0	0	181	37.6298342541436
A_NA_N1	1398	182	C	0	0	182	37.5274725274725
A_NA_N1	1399	182	A	0	0	182	37.2802197802198
A_NA_N1	1400	182	T	0	0	182	37.3681318681319
A_NA_N1	1401	182	T	0	0	181	37.6629834254144
A_NA_N1	1402	181	G	0	0	181	38.5801104972376
A_NA_N1	1403	181	A	0	0	181	38.0276243093923
A_NA_N1	1404	181	C	0	0	181	37.1270718232044
A_NA_N1	1405	181	A	0	0	181	36.3314917127072
A_NA_N1	1406	181	A	0	0	181	34.6187845303867
A_NA_N1	1407	181	T	0	0	181	34.4419889502762
A_NA_N1	1408	181	T	0	0	181	35.1325966850829
A_NA_N1	1409	181	A	0	0	181	34.9502762430939
A_NA_N1	1410	181	A	0	0	181	34.121546961326
