Reference_Name	Position	Coverage Depth	Consensus	Deletions	Ambiguous	Consensus_Count	Consensus_Average_Quality
A_NS	1	599	A	0	0	599	40.7462437395659
A_NS	2	601	T	0	0	601	40.2662229617304
A_NS	3	601	G	0	0	601	40.2928452579035
A_NS	4	603	G	0	0	602	39.6229235880399
A_NS	5	603	A	0	0	602	39.4352159468439
A_NS	6	603	A	0	0	603	39.1824212271973
A_NS	7	603	T	0	0	603	39.5290215588723
A_NS	8	604	C	0	0	604	38.8741721854305
A_NS	9	604	C	0	0	603	39.2537313432836
A_NS	10	605	A	0	0	603	38.3399668325041
A_NS	11	605	A	1	0	604	38.2301324503311
A_NS	12	605	C	1	0	604	38.6705298013245
A_NS	13	607	A	0	0	605	38.3950413223141
A_NS	14	607	C	0	0	607	39.2042833607908
A_NS	15	607	C	0	0	607	39.6309719934102
A_NS	16	616	A	0	0	616	39.5795454545455
A_NS	17	616	T	0	0	616	39.6899350649351
A_NS	18	616	G	0	0	615	40.0975609756098
A_NS	19	616	T	0	0	615	40.8081300813008
A_NS	20	615	C	1	0	613	39.57911908646
A_NS	21	616	A	0	0	612	40.25
A_NS	22	616	A	0	0	611	40.6104746317512
A_NS	23	616	G	0	0	612	40.7254901960784
A_NS	24	616	C	0	0	614	40.8436482084691
A_NS	25	610	T	6	0	610	39.755737704918
A_NS	26	616	T	1	0	616	39.6704545454545
A_NS	27	615	T	2	0	613	39.0701468189233
A_NS	28	611	C	6	0	608	35.1891447368421
A_NS	29	615	A	2	0	614	36.1775244299674
A_NS	30	617	G	0	0	617	36.646677471637
A_NS	31	617	G	0	0	617	37.0145867098866
A_NS	32	617	T	0	0	613	37.7781402936378
A_NS	33	616	A	1	0	614	39.6579804560261
A_NS	34	616	G	1	0	615	40.0357723577236
A_NS	35	617	A	0	0	614	40.3876221498371
A_NS	36	617	C	0	0	617	39.9594813614263
A_NS	37	617	T	0	0	617	40.612641815235
A_NS	38	617	G	0	0	615	40.2211382113821
A_NS	39	614	T	3	0	611	40.2258592471358
A_NS	40	616	T	1	0	616	39.6461038961039
A_NS	41	617	T	0	0	616	39.6071428571429
A_NS	42	617	T	0	0	616	38.7224025974026
A_NS	43	617	C	0	0	609	35.7323481116585
A_NS	44	589	T	28	0	585	36.2529914529915
A_NS	45	618	T	0	0	618	36.4805825242718
A_NS	46	618	T	0	0	616	35.4318181818182
A_NS	47	617	G	1	0	616	31.112012987013
A_NS	48	617	G	1	0	617	32.7666126418152
A_NS	49	615	C	3	0	615	40.1349593495935
A_NS	50	616	A	2	0	615	39.790243902439
A_NS	51	617	T	1	0	613	40.9216965742251
A_NS	52	616	A	2	0	616	40.987012987013
A_NS	53	616	T	2	0	616	41.0957792207792
A_NS	54	615	T	3	0	614	41.5472312703583
A_NS	55	614	C	4	0	608	41.3766447368421
A_NS	56	615	G	3	0	610	40.555737704918
A_NS	57	615	C	3	0	612	40.516339869281
A_NS	58	616	A	2	0	614	39.8648208469055
A_NS	59	616	A	2	0	615	39.3528455284553
A_NS	60	616	A	2	0	614	40.4185667752443
A_NS	61	616	C	2	0	615	39.9463414634146
A_NS	62	616	G	2	0	605	39.3851239669421
A_NS	63	617	A	1	0	617	38.1102106969206
A_NS	64	616	T	2	0	614	39.6726384364821
A_NS	65	616	T	2	0	615	39.1073170731707
A_NS	66	617	T	1	0	616	39.8165584415584
A_NS	67	617	G	1	0	616	39.9058441558442
A_NS	68	617	C	1	0	615	39.9414634146341
A_NS	69	617	A	1	0	617	39.7795786061588
A_NS	70	616	G	2	0	614	40.1172638436482
A_NS	71	618	A	0	0	615	40.1609756097561
A_NS	72	616	C	2	0	608	40.3667763157895
A_NS	73	618	A	0	0	617	38.4764991896272
A_NS	74	617	A	1	0	616	37.4853896103896
A_NS	75	617	T	1	0	615	37.0829268292683
A_NS	76	615	G	3	0	613	36.3442088091354
A_NS	77	616	G	2	0	613	37.0081566068515
A_NS	78	617	A	1	0	616	37.5357142857143
A_NS	79	617	T	1	0	613	39.3637846655791
A_NS	80	617	T	1	0	604	39.9221854304636
A_NS	81	612	G	7	0	606	39.8448844884488
A_NS	82	619	G	0	0	617	39.7066450567261
A_NS	83	619	G	0	0	617	39.2058346839546
A_NS	84	619	T	0	0	616	39.3668831168831
A_NS	85	617	G	2	0	615	38.8585365853659
A_NS	86	619	A	0	0	618	39.205501618123
A_NS	87	619	T	0	0	618	39.1197411003236
A_NS	88	617	G	2	0	617	38.2560777957861
A_NS	89	583	C	36	0	583	37.934819897084
A_NS	90	617	C	2	0	615	36.8081300813008
A_NS	91	618	C	1	0	617	36.9416531604538
A_NS	92	618	C	1	0	609	33.4433497536946
A_NS	93	618	A	1	0	612	29.6617647058824
A_NS	94	618	T	1	0	618	31.4093851132686
A_NS	95	619	T	0	0	619	31.5541195476575
A_NS	96	619	C	0	0	619	30.9483037156704
A_NS	97	619	C	0	0	618	32.3689320388349
A_NS	98	619	T	0	0	618	34.7394822006473
A_NS	99	618	C	1	0	615	34.2130081300813
A_NS	100	609	G	10	0	597	34.0603015075377
A_NS	101	619	A	0	0	617	34.0761750405186
A_NS	102	619	T	0	0	618	35.9401294498382
A_NS	103	618	C	1	0	610	36.8573770491803
A_NS	104	618	G	1	0	614	38.1091205211726
A_NS	105	618	G	1	0	617	38.4910858995138
A_NS	106	618	C	1	0	616	39.4724025974026
A_NS	107	618	T	1	0	615	38.7756097560976
A_NS	108	618	A	1	0	615	39.0910569105691
A_NS	109	619	C	0	0	617	39.1685575364668
A_NS	110	619	G	0	0	618	37.8818770226537
A_NS	111	617	C	2	0	617	38.7179902755267
A_NS	112	618	C	1	0	616	38.7548701298701
A_NS	113	617	G	2	0	616	38.4090909090909
A_NS	114	619	A	0	0	617	37.9286871961102
A_NS	115	618	G	1	0	611	37.9590834697218
A_NS	116	619	A	0	0	618	37.0695792880259
A_NS	117	619	T	0	0	619	38.1050080775444
A_NS	118	618	C	1	0	617	36.4408427876823
A_NS	119	614	A	5	0	613	34.8058727569331
A_NS	120	618	A	1	0	617	35.3630470016207
A_NS	121	618	A	1	0	618	36.5485436893204
A_NS	122	618	A	1	0	618	37.6666666666667
A_NS	123	617	G	2	0	616	39.5941558441558
A_NS	124	617	T	2	0	617	39.6580226904376
A_NS	125	617	C	2	0	616	38.1103896103896
A_NS	126	617	C	2	0	616	36.4415584415584
A_NS	127	613	T	6	0	612	38.4509803921569
A_NS	128	617	T	2	0	615	39.4715447154472
A_NS	129	585	A	34	0	585	37.2905982905983
A_NS	130	614	A	5	0	613	36.9086460032626
A_NS	131	618	A	1	0	618	37.6488673139159
A_NS	132	618	A	1	0	614	38.3175895765472
A_NS	133	619	G	0	0	618	37.9304207119741
A_NS	134	619	G	0	0	618	40.4692556634304
A_NS	135	617	A	2	0	615	41.219512195122
A_NS	136	619	A	0	0	617	41.5883306320908
A_NS	137	619	G	0	0	617	41.4651539708266
A_NS	138	618	A	1	0	617	41.7293354943274
A_NS	139	619	G	0	0	617	41.6158833063209
A_NS	140	619	G	0	0	619	42.075928917609
A_NS	141	619	C	0	0	615	42.2569105691057
A_NS	142	620	A	0	0	619	41.7318255250404
A_NS	143	620	A	0	0	618	41.7993527508091
A_NS	144	619	C	1	0	613	41.8531810766721
A_NS	145	618	A	2	0	615	40.3967479674797
A_NS	146	618	C	2	0	616	40.4496753246753
A_NS	147	621	C	0	0	620	40.8258064516129
A_NS	148	770	C	1	0	768	40.8372395833333
A_NS	149	768	T	10	0	767	40.470664928292
A_NS	150	776	T	2	0	772	40.2525906735751
A_NS	151	777	G	1	0	769	37.4785435630689
A_NS	152	778	G	0	0	777	37.2097812097812
A_NS	153	778	C	0	0	776	37.909793814433
A_NS	154	777	C	1	0	775	38.4258064516129
A_NS	155	777	T	1	0	775	39.4967741935484
A_NS	156	778	C	0	0	772	40.7124352331606
A_NS	157	777	G	1	0	771	38.5006485084306
A_NS	158	778	A	0	0	776	38.2255154639175
A_NS	159	778	C	0	0	777	38.6190476190476
A_NS	160	778	A	0	0	778	38.0565552699229
A_NS	161	778	T	0	0	778	38.9318766066838
A_NS	162	775	C	3	0	773	40.1267787839586
A_NS	163	768	A	10	0	763	39.6605504587156
A_NS	164	776	A	2	0	775	39.9148387096774
A_NS	165	776	A	2	0	774	41.0335917312661
A_NS	166	776	A	2	0	772	40.7577720207254
A_NS	167	777	C	1	0	775	40.9974193548387
A_NS	168	777	A	1	0	774	40.3488372093023
A_NS	169	777	G	1	0	776	39.5940721649485
A_NS	170	777	C	1	0	777	39.4453024453024
A_NS	171	778	C	0	0	773	36.6946959896507
A_NS	172	778	A	0	0	777	35.3191763191763
A_NS	173	776	C	2	0	772	37.2746113989637
A_NS	174	777	T	1	0	775	39.0154838709677
A_NS	175	778	C	0	0	777	39.1184041184041
A_NS	176	770	T	8	0	770	40.2831168831169
A_NS	177	777	T	1	0	776	40.4909793814433
A_NS	178	777	G	1	0	774	39.8927648578811
A_NS	179	777	T	1	0	777	40.7889317889318
A_NS	180	777	T	1	0	774	40.7958656330749
A_NS	181	778	G	1	0	777	39.5971685971686
A_NS	182	779	G	0	0	779	40.0243902439024
A_NS	183	779	G	0	0	778	40.6092544987147
A_NS	184	779	A	0	0	777	40.4916344916345
A_NS	185	779	A	0	0	778	42.26735218509
A_NS	186	779	A	0	0	779	41.9807445442875
A_NS	187	779	C	0	0	778	41.0706940874036
A_NS	188	777	A	2	0	777	40.5482625482625
A_NS	189	778	A	1	0	778	41.8213367609254
A_NS	190	778	A	1	0	777	41.7580437580438
A_NS	191	778	T	1	0	776	41.3827319587629
A_NS	192	776	T	3	0	775	41.0916129032258
A_NS	193	776	G	3	0	776	40.8917525773196
A_NS	194	777	T	1	0	775	41.0916129032258
A_NS	195	774	G	1	0	773	41.6959896507115
A_NS	196	775	G	0	0	773	42.5239327296248
A_NS	197	775	A	0	0	774	42.5956072351421
A_NS	198	775	A	0	0	775	42.8761290322581
A_NS	199	775	T	0	0	773	42.3441138421733
A_NS	200	775	G	0	0	772	41.1878238341969
A_NS	201	775	G	0	0	772	40.3743523316062
A_NS	202	775	A	0	0	775	38.4941935483871
A_NS	203	774	T	1	0	772	38.0738341968912
A_NS	204	775	T	0	0	773	35.1966364812419
A_NS	205	775	T	0	0	772	35.3380829015544
A_NS	206	775	T	0	0	772	36.0673575129534
A_NS	207	772	G	3	0	769	36.8283485045514
A_NS	208	717	A	58	0	716	38.0293296089385
A_NS	209	773	A	2	0	772	39.3277202072539
A_NS	210	773	A	2	0	773	39.4734799482536
A_NS	211	773	G	2	0	772	39.5
A_NS	212	773	A	2	0	771	40.3826199740597
A_NS	213	773	G	2	0	772	40.1826424870466
A_NS	214	773	G	2	0	771	38.5784695201038
A_NS	215	773	A	2	0	768	38.4453125
A_NS	216	774	A	1	0	774	38.0956072351421
A_NS	217	775	T	0	0	774	38.1111111111111
A_NS	218	773	C	2	0	767	38.5410691003911
A_NS	219	775	C	0	0	773	38.8318240620957
A_NS	220	775	A	1	0	774	38.0232558139535
A_NS	221	775	G	1	0	775	38.9367741935484
A_NS	222	776	C	0	0	771	37.970168612192
A_NS	223	773	G	3	0	768	36.9440104166667
A_NS	224	773	A	3	0	771	36.9208819714656
A_NS	225	775	G	1	0	769	36.5643693107932
A_NS	226	776	A	0	0	774	36.3423772609819
A_NS	227	776	C	0	0	775	37.6941935483871
A_NS	228	776	A	0	0	770	37.5194805194805
A_NS	229	775	C	1	0	773	38.2587322121604
A_NS	230	775	T	1	0	775	38.4916129032258
A_NS	231	775	T	1	0	772	38.7279792746114
A_NS	232	774	A	2	0	774	37.6963824289406
A_NS	233	776	G	0	0	773	38.1203104786546
A_NS	234	775	A	1	0	773	38.5743855109961
A_NS	235	773	A	3	0	773	38.7632600258732
A_NS	236	773	T	3	0	772	38.9611398963731
A_NS	237	772	G	4	0	772	39.0284974093264
A_NS	238	773	G	3	0	773	41.0168175937904
A_NS	239	773	C	3	0	771	41.8274967574578
A_NS	240	775	A	1	0	772	41.1968911917098
A_NS	241	775	A	1	0	775	41.2258064516129
A_NS	242	775	T	1	0	772	41.6917098445596
A_NS	243	776	T	0	0	775	40.8709677419355
A_NS	244	776	G	0	0	773	40.7438551099612
A_NS	245	776	C	0	0	773	41.8796895213454
A_NS	246	776	A	0	0	774	40.4521963824289
A_NS	247	776	T	0	0	775	40.7122580645161
A_NS	248	776	C	0	0	773	39.9754204398448
A_NS	249	775	T	1	0	772	39.4961139896373
A_NS	250	776	A	0	0	774	39.7377260981912
A_NS	251	777	T	0	0	775	40.3651612903226
A_NS	252	777	A	0	0	776	40.680412371134
A_NS	253	777	C	0	0	777	41.2033462033462
A_NS	254	777	C	0	0	776	41.625
A_NS	255	777	T	0	0	773	41.751617076326
A_NS	256	777	A	0	0	775	40.8451612903226
A_NS	257	777	C	0	0	775	39.9587096774194
A_NS	258	777	T	0	0	775	39.4077419354839
A_NS	259	776	T	1	0	774	39.7222222222222
A_NS	260	776	C	1	0	775	36.5238709677419
A_NS	261	776	G	1	0	775	36.7832258064516
A_NS	262	773	C	4	0	769	39.1742522756827
A_NS	263	774	G	3	0	771	39.2412451361868
A_NS	264	774	T	3	0	772	40.0012953367876
A_NS	265	775	T	2	0	772	40.4248704663212
A_NS	266	773	A	4	0	769	39.7711313394018
A_NS	267	774	C	3	0	772	40.3523316062176
A_NS	268	777	A	0	0	777	39.8236808236808
A_NS	269	777	T	0	0	776	41.4639175257732
A_NS	270	777	T	0	0	777	41.4954954954955
A_NS	271	777	T	0	0	776	41.909793814433
A_NS	272	777	C	0	0	773	41.5407503234153
A_NS	273	776	T	1	0	771	42.0479896238651
A_NS	274	777	G	0	0	771	41.5395590142672
A_NS	275	777	A	0	0	776	42.1030927835052
A_NS	276	777	C	0	0	775	41.6335483870968
A_NS	277	777	A	1	0	775	41.1238709677419
A_NS	278	777	T	1	0	774	41.6046511627907
A_NS	279	777	G	1	0	773	40.9327296248383
A_NS	280	779	A	0	0	774	40.6124031007752
A_NS	281	779	C	0	0	777	40.3899613899614
A_NS	282	778	C	1	0	778	40.0681233933162
A_NS	283	780	C	1	0	775	40.4774193548387
A_NS	284	779	T	2	0	779	40.1848523748395
A_NS	285	777	C	4	0	773	39.5045278137128
A_NS	286	779	G	2	0	771	38.2114137483787
A_NS	287	780	A	1	0	780	38.1820512820513
A_NS	288	781	G	0	0	781	38.5211267605634
A_NS	289	781	G	0	0	780	38.0858974358974
A_NS	290	780	A	1	0	778	38.5784061696658
A_NS	291	781	A	0	0	780	39.1333333333333
A_NS	292	781	A	0	0	780	39.8192307692308
A_NS	293	780	T	1	0	780	39.1269230769231
A_NS	294	781	G	1	0	779	38.1745827984596
A_NS	295	781	T	2	0	780	38.5038461538462
A_NS	296	776	C	8	0	772	36.0012953367876
A_NS	297	774	A	10	0	769	35.0429128738622
A_NS	298	777	C	8	0	772	35.7448186528497
A_NS	299	765	G	20	0	751	33.8109187749667
A_NS	300	766	A	20	0	759	33.6798418972332
A_NS	301	779	G	7	0	771	33.2607003891051
A_NS	302	783	A	3	0	775	33.3638709677419
A_NS	303	784	C	2	0	773	33.0892626131953
A_NS	304	785	T	1	0	785	33.1222929936306
A_NS	305	784	G	2	0	774	33.2041343669251
A_NS	306	786	G	0	0	783	33.5644955300128
A_NS	307	783	T	4	0	780	33.7564102564103
A_NS	308	786	T	1	0	773	36.2445019404916
A_NS	309	786	C	1	0	777	35.1801801801802
A_NS	310	786	A	1	0	785	34.8764331210191
A_NS	311	783	T	4	0	783	34.5172413793103
A_NS	312	784	G	3	0	784	34.8864795918367
A_NS	313	785	C	2	0	784	35.9897959183673
A_NS	314	784	T	3	0	782	38.3631713554987
A_NS	315	787	T	0	0	786	38.5318066157761
A_NS	316	787	A	0	0	787	38.4663278271919
A_NS	317	787	T	0	0	787	38.1944091486658
A_NS	318	787	G	0	0	787	38.1550190597205
A_NS	319	785	C	2	0	785	39.8089171974522
A_NS	320	787	C	0	0	784	39.4744897959184
A_NS	321	787	T	0	0	786	40.0368956743003
A_NS	322	787	A	0	0	787	36.6086404066074
A_NS	323	786	G	1	0	786	36.1119592875318
A_NS	324	787	G	0	0	786	36.7684478371501
A_NS	325	776	C	11	0	771	37.9831387808041
A_NS	326	765	A	22	0	765	36.8535947712418
A_NS	327	780	A	7	0	780	38.2230769230769
A_NS	328	779	A	8	0	775	38.4916129032258
A_NS	329	779	A	8	0	776	39.180412371134
A_NS	330	778	G	9	0	764	40.3128272251309
A_NS	331	777	A	10	0	775	41.3496774193548
A_NS	332	777	T	10	0	763	40.9724770642202
A_NS	333	779	A	8	0	774	40.0749354005168
A_NS	334	785	A	2	0	784	40
A_NS	335	786	T	1	0	778	40.1683804627249
A_NS	336	784	A	3	0	782	39.5971867007673
A_NS	337	787	G	0	0	787	40.9618805590851
A_NS	338	786	G	1	0	785	40.5872611464968
A_NS	339	783	C	4	0	778	40.1876606683805
A_NS	340	787	C	0	0	787	38.6480304955527
A_NS	341	786	C	1	0	783	38.3997445721584
A_NS	342	786	T	2	0	782	37.6764705882353
A_NS	343	786	C	2	0	782	36.4936061381074
A_NS	344	780	T	8	0	778	36.9460154241645
A_NS	345	786	T	2	0	785	37.1872611464968
A_NS	346	784	T	4	0	784	37.0956632653061
A_NS	347	778	G	9	0	774	36.2894056847545
A_NS	348	783	C	4	0	776	38.6559278350515
A_NS	349	786	G	1	0	781	39.3047375160051
A_NS	350	786	T	1	0	780	39.2602564102564
A_NS	351	786	G	1	0	783	39.1596424010217
A_NS	352	786	C	1	0	778	39.9755784061697
A_NS	353	787	G	0	0	780	38.1551282051282
A_NS	354	787	A	0	0	787	38.2833545108005
A_NS	355	787	T	0	0	786	38.5483460559796
A_NS	356	787	T	0	0	785	37.9783439490446
A_NS	357	787	G	0	0	783	37.9553001277139
A_NS	358	787	G	0	0	783	39.3358876117497
A_NS	359	787	A	0	0	786	39.265903307888
A_NS	360	787	C	0	0	786	40.5699745547074
A_NS	361	786	C	1	0	778	40.6632390745501
A_NS	362	784	A	3	0	782	40.8056265984655
A_NS	363	786	G	2	0	786	41.4631043256997
A_NS	364	788	G	0	0	786	41.3358778625954
A_NS	365	788	C	0	0	782	40.7237851662404
A_NS	366	786	G	2	0	784	39.4502551020408
A_NS	367	788	G	0	0	788	39.4708121827411
A_NS	368	788	T	0	0	787	39.8767471410419
A_NS	369	788	C	0	0	784	38.7206632653061
A_NS	370	788	A	0	0	788	39.508883248731
A_NS	371	789	T	0	0	787	40.4371029224905
A_NS	372	788	G	1	0	782	38.3081841432225
A_NS	373	789	G	0	0	786	38.6653944020356
A_NS	374	789	A	0	0	787	39.0609911054638
A_NS	375	789	T	0	0	786	38.9134860050891
A_NS	376	787	A	2	0	786	38.2455470737914
A_NS	377	787	A	2	0	786	39.6704834605598
A_NS	378	789	G	0	0	782	39.4130434782609
A_NS	379	788	A	1	0	784	39.1237244897959
A_NS	380	789	A	0	0	787	39.5603557814485
A_NS	381	789	C	0	0	789	39.8149556400507
A_NS	382	788	A	1	0	788	39.757614213198
A_NS	383	787	T	2	0	784	40.1670918367347
A_NS	384	787	A	2	0	782	38.1112531969309
A_NS	385	787	G	2	0	781	38.4468629961588
A_NS	386	787	T	2	0	785	37.7974522292994
A_NS	387	787	A	2	0	784	37.2602040816327
A_NS	388	785	C	4	0	781	38.0128040973111
A_NS	389	788	T	1	0	786	38.35368956743
A_NS	390	788	G	1	0	782	40.6342710997442
A_NS	391	789	G	0	0	788	40.3489847715736
A_NS	392	786	A	3	0	785	40.7554140127389
A_NS	393	788	A	1	0	788	42.2043147208122
A_NS	394	787	G	2	0	787	42.0622617534943
A_NS	395	788	C	1	0	787	41.287166454892
A_NS	396	787	A	2	0	787	40.271918678526
A_NS	397	789	A	0	0	788	40.3109137055838
A_NS	398	789	A	0	0	786	40.2010178117048
A_NS	399	789	C	0	0	788	40.0812182741117
A_NS	400	788	T	1	0	787	40.7966963151207
A_NS	401	789	T	0	0	788	40.7868020304569
A_NS	402	789	C	0	0	787	39.581956797967
A_NS	403	789	A	0	0	787	39.3608640406607
A_NS	404	789	G	0	0	787	39.5933926302414
A_NS	405	789	T	0	0	789	39.3574144486692
A_NS	406	789	G	0	0	789	40.5424588086185
A_NS	407	789	T	0	0	786	42.2557251908397
A_NS	408	789	A	0	0	789	41.5842839036755
A_NS	409	788	A	1	0	788	41.4796954314721
A_NS	410	786	T	3	0	785	41.9566878980892
A_NS	411	789	C	0	0	787	40.8411689961881
A_NS	412	789	T	0	0	789	41.5082382762991
A_NS	413	789	T	0	0	789	41.1001267427123
A_NS	414	788	C	1	0	786	39.2697201017812
A_NS	415	788	A	1	0	787	38.851334180432
A_NS	416	789	A	0	0	789	39.5969581749049
A_NS	417	789	C	0	0	785	40.4140127388535
A_NS	418	789	C	0	0	785	41.0929936305732
A_NS	419	789	G	0	0	780	40.6307692307692
A_NS	420	788	A	1	0	787	40.6772554002541
A_NS	421	789	T	0	0	789	41.3434727503169
A_NS	422	789	T	0	0	787	39.7890724269377
A_NS	423	789	A	0	0	787	38.8945362134689
A_NS	424	788	G	1	0	787	39.9644218551461
A_NS	425	789	A	0	0	789	39.9949302915082
A_NS	426	786	G	3	0	786	39.9096692111959
A_NS	427	786	A	3	0	785	40.0050955414013
A_NS	428	788	C	1	0	786	39.7608142493639
A_NS	429	789	C	0	0	788	38.991116751269
A_NS	430	787	T	2	0	785	39.3095541401274
A_NS	431	789	T	0	0	786	38.587786259542
A_NS	432	789	G	0	0	788	37.2956852791878
A_NS	433	788	A	1	0	787	37.6416772554003
A_NS	434	783	T	6	0	782	38.7506393861893
A_NS	435	780	A	9	0	777	39.5868725868726
A_NS	436	781	C	8	0	778	39.1748071979434
A_NS	437	788	T	1	0	783	39.242656449553
A_NS	438	788	A	1	0	785	38.9605095541401
A_NS	439	788	C	1	0	781	40.4622279129321
A_NS	440	789	T	0	0	783	40.8671775223499
A_NS	441	788	A	1	0	787	40.9313850063532
A_NS	442	788	A	1	0	788	41.1053299492386
A_NS	443	788	G	1	0	785	41.4471337579618
A_NS	444	788	G	1	0	788	41.6992385786802
A_NS	445	789	G	0	0	787	42.5362134688691
A_NS	446	789	C	0	0	788	41.9073604060914
A_NS	447	789	T	0	0	784	40.7589285714286
A_NS	448	789	T	0	0	788	41.2868020304569
A_NS	449	789	T	0	0	787	41.5972045743329
A_NS	450	787	C	2	0	785	40.5210191082803
A_NS	451	788	A	1	0	782	39.4693094629156
A_NS	452	787	C	2	0	785	39.3757961783439
A_NS	453	784	T	5	0	782	39.0984654731458
A_NS	454	785	G	4	0	783	37.0523627075351
A_NS	455	787	A	3	0	785	35.3426751592357
A_NS	456	789	G	1	0	787	35.8754764930114
A_NS	457	790	G	0	0	790	37.4708860759494
A_NS	458	791	A	0	0	788	38.2944162436548
A_NS	459	785	G	7	0	782	37.6214833759591
A_NS	460	790	G	2	0	790	39.9974683544304
A_NS	461	789	G	3	0	784	39.875
A_NS	462	786	A	6	0	781	38.5377720870679
A_NS	463	790	A	2	0	784	38.8035714285714
A_NS	464	790	C	2	0	787	39.6251588310038
A_NS	465	788	A	4	0	788	38.73730964467
A_NS	466	787	A	5	0	785	39.4802547770701
A_NS	467	785	T	7	0	783	40.2311621966794
A_NS	468	786	A	6	0	782	37.1406649616368
A_NS	469	788	G	4	0	785	36.6547770700637
A_NS	470	790	T	2	0	786	37.2964376590331
A_NS	471	792	T	0	0	788	37.6878172588832
A_NS	472	788	G	4	0	787	38.277001270648
A_NS	473	791	G	1	0	787	39.2782719186785
A_NS	474	790	A	2	0	788	40.9720812182741
A_NS	475	792	G	0	0	789	41.1837769328264
A_NS	476	790	A	2	0	787	42.1067344345616
A_NS	477	790	A	2	0	788	42.3159898477157
A_NS	478	791	A	1	0	789	42.4119138149556
A_NS	479	790	T	2	0	786	42.6488549618321
A_NS	480	790	T	2	0	789	42.382762991128
A_NS	481	791	T	1	0	788	42.6319796954315
A_NS	482	789	C	3	0	785	42.0738853503185
A_NS	483	791	A	1	0	788	41.9149746192893
A_NS	484	791	C	1	0	791	41.5094816687737
A_NS	485	792	C	0	0	790	41.820253164557
A_NS	486	792	A	0	0	792	41.385101010101
A_NS	487	792	T	0	0	789	41.6463878326996
A_NS	488	790	T	2	0	789	43.0735107731305
A_NS	489	789	A	3	0	788	42.4060913705584
A_NS	490	792	C	1	0	792	41.479797979798
A_NS	491	791	C	2	0	790	40.253164556962
A_NS	492	792	T	1	0	790	40.6164556962025
A_NS	493	792	T	1	0	792	40.3396464646465
A_NS	494	791	C	2	0	788	39.3324873096447
A_NS	495	793	T	0	0	792	38.5643939393939
A_NS	496	791	C	2	0	785	38.4165605095541
A_NS	497	786	T	7	0	783	38.2860791826309
A_NS	498	790	T	3	0	790	38.1
A_NS	499	791	C	2	0	789	36.5082382762991
A_NS	500	792	C	1	0	792	37.1679292929293
A_NS	501	792	A	1	0	792	38.2979797979798
A_NS	502	791	G	2	0	791	39.4538558786346
A_NS	503	789	G	4	0	787	40.5260482846252
A_NS	504	789	A	4	0	787	41.7268106734435
A_NS	505	790	C	3	0	788	42.0393401015228
A_NS	506	791	A	2	0	789	41.7566539923954
A_NS	507	790	T	3	0	784	42.0688775510204
A_NS	508	790	A	3	0	786	41.0432569974555
A_NS	509	790	C	3	0	783	41.0753512132822
A_NS	510	791	T	2	0	786	41.1577608142494
A_NS	511	791	T	2	0	788	40.8261421319797
A_NS	512	790	A	3	0	789	40.9695817490494
A_NS	513	792	T	1	0	786	41.3129770992366
A_NS	514	792	G	1	0	789	41.3282636248416
A_NS	515	793	A	0	0	787	41.3977128335451
A_NS	516	792	G	1	0	791	41.3729456384324
A_NS	517	793	G	0	0	791	41.1782553729456
A_NS	518	793	A	0	0	793	41.2559899117276
A_NS	519	793	T	0	0	791	41.1061946902655
A_NS	520	793	G	0	0	792	41.6262626262626
A_NS	521	793	T	0	0	789	42.4866920152091
A_NS	522	793	C	0	0	786	40.8498727735369
A_NS	523	789	A	4	0	785	39.5541401273885
A_NS	524	793	A	0	0	790	39.1784810126582
A_NS	525	793	A	0	0	790	39.2708860759494
A_NS	526	790	A	3	0	786	39.4351145038168
A_NS	527	790	A	3	0	785	40.8496815286624
A_NS	528	789	T	4	0	787	40.1893265565438
A_NS	529	789	G	4	0	782	38.9718670076726
A_NS	530	790	C	3	0	783	38.4840357598978
A_NS	531	792	A	1	0	791	36.6915297092288
A_NS	532	792	G	1	0	786	36.264631043257
A_NS	533	792	T	1	0	787	36.6391359593393
A_NS	534	791	T	2	0	776	37.1159793814433
A_NS	535	783	G	10	0	777	36.6975546975547
A_NS	536	792	G	1	0	791	36.8533501896334
A_NS	537	793	G	0	0	792	38.1035353535354
A_NS	538	792	G	1	0	787	38.3456162642948
A_NS	539	790	T	3	0	785	38.5286624203822
A_NS	540	789	C	4	0	782	39.002557544757
A_NS	541	789	C	4	0	786	38.8422391857506
A_NS	542	791	T	2	0	787	38.7992376111817
A_NS	543	793	C	0	0	788	38.6230964467005
A_NS	544	793	A	0	0	790	39.1151898734177
A_NS	545	792	T	1	0	791	39.9987357774968
A_NS	546	792	C	1	0	786	38.8346055979644
A_NS	547	786	G	7	0	786	38.9427480916031
A_NS	548	792	G	1	0	789	38.7718631178707
A_NS	549	793	A	0	0	793	38.4905422446406
A_NS	550	793	G	0	0	792	38.9962121212121
A_NS	551	792	G	1	0	789	39.4131812420786
A_NS	552	791	A	2	0	789	39.4537389100127
A_NS	553	793	C	0	0	790	38.2645569620253
A_NS	554	791	T	2	0	789	38.8871989860583
A_NS	555	791	T	2	0	783	38.0012771392082
A_NS	556	790	G	3	0	782	35.3746803069054
A_NS	557	793	A	0	0	789	35.6679340937896
A_NS	558	793	G	0	0	793	35.4161412358134
A_NS	559	793	T	0	0	791	35.6713021491783
A_NS	560	793	G	0	0	793	36.0580075662043
A_NS	561	792	G	1	0	791	37.9835651074589
A_NS	562	792	A	1	0	786	38.7010178117048
A_NS	563	792	A	1	0	790	39.953164556962
A_NS	564	791	T	2	0	789	39.2446134347275
A_NS	565	792	G	1	0	788	38.6459390862944
A_NS	566	790	G	3	0	783	39.0051085568327
A_NS	567	790	T	3	0	786	38.8358778625954
A_NS	568	791	A	2	0	785	37.112101910828
A_NS	569	793	A	0	0	792	37.9608585858586
A_NS	570	793	C	0	0	787	37.9987293519695
A_NS	571	792	A	1	0	789	36.7186311787072
A_NS	572	792	C	1	0	785	36.796178343949
A_NS	573	793	G	0	0	789	36.9771863117871
A_NS	574	792	G	1	0	789	36.7351077313054
A_NS	575	787	T	6	0	787	36.8081321473952
A_NS	576	789	T	4	0	788	37.4822335025381
A_NS	577	787	C	6	0	776	37.965206185567
A_NS	578	791	G	2	0	779	37.4236200256739
A_NS	579	790	A	3	0	790	37.1341772151899
A_NS	580	790	G	3	0	788	37.005076142132
A_NS	581	786	T	7	0	783	37.6219667943806
A_NS	582	787	C	6	0	780	37.6423076923077
A_NS	583	791	T	2	0	789	37.5602027883397
A_NS	584	791	C	2	0	787	36.702668360864
A_NS	585	791	T	2	0	789	36.6235741444867
A_NS	586	790	G	3	0	786	36.3613231552163
A_NS	587	785	A	9	0	784	37.5446428571429
A_NS	588	790	A	4	0	789	37.3231939163498
A_NS	589	790	A	4	0	788	38.5850253807107
A_NS	590	790	A	4	0	788	39.1751269035533
A_NS	591	789	T	5	0	783	37.7445721583653
A_NS	592	791	A	3	0	781	36.6939820742638
A_NS	593	792	T	2	0	787	37.299872935197
A_NS	594	793	A	1	0	786	37.1437659033079
A_NS	595	791	C	3	0	790	37.2898734177215
A_NS	596	788	A	6	0	783	36.6564495530013
A_NS	597	790	G	4	0	783	36.0676883780332
A_NS	598	793	A	1	0	792	35.8787878787879
A_NS	599	791	G	3	0	790	36.3898734177215
A_NS	600	793	A	1	0	792	37.6464646464646
A_NS	601	793	T	1	0	791	38.6042983565107
A_NS	602	794	T	0	0	792	38.8737373737374
A_NS	603	793	C	1	0	779	38.3517329910141
A_NS	604	794	G	0	0	787	37.0533672172808
A_NS	605	794	C	0	0	794	37.0277078085642
A_NS	606	790	T	4	0	789	37.5411913814956
A_NS	607	794	T	0	0	794	38.2178841309824
A_NS	608	793	G	1	0	792	37.780303030303
A_NS	609	793	G	1	0	790	38.6303797468354
A_NS	610	793	A	1	0	792	39.1073232323232
A_NS	611	793	G	1	0	793	40.0529634300126
A_NS	612	791	A	3	0	791	40.8621997471555
A_NS	613	792	A	2	0	791	41.1757269279393
A_NS	614	793	G	1	0	792	40.7058080808081
A_NS	615	794	C	0	0	794	41.3387909319899
A_NS	616	794	T	0	0	794	40.7670025188917
A_NS	617	793	G	1	0	793	40.5208070617907
A_NS	618	794	T	0	0	794	40.5629722921914
A_NS	619	794	G	0	0	793	39.547288776797
A_NS	620	793	A	1	0	793	39.6733921815889
A_NS	621	794	T	1	0	793	39.7553593947037
A_NS	622	794	G	1	0	789	37.0811153358682
A_NS	623	795	A	0	0	793	37.4817150063052
A_NS	624	794	G	1	0	791	36.8154235145386
A_NS	625	794	A	1	0	792	37.2689393939394
A_NS	626	794	A	1	0	792	37.7714646464646
A_NS	627	794	T	1	0	788	39.1040609137056
A_NS	628	778	G	17	0	770	39.3051948051948
A_NS	629	792	G	3	0	789	39.8352344740177
A_NS	630	793	G	2	0	788	39.2817258883249
A_NS	631	792	A	3	0	788	38.9657360406091
A_NS	632	789	G	6	0	783	38.5249042145594
A_NS	633	792	A	3	0	791	37.7774968394437
A_NS	634	793	C	2	0	786	38.4605597964377
A_NS	635	795	C	0	0	791	38.0809102402023
A_NS	636	792	T	3	0	786	38.1692111959288
A_NS	637	794	T	1	0	793	38.6986128625473
A_NS	638	794	C	1	0	792	37.9810606060606
A_NS	639	793	A	2	0	791	37.8798988621997
A_NS	640	794	C	1	0	790	38.9544303797468
A_NS	641	794	T	1	0	786	39.4618320610687
A_NS	642	793	A	2	0	792	38.2045454545455
A_NS	643	795	C	0	0	794	37.5415617128463
A_NS	644	795	C	0	0	795	38.2616352201258
A_NS	645	800	T	0	0	796	39.0766331658291
A_NS	646	801	C	1	0	801	37.8239700374532
A_NS	647	801	C	1	0	801	39.41822721598
A_NS	648	802	A	0	0	801	38.1148564294632
A_NS	649	800	G	2	0	797	39.0175658720201
A_NS	650	800	A	2	0	800	40.34125
A_NS	651	799	G	3	0	799	41.279098873592
A_NS	652	798	C	4	0	797	40.3212045169385
A_NS	653	799	A	3	0	796	39.1846733668342
A_NS	654	799	G	3	0	799	39.2140175219024
A_NS	655	800	A	2	0	798	38.3107769423559
A_NS	656	802	A	0	0	802	38.4463840399003
A_NS	657	801	A	1	0	800	39.145
A_NS	658	801	T	1	0	799	40.5644555694618
A_NS	659	802	G	0	0	795	37.8264150943396
A_NS	660	801	A	1	0	798	38.2017543859649
A_NS	661	802	G	0	0	800	38.69375
A_NS	662	802	A	0	0	797	39.2710163111669
A_NS	663	801	A	1	0	800	39.34625
A_NS	664	801	A	2	0	801	39.5031210986267
A_NS	665	801	T	2	0	801	38.1735330836454
A_NS	666	800	G	3	0	798	37.5388471177945
A_NS	667	801	G	2	0	801	38.3320848938826
A_NS	668	801	C	2	0	798	38.5664160401003
A_NS	669	780	G	24	0	775	38.5470967741935
A_NS	670	797	G	7	0	796	39.4761306532663
A_NS	671	795	G	8	0	792	39.5088383838384
A_NS	672	800	A	3	0	797	39.099121706399
A_NS	673	800	A	3	0	797	39.2496863237139
A_NS	674	802	C	1	0	795	39.0339622641509
A_NS	675	801	A	2	0	799	37.4292866082603
A_NS	676	802	A	1	0	801	37.0312109862672
A_NS	677	802	T	1	0	799	38.3529411764706
A_NS	678	803	T	0	0	800	38.885
A_NS	679	793	G	10	0	783	38.8633461047254
A_NS	680	803	G	0	0	802	39.9102244389027
A_NS	681	802	G	1	0	792	39.5088383838384
A_NS	682	802	A	1	0	800	39.6025
A_NS	683	802	C	1	0	796	39.6118090452261
A_NS	684	802	A	1	0	798	39.077694235589
A_NS	685	802	G	1	0	795	38.4213836477987
A_NS	686	803	A	0	0	801	37.9750312109863
A_NS	687	803	A	0	0	799	38.1063829787234
A_NS	688	802	A	1	0	800	39.21375
A_NS	689	801	T	2	0	795	39.7710691823899
A_NS	690	801	T	2	0	800	40.2975
A_NS	691	802	T	1	0	801	41.8002496878901
A_NS	692	800	G	3	0	796	40.0427135678392
A_NS	693	802	A	1	0	800	39.395
A_NS	694	800	G	3	0	799	40.8097622027534
A_NS	695	801	G	2	0	801	40.8714107365793
A_NS	696	801	A	2	0	798	41.6929824561403
A_NS	697	803	A	0	0	802	41.8478802992519
A_NS	698	803	A	0	0	801	42.7465667915106
A_NS	699	803	T	0	0	801	42.7403245942572
A_NS	700	803	A	0	0	800	41.3075
A_NS	701	803	A	0	0	802	41.1596009975062
A_NS	702	803	G	0	0	798	40.4749373433584
A_NS	703	803	A	0	0	801	40.9612983770287
A_NS	704	802	T	1	0	800	41.095
A_NS	705	802	G	1	0	802	41.6683291770574
A_NS	706	801	G	2	0	800	41.9
A_NS	707	800	T	3	0	799	42.1664580725907
A_NS	708	801	T	2	0	799	41.4806007509387
A_NS	709	802	A	1	0	801	40.4494382022472
A_NS	710	803	A	0	0	801	41.4169787765293
A_NS	711	803	T	0	0	802	40.5997506234414
A_NS	712	802	T	1	0	802	41.001246882793
A_NS	713	798	G	5	0	796	39.4585427135678
A_NS	714	801	A	2	0	800	40.445
A_NS	715	800	A	3	0	797	39.3513174404015
A_NS	716	801	G	2	0	800	38.84375
A_NS	717	801	A	2	0	801	38.5280898876404
A_NS	718	803	A	0	0	796	39.1846733668342
A_NS	719	802	A	0	0	801	39.5143570536829
A_NS	720	802	T	0	0	801	40.4194756554307
A_NS	721	798	A	4	0	796	41.3706030150754
A_NS	722	798	C	4	0	796	41.7261306532663
A_NS	723	801	G	1	0	799	41.1138923654568
A_NS	724	801	A	1	0	797	40.930991217064
A_NS	725	802	C	0	0	801	40.5468164794007
A_NS	726	802	A	0	0	802	40.2793017456359
A_NS	727	802	C	0	0	802	40.6159600997506
A_NS	728	802	A	0	0	802	41.14463840399
A_NS	729	802	G	0	0	800	41.1075
A_NS	730	800	A	2	0	799	40.8247809762203
A_NS	731	801	T	1	0	801	40.6941323345818
A_NS	732	802	T	0	0	800	40.7475
A_NS	733	802	G	0	0	798	39.2105263157895
A_NS	734	802	A	0	0	802	39.7556109725686
A_NS	735	802	A	0	0	802	40.7418952618454
A_NS	736	802	A	0	0	800	41.065
A_NS	737	802	G	0	0	802	41.1359102244389
A_NS	738	801	C	1	0	798	41.0062656641604
A_NS	739	801	G	1	0	796	39.4434673366834
A_NS	740	798	A	4	0	797	39.2898368883312
A_NS	741	801	C	1	0	801	38.6367041198502
A_NS	742	799	A	3	0	799	38.3742177722153
A_NS	743	800	G	2	0	800	39.3125
A_NS	744	791	A	11	0	791	39.5815423514539
A_NS	745	802	A	0	0	801	39.230961298377
A_NS	746	801	A	0	0	797	40.0200752823087
A_NS	747	801	A	0	0	800	39.9575
A_NS	748	801	T	0	0	798	39.4147869674185
A_NS	749	799	A	2	0	796	37.8957286432161
A_NS	750	799	G	2	0	795	37.1723270440252
A_NS	751	800	T	1	0	796	37.1959798994975
A_NS	752	801	T	0	0	798	37.9699248120301
A_NS	753	800	T	1	0	800	39.01875
A_NS	754	796	C	5	0	789	39.7325728770596
A_NS	755	798	G	3	0	794	39.7531486146096
A_NS	756	800	A	1	0	796	40.1143216080402
A_NS	757	800	G	1	0	796	39.8693467336683
A_NS	758	799	C	2	0	798	39.5827067669173
A_NS	759	799	A	1	0	799	40.377972465582
A_NS	760	799	A	1	0	798	41.953634085213
A_NS	761	801	A	0	0	799	41.9136420525657
A_NS	762	801	T	0	0	800	41.6675
A_NS	763	801	A	0	0	801	41.0886392009987
A_NS	764	801	A	0	0	800	41.6675
A_NS	765	801	C	0	0	801	41.0274656679151
A_NS	766	801	A	0	0	800	40.855
A_NS	767	801	T	0	0	800	40.945
A_NS	768	801	T	0	0	799	41.3354192740926
A_NS	769	801	T	0	0	800	41.41875
A_NS	770	801	A	0	0	797	41.375156838143
A_NS	771	800	T	0	0	799	41.7046307884856
A_NS	772	800	G	0	0	797	42.1994981179423
A_NS	773	800	C	0	0	797	42.2521957340025
A_NS	774	800	A	0	0	798	40.9022556390977
A_NS	775	800	A	0	0	800	40.845
A_NS	776	800	G	0	0	799	41.4843554443054
A_NS	777	799	C	1	0	799	41.630788485607
A_NS	778	799	C	1	0	799	40.648310387985
A_NS	779	798	T	2	0	796	42.0314070351759
A_NS	780	799	T	1	0	796	41.0288944723618
A_NS	781	798	A	2	0	798	39.0112781954887
A_NS	782	798	C	2	0	798	39.2518796992481
A_NS	783	799	A	1	0	796	39.53391959799
A_NS	784	800	A	0	0	800	39.7775
A_NS	785	800	C	0	0	800	40.40875
A_NS	786	800	T	0	0	797	40.7540777917189
A_NS	787	800	A	0	0	799	40.4906132665832
A_NS	788	800	C	0	0	800	41.17375
A_NS	789	800	T	0	0	798	41.4561403508772
A_NS	790	799	G	1	0	797	40.9159347553325
A_NS	791	800	C	0	0	797	39.4993726474279
A_NS	792	800	T	0	0	799	39.2240300375469
A_NS	793	800	T	0	0	798	40.5275689223058
A_NS	794	799	G	1	0	796	39.572864321608
A_NS	795	798	A	2	0	795	40.8100628930818
A_NS	796	799	A	1	0	799	42.2978723404255
A_NS	797	798	G	2	0	796	42.0854271356784
A_NS	798	798	T	2	0	795	42.3698113207547
A_NS	799	797	A	3	0	794	40.7833753148615
A_NS	800	793	G	7	0	792	39.9103535353535
A_NS	801	798	A	2	0	798	38.7719298245614
A_NS	802	798	G	2	0	797	38.3789209535759
A_NS	803	797	C	3	0	796	38.2788944723618
A_NS	804	790	A	9	0	787	37.9390088945362
A_NS	805	794	A	5	0	792	37.135101010101
A_NS	806	795	G	4	0	794	38.2493702770781
A_NS	807	798	A	1	0	797	38.297365119197
A_NS	808	799	G	0	0	795	39.5018867924528
A_NS	809	799	A	0	0	798	39.1929824561403
A_NS	810	798	T	1	0	798	38.2431077694236
A_NS	811	795	A	4	0	795	38.1572327044025
A_NS	812	796	A	3	0	795	38.3006289308176
A_NS	813	796	G	3	0	794	37.6712846347607
A_NS	814	798	A	1	0	796	38.144472361809
A_NS	815	797	G	2	0	789	38.8542458808619
A_NS	816	798	C	1	0	791	38.8874841972187
A_NS	817	797	T	2	0	790	38.4417721518987
A_NS	818	798	T	1	0	797	38.6185696361355
A_NS	819	797	T	2	0	797	38.4027603513174
A_NS	820	795	C	3	0	794	38.0201511335013
A_NS	821	797	T	1	0	797	39.2697616060226
A_NS	822	794	C	4	0	787	37.2134688691233
A_NS	823	798	G	0	0	793	36.3480453972257
A_NS	824	797	T	1	0	796	35.5891959798995
A_NS	825	798	T	0	0	798	35.0877192982456
A_NS	826	798	T	0	0	798	35.453634085213
A_NS	827	796	C	0	0	794	36.7329974811083
A_NS	828	796	A	0	0	796	37.6922110552764
A_NS	829	796	G	0	0	795	38.1836477987421
A_NS	830	796	C	0	0	796	39.3743718592965
A_NS	831	796	T	0	0	796	39.5251256281407
A_NS	832	795	T	0	0	793	39.6292559899117
A_NS	833	792	A	0	0	792	38.4962121212121
A_NS	834	791	T	0	0	790	35.9569620253165
A_NS	835	791	T	0	0	791	36.7914032869785
A_NS	836	789	T	0	0	789	36.1951837769328
A_NS	837	786	A	0	0	786	35.3918575063613
A_NS	838	786	A	0	0	786	36.0178117048346
