Reference_Name	Position	Coverage Depth	Consensus	Deletions	Ambiguous	Consensus_Count	Consensus_Average_Quality
A_PA	1	17	A	0	0	17	38.2941176470588
A_PA	2	17	T	0	0	17	39.5882352941176
A_PA	3	18	G	0	0	18	39.6666666666667
A_PA	4	19	G	0	0	19	40.5263157894737
A_PA	5	20	A	0	0	20	40.05
A_PA	6	20	A	0	0	20	39.6
A_PA	7	20	G	0	0	20	39.05
A_PA	8	20	A	0	0	20	41.05
A_PA	9	20	C	0	0	20	38.3
A_PA	10	20	T	0	0	20	38.35
A_PA	11	20	T	0	0	20	38.25
A_PA	12	20	T	0	0	20	38.05
A_PA	13	20	G	0	0	20	35.15
A_PA	14	20	T	0	0	20	40.05
A_PA	15	20	G	0	0	20	39.05
A_PA	16	20	C	0	0	20	39.45
A_PA	17	20	G	0	0	20	38.85
A_PA	18	19	A	1	0	19	40.9473684210526
A_PA	19	20	C	0	0	20	39.2
A_PA	20	20	A	0	0	20	37.2
A_PA	21	20	A	0	0	20	39.6
A_PA	22	20	T	0	0	20	38.5
A_PA	23	20	G	0	0	19	39.1578947368421
A_PA	24	20	C	0	0	20	36.85
A_PA	25	20	T	0	0	20	38.6
A_PA	26	20	T	0	0	20	37.2
A_PA	27	20	C	0	0	20	34.85
A_PA	28	20	A	0	0	20	36.05
A_PA	29	20	A	0	0	20	35.4
A_PA	30	20	T	0	0	20	36.65
A_PA	31	20	C	0	0	20	38.85
A_PA	32	20	C	0	0	20	40.25
A_PA	33	20	A	0	0	20	41.15
A_PA	34	20	A	0	0	20	42.25
A_PA	35	20	T	0	0	20	42.45
A_PA	36	20	G	0	0	20	41.95
A_PA	37	20	A	0	0	20	42.7
A_PA	38	20	T	0	0	20	41.35
A_PA	39	20	C	0	0	20	42.8
A_PA	40	20	A	0	0	20	42.6
A_PA	41	20	T	0	0	20	42.5
A_PA	42	20	C	0	0	20	40.15
A_PA	43	20	G	0	0	20	40.7
A_PA	44	20	A	0	0	20	40.2
A_PA	45	20	G	0	0	20	38.8
A_PA	46	20	C	0	0	20	39.9
A_PA	47	20	T	0	0	20	38.85
A_PA	48	19	T	1	0	19	42.8947368421053
A_PA	49	19	G	1	0	19	43.6315789473684
A_PA	50	20	C	0	0	19	44.4736842105263
A_PA	51	20	G	0	0	20	42.55
A_PA	52	20	G	0	0	20	43.4
A_PA	53	20	A	0	0	20	43.25
A_PA	54	20	A	0	0	20	43.4
A_PA	55	20	A	0	0	20	43.5
A_PA	56	20	A	0	0	20	43.95
A_PA	57	20	G	0	0	20	42.75
A_PA	58	20	G	0	0	20	44.35
A_PA	59	20	C	0	0	20	42.25
A_PA	60	20	A	0	0	19	39.5263157894737
A_PA	61	20	A	0	0	20	38.35
A_PA	62	20	T	0	0	20	39.5
A_PA	63	20	G	0	0	20	36.5
A_PA	64	20	A	0	0	20	35.9
A_PA	65	20	A	0	0	20	39.95
A_PA	66	20	A	0	0	20	39.45
A_PA	67	20	G	0	0	19	40.1052631578947
A_PA	68	20	A	0	0	19	39.3157894736842
A_PA	69	20	A	0	0	20	38.85
A_PA	70	20	T	0	0	20	38.05
A_PA	71	20	A	0	0	20	37.1
A_PA	72	20	T	0	0	20	37.4
A_PA	73	20	G	0	0	20	37.6
A_PA	74	20	G	0	0	20	37.3
A_PA	75	20	G	0	0	19	39.1578947368421
A_PA	76	20	G	0	0	20	36.3
A_PA	77	20	A	0	0	20	40.05
A_PA	78	20	A	0	0	20	41.7
A_PA	79	20	G	0	0	20	40.8
A_PA	80	19	A	1	0	19	43.3684210526316
A_PA	81	19	C	1	0	19	42
A_PA	82	20	C	0	0	20	40.15
A_PA	83	20	C	0	0	20	40.6
A_PA	84	20	C	0	0	20	41.2
A_PA	85	20	A	0	0	20	39.8
A_PA	86	20	A	0	0	20	43.05
A_PA	87	20	A	0	0	20	43.25
A_PA	88	20	G	0	0	20	43.35
A_PA	89	20	T	0	0	20	44.65
A_PA	90	20	T	0	0	20	43.85
A_PA	91	20	G	0	0	20	43.4
A_PA	92	20	A	0	0	20	44.55
A_PA	93	20	A	0	0	20	44.3
A_PA	94	20	A	0	0	20	44.6
A_PA	95	20	C	0	0	20	44.5
A_PA	96	20	T	0	0	20	43.3
A_PA	97	20	A	0	0	20	43
A_PA	98	20	A	0	0	20	43.35
A_PA	99	20	T	0	0	20	42.8
A_PA	100	20	A	0	0	20	42
A_PA	101	20	A	0	0	20	41.8
A_PA	102	20	G	0	0	20	42.15
A_PA	103	20	T	0	0	20	42.65
A_PA	104	20	T	0	0	20	44.3
A_PA	105	20	T	0	0	20	41.75
A_PA	106	20	G	0	0	20	42.75
A_PA	107	20	C	0	0	20	41.85
A_PA	108	20	T	0	0	20	42.1
A_PA	109	20	G	0	0	20	41.35
A_PA	110	20	C	0	0	20	42.65
A_PA	111	20	A	0	0	20	43.7
A_PA	112	20	A	0	0	20	41.85
A_PA	113	20	T	0	0	20	44
A_PA	114	20	T	0	0	20	42.1
A_PA	115	20	T	0	0	20	42.2
A_PA	116	20	G	0	0	20	40.25
A_PA	117	20	C	0	0	20	41.5
A_PA	118	20	A	0	0	20	39.4
A_PA	119	19	C	1	0	19	39.8947368421053
A_PA	120	20	A	0	0	20	38.75
A_PA	121	20	C	0	0	20	38.95
A_PA	122	19	A	1	0	19	39.2631578947368
A_PA	123	22	T	1	0	22	38.8181818181818
A_PA	124	22	T	1	0	22	40.5909090909091
A_PA	125	22	T	1	0	22	39.0454545454545
A_PA	126	22	G	1	0	22	38
A_PA	127	23	G	0	0	23	40.2173913043478
A_PA	128	23	A	0	0	23	39.695652173913
A_PA	129	23	A	0	0	23	39.6521739130435
A_PA	130	23	G	0	0	23	40.1304347826087
A_PA	131	23	T	0	0	23	40.8260869565217
A_PA	132	23	T	0	0	23	41
A_PA	133	23	T	0	0	23	40.8260869565217
A_PA	134	23	G	0	0	23	41.3913043478261
A_PA	135	23	T	0	0	23	41.304347826087
A_PA	136	23	T	0	0	23	41.7391304347826
A_PA	137	23	T	0	0	23	41.4782608695652
A_PA	138	23	C	0	0	23	36.304347826087
A_PA	139	23	A	0	0	23	40
A_PA	140	23	T	0	0	23	43.1304347826087
A_PA	141	23	G	0	0	23	41.5652173913044
A_PA	142	23	T	0	0	23	43.3913043478261
A_PA	143	23	A	0	0	23	40.695652173913
A_PA	144	23	T	0	0	23	40.2608695652174
A_PA	145	23	T	0	0	23	42.1739130434783
A_PA	146	23	C	0	0	23	38.9565217391304
A_PA	147	23	G	0	0	23	38.5217391304348
A_PA	148	23	G	0	0	23	40.4782608695652
A_PA	149	23	A	0	0	23	39.3478260869565
A_PA	150	23	T	0	0	23	37.7391304347826
A_PA	151	23	T	0	0	23	40.8260869565217
A_PA	152	23	T	0	0	23	40.6086956521739
A_PA	153	23	T	0	0	23	39.2173913043478
A_PA	154	23	C	0	0	23	38.9565217391304
A_PA	155	23	A	0	0	23	39.2173913043478
A_PA	156	23	T	0	0	23	37.8260869565217
A_PA	157	23	T	0	0	23	40
A_PA	158	23	T	0	0	23	41.7826086956522
A_PA	159	23	C	0	0	23	40.0869565217391
A_PA	160	23	A	0	0	23	39.1304347826087
A_PA	161	23	T	0	0	23	41.4347826086956
A_PA	162	23	T	0	0	23	40
A_PA	163	23	G	0	0	23	38.1739130434783
A_PA	164	23	A	0	0	23	39.4782608695652
A_PA	165	23	T	0	0	22	42.1818181818182
A_PA	166	23	G	0	0	22	38.4090909090909
A_PA	167	23	A	0	0	23	39.1739130434783
A_PA	168	23	A	0	0	23	41.4347826086956
A_PA	169	23	C	0	0	23	39.8695652173913
A_PA	170	23	G	0	0	22	40.5909090909091
A_PA	171	23	G	0	0	23	39.8260869565217
A_PA	172	23	G	0	0	23	39.7391304347826
A_PA	173	23	G	0	0	23	40.3478260869565
A_PA	174	23	T	0	0	23	40.3478260869565
A_PA	175	23	G	0	0	22	40.0909090909091
A_PA	176	23	A	0	0	23	40.2608695652174
A_PA	177	23	A	0	0	23	39.8260869565217
A_PA	178	23	T	0	0	23	39.9565217391304
A_PA	179	23	C	0	0	23	37.695652173913
A_PA	180	23	A	0	0	23	38.7391304347826
A_PA	181	23	A	0	0	23	39.1304347826087
A_PA	182	23	T	0	0	23	37.8260869565217
A_PA	183	23	A	0	0	23	38
A_PA	184	23	A	0	0	23	37.8260869565217
A_PA	185	23	T	0	0	23	38.4782608695652
A_PA	186	23	T	0	0	23	37.8260869565217
A_PA	187	23	A	0	0	23	36.695652173913
A_PA	188	23	T	0	0	23	37.1304347826087
A_PA	189	22	A	1	0	22	33.5909090909091
A_PA	190	23	G	0	0	23	30.6086956521739
A_PA	191	23	A	0	0	23	30.5217391304348
A_PA	192	23	A	0	0	23	30.5652173913043
A_PA	193	23	T	0	0	23	32.1304347826087
A_PA	194	23	C	0	0	23	32.1304347826087
A_PA	195	23	T	0	0	23	31.6086956521739
A_PA	196	23	G	0	0	22	33.7727272727273
A_PA	197	23	G	0	0	23	32.3478260869565
A_PA	198	23	T	0	0	23	32.4347826086956
A_PA	199	23	G	0	0	23	32.7391304347826
A_PA	200	23	A	0	0	23	32.9130434782609
A_PA	201	23	C	0	0	23	33.9130434782609
A_PA	202	23	C	0	0	23	33.3478260869565
A_PA	203	23	C	0	0	23	34.2608695652174
A_PA	204	23	A	0	0	23	34.9565217391304
A_PA	205	23	A	0	0	23	36.5652173913044
A_PA	206	23	A	0	0	23	39.5652173913044
A_PA	207	23	T	0	0	23	38.695652173913
A_PA	208	23	G	0	0	23	40.0869565217391
A_PA	209	23	C	0	0	23	39.8695652173913
A_PA	210	23	A	0	0	23	38.4347826086956
A_PA	211	23	C	0	0	23	38.4347826086956
A_PA	212	23	T	0	0	23	37.695652173913
A_PA	213	23	A	0	0	23	39.2173913043478
A_PA	214	23	T	0	0	23	40.3913043478261
A_PA	215	23	T	0	0	23	40.2608695652174
A_PA	216	23	G	0	0	23	40.1304347826087
A_PA	217	23	A	0	0	23	40.695652173913
A_PA	218	23	A	0	0	23	40.7391304347826
A_PA	219	23	G	0	0	23	41.0434782608696
A_PA	220	23	C	0	0	23	40.695652173913
A_PA	221	23	A	0	0	23	39.8260869565217
A_PA	222	23	C	0	0	23	41.6086956521739
A_PA	223	23	C	0	0	23	39.2173913043478
A_PA	224	23	G	0	0	23	36.3478260869565
A_PA	225	23	A	0	0	23	37.0869565217391
A_PA	226	23	T	0	0	23	37.2608695652174
A_PA	227	23	T	0	0	23	37.8260869565217
A_PA	228	23	T	0	0	23	39.0434782608696
A_PA	229	23	G	0	0	23	40.8260869565217
A_PA	230	23	A	0	0	23	39.1739130434783
A_PA	231	23	G	0	0	23	39.3478260869565
A_PA	232	23	A	0	0	23	40.2173913043478
A_PA	233	23	T	0	0	23	40.5652173913044
A_PA	234	23	A	0	0	23	37.4782608695652
A_PA	235	23	A	0	0	23	39.1739130434783
A_PA	236	23	T	0	0	23	39.3478260869565
A_PA	237	23	T	0	0	23	38.3913043478261
A_PA	238	23	G	0	0	23	37.8260869565217
A_PA	239	23	A	0	0	23	38.9130434782609
A_PA	240	23	A	0	0	23	38.4782608695652
A_PA	241	23	G	0	0	23	37.3913043478261
A_PA	242	23	G	0	0	23	34.2173913043478
A_PA	243	23	A	0	0	23	35.6521739130435
A_PA	244	22	A	1	0	22	37.5909090909091
A_PA	245	22	G	1	0	22	37.8636363636364
A_PA	246	22	A	1	0	22	37.7272727272727
A_PA	247	21	G	2	0	21	37.7619047619048
A_PA	248	23	A	0	0	22	36.4090909090909
A_PA	249	23	C	0	0	22	35.0454545454545
A_PA	250	23	C	0	0	23	33.9565217391304
A_PA	251	23	G	0	0	22	33.9545454545455
A_PA	252	23	A	0	0	23	33.1739130434783
A_PA	253	23	A	0	0	23	34.4347826086956
A_PA	254	23	T	0	0	23	34.0434782608696
A_PA	255	23	C	0	0	23	34.0869565217391
A_PA	256	23	A	0	0	23	36.5217391304348
A_PA	257	23	T	0	0	23	36.3913043478261
A_PA	258	23	G	0	0	23	35.3913043478261
A_PA	259	23	G	0	0	23	35.2173913043478
A_PA	260	23	C	0	0	23	35.304347826087
A_PA	261	23	C	0	0	23	35.6521739130435
A_PA	262	23	T	0	0	23	36.5217391304348
A_PA	263	23	G	0	0	23	37.6086956521739
A_PA	264	23	G	0	0	23	37.8695652173913
A_PA	265	23	A	0	0	23	37.8260869565217
A_PA	266	23	C	0	0	23	40.0869565217391
A_PA	267	23	A	0	0	23	38.8260869565217
A_PA	268	23	G	0	0	22	40.9090909090909
A_PA	269	23	T	0	0	23	37.6521739130435
A_PA	270	23	G	0	0	23	38.0434782608696
A_PA	271	23	G	0	0	23	39.5217391304348
A_PA	272	23	T	0	0	23	39.9565217391304
A_PA	273	23	G	0	0	23	39
A_PA	274	21	A	0	0	21	40.2857142857143
A_PA	275	21	A	0	0	21	40.2380952380952
A_PA	276	21	C	0	0	21	39.9523809523809
A_PA	277	21	A	0	0	21	40.0476190476191
A_PA	278	21	G	0	0	21	40.2380952380952
A_PA	279	21	T	0	0	21	39.1904761904762
A_PA	280	21	A	0	0	21	39.8095238095238
A_PA	281	21	T	0	0	21	38.3333333333333
A_PA	282	21	A	0	0	21	37.9047619047619
A_PA	283	21	T	0	0	21	37.5714285714286
A_PA	284	21	G	0	0	21	38.8571428571429
A_PA	285	21	T	0	0	21	38.9047619047619
A_PA	286	20	A	1	0	20	40.15
A_PA	287	20	A	1	0	20	39.55
A_PA	288	21	C	0	0	21	38.0476190476191
A_PA	289	21	A	0	0	21	38.0952380952381
A_PA	290	21	C	0	0	21	38.3333333333333
A_PA	291	21	A	0	0	21	39.1904761904762
A_PA	292	21	A	0	0	21	40.0952380952381
A_PA	293	21	C	0	0	21	39.5714285714286
A_PA	294	21	A	0	0	21	39.0476190476191
A_PA	295	21	G	0	0	21	40.8571428571429
A_PA	296	21	G	0	0	21	40.5714285714286
A_PA	297	21	G	0	0	21	40.2857142857143
A_PA	298	21	A	0	0	21	40.3333333333333
A_PA	299	21	T	0	0	21	41.2380952380952
A_PA	300	20	A	1	0	20	39.2
A_PA	301	21	G	0	0	21	38.4761904761905
A_PA	302	21	A	0	0	21	39.4761904761905
A_PA	303	21	G	0	0	21	38.1904761904762
A_PA	304	21	A	0	0	21	38
A_PA	305	21	A	0	0	20	39.7
A_PA	306	21	G	0	0	21	40
A_PA	307	21	C	0	0	21	39.1428571428571
A_PA	308	21	C	0	0	21	38.3809523809524
A_PA	309	21	T	0	0	21	38.9523809523809
A_PA	310	21	A	0	0	21	40.1904761904762
A_PA	311	21	A	0	0	21	40.0952380952381
A_PA	312	21	A	0	0	21	40.3333333333333
A_PA	313	21	T	0	0	21	41.8095238095238
A_PA	314	21	T	0	0	21	42
A_PA	315	21	T	0	0	21	43.2857142857143
A_PA	316	21	C	0	0	21	42.3809523809524
A_PA	317	21	T	0	0	21	42.5714285714286
A_PA	318	21	T	0	0	21	42.9047619047619
A_PA	319	21	C	0	0	21	42.9523809523809
A_PA	320	21	C	0	0	21	43.7619047619048
A_PA	321	21	T	0	0	21	42.0476190476191
A_PA	322	21	G	0	0	21	41.4761904761905
A_PA	323	21	A	0	0	21	39
A_PA	324	21	T	0	0	21	40.1428571428571
A_PA	325	21	T	0	0	21	41.4285714285714
A_PA	326	21	T	0	0	21	39.0952380952381
A_PA	327	21	G	0	0	21	40.5714285714286
A_PA	328	21	T	0	0	21	41.0952380952381
A_PA	329	21	A	0	0	21	41.3333333333333
A_PA	330	21	T	0	0	21	40.5238095238095
A_PA	331	21	G	0	0	20	41
A_PA	332	21	A	0	0	21	40.1428571428571
A_PA	333	21	T	0	0	21	37.8095238095238
A_PA	334	21	T	0	0	21	39.8095238095238
A_PA	335	21	A	0	0	21	39.0952380952381
A_PA	336	21	C	0	0	21	39.1428571428571
A_PA	337	21	A	0	0	20	38.05
A_PA	338	21	A	0	0	21	37.7142857142857
A_PA	339	21	A	0	0	21	39.4761904761905
A_PA	340	21	G	0	0	21	39.6190476190476
A_PA	341	21	A	0	0	21	41.2380952380952
A_PA	342	21	G	0	0	21	41.3809523809524
A_PA	343	21	A	0	0	21	41.5238095238095
A_PA	344	21	A	0	0	21	40.8095238095238
A_PA	345	21	C	0	0	21	42.2380952380952
A_PA	346	21	C	0	0	21	40.1428571428571
A_PA	347	21	G	0	0	21	41.8571428571429
A_PA	348	21	G	0	0	21	40.5238095238095
A_PA	349	21	T	0	0	21	40.6666666666667
A_PA	350	21	T	0	0	21	40.8571428571429
A_PA	351	21	C	0	0	21	42.2857142857143
A_PA	352	21	A	0	0	21	43.1428571428571
A_PA	353	21	T	0	0	21	43.8571428571429
A_PA	354	21	T	0	0	21	42.8571428571429
A_PA	355	21	G	0	0	21	42
A_PA	356	21	A	0	0	21	41.3809523809524
A_PA	357	21	A	0	0	21	42.0476190476191
A_PA	358	21	A	0	0	21	42.7142857142857
A_PA	359	21	T	0	0	21	42.6666666666667
A_PA	360	21	T	0	0	21	43.4285714285714
A_PA	361	21	G	0	0	21	43.7142857142857
A_PA	362	21	G	0	0	21	42.6666666666667
A_PA	363	21	A	0	0	20	43.1
A_PA	364	21	G	0	0	21	42.5714285714286
A_PA	365	21	T	0	0	21	41.6190476190476
A_PA	366	21	A	0	0	21	40.6666666666667
A_PA	367	21	A	0	0	21	40.7142857142857
A_PA	368	21	C	0	0	21	42.9047619047619
A_PA	369	21	A	0	0	21	42.5238095238095
A_PA	370	21	C	0	0	21	42
A_PA	371	21	G	0	0	21	38.3333333333333
A_PA	372	21	G	0	0	21	39.4761904761905
A_PA	373	21	A	0	0	21	38.9047619047619
A_PA	374	21	G	0	0	21	41.2857142857143
A_PA	375	21	G	0	0	21	44.7142857142857
A_PA	376	21	G	0	0	21	43.0476190476191
A_PA	377	21	A	0	0	21	41.3333333333333
A_PA	378	21	A	0	0	21	41.7619047619048
A_PA	379	21	G	0	0	21	43.0952380952381
A_PA	380	21	T	0	0	21	42.2380952380952
A_PA	381	21	C	0	0	21	40.4761904761905
A_PA	382	21	C	0	0	21	40.5714285714286
A_PA	383	21	A	0	0	21	39.4761904761905
A_PA	384	20	C	1	0	20	40.65
A_PA	385	21	A	0	0	20	41.85
A_PA	386	21	T	0	0	21	40.9047619047619
A_PA	387	21	A	0	0	20	42.8
A_PA	388	21	T	0	0	21	40.4285714285714
A_PA	389	21	A	0	0	21	40.4285714285714
A_PA	390	21	T	0	0	21	38.2380952380952
A_PA	391	21	T	0	0	21	41.4285714285714
A_PA	392	20	A	1	0	20	41.9
A_PA	393	20	C	1	0	20	41.75
A_PA	394	20	C	1	0	20	43.1
A_PA	395	21	T	0	0	21	41.1428571428571
A_PA	396	21	A	0	0	21	36.2380952380952
A_PA	397	21	G	0	0	21	36.6190476190476
A_PA	398	21	A	0	0	21	36.4285714285714
A_PA	399	21	G	0	0	21	37
A_PA	400	20	A	1	0	20	40.7
A_PA	401	21	A	0	0	21	39.4285714285714
A_PA	402	21	A	0	0	21	38.4285714285714
A_PA	403	21	G	0	0	21	40.3809523809524
A_PA	404	21	C	0	0	21	39.1428571428571
A_PA	405	21	C	0	0	21	40.5714285714286
A_PA	406	21	A	0	0	21	42.0476190476191
A_PA	407	21	A	0	0	21	41.3809523809524
A_PA	408	21	C	0	0	21	42.6666666666667
A_PA	409	21	A	0	0	21	42.7619047619048
A_PA	410	21	A	0	0	21	44.5714285714286
A_PA	411	21	A	0	0	21	43.7142857142857
A_PA	412	21	A	0	0	21	43.1428571428571
A_PA	413	21	T	0	0	21	42.8571428571429
A_PA	414	21	A	0	0	21	40.9047619047619
A_PA	415	21	A	0	0	21	40.0476190476191
A_PA	416	21	A	0	0	21	42.4285714285714
A_PA	417	21	A	0	0	21	42.3809523809524
A_PA	418	21	T	0	0	21	43.6190476190476
A_PA	419	21	C	0	0	21	42.6190476190476
A_PA	420	21	T	0	0	21	44.1904761904762
A_PA	421	21	G	0	0	21	41.9047619047619
A_PA	422	21	A	0	0	21	42.4285714285714
A_PA	423	21	A	0	0	21	43.1428571428571
A_PA	424	21	A	0	0	21	45.3809523809524
A_PA	425	21	A	0	0	21	44.1904761904762
A_PA	426	21	G	0	0	21	44.9047619047619
A_PA	427	20	A	0	0	20	44.3
A_PA	428	20	C	0	0	20	43.4
A_PA	429	20	A	0	0	20	42.75
A_PA	430	20	C	0	0	20	43.45
A_PA	431	20	A	0	0	19	41.9473684210526
A_PA	432	20	C	0	0	20	40.95
A_PA	433	20	A	0	0	20	41.1
A_PA	434	20	T	0	0	20	41.1
A_PA	435	20	T	0	0	20	40.55
A_PA	436	20	C	0	0	20	42.9
A_PA	437	20	A	0	0	20	40.5
A_PA	438	20	C	0	0	20	43
A_PA	439	20	A	0	0	20	43.4
A_PA	440	20	T	0	0	20	42.65
A_PA	441	20	C	0	0	20	40.5
A_PA	442	20	T	0	0	20	41.05
A_PA	443	20	T	0	0	20	38.85
A_PA	444	20	T	0	0	20	40.45
A_PA	445	20	T	0	0	20	35.75
A_PA	446	20	C	0	0	20	33.95
A_PA	447	20	A	0	0	20	39.8
A_PA	448	20	T	0	0	20	42.55
A_PA	449	20	T	0	0	20	41.55
A_PA	450	20	C	0	0	20	42.1
A_PA	451	20	A	0	0	20	40.85
A_PA	452	20	C	0	0	20	40.45
A_PA	453	20	T	0	0	20	41.5
A_PA	454	20	G	0	0	20	39
A_PA	455	20	G	0	0	20	39.2
A_PA	456	20	A	0	0	20	38.85
A_PA	457	20	G	0	0	20	40.95
A_PA	458	20	A	0	0	20	40.45
A_PA	459	20	G	0	0	20	41.4
A_PA	460	19	G	0	0	19	39.8421052631579
A_PA	461	19	A	0	0	19	39.3157894736842
A_PA	462	19	G	0	0	19	41.8947368421053
A_PA	463	18	A	0	0	18	41.1111111111111
A_PA	464	18	T	0	0	18	41.5
A_PA	465	18	G	0	0	18	40.7777777777778
A_PA	466	18	G	0	0	18	39.6666666666667
A_PA	467	18	C	0	0	18	40.1666666666667
A_PA	468	18	C	0	0	18	39.2222222222222
A_PA	469	18	A	0	0	18	39.3888888888889
A_PA	470	18	C	0	0	18	40.5
A_PA	471	18	C	0	0	18	38.3888888888889
A_PA	472	18	A	0	0	18	37.9444444444444
A_PA	473	18	A	0	0	18	38.6111111111111
A_PA	474	18	A	0	0	18	40.3333333333333
A_PA	475	18	G	0	0	18	39.6111111111111
A_PA	476	18	C	0	0	18	41
A_PA	477	18	A	0	0	18	41.4444444444444
A_PA	478	18	G	0	0	18	38.3888888888889
A_PA	479	18	A	0	0	18	37.5
A_PA	480	18	C	0	0	18	37.8333333333333
A_PA	481	18	T	0	0	18	34.7777777777778
A_PA	482	18	A	0	0	18	35.7777777777778
A_PA	483	18	C	0	0	18	36.4444444444444
A_PA	484	18	A	0	0	18	38.4444444444444
A_PA	485	18	C	0	0	18	37.5
A_PA	486	18	C	0	0	18	40.2777777777778
A_PA	487	18	C	0	0	18	41.1111111111111
A_PA	488	18	T	0	0	18	41.9444444444444
A_PA	489	18	T	0	0	18	41.6111111111111
A_PA	490	18	G	0	0	17	41
A_PA	491	18	A	0	0	18	38.3888888888889
A_PA	492	18	C	0	0	18	38.4444444444444
A_PA	493	18	G	0	0	18	36.8333333333333
A_PA	494	18	A	0	0	18	38.6666666666667
A_PA	495	18	A	0	0	18	36.7222222222222
A_PA	496	18	G	0	0	18	37.3333333333333
A_PA	497	18	A	0	0	18	38.3888888888889
A_PA	498	18	A	0	0	18	39.3888888888889
A_PA	499	18	A	0	0	18	39.8888888888889
A_PA	500	18	G	0	0	18	37.3888888888889
A_PA	501	18	C	0	0	18	39.4444444444444
A_PA	502	18	A	0	0	18	41.4444444444444
A_PA	503	18	G	0	0	18	40.7222222222222
A_PA	504	18	A	0	0	18	40.5555555555556
A_PA	505	18	G	0	0	18	40.5
A_PA	506	18	C	0	0	18	40.3333333333333
A_PA	507	18	A	0	0	18	40.3888888888889
A_PA	508	18	A	0	0	18	38.8888888888889
A_PA	509	18	G	0	0	18	38.5555555555556
A_PA	510	18	A	0	0	18	38.3888888888889
A_PA	511	18	A	0	0	18	37.9444444444444
A_PA	512	18	T	0	0	18	38.0555555555556
A_PA	513	18	C	0	0	18	38.0555555555556
A_PA	514	18	A	0	0	18	36.3333333333333
A_PA	515	18	A	0	0	18	36.2222222222222
A_PA	516	18	A	0	0	18	36.7222222222222
A_PA	517	18	A	0	0	18	37.1111111111111
A_PA	518	18	C	0	0	18	38.2777777777778
A_PA	519	18	T	0	0	18	37.6111111111111
A_PA	520	18	A	0	0	18	35.6111111111111
A_PA	521	18	G	0	0	18	36.2777777777778
A_PA	522	18	G	0	0	18	36.3333333333333
A_PA	523	18	C	0	0	18	38.1111111111111
A_PA	524	18	T	0	0	18	37.5
A_PA	525	18	T	0	0	18	37.1666666666667
A_PA	526	18	T	0	0	18	38.6666666666667
A_PA	527	18	T	0	0	18	37.4444444444444
A_PA	528	18	C	0	0	18	36.3333333333333
A_PA	529	18	A	0	0	18	38.2777777777778
A_PA	530	18	C	0	0	18	37.8888888888889
A_PA	531	18	T	0	0	18	37.3888888888889
A_PA	532	18	A	0	0	18	38.6666666666667
A_PA	533	18	T	0	0	18	36.7777777777778
A_PA	534	16	A	0	0	16	36.125
A_PA	535	16	A	0	0	16	35.9375
A_PA	536	16	G	0	0	16	35.125
A_PA	537	16	A	0	0	16	36.625
A_PA	538	15	C	0	0	15	38.4666666666667
A_PA	539	15	A	0	0	15	40.7333333333333
A_PA	540	15	A	0	0	15	38.3333333333333
A_PA	541	15	G	0	0	15	38.8666666666667
A_PA	542	15	A	0	0	15	38.6
A_PA	543	15	A	0	0	15	41.0666666666667
A_PA	544	15	A	0	0	15	41.8
A_PA	545	15	T	0	0	15	42.0666666666667
A_PA	546	15	G	0	0	15	43.8666666666667
A_PA	547	15	G	0	0	15	42.3333333333333
A_PA	548	15	C	0	0	15	43.2
A_PA	549	15	C	0	0	15	42.2
A_PA	550	15	A	0	0	15	42.3333333333333
A_PA	551	15	G	0	0	15	43.0666666666667
A_PA	552	15	T	0	0	15	41.4666666666667
A_PA	553	15	A	0	0	15	40.8
A_PA	554	15	G	0	0	15	39.1333333333333
A_PA	555	15	G	0	0	15	40.2666666666667
A_PA	556	15	A	0	0	14	43
A_PA	557	15	G	0	0	15	41.2666666666667
A_PA	558	15	T	0	0	15	40.8666666666667
A_PA	559	15	C	0	0	15	39.3333333333333
A_PA	560	15	T	0	0	15	41.1333333333333
A_PA	561	15	A	0	0	15	41.2666666666667
A_PA	562	15	T	0	0	15	41.9333333333333
A_PA	563	15	G	0	0	15	41.1333333333333
A_PA	564	15	G	0	0	15	41.8
A_PA	565	15	G	0	0	15	41.8666666666667
A_PA	566	15	A	0	0	15	40.2666666666667
A_PA	567	15	T	0	0	15	41.2666666666667
A_PA	568	15	T	0	0	15	41.5333333333333
A_PA	569	15	C	0	0	15	39.3333333333333
A_PA	570	15	C	0	0	15	39
A_PA	571	15	T	0	0	15	37.9333333333333
A_PA	572	15	T	0	0	15	38.6
A_PA	573	15	T	0	0	15	38.0666666666667
A_PA	574	15	C	0	0	15	35.8
A_PA	575	15	G	0	0	15	35.6
A_PA	576	15	T	0	0	15	36.6666666666667
A_PA	577	15	C	0	0	15	35.9333333333333
A_PA	578	15	A	0	0	15	35.0666666666667
A_PA	579	15	G	0	0	15	37
A_PA	580	15	T	0	0	15	36.0666666666667
A_PA	581	15	C	0	0	15	35.3333333333333
A_PA	582	15	C	0	0	15	34.6
A_PA	583	15	G	0	0	15	34.8666666666667
A_PA	584	15	A	0	0	15	36.3333333333333
A_PA	585	15	A	0	0	15	36.0666666666667
A_PA	586	15	A	0	0	15	36.3333333333333
A_PA	587	15	G	0	0	15	36.8666666666667
A_PA	588	15	A	0	0	15	39
A_PA	589	15	G	0	0	15	40
A_PA	590	15	G	0	0	15	38.7333333333333
A_PA	591	15	C	0	0	15	37.9333333333333
A_PA	592	15	G	0	0	15	37.1333333333333
A_PA	593	15	A	0	0	15	37
A_PA	594	15	A	0	0	15	38.5333333333333
A_PA	595	15	G	0	0	15	37.7333333333333
A_PA	596	15	A	0	0	15	37.9333333333333
A_PA	597	15	A	0	0	15	40.5333333333333
A_PA	598	15	A	0	0	15	41.2666666666667
A_PA	599	15	C	0	0	15	41.9333333333333
A_PA	600	15	A	0	0	15	36.5333333333333
A_PA	601	15	A	0	0	15	37.2666666666667
A_PA	602	15	T	0	0	15	36.8666666666667
A_PA	603	15	T	0	0	15	35.6
A_PA	604	15	G	0	0	15	34.8666666666667
A_PA	605	15	A	0	0	15	39.2
A_PA	606	15	A	0	0	15	39.7333333333333
A_PA	607	15	G	0	0	15	40
A_PA	608	15	A	0	0	15	38.8666666666667
A_PA	609	15	A	0	0	15	39.8
A_PA	610	15	A	0	0	15	39.8666666666667
A_PA	611	15	A	0	0	15	39.0666666666667
A_PA	612	15	G	0	0	15	39.1333333333333
A_PA	613	15	T	0	0	15	39.8
A_PA	614	15	T	0	0	15	39.8666666666667
A_PA	615	15	T	0	0	15	43.2
A_PA	616	15	G	0	0	15	42.6666666666667
A_PA	617	15	A	0	0	15	43.4
A_PA	618	15	A	0	0	15	42.4
A_PA	619	15	A	0	0	15	39.9333333333333
A_PA	620	15	T	0	0	15	40.1333333333333
A_PA	621	15	T	0	0	15	41.5333333333333
A_PA	622	14	A	0	0	14	37.9285714285714
A_PA	623	14	C	0	0	14	37.1428571428571
A_PA	624	14	A	0	0	14	36.4285714285714
A_PA	625	14	G	0	0	14	37.3571428571429
A_PA	626	14	G	0	0	14	38.0714285714286
A_PA	627	14	A	0	0	14	41.7142857142857
A_PA	628	14	A	0	0	14	41.7142857142857
A_PA	629	14	C	0	0	14	42
A_PA	630	15	T	0	0	15	42.4
A_PA	631	15	A	0	0	15	41.2666666666667
A_PA	632	15	T	0	0	15	41.2666666666667
A_PA	633	15	G	0	0	15	39.3333333333333
A_PA	634	15	C	0	0	15	39.4
A_PA	635	15	G	0	0	15	39.0666666666667
A_PA	636	15	C	0	0	15	39.8666666666667
A_PA	637	15	A	0	0	15	39.4666666666667
A_PA	638	15	A	0	0	15	36.4
A_PA	639	15	G	0	0	15	38.4666666666667
A_PA	640	15	C	0	0	15	38.0666666666667
A_PA	641	15	T	0	0	15	37.8666666666667
A_PA	642	15	T	0	0	15	38.6
A_PA	643	15	G	0	0	15	34.8
A_PA	644	15	C	0	0	15	34.5333333333333
A_PA	645	15	C	0	0	15	34.1333333333333
A_PA	646	15	G	0	0	14	34.8571428571429
A_PA	647	15	A	0	0	15	34.0666666666667
A_PA	648	15	C	0	0	15	33.5333333333333
A_PA	649	15	C	0	0	15	35.0666666666667
A_PA	650	15	A	0	0	15	35.1333333333333
A_PA	651	15	A	0	0	15	35.1333333333333
A_PA	652	15	A	0	0	15	37.7333333333333
A_PA	653	15	G	0	0	14	39.1428571428571
A_PA	654	15	T	0	0	14	37.9285714285714
A_PA	655	15	C	0	0	15	38.8666666666667
A_PA	656	15	T	0	0	15	37.9333333333333
A_PA	657	15	C	0	0	15	36.4
A_PA	658	15	C	0	0	15	35.4666666666667
A_PA	659	15	C	0	0	15	33.8666666666667
A_PA	660	15	A	0	0	15	31.7333333333333
A_PA	661	15	C	0	0	15	32.6666666666667
A_PA	662	15	C	0	0	14	35.5
A_PA	663	15	A	0	0	14	35.6428571428571
A_PA	664	15	A	0	0	15	36.0666666666667
A_PA	665	14	A	1	0	14	39.2142857142857
A_PA	666	14	C	1	0	14	36.7142857142857
A_PA	667	14	T	1	0	14	35.5
A_PA	668	14	T	1	0	14	36.4285714285714
A_PA	669	14	C	1	0	14	35.6428571428571
A_PA	670	14	T	1	0	14	36.1428571428571
A_PA	671	14	C	1	0	14	35.5
A_PA	672	14	C	1	0	14	33.8571428571429
A_PA	673	14	T	1	0	14	34.6428571428571
A_PA	674	14	G	1	0	14	34.2142857142857
A_PA	675	14	C	1	0	14	35.5
A_PA	676	14	C	1	0	14	36.2142857142857
A_PA	677	14	T	1	0	14	35.5
A_PA	678	14	T	1	0	14	36.8571428571429
A_PA	679	14	G	1	0	14	33.7857142857143
A_PA	680	14	A	1	0	14	33.2142857142857
A_PA	681	14	A	1	0	14	35.6428571428571
A_PA	682	14	A	1	0	14	36.2142857142857
A_PA	683	14	A	1	0	14	37.9285714285714
A_PA	684	14	C	1	0	14	38.0714285714286
A_PA	685	14	T	1	0	14	38
A_PA	686	14	T	1	0	14	37.7142857142857
A_PA	687	14	C	1	0	14	37.2857142857143
A_PA	688	14	A	1	0	14	39.8571428571429
A_PA	689	14	G	1	0	14	39.6428571428571
A_PA	690	14	A	1	0	14	39.2857142857143
A_PA	691	14	G	1	0	14	39.5
A_PA	692	14	C	1	0	14	37.7857142857143
A_PA	693	14	C	1	0	14	38.4285714285714
A_PA	694	14	T	1	0	14	39.4285714285714
A_PA	695	14	A	1	0	14	40.6428571428571
A_PA	696	14	T	1	0	14	40.4285714285714
A_PA	697	14	G	1	0	14	42.4285714285714
A_PA	698	14	T	1	0	14	41.8571428571429
A_PA	699	14	A	1	0	14	41.5
A_PA	700	14	G	1	0	14	41.9285714285714
A_PA	701	14	A	1	0	14	40.7142857142857
A_PA	702	14	T	1	0	14	41.8571428571429
A_PA	703	14	G	1	0	14	40.5
A_PA	704	14	G	1	0	14	43.4285714285714
A_PA	705	14	A	1	0	14	43.2142857142857
A_PA	706	14	T	1	0	14	42.9285714285714
A_PA	707	14	T	1	0	14	42.1428571428571
A_PA	708	14	C	1	0	14	42
A_PA	709	14	G	1	0	14	42.7142857142857
A_PA	710	14	A	1	0	14	42.2857142857143
A_PA	711	14	G	1	0	14	44
A_PA	712	14	C	1	0	14	41.7142857142857
A_PA	713	14	C	1	0	14	40.6428571428571
A_PA	714	14	G	1	0	14	41.4285714285714
A_PA	715	14	A	1	0	14	41.0714285714286
A_PA	716	14	A	1	0	14	41.7857142857143
A_PA	717	14	C	1	0	14	40.7142857142857
A_PA	718	14	G	1	0	14	40.8571428571429
A_PA	719	14	G	1	0	13	41.9230769230769
A_PA	720	13	C	2	0	13	41.1538461538462
A_PA	721	12	T	3	0	12	39.3333333333333
A_PA	722	13	G	2	0	13	37.6923076923077
A_PA	723	13	C	2	0	12	38
A_PA	724	13	A	2	0	13	38.2307692307692
A_PA	725	13	T	2	0	13	40.1538461538462
A_PA	726	13	T	2	0	12	40.4166666666667
A_PA	727	13	G	2	0	13	43.2307692307692
A_PA	728	13	A	2	0	12	41
A_PA	729	13	G	2	0	12	44.25
A_PA	730	13	G	2	0	13	42.8461538461538
A_PA	731	13	G	2	0	13	41.9230769230769
A_PA	732	13	C	2	0	13	39
A_PA	733	13	A	2	0	13	38.6153846153846
A_PA	734	13	A	2	0	13	39.1538461538462
A_PA	735	13	G	2	0	13	38.0769230769231
A_PA	736	13	C	2	0	13	40.1538461538462
A_PA	737	13	T	2	0	13	38.5384615384615
A_PA	738	13	T	2	0	13	38.0769230769231
A_PA	739	13	T	2	0	13	34.6923076923077
A_PA	740	13	C	2	0	13	33.9230769230769
A_PA	741	13	C	2	0	13	33.8461538461538
A_PA	742	13	C	2	0	13	34.6923076923077
A_PA	743	13	A	2	0	13	32.6153846153846
A_PA	744	13	A	2	0	13	36.6153846153846
A_PA	745	13	A	2	0	13	38.6153846153846
A_PA	746	13	T	2	0	13	37.9230769230769
A_PA	747	13	G	2	0	13	36.7692307692308
A_PA	748	13	T	2	0	13	37.9230769230769
A_PA	749	13	C	2	0	13	36.6923076923077
A_PA	750	13	A	2	0	13	34.7692307692308
A_PA	751	13	A	2	0	13	35
A_PA	752	13	A	2	0	13	37.4615384615385
A_PA	753	13	A	2	0	13	37.2307692307692
A_PA	754	13	G	2	0	13	39.3846153846154
A_PA	755	13	A	2	0	13	39.6923076923077
A_PA	756	13	A	2	0	13	38.3846153846154
A_PA	757	13	G	2	0	13	39.2307692307692
A_PA	758	13	T	2	0	13	38.7692307692308
A_PA	759	13	G	2	0	13	36.7692307692308
A_PA	760	13	A	2	0	13	38.0769230769231
A_PA	761	13	A	2	0	13	35.3076923076923
A_PA	762	13	C	2	0	13	35.4615384615385
A_PA	763	13	G	2	0	13	33.9230769230769
A_PA	764	13	C	2	0	13	34.6923076923077
A_PA	765	13	C	2	0	13	33
A_PA	766	14	A	2	0	14	34.7142857142857
A_PA	767	14	A	2	0	14	36.9285714285714
A_PA	768	14	A	2	0	14	38.5714285714286
A_PA	769	14	A	2	0	14	39.6428571428571
A_PA	770	14	T	2	0	14	37.8571428571429
A_PA	771	14	T	2	0	14	38.5
A_PA	772	14	G	2	0	14	38.6428571428571
A_PA	773	14	A	2	0	14	38.5
A_PA	774	14	A	2	0	14	37.5714285714286
A_PA	775	14	C	2	0	14	35.5714285714286
A_PA	776	14	C	2	0	14	34.9285714285714
A_PA	777	14	A	2	0	14	34.0714285714286
A_PA	778	14	T	2	0	14	35.4285714285714
A_PA	779	14	T	2	0	14	35.3571428571429
A_PA	780	14	C	2	0	14	35.6428571428571
A_PA	781	14	T	2	0	14	37.6428571428571
A_PA	782	14	T	2	0	14	36.6428571428571
A_PA	783	14	G	2	0	14	36.0714285714286
A_PA	784	14	A	2	0	14	36.4285714285714
A_PA	785	14	A	2	0	14	39.5714285714286
A_PA	786	14	G	2	0	14	40.6428571428571
A_PA	787	13	A	3	0	13	40.8461538461538
A_PA	788	14	C	2	0	13	38.7692307692308
A_PA	789	14	G	2	0	14	38.3571428571429
A_PA	790	13	A	3	0	13	39.4615384615385
A_PA	791	13	C	3	0	13	38.9230769230769
A_PA	792	14	A	2	0	14	38.7857142857143
A_PA	793	14	C	2	0	13	38.3846153846154
A_PA	794	14	C	2	0	14	38.3571428571429
A_PA	795	14	A	2	0	14	36.7142857142857
A_PA	796	14	C	2	0	13	37.9230769230769
A_PA	797	14	G	2	0	14	36.3571428571429
A_PA	798	11	C	5	0	11	39.7272727272727
A_PA	799	13	C	3	0	13	40.0769230769231
A_PA	800	14	C	2	0	13	35.8461538461538
A_PA	801	14	C	2	0	14	33.4285714285714
A_PA	802	13	C	3	0	12	35.25
A_PA	803	13	T	3	0	13	32.8461538461538
A_PA	804	14	C	2	0	14	35.8571428571429
A_PA	805	14	A	2	0	14	36.2142857142857
A_PA	806	14	G	2	0	14	37.1428571428571
A_PA	807	14	A	2	0	14	37.7142857142857
A_PA	808	14	T	2	0	14	38.5714285714286
A_PA	809	14	T	2	0	14	38.3571428571429
A_PA	810	14	A	2	0	14	37.5
A_PA	811	14	C	2	0	14	37
A_PA	812	14	C	2	0	14	37.8571428571429
A_PA	813	14	T	2	0	14	38.1428571428571
A_PA	814	13	G	3	0	13	36.8461538461538
A_PA	815	14	A	2	0	14	40.5
A_PA	816	14	T	2	0	14	39.5714285714286
A_PA	817	14	G	2	0	14	37.9285714285714
A_PA	818	14	G	2	0	14	39.0714285714286
A_PA	819	14	A	2	0	14	40.3571428571429
A_PA	820	14	C	2	0	14	39
A_PA	821	14	C	2	0	14	39.0714285714286
A_PA	822	14	T	2	0	14	39.7857142857143
A_PA	823	14	C	2	0	14	37.7857142857143
A_PA	824	14	T	2	0	14	36
A_PA	825	14	T	2	0	14	35.3571428571429
A_PA	826	14	T	2	0	14	37.9285714285714
A_PA	827	14	G	2	0	14	35.7142857142857
A_PA	828	14	C	2	0	14	39.4285714285714
A_PA	829	14	C	2	0	14	39.3571428571429
A_PA	830	14	A	2	0	14	39.3571428571429
A_PA	831	14	T	2	0	14	39.1428571428571
A_PA	832	14	C	2	0	14	38.7142857142857
A_PA	833	14	A	2	0	14	39.7142857142857
A_PA	834	14	G	2	0	14	39.8571428571429
A_PA	835	14	C	2	0	14	40.9285714285714
A_PA	836	14	G	2	0	13	37.4615384615385
A_PA	837	14	A	2	0	14	38.8571428571429
A_PA	838	14	T	2	0	14	40.2857142857143
A_PA	839	14	C	2	0	13	37.2307692307692
A_PA	840	14	A	2	0	14	34.2857142857143
A_PA	841	14	A	2	0	14	33.0714285714286
A_PA	842	14	A	2	0	14	32.7142857142857
A_PA	843	14	G	2	0	14	32.5714285714286
A_PA	844	14	T	2	0	14	35.9285714285714
A_PA	845	14	T	2	0	14	36.6428571428571
A_PA	846	14	C	2	0	14	37.7857142857143
A_PA	847	14	C	2	0	14	37.5
A_PA	848	14	T	2	0	14	40.6428571428571
A_PA	849	14	G	2	0	14	39.4285714285714
A_PA	850	14	C	2	0	14	38.6428571428571
A_PA	851	14	T	2	0	14	38.6428571428571
A_PA	852	14	G	2	0	13	41.2307692307692
A_PA	853	14	A	2	0	14	39.7142857142857
A_PA	854	14	T	2	0	14	40.4285714285714
A_PA	855	14	G	2	0	14	39.9285714285714
A_PA	856	14	G	2	0	14	40.5714285714286
A_PA	857	14	A	2	0	14	39.0714285714286
A_PA	858	14	T	2	0	14	39.4285714285714
A_PA	859	14	G	2	0	14	40.0714285714286
A_PA	860	14	C	2	0	14	40.3571428571429
A_PA	861	14	T	2	0	14	40.0714285714286
A_PA	862	14	C	2	0	14	39.7142857142857
A_PA	863	14	T	2	0	14	40.7142857142857
A_PA	864	14	G	2	0	14	40.0714285714286
A_PA	865	14	A	2	0	14	40.6428571428571
A_PA	866	14	A	2	0	14	40.5
A_PA	867	14	A	2	0	14	39.7142857142857
A_PA	868	14	T	2	0	14	39.5
A_PA	869	14	T	2	0	14	40.5714285714286
A_PA	870	14	A	2	0	14	40.1428571428571
A_PA	871	14	A	2	0	14	39.7857142857143
A_PA	872	14	G	2	0	14	37.8571428571429
A_PA	873	14	C	2	0	14	37.2142857142857
A_PA	874	14	A	2	0	14	36.6428571428571
A_PA	875	14	T	2	0	14	38.8571428571429
A_PA	876	14	T	2	0	14	38.6428571428571
A_PA	877	14	G	2	0	14	36.5
A_PA	878	14	A	2	0	14	38.2142857142857
A_PA	879	14	A	2	0	14	37.5714285714286
A_PA	880	14	G	2	0	14	38.1428571428571
A_PA	881	14	A	2	0	14	40.5714285714286
A_PA	882	14	C	2	0	14	39.4285714285714
A_PA	883	14	C	2	0	14	40.0714285714286
A_PA	884	14	C	2	0	14	41
A_PA	885	14	G	2	0	14	40.8571428571429
A_PA	886	14	A	2	0	14	40.4285714285714
A_PA	887	14	G	2	0	14	38.8571428571429
A_PA	888	14	T	2	0	14	40.0714285714286
A_PA	889	14	C	2	0	14	38.5
A_PA	890	14	A	2	0	14	36.7142857142857
A_PA	891	14	C	2	0	14	36.2142857142857
A_PA	892	14	G	2	0	14	36.7857142857143
A_PA	893	14	A	2	0	14	38.5
A_PA	894	14	G	2	0	14	36.4285714285714
A_PA	895	14	G	2	0	14	38
A_PA	896	14	G	2	0	14	38.5
A_PA	897	14	G	2	0	14	40.2857142857143
A_PA	898	14	G	2	0	14	37.6428571428571
A_PA	899	14	A	2	0	14	37.0714285714286
A_PA	900	14	A	2	0	14	39.1428571428571
A_PA	901	14	G	2	0	14	36.1428571428571
A_PA	902	14	G	2	0	14	37.2857142857143
A_PA	903	14	A	2	0	14	37.5
A_PA	904	14	A	2	0	14	38.2142857142857
A_PA	905	14	T	2	0	14	40.0714285714286
A_PA	906	14	A	2	0	14	36.5714285714286
A_PA	907	14	C	2	0	14	36.9285714285714
A_PA	908	14	C	2	0	14	39
A_PA	909	14	A	2	0	14	36.3571428571429
A_PA	910	14	C	2	0	14	36.7857142857143
A_PA	911	14	T	2	0	14	40.5714285714286
A_PA	912	14	A	2	0	14	42
A_PA	913	14	T	2	0	14	42.2142857142857
A_PA	914	14	A	2	0	14	43.1428571428571
A_PA	915	14	T	2	0	14	41.4285714285714
A_PA	916	14	G	2	0	14	44.2857142857143
A_PA	917	14	A	2	0	14	41.5
A_PA	918	14	T	2	0	14	40.8571428571429
A_PA	919	14	G	2	0	14	40.4285714285714
A_PA	920	14	C	2	0	14	39.8571428571429
A_PA	921	14	A	2	0	14	38.7857142857143
A_PA	922	14	A	2	0	14	40.0714285714286
A_PA	923	14	T	2	0	14	40.1428571428571
A_PA	924	14	C	2	0	14	39.7142857142857
A_PA	925	14	A	2	0	14	38.5
A_PA	926	14	A	2	0	14	41.0714285714286
A_PA	927	14	A	2	0	14	41
A_PA	928	14	T	2	0	14	41
A_PA	929	14	G	2	0	14	40.6428571428571
A_PA	930	14	C	2	0	14	40.9285714285714
A_PA	931	14	A	2	0	14	40.5
A_PA	932	14	T	2	0	14	39.2857142857143
A_PA	933	14	G	2	0	14	39.8571428571429
A_PA	934	14	A	2	0	14	44.2857142857143
A_PA	935	14	A	2	0	14	42.4285714285714
A_PA	936	14	G	2	0	14	43.6428571428571
A_PA	937	14	A	2	0	14	44.0714285714286
A_PA	938	14	C	2	0	13	43.0769230769231
A_PA	939	14	A	2	0	14	44.4285714285714
A_PA	940	14	T	2	0	14	43.2857142857143
A_PA	941	14	T	2	0	14	44.0714285714286
A_PA	942	14	C	2	0	14	42
A_PA	943	14	T	2	0	14	44.2857142857143
A_PA	944	14	T	2	0	14	43.3571428571429
A_PA	945	14	T	2	0	14	43.4285714285714
A_PA	946	14	G	2	0	14	39.9285714285714
A_PA	947	14	G	2	0	14	40.7857142857143
A_PA	948	14	C	2	0	14	41.5
A_PA	949	14	T	2	0	14	39.1428571428571
A_PA	950	14	G	2	0	14	39.3571428571429
A_PA	951	14	G	2	0	14	39.8571428571429
A_PA	952	14	A	2	0	14	41
A_PA	953	14	A	2	0	14	42.2142857142857
A_PA	954	14	A	2	0	14	42.9285714285714
A_PA	955	14	G	2	0	14	42.5714285714286
A_PA	956	14	A	2	0	13	46.1538461538462
A_PA	957	14	G	2	0	14	43.4285714285714
A_PA	958	14	C	2	0	14	43.5
A_PA	959	14	C	2	0	14	42.5714285714286
A_PA	960	14	T	2	0	14	41.8571428571429
A_PA	961	14	A	2	0	14	43.4285714285714
A_PA	962	14	A	2	0	14	42.5
A_PA	963	14	A	2	0	14	43.2857142857143
A_PA	964	14	A	2	0	14	44.7142857142857
A_PA	965	14	T	2	0	14	43.8571428571429
A_PA	966	14	A	2	0	14	42.9285714285714
A_PA	967	14	G	2	0	14	42.7857142857143
A_PA	968	14	T	2	0	14	42.8571428571429
A_PA	969	14	C	2	0	14	42.8571428571429
A_PA	970	14	A	2	0	14	42.0714285714286
A_PA	971	14	A	2	0	14	42.7857142857143
A_PA	972	14	A	2	0	14	44.7142857142857
A_PA	973	14	C	2	0	14	42.7857142857143
A_PA	974	14	C	2	0	14	43
A_PA	975	14	A	2	0	14	43.2142857142857
A_PA	976	14	C	2	0	14	42.5
A_PA	977	14	A	2	0	14	41.4285714285714
A_PA	978	14	T	2	0	14	42.3571428571429
A_PA	979	14	G	2	0	14	40.7142857142857
A_PA	980	14	A	2	0	14	41.1428571428571
A_PA	981	14	G	2	0	14	39.7857142857143
A_PA	982	14	A	2	0	14	40.6428571428571
A_PA	983	14	A	2	0	14	40.8571428571429
A_PA	984	14	A	2	0	14	40.5
A_PA	985	14	G	2	0	14	40.3571428571429
A_PA	986	14	G	2	0	14	41.2142857142857
A_PA	987	14	C	2	0	14	39.8571428571429
A_PA	988	14	G	2	0	14	39.7142857142857
A_PA	989	14	T	2	0	14	40.6428571428571
A_PA	990	14	A	2	0	14	40.2142857142857
A_PA	991	14	A	2	0	14	38.9285714285714
A_PA	992	14	A	2	0	14	39
A_PA	993	14	T	2	0	14	40.6428571428571
A_PA	994	14	C	2	0	14	42.1428571428571
A_PA	995	14	C	2	0	14	42.2857142857143
A_PA	996	14	C	2	0	14	41.2857142857143
A_PA	997	14	A	2	0	14	41.2857142857143
A_PA	998	14	A	2	0	14	40.7857142857143
A_PA	999	14	T	2	0	14	42.6428571428571
A_PA	1000	14	T	2	0	14	44.2857142857143
A_PA	1001	14	A	2	0	14	44.3571428571429
A_PA	1002	14	C	2	0	14	45.2142857142857
A_PA	1003	14	C	2	0	14	44.3571428571429
A_PA	1004	14	T	2	0	14	43.3571428571429
A_PA	1005	14	C	2	0	14	44.7857142857143
A_PA	1006	14	A	2	0	14	44
A_PA	1007	14	T	2	0	14	44.2142857142857
A_PA	1008	14	G	2	0	14	43.3571428571429
A_PA	1009	14	A	2	0	14	44.0714285714286
A_PA	1010	14	C	2	0	14	43
A_PA	1011	14	T	2	0	14	43
A_PA	1012	14	T	2	0	14	41.0714285714286
A_PA	1013	14	G	2	0	14	41
A_PA	1014	14	G	2	0	14	39.3571428571429
A_PA	1015	14	A	2	0	14	40.2857142857143
A_PA	1016	14	A	2	0	14	40.1428571428571
A_PA	1017	14	T	2	0	14	42
A_PA	1018	14	C	2	0	14	40.8571428571429
A_PA	1019	14	A	2	0	14	41.0714285714286
A_PA	1020	14	G	2	0	14	42.9285714285714
A_PA	1021	14	G	2	0	14	41.8571428571429
A_PA	1022	14	T	2	0	14	41.0714285714286
A_PA	1023	14	G	2	0	14	42.1428571428571
A_PA	1024	14	C	2	0	14	40.5714285714286
A_PA	1025	14	T	2	0	14	40.6428571428571
A_PA	1026	14	A	2	0	14	40.7857142857143
A_PA	1027	14	G	2	0	14	39.7142857142857
A_PA	1028	14	C	2	0	14	40.1428571428571
A_PA	1029	14	A	2	0	14	42.5714285714286
A_PA	1030	14	G	2	0	14	42
A_PA	1031	14	A	2	0	14	43.4285714285714
A_PA	1032	14	G	2	0	14	43.2142857142857
A_PA	1033	14	C	2	0	14	41
A_PA	1034	14	T	2	0	14	40.9285714285714
A_PA	1035	14	A	2	0	14	40.5714285714286
A_PA	1036	14	C	2	0	14	41.7142857142857
A_PA	1037	14	A	2	0	14	40.1428571428571
A_PA	1038	14	G	2	0	14	42.4285714285714
A_PA	1039	14	G	2	0	14	41.7857142857143
A_PA	1040	14	A	2	0	14	41.3571428571429
A_PA	1041	14	C	2	0	14	40.9285714285714
A_PA	1042	14	A	2	0	14	39.4285714285714
A_PA	1043	14	T	2	0	14	40.2142857142857
A_PA	1044	14	T	2	0	14	39.8571428571429
A_PA	1045	14	G	2	0	14	37.6428571428571
A_PA	1046	14	A	2	0	14	39.5714285714286
A_PA	1047	14	A	2	0	14	38.6428571428571
A_PA	1048	14	A	2	0	14	40.3571428571429
A_PA	1049	14	A	2	0	14	41.3571428571429
A_PA	1050	14	T	2	0	14	40.8571428571429
A_PA	1051	14	G	2	0	14	40.4285714285714
A_PA	1052	14	A	2	0	14	41.6428571428571
A_PA	1053	14	A	2	0	14	38.9285714285714
A_PA	1054	14	G	2	0	14	37.2142857142857
A_PA	1055	14	A	2	0	14	38.2142857142857
A_PA	1056	14	G	2	0	14	37.1428571428571
A_PA	1057	14	A	2	0	14	34.7142857142857
A_PA	1058	14	A	2	0	14	35.2142857142857
A_PA	1059	14	A	2	0	14	38.7857142857143
A_PA	1060	14	A	2	0	14	38.1428571428571
A_PA	1061	14	T	2	0	14	39.5
A_PA	1062	14	C	2	0	14	37.7857142857143
A_PA	1063	14	C	2	0	14	41.3571428571429
A_PA	1064	14	C	2	0	14	40.0714285714286
A_PA	1065	14	A	2	0	14	37.1428571428571
A_PA	1066	14	A	2	0	14	36.7142857142857
A_PA	1067	14	G	2	0	14	40.9285714285714
A_PA	1068	14	G	2	0	14	39.3571428571429
A_PA	1069	14	A	2	0	14	41.5
A_PA	1070	14	C	2	0	14	41.0714285714286
A_PA	1071	14	A	2	0	14	41.5
A_PA	1072	14	A	2	0	14	42.8571428571429
A_PA	1073	14	A	2	0	14	42.0714285714286
A_PA	1074	14	G	2	0	14	42.2857142857143
A_PA	1075	14	A	2	0	14	44.6428571428571
A_PA	1076	14	A	2	0	14	43.5
A_PA	1077	14	C	2	0	14	41.9285714285714
A_PA	1078	14	A	2	0	14	42.9285714285714
A_PA	1079	14	T	2	0	14	42.3571428571429
A_PA	1080	13	G	3	0	13	42.8461538461538
A_PA	1081	13	A	3	0	13	44.2307692307692
A_PA	1082	13	A	3	0	13	44.7692307692308
A_PA	1083	14	G	2	0	14	43.3571428571429
A_PA	1084	14	A	2	0	14	45.3571428571429
A_PA	1085	14	A	2	0	14	43.7142857142857
A_PA	1086	14	G	2	0	14	45
A_PA	1087	14	A	2	0	14	43.4285714285714
A_PA	1088	14	C	2	0	13	43.6923076923077
A_PA	1089	14	A	2	0	14	42.6428571428571
A_PA	1090	14	A	2	0	14	40.9285714285714
A_PA	1091	14	G	2	0	14	42.0714285714286
A_PA	1092	14	C	2	0	14	39
A_PA	1093	14	C	2	0	14	41.9285714285714
A_PA	1094	14	A	2	0	14	41.7142857142857
A_PA	1095	14	A	2	0	14	42.5
A_PA	1096	14	T	2	0	14	40.7142857142857
A_PA	1097	14	T	2	0	14	40.6428571428571
A_PA	1098	14	G	2	0	14	40.9285714285714
A_PA	1099	14	A	2	0	14	42.1428571428571
A_PA	1100	14	A	2	0	14	42.4285714285714
A_PA	1101	14	G	2	0	14	43.4285714285714
A_PA	1102	14	T	2	0	14	42
A_PA	1103	13	G	3	0	13	42.6923076923077
A_PA	1104	14	G	2	0	14	39.8571428571429
A_PA	1105	14	G	2	0	14	41.0714285714286
A_PA	1106	14	C	2	0	14	42.2142857142857
A_PA	1107	14	A	2	0	14	40.5714285714286
A_PA	1108	14	C	2	0	14	40.5714285714286
A_PA	1109	14	T	2	0	14	40.5
A_PA	1110	14	C	2	0	14	38.7142857142857
A_PA	1111	14	G	2	0	14	38.2857142857143
A_PA	1112	14	G	2	0	14	37.7857142857143
A_PA	1113	14	T	2	0	14	39.0714285714286
A_PA	1114	14	G	2	0	14	38.8571428571429
A_PA	1115	14	A	2	0	14	40.9285714285714
A_PA	1116	14	A	2	0	14	43.5
A_PA	1117	14	A	2	0	14	44.1428571428571
A_PA	1118	14	A	2	0	14	43.9285714285714
A_PA	1119	14	T	2	0	14	45.2142857142857
A_PA	1120	14	A	2	0	14	44.5
A_PA	1121	14	T	2	0	14	45.3571428571429
A_PA	1122	14	G	2	0	14	43.5714285714286
A_PA	1123	14	G	2	0	14	42.0714285714286
A_PA	1124	14	C	2	0	14	42.5
A_PA	1125	14	A	2	0	14	42.7857142857143
A_PA	1126	14	C	2	0	14	41.1428571428571
A_PA	1127	14	C	2	0	14	42.2142857142857
A_PA	1128	14	T	2	0	14	41.2142857142857
A_PA	1129	14	G	2	0	14	40.3571428571429
A_PA	1130	14	A	2	0	14	38.5
A_PA	1131	14	A	2	0	14	37.2142857142857
A_PA	1132	14	A	2	0	14	37.8571428571429
A_PA	1133	14	A	2	0	14	37.4285714285714
A_PA	1134	14	A	2	0	14	38.9285714285714
A_PA	1135	14	G	2	0	14	38.2857142857143
A_PA	1136	14	T	2	0	14	42.8571428571429
A_PA	1137	14	G	2	0	14	41.4285714285714
A_PA	1138	14	G	2	0	14	43.6428571428571
A_PA	1139	14	A	2	0	14	43.3571428571429
A_PA	1140	14	C	2	0	14	41.7857142857143
A_PA	1141	14	T	2	0	14	42.5
A_PA	1142	14	T	2	0	14	45.5714285714286
A_PA	1143	14	T	2	0	14	43.5
A_PA	1144	14	G	2	0	14	43.4285714285714
A_PA	1145	14	A	2	0	14	45.2857142857143
A_PA	1146	14	T	2	0	14	44.3571428571429
A_PA	1147	14	G	2	0	14	44.1428571428571
A_PA	1148	14	A	2	0	14	44.0714285714286
A_PA	1149	14	C	2	0	14	44.0714285714286
A_PA	1150	14	T	2	0	14	41.7857142857143
A_PA	1151	14	G	2	0	14	42.1428571428571
A_PA	1152	14	T	2	0	14	41.2142857142857
A_PA	1153	14	A	2	0	14	39.6428571428571
A_PA	1154	14	A	2	0	14	40.5
A_PA	1155	14	A	2	0	14	42.5
A_PA	1156	14	G	2	0	14	42.3571428571429
A_PA	1157	14	A	2	0	14	45.1428571428571
A_PA	1158	14	T	2	0	14	42.8571428571429
A_PA	1159	14	G	2	0	14	41.6428571428571
A_PA	1160	14	T	2	0	14	40.6428571428571
A_PA	1161	14	T	2	0	14	39.2857142857143
A_PA	1162	14	G	2	0	14	39.3571428571429
A_PA	1163	14	G	2	0	14	38.3571428571429
A_PA	1164	14	A	2	0	14	39.3571428571429
A_PA	1165	14	G	2	0	14	41.3571428571429
A_PA	1166	14	A	2	0	14	41.1428571428571
A_PA	1167	14	C	2	0	14	42.5714285714286
A_PA	1168	14	C	2	0	14	40.9285714285714
A_PA	1169	14	T	2	0	14	38.8571428571429
A_PA	1170	14	T	2	0	14	39.5714285714286
A_PA	1171	14	A	2	0	14	38.3571428571429
A_PA	1172	14	A	2	0	14	39.3571428571429
A_PA	1173	14	A	2	0	14	40.1428571428571
A_PA	1174	14	C	2	0	14	42.2857142857143
A_PA	1175	14	A	2	0	14	44.4285714285714
A_PA	1176	14	G	2	0	14	42.8571428571429
A_PA	1177	14	T	2	0	14	42
A_PA	1178	14	A	2	0	14	42.7142857142857
A_PA	1179	14	T	2	0	14	42.0714285714286
A_PA	1180	14	G	2	0	14	41.7142857142857
A_PA	1181	14	A	2	0	14	41.1428571428571
A_PA	1182	14	C	2	0	14	39.2142857142857
A_PA	1183	14	A	2	0	14	41.1428571428571
A_PA	1184	14	G	2	0	14	39
A_PA	1185	14	T	2	0	14	42.5714285714286
A_PA	1186	14	G	2	0	14	39.5714285714286
A_PA	1187	14	A	2	0	14	42.5714285714286
A_PA	1188	14	T	2	0	14	41.2857142857143
A_PA	1189	14	G	2	0	14	39.2857142857143
A_PA	1190	14	A	2	0	14	38.6428571428571
A_PA	1191	14	G	2	0	14	39.0714285714286
A_PA	1192	14	C	2	0	14	41
A_PA	1193	14	C	2	0	14	41.3571428571429
A_PA	1194	14	A	2	0	14	43.1428571428571
A_PA	1195	14	G	2	0	14	41.7142857142857
A_PA	1196	14	A	2	0	14	41.3571428571429
A_PA	1197	14	G	2	0	14	41.7142857142857
A_PA	1198	14	C	2	0	14	39.2142857142857
A_PA	1199	14	C	2	0	14	39.2142857142857
A_PA	1200	14	C	2	0	14	40.2857142857143
A_PA	1201	14	A	2	0	14	36.7142857142857
A_PA	1202	14	G	2	0	14	38.0714285714286
A_PA	1203	14	A	2	0	14	37.7857142857143
A_PA	1204	14	T	2	0	14	39.9285714285714
A_PA	1205	14	C	2	0	14	39.7142857142857
A_PA	1206	14	T	2	0	14	41.7142857142857
A_PA	1207	14	C	2	0	14	42.8571428571429
A_PA	1208	13	T	3	0	13	43.6153846153846
A_PA	1209	14	A	2	0	14	39.5
A_PA	1210	14	G	2	0	14	40.4285714285714
A_PA	1211	14	C	2	0	14	39.2857142857143
A_PA	1212	14	A	2	0	14	41
A_PA	1213	14	A	2	0	14	39.3571428571429
A_PA	1214	14	G	2	0	14	38.5714285714286
A_PA	1215	14	C	2	0	14	38.8571428571429
A_PA	1216	14	T	2	0	14	39.1428571428571
A_PA	1217	14	G	2	0	14	38.0714285714286
A_PA	1218	14	G	2	0	14	40.5
A_PA	1219	14	G	2	0	14	39.4285714285714
A_PA	1220	14	T	2	0	14	36.7142857142857
A_PA	1221	14	C	2	0	14	35.6428571428571
A_PA	1222	14	C	2	0	14	36.7142857142857
A_PA	1223	14	A	2	0	14	36.1428571428571
A_PA	1224	14	G	2	0	14	36.2857142857143
A_PA	1225	14	A	2	0	14	36.5
A_PA	1226	14	A	2	0	14	36.8571428571429
A_PA	1227	14	T	2	0	14	37.0714285714286
A_PA	1228	14	G	2	0	14	37.7857142857143
A_PA	1229	14	A	2	0	14	37.5
A_PA	1230	14	A	2	0	14	37.7142857142857
A_PA	1231	14	T	2	0	14	37.5
A_PA	1232	14	T	2	0	14	37.5
A_PA	1233	14	C	2	0	14	39.6428571428571
A_PA	1234	14	A	2	0	14	40.1428571428571
A_PA	1235	14	A	2	0	14	42.3571428571429
A_PA	1236	14	T	2	0	14	42
A_PA	1237	14	A	2	0	14	41.5714285714286
A_PA	1238	14	A	2	0	14	40.2857142857143
A_PA	1239	14	G	2	0	14	42.3571428571429
A_PA	1240	14	G	2	0	14	40.9285714285714
A_PA	1241	14	C	2	0	14	41.3571428571429
A_PA	1242	14	A	2	0	14	40.5
A_PA	1243	14	T	2	0	14	40.0714285714286
A_PA	1244	14	G	2	0	14	38.0714285714286
A_PA	1245	14	T	2	0	14	38.5
A_PA	1246	14	G	2	0	14	37.5714285714286
A_PA	1247	14	A	2	0	14	38.8571428571429
A_PA	1248	14	A	2	0	14	39.0714285714286
A_PA	1249	14	T	2	0	14	41.1428571428571
A_PA	1250	14	T	2	0	14	38.7142857142857
A_PA	1251	14	G	2	0	13	35
A_PA	1252	14	A	2	0	14	37.7142857142857
A_PA	1253	14	C	2	0	14	36.2857142857143
A_PA	1254	14	T	2	0	14	37.7857142857143
A_PA	1255	14	G	2	0	14	36.9285714285714
A_PA	1256	14	A	2	0	14	38.6428571428571
A_PA	1257	14	T	2	0	14	39.4285714285714
A_PA	1258	14	T	2	0	14	40.2142857142857
A_PA	1259	14	C	2	0	14	40.3571428571429
A_PA	1260	14	A	2	0	14	40.6428571428571
A_PA	1261	14	A	2	0	14	41.1428571428571
A_PA	1262	14	G	2	0	14	38.9285714285714
A_PA	1263	14	C	2	0	14	39
A_PA	1264	14	T	2	0	13	39.9230769230769
A_PA	1265	14	G	2	0	14	40.5714285714286
A_PA	1266	14	G	2	0	14	38.7142857142857
A_PA	1267	14	A	2	0	14	41.2142857142857
A_PA	1268	14	T	2	0	14	40.5
A_PA	1269	14	A	2	0	14	41.3571428571429
A_PA	1270	14	G	2	0	14	42.0714285714286
A_PA	1271	14	A	2	0	14	42
A_PA	1272	14	A	2	0	14	40.7857142857143
A_PA	1273	14	C	2	0	14	39.7857142857143
A_PA	1274	14	T	2	0	14	41.2857142857143
A_PA	1275	14	T	2	0	14	42.8571428571429
A_PA	1276	14	G	2	0	14	38.8571428571429
A_PA	1277	14	A	2	0	14	39.5
A_PA	1278	14	T	2	0	14	41.4285714285714
A_PA	1279	14	G	2	0	14	39.2142857142857
A_PA	1280	14	A	2	0	14	39.8571428571429
A_PA	1281	14	A	2	0	14	40.7142857142857
A_PA	1282	14	A	2	0	14	41.5
A_PA	1283	14	T	2	0	14	41.0714285714286
A_PA	1284	14	A	2	0	14	39.5714285714286
A_PA	1285	14	G	2	0	14	40.6428571428571
A_PA	1286	14	G	2	0	14	41.3571428571429
A_PA	1287	14	A	2	0	14	39.9285714285714
A_PA	1288	14	G	2	0	14	39.1428571428571
A_PA	1289	14	A	2	0	14	39.7857142857143
A_PA	1290	14	A	2	0	14	39.4285714285714
A_PA	1291	14	G	2	0	14	39
A_PA	1292	14	A	2	0	14	40.2142857142857
A_PA	1293	14	T	2	0	14	39.0714285714286
A_PA	1294	14	G	2	0	14	39.9285714285714
A_PA	1295	14	T	2	0	14	39.9285714285714
A_PA	1296	14	T	2	0	14	41.4285714285714
A_PA	1297	13	G	3	0	13	40.5384615384615
A_PA	1298	13	C	3	0	13	39.7692307692308
A_PA	1299	13	C	3	0	13	42.0769230769231
A_PA	1300	14	C	2	0	14	42.2142857142857
A_PA	1301	14	C	2	0	14	40.9285714285714
A_PA	1302	14	G	2	0	14	38.2142857142857
A_PA	1303	14	A	2	0	14	39.5
A_PA	1304	14	T	2	0	14	42.7142857142857
A_PA	1305	14	T	2	0	14	40.9285714285714
A_PA	1306	14	G	2	0	14	43.2142857142857
A_PA	1307	14	A	2	0	14	42.0714285714286
A_PA	1308	14	A	2	0	14	44.0714285714286
A_PA	1309	14	C	2	0	14	41.7857142857143
A_PA	1310	14	A	2	0	14	40.7857142857143
A_PA	1311	14	T	2	0	14	38.4285714285714
A_PA	1312	14	G	2	0	14	40.5714285714286
A_PA	1313	14	T	2	0	14	38.4285714285714
A_PA	1314	14	A	2	0	14	37.7857142857143
A_PA	1315	14	G	2	0	13	38
A_PA	1316	14	C	2	0	14	39.4285714285714
A_PA	1317	14	A	2	0	14	39.1428571428571
A_PA	1318	14	A	2	0	14	40.2142857142857
A_PA	1319	14	G	2	0	14	41.3571428571429
A_PA	1320	14	C	2	0	14	42.7857142857143
A_PA	1321	14	A	2	0	14	41.6428571428571
A_PA	1322	14	T	2	0	14	44.5714285714286
A_PA	1323	13	G	3	0	13	39.8461538461538
A_PA	1324	13	A	3	0	13	37.8461538461538
A_PA	1325	13	G	3	0	13	38.2307692307692
A_PA	1326	14	G	2	0	14	38.5714285714286
A_PA	1327	14	A	2	0	14	39.9285714285714
A_PA	1328	14	G	2	0	14	39.2142857142857
A_PA	1329	14	G	2	0	14	38.8571428571429
A_PA	1330	14	A	2	0	14	42.3571428571429
A_PA	1331	14	A	2	0	14	43.6428571428571
A_PA	1332	14	C	2	0	14	44.2857142857143
A_PA	1333	14	T	2	0	14	44.3571428571429
A_PA	1334	14	A	2	0	14	42.9285714285714
A_PA	1335	14	T	2	0	14	45
A_PA	1336	14	T	2	0	14	41.8571428571429
A_PA	1337	14	T	2	0	14	44.9285714285714
A_PA	1338	14	C	2	0	14	43.1428571428571
A_PA	1339	14	A	2	0	14	41.8571428571429
A_PA	1340	14	C	2	0	14	41.7142857142857
A_PA	1341	14	A	2	0	14	42.7142857142857
A_PA	1342	14	G	2	0	14	41.7142857142857
A_PA	1343	14	C	2	0	14	40.5
A_PA	1344	14	A	2	0	14	41.7857142857143
A_PA	1345	14	G	2	0	14	43.5714285714286
A_PA	1346	14	A	2	0	14	43.3571428571429
A_PA	1347	14	A	2	0	14	44.8571428571429
A_PA	1348	14	G	2	0	14	41.1428571428571
A_PA	1349	14	T	2	0	14	42.7142857142857
A_PA	1350	14	G	2	0	14	42.5
A_PA	1351	14	T	2	0	14	42.1428571428571
A_PA	1352	14	C	2	0	14	41.1428571428571
A_PA	1353	14	C	2	0	14	42.8571428571429
A_PA	1354	14	C	2	0	14	41
A_PA	1355	14	A	2	0	14	42.9285714285714
A_PA	1356	14	C	2	0	14	42.5714285714286
A_PA	1357	14	T	2	0	14	43.3571428571429
A_PA	1358	14	G	2	0	14	42.5714285714286
A_PA	1359	14	C	2	0	14	43.2857142857143
A_PA	1360	14	A	2	0	14	43.4285714285714
A_PA	1361	14	G	2	0	14	42.5714285714286
A_PA	1362	14	G	2	0	14	43.8571428571429
A_PA	1363	14	G	2	0	14	41.9285714285714
A_PA	1364	14	C	2	0	14	42.2857142857143
A_PA	1365	14	T	2	0	14	43.2857142857143
A_PA	1366	14	A	2	0	14	43.1428571428571
A_PA	1367	14	C	2	0	14	43.0714285714286
A_PA	1368	14	T	2	0	14	43.7857142857143
A_PA	1369	14	G	2	0	14	42.7142857142857
A_PA	1370	14	A	2	0	14	44.4285714285714
A_PA	1371	14	A	2	0	14	43.1428571428571
A_PA	1372	14	T	2	0	14	44
A_PA	1373	14	A	2	0	14	43.5
A_PA	1374	14	C	2	0	14	42.7142857142857
A_PA	1375	14	A	2	0	14	45
A_PA	1376	14	T	2	0	14	44.9285714285714
A_PA	1377	14	A	2	0	14	45.5714285714286
A_PA	1378	14	A	2	0	14	42.8571428571429
A_PA	1379	14	T	2	0	14	43.3571428571429
A_PA	1380	14	G	2	0	14	41.4285714285714
A_PA	1381	14	A	2	0	14	42
A_PA	1382	14	A	2	0	14	43.0714285714286
A_PA	1383	14	G	2	0	14	41.2857142857143
A_PA	1384	14	G	2	0	14	40.2142857142857
A_PA	1385	14	G	2	0	14	41.9285714285714
A_PA	1386	14	A	2	0	14	41.6428571428571
A_PA	1387	14	G	2	0	14	42.8571428571429
A_PA	1388	14	T	2	0	14	41.5
A_PA	1389	14	G	2	0	14	42.2142857142857
A_PA	1390	14	T	2	0	14	42.8571428571429
A_PA	1391	14	A	2	0	14	41.3571428571429
A_PA	1392	14	C	2	0	14	42.2857142857143
A_PA	1393	14	A	2	0	14	40.2857142857143
A_PA	1394	14	T	2	0	14	41.8571428571429
A_PA	1395	14	A	2	0	14	41.2142857142857
A_PA	1396	14	A	2	0	14	42.5714285714286
A_PA	1397	14	A	2	0	14	43.0714285714286
A_PA	1398	14	T	2	0	14	42
A_PA	1399	14	A	2	0	14	41.7857142857143
A_PA	1400	14	C	2	0	14	41.5
A_PA	1401	14	G	2	0	14	39.2857142857143
A_PA	1402	14	G	2	0	14	39.2142857142857
A_PA	1403	14	C	2	0	14	40.1428571428571
A_PA	1404	14	C	2	0	14	39.9285714285714
A_PA	1405	14	T	2	0	14	40.4285714285714
A_PA	1406	14	T	2	0	14	41
A_PA	1407	14	G	2	0	14	39.3571428571429
A_PA	1408	14	C	2	0	14	37.5714285714286
A_PA	1409	14	T	2	0	14	39.1428571428571
A_PA	1410	14	T	2	0	14	38.0714285714286
A_PA	1411	14	A	2	0	14	37.4285714285714
A_PA	1412	14	A	2	0	14	36.9285714285714
A_PA	1413	14	T	2	0	14	37.2857142857143
A_PA	1414	14	G	2	0	14	38.1428571428571
A_PA	1415	14	C	2	0	14	41.4285714285714
A_PA	1416	14	A	2	0	14	40.1428571428571
A_PA	1417	14	T	2	0	14	38.6428571428571
A_PA	1418	14	C	2	0	14	38
A_PA	1419	14	C	2	0	14	37.2142857142857
A_PA	1420	14	T	2	0	14	38.0714285714286
A_PA	1421	14	G	2	0	14	38.0714285714286
A_PA	1422	14	T	2	0	14	38.1428571428571
A_PA	1423	14	G	2	0	14	37.5
A_PA	1424	14	C	2	0	14	39.2142857142857
A_PA	1425	14	A	2	0	14	37.1428571428571
A_PA	1426	14	G	2	0	14	37
A_PA	1427	14	C	2	0	14	37.7142857142857
A_PA	1428	14	C	2	0	14	36
A_PA	1429	14	A	2	0	14	36.5
A_PA	1430	14	T	2	0	14	37.9285714285714
A_PA	1431	14	G	2	0	14	36.7142857142857
A_PA	1432	14	G	2	0	14	38.5
A_PA	1433	14	A	2	0	14	35.7857142857143
A_PA	1434	14	T	2	0	14	35.7857142857143
A_PA	1435	14	G	2	0	14	34.7142857142857
A_PA	1436	14	A	2	0	14	35.2857142857143
A_PA	1437	14	C	2	0	14	35.9285714285714
A_PA	1438	14	T	2	0	14	35.6428571428571
A_PA	1439	14	T	2	0	14	34.7142857142857
A_PA	1440	14	T	2	0	14	34.5714285714286
A_PA	1441	14	C	2	0	14	33.5
A_PA	1442	14	A	2	0	14	33.7857142857143
A_PA	1443	14	G	2	0	14	37.1428571428571
A_PA	1444	14	C	2	0	14	37.8571428571429
A_PA	1445	14	T	2	0	14	38
A_PA	1446	14	G	2	0	14	35.5714285714286
A_PA	1447	14	A	2	0	14	34.9285714285714
A_PA	1448	14	T	2	0	13	35.9230769230769
A_PA	1449	14	T	2	0	14	36.5714285714286
A_PA	1450	14	C	2	0	14	33.3571428571429
A_PA	1451	14	C	2	0	14	35.2142857142857
A_PA	1452	14	A	2	0	14	35.7857142857143
A_PA	1453	14	A	2	0	14	33.7142857142857
A_PA	1454	14	T	2	0	14	35.8571428571429
A_PA	1455	14	G	2	0	14	36.6428571428571
A_PA	1456	14	A	2	0	14	37.3571428571429
A_PA	1457	14	T	2	0	14	40.0714285714286
A_PA	1458	14	A	2	0	14	37.8571428571429
A_PA	1459	14	A	2	0	14	37.8571428571429
A_PA	1460	14	G	2	0	14	38.1428571428571
A_PA	1461	14	C	2	0	14	38.9285714285714
A_PA	1462	14	A	2	0	14	40.1428571428571
A_PA	1463	14	A	2	0	14	40.9285714285714
A_PA	1464	14	A	2	0	14	40.2857142857143
A_PA	1465	14	T	2	0	14	40.0714285714286
A_PA	1466	14	G	2	0	14	38.1428571428571
A_PA	1467	14	T	2	0	14	39.6428571428571
A_PA	1468	14	A	2	0	14	34.7142857142857
A_PA	1469	14	G	2	0	14	36.3571428571429
A_PA	1470	14	A	2	0	14	36.2857142857143
A_PA	1471	14	A	2	0	14	35
A_PA	1472	14	C	2	0	14	36.5
A_PA	1473	14	C	2	0	14	33.5
A_PA	1474	14	A	2	0	14	33.2142857142857
A_PA	1475	13	A	3	0	13	36.2307692307692
A_PA	1476	13	A	3	0	13	36.6923076923077
A_PA	1477	13	G	3	0	13	35.3846153846154
A_PA	1478	14	A	2	0	14	37.2857142857143
A_PA	1479	14	A	2	0	14	36.6428571428571
A_PA	1480	14	G	2	0	14	38.2857142857143
A_PA	1481	14	G	2	0	14	37.0714285714286
A_PA	1482	14	A	2	0	14	39.5714285714286
A_PA	1483	14	A	2	0	14	40.5
A_PA	1484	14	G	2	0	14	38.9285714285714
A_PA	1485	14	A	2	0	14	39.1428571428571
A_PA	1486	14	C	2	0	14	39.7857142857143
A_PA	1487	14	G	2	0	14	36.4285714285714
A_PA	1488	14	G	2	0	13	37.6923076923077
A_PA	1489	14	A	2	0	14	37.5714285714286
A_PA	1490	14	A	2	0	14	38.0714285714286
A_PA	1491	14	A	2	0	14	39.5714285714286
A_PA	1492	14	A	2	0	14	41
A_PA	1493	14	C	2	0	14	39.5714285714286
A_PA	1494	14	A	2	0	14	40.3571428571429
A_PA	1495	14	A	2	0	14	38.5714285714286
A_PA	1496	14	A	2	0	14	38.8571428571429
A_PA	1497	14	C	2	0	14	38.7142857142857
A_PA	1498	14	C	2	0	14	38.9285714285714
A_PA	1499	14	T	2	0	14	37.5714285714286
A_PA	1500	14	G	2	0	14	37.4285714285714
A_PA	1501	14	T	2	0	14	37.2857142857143
A_PA	1502	14	A	2	0	14	38.3571428571429
A_PA	1503	14	T	2	0	14	38.5714285714286
A_PA	1504	14	G	2	0	14	37.2857142857143
A_PA	1505	14	G	2	0	14	38.0714285714286
A_PA	1506	14	G	2	0	14	37.8571428571429
A_PA	1507	14	T	2	0	14	36.7142857142857
A_PA	1508	14	T	2	0	14	36.5
A_PA	1509	14	C	2	0	14	37.3571428571429
A_PA	1510	14	A	2	0	14	38.0714285714286
A_PA	1511	14	T	2	0	14	37.5
A_PA	1512	14	T	2	0	14	38.1428571428571
A_PA	1513	14	G	2	0	14	40.2142857142857
A_PA	1514	14	T	2	0	14	39.9285714285714
A_PA	1515	14	A	2	0	14	38.5714285714286
A_PA	1516	14	A	2	0	14	37.2142857142857
A_PA	1517	14	A	2	0	13	39
A_PA	1518	14	G	2	0	14	35.8571428571429
A_PA	1519	14	G	2	0	14	40.2142857142857
A_PA	1520	14	G	2	0	14	39.5714285714286
A_PA	1521	14	A	2	0	14	40.8571428571429
A_PA	1522	14	A	2	0	14	40.7142857142857
A_PA	1523	14	G	2	0	14	40.2857142857143
A_PA	1524	14	A	2	0	14	39.7857142857143
A_PA	1525	14	T	2	0	14	40.0714285714286
A_PA	1526	13	C	3	0	13	40.3846153846154
A_PA	1527	14	T	2	0	14	38.8571428571429
A_PA	1528	14	C	2	0	14	39
A_PA	1529	14	A	2	0	13	38.6923076923077
A_PA	1530	14	T	2	0	13	38.2307692307692
A_PA	1531	14	T	2	0	14	38.6428571428571
A_PA	1532	14	T	2	0	13	39.7692307692308
A_PA	1533	14	G	2	0	13	39.6923076923077
A_PA	1534	14	A	2	0	14	39.8571428571429
A_PA	1535	14	G	2	0	14	41.3571428571429
A_PA	1536	14	A	2	0	14	40.8571428571429
A_PA	1537	14	A	2	0	14	42.1428571428571
A_PA	1538	14	A	2	0	14	41.7142857142857
A_PA	1539	14	T	2	0	14	40.8571428571429
A_PA	1540	14	G	2	0	14	40.9285714285714
A_PA	1541	14	A	2	0	14	38.9285714285714
A_PA	1542	14	T	2	0	14	39.7142857142857
A_PA	1543	14	A	2	0	14	39.9285714285714
A_PA	1544	14	C	2	0	14	43
A_PA	1545	14	C	2	0	14	41.1428571428571
A_PA	1546	14	G	2	0	14	42.2857142857143
A_PA	1547	14	A	2	0	14	41.3571428571429
A_PA	1548	14	T	2	0	14	38.5
A_PA	1549	14	G	2	0	14	40.5714285714286
A_PA	1550	14	T	2	0	14	41.0714285714286
A_PA	1551	14	A	2	0	14	41.0714285714286
A_PA	1552	14	G	2	0	14	41.3571428571429
A_PA	1553	14	T	2	0	14	43.0714285714286
A_PA	1554	14	G	2	0	14	41.6428571428571
A_PA	1555	14	A	2	0	14	41.2857142857143
A_PA	1556	14	A	2	0	14	42.2142857142857
A_PA	1557	14	C	2	0	14	40.2857142857143
A_PA	1558	14	T	2	0	14	42.0714285714286
A_PA	1559	14	T	2	0	14	42.3571428571429
A_PA	1560	13	T	2	0	13	42.4615384615385
A_PA	1561	13	G	2	0	13	41.5384615384615
A_PA	1562	13	T	2	0	13	37.9230769230769
A_PA	1563	13	A	2	0	13	33.8461538461538
A_PA	1564	13	A	2	0	13	38.3846153846154
A_PA	1565	13	G	2	0	13	39.0769230769231
A_PA	1566	13	T	2	0	13	40.6923076923077
A_PA	1567	13	A	2	0	13	41.6153846153846
A_PA	1568	13	T	2	0	13	40.9230769230769
A_PA	1569	13	G	2	0	13	39.6923076923077
A_PA	1570	13	G	2	0	13	41.0769230769231
A_PA	1571	13	A	2	0	13	41.4615384615385
A_PA	1572	13	G	2	0	13	41.8461538461538
A_PA	1573	13	T	2	0	13	42.1538461538462
A_PA	1574	13	T	2	0	13	42.3076923076923
A_PA	1575	13	C	2	0	13	41.8461538461538
A_PA	1576	13	T	2	0	13	41
A_PA	1577	13	C	2	0	13	40.8461538461538
A_PA	1578	13	A	2	0	13	40.1538461538462
A_PA	1579	13	C	2	0	13	40.5384615384615
A_PA	1580	12	T	3	0	12	41.75
A_PA	1581	13	C	2	0	12	39.25
A_PA	1582	13	A	2	0	13	39.3846153846154
A_PA	1583	13	C	2	0	13	40.2307692307692
A_PA	1584	13	T	2	0	13	41.1538461538462
A_PA	1585	13	G	2	0	13	40.8461538461538
A_PA	1586	13	A	2	0	13	41.4615384615385
A_PA	1587	13	T	2	0	13	41.2307692307692
A_PA	1588	13	C	2	0	13	42
A_PA	1589	13	C	2	0	13	40.5384615384615
A_PA	1590	13	A	2	0	13	40.9230769230769
A_PA	1591	13	A	2	0	13	40.9230769230769
A_PA	1592	13	G	2	0	13	38.1538461538462
A_PA	1593	14	A	2	0	14	37.5
A_PA	1594	14	C	2	0	14	36.8571428571429
A_PA	1595	14	T	2	0	14	37.6428571428571
A_PA	1596	14	G	2	0	14	36.5714285714286
A_PA	1597	14	G	2	0	14	34.6428571428571
A_PA	1598	14	A	2	0	14	34
A_PA	1599	14	A	2	0	14	38.0714285714286
A_PA	1600	14	C	2	0	14	38.6428571428571
A_PA	1601	14	C	2	0	14	38.2142857142857
A_PA	1602	14	A	2	0	14	38.6428571428571
A_PA	1603	14	C	2	0	14	39.6428571428571
A_PA	1604	14	A	2	0	14	39.3571428571429
A_PA	1605	14	C	2	0	14	41
A_PA	1606	15	A	1	0	15	40.2666666666667
A_PA	1607	15	A	1	0	15	40.3333333333333
A_PA	1608	15	A	1	0	15	42
A_PA	1609	15	T	1	0	15	40.6666666666667
A_PA	1610	15	G	1	0	15	38.1333333333333
A_PA	1611	15	G	1	0	15	39
A_PA	1612	15	G	1	0	15	40.1333333333333
A_PA	1613	15	A	1	0	15	41.8
A_PA	1614	15	A	1	0	15	42.9333333333333
A_PA	1615	15	A	1	0	15	43.2666666666667
A_PA	1616	15	A	1	0	15	43.6
A_PA	1617	15	A	1	0	15	42.2
A_PA	1618	15	T	1	0	15	41.3333333333333
A_PA	1619	15	A	1	0	15	40.1333333333333
A_PA	1620	15	C	1	0	15	40.2666666666667
A_PA	1621	15	T	1	0	15	40.2666666666667
A_PA	1622	15	G	1	0	15	40.4666666666667
A_PA	1623	15	T	1	0	15	42.9333333333333
A_PA	1624	15	G	1	0	15	41.1333333333333
A_PA	1625	15	T	1	0	15	41.4666666666667
A_PA	1626	15	T	1	0	15	41.9333333333333
A_PA	1627	16	C	0	0	16	41.8125
A_PA	1628	16	T	0	0	16	43.625
A_PA	1629	16	T	0	0	16	43.375
A_PA	1630	16	G	0	0	16	42.625
A_PA	1631	16	A	0	0	16	41.5625
A_PA	1632	16	A	0	0	16	41.5625
A_PA	1633	16	A	0	0	16	40.8125
A_PA	1634	16	T	0	0	16	41
A_PA	1635	16	A	0	0	16	39.375
A_PA	1636	16	G	0	0	16	39.875
A_PA	1637	17	G	0	0	17	40.5294117647059
A_PA	1638	17	A	0	0	17	39.4705882352941
A_PA	1639	17	G	0	0	17	39.8235294117647
A_PA	1640	17	A	0	0	17	40.8823529411765
A_PA	1641	17	C	0	0	17	40.5294117647059
A_PA	1642	17	A	0	0	17	40.2941176470588
A_PA	1643	17	T	0	0	17	42.7647058823529
A_PA	1644	17	G	0	0	17	42.8823529411765
A_PA	1645	17	C	0	0	17	42.8823529411765
A_PA	1646	17	T	0	0	16	44.75
A_PA	1647	19	A	0	0	19	42.3684210526316
A_PA	1648	19	T	0	0	19	41.4210526315789
A_PA	1649	19	T	0	0	18	39.9444444444444
A_PA	1650	19	G	0	0	19	38.8421052631579
A_PA	1651	19	A	0	0	19	39.2631578947368
A_PA	1652	19	G	0	0	19	38.3157894736842
A_PA	1653	19	G	0	0	19	38.8421052631579
A_PA	1654	19	A	0	0	19	39.8947368421053
A_PA	1655	19	C	0	0	19	38.5263157894737
A_PA	1656	19	T	0	0	19	39.4210526315789
A_PA	1657	19	G	0	0	19	39.5789473684211
A_PA	1658	19	C	0	0	19	40.1052631578947
A_PA	1659	19	G	0	0	19	40.8421052631579
A_PA	1660	19	A	0	0	19	39.8947368421053
A_PA	1661	19	T	0	0	19	40.6315789473684
A_PA	1662	19	A	0	0	19	36.9473684210526
A_PA	1663	19	G	0	0	18	37.2777777777778
A_PA	1664	19	G	0	0	19	39
A_PA	1665	19	T	0	0	19	40.3157894736842
A_PA	1666	18	C	1	0	18	41.2777777777778
A_PA	1667	19	A	0	0	19	36.3684210526316
A_PA	1668	20	A	0	0	20	38.85
A_PA	1669	20	G	0	0	20	37.25
A_PA	1670	21	T	0	0	21	38.2380952380952
A_PA	1671	21	G	0	0	21	37.1904761904762
A_PA	1672	21	T	0	0	21	39.4761904761905
A_PA	1673	21	C	0	0	21	36.8571428571429
A_PA	1674	21	G	0	0	21	35.1428571428571
A_PA	1675	21	A	0	0	21	35.9047619047619
A_PA	1676	21	G	0	0	21	35.0476190476191
A_PA	1677	21	G	0	0	21	36.9523809523809
A_PA	1678	21	C	0	0	21	38.3333333333333
A_PA	1679	21	C	0	0	20	39.2
A_PA	1680	21	T	0	0	20	38.5
A_PA	1681	21	A	0	0	21	39.9047619047619
A_PA	1682	21	T	0	0	21	38
A_PA	1683	22	G	0	0	22	38.7727272727273
A_PA	1684	22	T	0	0	22	38.3181818181818
A_PA	1685	22	T	0	0	22	38.7727272727273
A_PA	1686	22	C	0	0	22	38.1363636363636
A_PA	1687	22	C	0	0	22	38.1818181818182
A_PA	1688	22	T	0	0	21	37.6190476190476
A_PA	1689	22	A	0	0	22	39
A_PA	1690	22	T	0	0	22	38.4545454545455
A_PA	1691	22	A	0	0	22	39
A_PA	1692	22	T	0	0	22	38.4090909090909
A_PA	1693	22	G	0	0	22	41.2272727272727
A_PA	1694	22	T	0	0	21	41.5238095238095
A_PA	1695	22	G	0	0	22	40.6363636363636
A_PA	1696	22	A	0	0	22	41.4090909090909
A_PA	1697	22	G	0	0	22	41.5909090909091
A_PA	1698	22	A	0	0	22	41.6818181818182
A_PA	1699	22	A	0	0	22	42.7727272727273
A_PA	1700	22	C	0	0	22	43.1818181818182
A_PA	1701	22	C	0	0	22	42.8181818181818
A_PA	1702	22	A	0	0	22	42.3181818181818
A_PA	1703	22	A	0	0	22	42.8636363636364
A_PA	1704	22	T	0	0	22	41.1818181818182
A_PA	1705	21	G	1	0	21	41.6666666666667
A_PA	1706	22	G	0	0	22	41.0909090909091
A_PA	1707	22	A	0	0	22	42.2272727272727
A_PA	1708	22	A	0	0	22	42.2272727272727
A_PA	1709	22	C	0	0	22	42.4545454545455
A_PA	1710	22	C	0	0	22	43
A_PA	1711	22	T	0	0	22	43.9090909090909
A_PA	1712	22	C	0	0	22	43.0909090909091
A_PA	1713	22	C	0	0	22	40.9545454545455
A_PA	1714	22	A	0	0	22	42.5909090909091
A_PA	1715	22	A	0	0	22	42.3181818181818
A_PA	1716	22	A	0	0	22	41.6818181818182
A_PA	1717	22	A	0	0	22	42.8636363636364
A_PA	1718	22	T	0	0	22	42.3181818181818
A_PA	1719	22	C	0	0	22	41.4090909090909
A_PA	1720	22	A	0	0	22	41.2727272727273
A_PA	1721	22	A	0	0	22	41.0909090909091
A_PA	1722	22	G	0	0	22	40.2272727272727
A_PA	1723	22	A	0	0	22	40.0454545454545
A_PA	1724	22	T	0	0	22	39.3636363636364
A_PA	1725	22	G	0	0	22	37.5909090909091
A_PA	1726	22	A	0	0	22	38.1363636363636
A_PA	1727	22	A	0	0	22	37.6818181818182
A_PA	1728	22	A	0	0	22	39.5909090909091
A_PA	1729	22	T	0	0	22	39.0909090909091
A_PA	1730	22	G	0	0	22	40.5909090909091
A_PA	1731	22	G	0	0	22	40.2727272727273
A_PA	1732	22	G	0	0	22	43.6818181818182
A_PA	1733	22	G	0	0	22	41.6818181818182
A_PA	1734	22	C	0	0	22	42.4545454545455
A_PA	1735	22	A	0	0	22	42.7272727272727
A_PA	1736	22	T	0	0	22	40.9090909090909
A_PA	1737	22	G	0	0	22	40.0909090909091
A_PA	1738	22	G	0	0	22	38.1818181818182
A_PA	1739	22	A	0	0	22	37.0454545454545
A_PA	1740	22	A	0	0	22	37.5454545454545
A_PA	1741	22	A	0	0	22	39.7727272727273
A_PA	1742	22	T	0	0	22	40.5
A_PA	1743	22	G	0	0	22	41.4545454545455
A_PA	1744	22	A	0	0	22	41.1363636363636
A_PA	1745	22	G	0	0	22	40.5
A_PA	1746	22	G	0	0	22	40.5
A_PA	1747	22	C	0	0	22	40.2272727272727
A_PA	1748	22	G	0	0	22	41.8181818181818
A_PA	1749	22	C	0	0	22	40.6363636363636
A_PA	1750	22	T	0	0	22	41.3181818181818
A_PA	1751	22	G	0	0	22	38.4545454545455
A_PA	1752	22	C	0	0	22	40.8636363636364
A_PA	1753	22	C	0	0	22	38.0454545454545
A_PA	1754	22	T	0	0	22	39.1363636363636
A_PA	1755	22	T	0	0	22	39.1818181818182
A_PA	1756	22	C	0	0	22	36.5
A_PA	1757	22	T	0	0	22	36.9545454545455
A_PA	1758	22	T	0	0	22	40.5
A_PA	1759	22	C	0	0	22	39.0454545454545
A_PA	1760	22	A	0	0	22	38.8181818181818
A_PA	1761	22	A	0	0	22	38.9545454545455
A_PA	1762	22	T	0	0	22	40.5454545454545
A_PA	1763	22	C	0	0	22	42.2272727272727
A_PA	1764	22	T	0	0	22	42.7272727272727
A_PA	1765	22	C	0	0	22	42.7727272727273
A_PA	1766	22	T	0	0	22	42.6363636363636
A_PA	1767	22	T	0	0	22	39.8636363636364
A_PA	1768	22	C	0	0	22	39.2272727272727
A_PA	1769	22	A	0	0	22	38.1818181818182
A_PA	1770	22	A	0	0	22	38.5
A_PA	1771	22	C	0	0	22	40.1363636363636
A_PA	1772	22	A	0	0	22	40.4090909090909
A_PA	1773	22	G	0	0	22	39.7727272727273
A_PA	1774	23	A	0	0	23	40.6521739130435
A_PA	1775	23	T	0	0	23	42.1739130434783
A_PA	1776	23	T	0	0	23	39.8260869565217
A_PA	1777	25	G	0	0	25	39.6
A_PA	1778	25	A	0	0	24	40.0416666666667
A_PA	1779	25	G	0	0	25	41
A_PA	1780	25	A	0	0	25	40.24
A_PA	1781	25	G	0	0	25	40
A_PA	1782	25	C	0	0	25	40
A_PA	1783	25	A	0	0	25	39.72
A_PA	1784	25	T	0	0	25	39.96
A_PA	1785	25	G	0	0	25	40.88
A_PA	1786	25	A	0	0	25	42
A_PA	1787	24	T	1	0	24	41.5833333333333
A_PA	1788	25	T	0	0	25	41.92
A_PA	1789	25	G	0	0	24	40.7083333333333
A_PA	1790	25	A	0	0	25	40.32
A_PA	1791	25	A	0	0	25	39.64
A_PA	1792	25	G	0	0	25	40.08
A_PA	1793	25	C	0	0	25	38.68
A_PA	1794	25	C	0	0	25	37.84
A_PA	1795	25	G	0	0	25	37.48
A_PA	1796	25	A	0	0	25	37.08
A_PA	1797	26	G	0	0	26	36.4615384615385
A_PA	1798	26	T	0	0	26	35.9615384615385
A_PA	1799	26	C	0	0	26	34.8461538461538
A_PA	1800	26	T	0	0	26	35.3076923076923
A_PA	1801	26	T	0	0	26	35.3461538461538
A_PA	1802	26	C	0	0	26	36.4615384615385
A_PA	1803	26	T	0	0	26	36.1923076923077
A_PA	1804	26	G	0	0	26	37.6153846153846
A_PA	1805	26	T	0	0	26	37.5
A_PA	1806	26	C	0	0	26	35.5769230769231
A_PA	1807	26	A	0	0	26	35.0769230769231
A_PA	1808	26	A	0	0	26	35.4615384615385
A_PA	1809	26	A	0	0	26	37.1923076923077
A_PA	1810	26	G	0	0	26	37.0769230769231
A_PA	1811	26	A	0	0	26	38.3846153846154
A_PA	1812	26	G	0	0	26	38.9615384615385
A_PA	1813	26	A	0	0	26	41.7692307692308
A_PA	1814	26	A	0	0	26	40.2692307692308
A_PA	1815	26	A	0	0	26	39.1923076923077
A_PA	1816	26	G	0	0	26	38.9615384615385
A_PA	1817	26	A	0	0	26	39.9230769230769
A_PA	1818	26	C	0	0	26	39.1538461538462
A_PA	1819	26	A	0	0	26	38.6923076923077
A_PA	1820	26	T	0	0	26	39.2692307692308
A_PA	1821	26	G	0	0	26	38.7692307692308
A_PA	1822	26	A	0	0	26	37.4615384615385
A_PA	1823	26	C	0	0	26	38.0769230769231
A_PA	1824	26	C	0	0	26	36.0384615384615
A_PA	1825	26	A	0	0	26	36.5
A_PA	1826	26	A	0	0	26	37.5769230769231
A_PA	1827	26	G	0	0	26	37.7692307692308
A_PA	1828	26	G	0	0	26	37.1153846153846
A_PA	1829	26	A	0	0	26	36.4230769230769
A_PA	1830	26	A	0	0	26	38.0384615384615
A_PA	1831	26	T	0	0	26	37.7692307692308
A_PA	1832	26	T	0	0	26	37.6538461538462
A_PA	1833	26	C	0	0	26	37
A_PA	1834	26	T	0	0	26	35.8461538461538
A_PA	1835	26	T	0	0	26	36.2307692307692
A_PA	1836	26	T	0	0	26	37.5769230769231
A_PA	1837	26	G	0	0	26	37.4230769230769
A_PA	1838	26	A	0	0	26	37.4615384615385
A_PA	1839	26	A	0	0	26	38.6153846153846
A_PA	1840	26	A	0	0	26	38.5384615384615
A_PA	1841	26	A	0	0	26	40.3461538461538
A_PA	1842	26	C	0	0	26	40.6538461538462
A_PA	1843	26	A	0	0	26	38.1153846153846
A_PA	1844	26	A	0	0	26	38.2307692307692
A_PA	1845	26	A	0	0	26	38.9230769230769
A_PA	1846	26	T	0	0	26	38.5384615384615
A_PA	1847	26	C	0	0	26	38.9615384615385
A_PA	1848	26	G	0	0	26	38.6538461538462
A_PA	1849	26	G	0	0	26	37.7307692307692
A_PA	1850	26	A	0	0	25	38.6
A_PA	1851	26	A	0	0	26	38.5769230769231
A_PA	1852	26	A	0	0	26	37.1538461538462
A_PA	1853	26	C	0	0	26	37.4615384615385
A_PA	1854	26	A	0	0	26	36.5
A_PA	1855	26	T	0	0	26	38.5
A_PA	1856	26	G	0	0	26	38.1153846153846
A_PA	1857	26	G	0	0	26	38.4230769230769
A_PA	1858	26	C	0	0	26	37.6923076923077
A_PA	1859	26	C	0	0	26	37.8846153846154
A_PA	1860	26	A	0	0	26	38.6538461538462
A_PA	1861	26	A	0	0	26	38.5
A_PA	1862	26	T	0	0	26	37.8846153846154
A_PA	1863	26	C	0	0	26	37.8846153846154
A_PA	1864	26	G	0	0	26	39.2307692307692
A_PA	1865	26	G	0	0	26	37.7692307692308
A_PA	1866	26	A	0	0	26	37.4230769230769
A_PA	1867	26	G	0	0	26	37.9615384615385
A_PA	1868	26	A	0	0	26	37.3846153846154
A_PA	1869	26	G	0	0	26	36.4615384615385
A_PA	1870	26	T	0	0	26	36.7307692307692
A_PA	1871	26	C	0	0	26	35.9230769230769
A_PA	1872	26	A	0	0	26	35.6923076923077
A_PA	1873	25	C	1	0	25	36.48
A_PA	1874	26	C	0	0	26	36.1923076923077
A_PA	1875	26	C	0	0	26	35.4230769230769
A_PA	1876	26	A	0	0	26	33.6153846153846
A_PA	1877	24	G	2	0	23	34.7391304347826
A_PA	1878	26	G	0	0	26	35.5769230769231
A_PA	1879	26	G	0	0	26	36.8076923076923
A_PA	1880	26	G	0	0	26	37.4230769230769
A_PA	1881	26	A	0	0	26	36.0769230769231
A_PA	1882	26	G	0	0	26	37.5769230769231
A_PA	1883	26	T	0	0	26	37
A_PA	1884	24	A	2	0	23	39.6521739130435
A_PA	1885	25	G	1	0	24	38.6666666666667
A_PA	1886	25	A	1	0	25	37.24
A_PA	1887	26	A	0	0	26	37.1923076923077
A_PA	1888	26	G	0	0	26	36.6538461538462
A_PA	1889	25	A	1	0	25	36.76
A_PA	1890	25	A	1	0	25	38.76
A_PA	1891	26	G	0	0	26	38.6153846153846
A_PA	1892	26	G	0	0	26	39.4230769230769
A_PA	1893	26	C	0	0	25	38.96
A_PA	1894	26	T	0	0	25	39.4
A_PA	1895	26	C	0	0	26	39.8461538461538
A_PA	1896	26	T	0	0	26	39.5
A_PA	1897	26	A	0	0	26	39.6923076923077
A_PA	1898	26	T	0	0	26	38.3846153846154
A_PA	1899	26	T	0	0	26	37.6923076923077
A_PA	1900	26	G	0	0	26	38.0769230769231
A_PA	1901	26	G	0	0	26	38.6153846153846
A_PA	1902	26	A	0	0	26	38.6538461538462
A_PA	1903	26	A	0	0	26	39.5384615384615
A_PA	1904	26	A	0	0	25	40.72
A_PA	1905	26	A	0	0	26	42.0384615384615
A_PA	1906	26	G	0	0	26	42.1153846153846
A_PA	1907	26	T	0	0	26	42.2307692307692
A_PA	1908	26	A	0	0	26	41.5384615384615
A_PA	1909	26	T	0	0	26	43.1153846153846
A_PA	1910	26	G	0	0	26	42.3076923076923
A_PA	1911	26	C	0	0	25	42.24
A_PA	1912	26	A	0	0	26	40.0769230769231
A_PA	1913	26	G	0	0	26	40.4615384615385
A_PA	1914	26	A	0	0	25	40.48
A_PA	1915	26	A	0	0	26	42.2307692307692
A_PA	1916	26	C	0	0	26	42.6153846153846
A_PA	1917	26	C	0	0	26	42.8846153846154
A_PA	1918	26	T	0	0	26	42.1153846153846
A_PA	1919	26	T	0	0	26	42.5769230769231
A_PA	1920	26	A	0	0	26	42.9230769230769
A_PA	1921	26	C	0	0	26	40.4615384615385
A_PA	1922	26	T	0	0	26	39.0769230769231
A_PA	1923	26	G	0	0	26	40.1923076923077
A_PA	1924	26	G	0	0	26	41.4230769230769
A_PA	1925	26	C	0	0	26	40.0769230769231
A_PA	1926	26	A	0	0	26	41.2692307692308
A_PA	1927	26	A	0	0	26	41.0384615384615
A_PA	1928	26	A	0	0	26	40.7692307692308
A_PA	1929	26	A	0	0	26	39.1923076923077
A_PA	1930	26	T	0	0	26	39.1538461538462
A_PA	1931	26	C	0	0	26	41.5
A_PA	1932	26	T	0	0	26	41.2692307692308
A_PA	1933	26	G	0	0	26	41.1923076923077
A_PA	1934	26	T	0	0	26	41.1923076923077
A_PA	1935	26	G	0	0	26	42
A_PA	1936	26	T	0	0	26	41.6923076923077
A_PA	1937	26	T	0	0	26	41
A_PA	1938	26	C	0	0	26	40.5
A_PA	1939	26	A	0	0	26	39.1538461538462
A_PA	1940	26	A	0	0	26	39.0769230769231
A_PA	1941	26	T	0	0	26	40.1923076923077
A_PA	1942	26	A	0	0	26	40.0769230769231
A_PA	1943	26	G	0	0	26	40.6153846153846
A_PA	1944	26	T	0	0	26	41.4230769230769
A_PA	1945	25	C	1	0	25	42.72
A_PA	1946	26	T	0	0	26	39.4615384615385
A_PA	1947	26	A	0	0	25	38.92
A_PA	1948	26	T	0	0	25	37.8
A_PA	1949	26	A	0	0	26	37.2692307692308
A_PA	1950	26	T	0	0	26	37.3076923076923
A_PA	1951	26	G	0	0	26	38.0384615384615
A_PA	1952	26	C	0	0	26	39.7692307692308
A_PA	1953	26	T	0	0	26	39.4615384615385
A_PA	1954	26	T	0	0	25	43.08
A_PA	1955	26	C	0	0	26	39.8461538461538
A_PA	1956	26	T	0	0	26	39.7692307692308
A_PA	1957	26	C	0	0	26	40.5769230769231
A_PA	1958	26	C	0	0	26	41.2692307692308
A_PA	1959	26	A	0	0	26	40.2692307692308
A_PA	1960	26	C	0	0	26	40.9615384615385
A_PA	1961	26	A	0	0	26	44.3461538461538
A_PA	1962	26	A	0	0	26	43.2692307692308
A_PA	1963	26	C	0	0	26	44
A_PA	1964	26	T	0	0	26	43.5
A_PA	1965	26	T	0	0	26	42.7307692307692
A_PA	1966	26	G	0	0	26	41.1538461538462
A_PA	1967	26	A	0	0	26	40.8846153846154
A_PA	1968	26	G	0	0	26	40.2307692307692
A_PA	1969	26	G	0	0	26	40.1538461538462
A_PA	1970	26	G	0	0	26	41.2692307692308
A_PA	1971	26	G	0	0	26	41.6923076923077
A_PA	1972	26	T	0	0	26	41.0384615384615
A_PA	1973	26	T	0	0	26	40.5769230769231
A_PA	1974	26	T	0	0	26	41.3461538461538
A_PA	1975	26	T	0	0	26	39.3461538461538
A_PA	1976	26	C	0	0	26	38.4230769230769
A_PA	1977	26	A	0	0	26	38.8461538461538
A_PA	1978	26	G	0	0	25	39.44
A_PA	1979	26	C	0	0	26	39.6153846153846
A_PA	1980	26	T	0	0	26	40
A_PA	1981	26	G	0	0	26	37.0769230769231
A_PA	1982	26	A	0	0	26	36.1923076923077
A_PA	1983	26	A	0	0	26	38.6538461538462
A_PA	1984	26	T	0	0	26	37.7692307692308
A_PA	1985	26	C	0	0	26	37.9615384615385
A_PA	1986	26	A	0	0	26	37.5
A_PA	1987	26	A	0	0	26	36.6153846153846
A_PA	1988	26	G	0	0	26	36.8461538461538
A_PA	1989	26	A	0	0	26	37.5384615384615
A_PA	1990	26	A	0	0	26	37.2692307692308
A_PA	1991	26	A	0	0	26	38.3461538461538
A_PA	1992	26	A	0	0	26	38.3076923076923
A_PA	1993	26	T	0	0	26	39.3461538461538
A_PA	1994	26	T	0	0	26	38.5384615384615
A_PA	1995	26	G	0	0	26	38.4230769230769
A_PA	1996	26	C	0	0	26	36.6538461538462
A_PA	1997	26	T	0	0	26	37.5
A_PA	1998	26	T	0	0	25	38
A_PA	1999	26	C	0	0	25	38.36
A_PA	2000	26	T	0	0	25	38.64
A_PA	2001	26	C	0	0	26	40.7307692307692
A_PA	2002	26	A	0	0	26	39
A_PA	2003	26	T	0	0	26	38.7692307692308
A_PA	2004	26	T	0	0	26	39.6153846153846
A_PA	2005	26	G	0	0	26	40.9230769230769
A_PA	2006	26	T	0	0	26	40.6153846153846
A_PA	2007	26	T	0	0	26	41.3846153846154
A_PA	2008	26	C	0	0	26	40.5384615384615
A_PA	2009	26	A	0	0	25	43.04
A_PA	2010	26	G	0	0	26	42.3461538461538
A_PA	2011	26	G	0	0	26	41.5769230769231
A_PA	2012	26	C	0	0	26	41.1153846153846
A_PA	2013	26	A	0	0	26	40.9615384615385
A_PA	2014	26	C	0	0	26	41.2307692307692
A_PA	2015	25	T	1	0	25	39.28
A_PA	2016	27	T	0	0	27	39.9259259259259
A_PA	2017	27	A	0	0	27	38.8888888888889
A_PA	2018	27	G	0	0	26	39.8461538461538
A_PA	2019	27	G	0	0	27	39.4074074074074
A_PA	2020	27	G	0	0	27	39.962962962963
A_PA	2021	27	A	0	0	27	38.037037037037
A_PA	2022	27	C	0	0	27	38.8518518518519
A_PA	2023	27	A	0	0	27	39.4074074074074
A_PA	2024	27	A	0	0	27	39.9259259259259
A_PA	2025	27	C	0	0	27	40.4814814814815
A_PA	2026	27	C	0	0	27	40.962962962963
A_PA	2027	27	T	0	0	27	39.3703703703704
A_PA	2028	27	G	0	0	27	39
A_PA	2029	27	G	0	0	27	38.0740740740741
A_PA	2030	27	A	0	0	27	38.6666666666667
A_PA	2031	27	A	0	0	27	38.1481481481481
A_PA	2032	27	C	0	0	27	39.7407407407407
A_PA	2033	27	C	0	0	27	40.4074074074074
A_PA	2034	27	T	0	0	27	41.037037037037
A_PA	2035	27	G	0	0	27	41.1111111111111
A_PA	2036	27	G	0	0	26	41.3461538461538
A_PA	2037	27	A	0	0	27	40.1851851851852
A_PA	2038	27	A	0	0	27	42.1111111111111
A_PA	2039	27	C	0	0	27	41.2222222222222
A_PA	2040	27	C	0	0	27	41.2592592592593
A_PA	2041	27	T	0	0	27	40.8148148148148
A_PA	2042	27	T	0	0	27	40.4074074074074
A_PA	2043	27	T	0	0	27	39
A_PA	2044	27	G	0	0	27	39.8518518518519
A_PA	2045	27	A	0	0	27	40.2592592592593
A_PA	2046	27	T	0	0	27	40.6666666666667
A_PA	2047	26	C	1	0	26	39.4615384615385
A_PA	2048	26	T	1	0	26	40.0769230769231
A_PA	2049	26	T	1	0	26	37.9615384615385
A_PA	2050	23	G	4	0	23	37.2173913043478
A_PA	2051	26	G	1	0	26	36.3076923076923
A_PA	2052	26	G	1	0	26	37.8461538461538
A_PA	2053	26	G	1	0	26	38.1538461538462
A_PA	2054	26	G	1	0	26	37.5
A_PA	2055	26	G	1	0	26	37.3076923076923
A_PA	2056	26	C	1	0	26	38.1153846153846
A_PA	2057	26	T	1	0	26	38.0384615384615
A_PA	2058	26	A	1	0	26	37.6538461538462
A_PA	2059	26	T	1	0	26	39.2307692307692
A_PA	2060	26	A	1	0	26	40.3076923076923
A_PA	2061	26	T	1	0	26	40.4615384615385
A_PA	2062	26	G	1	0	26	41.3461538461538
A_PA	2063	26	G	1	0	26	41.6538461538462
A_PA	2064	26	A	1	0	26	39.5
A_PA	2065	26	G	1	0	25	40.6
A_PA	2066	26	C	1	0	26	41.0384615384615
A_PA	2067	26	A	1	0	26	41.4615384615385
A_PA	2068	26	A	1	0	26	42.0769230769231
A_PA	2069	26	T	1	0	26	41.0384615384615
A_PA	2070	26	C	1	0	26	42.0769230769231
A_PA	2071	26	G	1	0	26	41.7692307692308
A_PA	2072	26	A	1	0	26	40.2307692307692
A_PA	2073	26	G	1	0	26	39.9230769230769
A_PA	2074	26	G	1	0	26	40.2307692307692
A_PA	2075	26	A	1	0	26	41.9230769230769
A_PA	2076	26	G	1	0	26	42.1923076923077
A_PA	2077	26	T	1	0	26	40.1153846153846
A_PA	2078	26	G	1	0	26	41.4615384615385
A_PA	2079	27	C	0	0	27	39.9259259259259
A_PA	2080	27	T	0	0	27	40.5555555555556
A_PA	2081	27	T	0	0	27	39.962962962963
A_PA	2082	27	G	0	0	27	41.2962962962963
A_PA	2083	27	A	0	0	27	40.0740740740741
A_PA	2084	27	T	0	0	27	39.6666666666667
A_PA	2085	27	T	0	0	27	42.3703703703704
A_PA	2086	27	A	0	0	27	39.7777777777778
A_PA	2087	27	A	0	0	27	40.962962962963
A_PA	2088	27	T	0	0	27	41.8148148148148
A_PA	2089	27	G	0	0	27	42.0740740740741
A_PA	2090	27	A	0	0	27	42.0740740740741
A_PA	2091	27	T	0	0	27	43.2222222222222
A_PA	2092	26	C	1	0	26	42.6923076923077
A_PA	2093	27	C	0	0	27	41.6296296296296
A_PA	2094	27	C	0	0	27	42.0740740740741
A_PA	2095	27	T	0	0	27	39.2592592592593
A_PA	2096	27	G	0	0	27	40.962962962963
A_PA	2097	27	G	0	0	27	40.4074074074074
A_PA	2098	27	G	0	0	26	41.3846153846154
A_PA	2099	27	T	0	0	27	41.6296296296296
A_PA	2100	27	T	0	0	27	42.8888888888889
A_PA	2101	27	T	0	0	27	43.037037037037
A_PA	2102	27	T	0	0	27	43.5925925925926
A_PA	2103	27	G	0	0	27	42.0740740740741
A_PA	2104	27	C	0	0	27	42.3333333333333
A_PA	2105	27	T	0	0	27	42.3333333333333
A_PA	2106	27	T	0	0	26	44.1923076923077
A_PA	2107	27	A	0	0	27	43.5925925925926
A_PA	2108	27	A	0	0	27	43.2222222222222
A_PA	2109	27	T	0	0	27	42.2222222222222
A_PA	2110	27	G	0	0	27	42.2222222222222
A_PA	2111	27	C	0	0	27	42.6296296296296
A_PA	2112	27	A	0	0	27	41.1481481481481
A_PA	2113	27	T	0	0	27	42.037037037037
A_PA	2114	27	C	0	0	27	41.7407407407407
A_PA	2115	27	T	0	0	27	43.1111111111111
A_PA	2116	27	T	0	0	27	42.8148148148148
A_PA	2117	27	G	0	0	27	40.5185185185185
A_PA	2118	27	G	0	0	27	40.8888888888889
A_PA	2119	27	T	0	0	27	41.3333333333333
A_PA	2120	27	T	0	0	27	39.4814814814815
A_PA	2121	27	C	0	0	27	41.9259259259259
A_PA	2122	27	A	0	0	26	43.0384615384615
A_PA	2123	27	A	0	0	27	42.5925925925926
A_PA	2124	27	C	0	0	27	41.3333333333333
A_PA	2125	27	T	0	0	27	39.962962962963
A_PA	2126	27	C	0	0	27	40.8148148148148
A_PA	2127	27	C	0	0	27	39.962962962963
A_PA	2128	27	T	0	0	27	42.3703703703704
A_PA	2129	27	T	0	0	27	41.5185185185185
A_PA	2130	27	C	0	0	27	42.8148148148148
A_PA	2131	27	C	0	0	27	43.4814814814815
A_PA	2132	27	T	0	0	27	41.4444444444444
A_PA	2133	27	C	0	0	27	42.4444444444444
A_PA	2134	27	A	0	0	27	42.1111111111111
A_PA	2135	27	C	0	0	27	40.7407407407407
A_PA	2136	27	A	0	0	27	40.962962962963
A_PA	2137	27	C	0	0	27	39.6296296296296
A_PA	2138	27	A	0	0	27	39.5185185185185
A_PA	2139	27	T	0	0	27	39.7777777777778
A_PA	2140	27	G	0	0	27	41.4074074074074
A_PA	2141	27	C	0	0	27	39.1481481481481
A_PA	2142	27	A	0	0	27	40.5925925925926
A_PA	2143	27	C	0	0	27	41
A_PA	2144	27	T	0	0	27	41.3333333333333
A_PA	2145	27	G	0	0	27	40.2592592592593
A_PA	2146	27	A	0	0	27	40.5185185185185
A_PA	2147	27	A	0	0	27	39.4444444444444
A_PA	2148	27	G	0	0	27	38.0740740740741
A_PA	2149	27	T	0	0	27	37.1851851851852
A_PA	2150	27	A	0	0	27	36.1851851851852
A_PA	2151	26	G	0	0	26	37.0384615384615
