Reference_Name	Position	Coverage Depth	Consensus	Deletions	Ambiguous	Consensus_Count	Consensus_Average_Quality
A_PB2	1	16	A	0	0	16	34.4375
A_PB2	2	16	T	0	0	16	32.75
A_PB2	3	16	G	0	0	16	32.5
A_PB2	4	16	G	0	0	16	33
A_PB2	5	16	A	0	0	16	31.5625
A_PB2	6	16	G	0	0	16	33.5625
A_PB2	7	18	A	0	0	18	32.6666666666667
A_PB2	8	18	G	0	0	18	29.1111111111111
A_PB2	9	18	A	0	0	18	27.3333333333333
A_PB2	10	18	A	0	0	18	26.5555555555556
A_PB2	11	18	T	0	0	18	27.3333333333333
A_PB2	12	18	A	0	0	18	28.8888888888889
A_PB2	13	18	A	0	0	18	32.3333333333333
A_PB2	14	18	A	0	0	18	33.6666666666667
A_PB2	15	18	A	0	0	18	34.5555555555556
A_PB2	16	18	G	0	0	18	36.4444444444444
A_PB2	17	18	A	0	0	18	36.6111111111111
A_PB2	18	18	G	0	0	18	36
A_PB2	19	18	C	0	0	18	35.5555555555556
A_PB2	20	21	T	0	0	21	36.0952380952381
A_PB2	21	22	G	0	0	21	35.1904761904762
A_PB2	22	22	A	0	0	22	34.7272727272727
A_PB2	23	22	G	0	0	22	33.5
A_PB2	24	22	A	0	0	22	34.4545454545455
A_PB2	25	21	G	1	0	20	37.85
A_PB2	26	22	A	0	0	22	36.0454545454545
A_PB2	27	22	T	0	0	21	38.5238095238095
A_PB2	28	22	C	0	0	20	40.05
A_PB2	29	22	T	0	0	21	40.6190476190476
A_PB2	30	22	A	0	0	21	37.1904761904762
A_PB2	31	22	A	0	0	22	37.1363636363636
A_PB2	32	22	T	0	0	22	36.2272727272727
A_PB2	33	22	G	0	0	22	37.5
A_PB2	34	22	T	0	0	22	38.5454545454545
A_PB2	35	22	C	0	0	21	38
A_PB2	36	22	G	0	0	22	36.7272727272727
A_PB2	37	22	C	0	0	22	36.7727272727273
A_PB2	38	22	A	0	0	22	37.0909090909091
A_PB2	39	22	G	0	0	22	37.8181818181818
A_PB2	40	22	T	0	0	22	40.0454545454545
A_PB2	41	22	C	0	0	22	39.2727272727273
A_PB2	42	22	C	0	0	22	39.7727272727273
A_PB2	43	22	C	0	0	22	39.0909090909091
A_PB2	44	22	G	0	0	22	39.1363636363636
A_PB2	45	22	C	0	0	22	39.0454545454545
A_PB2	46	22	A	0	0	22	38.2272727272727
A_PB2	47	22	C	0	0	22	37.6818181818182
A_PB2	48	22	T	0	0	22	37
A_PB2	49	22	C	0	0	22	38.7272727272727
A_PB2	50	22	G	0	0	21	37.2857142857143
A_PB2	51	22	C	0	0	21	36.8095238095238
A_PB2	52	21	G	1	0	20	37.1
A_PB2	53	21	A	1	0	21	37.9047619047619
A_PB2	54	21	G	1	0	21	37.7619047619048
A_PB2	55	21	A	1	0	21	39.8095238095238
A_PB2	56	22	T	0	0	21	40.2857142857143
A_PB2	57	22	A	0	0	22	38.7272727272727
A_PB2	58	22	C	0	0	22	38.9090909090909
A_PB2	59	22	T	0	0	22	38.9545454545455
A_PB2	60	22	C	0	0	21	38.7619047619048
A_PB2	61	22	A	0	0	21	37.2857142857143
A_PB2	62	23	C	0	0	23	36.4347826086956
A_PB2	63	23	T	0	0	23	35.9565217391304
A_PB2	64	23	A	0	0	23	37
A_PB2	65	23	A	0	0	23	36.2173913043478
A_PB2	66	23	A	0	0	23	38.0434782608696
A_PB2	67	23	A	0	0	23	38.9565217391304
A_PB2	68	23	C	0	0	23	38.4782608695652
A_PB2	69	23	C	0	0	23	37.9130434782609
A_PB2	70	23	A	0	0	23	39.4782608695652
A_PB2	71	23	C	0	0	23	38.9130434782609
A_PB2	72	23	T	0	0	23	37.0434782608696
A_PB2	73	23	G	0	0	23	38.9130434782609
A_PB2	74	23	T	0	0	23	39.1304347826087
A_PB2	75	23	G	0	0	23	37.5217391304348
A_PB2	76	23	G	0	0	23	38.3478260869565
A_PB2	77	23	A	0	0	23	37.3913043478261
A_PB2	78	23	C	0	0	23	38.6086956521739
A_PB2	79	23	C	0	0	23	38.4347826086956
A_PB2	80	22	A	1	0	22	38.0454545454545
A_PB2	81	22	T	1	0	22	38.6818181818182
A_PB2	82	23	A	0	0	23	37.0869565217391
A_PB2	83	23	T	0	0	23	37.3913043478261
A_PB2	84	23	G	0	0	23	36.9565217391304
A_PB2	85	23	G	0	0	23	36.6521739130435
A_PB2	86	23	C	0	0	23	36.7826086956522
A_PB2	87	23	C	0	0	23	38.8260869565217
A_PB2	88	23	A	0	0	23	37.8695652173913
A_PB2	89	23	T	0	0	23	37.4782608695652
A_PB2	90	23	C	0	0	23	37.2173913043478
A_PB2	91	23	A	0	0	23	37.2608695652174
A_PB2	92	23	T	0	0	23	37.7391304347826
A_PB2	93	23	C	0	0	23	37.5652173913044
A_PB2	94	23	A	0	0	23	37.4347826086956
A_PB2	95	23	A	0	0	23	35.7826086956522
A_PB2	96	23	G	0	0	23	35.2608695652174
A_PB2	97	23	A	0	0	23	37.2173913043478
A_PB2	98	23	A	0	0	22	36.9090909090909
A_PB2	99	23	G	0	0	22	38.6818181818182
A_PB2	100	23	T	0	0	23	37
A_PB2	101	23	A	0	0	22	37.1818181818182
A_PB2	102	23	C	0	0	23	36.4782608695652
A_PB2	103	23	A	0	0	22	37.0454545454545
A_PB2	104	23	C	0	0	23	35.3913043478261
A_PB2	105	22	A	1	0	22	36
A_PB2	106	23	T	0	0	23	34.1739130434783
A_PB2	107	23	C	0	0	23	34.8695652173913
A_PB2	108	23	G	0	0	23	35.8260869565217
A_PB2	109	23	G	0	0	23	34.8695652173913
A_PB2	110	23	G	0	0	23	35.9130434782609
A_PB2	111	23	A	0	0	23	36
A_PB2	112	23	A	0	0	23	37.6521739130435
A_PB2	113	23	G	0	0	23	36.9565217391304
A_PB2	114	23	G	0	0	23	37.3913043478261
A_PB2	115	23	C	0	0	23	36.695652173913
A_PB2	116	23	A	0	0	23	33.8695652173913
A_PB2	117	23	A	0	0	22	33.4090909090909
A_PB2	118	23	G	0	0	23	31.3478260869565
A_PB2	119	23	A	0	0	23	32.3478260869565
A_PB2	120	22	G	1	0	22	33.3181818181818
A_PB2	121	23	A	0	0	23	33.8695652173913
A_PB2	122	23	A	0	0	23	33.1739130434783
A_PB2	123	23	G	0	0	23	34.5217391304348
A_PB2	124	23	A	0	0	23	36
A_PB2	125	23	A	0	0	23	38.6086956521739
A_PB2	126	23	C	0	0	22	36.9090909090909
A_PB2	127	23	C	0	0	23	36.2608695652174
A_PB2	128	23	C	0	0	23	37.1304347826087
A_PB2	129	23	C	0	0	23	35.5652173913044
A_PB2	130	23	G	0	0	23	34.9130434782609
A_PB2	131	23	C	0	0	22	36.0909090909091
A_PB2	132	23	G	0	0	23	37.0434782608696
A_PB2	133	22	C	1	0	21	37.8095238095238
A_PB2	134	22	T	1	0	21	39.4761904761905
A_PB2	135	22	C	1	0	21	38.6666666666667
A_PB2	136	23	A	0	0	23	40
A_PB2	137	23	G	0	0	23	40.4782608695652
A_PB2	138	23	G	0	0	23	41.9130434782609
A_PB2	139	23	A	0	0	23	40.2173913043478
A_PB2	140	23	T	0	0	23	40.5652173913044
A_PB2	141	23	G	0	0	23	39.3913043478261
A_PB2	142	23	A	0	0	23	38.9130434782609
A_PB2	143	23	A	0	0	23	39.7826086956522
A_PB2	144	23	G	0	0	23	38.7391304347826
A_PB2	145	23	T	0	0	23	37.695652173913
A_PB2	146	23	G	0	0	22	37.4090909090909
A_PB2	147	23	G	0	0	23	36.1304347826087
A_PB2	148	23	A	0	0	23	36.304347826087
A_PB2	149	23	T	0	0	23	37.304347826087
A_PB2	150	23	G	0	0	23	38.1304347826087
A_PB2	151	22	A	0	0	22	38.5909090909091
A_PB2	152	22	T	0	0	22	38
A_PB2	153	22	G	0	0	22	37.9090909090909
A_PB2	154	22	G	0	0	22	37.7272727272727
A_PB2	155	22	C	0	0	22	37.7272727272727
A_PB2	156	22	A	0	0	22	40.9545454545455
A_PB2	157	22	A	0	0	22	39.5
A_PB2	158	22	T	0	0	22	39.9090909090909
A_PB2	159	22	G	0	0	22	40.6363636363636
A_PB2	160	22	A	0	0	22	39.6363636363636
A_PB2	161	22	A	0	0	22	40.1818181818182
A_PB2	162	22	A	0	0	22	41.0909090909091
A_PB2	163	22	T	0	0	22	40.1363636363636
A_PB2	164	22	A	0	0	22	38.0909090909091
A_PB2	165	22	C	0	0	22	38.7727272727273
A_PB2	166	22	C	0	0	22	36.8181818181818
A_PB2	167	22	C	0	0	22	37.0454545454545
A_PB2	168	22	A	0	0	22	37.6818181818182
A_PB2	169	22	A	0	0	22	38.7272727272727
A_PB2	170	22	T	0	0	22	38.4545454545455
A_PB2	171	22	T	0	0	22	37.7272727272727
A_PB2	172	22	A	0	0	22	37.8636363636364
A_PB2	173	22	C	0	0	22	35.1818181818182
A_PB2	174	22	G	0	0	22	34.6818181818182
A_PB2	175	22	G	0	0	22	35.8636363636364
A_PB2	176	22	C	0	0	22	36.5454545454545
A_PB2	177	22	A	0	0	22	36.0909090909091
A_PB2	178	22	G	0	0	22	38.3636363636364
A_PB2	179	22	A	0	0	22	38.0454545454545
A_PB2	180	22	C	0	0	22	39.6818181818182
A_PB2	181	22	A	0	0	22	38.7727272727273
A_PB2	182	22	A	0	0	22	38.9090909090909
A_PB2	183	22	G	0	0	22	37.0909090909091
A_PB2	184	22	A	0	0	22	38.3181818181818
A_PB2	185	22	G	0	0	22	36.5909090909091
A_PB2	186	22	A	0	0	22	37.8636363636364
A_PB2	187	22	A	0	0	22	37.4090909090909
A_PB2	188	22	T	0	0	22	37.6818181818182
A_PB2	189	22	A	0	0	22	36.5909090909091
A_PB2	190	22	A	0	0	22	37.2272727272727
A_PB2	191	22	T	0	0	22	36.1363636363636
A_PB2	192	22	G	0	0	22	37.9090909090909
A_PB2	193	22	G	0	0	22	37.7727272727273
A_PB2	194	22	A	0	0	22	37.6363636363636
A_PB2	195	22	C	0	0	22	37.3181818181818
A_PB2	196	22	A	0	0	22	37.4090909090909
A_PB2	197	22	T	0	0	22	38.5909090909091
A_PB2	198	22	G	0	0	22	38.1818181818182
A_PB2	199	22	A	0	0	22	36.2727272727273
A_PB2	200	22	T	0	0	22	37.0454545454545
A_PB2	201	22	C	0	0	22	36.4090909090909
A_PB2	202	22	C	0	0	22	37.1818181818182
A_PB2	203	22	C	0	0	22	34.8181818181818
A_PB2	204	21	A	1	0	21	33.7142857142857
A_PB2	205	21	G	1	0	20	34.45
A_PB2	206	22	A	0	0	22	35.6818181818182
A_PB2	207	22	G	0	0	22	32.8181818181818
A_PB2	208	22	A	0	0	22	36.2727272727273
A_PB2	209	22	G	0	0	22	36.5
A_PB2	210	22	G	0	0	22	37.6363636363636
A_PB2	211	22	A	0	0	22	39.0454545454545
A_PB2	212	22	A	0	0	22	40.0909090909091
A_PB2	213	22	T	0	0	22	39.7727272727273
A_PB2	214	22	G	0	0	22	37.7727272727273
A_PB2	215	22	A	0	0	21	39.0952380952381
A_PB2	216	22	A	0	0	22	38.4545454545455
A_PB2	217	22	C	0	0	22	38.9545454545455
A_PB2	218	22	A	0	0	22	36.8636363636364
A_PB2	219	22	A	0	0	22	40.3636363636364
A_PB2	220	22	G	0	0	22	40.1363636363636
A_PB2	221	22	G	0	0	22	39.6818181818182
A_PB2	222	22	A	0	0	22	37.7272727272727
A_PB2	223	22	C	0	0	22	37.7272727272727
A_PB2	224	22	A	0	0	22	37.6363636363636
A_PB2	225	22	G	0	0	22	37.3181818181818
A_PB2	226	22	T	0	0	22	37.9545454545455
A_PB2	227	22	C	0	0	22	36.0909090909091
A_PB2	228	22	C	0	0	22	37
A_PB2	229	22	C	0	0	22	35.7272727272727
A_PB2	230	22	T	0	0	22	35.9545454545455
A_PB2	231	22	C	0	0	22	35.8181818181818
A_PB2	232	22	T	0	0	22	35.9545454545455
A_PB2	233	21	G	1	0	21	35.2380952380952
A_PB2	234	22	G	0	0	22	37.2272727272727
A_PB2	235	22	A	0	0	22	36.6363636363636
A_PB2	236	22	G	0	0	22	37.3636363636364
A_PB2	237	22	C	0	0	22	40.1363636363636
A_PB2	238	21	A	1	0	21	39.4285714285714
A_PB2	239	22	A	0	0	22	39.6363636363636
A_PB2	240	22	A	0	0	22	39.9545454545455
A_PB2	241	22	A	0	0	22	41.2272727272727
A_PB2	242	22	T	0	0	22	40.4090909090909
A_PB2	243	22	G	0	0	22	38.6363636363636
A_PB2	244	22	A	0	0	22	39.5454545454545
A_PB2	245	22	A	0	0	22	41.0454545454545
A_PB2	246	22	C	0	0	22	40.6363636363636
A_PB2	247	22	G	0	0	22	41.2727272727273
A_PB2	248	22	A	0	0	22	40
A_PB2	249	22	T	0	0	22	41.8636363636364
A_PB2	250	22	G	0	0	22	40
A_PB2	251	22	C	0	0	22	40.6363636363636
A_PB2	252	22	T	0	0	22	39.3636363636364
A_PB2	253	22	G	0	0	22	37.4545454545455
A_PB2	254	22	G	0	0	22	37.5454545454545
A_PB2	255	22	A	0	0	22	36.9090909090909
A_PB2	256	22	T	0	0	22	37.0454545454545
A_PB2	257	22	C	0	0	22	38.5909090909091
A_PB2	258	22	A	0	0	22	40.0454545454545
A_PB2	259	22	G	0	0	22	38.8181818181818
A_PB2	260	22	A	0	0	22	38.5909090909091
A_PB2	261	22	T	0	0	22	38.0454545454545
A_PB2	262	22	C	0	0	22	36.5454545454545
A_PB2	263	22	G	0	0	21	37.1904761904762
A_PB2	264	22	A	0	0	22	40.0454545454545
A_PB2	265	22	G	0	0	22	39.7727272727273
A_PB2	266	22	T	0	0	21	38.9523809523809
A_PB2	267	22	G	0	0	21	41.4285714285714
A_PB2	268	21	A	0	0	21	42.4761904761905
A_PB2	269	21	T	0	0	21	42.0952380952381
A_PB2	270	21	G	0	0	21	42.0952380952381
A_PB2	271	21	G	0	0	20	40.95
A_PB2	272	21	T	0	0	20	42.4
A_PB2	273	21	A	0	0	21	39.2857142857143
A_PB2	274	21	T	0	0	21	37.2380952380952
A_PB2	275	21	C	0	0	21	37.4761904761905
A_PB2	276	21	A	0	0	21	37.0476190476191
A_PB2	277	21	C	0	0	21	37.8095238095238
A_PB2	278	21	C	0	0	21	37.7619047619048
A_PB2	279	21	T	0	0	21	39.9047619047619
A_PB2	280	21	C	0	0	21	39.3333333333333
A_PB2	281	21	T	0	0	21	39
A_PB2	282	21	G	0	0	21	38.2380952380952
A_PB2	283	21	G	0	0	21	37.8571428571429
A_PB2	284	21	C	0	0	21	37.2380952380952
A_PB2	285	21	A	0	0	21	38.3809523809524
A_PB2	286	21	G	0	0	21	38.8571428571429
A_PB2	287	21	T	0	0	21	38.8095238095238
A_PB2	288	21	A	0	0	21	38.1904761904762
A_PB2	289	21	A	0	0	21	37.3809523809524
A_PB2	290	21	C	0	0	21	38.4285714285714
A_PB2	291	21	G	0	0	21	36
A_PB2	292	21	T	0	0	21	37.8095238095238
A_PB2	293	21	G	0	0	21	36.0952380952381
A_PB2	294	21	G	0	0	21	36.2857142857143
A_PB2	295	21	T	0	0	21	38.0952380952381
A_PB2	296	21	G	0	0	21	38.7619047619048
A_PB2	297	21	G	0	0	21	39.5714285714286
A_PB2	298	21	A	0	0	21	38.3809523809524
A_PB2	299	21	A	0	0	21	37.4285714285714
A_PB2	300	21	T	0	0	21	37.4761904761905
A_PB2	301	21	A	0	0	21	36
A_PB2	302	21	G	0	0	21	37.9523809523809
A_PB2	303	21	G	0	0	21	38.2857142857143
A_PB2	304	21	A	0	0	21	37.4285714285714
A_PB2	305	21	A	0	0	21	37.7142857142857
A_PB2	306	21	T	0	0	21	39
A_PB2	307	21	G	0	0	20	38.6
A_PB2	308	21	G	0	0	21	36.8095238095238
A_PB2	309	21	T	0	0	21	37.6190476190476
A_PB2	310	21	C	0	0	21	35.4761904761905
A_PB2	311	21	C	0	0	21	36.0952380952381
A_PB2	312	21	A	0	0	21	37.5714285714286
A_PB2	313	21	A	0	0	21	39.6190476190476
A_PB2	314	21	C	0	0	21	39.3809523809524
A_PB2	315	21	A	0	0	21	36.7619047619048
A_PB2	316	20	A	0	0	20	37.55
A_PB2	317	20	C	0	0	20	37.55
A_PB2	318	20	A	0	0	20	35.4
A_PB2	319	20	A	0	0	20	34.25
A_PB2	320	20	G	0	0	20	33
A_PB2	321	20	T	0	0	20	35.05
A_PB2	322	20	A	0	0	20	34.05
A_PB2	323	20	C	0	0	20	35.75
A_PB2	324	20	A	0	0	20	34.75
A_PB2	325	20	G	0	0	20	35.8
A_PB2	326	20	T	0	0	20	35.45
A_PB2	327	20	T	0	0	20	36.75
A_PB2	328	20	C	0	0	20	38.9
A_PB2	329	20	A	0	0	20	40.2
A_PB2	330	20	T	0	0	20	39.85
A_PB2	331	20	T	0	0	20	39.55
A_PB2	332	20	A	0	0	20	38.05
A_PB2	333	20	C	0	0	20	39.4
A_PB2	334	20	C	0	0	20	39.6
A_PB2	335	20	C	0	0	20	39.3
A_PB2	336	20	T	0	0	20	37.75
A_PB2	337	20	A	0	0	20	38.35
A_PB2	338	20	A	0	0	20	36.2
A_PB2	339	20	G	0	0	20	35.9
A_PB2	340	20	G	0	0	20	35.35
A_PB2	341	20	T	0	0	20	35.75
A_PB2	342	20	A	0	0	20	36.1
A_PB2	343	20	T	0	0	20	36.4
A_PB2	344	20	A	0	0	20	36.5
A_PB2	345	18	T	0	0	18	33.8333333333333
A_PB2	346	18	A	0	0	18	34.2222222222222
A_PB2	347	18	A	0	0	18	35.4444444444444
A_PB2	348	18	A	0	0	18	35.3888888888889
A_PB2	349	18	A	0	0	18	34.7777777777778
A_PB2	350	18	C	0	0	18	34.6111111111111
A_PB2	351	18	T	0	0	18	36.0555555555556
A_PB2	352	18	T	0	0	18	35.4444444444444
A_PB2	353	18	A	0	0	18	33.0555555555556
A_PB2	354	18	T	0	0	18	34.1111111111111
A_PB2	355	18	T	0	0	18	33.7777777777778
A_PB2	356	18	T	0	0	18	33
A_PB2	357	18	C	0	0	18	32.3888888888889
A_PB2	358	17	G	1	0	17	33.6470588235294
A_PB2	359	17	A	1	0	17	36.5882352941176
A_PB2	360	18	A	0	0	18	34.5555555555556
A_PB2	361	18	A	0	0	18	35.1666666666667
A_PB2	362	18	A	0	0	18	36.4444444444444
A_PB2	363	18	A	0	0	18	39
A_PB2	364	18	G	0	0	17	40.1764705882353
A_PB2	365	18	T	0	0	18	36.4444444444444
A_PB2	366	18	C	0	0	17	37.2941176470588
A_PB2	367	18	G	0	0	17	40.2352941176471
A_PB2	368	18	A	0	0	18	37.5
A_PB2	369	18	A	0	0	18	38.6666666666667
A_PB2	370	18	A	0	0	18	38.9444444444444
A_PB2	371	18	G	0	0	18	36.2777777777778
A_PB2	372	18	G	0	0	18	37.3333333333333
A_PB2	373	18	T	0	0	18	37.7222222222222
A_PB2	374	18	T	0	0	18	36.4444444444444
A_PB2	375	16	A	2	0	15	37.6666666666667
A_PB2	376	16	A	2	0	16	37.625
A_PB2	377	18	A	0	0	18	39.0555555555556
A_PB2	378	18	A	0	0	18	38.2222222222222
A_PB2	379	18	C	0	0	18	36.8888888888889
A_PB2	380	18	A	0	0	18	36.6111111111111
A_PB2	381	18	T	0	0	18	36.2777777777778
A_PB2	382	18	G	0	0	18	35.4444444444444
A_PB2	383	18	G	0	0	18	36.2777777777778
A_PB2	384	18	T	0	0	18	35.6111111111111
A_PB2	385	18	A	0	0	18	34.5555555555556
A_PB2	386	18	C	0	0	18	32.8888888888889
A_PB2	387	18	C	0	0	17	33.8823529411765
A_PB2	388	18	T	0	0	18	33.2222222222222
A_PB2	389	18	T	0	0	18	32.4444444444444
A_PB2	390	18	C	0	0	18	32.2222222222222
A_PB2	391	18	G	0	0	18	32.7222222222222
A_PB2	392	18	G	0	0	18	36
A_PB2	393	18	C	0	0	18	35.8333333333333
A_PB2	394	18	C	0	0	18	35.3333333333333
A_PB2	395	18	C	0	0	18	36.2222222222222
A_PB2	396	18	T	0	0	18	37.2222222222222
A_PB2	397	18	G	0	0	18	37.5
A_PB2	398	18	T	0	0	18	36.8888888888889
A_PB2	399	18	C	0	0	16	36.6875
A_PB2	400	18	C	0	0	18	38.7222222222222
A_PB2	401	18	A	0	0	18	38.1666666666667
A_PB2	402	18	C	0	0	18	37.3333333333333
A_PB2	403	18	T	0	0	18	39.0555555555556
A_PB2	404	18	T	0	0	18	38.6666666666667
A_PB2	405	18	C	0	0	18	38
A_PB2	406	18	A	0	0	18	37.5555555555556
A_PB2	407	18	G	0	0	18	39.1111111111111
A_PB2	408	18	A	0	0	18	39.1666666666667
A_PB2	409	18	A	0	0	18	38.1111111111111
A_PB2	410	18	A	0	0	18	38.0555555555556
A_PB2	411	18	T	0	0	18	37.2777777777778
A_PB2	412	18	C	0	0	18	35.7222222222222
A_PB2	413	18	A	0	0	18	35.8333333333333
A_PB2	414	18	A	0	0	18	35.7777777777778
A_PB2	415	18	G	0	0	18	36.8333333333333
A_PB2	416	18	T	0	0	18	36
A_PB2	417	18	T	0	0	18	35.7222222222222
A_PB2	418	18	A	0	0	18	34.9444444444444
A_PB2	419	18	A	0	0	18	37.1111111111111
A_PB2	420	18	A	0	0	18	39.1666666666667
A_PB2	421	18	A	0	0	18	40.1666666666667
A_PB2	422	18	T	0	0	18	40.7777777777778
A_PB2	423	18	A	0	0	18	38.1666666666667
A_PB2	424	18	A	0	0	18	37.2222222222222
A_PB2	425	18	G	0	0	18	34.7777777777778
A_PB2	426	18	G	0	0	18	33.3888888888889
A_PB2	427	18	A	0	0	18	34.7777777777778
A_PB2	428	18	G	0	0	18	34.8333333333333
A_PB2	429	18	G	0	0	18	36.3333333333333
A_PB2	430	18	A	0	0	18	36.3333333333333
A_PB2	431	18	G	0	0	17	39.8235294117647
A_PB2	432	18	A	0	0	18	38.0555555555556
A_PB2	433	18	G	0	0	18	39.3888888888889
A_PB2	434	18	T	0	0	18	40.6666666666667
A_PB2	435	18	T	0	0	18	39.4444444444444
A_PB2	436	17	G	0	0	17	38.5294117647059
A_PB2	437	17	A	0	0	17	39.7058823529412
A_PB2	438	17	T	0	0	17	38.5882352941176
A_PB2	439	17	A	0	0	17	39.3529411764706
A_PB2	440	17	C	0	0	17	38
A_PB2	441	17	G	0	0	17	37.7058823529412
A_PB2	442	17	A	0	0	17	36.8235294117647
A_PB2	443	17	A	0	0	17	34.7647058823529
A_PB2	444	17	C	0	0	17	35.4705882352941
A_PB2	445	17	C	0	0	17	36.2941176470588
A_PB2	446	17	C	0	0	17	39.4117647058824
A_PB2	447	17	T	0	0	17	40.0588235294118
A_PB2	448	17	G	0	0	17	39.7647058823529
A_PB2	449	17	G	0	0	17	39.4705882352941
A_PB2	450	17	C	0	0	17	39.2941176470588
A_PB2	451	17	C	0	0	17	39.1764705882353
A_PB2	452	18	A	0	0	18	40.3333333333333
A_PB2	453	18	T	0	0	18	39.7777777777778
A_PB2	454	18	G	0	0	18	41.5555555555556
A_PB2	455	17	C	1	0	17	39.9411764705882
A_PB2	456	18	A	0	0	18	39.1111111111111
A_PB2	457	18	G	0	0	18	39.5555555555556
A_PB2	458	18	A	0	0	18	38.3888888888889
A_PB2	459	18	T	0	0	18	36
A_PB2	460	18	C	0	0	18	34.4444444444444
A_PB2	461	18	T	0	0	18	38.1111111111111
A_PB2	462	18	C	0	0	18	35.8333333333333
A_PB2	463	18	A	0	0	18	33.8888888888889
A_PB2	464	18	G	0	0	18	33.5
A_PB2	465	18	T	0	0	18	35.5555555555556
A_PB2	466	18	G	0	0	18	37.2222222222222
A_PB2	467	18	C	0	0	18	36.6666666666667
A_PB2	468	18	C	0	0	18	38.1111111111111
A_PB2	469	18	A	0	0	18	36.4444444444444
A_PB2	470	18	A	0	0	18	35.6111111111111
A_PB2	471	18	G	0	0	18	38.8888888888889
A_PB2	472	18	G	0	0	18	38.5
A_PB2	473	18	A	0	0	18	38.7222222222222
A_PB2	474	18	G	0	0	18	40.0555555555556
A_PB2	475	18	G	0	0	18	41.2777777777778
A_PB2	476	18	C	0	0	18	38.5
A_PB2	477	18	A	0	0	18	36.6666666666667
A_PB2	478	18	C	0	0	18	39.2777777777778
A_PB2	479	18	A	0	0	18	38.6666666666667
A_PB2	480	18	G	0	0	18	39
A_PB2	481	18	G	0	0	18	37.4444444444444
A_PB2	482	18	A	0	0	18	37.2222222222222
A_PB2	483	18	T	0	0	18	36.7777777777778
A_PB2	484	18	G	0	0	18	37.9444444444444
A_PB2	485	18	T	0	0	18	38.2222222222222
A_PB2	486	18	G	0	0	18	38.2222222222222
A_PB2	487	18	A	0	0	18	39.8888888888889
A_PB2	488	18	T	0	0	18	39.6111111111111
A_PB2	489	18	T	0	0	18	41.6111111111111
A_PB2	490	18	A	0	0	18	41.5555555555556
A_PB2	491	18	T	0	0	18	39.7222222222222
A_PB2	492	18	G	0	0	18	40.7222222222222
A_PB2	493	18	G	0	0	18	40.5
A_PB2	494	18	A	0	0	18	39.9444444444444
A_PB2	495	18	A	0	0	18	40
A_PB2	496	18	G	0	0	18	37.7777777777778
A_PB2	497	18	T	0	0	18	37.7777777777778
A_PB2	498	18	T	0	0	18	38.9444444444444
A_PB2	499	18	G	0	0	18	40.6111111111111
A_PB2	500	18	T	0	0	18	40.1666666666667
A_PB2	501	18	T	0	0	18	39.6666666666667
A_PB2	502	18	T	0	0	18	40.6111111111111
A_PB2	503	17	T	1	0	17	38.6470588235294
A_PB2	504	17	C	1	0	17	36.1176470588235
A_PB2	505	17	C	1	0	17	38.3529411764706
A_PB2	506	17	C	1	0	17	37.2941176470588
A_PB2	507	17	A	1	0	17	34.7647058823529
A_PB2	508	17	A	1	0	17	39.7058823529412
A_PB2	509	17	A	1	0	17	39.5294117647059
A_PB2	510	17	T	1	0	17	39.1176470588235
A_PB2	511	17	G	1	0	17	39.3529411764706
A_PB2	512	16	A	2	0	16	37.0625
A_PB2	513	17	A	1	0	17	37.7058823529412
A_PB2	514	17	G	1	0	17	37.8235294117647
A_PB2	515	17	T	1	0	17	36.6470588235294
A_PB2	516	17	G	1	0	17	36.1764705882353
A_PB2	517	17	G	1	0	17	37.1176470588235
A_PB2	518	17	G	1	0	17	36.7647058823529
A_PB2	519	17	G	1	0	17	37.7647058823529
A_PB2	520	16	G	2	0	16	40.875
A_PB2	521	16	C	2	0	16	39.4375
A_PB2	522	16	A	2	0	16	39.3125
A_PB2	523	17	A	1	0	17	37.5882352941176
A_PB2	524	17	G	1	0	17	36
A_PB2	525	17	A	1	0	17	36.8235294117647
A_PB2	526	17	A	1	0	17	36
A_PB2	527	17	T	1	0	17	35.6470588235294
A_PB2	528	17	A	1	0	17	36.4705882352941
A_PB2	529	17	C	1	0	17	37
A_PB2	530	17	T	1	0	17	38.3529411764706
A_PB2	531	17	G	1	0	17	39.6470588235294
A_PB2	532	17	A	1	0	17	40.4117647058824
A_PB2	533	17	C	1	0	17	40.1764705882353
A_PB2	534	17	A	1	0	16	39
A_PB2	535	17	T	1	0	17	40.2941176470588
A_PB2	536	17	C	1	0	16	41.125
A_PB2	537	17	A	1	0	17	42.4117647058824
A_PB2	538	17	G	1	0	17	38.6470588235294
A_PB2	539	17	A	1	0	17	38.4117647058824
A_PB2	540	17	G	1	0	17	36.5882352941176
A_PB2	541	17	T	1	0	17	36.4117647058824
A_PB2	542	17	C	1	0	17	32
A_PB2	543	17	A	1	0	17	32.2352941176471
A_PB2	544	17	C	1	0	17	33.8823529411765
A_PB2	545	17	A	1	0	17	35.1176470588235
A_PB2	546	17	G	1	0	17	36.8235294117647
A_PB2	547	16	C	2	0	16	37.3125
A_PB2	548	17	T	1	0	17	38.1764705882353
A_PB2	549	17	G	1	0	17	40
A_PB2	550	17	G	1	0	17	38
A_PB2	551	17	C	1	0	17	39.1764705882353
A_PB2	552	17	A	1	0	17	40.2941176470588
A_PB2	553	17	A	1	0	17	41.2352941176471
A_PB2	554	17	T	1	0	16	43
A_PB2	555	17	A	1	0	16	39.1875
A_PB2	556	17	A	1	0	17	40.7058823529412
A_PB2	557	17	C	1	0	17	38.5294117647059
A_PB2	558	17	A	1	0	17	33.7058823529412
A_PB2	559	17	A	1	0	17	32.4117647058824
A_PB2	560	17	G	1	0	17	32.0588235294118
A_PB2	561	17	A	1	0	17	31.6470588235294
A_PB2	562	17	G	1	0	17	32.2352941176471
A_PB2	563	17	A	1	0	17	33.8823529411765
A_PB2	564	17	G	1	0	17	35
A_PB2	565	17	A	1	0	17	37.5882352941176
A_PB2	566	17	A	1	0	17	37.6470588235294
A_PB2	567	17	G	1	0	17	38.6470588235294
A_PB2	568	17	A	1	0	17	39
A_PB2	569	17	A	1	0	17	38.6470588235294
A_PB2	570	17	A	1	0	17	38.4705882352941
A_PB2	571	17	G	1	0	17	39.0588235294118
A_PB2	572	17	A	1	0	17	39.5882352941176
A_PB2	573	17	A	1	0	17	39.2352941176471
A_PB2	574	17	G	1	0	17	38.6470588235294
A_PB2	575	17	A	1	0	17	39.0588235294118
A_PB2	576	17	G	1	0	17	38.6470588235294
A_PB2	577	17	C	1	0	17	37.8823529411765
A_PB2	578	17	T	1	0	17	37
A_PB2	579	17	C	1	0	17	35.5882352941176
A_PB2	580	17	C	1	0	17	35.5882352941176
A_PB2	581	17	A	1	0	17	34.8823529411765
A_PB2	582	17	G	1	0	17	35.5882352941176
A_PB2	583	16	A	2	0	16	40.8125
A_PB2	584	17	A	1	0	17	38.5882352941176
A_PB2	585	17	T	1	0	16	40.125
A_PB2	586	17	T	1	0	17	38.8823529411765
A_PB2	587	17	G	1	0	17	37.5294117647059
A_PB2	588	17	T	1	0	17	39.1764705882353
A_PB2	589	17	A	1	0	17	37.8823529411765
A_PB2	590	17	A	1	0	17	39.3529411764706
A_PB2	591	17	A	1	0	17	37.8235294117647
A_PB2	592	17	A	1	0	17	37.4117647058824
A_PB2	593	17	T	1	0	17	37.4117647058824
A_PB2	594	17	T	1	0	17	36.9411764705882
A_PB2	595	17	G	1	0	17	36.8823529411765
A_PB2	596	17	C	1	0	17	37.8823529411765
A_PB2	597	17	T	1	0	17	39
A_PB2	598	17	C	1	0	17	36.9411764705882
A_PB2	599	17	C	1	0	17	36.8823529411765
A_PB2	600	17	A	1	0	17	35.5882352941176
A_PB2	601	17	T	1	0	17	35.2941176470588
A_PB2	602	17	T	1	0	17	37.3529411764706
A_PB2	603	17	G	1	0	17	39.0588235294118
A_PB2	604	17	A	1	0	17	39.8235294117647
A_PB2	605	17	T	1	0	17	40.4705882352941
A_PB2	606	17	G	1	0	17	40.6470588235294
A_PB2	607	17	G	1	0	17	38.4705882352941
A_PB2	608	17	T	1	0	17	40.7058823529412
A_PB2	609	17	G	1	0	17	40
A_PB2	610	17	G	1	0	17	39.1764705882353
A_PB2	611	17	C	1	0	17	36.5882352941176
A_PB2	612	17	G	1	0	17	36.7647058823529
A_PB2	613	17	T	1	0	17	35.2941176470588
A_PB2	614	17	A	1	0	17	34.2352941176471
A_PB2	615	17	C	1	0	17	36.6470588235294
A_PB2	616	17	A	1	0	17	36.2352941176471
A_PB2	617	17	T	1	0	17	35.3529411764706
A_PB2	618	17	G	1	0	17	36.8823529411765
A_PB2	619	17	T	1	0	17	34.9411764705882
A_PB2	620	17	T	1	0	17	32
A_PB2	621	16	A	2	0	16	30.6875
A_PB2	622	16	G	2	0	16	31.5625
A_PB2	623	16	A	2	0	16	30.5625
A_PB2	624	16	A	2	0	16	28.5625
A_PB2	625	16	A	2	0	15	30.8
A_PB2	626	16	G	2	0	16	30.0625
A_PB2	627	16	A	2	0	16	33.5625
A_PB2	628	16	G	2	0	16	32.5
A_PB2	629	17	A	1	0	17	34.0588235294118
A_PB2	630	17	A	1	0	17	33.9411764705882
A_PB2	631	17	T	1	0	16	36.6875
A_PB2	632	17	T	1	0	17	34.5294117647059
A_PB2	633	17	G	1	0	16	37.5625
A_PB2	634	17	G	1	0	17	39.4117647058824
A_PB2	635	17	T	1	0	17	40.7058823529412
A_PB2	636	17	C	1	0	16	41.4375
A_PB2	637	17	C	1	0	16	41.0625
A_PB2	638	17	G	1	0	17	39
A_PB2	639	17	T	1	0	17	39.2352941176471
A_PB2	640	17	A	1	0	17	39.4117647058824
A_PB2	641	17	A	1	0	17	38.5294117647059
A_PB2	642	16	A	1	0	16	40.75
A_PB2	643	16	A	1	0	16	40.75
A_PB2	644	16	C	1	0	16	40.3125
A_PB2	645	15	A	2	0	15	38.7333333333333
A_PB2	646	15	A	2	0	15	39.5333333333333
A_PB2	647	15	G	2	0	14	39.2857142857143
A_PB2	648	15	G	2	0	15	41.2666666666667
A_PB2	649	15	T	2	0	15	40.8666666666667
A_PB2	650	15	T	2	0	14	40.1428571428571
A_PB2	651	15	T	2	0	15	43.9333333333333
A_PB2	652	15	C	2	0	15	41
A_PB2	653	15	T	2	0	15	39.7333333333333
A_PB2	654	15	C	2	0	15	37.2
A_PB2	655	15	C	2	0	15	39.0666666666667
A_PB2	656	15	C	2	0	14	36.5
A_PB2	657	15	A	2	0	15	32.6
A_PB2	658	15	G	2	0	15	34.0666666666667
A_PB2	659	15	T	2	0	15	36.7333333333333
A_PB2	660	15	A	2	0	15	38.4
A_PB2	661	15	G	2	0	15	41.3333333333333
A_PB2	662	15	C	2	0	15	38.0666666666667
A_PB2	663	15	C	2	0	15	38.4
A_PB2	664	15	G	2	0	15	36.3333333333333
A_PB2	665	15	G	2	0	15	38.4666666666667
A_PB2	666	15	T	2	0	15	37.7333333333333
A_PB2	667	14	G	3	0	14	38.2142857142857
A_PB2	668	15	G	2	0	15	38.7333333333333
A_PB2	669	15	G	2	0	15	40.0666666666667
A_PB2	670	15	A	2	0	15	37.4666666666667
A_PB2	671	15	C	2	0	15	39.5333333333333
A_PB2	672	15	A	2	0	15	41.3333333333333
A_PB2	673	15	A	2	0	15	38.4
A_PB2	674	15	G	2	0	15	38
A_PB2	675	15	C	2	0	15	36.4666666666667
A_PB2	676	15	A	2	0	15	36.2666666666667
A_PB2	677	15	G	2	0	15	36.2666666666667
A_PB2	678	15	T	2	0	15	39.3333333333333
A_PB2	679	15	G	2	0	15	39.8
A_PB2	680	15	T	2	0	15	40.4
A_PB2	681	15	T	2	0	15	41.8
A_PB2	682	15	T	2	0	15	41.5333333333333
A_PB2	683	15	A	2	0	15	40.6
A_PB2	684	15	T	2	0	15	41.0666666666667
A_PB2	685	15	A	2	0	15	40.7333333333333
A_PB2	686	15	T	2	0	15	39.1333333333333
A_PB2	687	15	T	2	0	15	37.5333333333333
A_PB2	688	15	G	2	0	15	38.2666666666667
A_PB2	689	15	A	2	0	15	37.8666666666667
A_PB2	690	15	G	2	0	15	37.9333333333333
A_PB2	691	15	G	2	0	15	39.8666666666667
A_PB2	692	15	T	2	0	15	40.2
A_PB2	693	15	G	2	0	15	40.7333333333333
A_PB2	694	15	T	2	0	15	41.8666666666667
A_PB2	695	15	T	2	0	15	42.3333333333333
A_PB2	696	15	G	2	0	15	43.5333333333333
A_PB2	697	15	C	2	0	15	42.9333333333333
A_PB2	698	15	A	2	0	15	41.6666666666667
A_PB2	699	15	C	2	0	14	42.5
A_PB2	700	15	T	2	0	15	41.2666666666667
A_PB2	701	15	T	2	0	15	42.1333333333333
A_PB2	702	15	G	2	0	15	40.2666666666667
A_PB2	703	15	A	2	0	15	41.0666666666667
A_PB2	704	15	C	2	0	15	42.8666666666667
A_PB2	705	15	C	2	0	15	42.9333333333333
A_PB2	706	15	C	2	0	15	42
A_PB2	707	15	A	2	0	15	39.5333333333333
A_PB2	708	15	A	2	0	15	40.2
A_PB2	709	14	G	3	0	14	40.4285714285714
A_PB2	710	15	G	2	0	15	41
A_PB2	711	15	G	2	0	15	42
A_PB2	712	15	A	2	0	15	41.6666666666667
A_PB2	713	15	C	2	0	15	39.9333333333333
A_PB2	714	15	G	2	0	15	39.4
A_PB2	715	15	T	2	0	15	38.7333333333333
A_PB2	716	15	G	2	0	15	37.7333333333333
A_PB2	717	15	C	2	0	15	37.8666666666667
A_PB2	718	15	T	2	0	15	37.1333333333333
A_PB2	719	15	G	2	0	15	37.2666666666667
A_PB2	720	15	G	2	0	15	37.6
A_PB2	721	15	G	2	0	15	37.7333333333333
A_PB2	722	15	A	2	0	15	39.1333333333333
A_PB2	723	15	G	2	0	15	39.8666666666667
A_PB2	724	15	C	2	0	15	41.8666666666667
A_PB2	725	15	A	2	0	15	41.7333333333333
A_PB2	726	15	G	2	0	15	40.1333333333333
A_PB2	727	15	A	2	0	15	41.6666666666667
A_PB2	728	15	T	2	0	15	41.1333333333333
A_PB2	729	15	G	2	0	15	41.0666666666667
A_PB2	730	15	T	2	0	15	41.4666666666667
A_PB2	731	15	A	2	0	15	38.8666666666667
A_PB2	732	14	C	3	0	14	39.5714285714286
A_PB2	733	15	A	2	0	14	38.2857142857143
A_PB2	734	15	C	2	0	15	36.5333333333333
A_PB2	735	15	T	2	0	15	38.8
A_PB2	736	15	C	2	0	14	39.1428571428571
A_PB2	737	15	C	2	0	15	37.8
A_PB2	738	15	A	2	0	15	39.4666666666667
A_PB2	739	15	G	2	0	15	37.5333333333333
A_PB2	740	15	G	2	0	15	38
A_PB2	741	15	A	2	0	15	40.2666666666667
A_PB2	742	15	G	2	0	15	41.4666666666667
A_PB2	743	15	G	2	0	15	41.7333333333333
A_PB2	744	15	A	2	0	15	39.8
A_PB2	745	15	G	2	0	15	38.4
A_PB2	746	15	A	2	0	15	40.7333333333333
A_PB2	747	15	A	2	0	15	40.3333333333333
A_PB2	748	15	G	2	0	15	41.4
A_PB2	749	15	T	2	0	15	41.8666666666667
A_PB2	750	15	G	2	0	15	37.8666666666667
A_PB2	751	15	A	2	0	15	38.4
A_PB2	752	15	G	2	0	15	36.7333333333333
A_PB2	753	15	A	2	0	15	38.4666666666667
A_PB2	754	15	A	2	0	15	39
A_PB2	755	15	A	2	0	15	39.6
A_PB2	756	15	T	2	0	15	38.3333333333333
A_PB2	757	15	G	2	0	15	38.9333333333333
A_PB2	758	15	A	2	0	15	38.7333333333333
A_PB2	759	15	T	2	0	15	40.8
A_PB2	760	15	G	2	0	15	40.8
A_PB2	761	15	A	2	0	15	42.7333333333333
A_PB2	762	15	T	2	0	15	42.8
A_PB2	763	15	G	2	0	15	41.8666666666667
A_PB2	764	14	T	3	0	14	43.4285714285714
A_PB2	765	15	T	2	0	14	43.7857142857143
A_PB2	766	15	G	2	0	13	42.4615384615385
A_PB2	767	15	A	2	0	15	42.4
A_PB2	768	15	C	2	0	15	42.6666666666667
A_PB2	769	15	C	2	0	14	44.1428571428571
A_PB2	770	15	A	2	0	15	42.5333333333333
A_PB2	771	15	A	2	0	15	43
A_PB2	772	15	A	2	0	15	42.9333333333333
A_PB2	773	15	G	2	0	15	42.5333333333333
A_PB2	774	15	C	2	0	15	43.9333333333333
A_PB2	775	15	T	2	0	15	43.2
A_PB2	776	15	T	2	0	15	40.9333333333333
A_PB2	777	15	G	2	0	15	41.1333333333333
A_PB2	778	15	A	2	0	15	40
A_PB2	779	15	T	2	0	15	40.8
A_PB2	780	15	T	2	0	15	40.2
A_PB2	781	15	A	2	0	15	43.2666666666667
A_PB2	782	15	T	2	0	15	42.4666666666667
A_PB2	783	15	C	2	0	15	40.8666666666667
A_PB2	784	15	G	2	0	15	40.8666666666667
A_PB2	785	15	C	2	0	15	42.1333333333333
A_PB2	786	15	T	2	0	15	39
A_PB2	787	15	G	2	0	15	38.5333333333333
A_PB2	788	15	C	2	0	15	38.7333333333333
A_PB2	789	15	T	2	0	15	40.4
A_PB2	790	15	A	2	0	15	38.6666666666667
A_PB2	791	15	G	2	0	15	39.0666666666667
A_PB2	792	15	A	2	0	15	39.7333333333333
A_PB2	793	15	A	2	0	15	36.6666666666667
A_PB2	794	15	A	2	0	15	36.6
A_PB2	795	15	C	2	0	15	39
A_PB2	796	15	A	2	0	15	37.1333333333333
A_PB2	797	15	T	2	0	15	37.2
A_PB2	798	15	A	2	0	15	37
A_PB2	799	15	G	2	0	15	35
A_PB2	800	15	T	2	0	15	36.2666666666667
A_PB2	801	15	A	2	0	15	34.6
A_PB2	802	15	A	2	0	15	35.6
A_PB2	803	15	G	2	0	15	35.4
A_PB2	804	15	A	2	0	15	35.2666666666667
A_PB2	805	15	A	2	0	15	38.1333333333333
A_PB2	806	15	G	2	0	15	41.6
A_PB2	807	15	A	2	0	15	42.1333333333333
A_PB2	808	15	G	2	0	15	43.3333333333333
A_PB2	809	15	C	2	0	15	45.9333333333333
A_PB2	810	15	A	2	0	15	43.8666666666667
A_PB2	811	15	G	2	0	15	45.2
A_PB2	812	15	C	2	0	15	42.3333333333333
A_PB2	813	15	A	2	0	15	43.2666666666667
A_PB2	814	15	G	2	0	15	44.4666666666667
A_PB2	815	15	T	2	0	15	42.5333333333333
A_PB2	816	15	G	2	0	15	44.6
A_PB2	817	15	T	2	0	15	45
A_PB2	818	15	C	2	0	15	41.1333333333333
A_PB2	819	15	A	2	0	15	39.7333333333333
A_PB2	820	15	G	2	0	15	41.0666666666667
A_PB2	821	15	C	2	0	15	41.9333333333333
A_PB2	822	15	A	2	0	15	39.7333333333333
A_PB2	823	15	G	2	0	15	41.7333333333333
A_PB2	824	15	A	2	0	15	40.8
A_PB2	825	15	C	2	0	15	39.2666666666667
A_PB2	826	15	C	2	0	15	37.3333333333333
A_PB2	827	15	C	2	0	15	37.5333333333333
A_PB2	828	15	A	2	0	15	34.9333333333333
A_PB2	829	15	T	2	0	15	37.5333333333333
A_PB2	830	15	T	2	0	15	36.3333333333333
A_PB2	831	15	A	2	0	15	32.7333333333333
A_PB2	832	15	G	2	0	15	33.7333333333333
A_PB2	833	15	C	2	0	15	35.6
A_PB2	834	15	A	2	0	15	37.4666666666667
A_PB2	835	14	T	3	0	14	40.5714285714286
A_PB2	836	14	C	3	0	14	39.6428571428571
A_PB2	837	14	T	3	0	14	41.2857142857143
A_PB2	838	14	C	3	0	14	41.6428571428571
A_PB2	839	14	T	3	0	14	40.8571428571429
A_PB2	840	14	C	3	0	14	38.0714285714286
A_PB2	841	14	T	3	0	14	38.3571428571429
A_PB2	842	15	T	2	0	15	39.6
A_PB2	843	15	G	2	0	15	39.0666666666667
A_PB2	844	15	G	2	0	15	38.4666666666667
A_PB2	845	15	A	2	0	15	40.1333333333333
A_PB2	846	15	G	2	0	15	41.4666666666667
A_PB2	847	15	A	2	0	15	41.7333333333333
A_PB2	848	15	T	2	0	15	40
A_PB2	849	15	G	2	0	15	40.2
A_PB2	850	15	T	2	0	15	42.2
A_PB2	851	15	G	2	0	15	37.6
A_PB2	852	15	C	2	0	15	37.5333333333333
A_PB2	853	15	C	2	0	15	37.9333333333333
A_PB2	854	15	A	2	0	15	38.2
A_PB2	855	15	C	2	0	15	38.8666666666667
A_PB2	856	15	A	2	0	15	42
A_PB2	857	15	G	2	0	15	43.1333333333333
A_PB2	858	15	C	2	0	15	42.5333333333333
A_PB2	859	15	A	2	0	15	42.7333333333333
A_PB2	860	15	C	2	0	15	42.4666666666667
A_PB2	861	15	A	2	0	15	40.5333333333333
A_PB2	862	15	C	2	0	15	42
A_PB2	863	15	A	2	0	15	39.8
A_PB2	864	15	G	2	0	15	40.2666666666667
A_PB2	865	15	A	2	0	15	39.3333333333333
A_PB2	866	15	T	2	0	15	39.4666666666667
A_PB2	867	15	T	2	0	15	38.6666666666667
A_PB2	868	15	G	2	0	15	37.6666666666667
A_PB2	869	15	G	2	0	15	38.9333333333333
A_PB2	870	15	A	2	0	15	40.6666666666667
A_PB2	871	15	G	2	0	15	43.1333333333333
A_PB2	872	15	G	2	0	15	43
A_PB2	873	15	T	2	0	15	42.9333333333333
A_PB2	874	15	G	2	0	15	40.9333333333333
A_PB2	875	15	T	2	0	15	41.3333333333333
A_PB2	876	15	G	2	0	15	41.8666666666667
A_PB2	877	15	A	2	0	15	43.0666666666667
A_PB2	878	15	A	2	0	15	43.6666666666667
A_PB2	879	15	G	2	0	15	43.6666666666667
A_PB2	880	15	A	2	0	15	41.7333333333333
A_PB2	881	15	T	2	0	15	42
A_PB2	882	15	G	2	0	15	40.8
A_PB2	883	15	G	2	0	15	39.2666666666667
A_PB2	884	15	T	2	0	15	39.6
A_PB2	885	15	G	2	0	15	37.5333333333333
A_PB2	886	15	G	2	0	15	40.4666666666667
A_PB2	887	15	A	2	0	15	41.4666666666667
A_PB2	888	15	C	2	0	15	40.7333333333333
A_PB2	889	15	A	2	0	15	42
A_PB2	890	15	T	2	0	15	42.8
A_PB2	891	15	C	2	0	15	40
A_PB2	892	15	C	2	0	15	38.6666666666667
A_PB2	893	15	T	2	0	14	37.8571428571429
A_PB2	894	15	T	2	0	15	33.8
A_PB2	895	14	A	3	0	14	33.4285714285714
A_PB2	896	15	A	2	0	15	33.3333333333333
A_PB2	897	15	A	2	0	15	35.4666666666667
A_PB2	898	15	C	2	0	15	36.4
A_PB2	899	15	A	2	0	15	39.3333333333333
A_PB2	900	15	G	2	0	15	39.6666666666667
A_PB2	901	15	A	2	0	15	41.8
A_PB2	902	15	A	2	0	15	39.9333333333333
A_PB2	903	15	T	2	0	15	40.9333333333333
A_PB2	904	15	C	2	0	15	40.8666666666667
A_PB2	905	15	C	2	0	15	41.3333333333333
A_PB2	906	15	A	2	0	15	40.2
A_PB2	907	15	A	2	0	15	41.4
A_PB2	908	15	C	2	0	15	41.6666666666667
A_PB2	909	15	T	2	0	15	40.6666666666667
A_PB2	910	15	G	2	0	15	41.2
A_PB2	911	15	A	2	0	15	41.6666666666667
A_PB2	912	15	G	2	0	15	39.8666666666667
A_PB2	913	15	G	2	0	15	40.6666666666667
A_PB2	914	15	A	2	0	15	42.1333333333333
A_PB2	915	15	G	2	0	15	40.7333333333333
A_PB2	916	15	C	2	0	15	40.8
A_PB2	917	15	A	2	0	15	39.7333333333333
A_PB2	918	15	A	2	0	15	38.0666666666667
A_PB2	919	15	G	2	0	15	38.7333333333333
A_PB2	920	15	C	2	0	15	36.7333333333333
A_PB2	921	15	C	2	0	15	35.9333333333333
A_PB2	922	15	G	2	0	15	36.2666666666667
A_PB2	923	15	T	2	0	15	37.2666666666667
A_PB2	924	15	A	2	0	15	40.6666666666667
A_PB2	925	15	G	2	0	15	41
A_PB2	926	15	A	2	0	15	40.3333333333333
A_PB2	927	15	C	2	0	15	41.3333333333333
A_PB2	928	15	A	2	0	15	42.9333333333333
A_PB2	929	15	T	2	0	15	43
A_PB2	930	15	A	2	0	15	41.6666666666667
A_PB2	931	15	T	2	0	15	42.6
A_PB2	932	15	G	2	0	15	41.8
A_PB2	933	15	C	2	0	15	40.4
A_PB2	934	15	A	2	0	15	40.6666666666667
A_PB2	935	15	A	2	0	15	39.3333333333333
A_PB2	936	15	G	2	0	15	39.9333333333333
A_PB2	937	15	G	2	0	15	41
A_PB2	938	15	C	2	0	15	40.9333333333333
A_PB2	939	15	A	2	0	14	37.7142857142857
A_PB2	940	15	G	2	0	15	41.6666666666667
A_PB2	941	15	C	2	0	15	40.8666666666667
A_PB2	942	15	A	2	0	15	39.9333333333333
A_PB2	943	15	A	2	0	15	39.6
A_PB2	944	15	T	2	0	15	39.9333333333333
A_PB2	945	15	A	2	0	14	39.2857142857143
A_PB2	946	15	G	2	0	15	37.7333333333333
A_PB2	947	15	G	2	0	15	41.1333333333333
A_PB2	948	15	G	2	0	15	38.2
A_PB2	949	15	T	2	0	15	38.3333333333333
A_PB2	950	15	T	2	0	15	39.0666666666667
A_PB2	951	14	G	3	0	14	39.5
A_PB2	952	15	A	2	0	15	39
A_PB2	953	15	G	2	0	15	41.4
A_PB2	954	15	G	2	0	15	40.8
A_PB2	955	15	A	2	0	15	40.8666666666667
A_PB2	956	15	T	2	0	15	39.4
A_PB2	957	15	T	2	0	13	37.4615384615385
A_PB2	958	15	A	2	0	13	37.7692307692308
A_PB2	959	15	G	2	0	14	37.7142857142857
A_PB2	960	15	C	2	0	13	37.3846153846154
A_PB2	961	15	T	2	0	15	38.4666666666667
A_PB2	962	15	C	2	0	15	35.4666666666667
A_PB2	963	15	A	2	0	14	36.5
A_PB2	964	15	T	2	0	15	36.9333333333333
A_PB2	965	15	C	2	0	15	35.2
A_PB2	966	14	T	3	0	14	31.5
A_PB2	967	15	T	2	0	15	33.6666666666667
A_PB2	968	15	T	2	0	15	35.6666666666667
A_PB2	969	15	C	2	0	15	33.7333333333333
A_PB2	970	15	A	2	0	15	33.4
A_PB2	971	15	G	2	0	15	34.6666666666667
A_PB2	972	15	T	2	0	15	37
A_PB2	973	15	T	2	0	15	34.0666666666667
A_PB2	974	15	T	2	0	15	33.8666666666667
A_PB2	975	15	T	2	0	15	34.6666666666667
A_PB2	976	15	G	2	0	15	36.3333333333333
A_PB2	977	15	G	2	0	15	40.2
A_PB2	978	15	T	2	0	15	39.8
A_PB2	979	15	G	2	0	15	40.4666666666667
A_PB2	980	15	G	2	0	15	41.2
A_PB2	981	15	G	2	0	15	41.4666666666667
A_PB2	982	15	T	2	0	15	43.2
A_PB2	983	15	T	2	0	15	44.8
A_PB2	984	15	C	2	0	15	42.8666666666667
A_PB2	985	15	A	2	0	15	44.1333333333333
A_PB2	986	15	C	2	0	15	43.6666666666667
A_PB2	987	15	T	2	0	15	42.0666666666667
A_PB2	988	15	T	2	0	15	41.6666666666667
A_PB2	989	15	T	2	0	15	41.1333333333333
A_PB2	990	15	C	2	0	15	39
A_PB2	991	15	A	2	0	15	37.4
A_PB2	992	15	A	2	0	15	35.0666666666667
A_PB2	993	15	A	2	0	15	34.7333333333333
A_PB2	994	15	A	2	0	15	34.6
A_PB2	995	15	G	2	0	15	39.6666666666667
A_PB2	996	15	G	2	0	15	38
A_PB2	997	15	A	2	0	15	38.8666666666667
A_PB2	998	15	C	2	0	15	43
A_PB2	999	15	A	2	0	15	43.3333333333333
A_PB2	1000	15	A	2	0	15	40.3333333333333
A_PB2	1001	15	G	2	0	15	41.0666666666667
A_PB2	1002	15	C	2	0	15	41.6666666666667
A_PB2	1003	15	G	2	0	15	41.0666666666667
A_PB2	1004	15	G	2	0	15	41.2666666666667
A_PB2	1005	15	A	2	0	15	39.6
A_PB2	1006	15	T	2	0	15	41
A_PB2	1007	15	C	2	0	15	38.8
A_PB2	1008	15	A	2	0	15	37.4
A_PB2	1009	15	T	2	0	15	37.8666666666667
A_PB2	1010	15	C	2	0	15	36.5333333333333
A_PB2	1011	15	A	2	0	15	36.3333333333333
A_PB2	1012	15	G	2	0	15	36.7333333333333
A_PB2	1013	15	T	2	0	15	37.5333333333333
A_PB2	1014	15	C	2	0	15	36.8
A_PB2	1015	15	A	2	0	15	35.4
A_PB2	1016	15	A	2	0	15	35.7333333333333
A_PB2	1017	15	G	2	0	15	34.2
A_PB2	1018	14	A	3	0	14	34.9285714285714
A_PB2	1019	14	A	3	0	14	36.5714285714286
A_PB2	1020	14	A	3	0	14	36.9285714285714
A_PB2	1021	14	G	3	0	14	36.3571428571429
A_PB2	1022	14	A	3	0	14	35.7142857142857
A_PB2	1023	15	A	2	0	15	37.3333333333333
A_PB2	1024	15	G	2	0	15	36.9333333333333
A_PB2	1025	15	A	2	0	15	38.1333333333333
A_PB2	1026	15	G	2	0	15	39.8
A_PB2	1027	15	G	2	0	15	39.6
A_PB2	1028	15	A	2	0	15	39
A_PB2	1029	15	A	2	0	15	40.8
A_PB2	1030	15	A	2	0	15	41.6
A_PB2	1031	15	T	2	0	15	41.2666666666667
A_PB2	1032	15	G	2	0	15	40.7333333333333
A_PB2	1033	15	C	2	0	15	42.2
A_PB2	1034	15	T	2	0	15	43
A_PB2	1035	15	A	2	0	15	42.4
A_PB2	1036	15	A	2	0	15	38.1333333333333
A_PB2	1037	15	C	2	0	15	38.6
A_PB2	1038	15	G	2	0	15	37.7333333333333
A_PB2	1039	15	G	2	0	15	37.5333333333333
A_PB2	1040	15	G	2	0	15	36.8
A_PB2	1041	14	C	3	0	13	37.2307692307692
A_PB2	1042	15	A	2	0	15	35.8
A_PB2	1043	15	A	2	0	15	37.4
A_PB2	1044	15	C	2	0	15	37.2
A_PB2	1045	15	C	2	0	15	37.2
A_PB2	1046	15	T	2	0	15	36.8
A_PB2	1047	15	C	2	0	15	36.0666666666667
A_PB2	1048	15	C	2	0	15	36.0666666666667
A_PB2	1049	15	A	2	0	15	37.2666666666667
A_PB2	1050	15	A	2	0	15	36.9333333333333
A_PB2	1051	15	A	2	0	15	37.8
A_PB2	1052	15	C	2	0	15	37.8
A_PB2	1053	15	A	2	0	15	37.1333333333333
A_PB2	1054	15	C	2	0	15	37
A_PB2	1055	15	T	2	0	15	35.6666666666667
A_PB2	1056	15	G	2	0	15	33.2
A_PB2	1057	15	A	2	0	15	34.1333333333333
A_PB2	1058	15	A	2	0	15	38.9333333333333
A_PB2	1059	15	A	2	0	15	41.1333333333333
A_PB2	1060	15	T	2	0	15	39.8
A_PB2	1061	15	T	2	0	15	40.2666666666667
A_PB2	1062	15	A	2	0	15	38.6
A_PB2	1063	15	A	2	0	15	39.4
A_PB2	1064	15	G	2	0	15	39.4
A_PB2	1065	15	A	2	0	15	39.2666666666667
A_PB2	1066	15	G	2	0	15	42.2666666666667
A_PB2	1067	15	T	2	0	15	41.7333333333333
A_PB2	1068	15	A	2	0	15	42.8
A_PB2	1069	15	C	2	0	15	43
A_PB2	1070	15	A	2	0	15	42.9333333333333
A_PB2	1071	15	T	2	0	15	42.0666666666667
A_PB2	1072	15	G	2	0	15	40.9333333333333
A_PB2	1073	15	A	2	0	15	41.8666666666667
A_PB2	1074	15	A	2	0	15	40.9333333333333
A_PB2	1075	15	G	2	0	15	41.0666666666667
A_PB2	1076	15	G	2	0	15	44.2
A_PB2	1077	15	G	2	0	15	43.2
A_PB2	1078	15	T	2	0	15	43.0666666666667
A_PB2	1079	15	A	2	0	15	41.0666666666667
A_PB2	1080	15	T	2	0	15	40.9333333333333
A_PB2	1081	15	G	2	0	15	39.2666666666667
A_PB2	1082	15	A	2	0	15	39.9333333333333
A_PB2	1083	15	A	2	0	15	40.3333333333333
A_PB2	1084	15	G	2	0	15	40.6
A_PB2	1085	15	A	2	0	15	39.3333333333333
A_PB2	1086	15	A	2	0	15	40.9333333333333
A_PB2	1087	15	T	2	0	15	39.7333333333333
A_PB2	1088	15	T	2	0	15	38.9333333333333
A_PB2	1089	15	C	2	0	15	38.8666666666667
A_PB2	1090	15	A	2	0	15	39.8
A_PB2	1091	15	C	2	0	15	38.9333333333333
A_PB2	1092	15	A	2	0	15	39.0666666666667
A_PB2	1093	15	A	2	0	15	41.8666666666667
A_PB2	1094	15	T	2	0	15	39.5333333333333
A_PB2	1095	15	G	2	0	15	41.0666666666667
A_PB2	1096	15	G	2	0	15	38.1333333333333
A_PB2	1097	15	T	2	0	15	37.7333333333333
A_PB2	1098	15	T	2	0	14	37.8571428571429
A_PB2	1099	15	G	2	0	15	36.5333333333333
A_PB2	1100	15	G	2	0	15	36.5333333333333
A_PB2	1101	15	G	2	0	15	38.9333333333333
A_PB2	1102	15	A	2	0	15	38.9333333333333
A_PB2	1103	15	G	2	0	15	39.2
A_PB2	1104	15	A	2	0	15	38.5333333333333
A_PB2	1105	15	A	2	0	15	39.8666666666667
A_PB2	1106	15	G	2	0	15	38.1333333333333
A_PB2	1107	15	A	2	0	15	40.3333333333333
A_PB2	1108	15	G	2	0	15	37.7333333333333
A_PB2	1109	15	C	2	0	15	38.4666666666667
A_PB2	1110	15	A	2	0	15	36.8
A_PB2	1111	15	A	2	0	15	37.7333333333333
A_PB2	1112	15	C	2	0	15	36.8666666666667
A_PB2	1113	15	A	2	0	15	37.0666666666667
A_PB2	1114	15	G	2	0	15	36.0666666666667
A_PB2	1115	15	C	2	0	15	36.2
A_PB2	1116	15	T	2	0	15	38.2666666666667
A_PB2	1117	15	A	2	0	15	38.2
A_PB2	1118	15	T	2	0	15	39.2666666666667
A_PB2	1119	15	T	2	0	15	38.2
A_PB2	1120	15	C	2	0	15	40.7333333333333
A_PB2	1121	15	T	2	0	15	39.8666666666667
A_PB2	1122	15	C	2	0	15	39.6
A_PB2	1123	15	A	2	0	14	38.5714285714286
A_PB2	1124	15	G	2	0	15	38.6
A_PB2	1125	15	A	2	0	15	38.2666666666667
A_PB2	1126	15	A	2	0	15	39.4
A_PB2	1127	15	A	2	0	15	42.4
A_PB2	1128	15	G	2	0	15	40.1333333333333
A_PB2	1129	15	G	2	0	15	41.6
A_PB2	1130	15	C	2	0	15	40.8
A_PB2	1131	15	A	2	0	15	36.8666666666667
A_PB2	1132	15	A	2	0	15	37.6
A_PB2	1133	15	C	2	0	15	37.6666666666667
A_PB2	1134	15	C	2	0	15	37.6
A_PB2	1135	15	A	2	0	15	38.0666666666667
A_PB2	1136	15	G	2	0	15	38.7333333333333
A_PB2	1137	15	G	2	0	15	39.6666666666667
A_PB2	1138	15	A	2	0	15	40.5333333333333
A_PB2	1139	15	G	2	0	15	42.5333333333333
A_PB2	1140	15	A	2	0	15	39.0666666666667
A_PB2	1141	15	T	2	0	15	40.7333333333333
A_PB2	1142	15	T	2	0	15	39.7333333333333
A_PB2	1143	15	G	2	0	15	38
A_PB2	1144	15	A	2	0	15	35.8
A_PB2	1145	15	T	2	0	15	37
A_PB2	1146	15	C	2	0	15	34.8
A_PB2	1147	15	C	2	0	15	34.4666666666667
A_PB2	1148	15	A	2	0	15	35.1333333333333
A_PB2	1149	15	A	2	0	15	37.9333333333333
A_PB2	1150	15	T	2	0	15	36.2666666666667
A_PB2	1151	15	T	2	0	15	34.7333333333333
A_PB2	1152	15	A	2	0	15	35.2
A_PB2	1153	15	A	2	0	15	37.3333333333333
A_PB2	1154	15	T	2	0	15	38.2
A_PB2	1155	15	A	2	0	15	39.0666666666667
A_PB2	1156	15	G	2	0	15	40.2666666666667
A_PB2	1157	13	T	4	0	13	43.7692307692308
A_PB2	1158	15	A	2	0	15	37.4
A_PB2	1159	15	A	2	0	15	36.9333333333333
A_PB2	1160	15	G	2	0	15	37.2
A_PB2	1161	15	C	2	0	15	38.2
A_PB2	1162	15	G	2	0	14	38.5714285714286
A_PB2	1163	15	G	2	0	15	39.1333333333333
A_PB2	1164	15	G	2	0	15	39.6
A_PB2	1165	15	A	2	0	15	40
A_PB2	1166	15	G	2	0	15	40.8
A_PB2	1167	15	A	2	0	14	42.8571428571429
A_PB2	1168	15	G	2	0	14	42.7142857142857
A_PB2	1169	15	A	2	0	15	39.9333333333333
A_PB2	1170	15	C	2	0	15	42.8666666666667
A_PB2	1171	15	G	2	0	14	38.4285714285714
A_PB2	1172	15	A	2	0	15	38.7333333333333
A_PB2	1173	15	G	2	0	15	36.7333333333333
A_PB2	1174	15	C	2	0	15	38.2
A_PB2	1175	15	A	2	0	15	36.8666666666667
A_PB2	1176	15	G	2	0	15	38.6
A_PB2	1177	15	T	2	0	14	36
A_PB2	1178	15	C	2	0	15	39.3333333333333
A_PB2	1179	15	A	2	0	15	37.7333333333333
A_PB2	1180	15	A	2	0	15	39.1333333333333
A_PB2	1181	15	T	2	0	14	37.4285714285714
A_PB2	1182	15	A	2	0	15	37.4
A_PB2	1183	15	G	2	0	15	39.4
A_PB2	1184	15	C	2	0	15	41.6
A_PB2	1185	14	T	3	0	14	43.7142857142857
A_PB2	1186	14	G	3	0	14	42.2857142857143
A_PB2	1187	15	A	2	0	14	43.3571428571429
A_PB2	1188	15	A	2	0	15	42.6
A_PB2	1189	15	G	2	0	15	43.8
A_PB2	1190	15	C	2	0	15	43.6666666666667
A_PB2	1191	15	A	2	0	15	44.2666666666667
A_PB2	1192	15	A	2	0	15	42.8666666666667
A_PB2	1193	15	T	2	0	14	43.7857142857143
A_PB2	1194	15	A	2	0	15	44.8
A_PB2	1195	15	A	2	0	15	42.0666666666667
A_PB2	1196	15	T	2	0	15	41.4666666666667
A_PB2	1197	15	T	2	0	14	42.3571428571429
A_PB2	1198	15	G	2	0	15	40.6666666666667
A_PB2	1199	15	T	2	0	15	38.0666666666667
A_PB2	1200	15	G	2	0	15	39.8
A_PB2	1201	15	G	2	0	15	39
A_PB2	1202	15	C	2	0	15	40.4666666666667
A_PB2	1203	15	C	2	0	15	38.8666666666667
A_PB2	1204	15	A	2	0	15	39.2666666666667
A_PB2	1205	15	T	2	0	15	36.9333333333333
A_PB2	1206	15	G	2	0	15	35.8666666666667
A_PB2	1207	15	G	2	0	15	36.0666666666667
A_PB2	1208	15	T	2	0	15	36.4
A_PB2	1209	15	T	2	0	15	34.8666666666667
A_PB2	1210	15	T	2	0	15	37.9333333333333
A_PB2	1211	15	T	2	0	15	40.3333333333333
A_PB2	1212	15	C	2	0	15	41.6666666666667
A_PB2	1213	15	T	2	0	15	41.1333333333333
A_PB2	1214	15	C	2	0	15	39.8666666666667
A_PB2	1215	15	A	2	0	15	39.9333333333333
A_PB2	1216	15	C	2	0	15	39.3333333333333
A_PB2	1217	15	A	2	0	15	39.1333333333333
A_PB2	1218	15	A	2	0	15	40.8666666666667
A_PB2	1219	15	G	2	0	15	42.1333333333333
A_PB2	1220	15	A	2	0	15	41.2666666666667
A_PB2	1221	15	G	2	0	15	43.3333333333333
A_PB2	1222	15	G	2	0	15	44.2666666666667
A_PB2	1223	15	A	2	0	15	42.9333333333333
A_PB2	1224	15	T	2	0	15	44.7333333333333
A_PB2	1225	15	T	2	0	15	44.4666666666667
A_PB2	1226	15	G	2	0	15	43.3333333333333
A_PB2	1227	15	C	2	0	15	45.2
A_PB2	1228	15	A	2	0	15	42.7333333333333
A_PB2	1229	15	T	2	0	15	43.5333333333333
A_PB2	1230	15	G	2	0	15	39.2
A_PB2	1231	15	A	2	0	15	40.2
A_PB2	1232	15	T	2	0	15	40.6666666666667
A_PB2	1233	15	C	2	0	15	37.2
A_PB2	1234	15	A	2	0	15	39.2
A_PB2	1235	15	A	2	0	15	39.2
A_PB2	1236	15	A	2	0	15	39.7333333333333
A_PB2	1237	15	G	2	0	15	39.1333333333333
A_PB2	1238	15	C	2	0	15	40.2
A_PB2	1239	15	A	2	0	15	37.7333333333333
A_PB2	1240	15	G	2	0	15	39.2
A_PB2	1241	15	T	2	0	15	38.2666666666667
A_PB2	1242	15	T	2	0	15	39.0666666666667
A_PB2	1243	15	A	2	0	15	37.4666666666667
A_PB2	1244	15	G	2	0	15	38.8
A_PB2	1245	15	G	2	0	15	38.6666666666667
A_PB2	1246	15	G	2	0	15	38.6
A_PB2	1247	15	G	2	0	15	38.8
A_PB2	1248	15	C	2	0	15	39.2
A_PB2	1249	15	G	2	0	15	36.4666666666667
A_PB2	1250	15	A	2	0	15	37.2
A_PB2	1251	15	T	2	0	15	37.1333333333333
A_PB2	1252	15	C	2	0	15	35.4
A_PB2	1253	15	T	2	0	15	36.2666666666667
A_PB2	1254	15	G	2	0	15	37.4
A_PB2	1255	15	A	2	0	15	38.7333333333333
A_PB2	1256	15	A	2	0	15	38.4666666666667
A_PB2	1257	15	C	2	0	15	37.8
A_PB2	1258	15	T	2	0	15	39.3333333333333
A_PB2	1259	15	T	2	0	15	38.2
A_PB2	1260	15	T	2	0	15	38.6666666666667
A_PB2	1261	15	G	2	0	15	37.6
A_PB2	1262	15	T	2	0	15	37
A_PB2	1263	15	C	2	0	15	38.8
A_PB2	1264	15	A	2	0	15	38.6666666666667
A_PB2	1265	15	A	2	0	15	38.2666666666667
A_PB2	1266	15	T	2	0	15	37.3333333333333
A_PB2	1267	15	A	2	0	15	39.2
A_PB2	1268	15	G	2	0	15	40.2
A_PB2	1269	15	G	2	0	15	36.0666666666667
A_PB2	1270	15	G	2	0	15	36.3333333333333
A_PB2	1271	15	C	2	0	15	36.3333333333333
A_PB2	1272	15	A	2	0	15	35.8
A_PB2	1273	15	A	2	0	15	39.4
A_PB2	1274	15	A	2	0	15	38.3333333333333
A_PB2	1275	15	T	2	0	15	41.3333333333333
A_PB2	1276	15	C	2	0	15	39
A_PB2	1277	15	A	2	0	15	36.2666666666667
A_PB2	1278	15	G	2	0	15	35
A_PB2	1279	15	A	2	0	15	36.8
A_PB2	1280	15	G	2	0	15	36.8666666666667
A_PB2	1281	15	A	2	0	15	34.9333333333333
A_PB2	1282	15	C	2	0	15	33.8
A_PB2	1283	15	T	2	0	15	36.8
A_PB2	1284	15	G	2	0	15	31.7333333333333
A_PB2	1285	15	A	2	0	15	34.3333333333333
A_PB2	1286	15	A	2	0	15	35.2
A_PB2	1287	15	T	2	0	15	41.1333333333333
A_PB2	1288	15	C	2	0	15	38.2666666666667
A_PB2	1289	15	C	2	0	15	43
A_PB2	1290	15	C	2	0	15	43.1333333333333
A_PB2	1291	15	A	2	0	15	42
A_PB2	1292	15	T	2	0	15	43.0666666666667
A_PB2	1293	15	G	2	0	15	42.4
A_PB2	1294	15	C	2	0	15	40.1333333333333
A_PB2	1295	15	A	2	0	15	41.7333333333333
A_PB2	1296	15	C	2	0	15	40.2666666666667
A_PB2	1297	15	C	2	0	15	41.0666666666667
A_PB2	1298	15	A	2	0	15	40.2
A_PB2	1299	15	A	2	0	15	41.8
A_PB2	1300	15	C	2	0	15	42.2666666666667
A_PB2	1301	15	T	2	0	15	38.5333333333333
A_PB2	1302	15	C	2	0	15	36.7333333333333
A_PB2	1303	15	T	2	0	15	36
A_PB2	1304	15	T	2	0	15	35.1333333333333
A_PB2	1305	15	G	2	0	15	31.7333333333333
A_PB2	1306	15	A	2	0	15	34.8
A_PB2	1307	15	G	2	0	15	35.1333333333333
A_PB2	1308	15	G	2	0	15	34.8
A_PB2	1309	15	C	2	0	15	36.2
A_PB2	1310	15	A	2	0	15	35.2666666666667
A_PB2	1311	15	T	2	0	15	35.8666666666667
A_PB2	1312	15	T	2	0	15	36.3333333333333
A_PB2	1313	15	T	2	0	15	37.5333333333333
A_PB2	1314	15	C	2	0	15	36.3333333333333
A_PB2	1315	15	C	2	0	15	37.5333333333333
A_PB2	1316	15	A	2	0	15	34.7333333333333
A_PB2	1317	15	A	2	0	15	36.2666666666667
A_PB2	1318	15	A	2	0	15	36.6
A_PB2	1319	15	A	2	0	15	40.3333333333333
A_PB2	1320	15	A	2	0	15	41.3333333333333
A_PB2	1321	15	G	2	0	15	43.6666666666667
A_PB2	1322	15	A	2	0	15	41.2
A_PB2	1323	15	T	2	0	15	41.5333333333333
A_PB2	1324	15	G	2	0	15	41.5333333333333
A_PB2	1325	15	C	2	0	15	40.4666666666667
A_PB2	1326	15	A	2	0	15	40
A_PB2	1327	15	A	2	0	15	39.6
A_PB2	1328	15	A	2	0	15	40
A_PB2	1329	15	G	2	0	15	37.4666666666667
A_PB2	1330	15	G	2	0	15	35.4
A_PB2	1331	15	T	2	0	15	38.4
A_PB2	1332	15	G	2	0	15	35.6666666666667
A_PB2	1333	15	C	2	0	15	36.2666666666667
A_PB2	1334	15	T	2	0	15	31.8666666666667
A_PB2	1335	15	T	2	0	15	34.2
A_PB2	1336	15	T	2	0	15	30.2
A_PB2	1337	15	T	2	0	15	33.4666666666667
A_PB2	1338	15	C	2	0	15	33.2666666666667
A_PB2	1339	15	C	2	0	15	31.9333333333333
A_PB2	1340	15	A	2	0	15	31.4
A_PB2	1341	15	G	2	0	15	30.6666666666667
A_PB2	1342	15	A	2	0	15	30.4
A_PB2	1343	15	A	2	0	15	32.2
A_PB2	1344	15	C	2	0	15	33
A_PB2	1345	15	T	2	0	15	33.7333333333333
A_PB2	1346	15	G	2	0	15	34.8666666666667
A_PB2	1347	15	G	2	0	15	34.4666666666667
A_PB2	1348	15	G	2	0	15	34.5333333333333
A_PB2	1349	15	G	2	0	15	35.2
A_PB2	1350	15	A	2	0	15	35.1333333333333
A_PB2	1351	15	A	2	0	15	36.9333333333333
A_PB2	1352	15	T	2	0	15	35.6666666666667
A_PB2	1353	15	T	2	0	15	37.3333333333333
A_PB2	1354	15	G	2	0	15	39.4
A_PB2	1355	15	A	2	0	15	40.2666666666667
A_PB2	1356	15	A	2	0	15	41.3333333333333
A_PB2	1357	15	A	2	0	15	39.7333333333333
A_PB2	1358	15	C	2	0	15	41.2
A_PB2	1359	15	C	2	0	15	39.2666666666667
A_PB2	1360	15	A	2	0	15	38.1333333333333
A_PB2	1361	15	T	2	0	15	37.1333333333333
A_PB2	1362	15	C	2	0	15	33.9333333333333
A_PB2	1363	15	G	2	0	15	33.2
A_PB2	1364	15	A	2	0	15	32.5333333333333
A_PB2	1365	15	C	2	0	15	36.6666666666667
A_PB2	1366	15	A	2	0	15	35.2
A_PB2	1367	15	A	2	0	15	35.3333333333333
A_PB2	1368	15	T	2	0	15	36.7333333333333
A_PB2	1369	15	G	2	0	15	36.3333333333333
A_PB2	1370	15	T	2	0	15	37.8666666666667
A_PB2	1371	15	G	2	0	15	36.9333333333333
A_PB2	1372	15	A	2	0	15	36.6
A_PB2	1373	15	T	2	0	15	36.0666666666667
A_PB2	1374	15	G	2	0	15	35.0666666666667
A_PB2	1375	15	G	2	0	15	35
A_PB2	1376	15	G	2	0	15	35.4
A_PB2	1377	15	A	2	0	15	36.0666666666667
A_PB2	1378	15	A	2	0	15	37.3333333333333
A_PB2	1379	15	T	2	0	15	37.8
A_PB2	1380	15	G	2	0	15	38.4666666666667
A_PB2	1381	15	A	2	0	15	37.4666666666667
A_PB2	1382	15	T	2	0	15	34.4666666666667
A_PB2	1383	15	C	2	0	14	34.9285714285714
A_PB2	1384	15	G	2	0	15	33.6666666666667
A_PB2	1385	15	G	2	0	15	31.8
A_PB2	1386	15	A	2	0	15	33.2666666666667
A_PB2	1387	15	A	2	0	15	34.1333333333333
A_PB2	1388	15	T	2	0	15	37.7333333333333
A_PB2	1389	15	A	2	0	15	39.0666666666667
A_PB2	1390	15	C	2	0	15	37.4
A_PB2	1391	15	T	2	0	15	37
A_PB2	1392	15	G	2	0	15	35.8666666666667
A_PB2	1393	15	C	2	0	15	35.2666666666667
A_PB2	1394	15	C	2	0	15	35.1333333333333
A_PB2	1395	15	C	2	0	15	37.0666666666667
A_PB2	1396	15	G	2	0	15	37.1333333333333
A_PB2	1397	15	A	2	0	15	35.6666666666667
A_PB2	1398	15	C	2	0	15	39.8666666666667
A_PB2	1399	15	A	2	0	15	39.6
A_PB2	1400	15	T	2	0	15	42.1333333333333
A_PB2	1401	15	G	2	0	15	39.7333333333333
A_PB2	1402	15	A	2	0	15	41.8
A_PB2	1403	14	C	3	0	14	40
A_PB2	1404	14	C	3	0	14	37.8571428571429
A_PB2	1405	16	C	2	0	15	37.1333333333333
A_PB2	1406	16	C	2	0	15	37.2666666666667
A_PB2	1407	16	A	2	0	16	36.9375
A_PB2	1408	16	A	2	0	16	35.125
A_PB2	1409	16	G	2	0	16	36.5625
A_PB2	1410	16	C	2	0	16	36.5625
A_PB2	1411	16	A	2	0	16	36.875
A_PB2	1412	16	C	2	0	16	39.5
A_PB2	1413	16	G	2	0	16	37.3125
A_PB2	1414	16	G	2	0	16	38.75
A_PB2	1415	16	A	2	0	16	39
A_PB2	1416	16	G	2	0	16	39.1875
A_PB2	1417	16	A	2	0	16	39.8125
A_PB2	1418	16	T	2	0	16	39.75
A_PB2	1419	16	G	2	0	16	39.625
A_PB2	1420	16	T	2	0	16	41.25
A_PB2	1421	16	C	2	0	16	39.0625
A_PB2	1422	16	A	2	0	16	38.875
A_PB2	1423	16	A	2	0	16	34.9375
A_PB2	1424	16	T	2	0	16	36.3125
A_PB2	1425	16	G	2	0	16	37.4375
A_PB2	1426	16	A	2	0	16	37.25
A_PB2	1427	16	G	2	0	16	36.5
A_PB2	1428	16	A	2	0	16	37
A_PB2	1429	16	G	2	0	16	36
A_PB2	1430	16	G	2	0	16	37.375
A_PB2	1431	16	A	2	0	16	37.625
A_PB2	1432	16	A	2	0	16	39.75
A_PB2	1433	16	T	2	0	15	39.9333333333333
A_PB2	1434	16	A	2	0	16	39.875
A_PB2	1435	16	A	2	0	15	40.2
A_PB2	1436	16	G	2	0	15	38.8666666666667
A_PB2	1437	16	A	2	0	16	36.3125
A_PB2	1438	16	G	2	0	16	32
A_PB2	1439	16	T	2	0	16	32.75
A_PB2	1440	16	C	2	0	16	32.25
A_PB2	1441	16	A	2	0	16	32.25
A_PB2	1442	16	G	2	0	16	32.75
A_PB2	1443	16	C	2	0	16	33.9375
A_PB2	1444	16	A	2	0	16	34.1875
A_PB2	1445	16	A	2	0	16	36.9375
A_PB2	1446	16	G	2	0	16	37.125
A_PB2	1447	16	A	2	0	16	38.3125
A_PB2	1448	16	T	2	0	16	38.5625
A_PB2	1449	16	G	2	0	16	34.4375
A_PB2	1450	16	G	2	0	16	35.375
A_PB2	1451	16	G	2	0	15	37.5333333333333
A_PB2	1452	16	A	2	0	16	35.1875
A_PB2	1453	16	G	2	0	15	36.6666666666667
A_PB2	1454	16	T	2	0	16	36.625
A_PB2	1455	16	A	2	0	16	36.1875
A_PB2	1456	16	G	2	0	16	35.875
A_PB2	1457	16	A	2	0	16	37.25
A_PB2	1458	16	T	2	0	16	38.375
A_PB2	1459	16	G	2	0	16	35.8125
A_PB2	1460	16	A	2	0	16	35.1875
A_PB2	1461	16	A	2	0	16	34.1875
A_PB2	1462	16	T	2	0	16	36
A_PB2	1463	16	A	2	0	16	34.8125
A_PB2	1464	16	C	2	0	16	36
A_PB2	1465	16	T	2	0	16	34.4375
A_PB2	1466	16	C	2	0	16	33.9375
A_PB2	1467	16	C	2	0	16	31.625
A_PB2	1468	16	A	2	0	16	31.5625
A_PB2	1469	16	G	2	0	16	30.8125
A_PB2	1470	16	C	2	0	16	32.25
A_PB2	1471	16	A	2	0	16	30.375
A_PB2	1472	16	C	2	0	16	32
A_PB2	1473	16	G	2	0	16	28.875
A_PB2	1474	16	G	2	0	16	29.5
A_PB2	1475	16	A	2	0	16	28.25
A_PB2	1476	16	G	2	0	16	28.75
A_PB2	1477	16	A	2	0	16	31.5
A_PB2	1478	16	G	2	0	16	31.4375
A_PB2	1479	16	A	2	0	16	32.75
A_PB2	1480	16	G	2	0	16	33
A_PB2	1481	16	T	2	0	16	32.375
A_PB2	1482	16	G	2	0	16	35.125
A_PB2	1483	16	G	2	0	16	35.125
A_PB2	1484	17	T	1	0	17	35.2941176470588
A_PB2	1485	17	A	1	0	17	35.7058823529412
A_PB2	1486	17	G	1	0	17	34.1764705882353
A_PB2	1487	17	T	1	0	17	34.2352941176471
A_PB2	1488	17	G	1	0	17	32.9411764705882
A_PB2	1489	17	A	1	0	17	34.4117647058824
A_PB2	1490	17	G	1	0	17	33.9411764705882
A_PB2	1491	17	T	1	0	16	35.3125
A_PB2	1492	17	A	1	0	17	34.9411764705882
A_PB2	1493	17	T	1	0	17	34.4705882352941
A_PB2	1494	17	T	1	0	16	32.3125
A_PB2	1495	17	G	1	0	16	30.75
A_PB2	1496	17	A	1	0	17	31.7647058823529
A_PB2	1497	17	C	1	0	17	32.6470588235294
A_PB2	1498	17	C	1	0	16	32.375
A_PB2	1499	17	G	1	0	17	30.1764705882353
A_PB2	1500	17	A	1	0	17	30.0588235294118
A_PB2	1501	17	T	1	0	17	31
A_PB2	1502	17	T	1	0	17	30.2941176470588
A_PB2	1503	17	T	1	0	17	31.4705882352941
A_PB2	1504	17	T	1	0	16	34.125
A_PB2	1505	17	T	1	0	17	31.8235294117647
A_PB2	1506	16	G	2	0	16	30.6875
A_PB2	1507	16	A	2	0	16	29.4375
A_PB2	1508	17	G	1	0	16	28.4375
A_PB2	1509	17	G	1	0	17	28
A_PB2	1510	17	G	1	0	17	29.4705882352941
A_PB2	1511	17	T	1	0	17	30.5294117647059
A_PB2	1512	17	T	1	0	17	32.1764705882353
A_PB2	1513	17	A	1	0	17	33.9411764705882
A_PB2	1514	17	G	1	0	17	30.5882352941176
A_PB2	1515	17	A	1	0	17	31.7058823529412
A_PB2	1516	17	G	1	0	17	33
A_PB2	1517	17	A	1	0	17	32.2352941176471
A_PB2	1518	17	T	1	0	17	32.3529411764706
A_PB2	1519	18	C	1	0	18	32.0555555555556
A_PB2	1520	17	A	2	0	17	31.6470588235294
A_PB2	1521	18	A	1	0	18	31.7222222222222
A_PB2	1522	18	A	1	0	17	32.4705882352941
A_PB2	1523	18	G	1	0	18	33.5555555555556
A_PB2	1524	18	A	1	0	18	35.8888888888889
A_PB2	1525	18	G	1	0	17	39.1176470588235
A_PB2	1526	18	G	1	0	17	38.1764705882353
A_PB2	1527	18	A	1	0	18	38
A_PB2	1528	18	A	1	0	18	38.3333333333333
A_PB2	1529	18	A	1	0	18	39.2777777777778
A_PB2	1530	18	C	1	0	17	41.2941176470588
A_PB2	1531	18	G	1	0	18	39.8333333333333
A_PB2	1532	18	T	1	0	18	37.2777777777778
A_PB2	1533	18	A	1	0	18	38.2222222222222
A_PB2	1534	18	C	1	0	18	38.1666666666667
A_PB2	1535	18	T	1	0	18	37.8333333333333
A_PB2	1536	18	A	1	0	18	38.7222222222222
A_PB2	1537	18	T	1	0	18	39.3333333333333
A_PB2	1538	18	T	1	0	18	39.2777777777778
A_PB2	1539	18	G	1	0	18	38.6111111111111
A_PB2	1540	18	T	1	0	18	37.5555555555556
A_PB2	1541	19	C	1	0	19	38.4210526315789
A_PB2	1542	19	T	1	0	19	37.1052631578947
A_PB2	1543	19	C	1	0	19	38.1052631578947
A_PB2	1544	19	C	1	0	19	38.3684210526316
A_PB2	1545	19	T	1	0	19	38.2631578947368
A_PB2	1546	19	G	1	0	19	38.6315789473684
A_PB2	1547	19	A	1	0	19	36.4736842105263
A_PB2	1548	19	A	1	0	19	35.8947368421053
A_PB2	1549	19	G	1	0	18	35.6666666666667
A_PB2	1550	19	A	1	0	18	36.6666666666667
A_PB2	1551	19	A	1	0	19	35.0526315789474
A_PB2	1552	19	G	1	0	19	36.5263157894737
A_PB2	1553	19	T	1	0	19	37.2105263157895
A_PB2	1554	19	C	1	0	19	34.4736842105263
A_PB2	1555	19	A	1	0	19	34.2105263157895
A_PB2	1556	19	G	1	0	19	34.8421052631579
A_PB2	1557	19	T	1	0	19	36.2105263157895
A_PB2	1558	19	G	1	0	19	35.8421052631579
A_PB2	1559	19	A	3	0	18	36.1666666666667
A_PB2	1560	21	A	1	0	21	37.7142857142857
A_PB2	1561	21	A	1	0	21	35.4761904761905
A_PB2	1562	21	C	1	0	19	36.1578947368421
A_PB2	1563	21	G	2	0	21	35.6190476190476
A_PB2	1564	22	C	1	0	22	35.3636363636364
A_PB2	1565	22	A	1	0	22	33.5454545454545
A_PB2	1566	22	A	1	0	19	33.1578947368421
A_PB2	1567	21	G	2	0	21	32.9047619047619
A_PB2	1568	22	G	1	0	21	32.6666666666667
A_PB2	1569	22	A	1	0	22	31.5
A_PB2	1570	22	A	1	0	22	33.3181818181818
A_PB2	1571	22	C	1	0	22	33
A_PB2	1572	22	T	1	0	22	36.5454545454545
A_PB2	1573	22	G	1	0	21	35.0476190476191
A_PB2	1574	21	A	2	0	21	34.5238095238095
A_PB2	1575	22	G	1	0	22	34.4090909090909
A_PB2	1576	22	A	1	0	22	36.4090909090909
A_PB2	1577	22	A	1	0	22	37.5
A_PB2	1578	22	G	1	0	22	37.7727272727273
A_PB2	1579	22	T	1	0	22	37.7272727272727
A_PB2	1580	22	T	1	0	22	37.4545454545455
A_PB2	1581	21	G	2	0	21	38
A_PB2	1582	22	A	1	0	22	37.9545454545455
A_PB2	1583	22	C	1	0	22	36.4090909090909
A_PB2	1584	22	A	1	0	22	34.4090909090909
A_PB2	1585	22	A	1	0	21	36.0476190476191
A_PB2	1586	22	T	1	0	21	37.5238095238095
A_PB2	1587	22	A	1	0	22	37.2272727272727
A_PB2	1588	22	A	1	0	22	36.3636363636364
A_PB2	1589	22	C	1	0	22	37.2727272727273
A_PB2	1590	22	T	1	0	22	36.6363636363636
A_PB2	1591	22	T	1	0	22	36.5454545454545
A_PB2	1592	22	A	1	0	22	34.9090909090909
A_PB2	1593	22	T	1	0	22	35.3636363636364
A_PB2	1594	22	T	1	0	22	35.4090909090909
A_PB2	1595	22	C	1	0	22	35.7727272727273
A_PB2	1596	22	G	1	0	22	35.0454545454545
A_PB2	1597	22	T	1	0	22	35.5909090909091
A_PB2	1598	22	C	1	0	22	35.2272727272727
A_PB2	1599	22	A	1	0	22	32
A_PB2	1600	22	T	1	0	22	33.9545454545455
A_PB2	1601	22	C	1	0	22	33.3181818181818
A_PB2	1602	22	A	1	0	22	36.9545454545455
A_PB2	1603	22	A	1	0	22	34.6363636363636
A_PB2	1604	22	T	1	0	22	36.4090909090909
A_PB2	1605	22	G	1	0	22	38
A_PB2	1606	22	A	1	0	22	38.8636363636364
A_PB2	1607	22	T	1	0	22	39.4545454545455
A_PB2	1608	22	G	1	0	22	37.7272727272727
A_PB2	1609	22	T	1	0	22	36.3181818181818
A_PB2	1610	21	G	2	0	21	38.0952380952381
A_PB2	1611	22	G	1	0	22	37.9545454545455
A_PB2	1612	22	G	1	0	20	37.5
A_PB2	1613	22	A	1	0	22	36.5
A_PB2	1614	22	A	1	0	22	37.5
A_PB2	1615	22	A	1	0	22	36.6818181818182
A_PB2	1616	22	T	1	0	22	35.3636363636364
A_PB2	1617	22	C	1	0	22	34.0454545454545
A_PB2	1618	22	A	1	0	22	35.0454545454545
A_PB2	1619	22	A	1	0	22	35.0454545454545
A_PB2	1620	22	C	1	0	21	34.1904761904762
A_PB2	1621	22	G	1	0	21	34.3333333333333
A_PB2	1622	22	G	1	0	22	34.6818181818182
A_PB2	1623	22	C	1	0	22	34.5909090909091
A_PB2	1624	22	C	1	0	22	33.6363636363636
A_PB2	1625	22	C	1	0	22	34.9545454545455
A_PB2	1626	22	T	1	0	22	34.5454545454545
A_PB2	1627	22	G	1	0	22	31.7272727272727
A_PB2	1628	22	A	1	0	22	32.9545454545455
A_PB2	1629	22	G	1	0	22	32.3181818181818
A_PB2	1630	22	T	1	0	22	33.6818181818182
A_PB2	1631	22	C	1	0	22	35.3181818181818
A_PB2	1632	22	A	1	0	22	36.2272727272727
A_PB2	1633	22	G	1	0	22	37.2727272727273
A_PB2	1634	23	T	1	0	23	37.5217391304348
A_PB2	1635	23	G	1	0	23	37.3913043478261
A_PB2	1636	23	C	1	0	23	37.9565217391304
A_PB2	1637	23	T	1	0	23	38.5217391304348
A_PB2	1638	23	A	1	0	23	39.0869565217391
A_PB2	1639	23	G	1	0	23	38.1304347826087
A_PB2	1640	23	T	1	0	23	38.5217391304348
A_PB2	1641	22	C	2	0	22	38.4545454545455
A_PB2	1642	22	A	2	0	22	38.3636363636364
A_PB2	1643	22	A	2	0	22	37.8636363636364
A_PB2	1644	23	C	1	0	23	35.5217391304348
A_PB2	1645	23	A	1	0	23	36.4782608695652
A_PB2	1646	23	C	1	0	23	36.695652173913
A_PB2	1647	23	T	1	0	23	35.7826086956522
A_PB2	1648	23	T	1	0	22	38.1363636363636
A_PB2	1649	23	A	1	0	23	36.4782608695652
A_PB2	1650	23	T	1	0	23	37.4347826086956
A_PB2	1651	23	C	1	0	23	35.7391304347826
A_PB2	1652	23	A	1	0	23	36.6086956521739
A_PB2	1653	23	A	1	0	23	35.4782608695652
A_PB2	1654	23	T	1	0	23	35.4782608695652
A_PB2	1655	23	G	1	0	23	35.8260869565217
A_PB2	1656	23	G	1	0	22	36.1818181818182
A_PB2	1657	24	A	1	0	24	35.5
A_PB2	1658	24	T	1	0	24	35.0833333333333
A_PB2	1659	23	A	2	0	23	34.4347826086956
A_PB2	1660	24	A	1	0	24	33.7083333333333
A_PB2	1661	24	T	1	0	24	35.9583333333333
A_PB2	1662	24	C	1	0	24	36.5416666666667
A_PB2	1663	24	A	1	0	24	36.875
A_PB2	1664	24	G	1	0	24	37.375
A_PB2	1665	24	G	1	0	24	38
A_PB2	1666	24	A	1	0	24	36.7083333333333
A_PB2	1667	24	A	1	0	24	36.5833333333333
A_PB2	1668	24	C	1	0	24	36.7083333333333
A_PB2	1669	24	T	1	0	24	36.0833333333333
A_PB2	1670	23	G	2	0	23	38.6086956521739
A_PB2	1671	24	G	1	0	24	36.25
A_PB2	1672	24	G	1	0	24	36.6666666666667
A_PB2	1673	24	A	1	0	24	36.0833333333333
A_PB2	1674	24	A	1	0	24	37.375
A_PB2	1675	24	A	1	0	24	37.2916666666667
A_PB2	1676	24	T	1	0	24	36.3333333333333
A_PB2	1677	24	G	1	0	24	36.4166666666667
A_PB2	1678	24	G	1	0	24	34.9166666666667
A_PB2	1679	24	T	1	0	23	36.5217391304348
A_PB2	1680	24	G	1	0	24	33.75
A_PB2	1681	24	A	1	0	24	32.7083333333333
A_PB2	1682	24	A	1	0	24	33.75
A_PB2	1683	24	A	1	0	24	35.5416666666667
A_PB2	1684	24	A	1	0	22	36.9545454545455
A_PB2	1685	24	T	1	0	24	37.5416666666667
A_PB2	1686	24	T	1	0	24	38.875
A_PB2	1687	24	C	1	0	22	39.5
A_PB2	1688	24	A	1	0	24	40.1666666666667
A_PB2	1689	24	A	1	0	24	39.3333333333333
A_PB2	1690	24	T	1	0	24	40.5416666666667
A_PB2	1691	24	G	1	0	24	39.875
A_PB2	1692	24	G	1	0	24	38.5
A_PB2	1693	24	T	1	0	23	39.8695652173913
A_PB2	1694	24	C	1	0	22	39.6363636363636
A_PB2	1695	24	A	1	0	24	37.6666666666667
A_PB2	1696	24	C	1	0	24	35.9583333333333
A_PB2	1697	24	A	1	0	24	35.7083333333333
A_PB2	1698	24	A	1	0	24	35.6666666666667
A_PB2	1699	24	G	1	0	24	36.125
A_PB2	1700	24	A	1	0	24	34.75
A_PB2	1701	24	C	1	0	24	35.3333333333333
A_PB2	1702	24	C	1	0	24	35.7916666666667
A_PB2	1703	24	C	1	0	24	35.1666666666667
A_PB2	1704	24	C	1	0	24	35
A_PB2	1705	23	A	2	0	23	37
A_PB2	1706	24	C	1	0	23	38.7391304347826
A_PB2	1707	24	A	1	0	24	37.4583333333333
A_PB2	1708	24	A	1	0	24	38.5833333333333
A_PB2	1709	24	T	1	0	24	37.75
A_PB2	1710	24	G	1	0	24	38.0833333333333
A_PB2	1711	24	T	1	0	24	38.875
A_PB2	1712	23	T	2	0	23	39.4782608695652
A_PB2	1713	23	A	2	0	23	38
A_PB2	1714	24	T	1	0	24	37.25
A_PB2	1715	25	A	0	0	25	36.52
A_PB2	1716	25	C	0	0	24	37.625
A_PB2	1717	25	A	0	0	25	35.52
A_PB2	1718	25	A	0	0	25	35.56
A_PB2	1719	25	C	0	0	25	33
A_PB2	1720	25	A	0	0	25	33.96
A_PB2	1721	25	A	0	0	25	35.2
A_PB2	1722	25	A	0	0	25	36.6
A_PB2	1723	25	A	0	0	24	34.9583333333333
A_PB2	1724	25	T	0	0	24	35.25
A_PB2	1725	25	G	0	0	25	33.48
A_PB2	1726	25	G	0	0	25	32.84
A_PB2	1727	24	A	1	0	24	33.1666666666667
A_PB2	1728	24	A	1	0	24	32.7916666666667
A_PB2	1729	24	T	1	0	24	33.2916666666667
A_PB2	1730	25	T	0	0	25	31.68
A_PB2	1731	26	T	0	0	26	32.6153846153846
A_PB2	1732	26	G	0	0	26	32.1153846153846
A_PB2	1733	28	A	0	0	27	34.4074074074074
A_PB2	1734	28	A	0	0	28	35.6785714285714
A_PB2	1735	28	C	0	0	28	35.25
A_PB2	1736	28	C	0	0	28	35
A_PB2	1737	28	A	0	0	28	33.7142857142857
A_PB2	1738	28	T	0	0	28	33.5
A_PB2	1739	28	T	0	0	28	33.7142857142857
A_PB2	1740	28	T	0	0	28	33.9285714285714
A_PB2	1741	27	C	1	0	26	34.1538461538462
A_PB2	1742	27	A	1	0	27	31.5555555555556
A_PB2	1743	27	G	1	0	27	31.3703703703704
A_PB2	1744	25	T	3	0	25	32.56
A_PB2	1745	24	C	4	0	24	34.75
A_PB2	1746	28	T	0	0	27	31.5555555555556
A_PB2	1747	28	C	0	0	28	33.1071428571429
A_PB2	1748	28	T	0	0	28	34.7142857142857
A_PB2	1749	28	T	0	0	28	35.5
A_PB2	1750	28	G	0	0	28	35.0357142857143
A_PB2	1751	28	T	0	0	28	35.1071428571429
A_PB2	1752	28	T	0	0	28	36.7857142857143
A_PB2	1753	27	C	1	0	27	36.7777777777778
A_PB2	1754	28	C	0	0	28	34.8214285714286
A_PB2	1755	28	T	0	0	28	35.4285714285714
A_PB2	1756	28	A	0	0	27	34.4074074074074
A_PB2	1757	28	A	0	0	28	35.9642857142857
A_PB2	1758	28	G	0	0	28	36.9285714285714
A_PB2	1759	28	G	0	0	28	36.25
A_PB2	1760	28	C	0	0	28	37.1785714285714
A_PB2	1761	28	A	0	0	28	37.8928571428571
A_PB2	1762	28	A	0	0	27	37.6666666666667
A_PB2	1763	28	C	0	0	27	36.2962962962963
A_PB2	1764	28	C	0	0	28	35.7857142857143
A_PB2	1765	28	A	0	0	28	35.4642857142857
A_PB2	1766	28	G	0	0	26	36.1153846153846
A_PB2	1767	27	A	1	0	27	35.4444444444444
A_PB2	1768	28	A	0	0	28	37.3214285714286
A_PB2	1769	28	G	0	0	28	36.9285714285714
A_PB2	1770	27	C	1	0	27	37.4074074074074
A_PB2	1771	28	C	0	0	28	36.2857142857143
A_PB2	1772	28	G	0	0	28	34.4285714285714
A_PB2	1773	28	G	0	0	28	33.8928571428571
A_PB2	1774	28	T	0	0	27	34.6666666666667
A_PB2	1775	28	A	0	0	28	33.1785714285714
A_PB2	1776	28	C	0	0	28	32.8571428571429
A_PB2	1777	28	A	0	0	28	34.6071428571429
A_PB2	1778	31	G	0	0	31	35.8709677419355
A_PB2	1779	31	T	0	0	31	36
A_PB2	1780	31	G	0	0	31	36.8709677419355
A_PB2	1781	31	G	0	0	31	37.6451612903226
A_PB2	1782	31	A	0	0	31	38.4838709677419
A_PB2	1783	31	T	0	0	31	38.0322580645161
A_PB2	1784	31	T	0	0	31	38.9032258064516
A_PB2	1785	31	C	0	0	31	37.6774193548387
A_PB2	1786	31	G	0	0	31	36.5483870967742
A_PB2	1787	31	T	0	0	31	37.6129032258064
A_PB2	1788	30	A	1	0	30	37.9
A_PB2	1789	30	A	1	0	30	38.8666666666667
A_PB2	1790	30	G	1	0	30	39.1666666666667
A_PB2	1791	30	G	1	0	30	38.8666666666667
A_PB2	1792	31	A	0	0	30	40.5666666666667
A_PB2	1793	31	C	0	0	31	39.8709677419355
A_PB2	1794	31	A	0	0	31	38.4516129032258
A_PB2	1795	31	C	0	0	30	37.6333333333333
A_PB2	1796	32	T	0	0	31	37.8709677419355
A_PB2	1797	32	G	0	0	32	37.40625
A_PB2	1798	32	T	0	0	32	36.78125
A_PB2	1799	32	T	0	0	32	37.71875
A_PB2	1800	32	C	0	0	32	34.65625
A_PB2	1801	32	C	0	0	32	36.71875
A_PB2	1802	34	A	0	0	34	36
A_PB2	1803	34	G	0	0	34	35.6470588235294
A_PB2	1804	34	C	0	0	34	35.6764705882353
A_PB2	1805	34	A	0	0	34	36.2647058823529
A_PB2	1806	34	A	0	0	34	36.7941176470588
A_PB2	1807	34	A	0	0	34	36.9117647058824
A_PB2	1808	34	T	0	0	34	34.8235294117647
A_PB2	1809	34	G	0	0	34	38.0882352941176
A_PB2	1810	34	A	0	0	34	36.7647058823529
A_PB2	1811	33	G	1	0	33	34.6060606060606
A_PB2	1812	34	G	0	0	34	36.6176470588235
A_PB2	1813	34	G	0	0	34	38
A_PB2	1814	34	A	0	0	34	37.6176470588235
A_PB2	1815	34	T	0	0	34	38.6764705882353
A_PB2	1816	34	G	0	0	34	39.2941176470588
A_PB2	1817	34	T	0	0	33	39.6969696969697
A_PB2	1818	35	A	0	0	35	38.0285714285714
A_PB2	1819	35	C	0	0	35	37.7428571428571
A_PB2	1820	34	T	1	0	34	36.4411764705882
A_PB2	1821	34	T	1	0	33	36.2424242424242
A_PB2	1822	34	G	1	0	34	37.2058823529412
A_PB2	1823	35	G	0	0	35	37.3714285714286
A_PB2	1824	35	G	0	0	34	39.3823529411765
A_PB2	1825	35	A	0	0	34	39.8529411764706
A_PB2	1826	35	C	0	0	34	40.3823529411765
A_PB2	1827	35	A	0	0	35	40.6857142857143
A_PB2	1828	35	T	0	0	35	40.8571428571429
A_PB2	1829	35	T	0	0	35	41.0571428571429
A_PB2	1830	35	T	0	0	35	41.5428571428571
A_PB2	1831	35	G	0	0	35	39.6
A_PB2	1832	35	A	0	0	35	38.5428571428571
A_PB2	1833	35	C	0	0	35	39.7714285714286
A_PB2	1834	35	A	0	0	35	38.9428571428571
A_PB2	1835	35	C	0	0	35	38.4
A_PB2	1836	35	T	0	0	35	38.8285714285714
A_PB2	1837	35	G	0	0	35	39.0285714285714
A_PB2	1838	35	T	0	0	35	39.4285714285714
A_PB2	1839	35	C	0	0	35	38.5428571428571
A_PB2	1840	35	C	0	0	35	39.1714285714286
A_PB2	1841	35	A	0	0	35	39.2857142857143
A_PB2	1842	35	A	0	0	35	39.9714285714286
A_PB2	1843	35	A	0	0	35	40.2857142857143
A_PB2	1844	35	T	0	0	34	40.3823529411765
A_PB2	1845	35	A	0	0	34	39.9705882352941
A_PB2	1846	36	A	0	0	36	40.6111111111111
A_PB2	1847	36	T	0	0	35	40.2
A_PB2	1848	36	A	0	0	36	38.3333333333333
A_PB2	1849	36	A	0	0	36	39.3055555555556
A_PB2	1850	36	A	0	0	36	40.2222222222222
A_PB2	1851	37	A	0	0	37	40
A_PB2	1852	37	C	0	0	37	38.972972972973
A_PB2	1853	37	T	0	0	37	39.2972972972973
A_PB2	1854	37	T	0	0	37	38.6756756756757
A_PB2	1855	37	C	0	0	37	36.2702702702703
A_PB2	1856	37	T	0	0	37	36.5405405405405
A_PB2	1857	37	C	0	0	37	36.4054054054054
A_PB2	1858	37	C	0	0	37	37.6756756756757
A_PB2	1859	37	C	0	0	37	37.1621621621622
A_PB2	1860	37	C	0	0	37	36.2702702702703
A_PB2	1861	37	T	0	0	37	37.8918918918919
A_PB2	1862	37	T	0	0	37	38.2972972972973
A_PB2	1863	37	T	0	0	37	36.5945945945946
A_PB2	1864	36	G	1	0	36	32.9444444444444
A_PB2	1865	37	C	0	0	37	33.4054054054054
A_PB2	1866	37	C	0	0	37	39.5945945945946
A_PB2	1867	37	G	0	0	37	38.5945945945946
A_PB2	1868	37	C	0	0	37	39.9189189189189
A_PB2	1869	37	T	0	0	37	39.027027027027
A_PB2	1870	37	G	0	0	37	39.972972972973
A_PB2	1871	37	C	0	0	37	42
A_PB2	1872	37	T	0	0	37	40.9459459459459
A_PB2	1873	37	C	0	0	37	39.4864864864865
A_PB2	1874	37	C	0	0	37	38.5675675675676
A_PB2	1875	37	A	0	0	37	37.9189189189189
A_PB2	1876	37	C	0	0	37	38.8648648648649
A_PB2	1877	37	C	0	0	37	40.2972972972973
A_PB2	1878	37	A	0	0	37	39.4864864864865
A_PB2	1879	37	G	0	0	36	39.0833333333333
A_PB2	1880	37	A	0	0	37	40.5945945945946
A_PB2	1881	38	A	0	0	38	40.5263157894737
A_PB2	1882	38	C	0	0	37	41.4324324324324
A_PB2	1883	38	A	0	0	38	39.7631578947368
A_PB2	1884	38	G	0	0	38	38.4210526315789
A_PB2	1885	39	A	0	0	39	38
A_PB2	1886	39	G	0	0	39	38.5897435897436
A_PB2	1887	39	C	0	0	39	39.0769230769231
A_PB2	1888	39	A	0	0	39	38.2307692307692
A_PB2	1889	39	G	0	0	39	38.5641025641026
A_PB2	1890	39	G	0	0	38	38.0526315789474
A_PB2	1891	39	A	0	0	39	38.2564102564103
A_PB2	1892	39	T	0	0	39	38.8461538461538
A_PB2	1893	39	G	0	0	39	37.9487179487179
A_PB2	1894	39	C	0	0	39	39.6666666666667
A_PB2	1895	39	A	0	0	39	37.4102564102564
A_PB2	1896	39	A	0	0	39	37.8461538461538
A_PB2	1897	38	T	1	0	38	39.0526315789474
A_PB2	1898	38	T	1	0	38	40.2368421052632
A_PB2	1899	38	C	1	0	38	38.9473684210526
A_PB2	1900	38	T	1	0	38	39.2894736842105
A_PB2	1901	38	C	1	0	38	38.9473684210526
A_PB2	1902	39	T	0	0	39	39.0512820512821
A_PB2	1903	39	T	0	0	39	38.5897435897436
A_PB2	1904	39	C	0	0	39	38.4358974358974
A_PB2	1905	39	A	0	0	39	37.7179487179487
A_PB2	1906	39	T	0	0	39	39.8717948717949
A_PB2	1907	39	T	0	0	39	40.7948717948718
A_PB2	1908	39	A	0	0	39	40.7692307692308
A_PB2	1909	39	A	0	0	39	41.3333333333333
A_PB2	1910	39	C	0	0	39	41.7692307692308
A_PB2	1911	39	T	0	0	39	41.3589743589744
A_PB2	1912	39	G	0	0	39	41.0769230769231
A_PB2	1913	39	T	0	0	39	42.3076923076923
A_PB2	1914	39	G	0	0	39	40.6923076923077
A_PB2	1915	39	A	0	0	39	40.7179487179487
A_PB2	1916	39	A	0	0	39	40.3846153846154
A_PB2	1917	39	T	0	0	39	41.1025641025641
A_PB2	1918	39	G	0	0	39	40.0512820512821
A_PB2	1919	39	T	0	0	38	42.0263157894737
A_PB2	1920	39	G	0	0	39	40.3846153846154
A_PB2	1921	39	A	0	0	39	40.8717948717949
A_PB2	1922	39	G	0	0	39	41.1794871794872
A_PB2	1923	39	A	0	0	39	40.2564102564103
A_PB2	1924	39	G	0	0	39	38.5384615384615
A_PB2	1925	39	G	0	0	39	39.025641025641
A_PB2	1926	39	A	0	0	39	38.9230769230769
A_PB2	1927	39	T	0	0	39	39.2051282051282
A_PB2	1928	39	C	0	0	37	38.4594594594595
A_PB2	1929	39	A	0	0	39	36.9487179487179
A_PB2	1930	39	G	0	0	39	36.5128205128205
A_PB2	1931	39	G	0	0	39	36.7948717948718
A_PB2	1932	38	G	1	0	37	37.3243243243243
A_PB2	1933	38	T	1	0	38	38.3947368421053
A_PB2	1934	39	T	0	0	39	37.8717948717949
A_PB2	1935	39	A	0	0	39	36.8974358974359
A_PB2	1936	39	A	0	0	37	38.4864864864865
A_PB2	1937	39	G	0	0	38	38.6052631578947
A_PB2	1938	39	G	0	0	39	39
A_PB2	1939	39	A	0	0	38	40.1842105263158
A_PB2	1940	39	T	0	0	38	40.0526315789474
A_PB2	1941	39	A	0	0	38	38.9736842105263
A_PB2	1942	39	C	0	0	39	38.2564102564103
A_PB2	1943	39	T	0	0	39	37.7435897435897
A_PB2	1944	38	G	1	0	38	37.1578947368421
A_PB2	1945	39	G	0	0	38	38.5263157894737
A_PB2	1946	39	T	0	0	39	37.9230769230769
A_PB2	1947	39	A	0	0	39	40.1794871794872
A_PB2	1948	39	A	0	0	38	40.1052631578947
A_PB2	1949	39	G	0	0	38	38.9210526315789
A_PB2	1950	39	A	0	0	39	40.0769230769231
A_PB2	1951	39	G	0	0	39	40.6666666666667
A_PB2	1952	39	G	0	0	39	40.7435897435897
A_PB2	1953	39	C	0	0	39	41.6923076923077
A_PB2	1954	39	A	0	0	39	39.7948717948718
A_PB2	1955	39	A	0	0	39	40.5128205128205
A_PB2	1956	39	T	0	0	39	40.8974358974359
A_PB2	1957	39	T	0	0	39	40.6153846153846
A_PB2	1958	39	C	0	0	39	40.1282051282051
A_PB2	1959	39	T	0	0	39	40.2307692307692
A_PB2	1960	39	C	0	0	39	39.7435897435897
A_PB2	1961	39	C	0	0	38	40.5526315789474
A_PB2	1962	39	A	0	0	39	38.2051282051282
A_PB2	1963	40	G	0	0	40	39.65
A_PB2	1964	40	T	0	0	40	41.3
A_PB2	1965	40	A	0	0	40	41.55
A_PB2	1966	40	T	0	0	40	42.075
A_PB2	1967	40	T	0	0	40	41.5
A_PB2	1968	40	C	0	0	40	41.325
A_PB2	1969	42	A	0	0	42	41.6904761904762
A_PB2	1970	42	A	0	0	42	40.7857142857143
A_PB2	1971	42	T	0	0	42	41.8809523809524
A_PB2	1972	42	T	0	0	42	42.0952380952381
A_PB2	1973	42	A	0	0	42	40.6428571428571
A_PB2	1974	42	T	0	0	42	42.0238095238095
A_PB2	1975	45	A	0	0	45	40.2444444444444
A_PB2	1976	45	A	0	0	45	40.5111111111111
A_PB2	1977	45	C	0	0	45	40.8666666666667
A_PB2	1978	45	A	0	0	45	39.9777777777778
A_PB2	1979	45	A	0	0	45	40.3333333333333
A_PB2	1980	45	G	0	0	44	40.9772727272727
A_PB2	1981	45	G	0	0	45	40.6444444444444
A_PB2	1982	45	C	0	0	45	39.7777777777778
A_PB2	1983	45	A	0	0	45	39.4444444444444
A_PB2	1984	45	A	0	0	45	39.4
A_PB2	1985	45	C	0	0	45	39.5333333333333
A_PB2	1986	45	C	0	0	45	37.9555555555556
A_PB2	1987	45	A	0	0	45	37.8888888888889
A_PB2	1988	45	A	0	0	45	38.5777777777778
A_PB2	1989	45	A	0	0	45	37.9111111111111
A_PB2	1990	45	C	0	0	45	39.2444444444444
A_PB2	1991	45	G	0	0	44	38.2272727272727
A_PB2	1992	45	A	0	0	45	36.8444444444444
A_PB2	1993	45	C	0	0	45	37
A_PB2	1994	45	T	0	0	45	37.9777777777778
A_PB2	1995	45	T	0	0	45	38.4444444444444
A_PB2	1996	45	A	0	0	44	39.5454545454545
A_PB2	1997	45	C	0	0	45	37.8
A_PB2	1998	45	G	0	0	45	36.8666666666667
A_PB2	1999	45	A	0	0	45	38.3333333333333
A_PB2	2000	45	T	0	0	45	38.5111111111111
A_PB2	2001	45	T	0	0	45	38.9777777777778
A_PB2	2002	45	C	0	0	44	39.2727272727273
A_PB2	2003	45	T	0	0	44	39.9772727272727
A_PB2	2004	45	T	0	0	45	39.2888888888889
A_PB2	2005	45	G	0	0	45	38.7333333333333
A_PB2	2006	45	G	0	0	44	37.25
A_PB2	2007	45	A	0	0	44	38.6363636363636
A_PB2	2008	45	A	0	0	45	40.5333333333333
A_PB2	2009	45	A	0	0	45	42.2
A_PB2	2010	45	G	0	0	45	40.9333333333333
A_PB2	2011	45	G	0	0	45	42.2444444444444
A_PB2	2012	45	A	0	0	45	40.5777777777778
A_PB2	2013	45	T	0	0	45	41.2666666666667
A_PB2	2014	47	G	0	0	47	40.2978723404255
A_PB2	2015	47	C	0	0	47	41.0212765957447
A_PB2	2016	47	A	0	0	47	39.6808510638298
A_PB2	2017	47	G	0	0	47	39.4042553191489
A_PB2	2018	47	G	0	0	47	39.8085106382979
A_PB2	2019	47	T	0	0	46	40.195652173913
A_PB2	2020	47	G	0	0	47	39.6382978723404
A_PB2	2021	47	C	0	0	47	41.9787234042553
A_PB2	2022	47	A	0	0	46	42.5869565217391
A_PB2	2023	47	T	0	0	47	40.9574468085106
A_PB2	2024	47	T	0	0	46	41.4130434782609
A_PB2	2025	47	G	0	0	46	39.8260869565217
A_PB2	2026	47	A	0	0	46	39.0217391304348
A_PB2	2027	47	C	0	0	47	38.2340425531915
A_PB2	2028	47	T	0	0	47	37.8723404255319
A_PB2	2029	46	G	1	0	46	37.195652173913
A_PB2	2030	47	A	0	0	47	37.7446808510638
A_PB2	2031	48	A	0	0	48	39.3958333333333
A_PB2	2032	48	G	0	0	48	40.1875
A_PB2	2033	48	A	0	0	47	41.6595744680851
A_PB2	2034	48	T	0	0	48	41.9166666666667
A_PB2	2035	48	C	0	0	48	41.4375
A_PB2	2036	48	C	0	0	48	41.4583333333333
A_PB2	2037	48	A	0	0	48	40.4791666666667
A_PB2	2038	48	G	0	0	48	40.75
A_PB2	2039	48	A	0	0	47	40.9148936170213
A_PB2	2040	48	T	0	0	48	41.5
A_PB2	2041	48	G	0	0	48	40.7916666666667
A_PB2	2042	48	A	0	0	48	41.2916666666667
A_PB2	2043	48	A	0	0	48	41.0208333333333
A_PB2	2044	48	G	0	0	48	40.9166666666667
A_PB2	2045	48	G	0	0	48	40.6458333333333
A_PB2	2046	48	C	0	0	48	41.7708333333333
A_PB2	2047	48	A	0	0	48	39.9375
A_PB2	2048	48	C	0	0	48	40.6666666666667
A_PB2	2049	48	A	0	0	48	39.375
A_PB2	2050	48	T	0	0	48	38.125
A_PB2	2051	48	C	0	0	48	39.125
A_PB2	2052	48	T	0	0	48	39.8958333333333
A_PB2	2053	48	G	0	0	47	39.5744680851064
A_PB2	2054	49	G	0	0	49	38.5918367346939
A_PB2	2055	49	G	0	0	49	39.4285714285714
A_PB2	2056	49	G	0	0	48	38.8333333333333
A_PB2	2057	49	T	0	0	49	37.6734693877551
A_PB2	2058	49	G	0	0	49	38.3469387755102
A_PB2	2059	48	G	1	0	48	38.0416666666667
A_PB2	2060	48	A	1	0	48	37.3125
A_PB2	2061	49	G	0	0	49	36.2040816326531
A_PB2	2062	49	T	0	0	49	36.6530612244898
A_PB2	2063	49	C	0	0	49	35.8367346938776
A_PB2	2064	49	T	0	0	49	37.0612244897959
A_PB2	2065	49	G	0	0	49	36.4081632653061
A_PB2	2066	49	C	0	0	49	36.4081632653061
A_PB2	2067	49	T	0	0	49	36.469387755102
A_PB2	2068	49	G	0	0	49	38.6530612244898
A_PB2	2069	49	T	0	0	49	37.8571428571429
A_PB2	2070	49	C	0	0	49	37.5102040816327
A_PB2	2071	49	C	0	0	48	36.2291666666667
A_PB2	2072	49	T	0	0	49	34.5714285714286
A_PB2	2073	48	G	1	0	48	31.1458333333333
A_PB2	2074	49	A	0	0	49	32.734693877551
A_PB2	2075	49	G	0	0	49	34.2448979591837
A_PB2	2076	49	A	0	0	49	36
A_PB2	2077	49	G	0	0	49	37.6530612244898
A_PB2	2078	49	G	0	0	49	38.6938775510204
A_PB2	2079	49	A	0	0	49	39.1836734693878
A_PB2	2080	49	T	0	0	49	39.9387755102041
A_PB2	2081	49	T	0	0	49	40.1020408163265
A_PB2	2082	49	C	0	0	49	41.3469387755102
A_PB2	2083	49	C	0	0	49	41.3877551020408
A_PB2	2084	48	T	1	0	48	43.1041666666667
A_PB2	2085	49	C	0	0	48	41.4375
A_PB2	2086	49	A	0	0	49	41.2857142857143
A_PB2	2087	49	T	0	0	48	42.0208333333333
A_PB2	2088	49	T	0	0	49	41.530612244898
A_PB2	2089	49	T	0	0	49	41.7551020408163
A_PB2	2090	49	T	0	0	48	41.9166666666667
A_PB2	2091	49	A	0	0	49	40.1632653061224
A_PB2	2092	49	G	0	0	49	40.0816326530612
A_PB2	2093	49	G	0	0	49	39.1428571428571
A_PB2	2094	49	C	0	0	49	38.9387755102041
A_PB2	2095	49	A	0	0	49	38.2244897959184
A_PB2	2096	49	A	0	0	49	40.530612244898
A_PB2	2097	49	A	0	0	49	40.0204081632653
A_PB2	2098	49	G	0	0	49	39.6122448979592
A_PB2	2099	49	A	0	0	49	40.6122448979592
A_PB2	2100	49	A	0	0	49	40.9591836734694
A_PB2	2101	49	G	0	0	49	41
A_PB2	2102	49	A	0	0	49	40.6326530612245
A_PB2	2103	49	C	0	0	49	40.0816326530612
A_PB2	2104	49	A	0	0	49	39.8775510204082
A_PB2	2105	49	A	0	0	49	37.8775510204082
A_PB2	2106	49	G	0	0	49	39.5102040816327
A_PB2	2107	49	A	0	0	49	39.7142857142857
A_PB2	2108	49	G	0	0	49	39.8163265306122
A_PB2	2109	49	G	0	0	49	41.3877551020408
A_PB2	2110	49	T	0	0	49	42.1224489795918
A_PB2	2111	49	A	0	0	49	41.6122448979592
A_PB2	2112	49	T	0	0	49	41.3469387755102
A_PB2	2113	49	G	0	0	49	40.7551020408163
A_PB2	2114	49	G	0	0	49	40.530612244898
A_PB2	2115	49	C	0	0	49	40.1020408163265
A_PB2	2116	49	C	0	0	49	39.8367346938776
A_PB2	2117	49	C	0	0	48	39.5625
A_PB2	2118	49	A	0	0	49	40.1020408163265
A_PB2	2119	49	G	0	0	49	40
A_PB2	2120	49	C	0	0	49	40.530612244898
A_PB2	2121	49	A	0	0	49	39.9591836734694
A_PB2	2122	49	T	0	0	49	39.8775510204082
A_PB2	2123	49	T	0	0	49	39.3877551020408
A_PB2	2124	50	A	0	0	50	39.96
A_PB2	2125	50	A	0	0	50	39.74
A_PB2	2126	50	G	0	0	50	38.5
A_PB2	2127	50	C	0	0	50	39.18
A_PB2	2128	50	A	0	0	50	38.92
A_PB2	2129	50	T	0	0	50	40.72
A_PB2	2130	50	C	0	0	50	40.34
A_PB2	2131	51	A	0	0	51	41.5490196078431
A_PB2	2132	51	A	0	0	51	40.8823529411765
A_PB2	2133	51	T	0	0	51	40.5686274509804
A_PB2	2134	51	G	0	0	51	41.3725490196078
A_PB2	2135	51	A	0	0	51	38.921568627451
A_PB2	2136	51	A	0	0	51	40.8627450980392
A_PB2	2137	51	C	0	0	51	40.8627450980392
A_PB2	2138	51	T	0	0	51	41.2745098039216
A_PB2	2139	51	G	0	0	50	41.16
A_PB2	2140	51	A	0	0	51	41.2941176470588
A_PB2	2141	51	G	0	0	51	40.8235294117647
A_PB2	2142	51	C	0	0	51	41.0196078431373
A_PB2	2143	51	A	0	0	51	40.156862745098
A_PB2	2144	51	A	0	0	51	40.7843137254902
A_PB2	2145	51	T	0	0	51	40.3333333333333
A_PB2	2146	51	C	0	0	51	41.3725490196078
A_PB2	2147	51	T	0	0	51	41.1372549019608
A_PB2	2148	51	T	0	0	51	40.1764705882353
A_PB2	2149	51	G	0	0	51	39.2549019607843
A_PB2	2150	51	C	0	0	51	39.8235294117647
A_PB2	2151	51	T	0	0	50	39.24
A_PB2	2152	51	A	0	0	51	37.8823529411765
A_PB2	2153	51	A	0	0	51	40.5686274509804
A_PB2	2154	51	A	0	0	51	39.8039215686275
A_PB2	2155	51	G	0	0	51	38.4509803921569
A_PB2	2156	50	G	1	0	50	39.28
A_PB2	2157	50	A	1	0	50	39.6
A_PB2	2158	51	G	0	0	51	40.3333333333333
A_PB2	2159	51	A	0	0	51	39.6078431372549
A_PB2	2160	51	G	0	0	51	39.3529411764706
A_PB2	2161	51	A	0	0	51	39.1764705882353
A_PB2	2162	51	A	0	0	51	38.6470588235294
A_PB2	2163	51	A	0	0	50	40.68
A_PB2	2164	51	G	0	0	51	39.4313725490196
A_PB2	2165	51	C	0	0	51	39.8235294117647
A_PB2	2166	51	T	0	0	51	39.0196078431373
A_PB2	2167	51	A	0	0	51	38
A_PB2	2168	51	A	0	0	51	37.7254901960784
A_PB2	2169	51	T	0	0	51	38.3333333333333
A_PB2	2170	51	G	0	0	51	39.5294117647059
A_PB2	2171	51	T	0	0	51	39.6470588235294
A_PB2	2172	51	G	0	0	51	38.7843137254902
A_PB2	2173	51	C	0	0	51	39.6274509803922
A_PB2	2174	51	T	0	0	51	39.9411764705882
A_PB2	2175	51	A	0	0	51	38.5098039215686
A_PB2	2176	51	A	0	0	51	39.5294117647059
A_PB2	2177	51	T	0	0	51	39.2352941176471
A_PB2	2178	51	T	0	0	51	40.4901960784314
A_PB2	2179	52	G	0	0	52	39.7884615384615
A_PB2	2180	52	G	0	0	52	40.7884615384615
A_PB2	2181	79	G	0	0	79	39.253164556962
A_PB2	2182	79	C	0	0	79	38.8227848101266
A_PB2	2183	80	A	0	0	80	37.025
A_PB2	2184	80	G	0	0	79	35.1772151898734
A_PB2	2185	80	G	0	0	80	34.9875
A_PB2	2186	81	G	0	0	80	34.0875
A_PB2	2187	81	G	0	0	81	36.1728395061728
A_PB2	2188	81	G	0	0	80	37.9875
A_PB2	2189	81	A	0	0	80	37.375
A_PB2	2190	81	C	0	0	80	36.2375
A_PB2	2191	81	A	0	0	80	37
A_PB2	2192	81	T	0	0	81	37.3827160493827
A_PB2	2193	81	A	0	0	79	35.4683544303797
A_PB2	2194	81	G	0	0	80	35.925
A_PB2	2195	81	T	0	0	80	36.2
A_PB2	2196	81	G	0	0	81	36.4444444444444
A_PB2	2197	81	T	0	0	81	35.9382716049383
A_PB2	2198	81	T	0	0	81	38.1851851851852
A_PB2	2199	82	G	0	0	82	38.1219512195122
A_PB2	2200	82	G	0	0	82	38.5365853658537
A_PB2	2201	83	T	0	0	83	38.4819277108434
A_PB2	2202	83	A	0	0	82	39.1585365853659
A_PB2	2203	83	A	0	0	83	39.6867469879518
A_PB2	2204	83	T	0	0	83	39.855421686747
A_PB2	2205	83	G	0	0	83	37.6385542168675
A_PB2	2206	83	A	0	0	82	37.1951219512195
A_PB2	2207	83	A	0	0	82	39.1219512195122
A_PB2	2208	83	A	0	0	83	39.2650602409639
A_PB2	2209	83	C	0	0	83	38.7228915662651
A_PB2	2210	82	G	1	0	79	38.4430379746835
A_PB2	2211	83	A	0	0	82	37.3048780487805
A_PB2	2212	83	A	0	0	83	37.3975903614458
A_PB2	2213	83	A	0	0	83	39.0963855421687
A_PB2	2214	83	A	0	0	83	40.3253012048193
A_PB2	2215	83	C	0	0	82	41.9634146341463
A_PB2	2216	82	G	2	0	82	40.7560975609756
A_PB2	2217	84	G	0	0	84	39.7142857142857
A_PB2	2218	84	G	0	0	84	38.9761904761905
A_PB2	2219	84	A	0	0	83	38.578313253012
A_PB2	2220	82	C	2	0	82	38.7073170731707
A_PB2	2221	83	T	1	0	82	38.5853658536585
A_PB2	2222	84	C	0	0	83	39.0843373493976
A_PB2	2223	84	T	0	0	84	39.8095238095238
A_PB2	2224	84	A	0	0	84	39.7976190476191
A_PB2	2225	84	G	0	0	82	41.1341463414634
A_PB2	2226	84	C	0	0	83	40.6987951807229
A_PB2	2227	84	A	0	0	83	40.6385542168675
A_PB2	2228	84	T	0	0	82	40.7317073170732
A_PB2	2229	84	A	0	0	84	40.9047619047619
A_PB2	2230	84	C	0	0	83	40.3614457831325
A_PB2	2231	83	T	1	0	82	40.280487804878
A_PB2	2232	84	T	0	0	84	40.8333333333333
A_PB2	2233	84	A	0	0	84	40.0357142857143
A_PB2	2234	84	C	0	0	83	40.2048192771084
A_PB2	2235	84	T	0	0	84	40.9047619047619
A_PB2	2236	84	G	0	0	84	40.3928571428571
A_PB2	2237	84	A	0	0	84	39.5119047619048
A_PB2	2238	84	C	0	0	84	40.1428571428571
A_PB2	2239	84	A	0	0	84	39.8214285714286
A_PB2	2240	84	G	0	0	84	40.1904761904762
A_PB2	2241	84	C	0	0	84	41.1785714285714
A_PB2	2242	84	C	0	0	84	40.75
A_PB2	2243	84	A	0	0	84	41.1547619047619
A_PB2	2244	83	G	1	0	83	40.6987951807229
A_PB2	2245	84	A	0	0	84	41.2738095238095
A_PB2	2246	84	C	0	0	84	40.5714285714286
A_PB2	2247	84	A	0	0	84	40.6309523809524
A_PB2	2248	84	G	0	0	84	40.8095238095238
A_PB2	2249	84	C	0	0	84	39.7976190476191
A_PB2	2250	84	G	0	0	84	38.3452380952381
A_PB2	2251	84	A	0	0	84	37.6309523809524
A_PB2	2252	84	C	0	0	84	37.5833333333333
A_PB2	2253	84	C	0	0	84	37.2380952380952
A_PB2	2254	84	A	0	0	83	36.2650602409639
A_PB2	2255	84	A	0	0	84	38.2261904761905
A_PB2	2256	83	A	1	0	83	39.1927710843374
A_PB2	2257	83	A	1	0	83	41.0843373493976
A_PB2	2258	83	G	1	0	82	41.3780487804878
A_PB2	2259	84	A	0	0	84	40.8690476190476
A_PB2	2260	84	A	0	0	84	41.2619047619048
A_PB2	2261	84	T	0	0	83	39.855421686747
A_PB2	2262	84	T	0	0	84	40.4404761904762
A_PB2	2263	84	C	0	0	84	39.1904761904762
A_PB2	2264	83	G	1	0	83	38.7710843373494
A_PB2	2265	84	A	0	0	84	39.5714285714286
A_PB2	2266	84	A	0	0	84	39.75
A_PB2	2267	84	T	0	0	84	38.8214285714286
A_PB2	2268	84	G	0	0	84	38.8809523809524
A_PB2	2269	84	G	0	0	84	39.25
A_PB2	2270	84	C	0	0	84	39.9761904761905
A_PB2	2271	84	C	0	0	84	38.8452380952381
A_PB2	2272	84	A	0	0	84	39.8095238095238
A_PB2	2273	84	T	0	0	84	39.6785714285714
A_PB2	2274	84	C	0	0	84	38.3452380952381
A_PB2	2275	84	A	0	0	84	37.8095238095238
A_PB2	2276	84	A	0	0	84	37.3571428571429
A_PB2	2277	84	T	0	0	84	37.2857142857143
A_PB2	2278	84	T	0	0	84	36.4523809523809
A_PB2	2279	84	A	0	0	84	36.1309523809524
A_PB2	2280	84	G	0	0	84	36.1071428571429
