Reference_Name	Position	Coverage Depth	Consensus	Deletions	Ambiguous	Consensus_Count	Consensus_Average_Quality
A_HA_H1	1	404	A	0	0	404	41.7574257425743
A_HA_H1	2	404	T	0	0	404	42.0816831683168
A_HA_H1	3	404	G	0	0	404	39.9084158415842
A_HA_H1	4	404	A	0	0	404	40.6905940594059
A_HA_H1	5	405	A	0	0	405	40.5358024691358
A_HA_H1	6	405	G	0	0	405	40.4493827160494
A_HA_H1	7	405	G	0	0	405	40.1407407407407
A_HA_H1	8	405	C	0	0	405	40.479012345679
A_HA_H1	9	405	A	0	0	405	38.7061728395062
A_HA_H1	10	405	A	0	0	405	38.9506172839506
A_HA_H1	11	405	T	0	0	404	39.9975247524753
A_HA_H1	12	405	A	0	0	404	38.4628712871287
A_HA_H1	13	405	C	0	0	402	37.8930348258707
A_HA_H1	14	405	T	0	0	404	37.9381188118812
A_HA_H1	15	405	A	0	0	402	35.8557213930348
A_HA_H1	16	405	G	0	0	404	35.7376237623762
A_HA_H1	17	405	T	0	0	404	36.480198019802
A_HA_H1	18	405	A	0	0	403	37.5111662531017
A_HA_H1	19	404	G	1	0	403	38.3995037220844
A_HA_H1	20	404	T	1	0	404	39.6064356435644
A_HA_H1	21	405	T	0	0	405	40.0172839506173
A_HA_H1	22	405	A	0	0	404	39.6410891089109
A_HA_H1	23	405	T	0	0	405	40.4123456790123
A_HA_H1	24	405	G	0	0	405	39.1012345679012
A_HA_H1	25	404	C	1	0	404	38.6732673267327
A_HA_H1	26	404	T	2	0	403	38.6848635235732
A_HA_H1	27	404	G	2	0	404	38.6039603960396
A_HA_H1	28	403	T	3	0	403	38.9081885856079
A_HA_H1	29	405	A	1	0	405	39.358024691358
A_HA_H1	30	405	T	1	0	403	40.9875930521092
A_HA_H1	31	406	A	0	0	405	41.1555555555556
A_HA_H1	32	406	C	0	0	404	41.4529702970297
A_HA_H1	33	406	A	0	0	405	40.8320987654321
A_HA_H1	34	405	T	1	0	403	40.6352357320099
A_HA_H1	35	406	T	0	0	405	40.5382716049383
A_HA_H1	36	406	T	0	0	404	40.9430693069307
A_HA_H1	37	406	A	0	0	406	39.9162561576355
A_HA_H1	38	406	C	0	0	406	40.9802955665025
A_HA_H1	39	406	A	0	0	406	41
A_HA_H1	40	407	A	0	0	405	41.5061728395062
A_HA_H1	41	406	C	1	0	406	41.0615763546798
A_HA_H1	42	407	C	0	0	402	38.9228855721393
A_HA_H1	43	406	G	1	0	405	37.8444444444444
A_HA_H1	44	405	C	2	0	405	37.3382716049383
A_HA_H1	45	405	A	2	0	405	37.1506172839506
A_HA_H1	46	407	A	1	0	407	37.3267813267813
A_HA_H1	47	408	A	0	0	408	38.4289215686275
A_HA_H1	48	408	T	0	0	407	41.1916461916462
A_HA_H1	49	409	G	0	0	409	40.8704156479218
A_HA_H1	50	408	C	1	0	408	41.3823529411765
A_HA_H1	51	409	A	0	0	409	40.1882640586797
A_HA_H1	52	409	G	0	0	408	40.0367647058824
A_HA_H1	53	409	A	0	0	409	40.2371638141809
A_HA_H1	54	410	C	0	0	409	40.5965770171149
A_HA_H1	55	410	A	0	0	410	40.509756097561
A_HA_H1	56	410	C	0	0	410	40.8463414634146
A_HA_H1	57	410	A	0	0	408	40.1838235294118
A_HA_H1	58	410	T	0	0	410	40.1170731707317
A_HA_H1	59	407	T	3	0	407	39.3611793611794
A_HA_H1	60	407	A	3	0	407	38.4054054054054
A_HA_H1	61	406	T	4	0	406	38.2610837438424
A_HA_H1	62	406	G	4	0	405	37.5950617283951
A_HA_H1	63	409	T	1	0	409	37.9682151589242
A_HA_H1	64	409	A	1	0	408	38.5490196078431
A_HA_H1	65	409	T	1	0	407	39.6240786240786
A_HA_H1	66	409	A	1	0	409	38.8117359413203
A_HA_H1	67	409	G	1	0	405	39.2740740740741
A_HA_H1	68	409	G	1	0	406	39.0935960591133
A_HA_H1	69	410	T	0	0	407	39.4250614250614
A_HA_H1	70	410	T	0	0	409	39.8337408312958
A_HA_H1	71	410	A	0	0	410	39.3292682926829
A_HA_H1	72	411	T	0	0	410	41.2585365853659
A_HA_H1	73	411	C	0	0	404	39.9678217821782
A_HA_H1	74	411	A	0	0	410	39.990243902439
A_HA_H1	75	411	T	0	0	411	39.8515815085158
A_HA_H1	76	410	G	1	0	409	40.0293398533007
A_HA_H1	77	411	C	1	0	407	39.044226044226
A_HA_H1	78	412	G	0	0	403	36.833746898263
A_HA_H1	79	410	A	2	0	409	36.1662591687042
A_HA_H1	80	412	A	0	0	411	36.2652068126521
A_HA_H1	81	411	C	1	0	406	36.1108374384236
A_HA_H1	82	413	A	0	0	411	36.8929440389294
A_HA_H1	83	413	A	0	0	409	40.8753056234719
A_HA_H1	84	413	T	0	0	413	40.9176755447942
A_HA_H1	85	413	T	0	0	413	40.4213075060533
A_HA_H1	86	412	C	1	0	407	40.9066339066339
A_HA_H1	87	412	A	1	0	408	41.3627450980392
A_HA_H1	88	411	A	2	0	409	41.6479217603912
A_HA_H1	89	412	C	1	0	409	41.4743276283619
A_HA_H1	90	412	A	1	0	411	41.1216545012165
A_HA_H1	91	412	G	1	0	410	41.2780487804878
A_HA_H1	92	412	A	1	0	412	41.1043689320388
A_HA_H1	93	412	C	1	0	411	41.3990267639903
A_HA_H1	94	412	A	1	0	412	40.8932038834951
A_HA_H1	95	412	C	1	0	412	41.6067961165049
A_HA_H1	96	412	T	1	0	412	41.5800970873786
A_HA_H1	97	413	G	0	0	413	41.5641646489104
A_HA_H1	98	413	T	0	0	413	41.774818401937
A_HA_H1	99	413	G	0	0	412	41.1140776699029
A_HA_H1	100	412	G	1	0	411	40.0948905109489
A_HA_H1	101	412	A	2	0	412	39.6092233009709
A_HA_H1	102	414	C	0	0	413	39.319612590799
A_HA_H1	103	414	A	0	0	413	39.6537530266344
A_HA_H1	104	414	C	0	0	413	40.6610169491525
A_HA_H1	105	414	A	0	0	412	41.0800970873786
A_HA_H1	106	413	G	1	0	413	39.6852300242131
A_HA_H1	107	413	T	1	0	413	39.9878934624697
A_HA_H1	108	412	A	2	0	411	39.014598540146
A_HA_H1	109	413	C	1	0	413	38.6658595641646
A_HA_H1	110	413	T	1	0	413	38.9806295399516
A_HA_H1	111	412	A	3	0	410	36.819512195122
A_HA_H1	112	412	G	3	0	411	35.8832116788321
A_HA_H1	113	415	A	1	0	415	36.055421686747
A_HA_H1	114	414	A	2	0	414	37.0652173913044
A_HA_H1	115	414	A	2	0	413	40.3898305084746
A_HA_H1	116	414	A	2	0	411	40.8953771289538
A_HA_H1	117	414	G	2	0	411	40.5839416058394
A_HA_H1	118	416	A	0	0	413	41.3970944309927
A_HA_H1	119	416	A	0	0	415	41.2024096385542
A_HA_H1	120	415	T	0	0	415	40.978313253012
A_HA_H1	121	414	G	1	0	412	40.3398058252427
A_HA_H1	122	411	T	4	0	411	40.1824817518248
A_HA_H1	123	412	A	3	0	410	39.6829268292683
A_HA_H1	124	413	A	2	0	412	39.9781553398058
A_HA_H1	125	414	C	1	0	414	40.280193236715
A_HA_H1	126	414	A	1	0	414	40.5700483091787
A_HA_H1	127	415	G	0	0	413	41.3147699757869
A_HA_H1	128	415	T	0	0	411	41.5888077858881
A_HA_H1	129	415	A	0	0	413	40.6513317191283
A_HA_H1	130	415	A	0	0	414	40.6787439613527
A_HA_H1	131	415	C	0	0	414	40.8405797101449
A_HA_H1	132	415	A	0	0	412	40.2912621359223
A_HA_H1	133	415	C	0	0	415	40.3349397590361
A_HA_H1	134	414	A	1	0	414	39.6618357487923
A_HA_H1	135	416	C	0	0	416	38.4014423076923
A_HA_H1	136	416	T	0	0	415	39.1253012048193
A_HA_H1	137	416	C	0	0	414	38.5821256038647
A_HA_H1	138	416	T	0	0	414	39.1473429951691
A_HA_H1	139	416	G	0	0	416	39.5288461538462
A_HA_H1	140	416	T	0	0	414	40.2584541062802
A_HA_H1	141	416	C	0	0	414	39.243961352657
A_HA_H1	142	415	A	1	0	413	39.728813559322
A_HA_H1	143	416	A	0	0	416	39.1754807692308
A_HA_H1	144	415	T	1	0	413	39.7966101694915
A_HA_H1	145	415	C	1	0	411	39.0948905109489
A_HA_H1	146	415	T	1	0	415	40.6506024096386
A_HA_H1	147	411	T	5	0	410	40.1219512195122
A_HA_H1	148	411	C	5	0	408	38.2720588235294
A_HA_H1	149	412	T	4	0	409	37.8435207823961
A_HA_H1	150	415	A	1	0	413	37.2397094430993
A_HA_H1	151	416	G	0	0	412	37.621359223301
A_HA_H1	152	414	A	2	0	414	38.3429951690821
A_HA_H1	153	413	A	3	0	413	40.4140435835351
A_HA_H1	154	413	G	3	0	412	40.8349514563107
A_HA_H1	155	413	A	3	0	413	40.3946731234867
A_HA_H1	156	412	C	4	0	411	40.661800486618
A_HA_H1	157	415	A	1	0	413	39.8765133171913
A_HA_H1	158	416	A	0	0	415	39.3686746987952
A_HA_H1	159	416	G	0	0	416	39.4326923076923
A_HA_H1	160	415	C	0	0	414	40.3623188405797
A_HA_H1	161	415	A	0	0	415	40.3180722891566
A_HA_H1	162	415	T	0	0	414	41.0217391304348
A_HA_H1	163	415	A	0	0	414	39.5144927536232
A_HA_H1	164	415	A	0	0	414	39.9975845410628
A_HA_H1	165	415	C	0	0	411	37.0729927007299
A_HA_H1	166	411	G	4	0	410	35.080487804878
A_HA_H1	167	414	G	1	0	409	34.6723716381418
A_HA_H1	168	414	A	1	0	414	34.0772946859903
A_HA_H1	169	415	A	0	0	415	34.1759036144578
A_HA_H1	170	415	A	0	0	415	37.2746987951807
A_HA_H1	171	414	A	0	0	411	39.1265206812652
A_HA_H1	172	414	C	0	0	411	39.2530413625304
A_HA_H1	173	414	T	0	0	413	38.9612590799032
A_HA_H1	174	413	A	1	0	410	38.4756097560976
A_HA_H1	175	413	T	1	0	412	38.626213592233
A_HA_H1	176	412	G	2	0	412	37.5436893203884
A_HA_H1	177	411	C	3	0	411	38.2214111922141
A_HA_H1	178	413	A	1	0	412	37.9684466019417
A_HA_H1	179	413	A	1	0	412	38.9150485436893
A_HA_H1	180	413	A	1	0	411	39.30900243309
A_HA_H1	181	413	C	1	0	411	39.4306569343066
A_HA_H1	182	412	T	2	0	410	38.890243902439
A_HA_H1	183	406	A	8	0	402	37.2213930348259
A_HA_H1	184	408	A	6	0	407	35.9533169533169
A_HA_H1	185	411	G	3	0	408	35.7009803921569
A_HA_H1	186	411	A	3	0	411	36.4111922141119
A_HA_H1	187	409	G	5	0	408	36.9730392156863
A_HA_H1	188	413	G	1	0	411	37.7469586374696
A_HA_H1	189	413	G	1	0	412	38.6553398058252
A_HA_H1	190	413	G	1	0	412	39.6577669902913
A_HA_H1	191	414	T	1	0	414	39.2415458937198
A_HA_H1	192	414	A	1	0	413	38.3147699757869
A_HA_H1	193	413	G	2	0	413	39.2058111380145
A_HA_H1	194	408	C	7	0	408	39.8897058823529
A_HA_H1	195	413	C	2	0	413	39.1501210653753
A_HA_H1	196	414	C	1	0	412	39.5970873786408
A_HA_H1	197	415	C	0	0	414	38.6497584541063
A_HA_H1	198	415	A	0	0	415	37.9759036144578
A_HA_H1	199	415	T	0	0	414	40.0869565217391
A_HA_H1	200	414	T	1	0	413	39.8547215496368
A_HA_H1	201	414	G	1	0	414	39.3792270531401
A_HA_H1	202	415	C	0	0	415	40.1421686746988
A_HA_H1	203	415	A	0	0	415	39.8578313253012
A_HA_H1	204	413	T	2	0	413	40.6561743341404
A_HA_H1	205	415	T	0	0	414	40.1908212560386
A_HA_H1	206	415	T	0	0	415	41.1084337349398
A_HA_H1	207	415	G	0	0	415	39.510843373494
A_HA_H1	208	415	G	0	0	415	40.3734939759036
A_HA_H1	209	414	G	1	0	413	40.3026634382567
A_HA_H1	210	414	T	1	0	414	39.7826086956522
A_HA_H1	211	413	C	2	0	412	39.3543689320388
A_HA_H1	212	414	A	1	0	410	40.3121951219512
A_HA_H1	213	415	A	1	0	415	39.2843373493976
A_HA_H1	214	415	T	1	0	414	39.5700483091787
A_HA_H1	215	416	G	0	0	412	39.2669902912621
A_HA_H1	216	416	T	0	0	415	40.1951807228916
A_HA_H1	217	416	A	0	0	415	39.4939759036145
A_HA_H1	218	416	A	0	0	415	39.7831325301205
A_HA_H1	219	415	C	1	0	414	39.8961352657005
A_HA_H1	220	415	A	1	0	415	38.5156626506024
A_HA_H1	221	415	T	1	0	415	38.6819277108434
A_HA_H1	222	416	T	0	0	416	38.0120192307692
A_HA_H1	223	416	G	0	0	415	39.3951807228916
A_HA_H1	224	416	C	0	0	416	40.0528846153846
A_HA_H1	225	416	T	0	0	415	40.9060240963855
A_HA_H1	226	416	G	0	0	415	40.9614457831325
A_HA_H1	227	416	G	0	0	416	41.3461538461538
A_HA_H1	228	416	C	0	0	416	40.8677884615385
A_HA_H1	229	416	T	0	0	416	40.5961538461538
A_HA_H1	230	416	G	0	0	415	40.1879518072289
A_HA_H1	231	416	G	0	0	415	41.0939759036145
A_HA_H1	232	416	A	0	0	415	40.7710843373494
A_HA_H1	233	416	T	0	0	415	41.3397590361446
A_HA_H1	234	416	C	0	0	416	41.3341346153846
A_HA_H1	235	416	C	0	0	416	41.2692307692308
A_HA_H1	236	416	T	0	0	416	41.4735576923077
A_HA_H1	237	406	G	10	0	406	40.8793103448276
A_HA_H1	238	415	G	1	0	415	41.0915662650602
A_HA_H1	239	415	G	1	0	415	40.6313253012048
A_HA_H1	240	415	A	1	0	415	40.9518072289157
A_HA_H1	241	415	A	1	0	414	42.1256038647343
A_HA_H1	242	416	A	0	0	414	41.6497584541063
A_HA_H1	243	416	T	0	0	415	40.9012048192771
A_HA_H1	244	415	C	1	0	413	40.452784503632
A_HA_H1	245	415	C	0	0	414	40.7898550724638
A_HA_H1	246	414	A	1	0	413	39.7941888619855
A_HA_H1	247	412	G	3	0	411	39.8880778588808
A_HA_H1	248	415	A	1	0	415	40.1253012048193
A_HA_H1	249	416	G	0	0	416	40.5408653846154
A_HA_H1	250	416	T	0	0	415	41.0915662650602
A_HA_H1	251	416	G	0	0	415	40.766265060241
A_HA_H1	252	415	T	1	0	411	41.2408759124088
A_HA_H1	253	414	G	2	0	411	39.1094890510949
A_HA_H1	254	415	A	1	0	414	38.9154589371981
A_HA_H1	255	416	A	0	0	415	39.4457831325301
A_HA_H1	256	416	T	0	0	416	39.7163461538462
A_HA_H1	257	416	C	0	0	415	40.4433734939759
A_HA_H1	258	416	A	0	0	415	42.255421686747
A_HA_H1	259	416	C	0	0	416	41.6706730769231
A_HA_H1	260	415	T	0	0	415	41.8481927710843
A_HA_H1	261	415	A	0	0	413	41.1113801452785
A_HA_H1	262	415	T	0	0	414	41.4009661835749
A_HA_H1	263	414	C	1	0	412	40.6723300970874
A_HA_H1	264	413	C	2	0	413	40.8692493946731
A_HA_H1	265	413	A	2	0	413	39.9588377723971
A_HA_H1	266	415	C	0	0	414	39.6062801932367
A_HA_H1	267	415	A	0	0	414	39.3526570048309
A_HA_H1	268	415	G	0	0	414	39.8309178743961
A_HA_H1	269	415	C	0	0	415	40.1542168674699
A_HA_H1	270	415	A	0	0	414	41.6376811594203
A_HA_H1	271	415	A	0	0	415	41.6746987951807
A_HA_H1	272	415	G	0	0	415	42.055421686747
A_HA_H1	273	415	G	0	0	415	42.0602409638554
A_HA_H1	274	415	T	0	0	415	41.8915662650602
A_HA_H1	275	415	C	0	0	415	40.8192771084337
A_HA_H1	276	415	A	0	0	414	40.8019323671498
A_HA_H1	277	415	T	0	0	415	41.344578313253
A_HA_H1	278	415	G	0	0	415	40.0313253012048
A_HA_H1	279	415	G	0	0	415	40.4409638554217
A_HA_H1	280	414	T	1	0	410	40.0634146341463
A_HA_H1	281	414	C	1	0	413	39.7820823244552
A_HA_H1	282	415	C	0	0	415	39.2602409638554
A_HA_H1	283	415	T	0	0	414	39.9589371980676
A_HA_H1	284	415	A	0	0	413	39.5956416464891
A_HA_H1	285	415	C	0	0	415	39.3951807228916
A_HA_H1	286	415	A	0	0	415	39.2192771084337
A_HA_H1	287	415	T	0	0	415	39.9927710843373
A_HA_H1	288	415	T	0	0	414	40.1135265700483
A_HA_H1	289	415	G	0	0	415	39.2072289156627
A_HA_H1	290	415	T	0	0	415	39.4578313253012
A_HA_H1	291	414	G	0	0	414	40.219806763285
A_HA_H1	292	414	G	0	0	414	40.7995169082126
A_HA_H1	293	412	A	2	0	411	41.0851581508516
A_HA_H1	294	413	A	1	0	413	42.2469733656174
A_HA_H1	295	413	A	1	0	411	42.1557177615572
A_HA_H1	296	413	C	1	0	411	41.6593673965937
A_HA_H1	297	414	A	0	0	412	40.1359223300971
A_HA_H1	298	413	T	1	0	411	39.698296836983
A_HA_H1	299	414	C	0	0	413	37.043583535109
A_HA_H1	300	413	T	1	0	411	37.2116788321168
A_HA_H1	301	413	A	0	0	413	36.6004842615012
A_HA_H1	302	413	A	0	0	413	37.7409200968523
A_HA_H1	303	411	T	2	0	411	37.9464720194647
A_HA_H1	304	413	T	0	0	413	39.7772397094431
A_HA_H1	305	411	C	2	0	411	41.1751824817518
A_HA_H1	306	413	A	0	0	411	41.9513381995134
A_HA_H1	307	413	G	0	0	413	41.6779661016949
A_HA_H1	308	413	A	0	0	413	41.6561743341404
A_HA_H1	309	413	C	0	0	412	41.7815533980583
A_HA_H1	310	413	A	0	0	411	40.8150851581509
A_HA_H1	311	413	A	0	0	413	41.2590799031477
A_HA_H1	312	413	T	0	0	413	41.3389830508475
A_HA_H1	313	413	G	0	0	413	41.4309927360775
A_HA_H1	314	413	G	0	0	413	41.3922518159806
A_HA_H1	315	412	A	1	0	411	42.2116788321168
A_HA_H1	316	412	A	1	0	412	41.7961165048544
A_HA_H1	317	411	C	2	0	409	40.3154034229829
A_HA_H1	318	411	G	2	0	408	38.9289215686275
A_HA_H1	319	410	T	2	0	410	38.809756097561
A_HA_H1	320	412	G	0	0	409	38.6430317848411
A_HA_H1	321	410	T	2	0	408	38.3014705882353
A_HA_H1	322	409	T	2	0	407	39.5233415233415
A_HA_H1	323	406	A	5	0	404	40.3193069306931
A_HA_H1	324	406	C	5	0	404	40.6237623762376
A_HA_H1	325	409	C	2	0	408	39.0122549019608
A_HA_H1	326	410	C	1	0	410	38.4658536585366
A_HA_H1	327	411	A	0	0	407	31.8574938574939
A_HA_H1	328	412	G	0	0	411	39.0340632603406
A_HA_H1	329	412	G	0	0	412	39.5121359223301
A_HA_H1	330	412	A	0	0	411	39.0632603406326
A_HA_H1	331	411	G	1	0	411	39.1824817518248
A_HA_H1	332	412	A	0	0	411	39.2335766423358
A_HA_H1	333	411	T	1	0	410	40.7414634146341
A_HA_H1	334	412	T	0	0	412	40.1699029126214
A_HA_H1	335	412	T	0	0	410	40.7756097560976
A_HA_H1	336	412	C	0	0	412	39.4271844660194
A_HA_H1	337	412	A	0	0	412	38.745145631068
A_HA_H1	338	412	T	0	0	412	38.5461165048544
A_HA_H1	339	412	C	0	0	408	37.531862745098
A_HA_H1	340	412	A	0	0	412	38.6140776699029
A_HA_H1	341	412	A	0	0	412	38.3228155339806
A_HA_H1	342	411	T	1	0	411	38.7761557177616
A_HA_H1	343	411	T	1	0	410	39.5829268292683
A_HA_H1	344	410	A	2	0	408	40.1176470588235
A_HA_H1	345	410	T	2	0	406	40.9532019704434
A_HA_H1	346	408	G	4	0	404	39.0519801980198
A_HA_H1	347	411	A	1	0	408	38.8823529411765
A_HA_H1	348	411	G	1	0	410	38.4414634146341
A_HA_H1	349	411	G	1	0	411	38.3892944038929
A_HA_H1	350	410	A	2	0	409	38.0464547677262
A_HA_H1	351	410	G	2	0	410	37.9219512195122
A_HA_H1	352	411	C	1	0	410	38.2829268292683
A_HA_H1	353	411	T	1	0	411	39.2019464720195
A_HA_H1	354	403	A	9	0	402	37.0223880597015
A_HA_H1	355	411	A	1	0	407	35.4692874692875
A_HA_H1	356	411	G	1	0	407	34.2014742014742
A_HA_H1	357	410	A	2	0	409	35.3398533007335
A_HA_H1	358	409	G	3	0	406	35.4039408866995
A_HA_H1	359	410	A	2	0	409	37.9095354523227
A_HA_H1	360	409	G	3	0	409	37.3863080684597
A_HA_H1	361	410	C	2	0	410	40.0024390243902
A_HA_H1	362	411	A	1	0	410	40.4731707317073
A_HA_H1	363	412	A	0	0	412	40.7014563106796
A_HA_H1	364	412	T	0	0	411	41.8978102189781
A_HA_H1	365	412	T	0	0	408	41.9632352941176
A_HA_H1	366	412	G	0	0	410	40.8878048780488
A_HA_H1	367	412	A	0	0	410	40.7756097560976
A_HA_H1	368	412	G	1	0	412	40.4635922330097
A_HA_H1	369	413	C	0	0	413	40.0290556900726
A_HA_H1	370	413	T	0	0	410	40.090243902439
A_HA_H1	371	412	C	1	0	411	40.0194647201946
A_HA_H1	372	413	A	0	0	412	40.2233009708738
A_HA_H1	373	413	G	0	0	413	40.1501210653753
A_HA_H1	374	412	T	1	0	412	40.6383495145631
A_HA_H1	375	413	G	0	0	257	41.147859922179
A_HA_H1	376	413	T	0	0	413	40.0702179176755
A_HA_H1	377	413	C	0	0	411	39.6447688564477
A_HA_H1	378	413	A	0	0	413	39.2615012106538
A_HA_H1	379	413	T	0	0	413	39.4430992736077
A_HA_H1	380	413	C	0	0	413	39.1864406779661
A_HA_H1	381	413	A	0	0	412	40.0558252427184
A_HA_H1	382	413	T	0	0	412	41.0097087378641
A_HA_H1	383	413	T	0	0	413	40.9854721549637
A_HA_H1	384	413	T	0	0	413	40.9636803874092
A_HA_H1	385	409	G	4	0	408	40.9828431372549
A_HA_H1	386	412	A	1	0	411	41.3795620437956
A_HA_H1	387	413	A	0	0	413	41.2106537530266
A_HA_H1	388	413	A	0	0	413	41.9273607748184
A_HA_H1	389	413	A	0	0	412	42.6189320388349
A_HA_H1	390	413	G	0	0	411	42.3430656934307
A_HA_H1	391	412	T	1	0	412	42.0509708737864
A_HA_H1	392	413	T	0	0	413	42.6440677966102
A_HA_H1	393	413	T	0	0	411	42.1922141119221
A_HA_H1	394	413	G	0	0	411	40.970802919708
A_HA_H1	395	410	A	3	0	410	40.5560975609756
A_HA_H1	396	413	A	0	0	411	40.2287104622871
A_HA_H1	397	412	A	1	0	412	40.3665048543689
A_HA_H1	398	410	T	3	0	409	40.3838630806846
A_HA_H1	399	410	A	3	0	408	40.031862745098
A_HA_H1	400	409	T	4	0	408	39.7279411764706
A_HA_H1	401	412	T	1	0	412	38.7111650485437
A_HA_H1	402	385	C	28	0	379	35.7915567282322
A_HA_H1	403	413	C	0	0	410	34.9634146341463
A_HA_H1	404	413	C	0	0	412	37.2766990291262
A_HA_H1	405	412	C	1	0	410	36.0170731707317
A_HA_H1	406	412	A	2	0	411	31.9002433090024
A_HA_H1	407	414	A	0	0	413	40.0726392251816
A_HA_H1	408	414	G	0	0	413	40.8256658595642
A_HA_H1	409	414	G	0	0	414	40.2584541062802
A_HA_H1	410	414	C	0	0	413	40.7530266343826
A_HA_H1	411	411	A	3	0	411	40.6131386861314
A_HA_H1	412	413	A	1	0	413	40.5302663438257
A_HA_H1	413	414	G	0	0	414	40.3840579710145
A_HA_H1	414	414	T	0	0	412	40.6893203883495
A_HA_H1	415	414	T	0	0	413	40.3898305084746
A_HA_H1	416	414	C	0	0	412	39.7597087378641
A_HA_H1	417	414	A	0	0	413	39.5762711864407
A_HA_H1	418	414	T	0	0	414	40.0724637681159
A_HA_H1	419	413	G	0	0	413	39.0508474576271
A_HA_H1	420	413	G	0	0	413	39.0750605326877
A_HA_H1	421	413	C	0	0	413	39.8353510895884
A_HA_H1	422	413	C	0	0	413	40.2058111380145
A_HA_H1	423	413	T	0	0	413	40.3825665859564
A_HA_H1	424	412	A	1	0	411	40.3211678832117
A_HA_H1	425	413	A	0	0	413	40.1428571428571
A_HA_H1	426	413	T	0	0	413	39.6101694915254
A_HA_H1	427	413	C	0	0	411	38.8077858880779
A_HA_H1	428	413	A	0	0	412	38.8592233009709
A_HA_H1	429	413	T	0	0	413	38.9709443099274
A_HA_H1	430	413	G	0	0	412	37.0315533980583
A_HA_H1	431	413	A	0	0	412	36.8398058252427
A_HA_H1	432	413	C	0	0	413	36.6973365617433
A_HA_H1	433	413	T	0	0	412	37.4393203883495
A_HA_H1	434	411	C	2	0	411	37.2822384428224
A_HA_H1	435	410	G	3	0	408	37.0392156862745
A_HA_H1	436	412	G	1	0	412	37.6917475728155
A_HA_H1	437	413	A	0	0	413	38.7239709443099
A_HA_H1	438	413	C	0	0	412	39.0388349514563
A_HA_H1	439	413	A	0	0	413	39.7506053268765
A_HA_H1	440	413	A	0	0	413	40.8135593220339
A_HA_H1	441	412	T	0	0	412	40.9538834951456
A_HA_H1	442	412	G	0	0	411	40.8418491484185
A_HA_H1	443	412	G	0	0	411	41.2652068126521
A_HA_H1	444	411	T	1	0	407	41.7788697788698
A_HA_H1	445	412	G	0	0	409	42.0635696821516
A_HA_H1	446	411	T	1	0	410	41.7512195121951
A_HA_H1	447	411	A	1	0	410	41.2878048780488
A_HA_H1	448	411	A	1	0	411	41.7639902676399
A_HA_H1	449	412	C	0	0	412	39.9296116504854
A_HA_H1	450	412	G	0	0	410	38.709756097561
A_HA_H1	451	412	G	0	0	412	37.9271844660194
A_HA_H1	452	412	C	0	0	410	38.1121951219512
A_HA_H1	453	412	A	0	0	411	37.4817518248175
A_HA_H1	454	412	G	0	0	411	38.7810218978102
A_HA_H1	455	412	C	0	0	412	41.1796116504854
A_HA_H1	456	412	A	0	0	410	40.9609756097561
A_HA_H1	457	412	T	0	0	409	41.6430317848411
A_HA_H1	458	412	G	0	0	412	40.4587378640777
A_HA_H1	459	411	T	1	0	411	40.8442822384428
A_HA_H1	460	409	T	3	0	409	41.2762836185819
A_HA_H1	461	410	C	2	0	410	40.4975609756098
A_HA_H1	462	411	T	1	0	411	40.5742092457421
A_HA_H1	463	410	C	2	0	409	40.361858190709
A_HA_H1	464	411	A	1	0	409	40.1246943765281
A_HA_H1	465	411	T	1	0	410	39.3463414634146
A_HA_H1	466	411	G	1	0	411	39.4209245742092
A_HA_H1	467	411	C	1	0	410	39.8804878048781
A_HA_H1	468	412	T	0	0	412	40.2766990291262
A_HA_H1	469	411	G	1	0	411	39.3941605839416
A_HA_H1	470	412	G	0	0	408	38.0294117647059
A_HA_H1	471	412	A	0	0	411	38.1630170316302
A_HA_H1	472	412	G	0	0	412	38.5776699029126
A_HA_H1	473	412	C	0	0	412	38.6092233009709
A_HA_H1	474	406	A	6	0	406	37.2684729064039
A_HA_H1	475	407	A	5	0	406	34.4679802955665
A_HA_H1	476	407	G	5	0	406	34.4458128078818
A_HA_H1	477	405	A	7	0	405	34.4691358024691
A_HA_H1	478	408	A	4	0	408	35.1642156862745
A_HA_H1	479	408	G	4	0	408	34.2279411764706
A_HA_H1	480	411	C	1	0	409	34.041564792176
A_HA_H1	481	410	T	2	0	409	35.0709046454768
A_HA_H1	482	411	T	1	0	410	37.3780487804878
A_HA_H1	483	412	C	0	0	411	35.6374695863747
A_HA_H1	484	412	T	0	0	410	36.4585365853659
A_HA_H1	485	412	A	0	0	412	36.1674757281553
A_HA_H1	486	412	C	0	0	411	37.5669099756691
A_HA_H1	487	408	A	4	0	407	37.7076167076167
A_HA_H1	488	411	A	1	0	411	39.5498783454988
A_HA_H1	489	410	A	2	0	410	39.6463414634146
A_HA_H1	490	410	A	2	0	410	41.4780487804878
A_HA_H1	491	410	A	2	0	410	42.180487804878
A_HA_H1	492	410	C	2	0	410	40.8512195121951
A_HA_H1	493	410	T	2	0	410	40.8146341463415
A_HA_H1	494	410	T	2	0	410	40.3121951219512
A_HA_H1	495	410	G	2	0	410	39.1073170731707
A_HA_H1	496	411	A	1	0	409	39.0733496332518
A_HA_H1	497	411	T	1	0	411	38.2262773722628
A_HA_H1	498	412	A	0	0	412	37.7354368932039
A_HA_H1	499	412	T	0	0	412	38.7597087378641
A_HA_H1	500	412	G	0	0	411	38.9659367396594
A_HA_H1	501	412	G	0	0	412	38.628640776699
A_HA_H1	502	412	C	0	0	412	38.1310679611651
A_HA_H1	503	411	T	1	0	411	38.4403892944039
A_HA_H1	504	411	G	1	0	411	37.6277372262774
A_HA_H1	505	411	G	1	0	411	38.4403892944039
A_HA_H1	506	412	T	0	0	411	39.2068126520681
A_HA_H1	507	412	T	0	0	412	39.3325242718447
A_HA_H1	508	392	A	20	0	391	38.0920716112532
A_HA_H1	509	410	A	2	0	410	36.5024390243902
A_HA_H1	510	410	A	3	0	410	37.2609756097561
A_HA_H1	511	411	A	2	0	411	37.4476885644769
A_HA_H1	512	412	A	1	0	412	40.4393203883495
A_HA_H1	513	411	A	2	0	410	40.0219512195122
A_HA_H1	514	411	G	2	0	408	39.8578431372549
A_HA_H1	515	412	G	1	0	410	37.9390243902439
A_HA_H1	516	409	A	4	0	405	36.762962962963
A_HA_H1	517	412	A	1	0	409	36.8826405867971
A_HA_H1	518	413	A	0	0	410	38.6585365853659
A_HA_H1	519	413	A	0	0	410	39.2365853658537
A_HA_H1	520	413	T	0	0	410	39.5414634146341
A_HA_H1	521	411	C	1	0	396	36.9671717171717
A_HA_H1	522	412	G	0	0	409	35.0537897310513
A_HA_H1	523	409	T	3	0	407	34.8108108108108
A_HA_H1	524	409	A	3	0	404	34.4282178217822
A_HA_H1	525	409	C	3	0	407	34.0786240786241
A_HA_H1	526	411	C	1	0	410	34.2268292682927
A_HA_H1	527	411	C	1	0	407	35.2825552825553
A_HA_H1	528	409	A	3	0	407	33.8918918918919
A_HA_H1	529	412	A	0	0	412	36.1480582524272
A_HA_H1	530	412	A	0	0	412	38.6407766990291
A_HA_H1	531	412	G	0	0	410	39.6146341463415
A_HA_H1	532	412	A	0	0	411	40.4330900243309
A_HA_H1	533	413	T	0	0	413	40.6101694915254
A_HA_H1	534	412	C	1	0	406	39.5738916256158
A_HA_H1	535	413	A	0	0	411	39.0340632603406
A_HA_H1	536	413	A	0	0	410	39.4780487804878
A_HA_H1	537	413	C	0	0	412	39.0461165048544
A_HA_H1	538	413	C	0	0	411	39.1313868613139
A_HA_H1	539	413	A	0	0	410	38.1512195121951
A_HA_H1	540	413	A	0	0	413	36.3922518159806
A_HA_H1	541	413	A	0	0	412	35.5194174757282
A_HA_H1	542	413	C	0	0	412	37.3543689320388
A_HA_H1	543	413	C	0	0	412	36.9538834951456
A_HA_H1	544	412	T	1	0	412	36.7718446601942
A_HA_H1	545	413	A	0	0	412	37.1674757281553
A_HA_H1	546	412	C	1	0	411	37.0340632603406
A_HA_H1	547	412	A	1	0	412	36.0364077669903
A_HA_H1	548	411	T	2	0	411	37.7956204379562
A_HA_H1	549	412	T	1	0	411	37.8369829683698
A_HA_H1	550	413	A	0	0	412	37.3033980582524
A_HA_H1	551	413	A	0	0	412	38.6092233009709
A_HA_H1	552	413	T	0	0	412	39.9101941747573
A_HA_H1	553	413	G	0	0	413	39.1961259079903
A_HA_H1	554	413	A	0	0	412	39.0970873786408
A_HA_H1	555	413	T	0	0	413	39.6658595641646
A_HA_H1	556	406	A	7	0	406	37.6034482758621
A_HA_H1	557	413	A	0	0	413	38.4673123486683
A_HA_H1	558	413	A	0	0	413	38.4019370460048
A_HA_H1	559	412	G	1	0	411	38.4647201946472
A_HA_H1	560	412	G	1	0	412	40.6868932038835
A_HA_H1	561	411	G	2	0	410	39.1
A_HA_H1	562	408	A	5	0	407	38.6240786240786
A_HA_H1	563	412	A	1	0	412	40.0631067961165
A_HA_H1	564	410	A	3	0	410	40.8121951219512
A_HA_H1	565	410	G	3	0	408	38.8014705882353
A_HA_H1	566	412	A	1	0	412	40.3276699029126
A_HA_H1	567	411	A	2	0	410	40.9634146341463
A_HA_H1	568	411	G	2	0	407	40.3415233415233
A_HA_H1	569	413	T	0	0	411	39.1824817518248
A_HA_H1	570	411	C	2	0	410	37.6219512195122
A_HA_H1	571	410	C	3	0	410	37.9707317073171
A_HA_H1	572	410	T	3	0	410	38.9048780487805
A_HA_H1	573	410	C	2	0	406	38.0467980295566
A_HA_H1	574	411	G	1	0	411	37.8564476885645
A_HA_H1	575	411	T	1	0	408	38.7720588235294
A_HA_H1	576	410	G	2	0	410	39.4829268292683
A_HA_H1	577	411	C	1	0	411	39.4136253041363
A_HA_H1	578	410	T	2	0	410	41.4829268292683
A_HA_H1	579	411	G	1	0	411	42.3722627737226
A_HA_H1	580	412	T	0	0	410	41.9707317073171
A_HA_H1	581	409	G	3	0	406	40.8571428571429
A_HA_H1	582	412	G	0	0	410	40.0268292682927
A_HA_H1	583	412	G	0	0	411	39.69099756691
A_HA_H1	584	411	G	1	0	410	38.4341463414634
A_HA_H1	585	411	C	1	0	411	37.2141119221411
A_HA_H1	586	411	A	1	0	409	39.1051344743276
A_HA_H1	587	410	T	2	0	408	39.9607843137255
A_HA_H1	588	411	T	1	0	409	40.0244498777506
A_HA_H1	589	411	C	1	0	410	39.7121951219512
A_HA_H1	590	412	A	0	0	411	39.1654501216545
A_HA_H1	591	412	C	0	0	410	39.3268292682927
A_HA_H1	592	412	C	0	0	410	38.8024390243902
A_HA_H1	593	412	A	0	0	412	38.8300970873786
A_HA_H1	594	412	T	0	0	412	38.6553398058252
A_HA_H1	595	411	C	1	0	411	38.7810218978102
A_HA_H1	596	412	C	0	0	411	39.69099756691
A_HA_H1	597	412	A	0	0	412	39.4757281553398
A_HA_H1	598	412	C	0	0	398	38.9673366834171
A_HA_H1	599	412	C	0	0	411	38.8394160583942
A_HA_H1	600	411	C	1	0	411	39.4476885644769
A_HA_H1	601	411	A	1	0	411	38.3576642335766
A_HA_H1	602	411	C	1	0	411	38.4574209245742
A_HA_H1	603	409	T	3	0	409	40.4474327628362
A_HA_H1	604	409	A	3	0	409	39.1809290953545
A_HA_H1	605	409	T	3	0	409	39.4547677261614
A_HA_H1	606	411	T	1	0	411	39.0997566909976
A_HA_H1	607	411	A	1	0	408	37.4901960784314
A_HA_H1	608	411	C	1	0	411	37.3065693430657
A_HA_H1	609	412	T	0	0	412	37.5461165048544
A_HA_H1	610	410	G	2	0	409	36.9046454767726
A_HA_H1	611	412	A	0	0	410	37.1341463414634
A_HA_H1	612	411	C	1	0	410	38.6634146341463
A_HA_H1	613	411	C	1	0	411	38.5401459854015
A_HA_H1	614	409	A	3	0	409	38.960880195599
A_HA_H1	615	410	A	2	0	410	39.1024390243902
A_HA_H1	616	410	G	2	0	405	39.3012345679012
A_HA_H1	617	408	A	4	0	406	40.7413793103448
A_HA_H1	618	411	A	1	0	411	41.367396593674
A_HA_H1	619	410	A	2	0	410	40.8756097560976
A_HA_H1	620	410	G	2	0	410	39.1609756097561
A_HA_H1	621	405	T	7	0	405	39.6567901234568
A_HA_H1	622	409	C	3	0	408	39.6838235294118
A_HA_H1	623	412	T	0	0	411	38.3552311435523
A_HA_H1	624	411	C	1	0	410	37.9975609756098
A_HA_H1	625	407	T	5	0	407	38.3046683046683
A_HA_H1	626	411	A	1	0	410	37.909756097561
A_HA_H1	627	412	T	0	0	411	38.632603406326
A_HA_H1	628	412	C	0	0	408	38.7230392156863
A_HA_H1	629	411	A	0	0	408	39.9779411764706
A_HA_H1	630	411	G	0	0	407	39.3955773955774
A_HA_H1	631	411	A	0	0	411	39.3260340632603
A_HA_H1	632	411	A	0	0	411	39.5425790754258
A_HA_H1	633	411	T	0	0	411	39.3552311435523
A_HA_H1	634	411	G	0	0	410	38.8341463414634
A_HA_H1	635	411	C	0	0	409	39.5647921760391
A_HA_H1	636	411	A	0	0	410	38.2219512195122
A_HA_H1	637	410	G	1	0	408	37.5661764705882
A_HA_H1	638	411	A	0	0	410	37.3609756097561
A_HA_H1	639	411	T	0	0	411	37.4452554744526
A_HA_H1	640	409	G	2	0	408	38.2475490196078
A_HA_H1	641	409	C	2	0	409	38.3789731051345
A_HA_H1	642	411	G	0	0	410	37.5756097560976
A_HA_H1	643	411	T	0	0	409	38.1222493887531
A_HA_H1	644	411	A	0	0	411	37.9270072992701
A_HA_H1	645	411	T	0	0	409	37.6185819070905
A_HA_H1	646	411	G	0	0	410	37.8585365853659
A_HA_H1	647	407	T	4	0	406	38.7955665024631
A_HA_H1	648	410	T	1	0	410	38.0707317073171
A_HA_H1	649	411	T	0	0	411	39.6885644768856
A_HA_H1	650	411	T	0	0	411	41.1995133819951
A_HA_H1	651	411	T	0	0	411	40.8734793187348
A_HA_H1	652	411	G	0	0	411	40.1654501216545
A_HA_H1	653	411	T	0	0	411	40.1995133819951
A_HA_H1	654	405	G	6	0	405	39.520987654321
A_HA_H1	655	410	G	1	0	410	39.8146341463415
A_HA_H1	656	411	G	0	0	411	39.5012165450122
A_HA_H1	657	411	G	0	0	411	39.5012165450122
A_HA_H1	658	411	A	0	0	408	39.8137254901961
A_HA_H1	659	411	C	0	0	409	39.1662591687042
A_HA_H1	660	411	A	0	0	407	37.7027027027027
A_HA_H1	661	412	T	0	0	412	38.1626213592233
A_HA_H1	662	412	C	0	0	409	37.4547677261614
A_HA_H1	663	412	A	1	0	410	37.4560975609756
A_HA_H1	664	412	A	1	0	411	37.316301703163
A_HA_H1	665	413	G	0	0	407	37.7223587223587
A_HA_H1	666	409	A	4	0	406	38.4802955665025
A_HA_H1	667	409	T	4	0	405	38.0666666666667
A_HA_H1	668	409	A	4	0	406	37.987684729064
A_HA_H1	669	410	C	3	0	406	38.3177339901478
A_HA_H1	670	412	A	1	0	409	36.6283618581907
A_HA_H1	671	413	G	0	0	413	36.273607748184
A_HA_H1	672	413	C	0	0	412	36.747572815534
A_HA_H1	673	411	A	2	0	409	37.5061124694377
A_HA_H1	674	413	A	0	0	412	38.997572815534
A_HA_H1	675	413	G	0	0	410	39.8414634146341
A_HA_H1	676	413	A	0	0	411	40.7907542579075
A_HA_H1	677	413	A	0	0	412	41.2597087378641
A_HA_H1	678	412	G	1	0	411	40.3649635036496
A_HA_H1	679	412	T	1	0	411	40.3698296836983
A_HA_H1	680	412	T	1	0	412	40.871359223301
A_HA_H1	681	412	C	1	0	409	39.7970660146699
A_HA_H1	682	412	A	1	0	410	39.7926829268293
A_HA_H1	683	412	A	1	0	412	40.1553398058252
A_HA_H1	684	412	G	1	0	411	40.021897810219
A_HA_H1	685	412	C	1	0	412	40.0218446601942
A_HA_H1	686	412	C	1	0	412	38.5218446601942
A_HA_H1	687	411	G	2	0	407	38.6633906633907
A_HA_H1	688	413	G	0	0	412	38.2330097087379
A_HA_H1	689	413	A	0	0	411	38.8759124087591
A_HA_H1	690	413	A	0	0	413	39.1961259079903
A_HA_H1	691	413	A	0	0	413	40.6271186440678
A_HA_H1	692	413	T	0	0	413	41.7481840193705
A_HA_H1	693	410	A	3	0	410	39.7121951219512
A_HA_H1	694	409	G	4	0	409	39.5012224938875
A_HA_H1	695	410	C	3	0	407	39.012285012285
A_HA_H1	696	413	A	0	0	412	38.0315533980583
A_HA_H1	697	413	G	0	0	412	38.5218446601942
A_HA_H1	698	413	C	0	0	413	39.1138014527845
A_HA_H1	699	413	A	0	0	413	39.7360774818402
A_HA_H1	700	413	A	0	0	413	40.5569007263923
A_HA_H1	701	413	G	0	0	413	40.2542372881356
A_HA_H1	702	413	A	0	0	413	40.6731234866828
A_HA_H1	703	412	C	1	0	411	40.4379562043796
A_HA_H1	704	413	C	0	0	412	39.8082524271845
A_HA_H1	705	413	C	0	0	412	39.8883495145631
A_HA_H1	706	413	A	0	0	413	37.8377723970944
A_HA_H1	707	413	A	0	0	413	39.5036319612591
A_HA_H1	708	412	A	1	0	412	39.4878640776699
A_HA_H1	709	412	G	1	0	411	38.963503649635
A_HA_H1	710	412	T	1	0	411	39.8150851581509
A_HA_H1	711	410	G	2	0	409	38.9242053789731
A_HA_H1	712	410	A	2	0	404	38.9133663366337
A_HA_H1	713	406	G	7	0	405	39.2123456790123
A_HA_H1	714	409	G	4	0	405	38.9703703703704
A_HA_H1	715	411	G	2	0	408	38.718137254902
A_HA_H1	716	411	A	2	0	411	37.9464720194647
A_HA_H1	717	410	T	3	0	399	38.1002506265664
A_HA_H1	718	408	C	6	0	400	37.7375
A_HA_H1	719	526	A	3	0	522	36.0996168582375
A_HA_H1	720	530	A	0	0	529	35.5746691871456
A_HA_H1	721	529	G	1	0	527	35.3681214421252
A_HA_H1	722	530	C	1	0	527	35.8937381404175
A_HA_H1	723	533	A	0	0	531	36.2429378531073
A_HA_H1	724	528	G	6	0	527	37.034155597723
A_HA_H1	725	539	G	1	0	539	37.6363636363636
A_HA_H1	726	538	G	1	0	536	38.1828358208955
A_HA_H1	727	540	A	0	0	536	38.4365671641791
A_HA_H1	728	541	G	0	0	536	39.0242537313433
A_HA_H1	729	540	A	2	0	538	39.8959107806691
A_HA_H1	730	542	A	0	0	541	39.7338262476895
A_HA_H1	731	542	T	0	0	539	38.8794063079777
A_HA_H1	732	543	G	0	0	537	37.1564245810056
A_HA_H1	733	542	A	1	0	540	36.9574074074074
A_HA_H1	734	543	A	0	0	543	36.902394106814
A_HA_H1	735	543	C	0	0	540	37.1074074074074
A_HA_H1	736	543	T	0	0	539	37.8701298701299
A_HA_H1	737	543	A	0	0	539	38.9758812615955
A_HA_H1	738	542	T	1	0	537	39.0186219739292
A_HA_H1	739	541	T	2	0	541	38.7190388170055
A_HA_H1	740	540	A	3	0	540	38.5981481481481
A_HA_H1	741	541	C	1	0	541	37.4436229205176
A_HA_H1	742	543	T	0	0	543	36.9484346224678
A_HA_H1	743	543	G	0	0	543	35.8489871086556
A_HA_H1	744	543	G	0	0	543	35.4475138121547
A_HA_H1	745	543	A	0	0	541	36.0794824399261
A_HA_H1	746	543	C	0	0	542	37.8394833948339
A_HA_H1	747	543	A	0	0	542	35.8929889298893
A_HA_H1	748	542	C	1	0	541	36.456561922366
A_HA_H1	749	539	T	4	0	538	36.8364312267658
A_HA_H1	750	541	A	2	0	532	34.3176691729323
A_HA_H1	751	541	G	2	0	541	33.6987060998152
A_HA_H1	752	541	T	2	0	541	34.3438077634011
A_HA_H1	753	541	A	2	0	533	34.3827392120075
A_HA_H1	754	543	G	0	0	532	34.0526315789474
A_HA_H1	755	541	A	2	0	539	34.2857142857143
A_HA_H1	756	543	A	0	0	543	34.8545119705341
A_HA_H1	757	543	C	0	0	543	34.7716390423573
A_HA_H1	758	543	C	0	0	541	34.9371534195933
A_HA_H1	759	534	G	9	0	532	36.0018796992481
A_HA_H1	760	541	G	3	0	540	36.8092592592593
A_HA_H1	761	539	G	5	0	529	36.413988657845
A_HA_H1	762	538	A	6	0	536	36.8824626865672
A_HA_H1	763	543	G	1	0	539	38.4545454545455
A_HA_H1	764	541	A	3	0	541	38.5009242144177
A_HA_H1	765	541	C	3	0	537	38.7411545623836
A_HA_H1	766	537	A	7	0	535	38.5121495327103
A_HA_H1	767	542	A	2	0	541	37.902033271719
A_HA_H1	768	543	A	1	0	542	38.7158671586716
A_HA_H1	769	543	A	1	0	539	39.0371057513915
A_HA_H1	770	544	T	1	0	540	39.6
A_HA_H1	771	544	A	1	0	543	39.5414364640884
A_HA_H1	772	544	A	1	0	544	39.3823529411765
A_HA_H1	773	544	C	1	0	542	39.1826568265683
A_HA_H1	774	545	A	0	0	545	39.1211009174312
A_HA_H1	775	545	T	0	0	544	39.78125
A_HA_H1	776	545	T	0	0	543	40.0331491712707
A_HA_H1	777	543	C	2	0	540	38.2574074074074
A_HA_H1	778	544	G	1	0	542	37.3450184501845
A_HA_H1	779	544	A	1	0	543	36.9907918968692
A_HA_H1	780	545	A	0	0	543	37.390423572744
A_HA_H1	781	545	G	0	0	544	37.2996323529412
A_HA_H1	782	545	C	0	0	542	38.1678966789668
A_HA_H1	783	545	A	0	0	545	38.1926605504587
A_HA_H1	784	545	A	0	0	545	38.6532110091743
A_HA_H1	785	545	C	0	0	545	38.3211009174312
A_HA_H1	786	547	T	0	0	547	38.4241316270567
A_HA_H1	787	545	G	1	0	545	38.3853211009174
A_HA_H1	788	546	G	0	0	546	38.7490842490842
A_HA_H1	789	545	T	1	0	543	39.0552486187845
A_HA_H1	790	545	A	1	0	544	37.4393382352941
A_HA_H1	791	544	A	2	0	543	38.0994475138122
A_HA_H1	792	545	T	1	0	543	38.2725598526703
A_HA_H1	793	546	C	0	0	543	36.9116022099448
A_HA_H1	794	546	T	0	0	545	37.954128440367
A_HA_H1	795	546	A	0	0	542	36.4372693726937
A_HA_H1	796	545	G	1	0	543	36.7237569060773
A_HA_H1	797	545	T	1	0	545	36.6220183486239
A_HA_H1	798	546	G	0	0	546	36.1996336996337
A_HA_H1	799	546	G	0	0	545	36.8403669724771
A_HA_H1	800	546	C	0	0	546	38.7509157509158
A_HA_H1	801	546	A	0	0	545	39.2660550458716
A_HA_H1	802	546	C	1	0	544	40.3897058823529
A_HA_H1	803	546	C	0	0	540	39.3407407407407
A_HA_H1	804	545	G	1	0	540	37.912962962963
A_HA_H1	805	546	A	1	0	546	36.4029304029304
A_HA_H1	806	545	G	2	0	542	34.640221402214
A_HA_H1	807	546	G	1	0	544	34.5091911764706
A_HA_H1	808	546	T	1	0	538	34.7695167286245
A_HA_H1	809	546	A	1	0	545	34.5247706422018
A_HA_H1	810	547	T	0	0	544	34.8915441176471
A_HA_H1	811	546	G	1	0	542	34.7121771217712
A_HA_H1	812	545	C	2	0	545	35.4
A_HA_H1	813	546	A	1	0	542	36.1070110701107
A_HA_H1	814	547	T	0	0	545	38.1266055045872
A_HA_H1	815	547	T	0	0	547	38.4606946983547
A_HA_H1	816	547	C	0	0	540	39.1925925925926
A_HA_H1	817	548	A	0	0	546	39.3113553113553
A_HA_H1	818	548	C	0	0	547	39.7568555758684
A_HA_H1	819	548	A	0	0	546	38.7838827838828
A_HA_H1	820	548	A	0	0	548	39.0912408759124
A_HA_H1	821	548	T	0	0	547	39.5319926873857
A_HA_H1	822	546	G	2	0	543	39.5506445672192
A_HA_H1	823	546	G	2	0	545	39.1908256880734
A_HA_H1	824	446	A	102	0	444	39.2387387387387
A_HA_H1	825	460	A	88	0	458	39.203056768559
A_HA_H1	826	516	A	31	0	508	40.9271653543307
A_HA_H1	827	547	A	0	0	545	40.9522935779816
A_HA_H1	828	547	A	0	0	545	41.3743119266055
A_HA_H1	829	546	G	1	0	545	41.205504587156
A_HA_H1	830	547	A	1	0	545	40.5981651376147
A_HA_H1	831	548	A	0	0	548	40.8941605839416
A_HA_H1	832	547	G	1	0	544	40.5036764705882
A_HA_H1	833	547	C	1	0	547	40.5795246800731
A_HA_H1	834	547	T	1	0	547	40.709323583181
A_HA_H1	835	546	G	2	0	544	40.1194852941176
A_HA_H1	836	547	G	1	0	545	39.9614678899083
A_HA_H1	837	547	A	1	0	546	40.2380952380952
A_HA_H1	838	547	T	1	0	547	40.6325411334552
A_HA_H1	839	547	C	1	0	545	40.3633027522936
A_HA_H1	840	547	T	1	0	547	40.5374771480804
A_HA_H1	841	548	G	0	0	545	40.2715596330275
A_HA_H1	842	549	G	0	0	549	39.9726775956284
A_HA_H1	843	549	T	0	0	546	40.2289377289377
A_HA_H1	844	548	A	1	0	547	40.5722120658135
A_HA_H1	845	548	T	1	0	546	40.7307692307692
A_HA_H1	846	547	T	2	0	544	40.6911764705882
A_HA_H1	847	547	A	2	0	546	39.9652014652015
A_HA_H1	848	547	T	2	0	547	40.1389396709324
A_HA_H1	849	547	C	2	0	545	39.3504587155963
A_HA_H1	850	548	A	1	0	546	39.1245421245421
A_HA_H1	851	548	T	1	0	548	38.5401459854015
A_HA_H1	852	548	T	1	0	547	39.1078610603291
A_HA_H1	853	549	T	0	0	547	38.4826325411335
A_HA_H1	854	549	C	0	0	548	37.9653284671533
A_HA_H1	855	549	A	0	0	548	38.3339416058394
A_HA_H1	856	549	G	0	0	545	38.3798165137615
A_HA_H1	857	549	A	1	0	548	38.6368613138686
A_HA_H1	858	550	T	0	0	550	39.4363636363636
A_HA_H1	859	548	A	2	0	547	38.9287020109689
A_HA_H1	860	547	C	3	0	546	39.5952380952381
A_HA_H1	861	549	A	1	0	548	39.6222627737226
A_HA_H1	862	548	C	2	0	547	39.6837294332724
A_HA_H1	863	550	C	0	0	541	38.2587800369686
A_HA_H1	864	550	A	0	0	547	37.6709323583181
A_HA_H1	865	550	G	0	0	548	37.0602189781022
A_HA_H1	866	550	T	0	0	548	37.4306569343066
A_HA_H1	867	547	C	3	0	545	36.9559633027523
A_HA_H1	868	550	C	0	0	549	38.5573770491803
A_HA_H1	869	552	A	0	0	549	38.5355191256831
A_HA_H1	870	551	C	1	0	550	38.8490909090909
A_HA_H1	871	552	G	0	0	547	36.1005484460695
A_HA_H1	872	552	A	0	0	552	35.8514492753623
A_HA_H1	873	551	T	1	0	551	35.7767695099819
A_HA_H1	874	552	T	0	0	552	35.8297101449275
A_HA_H1	875	552	G	0	0	552	36
A_HA_H1	876	552	C	0	0	550	39.2763636363636
A_HA_H1	877	552	A	0	0	548	38.8576642335766
A_HA_H1	878	552	A	0	0	552	39.7590579710145
A_HA_H1	879	552	T	0	0	551	39.940108892922
A_HA_H1	880	552	G	0	0	551	39.2740471869328
A_HA_H1	881	551	C	1	0	550	40.0945454545455
A_HA_H1	882	551	A	1	0	550	40.4818181818182
A_HA_H1	883	551	A	1	0	551	40.6660617059891
A_HA_H1	884	551	C	1	0	550	40.3436363636364
A_HA_H1	885	552	T	0	0	551	40.2431941923775
A_HA_H1	886	552	T	0	0	551	40.0925589836661
A_HA_H1	887	552	G	0	0	552	39.5307971014493
A_HA_H1	888	552	T	0	0	552	39.9438405797101
A_HA_H1	889	552	C	0	0	550	37.9272727272727
A_HA_H1	890	551	A	1	0	549	37.8907103825137
A_HA_H1	891	548	G	4	0	547	37.6581352833638
A_HA_H1	892	551	A	1	0	550	37.8236363636364
A_HA_H1	893	551	C	1	0	549	38.2859744990893
A_HA_H1	894	550	A	2	0	548	39.029197080292
A_HA_H1	895	549	C	3	0	547	39.7074954296161
A_HA_H1	896	551	C	1	0	550	40.0363636363636
A_HA_H1	897	551	C	2	0	549	39.8943533697632
A_HA_H1	898	548	G	5	0	543	38.4106813996317
A_HA_H1	899	551	A	2	0	551	39.3339382940109
A_HA_H1	900	553	G	0	0	551	39.9655172413793
A_HA_H1	901	553	G	0	0	553	39.5424954792043
A_HA_H1	902	552	G	1	0	551	40.7894736842105
A_HA_H1	903	550	T	3	0	548	40.4817518248175
A_HA_H1	904	551	G	2	0	550	40.44
A_HA_H1	905	552	C	1	0	549	40.6703096539162
A_HA_H1	906	552	T	1	0	549	40.5628415300546
A_HA_H1	907	552	A	1	0	552	39.9746376811594
A_HA_H1	908	552	T	1	0	549	40.3533697632058
A_HA_H1	909	549	A	4	0	545	38.3724770642202
A_HA_H1	910	551	A	2	0	551	38.7241379310345
A_HA_H1	911	553	A	0	0	553	39.0687160940326
A_HA_H1	912	553	C	0	0	553	39.0976491862568
A_HA_H1	913	553	A	0	0	551	38.8457350272232
A_HA_H1	914	552	C	1	0	552	40.0452898550725
A_HA_H1	915	553	C	0	0	553	40.0940325497288
A_HA_H1	916	553	A	0	0	551	39.2014519056261
A_HA_H1	917	551	G	2	0	550	38.8527272727273
A_HA_H1	918	551	C	2	0	551	39.4210526315789
A_HA_H1	919	552	C	1	0	551	39.486388384755
A_HA_H1	920	552	T	1	0	550	39.7363636363636
A_HA_H1	921	543	C	10	0	543	38.2099447513812
A_HA_H1	922	552	C	0	0	550	38.9254545454545
A_HA_H1	923	552	C	0	0	551	37.9854809437387
A_HA_H1	924	551	A	1	0	551	34.7586206896552
A_HA_H1	925	550	T	2	0	548	36.043795620438
A_HA_H1	926	551	T	1	0	551	40.2740471869328
A_HA_H1	927	551	T	1	0	550	40.8163636363636
A_HA_H1	928	551	C	1	0	550	38.2509090909091
A_HA_H1	929	550	A	2	0	550	40.1472727272727
A_HA_H1	930	551	A	1	0	551	40.1034482758621
A_HA_H1	931	552	A	0	0	551	40.3484573502722
A_HA_H1	932	552	A	0	0	552	40.518115942029
A_HA_H1	933	552	T	0	0	550	40.8363636363636
A_HA_H1	934	552	G	0	0	550	40.0618181818182
A_HA_H1	935	552	T	0	0	550	40.4854545454545
A_HA_H1	936	552	A	0	0	550	38.4509090909091
A_HA_H1	937	552	C	0	0	550	38.5945454545455
A_HA_H1	938	552	A	0	0	552	39.1594202898551
A_HA_H1	939	551	T	0	0	551	39.8148820326679
A_HA_H1	940	551	C	0	0	550	39.7945454545455
A_HA_H1	941	551	C	0	0	550	40.9163636363636
A_HA_H1	942	552	G	0	0	550	39.7909090909091
A_HA_H1	943	552	A	0	0	552	40.0960144927536
A_HA_H1	944	552	T	0	0	551	40.1125226860254
A_HA_H1	945	552	C	0	0	547	39.2102376599634
A_HA_H1	946	552	A	0	0	551	39.3629764065336
A_HA_H1	947	552	C	0	0	551	39.2323049001815
A_HA_H1	948	551	G	1	0	548	36.264598540146
A_HA_H1	949	552	A	0	0	551	36.8402903811252
A_HA_H1	950	550	T	2	0	549	36.8451730418944
A_HA_H1	951	552	T	0	0	549	37.0291438979964
A_HA_H1	952	551	G	1	0	548	36.1441605839416
A_HA_H1	953	551	G	1	0	550	37.98
A_HA_H1	954	551	G	1	0	551	38.5698729582577
A_HA_H1	955	549	A	3	0	549	38.5464480874317
A_HA_H1	956	551	A	1	0	550	40.3454545454545
A_HA_H1	957	550	A	1	0	550	40.4036363636364
A_HA_H1	958	549	T	1	0	549	40.6338797814208
A_HA_H1	959	549	G	1	0	548	39.8339416058394
A_HA_H1	960	549	T	1	0	548	40.4616788321168
A_HA_H1	961	547	C	3	0	546	39.3461538461538
A_HA_H1	962	548	C	2	0	545	38.7357798165138
A_HA_H1	963	546	A	5	0	544	37.9705882352941
A_HA_H1	964	548	A	3	0	547	37.9945155393053
A_HA_H1	965	550	A	1	0	549	38.8378870673953
A_HA_H1	966	549	G	2	0	545	39.4623853211009
A_HA_H1	967	550	T	1	0	546	40.2454212454212
A_HA_H1	968	551	A	0	0	549	39.5373406193078
A_HA_H1	969	550	T	1	0	547	39.3912248628885
A_HA_H1	970	550	G	1	0	550	38.5327272727273
A_HA_H1	971	551	T	0	0	550	38.3927272727273
A_HA_H1	972	549	A	1	0	547	37.0822669104205
A_HA_H1	973	550	A	0	0	549	37.7905282331512
A_HA_H1	974	550	G	0	0	545	38.0770642201835
A_HA_H1	975	549	A	1	0	548	38.985401459854
A_HA_H1	976	550	A	0	0	548	40.1332116788321
A_HA_H1	977	550	G	0	0	548	39.8284671532847
A_HA_H1	978	550	C	0	0	549	40.0619307832423
A_HA_H1	979	549	A	1	0	549	39.8287795992714
A_HA_H1	980	551	C	0	0	551	40.0671506352087
A_HA_H1	981	548	A	3	0	466	39.068669527897
A_HA_H1	982	549	A	2	0	549	39.1420765027322
A_HA_H1	983	551	A	0	0	551	39.426497277677
A_HA_H1	984	551	A	0	0	550	39.5309090909091
A_HA_H1	985	551	C	0	0	551	39.1560798548094
A_HA_H1	986	550	T	1	0	549	39.3806921675774
A_HA_H1	987	551	G	0	0	550	37.1254545454545
A_HA_H1	988	551	A	0	0	551	37.05444646098
A_HA_H1	989	550	G	1	0	550	37.6509090909091
A_HA_H1	990	551	G	0	0	551	38.4301270417423
A_HA_H1	991	551	C	0	0	551	38.5154264972777
A_HA_H1	992	551	T	0	0	550	39.4145454545455
A_HA_H1	993	551	G	0	0	551	38.97277676951
A_HA_H1	994	551	G	0	0	551	39.1960072595281
A_HA_H1	995	550	C	1	0	550	39.4781818181818
A_HA_H1	996	550	C	1	0	550	39.2472727272727
A_HA_H1	997	550	A	1	0	550	38.72
A_HA_H1	998	552	C	0	0	552	38.8786231884058
A_HA_H1	999	551	A	1	0	551	36.8457350272232
A_HA_H1	1000	550	G	2	0	550	37.2909090909091
A_HA_H1	1001	551	G	1	0	549	36.91985428051
A_HA_H1	1002	551	A	1	0	551	36.4464609800363
A_HA_H1	1003	552	T	0	0	551	35.961887477314
A_HA_H1	1004	551	T	1	0	547	36.2669104204753
A_HA_H1	1005	551	G	1	0	545	34.9779816513761
A_HA_H1	1006	551	A	1	0	550	34.8054545454545
A_HA_H1	1007	552	G	0	0	550	35.9163636363636
A_HA_H1	1008	552	G	0	0	550	36.1527272727273
A_HA_H1	1009	551	A	1	0	550	36.5690909090909
A_HA_H1	1010	552	A	0	0	551	36.9219600725953
A_HA_H1	1011	552	T	0	0	551	37.6297640653358
A_HA_H1	1012	552	G	0	0	552	37.7518115942029
A_HA_H1	1013	549	T	3	0	548	37.8503649635037
A_HA_H1	1014	542	C	10	0	539	37.100185528757
A_HA_H1	1015	549	C	3	0	548	36.6021897810219
A_HA_H1	1016	548	C	4	0	547	36.0767824497258
A_HA_H1	1017	548	G	4	0	548	34.7956204379562
A_HA_H1	1018	546	T	6	0	546	35.7179487179487
A_HA_H1	1019	548	C	4	0	546	37.2014652014652
A_HA_H1	1020	549	T	3	0	542	37.6881918819188
A_HA_H1	1021	551	A	1	0	551	37.2304900181488
A_HA_H1	1022	551	T	1	0	549	37.3624772313297
A_HA_H1	1023	551	T	1	0	551	37.2595281306715
A_HA_H1	1024	552	C	0	0	549	36.8925318761384
A_HA_H1	1025	550	A	1	0	549	36.2495446265938
A_HA_H1	1026	551	A	0	0	550	36.8109090909091
A_HA_H1	1027	550	T	1	0	549	37.7340619307832
A_HA_H1	1028	550	C	1	0	546	37.8315018315018
A_HA_H1	1029	551	T	0	0	546	38.3736263736264
A_HA_H1	1030	551	A	0	0	549	38.1948998178506
A_HA_H1	1031	551	G	0	0	549	37.6466302367942
A_HA_H1	1032	551	A	0	0	548	38.2755474452555
A_HA_H1	1033	551	G	0	0	551	38.6152450090744
A_HA_H1	1034	551	G	0	0	551	38.8765880217786
A_HA_H1	1035	550	C	2	0	550	38.9163636363636
A_HA_H1	1036	552	C	0	0	551	38.562613430127
A_HA_H1	1037	551	T	1	0	548	39.9014598540146
A_HA_H1	1038	551	A	2	0	551	39.502722323049
A_HA_H1	1039	553	T	0	0	550	39.6818181818182
A_HA_H1	1040	552	T	1	0	549	39.8032786885246
A_HA_H1	1041	548	C	4	0	541	37.2587800369686
A_HA_H1	1042	550	G	2	0	550	35.3418181818182
A_HA_H1	1043	551	G	1	0	550	35.0745454545455
A_HA_H1	1044	551	G	1	0	547	34.9872029250457
A_HA_H1	1045	551	G	1	0	549	33.9908925318761
A_HA_H1	1046	553	C	0	0	552	36.9891304347826
A_HA_H1	1047	554	C	0	0	552	37.4528985507246
A_HA_H1	1048	555	A	0	0	555	36.5027027027027
A_HA_H1	1049	554	T	1	0	553	37.7685352622062
A_HA_H1	1050	555	T	0	0	553	38.3887884267631
A_HA_H1	1051	555	G	0	0	553	38.3815551537071
A_HA_H1	1052	555	C	0	0	555	38.409009009009
A_HA_H1	1053	555	T	0	0	554	39.0234657039711
A_HA_H1	1054	555	G	0	0	554	37.370036101083
A_HA_H1	1055	555	G	0	0	554	37.4873646209386
A_HA_H1	1056	555	C	0	0	555	37.5225225225225
A_HA_H1	1057	554	T	1	0	554	38.0361010830325
A_HA_H1	1058	555	T	0	0	554	39.1516245487365
A_HA_H1	1059	555	C	0	0	554	38.8916967509025
A_HA_H1	1060	555	A	0	0	554	38.7635379061372
A_HA_H1	1061	555	T	0	0	555	38.9369369369369
A_HA_H1	1062	552	C	3	0	549	36.5883424408015
A_HA_H1	1063	548	G	7	0	546	35.5622710622711
A_HA_H1	1064	551	A	4	0	550	35.9945454545455
A_HA_H1	1065	549	A	6	0	549	36.5792349726776
A_HA_H1	1066	540	G	14	0	540	35.8259259259259
A_HA_H1	1067	555	G	0	0	551	36.5698729582577
A_HA_H1	1068	554	G	0	0	552	37.5380434782609
A_HA_H1	1069	553	G	1	0	550	38.6781818181818
A_HA_H1	1070	553	G	1	0	548	39.7828467153285
A_HA_H1	1071	553	G	1	0	545	40.1229357798165
A_HA_H1	1072	552	T	2	0	540	39.3796296296296
A_HA_H1	1073	553	G	1	0	545	38.8935779816514
A_HA_H1	1074	554	G	0	0	548	39.0510948905109
A_HA_H1	1075	555	A	0	0	550	39.1054545454545
A_HA_H1	1076	591	C	0	0	588	38.530612244898
A_HA_H1	1077	588	A	3	0	588	34.9098639455782
A_HA_H1	1078	591	G	0	0	590	34.7881355932203
A_HA_H1	1079	592	G	0	0	592	34.410472972973
A_HA_H1	1080	592	G	0	0	591	34.7174280879865
A_HA_H1	1081	593	A	0	0	593	35.1298482293423
A_HA_H1	1082	593	T	0	0	593	40.0607082630691
A_HA_H1	1083	593	G	0	0	592	40.2601351351351
A_HA_H1	1084	593	G	0	0	592	40.6418918918919
A_HA_H1	1085	593	T	0	0	591	41.0676818950931
A_HA_H1	1086	593	C	0	0	592	39.9864864864865
A_HA_H1	1087	592	G	0	0	586	39.4641638225256
A_HA_H1	1088	592	A	0	0	592	39.0168918918919
A_HA_H1	1089	592	T	0	0	592	39.5422297297297
A_HA_H1	1090	590	G	2	0	588	38.4523809523809
A_HA_H1	1091	592	G	0	0	591	39.5313028764805
A_HA_H1	1092	592	A	0	0	591	40.1235194585448
A_HA_H1	1093	592	T	0	0	590	39.7983050847458
A_HA_H1	1094	591	G	1	0	589	39.7334465195246
A_HA_H1	1095	591	G	1	0	590	40.135593220339
A_HA_H1	1096	591	T	1	0	587	40.5536626916525
A_HA_H1	1097	591	A	1	0	587	40.1584327086882
A_HA_H1	1098	590	C	2	0	585	41.2478632478633
A_HA_H1	1099	591	G	1	0	589	40.6672325976231
A_HA_H1	1100	592	G	0	0	590	40.264406779661
A_HA_H1	1101	592	T	0	0	591	40.5414551607445
A_HA_H1	1102	592	T	0	0	590	40.6389830508475
A_HA_H1	1103	592	A	0	0	592	40.3648648648649
A_HA_H1	1104	592	T	0	0	590	41.0440677966102
A_HA_H1	1105	592	C	0	0	591	40.4906937394247
A_HA_H1	1106	592	A	1	0	590	41.0067796610169
A_HA_H1	1107	593	C	0	0	593	40.6003372681282
A_HA_H1	1108	593	C	0	0	591	40.7191201353638
A_HA_H1	1109	593	A	0	0	592	40.9847972972973
A_HA_H1	1110	592	T	0	0	591	41.0372250423012
A_HA_H1	1111	589	C	3	0	587	39.526405451448
A_HA_H1	1112	591	A	1	0	588	39.4608843537415
A_HA_H1	1113	591	A	1	0	590	39.5762711864407
A_HA_H1	1114	591	A	1	0	591	40.1675126903553
A_HA_H1	1115	593	A	0	0	593	40.2006745362563
A_HA_H1	1116	594	T	0	0	594	40.526936026936
A_HA_H1	1117	593	G	0	0	590	40.3983050847458
A_HA_H1	1118	593	A	0	0	592	39.8885135135135
A_HA_H1	1119	593	T	0	0	593	40.3591905564924
A_HA_H1	1120	592	C	1	0	587	38.1993185689949
A_HA_H1	1121	589	A	4	0	585	38.1811965811966
A_HA_H1	1122	591	G	2	0	589	36.9269949066214
A_HA_H1	1123	592	G	1	0	592	37.6030405405405
A_HA_H1	1124	592	G	1	0	590	37.8305084745763
A_HA_H1	1125	592	A	1	0	591	38.0152284263959
A_HA_H1	1126	593	T	0	0	592	39.3969594594595
A_HA_H1	1127	592	C	1	0	586	37.9897610921502
A_HA_H1	1128	592	A	1	0	589	38.3140916808149
A_HA_H1	1129	591	G	2	0	591	37.590524534687
A_HA_H1	1130	592	G	1	0	592	37.2060810810811
A_HA_H1	1131	593	A	0	0	592	37.1368243243243
A_HA_H1	1132	593	T	0	0	590	39.1847457627119
A_HA_H1	1133	592	A	1	0	590	39.5050847457627
A_HA_H1	1134	592	T	1	0	588	39.8316326530612
A_HA_H1	1135	593	G	0	0	588	39.5442176870748
A_HA_H1	1136	592	C	1	0	591	40.4348561759729
A_HA_H1	1137	591	A	2	0	591	39.2233502538071
A_HA_H1	1138	593	G	0	0	592	39.2905405405405
A_HA_H1	1139	593	C	0	0	592	39.7989864864865
A_HA_H1	1140	593	C	0	0	590	40.1559322033898
A_HA_H1	1141	591	G	3	0	587	38.4599659284497
A_HA_H1	1142	594	A	0	0	593	38.0876897133221
A_HA_H1	1143	593	T	1	0	591	38.6142131979695
A_HA_H1	1144	590	C	4	0	586	36.901023890785
A_HA_H1	1145	593	T	0	0	592	36.125
A_HA_H1	1146	592	G	1	0	591	36.5109983079526
A_HA_H1	1147	591	A	2	0	590	36.893220338983
A_HA_H1	1148	592	A	1	0	592	37.0591216216216
A_HA_H1	1149	591	G	2	0	591	38.6159052453469
A_HA_H1	1150	592	A	1	0	590	40.1779661016949
A_HA_H1	1151	592	G	1	0	592	40.2314189189189
A_HA_H1	1152	591	C	2	0	589	40.5398981324278
A_HA_H1	1153	591	A	2	0	591	40.1133671742809
A_HA_H1	1154	592	C	1	0	592	40.7094594594595
A_HA_H1	1155	591	A	2	0	589	39.9932088285229
A_HA_H1	1156	590	C	3	0	588	39.5986394557823
A_HA_H1	1157	586	A	7	0	584	39.2106164383562
A_HA_H1	1158	589	A	4	0	587	40.0834752981261
A_HA_H1	1159	591	A	2	0	590	40.3118644067797
A_HA_H1	1160	591	A	2	0	589	41.2003395585739
A_HA_H1	1161	591	T	2	0	589	41.2342954159593
A_HA_H1	1162	591	G	2	0	591	40.4314720812183
A_HA_H1	1163	593	C	0	0	591	41.1353637901861
A_HA_H1	1164	593	C	0	0	588	40.0680272108844
A_HA_H1	1165	593	G	0	0	591	39.0490693739425
A_HA_H1	1166	593	T	0	0	593	39.5851602023609
A_HA_H1	1167	593	T	0	0	590	39.6576271186441
A_HA_H1	1168	593	G	0	0	591	38.7241962774958
A_HA_H1	1169	592	A	1	0	591	39.0795262267344
A_HA_H1	1170	592	T	1	0	590	40.4186440677966
A_HA_H1	1171	590	A	3	0	590	39.9016949152542
A_HA_H1	1172	593	A	0	0	589	40.4550084889643
A_HA_H1	1173	593	G	0	0	583	40.0017152658662
A_HA_H1	1174	593	A	0	0	590	40.3050847457627
A_HA_H1	1175	593	T	0	0	593	41.0337268128162
A_HA_H1	1176	593	T	0	0	591	41.165820642978
A_HA_H1	1177	592	A	1	0	591	39.1912013536379
A_HA_H1	1178	591	C	2	0	590	39.6593220338983
A_HA_H1	1179	592	C	1	0	591	39.751269035533
A_HA_H1	1180	592	A	1	0	592	40.0152027027027
A_HA_H1	1181	593	A	0	0	592	40.3513513513514
A_HA_H1	1182	593	C	0	0	592	40.7601351351351
A_HA_H1	1183	592	A	1	0	592	40.7533783783784
A_HA_H1	1184	593	A	0	0	593	40.7268128161889
A_HA_H1	1185	593	A	0	0	593	41.2731871838111
A_HA_H1	1186	593	G	0	0	589	40.5110356536503
A_HA_H1	1187	593	T	0	0	590	40.435593220339
A_HA_H1	1188	592	A	1	0	591	39.3045685279188
A_HA_H1	1189	593	A	0	0	592	39.3429054054054
A_HA_H1	1190	593	A	0	0	592	39.2618243243243
A_HA_H1	1191	593	T	0	0	593	39.5682967959528
A_HA_H1	1192	593	T	0	0	592	40.1976351351351
A_HA_H1	1193	593	C	0	0	591	40.6446700507614
A_HA_H1	1194	592	T	1	0	591	40.7715736040609
A_HA_H1	1195	592	G	1	0	589	39.7164685908319
A_HA_H1	1196	591	T	3	0	591	40.3857868020305
A_HA_H1	1197	594	T	0	0	594	39.4124579124579
A_HA_H1	1198	594	A	0	0	594	37.6010101010101
A_HA_H1	1199	594	T	0	0	594	38.1397306397306
A_HA_H1	1200	594	T	0	0	594	39.7373737373737
A_HA_H1	1201	593	G	1	0	592	39.7939189189189
A_HA_H1	1202	591	A	3	0	589	40.5908319185059
A_HA_H1	1203	593	A	1	0	593	41.4317032040472
A_HA_H1	1204	592	A	2	0	591	42.165820642978
A_HA_H1	1205	592	A	2	0	590	42.5118644067797
A_HA_H1	1206	593	G	1	0	588	42.6615646258503
A_HA_H1	1207	594	A	0	0	594	41.983164983165
A_HA_H1	1208	594	T	0	0	592	42.2280405405405
A_HA_H1	1209	594	G	0	0	592	40.4628378378378
A_HA_H1	1210	593	A	1	0	591	40.9390862944162
A_HA_H1	1211	593	A	1	0	592	40.5489864864865
A_HA_H1	1212	592	T	2	0	592	40.8648648648649
A_HA_H1	1213	593	A	1	0	592	40.3243243243243
A_HA_H1	1214	593	C	1	0	593	41.0320404721754
A_HA_H1	1215	594	A	0	0	592	40.5810810810811
A_HA_H1	1216	594	C	0	0	592	40.4881756756757
A_HA_H1	1217	594	A	0	0	594	38.9545454545455
A_HA_H1	1218	595	G	0	0	594	39.1414141414141
A_HA_H1	1219	595	T	0	0	591	40.5448392554992
A_HA_H1	1220	595	T	0	0	594	40.5892255892256
A_HA_H1	1221	595	C	0	0	595	39.6857142857143
A_HA_H1	1222	595	A	0	0	595	39.7579831932773
A_HA_H1	1223	595	C	0	0	594	40.3198653198653
A_HA_H1	1224	595	A	0	0	595	39.4268907563025
A_HA_H1	1225	594	G	1	0	594	38.9949494949495
A_HA_H1	1226	594	C	1	0	594	39.1094276094276
A_HA_H1	1227	594	A	1	0	592	38.9949324324324
A_HA_H1	1228	594	G	1	0	591	39.077834179357
A_HA_H1	1229	595	T	0	0	595	39.8033613445378
A_HA_H1	1230	595	T	0	0	593	39.4536256323777
A_HA_H1	1231	595	G	0	0	593	40.0927487352445
A_HA_H1	1232	594	G	1	0	593	40.6829679595278
A_HA_H1	1233	593	T	2	0	591	41.4010152284264
A_HA_H1	1234	589	A	6	0	588	40.437074829932
A_HA_H1	1235	590	A	5	0	586	41.0784982935154
A_HA_H1	1236	594	A	1	0	591	41.2724196277496
A_HA_H1	1237	594	G	1	0	590	40.3864406779661
A_HA_H1	1238	592	A	3	0	591	40.2284263959391
A_HA_H1	1239	593	G	2	0	587	39.4395229982964
A_HA_H1	1240	586	T	9	0	579	38.9274611398964
A_HA_H1	1241	595	T	0	0	593	37.0826306913997
A_HA_H1	1242	593	C	2	0	579	35.0673575129534
A_HA_H1	1243	594	A	1	0	590	34.5881355932203
A_HA_H1	1244	595	A	0	0	592	35.0675675675676
A_HA_H1	1245	595	C	0	0	594	36.1666666666667
A_HA_H1	1246	595	C	0	0	589	36.8607809847199
A_HA_H1	1247	595	A	0	0	592	38.6537162162162
A_HA_H1	1248	595	C	0	0	593	39.4755480607083
A_HA_H1	1249	595	C	0	0	594	38.7020202020202
A_HA_H1	1250	593	T	2	0	591	39.1319796954315
A_HA_H1	1251	595	T	0	0	595	38.9680672268908
A_HA_H1	1252	592	G	3	0	591	36.7005076142132
A_HA_H1	1253	578	A	17	0	578	34.7629757785467
A_HA_H1	1254	588	A	7	0	588	34.719387755102
A_HA_H1	1255	589	A	6	0	588	36.8401360544218
A_HA_H1	1256	594	A	1	0	592	37.6875
A_HA_H1	1257	593	A	2	0	593	40.973018549747
A_HA_H1	1258	590	A	5	0	586	42.1365187713311
A_HA_H1	1259	588	G	6	0	582	41.9415807560137
A_HA_H1	1260	592	A	2	0	592	37.4577702702703
A_HA_H1	1261	592	A	2	0	591	37.3824027072758
A_HA_H1	1262	590	T	3	0	588	37.4047619047619
A_HA_H1	1263	591	A	2	0	590	37.1203389830508
A_HA_H1	1264	592	G	1	0	590	38.4203389830508
A_HA_H1	1265	592	A	1	0	591	38.844331641286
A_HA_H1	1266	593	A	0	0	593	39.3929173693086
A_HA_H1	1267	591	A	2	0	591	40.6751269035533
A_HA_H1	1268	591	A	2	0	590	41.8542372881356
A_HA_H1	1269	591	T	2	0	588	42.1360544217687
A_HA_H1	1270	590	C	3	0	584	41.2431506849315
A_HA_H1	1271	591	T	2	0	589	41.0713073005093
A_HA_H1	1272	592	A	1	0	591	39.3214890016921
A_HA_H1	1273	592	A	1	0	592	39.5236486486486
A_HA_H1	1274	592	A	1	0	591	39.6023688663283
A_HA_H1	1275	593	T	0	0	592	39.9155405405405
A_HA_H1	1276	592	A	1	0	591	38.1285956006768
A_HA_H1	1277	593	A	0	0	592	38.8091216216216
A_HA_H1	1278	593	A	0	0	593	38.9696458684654
A_HA_H1	1279	593	A	0	0	593	40.0387858347386
A_HA_H1	1280	593	A	0	0	592	42.0304054054054
A_HA_H1	1281	593	G	0	0	592	41.8412162162162
A_HA_H1	1282	593	G	0	0	593	40.6121416526138
A_HA_H1	1283	590	T	3	0	590	40.1254237288136
A_HA_H1	1284	592	T	1	0	592	38.7364864864865
A_HA_H1	1285	593	G	0	0	589	39.2003395585739
A_HA_H1	1286	593	A	0	0	593	39.3524451939292
A_HA_H1	1287	593	T	0	0	593	39.4418212478921
A_HA_H1	1288	593	G	0	0	593	39.8465430016863
A_HA_H1	1289	593	A	0	0	593	40.2866779089376
A_HA_H1	1290	593	T	0	0	592	41.0726351351351
A_HA_H1	1291	593	G	0	0	590	40.5491525423729
A_HA_H1	1292	592	G	1	0	590	40.2440677966102
A_HA_H1	1293	592	T	1	0	592	40.2871621621622
A_HA_H1	1294	593	T	0	0	592	40.4611486486486
A_HA_H1	1295	593	T	0	0	592	40.1469594594595
A_HA_H1	1296	590	C	3	0	590	39.6983050847458
A_HA_H1	1297	593	C	0	0	593	40.8330522765599
A_HA_H1	1298	592	T	1	0	590	39.9762711864407
A_HA_H1	1299	589	G	4	0	589	38.9796264855688
A_HA_H1	1300	592	G	1	0	592	39.6351351351351
A_HA_H1	1301	592	A	1	0	592	39.4679054054054
A_HA_H1	1302	593	C	0	0	591	38.7783417935702
A_HA_H1	1303	592	G	1	0	589	37.4210526315789
A_HA_H1	1304	592	T	1	0	590	37.9525423728814
A_HA_H1	1305	592	T	1	0	592	38.2398648648649
A_HA_H1	1306	593	T	0	0	593	38.7537942664418
A_HA_H1	1307	592	G	0	0	591	38.7275803722504
A_HA_H1	1308	592	G	0	0	591	40.3773265651438
A_HA_H1	1309	591	A	1	0	591	40.2910321489002
A_HA_H1	1310	592	C	0	0	591	39.093062605753
A_HA_H1	1311	589	T	3	0	587	39.2402044293015
A_HA_H1	1312	592	T	0	0	590	39.2983050847458
A_HA_H1	1313	592	A	0	0	589	38.1561969439728
A_HA_H1	1314	592	C	0	0	590	37.728813559322
A_HA_H1	1315	592	A	0	0	588	37.8758503401361
A_HA_H1	1316	592	A	0	0	592	38.1773648648649
A_HA_H1	1317	591	T	0	0	591	38.1692047377327
A_HA_H1	1318	591	G	0	0	591	38.0558375634518
A_HA_H1	1319	591	C	0	0	591	39.3976311336717
A_HA_H1	1320	590	C	1	0	590	38.4915254237288
A_HA_H1	1321	588	G	3	0	581	36.5094664371773
A_HA_H1	1322	591	A	0	0	590	34.9084745762712
A_HA_H1	1323	591	A	1	0	591	35.2724196277496
A_HA_H1	1324	591	C	1	0	590	35.9728813559322
A_HA_H1	1325	592	T	0	0	592	37.0658783783784
A_HA_H1	1326	591	G	1	0	591	38.7732656514382
A_HA_H1	1327	592	C	0	0	592	40.7010135135135
A_HA_H1	1328	592	T	0	0	592	40.535472972973
A_HA_H1	1329	592	G	0	0	592	40.2550675675676
A_HA_H1	1330	592	G	0	0	591	40.3959390862944
A_HA_H1	1331	592	T	0	0	592	40.4695945945946
A_HA_H1	1332	592	T	0	0	592	41.3564189189189
A_HA_H1	1333	590	C	2	0	584	40.9897260273973
A_HA_H1	1334	592	T	0	0	588	40.8792517006803
A_HA_H1	1335	592	A	0	0	587	39.8960817717206
A_HA_H1	1336	591	C	1	0	590	39.7186440677966
A_HA_H1	1337	592	T	1	0	592	39.0608108108108
A_HA_H1	1338	593	G	0	0	592	39.3614864864865
A_HA_H1	1339	593	G	0	0	591	39.0406091370558
A_HA_H1	1340	585	A	8	0	570	39.7438596491228
A_HA_H1	1341	592	A	1	0	592	41.0861486486486
A_HA_H1	1342	593	A	0	0	593	42.2698145025295
A_HA_H1	1343	593	A	0	0	590	42.7508474576271
A_HA_H1	1344	593	T	0	0	592	42.7449324324324
A_HA_H1	1345	592	G	1	0	586	39.7474402730375
A_HA_H1	1346	592	A	1	0	588	39.1258503401361
A_HA_H1	1347	593	A	0	0	593	39.6509274873524
A_HA_H1	1348	593	A	0	0	592	38.8986486486486
A_HA_H1	1349	593	G	0	0	591	38.5888324873096
A_HA_H1	1350	593	A	0	0	592	39.8986486486486
A_HA_H1	1351	593	A	0	0	592	40.1739864864865
A_HA_H1	1352	593	C	0	0	592	38.3378378378378
A_HA_H1	1353	591	T	2	0	591	38.8510998307953
A_HA_H1	1354	590	T	2	0	589	39.9660441426146
A_HA_H1	1355	591	T	1	0	591	39.1810490693739
A_HA_H1	1356	590	G	3	0	590	36.8
A_HA_H1	1357	593	G	0	0	593	39.2141652613828
A_HA_H1	1358	593	A	0	0	592	39.1266891891892
A_HA_H1	1359	593	C	0	0	593	38.575042158516
A_HA_H1	1360	593	T	0	0	593	39.1517706576728
A_HA_H1	1361	593	A	0	0	591	39.5922165820643
A_HA_H1	1362	593	T	0	0	593	39.9426644182125
A_HA_H1	1363	592	C	1	0	591	39.6818950930626
A_HA_H1	1364	592	A	1	0	591	40.0964467005076
A_HA_H1	1365	591	C	2	0	591	39.4822335025381
A_HA_H1	1366	592	G	0	0	591	37.8730964467005
A_HA_H1	1367	592	A	1	0	592	38.2736486486486
A_HA_H1	1368	592	T	1	0	592	38.5641891891892
A_HA_H1	1369	592	T	1	0	590	38.6983050847458
A_HA_H1	1370	593	C	0	0	587	38.9778534923339
A_HA_H1	1371	591	A	1	0	590	39.6762711864407
A_HA_H1	1372	592	A	0	0	590	40.4762711864407
A_HA_H1	1373	592	A	0	0	591	39.6006768189509
A_HA_H1	1374	592	T	0	0	591	39.0355329949239
A_HA_H1	1375	592	G	1	0	592	38.8597972972973
A_HA_H1	1376	591	T	2	0	591	39.6598984771574
A_HA_H1	1377	591	G	2	0	590	37.9440677966102
A_HA_H1	1378	591	A	2	0	591	38.243654822335
A_HA_H1	1379	593	A	0	0	593	37.6745362563238
A_HA_H1	1380	592	G	1	0	591	37.2301184433164
A_HA_H1	1381	593	A	0	0	593	37.7841483979764
A_HA_H1	1382	591	A	2	0	591	38.8663282571912
A_HA_H1	1383	591	C	2	0	589	38.8913412563667
A_HA_H1	1384	589	T	4	0	587	39.664395229983
A_HA_H1	1385	591	T	2	0	591	40.1962774957699
A_HA_H1	1386	591	G	2	0	586	39.3498293515358
A_HA_H1	1387	593	T	0	0	592	39.3918918918919
A_HA_H1	1388	593	A	0	0	592	38.9949324324324
A_HA_H1	1389	593	T	0	0	591	39.4314720812183
A_HA_H1	1390	592	G	1	0	589	38.5263157894737
A_HA_H1	1391	570	A	23	0	569	39.7065026362039
A_HA_H1	1392	591	A	2	0	590	39.4305084745763
A_HA_H1	1393	592	A	1	0	588	40.3248299319728
A_HA_H1	1394	593	A	0	0	590	41.4661016949153
A_HA_H1	1395	590	A	3	0	588	41.8877551020408
A_HA_H1	1396	590	G	3	0	587	41.7257240204429
A_HA_H1	1397	588	T	5	0	585	41.3282051282051
A_HA_H1	1398	590	A	3	0	585	39.3435897435897
A_HA_H1	1399	591	A	2	0	591	40.0439932318105
A_HA_H1	1400	592	G	1	0	591	40.0761421319797
A_HA_H1	1401	592	A	1	0	588	40.4710884353741
A_HA_H1	1402	593	C	0	0	591	40.7935702199662
A_HA_H1	1403	593	A	0	0	591	40.6700507614213
A_HA_H1	1404	588	C	5	0	586	41.0409556313993
A_HA_H1	1405	592	C	1	0	587	39.9744463373084
A_HA_H1	1406	592	A	1	0	590	38.8847457627119
A_HA_H1	1407	592	G	1	0	591	37.5313028764805
A_HA_H1	1408	591	T	2	0	591	37.7055837563452
A_HA_H1	1409	592	T	1	0	590	38.2745762711864
A_HA_H1	1410	590	A	3	0	589	37.1460101867572
A_HA_H1	1411	593	A	0	0	593	37.3440134907251
A_HA_H1	1412	593	A	0	0	592	39.8006756756757
A_HA_H1	1413	593	A	0	0	592	40.7483108108108
A_HA_H1	1414	593	A	0	0	592	43.2753378378378
A_HA_H1	1415	593	A	0	0	593	42.2799325463744
A_HA_H1	1416	593	C	0	0	591	41.4822335025381
A_HA_H1	1417	592	A	0	0	591	39.844331641286
A_HA_H1	1418	592	A	0	0	592	40.2837837837838
A_HA_H1	1419	592	T	0	0	592	40.4864864864865
A_HA_H1	1420	592	G	0	0	590	39.228813559322
A_HA_H1	1421	592	C	0	0	592	39.3648648648649
A_HA_H1	1422	593	C	0	0	593	39.8178752107926
A_HA_H1	1423	593	A	0	0	592	38.9780405405405
A_HA_H1	1424	592	A	1	0	591	38.9915397631134
A_HA_H1	1425	592	G	2	0	591	39.756345177665
A_HA_H1	1426	593	G	1	0	592	39.6706081081081
A_HA_H1	1427	593	A	1	0	592	39.7922297297297
A_HA_H1	1428	594	A	0	0	594	40.7878787878788
A_HA_H1	1429	593	A	1	0	592	40.8209459459459
A_HA_H1	1430	592	C	2	0	588	40.3656462585034
A_HA_H1	1431	593	T	1	0	591	39.2335025380711
A_HA_H1	1432	592	G	2	0	589	38.0611205432937
A_HA_H1	1433	595	G	0	0	594	38.1414141414141
A_HA_H1	1434	593	A	2	0	592	39.1689189189189
A_HA_H1	1435	595	A	0	0	594	40.493265993266
A_HA_H1	1436	595	A	0	0	595	41.3579831932773
A_HA_H1	1437	595	C	0	0	593	39.7723440134907
A_HA_H1	1438	595	G	0	0	588	37.3996598639456
A_HA_H1	1439	595	G	0	0	594	36.9090909090909
A_HA_H1	1440	595	C	0	0	594	37.1784511784512
A_HA_H1	1441	595	T	0	0	594	37.3484848484849
A_HA_H1	1442	591	G	4	0	585	38.5179487179487
A_HA_H1	1443	595	C	0	0	591	38.5329949238579
A_HA_H1	1444	587	T	8	0	585	37.6854700854701
A_HA_H1	1445	593	T	2	0	593	37.4569983136594
A_HA_H1	1446	595	T	0	0	591	35.3434856175973
A_HA_H1	1447	595	G	0	0	592	32.3040540540541
A_HA_H1	1448	595	A	0	0	595	34.4588235294118
A_HA_H1	1449	595	A	0	0	595	36.3596638655462
A_HA_H1	1450	595	T	0	0	595	36.2453781512605
A_HA_H1	1451	595	T	0	0	595	38.4235294117647
A_HA_H1	1452	595	T	0	0	595	41.8336134453781
A_HA_H1	1453	595	T	0	0	593	41.1534569983137
A_HA_H1	1454	595	A	0	0	595	39.309243697479
A_HA_H1	1455	595	C	0	0	595	40.0689075630252
A_HA_H1	1456	595	C	0	0	595	38.6504201680672
A_HA_H1	1457	594	A	1	0	594	38.3265993265993
A_HA_H1	1458	595	C	0	0	594	38.2441077441077
A_HA_H1	1459	595	A	0	0	595	38.5394957983193
A_HA_H1	1460	595	A	0	0	595	39.0756302521008
A_HA_H1	1461	595	A	0	0	595	40.2336134453782
A_HA_H1	1462	594	T	1	0	594	40.3434343434343
A_HA_H1	1463	595	G	0	0	595	40.2319327731092
A_HA_H1	1464	594	C	1	0	591	39.1353637901861
A_HA_H1	1465	595	G	0	0	594	37.3417508417508
A_HA_H1	1466	595	A	0	0	595	36.5579831932773
A_HA_H1	1467	595	C	0	0	591	36.4585448392555
A_HA_H1	1468	595	A	0	0	595	36.6453781512605
A_HA_H1	1469	595	A	0	0	595	37.9243697478992
A_HA_H1	1470	595	C	0	0	595	39.5848739495798
A_HA_H1	1471	595	A	0	0	595	39.4050420168067
A_HA_H1	1472	595	C	0	0	593	40.0691399662732
A_HA_H1	1473	595	A	0	0	595	39.7596638655462
A_HA_H1	1474	595	T	0	0	595	40.0403361344538
A_HA_H1	1475	594	G	1	0	594	39.9074074074074
A_HA_H1	1476	595	C	0	0	594	40.6902356902357
A_HA_H1	1477	594	A	1	0	594	40.530303030303
A_HA_H1	1478	595	T	0	0	595	40.5294117647059
A_HA_H1	1479	595	G	0	0	595	39.3966386554622
A_HA_H1	1480	595	G	0	0	595	39.5042016806723
A_HA_H1	1481	595	A	0	0	593	39.0404721753794
A_HA_H1	1482	595	A	1	0	595	39.9966386554622
A_HA_H1	1483	595	A	1	0	595	40.7126050420168
A_HA_H1	1484	595	G	1	0	592	39.6300675675676
A_HA_H1	1485	595	T	1	0	594	39.6683501683502
A_HA_H1	1486	596	G	0	0	596	39.3674496644295
A_HA_H1	1487	596	T	0	0	595	39.763025210084
A_HA_H1	1488	594	C	2	0	592	38.4054054054054
A_HA_H1	1489	596	A	0	0	595	39.0857142857143
A_HA_H1	1490	595	A	1	0	594	39.2474747474747
A_HA_H1	1491	594	G	1	0	589	39.1646859083192
A_HA_H1	1492	595	A	0	0	589	39.6774193548387
A_HA_H1	1493	594	A	1	0	592	39.7922297297297
A_HA_H1	1494	594	T	1	0	593	39.991568296796
A_HA_H1	1495	587	G	8	0	583	39.3156089193825
A_HA_H1	1496	593	G	2	0	593	39.6391231028668
A_HA_H1	1497	593	G	2	0	592	39.2972972972973
A_HA_H1	1498	593	A	2	0	591	39.2047377326565
A_HA_H1	1499	593	C	2	0	587	38.6780238500852
A_HA_H1	1500	590	T	5	0	588	38.4336734693878
A_HA_H1	1501	593	T	2	0	587	38.3236797274276
A_HA_H1	1502	593	A	2	0	591	38.6852791878173
A_HA_H1	1503	593	T	2	0	592	38.9070945945946
A_HA_H1	1504	594	G	1	0	591	38.3671742808799
A_HA_H1	1505	593	A	2	0	592	38.535472972973
A_HA_H1	1506	592	C	3	0	591	37.7918781725888
A_HA_H1	1507	592	T	3	0	592	38.1385135135135
A_HA_H1	1508	593	A	2	0	592	37.347972972973
A_HA_H1	1509	587	C	8	0	586	37.7269624573379
A_HA_H1	1510	594	C	1	0	594	37.3047138047138
A_HA_H1	1511	595	C	0	0	595	36.8571428571429
A_HA_H1	1512	596	A	0	0	595	35.0403361344538
A_HA_H1	1513	596	A	0	0	596	37.3775167785235
A_HA_H1	1514	596	A	0	0	596	39.8171140939597
A_HA_H1	1515	596	A	0	0	595	40.9563025210084
A_HA_H1	1516	596	T	0	0	595	41.853781512605
A_HA_H1	1517	595	A	1	0	591	40.7546531302877
A_HA_H1	1518	596	C	0	0	595	38.5932773109244
A_HA_H1	1519	596	T	0	0	596	38.4362416107383
A_HA_H1	1520	595	C	1	0	592	35.2601351351351
A_HA_H1	1521	590	A	6	0	588	34.9030612244898
A_HA_H1	1522	589	G	7	0	588	35.2482993197279
A_HA_H1	1523	595	A	1	0	595	37.7210084033613
A_HA_H1	1524	595	G	1	0	594	38.0858585858586
A_HA_H1	1525	595	G	1	0	595	38.0201680672269
A_HA_H1	1526	595	A	1	0	594	38.1363636363636
A_HA_H1	1527	597	A	1	0	596	38.8540268456376
A_HA_H1	1528	597	G	1	0	594	38.7356902356902
A_HA_H1	1529	597	C	1	0	593	39.2715008431703
A_HA_H1	1530	598	A	0	0	597	38.1457286432161
A_HA_H1	1531	598	A	0	0	597	38.3149078726968
A_HA_H1	1532	598	A	0	0	598	38.5836120401338
A_HA_H1	1533	596	A	2	0	596	39.6627516778523
A_HA_H1	1534	596	T	2	0	596	40.1593959731544
A_HA_H1	1535	598	T	0	0	598	40.7759197324415
A_HA_H1	1536	596	G	1	0	595	39.055462184874
A_HA_H1	1537	596	A	1	0	593	39.822934232715
A_HA_H1	1538	596	A	1	0	595	39.1260504201681
A_HA_H1	1539	596	C	1	0	592	39.2922297297297
A_HA_H1	1540	594	A	3	0	593	37.185497470489
A_HA_H1	1541	593	G	4	0	590	35.5813559322034
A_HA_H1	1542	595	A	2	0	595	34.9983193277311
A_HA_H1	1543	595	G	2	0	591	34.6751269035533
A_HA_H1	1544	584	A	13	0	583	35.7993138936535
A_HA_H1	1545	594	A	3	0	593	36.5885328836425
A_HA_H1	1546	593	A	4	0	593	38.008431703204
A_HA_H1	1547	592	A	5	0	590	40.5254237288136
A_HA_H1	1548	595	A	2	0	594	41.8417508417508
A_HA_H1	1549	595	A	2	0	595	41.3327731092437
A_HA_H1	1550	595	T	2	0	592	40.1503378378378
A_HA_H1	1551	596	A	1	0	595	37.5478991596639
A_HA_H1	1552	596	G	1	0	596	38.0755033557047
A_HA_H1	1553	597	A	1	0	596	37.8338926174497
A_HA_H1	1554	597	T	1	0	595	38.0857142857143
A_HA_H1	1555	596	G	2	0	594	38.0707070707071
A_HA_H1	1556	597	G	1	0	595	38.3210084033613
A_HA_H1	1557	597	A	1	0	596	39.006711409396
A_HA_H1	1558	595	G	2	0	590	39.2898305084746
A_HA_H1	1559	595	T	2	0	592	39.2922297297297
A_HA_H1	1560	596	A	1	0	594	38.8821548821549
A_HA_H1	1561	597	A	0	0	596	39.3171140939597
A_HA_H1	1562	597	A	0	0	593	39.8364249578415
A_HA_H1	1563	596	G	1	0	592	39.7297297297297
A_HA_H1	1564	595	C	2	0	594	40.1094276094276
A_HA_H1	1565	597	T	0	0	595	40.6521008403361
A_HA_H1	1566	595	G	2	0	593	39.1703204047218
A_HA_H1	1567	597	G	0	0	596	38.4043624161074
A_HA_H1	1568	597	A	0	0	597	38.1859296482412
A_HA_H1	1569	596	C	1	0	594	38.3569023569024
A_HA_H1	1570	589	T	8	0	587	38.4770017035775
A_HA_H1	1571	592	C	6	0	586	38.4146757679181
A_HA_H1	1572	595	A	3	0	589	39.0356536502547
A_HA_H1	1573	598	A	0	0	596	39.1577181208054
A_HA_H1	1574	597	C	1	0	591	40.5685279187817
A_HA_H1	1575	598	A	0	0	597	39.6901172529313
A_HA_H1	1576	598	A	0	0	598	38.7792642140468
A_HA_H1	1577	596	G	2	0	594	39.0673400673401
A_HA_H1	1578	595	G	4	0	595	38.144537815126
A_HA_H1	1579	596	A	3	0	596	37.8909395973154
A_HA_H1	1580	596	T	3	0	593	38.6661045531197
A_HA_H1	1581	598	T	1	0	596	38.4362416107383
A_HA_H1	1582	598	T	1	0	596	39.6191275167785
A_HA_H1	1583	598	A	1	0	596	38.0838926174497
A_HA_H1	1584	598	C	1	0	598	38.309364548495
A_HA_H1	1585	598	C	1	0	598	37.8545150501672
A_HA_H1	1586	598	A	1	0	597	37.5025125628141
A_HA_H1	1587	597	G	2	0	596	36.8607382550336
A_HA_H1	1588	599	A	0	0	599	35.889816360601
A_HA_H1	1589	592	T	7	0	589	36.9100169779287
A_HA_H1	1590	597	T	2	0	596	36.1543624161074
A_HA_H1	1591	599	T	0	0	599	37.2754590984975
A_HA_H1	1592	599	T	0	0	599	38.3205342237062
A_HA_H1	1593	598	G	1	0	597	36.8425460636516
A_HA_H1	1594	598	G	1	0	598	38.3210702341137
A_HA_H1	1595	596	C	3	0	594	38.1279461279461
A_HA_H1	1596	597	A	2	0	594	37.503367003367
A_HA_H1	1597	596	A	3	0	596	38.1744966442953
A_HA_H1	1598	596	T	3	0	594	39.2154882154882
A_HA_H1	1599	596	C	3	0	591	35.4213197969543
A_HA_H1	1600	598	T	1	0	596	35.743288590604
A_HA_H1	1601	599	A	0	0	597	35.1909547738693
A_HA_H1	1602	600	T	0	0	598	35.0602006688963
A_HA_H1	1603	600	T	0	0	597	34.8391959798995
A_HA_H1	1604	600	C	0	0	595	36.3126050420168
A_HA_H1	1605	600	A	0	0	597	36.1407035175879
A_HA_H1	1606	599	A	0	0	598	37.2993311036789
A_HA_H1	1607	599	C	0	0	597	37.7571189279732
A_HA_H1	1608	599	T	0	0	598	38.2508361204013
A_HA_H1	1609	598	G	1	0	598	38.2023411371237
A_HA_H1	1610	597	C	1	0	596	38.6023489932886
A_HA_H1	1611	598	T	0	0	595	38.5495798319328
A_HA_H1	1612	598	G	0	0	598	37.1170568561873
A_HA_H1	1613	597	C	1	0	597	37.3835845896147
A_HA_H1	1614	598	C	0	0	596	36.5654362416107
A_HA_H1	1615	598	A	0	0	596	35.0419463087248
A_HA_H1	1616	598	G	0	0	597	34.9849246231156
A_HA_H1	1617	598	T	0	0	598	36.8795986622074
A_HA_H1	1618	598	T	0	0	598	37.190635451505
A_HA_H1	1619	597	C	0	0	594	36.7474747474747
A_HA_H1	1620	597	A	0	0	597	36.1541038525963
A_HA_H1	1621	597	T	0	0	596	36.7902684563758
A_HA_H1	1622	597	T	0	0	597	36.9463986599665
A_HA_H1	1623	597	G	0	0	595	35.3378151260504
A_HA_H1	1624	596	G	1	0	595	35.5932773109244
A_HA_H1	1625	596	T	1	0	592	37.9256756756757
A_HA_H1	1626	597	A	0	0	596	37.2365771812081
A_HA_H1	1627	597	C	0	0	592	36.8800675675676
A_HA_H1	1628	596	T	1	0	594	36.9814814814815
A_HA_H1	1629	592	G	5	0	591	37.2064297800338
A_HA_H1	1630	595	G	2	0	594	37.006734006734
A_HA_H1	1631	588	T	9	0	579	37.8255613126079
A_HA_H1	1632	590	A	6	0	586	37.0170648464164
A_HA_H1	1633	587	G	9	0	572	37.0874125874126
A_HA_H1	1634	586	T	10	0	571	37.0262697022767
A_HA_H1	1635	588	C	8	0	582	35.9948453608247
A_HA_H1	1636	593	T	3	0	585	36.191452991453
A_HA_H1	1637	576	C	20	0	562	35.9430604982206
A_HA_H1	1638	595	C	1	0	594	36.7356902356902
A_HA_H1	1639	591	C	5	0	590	35.9542372881356
A_HA_H1	1640	588	T	8	0	587	35.0085178875639
A_HA_H1	1641	552	G	44	0	548	36.5802919708029
A_HA_H1	1642	589	G	7	0	587	37.8415672913118
A_HA_H1	1643	591	G	5	0	590	37.6932203389831
A_HA_H1	1644	594	G	2	0	594	38.8131313131313
A_HA_H1	1645	594	G	2	0	593	39.0303541315346
A_HA_H1	1646	594	C	2	0	594	38.7121212121212
A_HA_H1	1647	595	A	1	0	595	37.9428571428571
A_HA_H1	1648	595	A	1	0	595	38.981512605042
A_HA_H1	1649	595	T	1	0	593	39.4013490725126
A_HA_H1	1650	594	C	2	0	591	38.3028764805415
A_HA_H1	1651	594	A	2	0	591	37.7275803722504
A_HA_H1	1652	595	G	1	0	592	37.6807432432432
A_HA_H1	1653	596	C	0	0	591	37.7377326565144
A_HA_H1	1654	595	T	0	0	591	37.4822335025381
A_HA_H1	1655	595	T	0	0	595	38.472268907563
A_HA_H1	1656	595	C	0	0	593	38.8094435075885
A_HA_H1	1657	595	T	0	0	592	38.8935810810811
A_HA_H1	1658	595	G	0	0	592	38.0608108108108
A_HA_H1	1659	595	G	0	0	590	37.8966101694915
A_HA_H1	1660	595	A	0	0	595	37.3193277310924
A_HA_H1	1661	595	T	0	0	593	38
A_HA_H1	1662	595	G	0	0	595	37.5075630252101
A_HA_H1	1663	595	T	0	0	595	38.3579831932773
A_HA_H1	1664	593	G	2	0	593	39.1602023608769
A_HA_H1	1665	593	C	1	0	590	39.3067796610169
A_HA_H1	1666	595	T	0	0	592	39.5152027027027
A_HA_H1	1667	595	C	0	0	589	39.1392190152801
A_HA_H1	1668	595	T	0	0	594	38.7390572390572
A_HA_H1	1669	594	A	1	0	590	37.9661016949153
A_HA_H1	1670	594	A	1	0	593	38.1433389544688
A_HA_H1	1671	594	T	1	0	594	37.9090909090909
A_HA_H1	1672	594	G	0	0	589	38.2835314091681
A_HA_H1	1673	592	G	0	0	590	38.9
A_HA_H1	1674	587	G	5	0	585	38.5589743589744
A_HA_H1	1675	583	T	9	0	583	39.0754716981132
A_HA_H1	1676	583	C	9	0	581	38.8760757314974
A_HA_H1	1677	592	T	0	0	590	39.2915254237288
A_HA_H1	1678	586	C	5	0	583	39.7152658662093
A_HA_H1	1679	591	T	0	0	586	40.1808873720137
A_HA_H1	1680	590	A	1	0	589	39.3005093378608
A_HA_H1	1681	591	C	0	0	590	39.7694915254237
A_HA_H1	1682	590	A	1	0	589	39.0611205432937
A_HA_H1	1683	590	G	1	0	589	38.9745331069609
A_HA_H1	1684	591	T	0	0	590	39.3271186440678
A_HA_H1	1685	591	G	0	0	590	39.0559322033898
A_HA_H1	1686	591	T	0	0	591	39.51269035533
A_HA_H1	1687	589	A	1	0	586	38.6860068259386
A_HA_H1	1688	588	G	1	0	586	38.1638225255973
A_HA_H1	1689	589	A	0	0	588	37.8690476190476
A_HA_H1	1690	588	A	1	0	587	37.8262350936968
A_HA_H1	1691	588	T	1	0	587	39.2691652470187
A_HA_H1	1692	588	A	1	0	588	39.0595238095238
A_HA_H1	1693	589	T	0	0	589	40.1867572156197
A_HA_H1	1694	588	G	0	0	588	40.2125850340136
A_HA_H1	1695	586	T	0	0	586	40.2576791808874
A_HA_H1	1696	586	A	0	0	585	39.608547008547
A_HA_H1	1697	586	T	0	0	586	38.8668941979522
A_HA_H1	1698	586	T	0	0	586	38.0119453924915
A_HA_H1	1699	584	T	0	0	584	37.9349315068493
A_HA_H1	1700	582	A	0	0	582	36.7525773195876
A_HA_H1	1701	582	A	0	0	582	36.8814432989691
