Reference_Name	Position	Coverage Depth	Consensus	Deletions	Ambiguous	Consensus_Count	Consensus_Average_Quality
A_MP	1	2253	A	0	0	2253	39.5863293386596
A_MP	2	2263	T	0	0	2263	40.0848431285904
A_MP	3	2267	G	0	0	2267	34.6157917953242
A_MP	4	2296	A	0	0	2294	33.1599825632084
A_MP	5	2301	G	0	0	2299	32.6637668551544
A_MP	6	2303	T	0	0	2301	32.9539330725771
A_MP	7	2303	C	0	0	2301	33.4615384615385
A_MP	8	2300	T	8	0	2297	36.6460600783631
A_MP	9	2315	T	2	0	2312	36.7776816608997
A_MP	10	2301	C	16	0	2293	36.1748800697776
A_MP	11	2321	T	1	0	2308	36.1096187175043
A_MP	12	2335	A	1	0	2333	36.0857265323618
A_MP	13	2335	A	2	0	2334	36.5934018851757
A_MP	14	2335	C	3	0	2335	36.5130620985011
A_MP	15	2338	C	0	0	2323	36.751614291864
A_MP	16	2338	G	1	0	2308	36.7023396880416
A_MP	17	2339	A	0	0	2335	36.0959314775161
A_MP	18	2338	G	1	0	2334	36.5595544130248
A_MP	19	2339	G	0	0	2334	36.3628963153385
A_MP	20	2338	T	1	0	2331	37.7421707421707
A_MP	21	2336	C	3	0	2319	35.0530401034929
A_MP	22	2277	G	63	0	2228	34.0529622980251
A_MP	23	2327	A	14	0	2322	32.9461670973299
A_MP	24	2338	A	3	0	2332	33.0098627787307
A_MP	25	2336	A	5	0	2327	33.5655350236356
A_MP	26	2332	C	9	0	2310	34.1008658008658
A_MP	27	2331	G	10	0	2277	35.1721563460694
A_MP	28	2336	T	5	0	2322	34.6869078380706
A_MP	29	2340	A	2	0	2305	33.0980477223427
A_MP	30	2329	C	15	0	2289	33.6719091306247
A_MP	31	2342	G	4	0	2307	33.4269614217599
A_MP	32	2329	T	17	0	2321	33.7302886686773
A_MP	33	2337	T	10	0	2323	33.9018510546707
A_MP	34	2337	C	10	0	2300	34.4839130434783
A_MP	35	2338	T	13	0	2323	35.4907447266466
A_MP	36	2339	T	13	0	2333	35.6545220745821
A_MP	37	2337	T	15	0	2333	34.5473639091299
A_MP	38	2330	C	22	0	2316	31.6735751295337
A_MP	39	2347	T	6	0	2329	33.9325890940318
A_MP	40	2351	A	2	0	2346	33.8670076726343
A_MP	41	2353	T	0	0	2351	34.7120374308805
A_MP	42	2353	C	0	0	2341	35.648868005126
A_MP	43	2353	A	0	0	2342	38.8360375747225
A_MP	44	2353	T	0	0	2348	38.7789608177172
A_MP	45	2342	C	12	0	2332	37.746140651801
A_MP	46	2352	C	2	0	2348	37.2359454855196
A_MP	47	2353	C	2	0	2342	36.1135781383433
A_MP	48	2353	G	3	0	2341	35.3891499359248
A_MP	49	2354	T	3	0	2352	36.3222789115646
A_MP	50	2347	C	10	0	2339	36.751175716118
A_MP	51	2355	A	2	0	2352	37.2517006802721
A_MP	52	2350	G	7	0	2346	38.4548167092924
A_MP	53	2352	G	5	0	2346	37.8597612958227
A_MP	54	2310	C	47	0	2304	38.2465277777778
A_MP	55	2351	C	6	0	2345	37.7786780383795
A_MP	56	2354	C	3	0	2352	38.4421768707483
A_MP	57	2355	C	2	0	2354	39.0904842820731
A_MP	58	2334	C	23	0	2329	37.956204379562
A_MP	59	2332	T	25	0	2327	37.072625698324
A_MP	60	2348	C	9	0	2333	33.8041148735534
A_MP	61	2353	A	5	0	2338	34.2177074422583
A_MP	62	2357	A	1	0	2354	35.4847068819031
A_MP	63	2357	A	1	0	2353	37.0254993625159
A_MP	64	2357	G	1	0	2354	38.9668649107901
A_MP	65	2355	C	3	0	2355	39.0624203821656
A_MP	66	2357	C	1	0	2356	38.2665534804754
A_MP	67	2345	G	13	0	2336	37.9469178082192
A_MP	68	2352	A	6	0	2349	37.32865048957
A_MP	69	2357	G	1	0	2348	37.5958262350937
A_MP	70	2356	A	2	0	2354	37.6813933729822
A_MP	71	2358	T	1	0	2354	39.3470688190314
A_MP	72	2356	C	3	0	2337	38.3166452717159
A_MP	73	2356	G	3	0	2343	37.6944088775075
A_MP	74	2356	C	3	0	2352	37.4392006802721
A_MP	75	2357	A	2	0	2353	37.1325966850829
A_MP	76	2356	C	3	0	2351	37.9149298170991
A_MP	77	2353	A	6	0	2350	38.2293617021277
A_MP	78	2349	G	11	0	2341	39.7526697992311
A_MP	79	2356	A	4	0	2350	38.7297872340426
A_MP	80	2354	G	6	0	2338	38.7463644140291
A_MP	81	2357	A	3	0	2351	37.9549128030625
A_MP	82	2352	C	8	0	2343	38.1493811352966
A_MP	83	2356	T	4	0	2351	37.9902169289664
A_MP	84	2356	G	4	0	2352	37.5382653061224
A_MP	85	2357	G	3	0	2352	37.2045068027211
A_MP	86	2345	A	15	0	2339	38.0273621205643
A_MP	87	2351	A	9	0	2349	38.7492550021286
A_MP	88	2351	A	9	0	2333	39.3240462923275
A_MP	89	2352	G	8	0	2343	38.9300042680324
A_MP	90	2354	T	6	0	2344	39.3093003412969
A_MP	91	2356	G	4	0	2349	39.2541507024266
A_MP	92	2355	T	5	0	2346	41.0251491901108
A_MP	93	2357	C	3	0	2345	40.6388059701493
A_MP	94	2350	T	10	0	2344	41.5533276450512
A_MP	95	2359	T	1	0	2356	41.2631578947368
A_MP	96	2355	T	5	0	2349	40.4206045125585
A_MP	97	2353	G	7	0	2339	39.439076528431
A_MP	98	2355	C	5	0	2343	39.6760563380282
A_MP	99	2356	A	4	0	2348	37.923339011925
A_MP	100	2351	G	9	0	2345	38.0328358208955
A_MP	101	2263	G	97	0	2260	37.5469026548673
A_MP	102	2257	A	103	0	2254	37.9946761313221
A_MP	103	2351	A	9	0	2347	37.2445675330209
A_MP	104	2356	A	4	0	2345	37.0929637526652
A_MP	105	2353	G	6	0	2342	37.5273270708796
A_MP	106	2335	A	24	0	2325	38.1010752688172
A_MP	107	2355	A	4	0	2345	39.0272921108742
A_MP	108	2356	C	3	0	2347	36.958244567533
A_MP	109	2358	A	1	0	2337	36.8151476251605
A_MP	110	2357	C	3	0	2354	37.071367884452
A_MP	111	2353	A	7	0	2345	37.1957356076759
A_MP	112	2354	G	6	0	2347	37.6506178099702
A_MP	113	2354	A	6	0	2349	37.6585781183482
A_MP	114	2358	T	3	0	2353	39.2605184870378
A_MP	115	2359	C	2	0	2345	38.4912579957356
A_MP	116	2348	T	13	0	2344	38.8400170648464
A_MP	117	2358	T	3	0	2354	38.5569243840272
A_MP	118	2356	G	6	0	2349	37.1460195828012
A_MP	119	2363	A	0	0	2359	36.2009325985587
A_MP	120	2363	G	0	0	2361	37.6941973739941
A_MP	121	2362	G	1	0	2362	38.4419983065199
A_MP	122	2362	C	1	0	2360	39.4088983050847
A_MP	123	2363	T	0	0	2358	39.2866836301951
A_MP	124	2363	A	0	0	2361	39.4371029224905
A_MP	125	2363	T	0	0	2363	40.4198053322048
A_MP	126	2362	C	1	0	2360	39.3525423728814
A_MP	127	2362	A	1	0	2355	39.5698513800425
A_MP	128	2361	T	2	0	2358	39.8273960983885
A_MP	129	2360	G	3	0	2356	38.5012733446519
A_MP	130	2363	G	0	0	2357	38.7993211709801
A_MP	131	2363	A	0	0	2353	39.0675733106672
A_MP	132	2363	A	0	0	2354	39.6108751062022
A_MP	133	2362	T	1	0	2359	39.2373887240356
A_MP	134	2361	G	2	0	2354	38.7022090059473
A_MP	135	2361	G	2	0	2360	38.4864406779661
A_MP	136	2357	C	6	0	2355	37.1507430997877
A_MP	137	2352	T	11	0	2323	37.2595781317262
A_MP	138	2350	A	13	0	2331	36.5808665808666
A_MP	139	2362	A	1	0	2356	36.5144312393888
A_MP	140	2362	A	1	0	2352	36.3796768707483
A_MP	141	2362	G	1	0	2349	38.5564069816943
A_MP	142	2361	A	2	0	2352	39.937074829932
A_MP	143	2362	C	1	0	2360	40.5194915254237
A_MP	144	2356	A	7	0	2353	40.169570760731
A_MP	145	2359	A	3	0	2349	40.0655598126863
A_MP	146	2358	G	4	0	2351	39.8209272649936
A_MP	147	2359	A	3	0	2352	39.9664115646259
A_MP	148	2360	C	3	0	2355	39.816135881104
A_MP	149	2362	C	1	0	2359	39.6002543450615
A_MP	150	2357	A	6	0	2350	39.2987234042553
A_MP	151	2362	A	1	0	2359	39.2229758372192
A_MP	152	2359	T	4	0	2358	39.8791348600509
A_MP	153	2359	C	4	0	2353	39.3748406289843
A_MP	154	2355	T	8	0	2351	39.5121225010634
A_MP	155	2362	T	1	0	2358	39.6683630195081
A_MP	156	2362	G	1	0	2358	39.0284139100933
A_MP	157	2362	T	2	0	2355	39.3524416135881
A_MP	158	2362	C	2	0	2358	39.7985581000848
A_MP	159	2362	A	2	0	2355	40.1256900212314
A_MP	160	2364	C	0	0	2363	39.8159119763013
A_MP	161	2362	C	2	0	2361	39.7090216010165
A_MP	162	2361	T	2	0	2360	40.6902542372881
A_MP	163	2361	C	2	0	2356	39.8327674023769
A_MP	164	2360	T	3	0	2356	39.847623089983
A_MP	165	2357	G	6	0	2348	38.2666098807496
A_MP	166	2359	A	4	0	2352	38.2389455782313
A_MP	167	2362	C	1	0	2355	37.7282377919321
A_MP	168	2361	T	2	0	2356	36.9792020373514
A_MP	169	2357	A	6	0	2353	35.9086272843179
A_MP	170	2356	A	8	0	2351	35.4359846873671
A_MP	171	2355	G	10	0	2351	36.7171416418545
A_MP	172	2364	G	1	0	2363	39.0668641557342
A_MP	173	2363	G	2	0	2353	39.8040798980025
A_MP	174	2361	A	4	0	2357	40.1501909206619
A_MP	175	2365	A	0	0	2353	39.8019549511262
A_MP	176	2364	T	1	0	2348	39.7091141396934
A_MP	177	2365	T	0	0	2358	39.9728583545377
A_MP	178	2365	T	0	0	2361	40.423972892842
A_MP	179	2364	T	0	0	2345	40.4371002132196
A_MP	180	2359	A	5	0	2354	34.8678844519966
A_MP	181	2362	G	2	0	2354	34.9957519116398
A_MP	182	2364	G	1	0	2361	33.857263871241
A_MP	183	2363	A	2	0	2346	34.8384484228474
A_MP	184	2362	T	3	0	2351	39.3517652062952
A_MP	185	2364	T	1	0	2360	39.4203389830508
A_MP	186	2362	T	3	0	2347	39.063911376225
A_MP	187	2359	G	6	0	2352	38.1624149659864
A_MP	188	2357	T	8	0	2352	38.8894557823129
A_MP	189	2355	G	10	0	2345	38.8622601279318
A_MP	190	2326	T	40	0	2324	38.7607573149742
A_MP	191	2358	T	7	0	2356	37.0216468590832
A_MP	192	2356	C	9	0	2336	35.7808219178082
A_MP	193	2359	A	6	0	2348	34.1639693356048
A_MP	194	2356	C	9	0	2325	33.7686021505376
A_MP	195	2359	G	6	0	2353	34.3667658308542
A_MP	196	2359	C	6	0	2354	35.0934579439252
A_MP	197	2360	T	5	0	2350	35.3731914893617
A_MP	198	2352	C	11	0	2336	37.3797089041096
A_MP	199	2361	A	2	0	2356	38.3213073005093
A_MP	200	2357	C	6	0	2355	39.135881104034
A_MP	201	2363	C	1	0	2356	38.4240237691002
A_MP	202	2364	G	1	0	2360	38.7944915254237
A_MP	203	2364	T	1	0	2362	38.8302286198137
A_MP	204	2364	G	1	0	2360	38.3902542372881
A_MP	205	2361	C	4	0	2360	39.8338983050847
A_MP	206	2363	C	2	0	2360	40.3389830508475
A_MP	207	2364	C	1	0	2358	40.2128922815946
A_MP	208	2364	A	1	0	2359	38.7214921576939
A_MP	209	2362	G	3	0	2359	39.2717253073336
A_MP	210	2363	T	2	0	2360	39.3652542372881
A_MP	211	2355	G	11	0	2338	37.3186484174508
A_MP	212	2351	A	15	0	2344	36.9018771331058
A_MP	213	2355	G	10	0	2351	36.3232666950234
A_MP	214	2357	C	7	0	2343	35.8186086214255
A_MP	215	2355	G	9	0	2331	34.5542685542686
A_MP	216	2355	A	9	0	2351	35.0816673755849
A_MP	217	2340	G	24	0	2335	35.6775160599572
A_MP	218	2360	G	4	0	2354	35.4957519116398
A_MP	219	2361	A	3	0	2352	37.1832482993197
A_MP	220	2361	C	4	0	2352	37.546343537415
A_MP	221	2364	T	1	0	2352	37.4927721088435
A_MP	222	2352	G	13	0	2336	36.4627568493151
A_MP	223	2355	C	10	0	2346	35.5289855072464
A_MP	224	2361	A	4	0	2347	33.6480613549212
A_MP	225	2363	G	2	0	2354	34.3500424808836
A_MP	226	2362	C	3	0	2352	34.2410714285714
A_MP	227	2363	G	2	0	2353	35.3455163620909
A_MP	228	2362	T	4	0	2357	36.3517182859567
A_MP	229	2358	A	8	0	2341	35.2396411789833
A_MP	230	2355	G	11	0	2337	36.1767222935387
A_MP	231	2362	A	4	0	2357	35.6283411115825
A_MP	232	2362	C	3	0	2340	35.7517094017094
A_MP	233	2364	G	1	0	2358	36.3477523324852
A_MP	234	2362	C	3	0	2358	36.9563189143342
A_MP	235	2360	T	6	0	2353	37.8193795155121
A_MP	236	2363	T	3	0	2355	38.3817409766454
A_MP	237	2366	T	0	0	2362	38.2955122777307
A_MP	238	2366	A	0	0	2365	38.4659619450317
A_MP	239	2365	T	0	0	2362	38.7345469940728
A_MP	240	2364	C	1	0	2354	38.054375531011
A_MP	241	2366	C	0	0	2363	39.8121032585696
A_MP	242	2361	A	5	0	2357	38.5604582095885
A_MP	243	2366	A	0	0	2365	39.7737843551797
A_MP	244	2367	A	0	0	2366	40.8262890955199
A_MP	245	2367	A	0	0	2363	41.9466779517562
A_MP	246	2367	T	0	0	2366	41.9459002535926
A_MP	247	2367	G	0	0	2366	40.3013524936602
A_MP	248	2364	C	3	0	2359	39.9381093683764
A_MP	249	2365	C	2	0	2362	39.545300592718
A_MP	250	2364	C	3	0	2362	39.6943268416596
A_MP	251	2363	T	4	0	2353	39.1245218869528
A_MP	252	2358	A	10	0	2352	37.4264455782313
A_MP	253	2368	A	0	0	2365	37.5243128964059
A_MP	254	2367	A	0	0	2360	36.5470338983051
A_MP	255	2366	T	0	0	2362	37.1723116003387
A_MP	256	2364	G	2	0	2364	36.2394247038917
A_MP	257	2365	G	0	0	2363	33.9940753279729
A_MP	258	2359	A	6	0	2328	32.9725085910653
A_MP	259	2363	A	1	0	2354	35.3500424808836
A_MP	260	2361	A	1	0	2337	34.3581514762516
A_MP	261	2360	T	2	0	2354	34.5446049277825
A_MP	262	2328	G	35	0	2307	34.1044646727352
A_MP	263	2359	G	4	0	2334	34.4490145672665
A_MP	264	2358	G	4	0	2345	32.8119402985075
A_MP	265	2357	G	5	0	2305	34.4056399132321
A_MP	266	2357	A	5	0	2343	33.6077678190354
A_MP	267	2344	C	18	0	2288	33.2626748251748
A_MP	268	2347	C	15	0	2297	32.8019155420113
A_MP	269	2346	C	15	0	2299	31.7977381470204
A_MP	270	2318	G	43	0	2226	31.2681940700809
A_MP	271	2350	A	13	0	2345	30.5377398720682
A_MP	272	2357	A	6	0	2352	30.9553571428571
A_MP	273	2358	C	5	0	2354	32.1542056074766
A_MP	274	2363	A	0	0	2337	35.8754813863928
A_MP	275	2363	A	1	0	2359	38.9139465875371
A_MP	276	2363	C	1	0	2359	40.0445103857567
A_MP	277	2364	A	0	0	2362	40.1227773073666
A_MP	278	2364	T	0	0	2364	40.7301184433164
A_MP	279	2363	G	1	0	2342	39.7429547395389
A_MP	280	2363	G	1	0	2347	40.058798466127
A_MP	281	2364	A	1	0	2361	39.5264718339687
A_MP	282	2362	T	3	0	2361	41.3197797543414
A_MP	283	2347	A	18	0	2342	39.665243381725
A_MP	284	2353	G	12	0	2337	41.1981172443303
A_MP	285	2365	A	0	0	2358	40.998727735369
A_MP	286	2365	G	0	0	2361	41.138500635324
A_MP	287	2365	C	1	0	2362	41.4771380186283
A_MP	288	2365	A	1	0	2358	41.5581000848176
A_MP	289	2365	G	1	0	2354	41.6533559898046
A_MP	290	2366	T	1	0	2362	41.4005080440305
A_MP	291	2367	T	0	0	2363	40.754126110876
A_MP	292	2360	A	7	0	2348	39.3373083475298
A_MP	293	2363	G	4	0	2353	39.3633659158521
A_MP	294	2364	A	3	0	2349	38.794380587484
A_MP	295	2362	C	5	0	2354	38.5522514868309
A_MP	296	2358	T	9	0	2349	39.1162196679438
A_MP	297	2358	A	10	0	2348	38.8718057921635
A_MP	298	2363	T	5	0	2358	39.0245971162002
A_MP	299	2356	A	12	0	2345	38.2660980810235
A_MP	300	2361	C	7	0	2358	38.726887192536
A_MP	301	2357	A	12	0	2356	38.3106960950764
A_MP	302	2362	A	7	0	2358	37.959711620017
A_MP	303	2362	G	7	0	2359	38.1572700296736
A_MP	304	2360	A	9	0	2356	39.9219015280136
A_MP	305	2365	A	4	0	2365	40.3746300211416
A_MP	306	2365	A	4	0	2359	38.2501059771089
A_MP	307	2365	C	4	0	2357	37.3975392448027
A_MP	308	2362	T	7	0	2362	36.8619813717189
A_MP	309	2341	C	28	0	2329	35.8338342636325
A_MP	310	2218	A	151	0	2203	35.7789378120744
A_MP	311	2352	A	17	0	2345	35.2413646055437
A_MP	312	2364	A	5	0	2363	34.6127803639441
A_MP	313	2361	A	8	0	2348	36.2755536626916
A_MP	314	2361	G	8	0	2344	38.542662116041
A_MP	315	2364	A	5	0	2360	39.3521186440678
A_MP	316	2358	G	11	0	2340	39.1051282051282
A_MP	317	2363	A	6	0	2341	39.2076035882102
A_MP	318	2367	A	3	0	2364	40.0211505922166
A_MP	319	2366	A	4	0	2356	39.4091680814941
A_MP	320	2368	T	2	0	2350	39.8425531914894
A_MP	321	2365	A	5	0	2358	39.9877014418999
A_MP	322	2362	A	8	0	2358	40.0759117896522
A_MP	323	2363	C	7	0	2354	39.0072217502124
A_MP	324	2366	G	4	0	2360	38.7716101694915
A_MP	325	2365	T	5	0	2360	39.1245762711864
A_MP	326	2366	T	4	0	2362	39.0762066045724
A_MP	327	2363	C	7	0	2357	38.5154857870174
A_MP	328	2366	C	3	0	2360	39.6033898305085
A_MP	329	2367	A	2	0	2363	39.611933982226
A_MP	330	2368	T	1	0	2362	39.8200677392041
A_MP	331	2349	G	20	0	2346	37.6837169650469
A_MP	332	2366	G	3	0	2366	40.1259509721048
A_MP	333	2368	G	1	0	2366	39.5595942519019
A_MP	334	2365	G	4	0	2361	39.135112240576
A_MP	335	2365	C	4	0	2362	40.0529212531753
A_MP	336	2365	C	4	0	2362	38.7713801862828
A_MP	337	2352	A	17	0	2335	36.5713062098501
A_MP	338	2361	A	8	0	2356	36.2877758913413
A_MP	339	2358	A	11	0	2354	36.2540356839422
A_MP	340	2359	G	9	0	2352	37.0735544217687
A_MP	341	2367	A	1	0	2362	38.6257408975445
A_MP	342	2366	A	2	0	2361	39.5031766200762
A_MP	343	2363	G	5	0	2353	39.3123671908202
A_MP	344	2365	T	3	0	2359	40.1331072488342
A_MP	345	2367	G	1	0	2358	40.2828668363019
A_MP	346	2366	T	2	0	2360	40.7436440677966
A_MP	347	2366	C	2	0	2351	40.6682262866865
A_MP	348	2366	A	2	0	2347	41.4750745632723
A_MP	349	2364	C	4	0	2354	40.5548003398471
A_MP	350	2366	T	2	0	2356	39.8960101867572
A_MP	351	2354	A	14	0	2335	39.9002141327623
A_MP	352	2366	A	2	0	2353	39.5588610284743
A_MP	353	2365	G	3	0	2362	39.3090601185436
A_MP	354	2365	C	2	0	2358	39.9062765055131
A_MP	355	2363	T	4	0	2363	39.7939060516293
A_MP	356	2362	A	5	0	2354	38.768054375531
A_MP	357	2364	T	3	0	2358	39.1603053435115
A_MP	358	2366	T	0	0	2361	38.4790343074968
A_MP	359	2364	C	2	0	2349	38.8974031502767
A_MP	360	2364	A	2	0	2360	39.4241525423729
A_MP	361	2364	A	1	0	2364	40.1082910321489
A_MP	362	2363	C	2	0	2358	40.6132315521629
A_MP	363	2365	T	0	0	2363	41.7443927211172
A_MP	364	2362	G	3	0	2361	41.7598475222363
A_MP	365	2363	G	2	0	2357	41.3576580398812
A_MP	366	2362	T	3	0	2358	41.4253604749788
A_MP	367	2364	G	1	0	2362	41.4809483488569
A_MP	368	2362	C	3	0	2357	42.2689859991515
A_MP	369	2362	A	3	0	2358	40.715860899067
A_MP	370	2363	C	2	0	2358	41.1047497879559
A_MP	371	2359	T	6	0	2354	40.3088360237893
A_MP	372	2363	T	2	0	2362	40.18416596105
A_MP	373	2362	G	3	0	2357	38.9592702588036
A_MP	374	2364	C	2	0	2353	40.1576710582235
A_MP	375	2362	A	4	0	2357	39.9482392872295
A_MP	376	2366	A	0	0	2364	40.9606598984772
A_MP	377	2367	G	0	0	2364	40.9124365482233
A_MP	378	2364	T	3	0	2358	42.5262934690416
A_MP	379	2366	T	1	0	2357	42.2736529486636
A_MP	380	2367	G	1	0	2351	41.9413015737984
A_MP	381	2367	C	1	0	2364	42.0021150592217
A_MP	382	2365	A	3	0	2359	41.7244595167444
A_MP	383	2362	T	6	0	2362	42.1934801016088
A_MP	384	2365	G	2	0	2364	40.4534686971235
A_MP	385	2367	G	0	0	2364	42.0613367174281
A_MP	386	2367	G	1	0	2360	41.6800847457627
A_MP	387	2367	C	1	0	2361	41.9589157136806
A_MP	388	2365	C	3	0	2364	41.8104906937394
A_MP	389	2361	T	7	0	2356	41.4261460101868
A_MP	390	2357	T	11	0	2349	41.3558961260111
A_MP	391	2360	A	9	0	2352	41.0242346938776
A_MP	392	2368	T	1	0	2363	41.0300465509945
A_MP	393	2367	A	3	0	2353	41.1818954526137
A_MP	394	2369	T	1	0	2361	41.7818720880983
A_MP	395	2366	A	5	0	2350	40.3676595744681
A_MP	396	2367	C	4	0	2362	41.2870448772227
A_MP	397	2370	A	1	0	2367	40.1178707224335
A_MP	398	2371	A	0	0	2370	40.4978902953587
A_MP	399	2370	C	0	0	2370	40.6995780590717
A_MP	400	2370	A	0	0	2366	41.4949281487743
A_MP	401	2370	G	0	0	2369	42.6424651751794
A_MP	402	2370	G	0	0	2369	42.3908822287885
A_MP	403	2370	A	0	0	2366	42.3360101437025
A_MP	404	2369	T	1	0	2367	42.0967469370511
A_MP	405	2354	G	16	0	2351	40.4517226712037
A_MP	406	2365	G	5	0	2364	38.9581218274112
A_MP	407	2367	G	3	0	2352	37.8541666666667
A_MP	408	2366	A	5	0	2359	39.816871555744
A_MP	409	2367	A	3	0	2364	40.3464467005076
A_MP	410	2367	C	3	0	2360	40.1063559322034
A_MP	411	2369	A	2	0	2365	40.5120507399577
A_MP	412	2369	G	2	0	2365	41.4321353065539
A_MP	413	2370	T	2	0	2364	41.8515228426396
A_MP	414	2367	G	4	0	2343	39.913358941528
A_MP	415	2369	A	2	0	2345	40.0059701492537
A_MP	416	2369	C	2	0	2367	40.0130967469371
A_MP	417	2370	C	1	0	2367	39.8964934516265
A_MP	418	2370	A	1	0	2367	39.5509083227714
A_MP	419	2370	C	1	0	2369	39.5517095821022
A_MP	420	2365	A	6	0	2363	40.8154887854422
A_MP	421	2369	G	2	0	2367	40.6269539501479
A_MP	422	2367	A	4	0	2365	40.3315010570825
A_MP	423	2369	A	2	0	2366	40.799661876585
A_MP	424	2368	G	3	0	2366	40.4057480980558
A_MP	425	2365	C	5	0	2362	41.0931414055885
A_MP	426	2366	T	4	0	2363	41.158696572154
A_MP	427	2367	G	3	0	2362	41.0901778154107
A_MP	428	2365	C	2	0	2363	41.0833685992383
A_MP	429	2353	T	14	0	2350	41.3182978723404
A_MP	430	2366	T	1	0	2362	42.2036409822185
A_MP	431	2365	T	2	0	2360	40.1707627118644
A_MP	432	2359	C	8	0	2338	37.7767322497861
A_MP	433	2359	G	8	0	2351	36.8034878774989
A_MP	434	2364	G	3	0	2360	36.3360169491525
A_MP	435	2362	T	5	0	2341	36.0247757368646
A_MP	436	2360	C	7	0	2338	35.551753635586
A_MP	437	2359	T	8	0	2331	36.5589875589876
A_MP	438	2364	A	4	0	2345	35.4554371002132
A_MP	439	2368	G	1	0	2360	35.4016949152542
A_MP	440	2364	T	5	0	2357	36.1395842172253
A_MP	441	2368	T	1	0	2366	37.4649196956889
A_MP	442	2368	T	1	0	2356	38.6421901528014
A_MP	443	2367	G	1	0	2361	39.3350275307073
A_MP	444	2367	T	1	0	2363	40.0770207363521
A_MP	445	2365	G	3	0	2362	39.8751058425064
A_MP	446	2367	C	1	0	2362	41.6748518204911
A_MP	447	2368	C	0	0	2365	41.306976744186
A_MP	448	2368	A	0	0	2361	41.3896653960186
A_MP	449	2366	C	2	0	2363	41.4325010579771
A_MP	450	2365	T	3	0	2360	41.106779661017
A_MP	451	2366	T	2	0	2364	41.5499153976311
A_MP	452	2368	G	1	0	2368	40.2972972972973
A_MP	453	2369	T	0	0	2365	40.6211416490486
A_MP	454	2369	G	0	0	2364	39.8185279187817
A_MP	455	2360	A	9	0	2355	40.1002123142251
A_MP	456	2368	A	1	0	2366	39.625528317836
A_MP	457	2366	C	3	0	2356	40.0789473684211
A_MP	458	2365	A	4	0	2361	40.4650571791614
A_MP	459	2362	G	7	0	2346	41.1841432225064
A_MP	460	2363	A	5	0	2359	40.6269605765155
A_MP	461	2362	T	6	0	2359	40.6053412462908
A_MP	462	2364	T	4	0	2359	40.3030945315812
A_MP	463	2363	G	5	0	2361	40.5912748835239
A_MP	464	2362	C	6	0	2356	39.8892190152801
A_MP	465	2364	T	4	0	2360	38.5699152542373
A_MP	466	2364	G	4	0	2325	38.0795698924731
A_MP	467	2365	A	3	0	2363	37.9208633093525
A_MP	468	2365	T	2	0	2363	38.442657638595
A_MP	469	2366	T	1	0	2360	38.9851694915254
A_MP	470	2364	C	3	0	2353	40.1555461113472
A_MP	471	2363	A	4	0	2358	40.8948261238338
A_MP	472	2360	C	6	0	2356	40.8501697792869
A_MP	473	2364	A	2	0	2362	40.4267569856054
A_MP	474	2364	G	2	0	2362	41.0220152413209
A_MP	475	2364	C	2	0	2363	41.0952179432924
A_MP	476	2364	A	2	0	2364	40.6848561759729
A_MP	477	2364	T	2	0	2362	41.0414902624894
A_MP	478	2360	C	5	0	2348	38.6805792163543
A_MP	479	2360	G	5	0	2355	37.9422505307856
A_MP	480	2362	G	3	0	2360	37.1550847457627
A_MP	481	2364	T	2	0	2356	37.4834465195246
A_MP	482	2364	C	2	0	2356	37.2466044142615
A_MP	483	2364	T	2	0	2355	39.3299363057325
A_MP	484	2363	C	3	0	2355	39.7736730360934
A_MP	485	2363	A	3	0	2355	40.3745222929936
A_MP	486	2365	C	1	0	2363	40.4600084638172
A_MP	487	2364	A	2	0	2362	40.1706181202371
A_MP	488	2363	G	3	0	2358	39.7981340118745
A_MP	489	2365	A	2	0	2359	39.6752861381942
A_MP	490	2364	C	3	0	2357	40.5473058973271
A_MP	491	2359	A	8	0	2351	39.9042960442365
A_MP	492	2365	A	2	0	2360	40.5593220338983
A_MP	493	2366	A	1	0	2361	40.7543413807709
A_MP	494	2366	T	2	0	2360	40.5970338983051
A_MP	495	2368	G	0	0	2358	41.5458015267176
A_MP	496	2368	G	0	0	2366	42.0270498732037
A_MP	497	2366	C	2	0	2362	41.108382726503
A_MP	498	2366	T	2	0	2354	40.6550552251487
A_MP	499	2364	A	4	0	2347	39.8470387729016
A_MP	500	2360	C	8	0	2346	39.1398124467178
A_MP	501	2361	T	7	0	2338	38.6980325064157
A_MP	502	2356	A	12	0	2342	38.1007685738685
A_MP	503	2365	C	4	0	2362	37.9805249788315
A_MP	504	2365	C	4	0	2362	37.9403048264183
A_MP	505	2367	A	2	0	2362	39.0571549534293
A_MP	506	2369	C	0	0	2368	39.5836148648649
A_MP	507	2368	A	1	0	2366	39.997886728656
A_MP	508	2369	A	0	0	2368	40.9315878378378
A_MP	509	2369	A	0	0	2368	41.578125
A_MP	510	2369	T	0	0	2368	41.5548986486486
A_MP	511	2367	C	1	0	2363	41.85780787135
A_MP	512	2367	C	1	0	2364	42.2186971235195
A_MP	513	2365	A	3	0	2361	41.1723845828039
A_MP	514	2364	C	5	0	2361	40.7767894959763
A_MP	515	2364	T	5	0	2360	40.3521186440678
A_MP	516	2368	A	1	0	2365	40.3860465116279
A_MP	517	2368	A	1	0	2366	40.541842772612
A_MP	518	2369	T	1	0	2369	40.7188687209793
A_MP	519	2368	C	2	0	2366	41.3867286559594
A_MP	520	2368	A	2	0	2363	41.2488362251375
A_MP	521	2365	G	3	0	2362	41.313717188823
A_MP	522	2368	G	0	0	2367	40.0245035910435
A_MP	523	2369	C	0	0	2366	40.5629754860524
A_MP	524	2369	A	0	0	2369	39.4368932038835
A_MP	525	2369	T	0	0	2367	39.9623996620194
A_MP	526	2368	G	1	0	2364	37.0947546531303
A_MP	527	2336	A	33	0	2323	37.9659922513991
A_MP	528	2355	A	14	0	2352	36.7270408163265
A_MP	529	2365	A	4	0	2362	37.774767146486
A_MP	530	2365	A	4	0	2362	38.657917019475
A_MP	531	2364	C	5	0	2351	39.6176095278605
A_MP	532	2365	A	3	0	2357	39.2753500212134
A_MP	533	2365	G	3	0	2348	39.1656729131175
A_MP	534	2367	A	1	0	2366	39.8575655114117
A_MP	535	2367	A	2	0	2362	40.8238780694327
A_MP	536	2367	T	2	0	2363	40.9602200592467
A_MP	537	2364	G	3	0	2360	41.6699152542373
A_MP	538	2365	G	2	0	2365	41.9429175475687
A_MP	539	2366	T	1	0	2365	42.1704016913319
A_MP	540	2365	G	2	0	2330	41.956652360515
A_MP	541	2365	C	2	0	2363	41.9682606855692
A_MP	542	2366	T	1	0	2363	41.5327972915785
A_MP	543	2364	G	3	0	2360	41.3118644067797
A_MP	544	2365	G	2	0	2365	41.4786469344609
A_MP	545	2363	C	4	0	2358	41.3553859202714
A_MP	546	2364	T	3	0	2358	41.2692960135708
A_MP	547	2363	A	4	0	2362	40.8958509737511
A_MP	548	2362	G	4	0	2354	40.9027187765506
A_MP	549	2364	C	2	0	2364	40.3756345177665
A_MP	550	2364	A	2	0	2360	39.5661016949153
A_MP	551	2363	C	3	0	2352	39.2355442176871
A_MP	552	2365	T	1	0	2350	39.3982978723404
A_MP	553	2364	A	3	0	2362	37.9826418289585
A_MP	554	2362	C	5	0	2347	37.3127396676608
A_MP	555	2366	G	1	0	2358	36.050042408821
A_MP	556	2365	G	2	0	2360	37.5050847457627
A_MP	557	2365	C	2	0	2362	37.7396274343776
A_MP	558	2363	A	4	0	2363	38.8709267879814
A_MP	559	2368	A	0	0	2367	41.9142374313477
A_MP	560	2368	A	0	0	2364	41.8489847715736
A_MP	561	2367	G	1	0	2362	42.46316680779
A_MP	562	2368	G	0	0	2366	42.460270498732
A_MP	563	2368	C	0	0	2362	42.4496189669771
A_MP	564	2368	T	0	0	2362	41.8145639288738
A_MP	565	2368	A	0	0	2366	40.9763313609467
A_MP	566	2368	T	0	0	2367	41.837346852556
A_MP	567	2355	G	11	0	2350	39.0812765957447
A_MP	568	2364	G	2	0	2358	38.9143341815098
A_MP	569	2364	A	2	0	2364	38.9813874788494
A_MP	570	2365	A	1	0	2362	39.532599491956
A_MP	571	2366	C	1	0	2363	39.8916631400762
A_MP	572	2365	A	2	0	2364	40.5164974619289
A_MP	573	2348	G	2	0	2345	41.7910447761194
A_MP	574	2349	G	1	0	2347	41.2228376651044
A_MP	575	2348	T	2	0	2344	41.3331911262799
A_MP	576	2346	G	4	0	2344	40.608361774744
A_MP	577	2346	G	4	0	2346	41.228473998295
A_MP	578	2347	C	3	0	2344	41.1476109215017
A_MP	579	2349	T	1	0	2342	41.2169086251067
A_MP	580	2347	G	3	0	2339	39.6973065412569
A_MP	581	2351	G	0	0	2345	39.9931769722814
A_MP	582	2351	A	0	0	2351	38.8889834113143
A_MP	583	2351	T	0	0	2347	38.8155091606306
A_MP	584	2343	C	8	0	2327	35.6042114310271
A_MP	585	2338	G	13	0	2322	35.6257536606374
A_MP	586	2351	A	0	0	2348	34.9757240204429
A_MP	587	2351	G	0	0	2351	35.193109315185
A_MP	588	2348	T	2	0	2344	36.1578498293515
A_MP	589	2350	G	0	0	2346	38.7429667519182
A_MP	590	2348	A	2	0	2347	39.099701746911
A_MP	591	2349	A	1	0	2341	39.2537377189235
A_MP	592	2348	C	1	0	2346	39.9526854219949
A_MP	593	2348	A	1	0	2346	40.3695652173913
A_MP	594	2346	G	3	0	2345	41.3748400852878
A_MP	595	2348	G	1	0	2347	40.7988922028121
A_MP	596	2344	C	5	0	2338	40.6625320786997
A_MP	597	2348	A	1	0	2346	39.8512361466326
A_MP	598	2348	G	1	0	2342	40.2587532023911
A_MP	599	2347	C	2	0	2341	39.0516873131141
A_MP	600	2346	G	3	0	2331	37.5800085800086
A_MP	601	2346	G	3	0	2343	37.3495518565941
A_MP	602	2345	A	4	0	2339	37.2560923471569
A_MP	603	2347	G	2	0	2346	38.0639386189258
A_MP	604	2345	G	4	0	2344	39.5473549488055
A_MP	605	2341	C	7	0	2337	41.2991014120668
A_MP	606	2344	C	3	0	2338	39.9858853721129
A_MP	607	2346	A	1	0	2339	40.2890123984609
A_MP	608	2346	T	1	0	2344	40.2363481228669
A_MP	609	2347	G	0	0	2345	38.2136460554371
A_MP	610	2348	G	0	0	2341	38.8739854762922
A_MP	611	2347	A	1	0	2345	38.9791044776119
A_MP	612	2345	G	3	0	2341	40.1067919692439
A_MP	613	2345	G	4	0	2339	40.0799486960239
A_MP	614	2343	T	6	0	2339	40.6391620350577
A_MP	615	2344	T	5	0	2341	40.5032037590773
A_MP	616	2339	G	10	0	2335	40.8299785867238
A_MP	617	2338	C	11	0	2329	40.4435379991413
A_MP	618	2335	T	14	0	2328	40.3522336769759
A_MP	619	2334	A	15	0	2276	38.5518453427065
A_MP	620	2339	A	10	0	2331	37.6284856284856
A_MP	621	2340	T	9	0	2327	37.577137945853
A_MP	622	2321	A	29	0	2265	37.5002207505519
A_MP	623	2342	A	9	0	2334	36.4610111396744
A_MP	624	2342	G	9	0	2330	36.0682403433476
A_MP	625	2340	A	11	0	2321	36.1085738905644
A_MP	626	2344	C	7	0	2327	35.8495917490331
A_MP	627	2350	T	1	0	2339	35.9238991021804
A_MP	628	2351	A	0	0	2343	35.1365770379855
A_MP	629	2351	G	0	0	2348	35.7103918228279
A_MP	630	2351	G	0	0	2349	36.0744997871435
A_MP	631	2348	C	3	0	2344	39.9377133105802
A_MP	632	2350	A	1	0	2346	40.3691389599318
A_MP	633	2350	G	1	0	2341	41.2755232806493
A_MP	634	2344	A	7	0	2339	41.0115433946131
A_MP	635	2350	T	1	0	2347	41.1572219855134
A_MP	636	2342	G	2	0	2340	40.5431623931624
A_MP	637	2342	G	2	0	2340	40.4816239316239
A_MP	638	2337	T	7	0	2331	40.5027885027885
A_MP	639	2341	A	3	0	2338	39.8973481608212
A_MP	640	2341	C	3	0	2337	40.4860932819855
A_MP	641	2345	A	0	0	2341	40.1994873985476
A_MP	642	2344	T	1	0	2341	41.3216574113627
A_MP	643	2345	G	0	0	2343	41.1766965428937
A_MP	644	2345	C	1	0	2343	42.1306017925736
A_MP	645	2343	A	3	0	2339	41.0474561778538
A_MP	646	2346	A	0	0	2344	41.5806313993174
A_MP	647	2346	T	0	0	2345	41.5377398720682
A_MP	648	2343	G	3	0	2331	40.3667953667954
A_MP	649	2341	A	4	0	2330	39.6785407725322
A_MP	650	2343	G	1	0	2333	39.4762108872696
A_MP	651	2341	A	3	0	2328	39.1288659793814
A_MP	652	2344	A	0	0	2337	39.211810012837
A_MP	653	2343	C	0	0	2335	38.8269807280514
A_MP	654	2339	T	4	0	2333	39.2961851693099
A_MP	655	2339	A	4	0	2329	39.0918849291541
A_MP	656	2339	T	4	0	2329	38.7857449549163
A_MP	657	2342	T	1	0	2340	38.175641025641
A_MP	658	2337	G	6	0	2333	38.2520360051436
A_MP	659	2342	G	1	0	2337	38.1215233204964
A_MP	660	2333	A	10	0	2325	38.9415053763441
A_MP	661	2341	A	2	0	2337	39.9088575096277
A_MP	662	2340	C	2	0	2325	39.3711827956989
A_MP	663	2341	T	1	0	2339	37.9752030782386
A_MP	664	2335	C	7	0	2311	37.6564257897014
A_MP	665	2341	A	1	0	2333	37.3956279468496
A_MP	666	2341	T	1	0	2338	37.5188195038494
A_MP	667	2340	C	2	0	2336	38.0291095890411
A_MP	668	2340	C	2	0	2333	40.1598799828547
A_MP	669	2336	T	6	0	2323	40.2544123977615
A_MP	670	2337	A	5	0	2332	38.7907375643225
A_MP	671	2340	G	2	0	2334	39.1628106255356
A_MP	672	2340	C	2	0	2336	39.5325342465753
A_MP	673	2340	T	2	0	2334	40.6053984575835
A_MP	674	2340	C	2	0	2337	40.9636285836543
A_MP	675	2341	C	1	0	2338	40.8862275449102
A_MP	676	2338	A	2	0	2338	39.7232677502139
A_MP	677	2337	G	3	0	2337	39.7877620881472
A_MP	678	2339	T	1	0	2335	41.2226980728051
A_MP	679	2339	G	1	0	2339	41.880290722531
A_MP	680	2340	C	1	0	2336	42.0667808219178
A_MP	681	2339	T	2	0	2335	41.9006423982869
A_MP	682	2339	G	2	0	2329	39.412623443538
A_MP	683	2337	G	4	0	2330	38.325321888412
A_MP	684	2327	T	14	0	2316	37.9520725388601
A_MP	685	2328	C	13	0	2308	36.6616117850953
A_MP	686	2322	T	19	0	2310	36.3978354978355
A_MP	687	2285	A	56	0	2259	35.7180168216025
A_MP	688	2327	A	14	0	2313	34.7302204928664
A_MP	689	2334	G	7	0	2320	34.8047413793103
A_MP	690	2336	A	5	0	2328	36.6469072164948
A_MP	691	2336	G	5	0	2320	38.9961206896552
A_MP	692	2340	A	1	0	2338	39.4696321642429
A_MP	693	2340	T	1	0	2335	40.1049250535332
A_MP	694	2340	G	1	0	2328	39.6546391752577
A_MP	695	2341	A	0	0	2338	40.3597091531223
A_MP	696	2340	C	1	0	2335	40.4766595289079
A_MP	697	2333	C	8	0	2330	39.3712446351931
A_MP	698	2326	T	15	0	2324	40.7543029259897
A_MP	699	2329	T	12	0	2325	39.8744086021505
A_MP	700	2335	C	6	0	2327	37.9041684572411
A_MP	701	2334	T	7	0	2326	37.9948409286328
A_MP	702	2339	T	2	0	2334	36.9288774635818
A_MP	703	2326	G	14	0	2314	34.2458945548833
A_MP	704	2332	A	8	0	2327	34.6905887408681
A_MP	705	2336	A	4	0	2335	38.0710920770878
A_MP	706	2336	A	4	0	2333	40.6746678096871
A_MP	707	2334	A	6	0	2326	41.9716251074807
A_MP	708	2332	T	7	0	2328	42.8118556701031
A_MP	709	2337	T	2	0	2321	42.2662645411461
A_MP	710	2338	T	1	0	2329	41.0867325032203
A_MP	711	2336	A	3	0	2324	38.9776247848537
A_MP	712	2334	C	5	0	2332	39.0081475128645
A_MP	713	2335	A	4	0	2330	38.4047210300429
A_MP	714	2333	G	6	0	2329	39.5920996135681
A_MP	715	2336	G	2	0	2334	39.4113110539846
A_MP	716	2337	C	1	0	2333	40.7479639948564
A_MP	717	2337	C	1	0	2330	40.0094420600858
A_MP	718	2337	T	1	0	2332	40.7246998284734
A_MP	719	2337	A	1	0	2332	39.7144082332762
A_MP	720	2334	C	5	0	2333	40.5272181740249
A_MP	721	2338	C	1	0	2337	39.9884467265725
A_MP	722	2336	A	3	0	2333	40.0475782254608
A_MP	723	2335	G	4	0	2331	40.2247962247962
A_MP	724	2336	A	3	0	2332	40.3756432246998
A_MP	725	2338	A	1	0	2333	40.7316759537077
A_MP	726	2338	G	1	0	2335	40.0278372591006
A_MP	727	2338	C	1	0	2329	39.4555603263203
A_MP	728	2337	G	2	0	2315	36.1749460043197
A_MP	729	2338	A	1	0	2335	36.3695931477516
A_MP	730	2338	A	1	0	2333	36.3951993141877
A_MP	731	2338	T	1	0	2333	36.4290612944706
A_MP	732	2331	G	8	0	2321	37.2003446790177
A_MP	733	2339	G	1	0	2337	38.056054771074
A_MP	734	2339	G	1	0	2315	37.1041036717063
A_MP	735	2338	A	2	0	2323	37.4808437365476
A_MP	736	2337	G	3	0	2334	37.5042844901457
A_MP	737	2336	T	4	0	2332	37.311320754717
A_MP	738	2340	G	0	0	2336	38.1652397260274
A_MP	739	2337	C	3	0	2333	39.378911273039
A_MP	740	2337	A	3	0	2331	38.6992706992707
A_MP	741	2336	G	2	0	2322	39.8708010335917
A_MP	742	2336	A	2	0	2331	38.8798798798799
A_MP	743	2336	T	2	0	2332	38.8765008576329
A_MP	744	2335	G	3	0	2331	38.3251823251823
A_MP	745	2333	C	5	0	2329	39.6187204808931
A_MP	746	2337	A	1	0	2332	38.5214408233276
A_MP	747	2338	G	0	0	2334	39.1756640959726
A_MP	748	2337	C	1	0	2317	38.0837289598619
A_MP	749	2338	G	0	0	2333	36.9644234890699
A_MP	750	2338	G	0	0	2332	36.7757289879931
A_MP	751	2334	T	3	0	2331	37.2629772629773
A_MP	752	2335	T	2	0	2331	37.7254397254397
A_MP	753	2334	C	3	0	2320	37.9439655172414
A_MP	754	2332	A	5	0	2316	38.2746113989637
A_MP	755	2334	A	3	0	2325	38.4632258064516
A_MP	756	2334	A	3	0	2319	38.267787839586
A_MP	757	2333	T	5	0	2323	38.4601808006888
A_MP	758	2336	G	2	0	2310	39.2225108225108
A_MP	759	2337	A	1	0	2327	39.4374731413838
A_MP	760	2331	T	7	0	2318	39.6544434857636
A_MP	761	2330	C	8	0	2318	38.1803278688525
A_MP	762	2209	C	129	0	2200	38.0218181818182
A_MP	763	2213	T	124	0	2205	37.7537414965986
A_MP	764	2332	C	5	0	2321	34.9952606635071
A_MP	765	2334	T	3	0	2326	34.5008598452279
A_MP	766	2325	C	12	0	2301	32.9339417644502
A_MP	767	2337	G	0	0	2332	32.7165523156089
A_MP	768	2337	T	0	0	2328	34.856529209622
A_MP	769	2337	C	0	0	2331	35.94851994852
A_MP	770	2334	A	3	0	2333	39.3733390484355
A_MP	771	2336	T	1	0	2328	41.0725945017182
A_MP	772	2337	T	0	0	2333	41.5760822974711
A_MP	773	2336	G	1	0	2329	42.2078145126664
A_MP	774	2334	C	1	0	2332	42.4378216123499
A_MP	775	2334	A	1	0	2329	41.7243452125376
A_MP	776	2334	G	2	0	2330	42.1339055793991
A_MP	777	2330	C	5	0	2329	41.7453842851009
A_MP	778	2328	A	7	0	2324	41.0098967297763
A_MP	779	2334	A	1	0	2333	40.9957136733819
A_MP	780	2334	A	1	0	2328	41.0609965635739
A_MP	781	2334	C	1	0	2331	41.7717717717718
A_MP	782	2335	A	0	0	2325	40.1582795698925
A_MP	783	2335	T	0	0	2334	40.4310197086547
A_MP	784	2329	C	5	0	2322	39.3669250645995
A_MP	785	2330	A	4	0	2323	40.1407662505381
A_MP	786	2331	T	3	0	2325	40.0933333333333
A_MP	787	2332	T	2	0	2318	40.3572044866264
A_MP	788	2325	G	9	0	2312	39.5203287197232
A_MP	789	2332	G	2	0	2323	38.4821351700387
A_MP	790	2333	G	1	0	2320	37.975
A_MP	791	2332	A	2	0	2332	38.6307890222985
A_MP	792	2327	T	6	0	2321	39.2369668246445
A_MP	793	2328	C	5	0	2309	38.215244694673
A_MP	794	2319	T	14	0	2302	40.2067767158992
A_MP	795	2332	T	1	0	2328	40.4755154639175
A_MP	796	2332	G	1	0	2327	39.6699613235926
A_MP	797	2331	C	2	0	2326	39.6990541702494
A_MP	798	2330	A	2	0	2325	39.1849462365591
A_MP	799	2331	C	1	0	2329	40.6496350364963
A_MP	800	2330	C	2	0	2328	38.6713917525773
A_MP	801	2328	T	4	0	2321	38.6165445928479
A_MP	802	2330	G	2	0	2322	38.2101636520241
A_MP	803	2330	A	2	0	2330	39.1484978540773
A_MP	804	2332	T	0	0	2331	40.1969111969112
A_MP	805	2331	A	1	0	2329	40.2129669386003
A_MP	806	2326	T	6	0	2325	41.5591397849462
A_MP	807	2326	T	6	0	2325	41.2318279569892
A_MP	808	2323	G	9	0	2321	41.2890995260664
A_MP	809	2325	T	6	0	2323	41.4619027120103
A_MP	810	2323	G	7	0	2319	40.7598102630444
A_MP	811	2329	G	1	0	2326	41.0279449699054
A_MP	812	2329	A	1	0	2328	40.3058419243986
A_MP	813	2326	T	4	0	2318	40.5685936151855
A_MP	814	2326	T	4	0	2322	39.8755383290267
A_MP	815	2327	A	3	0	2319	38.9301423027167
A_MP	816	2324	C	6	0	2313	36.4163424124514
A_MP	817	2305	T	25	0	2304	33.9856770833333
A_MP	818	2318	G	13	0	2241	32.694332887104
A_MP	819	2330	A	1	0	2329	32.0068699012452
A_MP	820	2328	T	3	0	2320	32.5435344827586
A_MP	821	2327	C	4	0	2290	32.5781659388646
A_MP	822	2327	G	4	0	2303	34.0438558402084
A_MP	823	2324	T	8	0	2317	34.6888217522659
A_MP	824	2323	C	9	0	2310	33.8683982683983
A_MP	825	2262	T	70	0	2244	35.3685383244207
A_MP	826	2302	T	30	0	2292	35.695462478185
A_MP	827	2316	T	16	0	2309	37.7942832394976
A_MP	828	2330	T	2	0	2327	39.9303824666953
A_MP	829	2331	T	1	0	2329	39.9347359381709
A_MP	830	2331	T	1	0	2330	41.3596566523605
A_MP	831	2325	T	7	0	2322	40.9453057708872
A_MP	832	2322	C	10	0	2318	37.6350301984469
A_MP	833	2318	A	14	0	2308	36.0870883882149
A_MP	834	2332	A	1	0	2328	36.6404639175258
A_MP	835	2332	A	1	0	2331	36.993993993994
A_MP	836	2333	T	0	0	2324	38.9660068846816
A_MP	837	2333	G	0	0	2328	39.4768041237113
A_MP	838	2333	C	0	0	2328	41.481529209622
A_MP	839	2333	A	0	0	2326	39.9987102321582
A_MP	840	2327	T	6	0	2323	41.8273783900129
A_MP	841	2333	T	0	0	2328	40.9278350515464
A_MP	842	2331	T	0	0	2322	40.9595176571921
A_MP	843	2330	A	1	0	2320	40.4594827586207
A_MP	844	2329	T	2	0	2328	40.0884879725086
A_MP	845	2329	C	2	0	2298	37.6966927763272
A_MP	846	2330	G	1	0	2328	36.8689862542955
A_MP	847	2329	T	2	0	2326	36.5864144453998
A_MP	848	2328	C	3	0	2304	36.4800347222222
A_MP	849	2329	G	2	0	2315	36.4812095032397
A_MP	850	2330	C	1	0	2325	37.8589247311828
A_MP	851	2321	T	10	0	2318	38.3179465056083
A_MP	852	2327	T	4	0	2323	39.1455015066724
A_MP	853	2330	T	1	0	2324	39.8592943201377
A_MP	854	2328	A	3	0	2314	40.1076058772688
A_MP	855	2329	A	2	0	2323	40.2587171760654
A_MP	856	2330	A	1	0	2324	39.8868330464716
A_MP	857	2329	T	2	0	2325	40.2468817204301
A_MP	858	2329	A	3	0	2320	39.835775862069
A_MP	859	2329	C	3	0	2327	39.5169746454663
A_MP	860	2329	G	3	0	2324	37.8205679862306
A_MP	861	2330	G	2	0	2327	37.6368715083799
A_MP	862	2327	T	5	0	2323	37.8424451140766
A_MP	863	2332	T	0	0	2331	38.0776490776491
A_MP	864	2330	T	1	0	2326	38.4165950128977
A_MP	865	2320	G	11	0	2310	36.4471861471861
A_MP	866	2271	A	60	0	2264	35.6678445229682
A_MP	867	2319	A	12	0	2317	34.4902891670263
A_MP	868	2327	A	4	0	2324	34.2921686746988
A_MP	869	2326	A	4	0	2317	34.1031506258092
A_MP	870	2322	G	8	0	2296	34.0278745644599
A_MP	871	2326	A	5	0	2314	35.8396715643907
A_MP	872	2318	G	13	0	2309	35.8744045041143
A_MP	873	2320	G	11	0	2317	36.0310746655158
A_MP	874	2322	G	9	0	2318	37.1246764452114
A_MP	875	2322	C	9	0	2312	36.5782871972318
A_MP	876	2322	C	9	0	2306	37.4067649609714
A_MP	877	2324	T	7	0	2307	37.5236237537928
A_MP	878	2327	T	4	0	2315	36.7874730021598
A_MP	879	2324	C	7	0	2285	35.0647702407002
A_MP	880	2327	T	4	0	2317	34.9987052222702
A_MP	881	2324	A	7	0	2300	33.8239130434783
A_MP	882	2326	C	5	0	2313	33.7483787289235
A_MP	883	2306	G	24	0	2292	32.369109947644
A_MP	884	2328	G	3	0	2319	32.8305304010349
A_MP	885	2327	A	4	0	2320	32.9793103448276
A_MP	886	2329	A	2	0	2326	36.3379191745486
A_MP	887	2324	G	7	0	2322	38.5482342807924
A_MP	888	2326	G	5	0	2313	38.9770860354518
A_MP	889	2327	A	4	0	2326	39.3705932932072
A_MP	890	2270	G	61	0	2266	38.6919682259488
A_MP	891	2328	T	3	0	2324	35.526678141136
A_MP	892	2326	G	5	0	2317	35.4989210185585
A_MP	893	2324	C	6	0	2317	35.4514458351316
A_MP	894	2329	C	1	0	2325	34.2584946236559
A_MP	895	2320	T	10	0	2312	36.6794982698962
A_MP	896	2309	G	21	0	2283	34.3749452474814
A_MP	897	2318	A	12	0	2300	34.2213043478261
A_MP	898	2325	G	5	0	2305	34.234273318872
A_MP	899	2326	T	4	0	2317	35.8062149331031
A_MP	900	2324	C	6	0	2296	36.0252613240418
A_MP	901	2327	C	3	0	2285	36.7960612691466
A_MP	902	2328	A	2	0	2320	36.2181034482759
A_MP	903	2326	T	4	0	2319	36.7141009055627
A_MP	904	2323	G	7	0	2314	35.7057044079516
A_MP	905	2324	A	5	0	2315	36.3075593952484
A_MP	906	2283	G	46	0	2269	36.6161304539445
A_MP	907	2325	G	4	0	2322	36.7351421188631
A_MP	908	2324	G	5	0	2315	37.6790496760259
A_MP	909	2323	A	6	0	2313	37.1820146995244
A_MP	910	2325	A	4	0	2320	38.5435344827586
A_MP	911	2327	G	2	0	2318	39.5966350301984
A_MP	912	2311	A	18	0	2309	40.4556084885232
A_MP	913	2321	A	8	0	2317	40.7747086750108
A_MP	914	2318	T	10	0	2304	39.6870659722222
A_MP	915	2325	A	3	0	2309	39.4252923343439
A_MP	916	2315	T	13	0	2310	39.2528138528139
A_MP	917	2318	C	10	0	2301	37.0482398956975
A_MP	918	2315	A	13	0	2299	37.278816876903
A_MP	919	2323	A	5	0	2322	37.0146425495263
A_MP	920	2327	C	3	0	2323	38.4365045200172
A_MP	921	2324	A	6	0	2323	39.6926388291003
A_MP	922	2326	G	4	0	2321	41.4864282636794
A_MP	923	2328	G	2	0	2324	40.6041308089501
A_MP	924	2330	A	0	0	2326	40.9380911435941
A_MP	925	2328	G	2	0	2323	40.3073611708997
A_MP	926	2329	C	1	0	2326	40.4479793637145
A_MP	927	2330	A	0	0	2325	40.6597849462366
A_MP	928	2328	G	2	0	2326	40.6577815993121
A_MP	929	2328	C	2	0	2326	40.7880481513328
A_MP	930	2326	A	4	0	2326	41.1186586414445
A_MP	931	2328	G	2	0	2324	40.9285714285714
A_MP	932	2329	A	1	0	2323	40.2053379250969
A_MP	933	2329	G	1	0	2325	39.6430107526882
A_MP	934	2330	T	0	0	2328	39.4733676975945
A_MP	935	2330	G	0	0	2327	39.3828964331758
A_MP	936	2329	C	1	0	2328	39.9329896907216
A_MP	937	2326	T	4	0	2321	40.414907367514
A_MP	938	2328	G	2	0	2326	40.5920034393809
A_MP	939	2328	T	2	0	2321	40.7875915553641
A_MP	940	2325	G	4	0	2320	39.4603448275862
A_MP	941	2327	G	1	0	2323	39.5600516573396
A_MP	942	2327	A	1	0	2326	39.0107480653482
A_MP	943	2327	T	1	0	2321	39.5015079707023
A_MP	944	2328	G	0	0	2326	38.457437661221
A_MP	945	2327	T	0	0	2318	39.5828300258844
A_MP	946	2327	T	0	0	2315	39.0574514038877
A_MP	947	2320	G	7	0	2309	38.7544391511477
A_MP	948	2322	A	5	0	2322	38.0917312661499
A_MP	949	2323	C	4	0	2316	36.4499136442142
A_MP	950	2324	G	2	0	2297	34.9821506312582
A_MP	951	2324	A	2	0	2323	35.1024537236332
A_MP	952	2326	T	0	0	2323	35.5294877313818
A_MP	953	2323	G	2	0	2319	35.7231565329884
A_MP	954	2322	G	2	0	2318	38.3692838654012
A_MP	955	2320	T	3	0	2313	39.4721141374838
A_MP	956	2320	C	3	0	2302	38.2875760208514
A_MP	957	2321	A	2	0	2317	38.3305999136815
A_MP	958	2313	T	10	0	2307	38.4768097095795
A_MP	959	2321	T	2	0	2321	38.0909090909091
A_MP	960	2320	T	3	0	2318	39.4797238999137
A_MP	961	2317	T	3	0	2314	41.9312878133103
A_MP	962	2315	G	5	0	2314	41.1495246326707
A_MP	963	2312	T	8	0	2306	40.6040763226366
A_MP	964	2307	C	7	0	2297	37.5690030474532
A_MP	965	2310	A	2	0	2297	37.5259033521985
A_MP	966	2312	A	0	0	2310	36.9099567099567
A_MP	967	2312	C	0	0	2311	37.4777152747728
A_MP	968	2309	A	2	0	2308	37.6031195840555
A_MP	969	2307	T	2	0	2307	38.655830082358
A_MP	970	2293	A	14	0	2277	37.6675450153711
A_MP	971	2297	G	8	0	2285	37.128227571116
A_MP	972	2301	A	0	0	2299	36.9186602870813
A_MP	973	2300	G	0	0	2300	37.2069565217391
A_MP	974	2299	C	0	0	2298	37.7471714534378
A_MP	975	2298	T	0	0	2296	38.7848432055749
A_MP	976	2288	A	3	0	2288	37.1503496503497
A_MP	977	2286	G	0	0	2284	36.4789842381786
A_MP	978	2259	A	0	0	2256	35.0363475177305
A_MP	979	2250	G	0	0	2248	34.3474199288256
A_MP	980	2218	T	0	0	2218	35.5883678990081
A_MP	981	2212	A	0	0	2212	34.5076853526221
A_MP	982	2208	A	0	0	2208	35.6494565217391
