Reference_Name	Position	Coverage Depth	Consensus	Deletions	Ambiguous	Consensus_Count	Consensus_Average_Quality
A_NA_N1	1	405	A	0	0	405	35.1530864197531
A_NA_N1	2	406	T	0	0	406	36.2857142857143
A_NA_N1	3	406	G	0	0	406	33.8793103448276
A_NA_N1	4	408	A	0	0	406	35.8448275862069
A_NA_N1	5	408	A	0	0	408	37.0588235294118
A_NA_N1	6	408	T	0	0	408	37.3676470588235
A_NA_N1	7	408	C	0	0	407	37.963144963145
A_NA_N1	8	408	C	0	0	405	39.7086419753086
A_NA_N1	9	410	A	0	0	410	39.2073170731707
A_NA_N1	10	411	A	0	0	411	39.625304136253
A_NA_N1	11	411	A	0	0	411	40.0754257907543
A_NA_N1	12	413	C	0	0	413	39.5641646489104
A_NA_N1	13	414	C	0	0	412	38.504854368932
A_NA_N1	14	405	A	9	0	403	37.8808933002481
A_NA_N1	15	416	A	1	0	416	38.7403846153846
A_NA_N1	16	417	A	0	0	416	39.90625
A_NA_N1	17	417	A	0	0	417	41.0671462829736
A_NA_N1	18	417	G	0	0	417	42.0335731414868
A_NA_N1	19	417	A	0	0	415	40.8578313253012
A_NA_N1	20	417	T	0	0	417	40.6282973621103
A_NA_N1	21	418	A	0	0	418	38.8277511961723
A_NA_N1	22	418	A	0	0	418	39.1698564593301
A_NA_N1	23	418	T	0	0	417	39.1534772182254
A_NA_N1	24	418	A	0	0	418	38.2870813397129
A_NA_N1	25	419	A	0	0	419	38.6157517899761
A_NA_N1	26	419	C	0	0	419	38.653937947494
A_NA_N1	27	419	C	0	0	419	38.2768496420048
A_NA_N1	28	419	A	0	0	419	38.2219570405728
A_NA_N1	29	419	T	0	0	419	38.653937947494
A_NA_N1	30	419	T	0	0	419	38.9689737470167
A_NA_N1	31	419	G	0	0	418	38.4665071770335
A_NA_N1	32	419	G	0	0	419	38.2338902147971
A_NA_N1	33	419	T	0	0	419	38.9856801909308
A_NA_N1	34	419	T	0	0	419	38.8353221957041
A_NA_N1	35	418	C	1	0	415	38.0722891566265
A_NA_N1	36	419	T	0	0	419	38.3436754176611
A_NA_N1	37	419	A	0	0	419	37.799522673031
A_NA_N1	38	419	T	0	0	418	38.3564593301435
A_NA_N1	39	419	C	0	0	418	37.6483253588517
A_NA_N1	40	420	T	0	0	418	39.3492822966507
A_NA_N1	41	420	G	0	0	420	39.0666666666667
A_NA_N1	42	418	T	2	0	418	38.9401913875598
A_NA_N1	43	420	A	0	0	420	38.0380952380952
A_NA_N1	44	420	T	0	0	418	38.5478468899522
A_NA_N1	45	420	G	0	0	418	38.1076555023923
A_NA_N1	46	419	A	1	0	418	38.2081339712919
A_NA_N1	47	419	C	1	0	418	39.4856459330144
A_NA_N1	48	420	A	0	0	420	39.0904761904762
A_NA_N1	49	419	A	1	0	419	39.8591885441527
A_NA_N1	50	419	T	1	0	417	40.3021582733813
A_NA_N1	51	420	T	0	0	417	41.1151079136691
A_NA_N1	52	418	G	2	0	416	40.8990384615385
A_NA_N1	53	420	G	0	0	416	40.5096153846154
A_NA_N1	54	418	A	2	0	418	40.8971291866029
A_NA_N1	55	420	A	0	0	420	40.7547619047619
A_NA_N1	56	418	C	2	0	412	39.4441747572816
A_NA_N1	57	415	G	5	0	412	38.2669902912621
A_NA_N1	58	414	G	6	0	411	37.8175182481752
A_NA_N1	59	412	C	8	0	409	37.7408312958435
A_NA_N1	60	414	T	6	0	413	38.1138014527845
A_NA_N1	61	414	A	6	0	411	39.3065693430657
A_NA_N1	62	415	A	5	0	414	41.3260869565217
A_NA_N1	63	416	C	4	0	412	40.9247572815534
A_NA_N1	64	415	T	5	0	411	41.330900243309
A_NA_N1	65	419	T	1	0	414	41.0821256038647
A_NA_N1	66	419	A	1	0	417	39.8920863309352
A_NA_N1	67	419	A	1	0	416	40.0336538461538
A_NA_N1	68	419	T	1	0	416	41.0673076923077
A_NA_N1	69	419	A	1	0	414	41.1594202898551
A_NA_N1	70	419	T	1	0	416	41.2524038461538
A_NA_N1	71	420	T	0	0	418	41.7703349282297
A_NA_N1	72	419	A	1	0	419	40.5775656324582
A_NA_N1	73	418	C	2	0	418	40.7583732057416
A_NA_N1	74	420	A	0	0	419	39.4224343675418
A_NA_N1	75	420	A	0	0	420	40.7214285714286
A_NA_N1	76	420	A	0	0	420	39.9785714285714
A_NA_N1	77	420	T	0	0	420	39.3904761904762
A_NA_N1	78	420	T	0	0	419	40.4224343675418
A_NA_N1	79	420	G	0	0	420	40.7095238095238
A_NA_N1	80	420	G	0	0	419	41.200477326969
A_NA_N1	81	420	A	0	0	420	41.752380952381
A_NA_N1	82	420	A	0	0	420	42.0547619047619
A_NA_N1	83	420	A	0	0	419	42.799522673031
A_NA_N1	84	420	C	0	0	419	41.8687350835322
A_NA_N1	85	420	A	0	0	419	40.9880668257757
A_NA_N1	86	420	T	0	0	420	40.8238095238095
A_NA_N1	87	420	A	0	0	420	39.347619047619
A_NA_N1	88	420	A	0	0	420	39.7261904761905
A_NA_N1	89	419	T	1	0	419	40.4295942720764
A_NA_N1	90	419	C	1	0	417	40.3357314148681
A_NA_N1	91	420	T	0	0	420	40.7238095238095
A_NA_N1	92	420	C	0	0	417	40.9880095923261
A_NA_N1	93	419	A	1	0	417	41.0359712230216
A_NA_N1	94	420	A	0	0	420	41.0214285714286
A_NA_N1	95	420	T	0	0	418	41.3636363636364
A_NA_N1	96	421	A	0	0	420	40.6833333333333
A_NA_N1	97	419	T	2	0	418	41.5215311004785
A_NA_N1	98	419	G	2	0	419	40.6921241050119
A_NA_N1	99	419	G	2	0	419	40.9952267303103
A_NA_N1	100	420	G	1	0	420	40.7261904761905
A_NA_N1	101	419	T	2	0	419	41.6968973747017
A_NA_N1	102	419	T	2	0	418	42.0430622009569
A_NA_N1	103	420	A	1	0	419	41.799522673031
A_NA_N1	104	419	G	2	0	417	42.2517985611511
A_NA_N1	105	419	C	2	0	417	41.7673860911271
A_NA_N1	106	420	C	1	0	419	42.0811455847255
A_NA_N1	107	420	A	1	0	420	41.3071428571429
A_NA_N1	108	419	C	2	0	419	40.9546539379475
A_NA_N1	109	421	T	0	0	420	40.5
A_NA_N1	110	421	C	0	0	416	39.5600961538462
A_NA_N1	111	422	A	0	0	422	39.6777251184834
A_NA_N1	112	422	A	0	0	422	38.8696682464455
A_NA_N1	113	421	T	1	0	421	40.2446555819477
A_NA_N1	114	422	T	0	0	421	39.8432304038005
A_NA_N1	115	422	C	0	0	421	39.7672209026128
A_NA_N1	116	421	A	0	0	421	39.7149643705463
A_NA_N1	117	421	A	0	0	421	40.812351543943
A_NA_N1	118	421	A	0	0	421	41.3016627078385
A_NA_N1	119	421	T	0	0	421	40.7695961995249
A_NA_N1	120	421	T	0	0	421	41.2185273159145
A_NA_N1	121	421	G	0	0	421	40.3349168646081
A_NA_N1	122	421	G	0	0	420	39.902380952381
A_NA_N1	123	420	A	1	0	419	40.3365155131265
A_NA_N1	124	421	A	0	0	421	40.667458432304
A_NA_N1	125	421	A	0	0	421	40.750593824228
A_NA_N1	126	421	T	0	0	421	41.5890736342043
A_NA_N1	127	421	C	0	0	419	39.8496420047733
A_NA_N1	128	421	A	0	0	421	38.3562945368171
A_NA_N1	129	421	A	0	0	421	38.6484560570071
A_NA_N1	130	422	A	0	0	422	39.8341232227488
A_NA_N1	131	422	G	0	0	421	39.0190023752969
A_NA_N1	132	422	C	0	0	421	38.8907363420428
A_NA_N1	133	421	C	0	0	421	37.9667458432304
A_NA_N1	134	421	A	0	0	421	37.6152019002375
A_NA_N1	135	420	G	1	0	419	38.1909307875895
A_NA_N1	136	421	G	0	0	420	38.9166666666667
A_NA_N1	137	421	T	0	0	420	39.5904761904762
A_NA_N1	138	421	T	0	0	420	40.0166666666667
A_NA_N1	139	421	G	0	0	420	40.3238095238095
A_NA_N1	140	420	A	1	0	418	40.7416267942584
A_NA_N1	141	421	A	0	0	420	41.7880952380952
A_NA_N1	142	420	A	1	0	418	40.5454545454545
A_NA_N1	143	420	C	1	0	419	39.5393794749403
A_NA_N1	144	419	A	2	0	418	39.5478468899522
A_NA_N1	145	419	T	2	0	419	39.9307875894988
A_NA_N1	146	419	G	2	0	418	39.2296650717703
A_NA_N1	147	419	C	3	0	419	40.272076372315
A_NA_N1	148	420	A	2	0	420	39.9333333333333
A_NA_N1	149	422	A	0	0	421	40.9144893111639
A_NA_N1	150	423	T	0	0	421	40.9596199524941
A_NA_N1	151	421	A	2	0	417	40.3549160671463
A_NA_N1	152	421	A	2	0	421	40.7672209026128
A_NA_N1	153	423	A	0	0	423	41.274231678487
A_NA_N1	154	423	A	0	0	423	41.2978723404255
A_NA_N1	155	423	A	0	0	422	42.3696682464455
A_NA_N1	156	423	C	0	0	420	40.2571428571429
A_NA_N1	157	423	G	0	0	421	38.8788598574822
A_NA_N1	158	424	T	0	0	422	39.2037914691943
A_NA_N1	159	424	C	0	0	416	38.4447115384615
A_NA_N1	160	424	A	0	0	423	38.6524822695035
A_NA_N1	161	422	T	2	0	419	40.1718377088306
A_NA_N1	162	421	T	3	0	419	40.873508353222
A_NA_N1	163	421	A	3	0	418	40.0837320574163
A_NA_N1	164	421	C	3	0	419	40.2673031026253
A_NA_N1	165	423	T	1	0	421	40.5534441805226
A_NA_N1	166	423	T	1	0	423	40.4397163120567
A_NA_N1	167	423	A	1	0	420	39.5238095238095
A_NA_N1	168	423	T	1	0	423	40.1347517730496
A_NA_N1	169	423	G	1	0	421	39.2137767220903
A_NA_N1	170	420	A	4	0	419	39.5298329355609
A_NA_N1	171	424	A	0	0	424	39.0660377358491
A_NA_N1	172	424	A	0	0	424	40.9198113207547
A_NA_N1	173	424	A	0	0	424	41.0919811320755
A_NA_N1	174	424	C	0	0	424	41.7452830188679
A_NA_N1	175	424	A	0	0	424	41.0094339622642
A_NA_N1	176	424	A	0	0	423	41.0260047281324
A_NA_N1	177	424	C	0	0	423	40.9243498817967
A_NA_N1	178	424	A	0	0	423	40.1489361702128
A_NA_N1	179	424	C	0	0	424	40.0495283018868
A_NA_N1	180	424	T	0	0	424	40.247641509434
A_NA_N1	181	424	T	0	0	424	40.8066037735849
A_NA_N1	182	422	G	2	0	422	40.3530805687204
A_NA_N1	183	424	G	0	0	424	41.0542452830189
A_NA_N1	184	423	G	1	0	422	41.8625592417062
A_NA_N1	185	423	T	1	0	423	41.8321513002364
A_NA_N1	186	422	A	2	0	422	41.7511848341232
A_NA_N1	187	423	A	1	0	422	42.2345971563981
A_NA_N1	188	423	A	1	0	423	41.6761229314421
A_NA_N1	189	424	T	0	0	424	41.6627358490566
A_NA_N1	190	423	C	1	0	420	39.8595238095238
A_NA_N1	191	423	A	1	0	421	39.5059382422803
A_NA_N1	192	423	G	1	0	422	38.6398104265403
A_NA_N1	193	423	A	1	0	423	38.8841607565012
A_NA_N1	194	424	C	0	0	422	38.6042654028436
A_NA_N1	195	424	A	0	0	423	39.3947990543735
A_NA_N1	196	425	T	0	0	425	40.2941176470588
A_NA_N1	197	425	T	0	0	425	41.3058823529412
A_NA_N1	198	425	T	0	0	425	41.9788235294118
A_NA_N1	199	424	G	0	0	424	42.061320754717
A_NA_N1	200	423	T	1	0	422	42.7843601895735
A_NA_N1	201	424	T	0	0	423	42.6879432624113
A_NA_N1	202	424	A	0	0	422	41.3341232227488
A_NA_N1	203	424	A	0	0	420	41.2047619047619
A_NA_N1	204	423	C	0	0	423	41.0709219858156
A_NA_N1	205	423	A	0	0	422	40.9952606635071
A_NA_N1	206	423	T	0	0	423	41.3593380614657
A_NA_N1	207	420	C	3	0	420	40.8119047619048
A_NA_N1	208	421	A	2	0	419	41.2887828162291
A_NA_N1	209	421	G	2	0	417	40.8537170263789
A_NA_N1	210	420	C	3	0	418	41.0598086124402
A_NA_N1	211	421	A	2	0	421	40.8004750593824
A_NA_N1	212	421	A	2	0	419	41.145584725537
A_NA_N1	213	422	C	1	0	420	41.3595238095238
A_NA_N1	214	422	A	1	0	421	41
A_NA_N1	215	423	C	0	0	423	40.6713947990544
A_NA_N1	216	423	T	0	0	423	40.2174940898345
A_NA_N1	217	423	A	0	0	423	39.25768321513
A_NA_N1	218	423	A	0	0	423	40.0070921985816
A_NA_N1	219	423	C	0	0	423	40.5035460992908
A_NA_N1	220	423	T	0	0	423	40.839243498818
A_NA_N1	221	421	C	2	0	421	41.6888361045131
A_NA_N1	222	421	T	2	0	419	41.8926014319809
A_NA_N1	223	421	G	2	0	420	41.6833333333333
A_NA_N1	224	422	C	1	0	420	41.65
A_NA_N1	225	422	T	1	0	421	41.5106888361045
A_NA_N1	226	422	G	1	0	421	40.9691211401425
A_NA_N1	227	421	C	2	0	421	40.6175771971496
A_NA_N1	228	420	T	3	0	420	40.3666666666667
A_NA_N1	229	422	A	1	0	419	38.8591885441527
A_NA_N1	230	423	G	0	0	420	38.9190476190476
A_NA_N1	231	423	A	0	0	423	38.8132387706856
A_NA_N1	232	423	C	0	0	423	39.1182033096927
A_NA_N1	233	423	A	0	0	422	40.1018957345972
A_NA_N1	234	423	G	0	0	421	40.3491686460808
A_NA_N1	235	422	T	1	0	421	40.790973871734
A_NA_N1	236	422	C	1	0	420	39.4142857142857
A_NA_N1	237	422	A	1	0	422	39.2511848341232
A_NA_N1	238	423	A	0	0	423	38.6879432624113
A_NA_N1	239	422	T	1	0	421	39.1638954869359
A_NA_N1	240	423	G	0	0	422	39.0568720379147
A_NA_N1	241	423	G	0	0	420	39.7119047619048
A_NA_N1	242	424	C	0	0	424	39.3254716981132
A_NA_N1	243	423	T	1	0	423	38.5130023640662
A_NA_N1	244	424	T	0	0	424	38.0518867924528
A_NA_N1	245	423	C	1	0	423	37.4018912529551
A_NA_N1	246	423	C	1	0	423	37.5366430260047
A_NA_N1	247	423	A	1	0	423	36.8463356973995
A_NA_N1	248	423	T	1	0	422	38.0023696682464
A_NA_N1	249	423	G	1	0	421	37.5558194774347
A_NA_N1	250	422	A	2	0	422	38.5781990521327
A_NA_N1	251	422	A	2	0	422	39.781990521327
A_NA_N1	252	422	A	2	0	421	39.3111638954869
A_NA_N1	253	422	T	2	0	421	39.9572446555819
A_NA_N1	254	423	T	1	0	421	39.6437054631829
A_NA_N1	255	423	A	1	0	419	38.2863961813842
A_NA_N1	256	422	G	2	0	419	38.0811455847255
A_NA_N1	257	420	C	4	0	413	37.046004842615
A_NA_N1	258	420	G	3	0	415	34.8819277108434
A_NA_N1	259	421	G	2	0	420	32.3952380952381
A_NA_N1	260	422	G	1	0	421	34.8574821852732
A_NA_N1	261	420	C	3	0	414	35.8067632850242
A_NA_N1	262	421	A	2	0	419	37.9116945107399
A_NA_N1	263	421	A	2	0	421	40
A_NA_N1	264	420	T	3	0	417	40.4820143884892
A_NA_N1	265	422	T	1	0	421	40.2327790973872
A_NA_N1	266	421	C	2	0	418	40.244019138756
A_NA_N1	267	378	C	45	0	376	40.3244680851064
A_NA_N1	268	375	T	48	0	373	39.9383378016086
A_NA_N1	269	419	C	4	0	416	37.0240384615385
A_NA_N1	270	417	T	6	0	415	37.2096385542169
A_NA_N1	271	420	C	3	0	419	36.5298329355609
A_NA_N1	272	421	T	2	0	421	36.603325415677
A_NA_N1	273	418	C	5	0	418	38.5933014354067
A_NA_N1	274	422	T	1	0	422	40.9928909952607
A_NA_N1	275	422	G	1	0	422	40.585308056872
A_NA_N1	276	423	C	0	0	422	41.2677725118483
A_NA_N1	277	424	C	0	0	424	40.7877358490566
A_NA_N1	278	424	C	0	0	422	41.3175355450237
A_NA_N1	279	424	T	0	0	422	39.60663507109
A_NA_N1	280	424	G	0	0	424	40.1957547169811
A_NA_N1	281	424	T	0	0	423	40.9716312056738
A_NA_N1	282	424	T	0	0	423	40.8699763593381
A_NA_N1	283	424	A	0	0	423	38.4869976359338
A_NA_N1	284	424	G	0	0	424	38.2382075471698
A_NA_N1	285	424	T	0	0	424	39.1910377358491
A_NA_N1	286	424	G	0	0	424	39.1391509433962
A_NA_N1	287	424	G	0	0	424	40.186320754717
A_NA_N1	288	424	A	0	0	424	39.7122641509434
A_NA_N1	289	424	T	0	0	424	40.2617924528302
A_NA_N1	290	423	G	1	0	423	39.0685579196217
A_NA_N1	291	424	G	0	0	424	40.3632075471698
A_NA_N1	292	424	G	0	0	424	39.7830188679245
A_NA_N1	293	424	C	0	0	423	39.1205673758865
A_NA_N1	294	422	T	2	0	421	39.8836104513064
A_NA_N1	295	421	A	3	0	420	39.85
A_NA_N1	296	424	T	0	0	423	40.0921985815603
A_NA_N1	297	424	A	0	0	424	38.8867924528302
A_NA_N1	298	424	T	0	0	424	40.2004716981132
A_NA_N1	299	424	A	0	0	423	38.4751773049645
A_NA_N1	300	424	C	0	0	423	39.2127659574468
A_NA_N1	301	424	A	0	0	424	37.9740566037736
A_NA_N1	302	424	G	0	0	423	38.0992907801418
A_NA_N1	303	424	T	0	0	422	38.4075829383886
A_NA_N1	304	423	A	1	0	422	38.5947867298578
A_NA_N1	305	424	A	0	0	424	39.2995283018868
A_NA_N1	306	424	A	0	0	424	39.2948113207547
A_NA_N1	307	424	G	0	0	422	38.8957345971564
A_NA_N1	308	421	A	3	0	420	39.7095238095238
A_NA_N1	309	421	C	3	0	421	39.3016627078385
A_NA_N1	310	420	A	4	0	419	38.5131264916468
A_NA_N1	311	422	A	2	0	421	38.6935866983373
A_NA_N1	312	422	T	2	0	421	39.0451306413302
A_NA_N1	313	423	A	1	0	423	38.5390070921986
A_NA_N1	314	424	A	0	0	424	39.0047169811321
A_NA_N1	315	424	T	0	0	424	40.0660377358491
A_NA_N1	316	424	G	0	0	424	39.627358490566
A_NA_N1	317	423	T	1	0	420	39.8357142857143
A_NA_N1	318	417	A	7	0	415	37.4409638554217
A_NA_N1	319	417	A	7	0	416	35.2259615384615
A_NA_N1	320	417	G	7	0	410	36
A_NA_N1	321	423	A	1	0	421	38.0332541567696
A_NA_N1	322	423	A	1	0	420	39.1595238095238
A_NA_N1	323	422	T	2	0	420	39.0380952380952
A_NA_N1	324	418	C	6	0	408	37.6691176470588
A_NA_N1	325	420	G	4	0	414	34.3840579710145
A_NA_N1	326	421	G	3	0	420	34.197619047619
A_NA_N1	327	423	T	1	0	418	34.4545454545455
A_NA_N1	328	423	T	1	0	422	36.0308056872038
A_NA_N1	329	422	C	2	0	421	36.4204275534442
A_NA_N1	330	423	C	1	0	422	38.2298578199052
A_NA_N1	331	420	A	4	0	418	36.9736842105263
A_NA_N1	332	421	A	3	0	418	36.4856459330144
A_NA_N1	333	413	G	11	0	411	36.2895377128954
A_NA_N1	334	421	G	3	0	421	36.1187648456057
A_NA_N1	335	424	G	0	0	424	37.4693396226415
A_NA_N1	336	424	G	0	0	424	38.5495283018868
A_NA_N1	337	424	G	0	0	422	39.3720379146919
A_NA_N1	338	424	A	0	0	424	37.9103773584906
A_NA_N1	339	423	T	0	0	422	37.8009478672986
A_NA_N1	340	423	G	0	0	423	37.6430260047281
A_NA_N1	341	422	T	1	0	421	40.3800475059382
A_NA_N1	342	423	G	0	0	421	39.5296912114014
A_NA_N1	343	420	T	3	0	420	40.1666666666667
A_NA_N1	344	422	T	1	0	422	40.5568720379147
A_NA_N1	345	422	T	1	0	422	39.4644549763033
A_NA_N1	346	422	G	1	0	421	39.3610451306413
A_NA_N1	347	422	T	1	0	421	39.0712589073634
A_NA_N1	348	422	C	1	0	421	37.9762470308789
A_NA_N1	349	423	A	0	0	421	38.0546318289786
A_NA_N1	350	423	T	0	0	423	38.8037825059102
A_NA_N1	351	420	A	3	0	419	37.8448687350835
A_NA_N1	352	421	A	2	0	421	38.0807600950119
A_NA_N1	353	417	G	6	0	416	38.3509615384615
A_NA_N1	354	418	G	5	0	417	39.3621103117506
A_NA_N1	355	422	G	1	0	420	38.3404761904762
A_NA_N1	356	422	A	1	0	420	38.4357142857143
A_NA_N1	357	423	A	0	0	421	38.8669833729216
A_NA_N1	358	423	C	0	0	416	37.6658653846154
A_NA_N1	359	422	C	1	0	419	37.1336515513126
A_NA_N1	360	422	A	1	0	420	36.7
A_NA_N1	361	423	T	1	0	423	37.451536643026
A_NA_N1	362	423	T	1	0	421	36.9643705463183
A_NA_N1	363	420	C	3	0	416	37.7860576923077
A_NA_N1	364	420	A	3	0	418	38.2177033492823
A_NA_N1	365	422	T	1	0	418	39.2392344497608
A_NA_N1	366	422	A	1	0	420	39.0452380952381
A_NA_N1	367	423	T	0	0	423	40.2482269503546
A_NA_N1	368	423	C	0	0	420	39.9190476190476
A_NA_N1	369	423	A	0	0	422	39.4123222748815
A_NA_N1	370	423	T	0	0	422	39.5663507109005
A_NA_N1	371	423	G	0	0	423	39.387706855792
A_NA_N1	372	423	C	0	0	421	39.5795724465558
A_NA_N1	373	423	T	0	0	421	39.9239904988124
A_NA_N1	374	422	C	1	0	421	39.8574821852732
A_NA_N1	375	423	T	0	0	423	39.0874704491726
A_NA_N1	376	420	C	3	0	420	37.5190476190476
A_NA_N1	377	423	C	0	0	423	37.6335697399527
A_NA_N1	378	423	C	0	0	423	36.9172576832151
A_NA_N1	379	422	T	1	0	422	34.6492890995261
A_NA_N1	380	423	T	0	0	421	38.9073634204276
A_NA_N1	381	423	G	0	0	423	38.7186761229314
A_NA_N1	382	423	G	0	0	422	38.7227488151659
A_NA_N1	383	423	A	0	0	423	39.9432624113475
A_NA_N1	384	423	A	0	0	423	40.2765957446809
A_NA_N1	385	422	T	1	0	422	39.7037914691943
A_NA_N1	386	423	G	0	0	423	39.2553191489362
A_NA_N1	387	423	C	0	0	423	40.1347517730496
A_NA_N1	388	423	A	0	0	423	38.9503546099291
A_NA_N1	389	423	G	0	0	423	37.9976359338061
A_NA_N1	390	423	A	0	0	423	38.0732860520095
A_NA_N1	391	423	A	0	0	422	38.4691943127962
A_NA_N1	392	423	C	0	0	423	37.6832151300236
A_NA_N1	393	418	C	5	0	418	38.444976076555
A_NA_N1	394	417	T	6	0	417	38.6402877697842
A_NA_N1	395	418	T	5	0	418	38.3325358851675
A_NA_N1	396	423	C	0	0	423	36.8486997635934
A_NA_N1	397	422	T	1	0	422	39.0995260663507
A_NA_N1	398	423	T	0	0	423	39.1583924349882
A_NA_N1	399	423	C	0	0	420	38.0809523809524
A_NA_N1	400	420	T	3	0	419	39.3389021479714
A_NA_N1	401	423	T	0	0	422	40.0165876777251
A_NA_N1	402	422	G	1	0	420	39.1309523809524
A_NA_N1	403	422	A	1	0	421	39.8859857482185
A_NA_N1	404	422	C	1	0	422	40.0971563981043
A_NA_N1	405	418	T	5	0	418	40.6363636363636
A_NA_N1	406	422	C	1	0	413	40.09200968523
A_NA_N1	407	423	A	0	0	422	39.9905213270142
A_NA_N1	408	423	A	0	0	423	39.6690307328605
A_NA_N1	409	423	G	0	0	423	39.4869976359338
A_NA_N1	410	423	G	0	0	423	40.0661938534279
A_NA_N1	411	423	G	0	0	423	41.9432624113475
A_NA_N1	412	423	G	0	0	423	41.3286052009456
A_NA_N1	413	423	C	0	0	422	41.3744075829384
A_NA_N1	414	423	T	0	0	422	41.345971563981
A_NA_N1	415	423	T	0	0	423	42.2151300236407
A_NA_N1	416	423	T	0	0	423	42.5839243498818
A_NA_N1	417	422	G	1	0	422	42.4170616113744
A_NA_N1	418	423	C	0	0	421	42.2565320665083
A_NA_N1	419	423	T	0	0	421	42.4180522565321
A_NA_N1	420	422	A	0	0	421	40.9121140142518
A_NA_N1	421	422	A	0	0	422	41.5947867298578
A_NA_N1	422	422	A	0	0	422	41.4881516587678
A_NA_N1	423	422	T	0	0	422	41.521327014218
A_NA_N1	424	421	G	1	0	418	42.1196172248804
A_NA_N1	425	421	A	1	0	421	41.458432304038
A_NA_N1	426	422	C	0	0	422	40.021327014218
A_NA_N1	427	422	A	0	0	421	38.3515439429929
A_NA_N1	428	422	A	0	0	422	38.4715639810427
A_NA_N1	429	423	A	0	0	421	39.2992874109264
A_NA_N1	430	423	C	0	0	421	40.7719714964371
A_NA_N1	431	423	A	0	0	422	41.3862559241706
A_NA_N1	432	423	T	0	0	423	42.0047281323877
A_NA_N1	433	423	T	0	0	423	41.1418439716312
A_NA_N1	434	423	C	0	0	422	38.5071090047393
A_NA_N1	435	423	C	0	0	423	37.6879432624113
A_NA_N1	436	423	A	0	0	423	37.160756501182
A_NA_N1	437	423	A	0	0	423	36.8250591016548
A_NA_N1	438	423	T	0	0	423	38.4704491725768
A_NA_N1	439	421	G	2	0	420	39.3952380952381
A_NA_N1	440	423	G	0	0	421	39.1116389548694
A_NA_N1	441	422	A	1	0	420	40.147619047619
A_NA_N1	442	423	A	0	0	421	40.7339667458432
A_NA_N1	443	423	C	0	0	423	40.936170212766
A_NA_N1	444	423	A	0	0	423	40.0851063829787
A_NA_N1	445	423	A	0	0	421	40.2470308788599
A_NA_N1	446	423	T	0	0	422	40.7488151658768
A_NA_N1	447	423	T	0	0	423	39.7163120567376
A_NA_N1	448	421	A	2	0	412	39.0679611650485
A_NA_N1	449	423	A	0	0	423	39.2553191489362
A_NA_N1	450	423	A	0	0	421	38.9263657957245
A_NA_N1	451	422	G	1	0	421	38.9002375296912
A_NA_N1	452	420	A	3	0	420	38.45
A_NA_N1	453	422	C	1	0	421	37.3182897862233
A_NA_N1	454	423	A	0	0	423	36.338061465721
A_NA_N1	455	423	G	0	0	420	36.3214285714286
A_NA_N1	456	423	A	0	0	423	36.6595744680851
A_NA_N1	457	421	A	2	0	421	38.2375296912114
A_NA_N1	458	421	G	2	0	421	38.790973871734
A_NA_N1	459	420	C	3	0	420	39.4357142857143
A_NA_N1	460	421	C	2	0	418	39.8803827751196
A_NA_N1	461	421	C	2	0	419	39.9212410501193
A_NA_N1	462	421	A	2	0	419	39.6348448687351
A_NA_N1	463	422	T	1	0	419	39.9212410501193
A_NA_N1	464	421	A	2	0	421	40.2969121140143
A_NA_N1	465	422	T	1	0	421	40.6508313539192
A_NA_N1	466	422	C	1	0	411	37.7566909975669
A_NA_N1	467	423	G	0	0	420	35.9214285714286
A_NA_N1	468	423	A	0	0	422	36.2156398104265
A_NA_N1	469	423	A	0	0	423	36.2789598108747
A_NA_N1	470	420	C	3	0	419	35.8591885441527
A_NA_N1	471	422	C	1	0	422	37.7274881516588
A_NA_N1	472	423	C	0	0	418	39.6076555023923
A_NA_N1	473	423	T	0	0	420	39.3238095238095
A_NA_N1	474	423	A	0	0	423	39.3073286052009
A_NA_N1	475	423	A	0	0	422	39.9383886255924
A_NA_N1	476	423	T	0	0	423	39.3640661938534
A_NA_N1	477	423	G	0	0	422	38.9928909952607
A_NA_N1	478	423	A	0	0	423	38.48463356974
A_NA_N1	479	423	G	0	0	423	38.1820330969267
A_NA_N1	480	423	C	0	0	422	38.3601895734597
A_NA_N1	481	422	T	1	0	422	38.8815165876777
A_NA_N1	482	422	G	1	0	422	38.1255924170616
A_NA_N1	483	423	T	0	0	423	38.3782505910165
A_NA_N1	484	422	C	1	0	421	38.686460807601
A_NA_N1	485	423	C	0	0	422	39.1706161137441
A_NA_N1	486	423	T	0	0	421	39.1092636579572
A_NA_N1	487	421	A	2	0	420	39.3952380952381
A_NA_N1	488	423	T	0	0	419	40.0477326968974
A_NA_N1	489	423	T	0	0	421	40.1116389548694
A_NA_N1	490	422	G	1	0	421	39.3087885985748
A_NA_N1	491	422	G	1	0	422	39.2677725118483
A_NA_N1	492	422	T	1	0	419	39.8424821002387
A_NA_N1	493	422	G	1	0	419	40.0811455847255
A_NA_N1	494	422	A	1	0	420	39.6880952380952
A_NA_N1	495	423	A	0	0	423	39.6973995271868
A_NA_N1	496	422	G	1	0	420	39.352380952381
A_NA_N1	497	421	T	2	0	420	40.2928571428571
A_NA_N1	498	422	A	1	0	420	39.8595238095238
A_NA_N1	499	422	C	1	0	421	39.541567695962
A_NA_N1	500	422	C	1	0	422	38.0687203791469
A_NA_N1	501	421	C	2	0	421	37.0023752969121
A_NA_N1	502	421	T	2	0	420	36.2857142857143
A_NA_N1	503	422	C	1	0	422	36.4976303317536
A_NA_N1	504	423	T	0	0	423	37.0685579196217
A_NA_N1	505	423	C	0	0	423	35.5224586288416
A_NA_N1	506	423	C	0	0	422	37.6611374407583
A_NA_N1	507	418	A	5	0	417	38.1223021582734
A_NA_N1	508	418	T	5	0	414	38.6714975845411
A_NA_N1	509	422	A	1	0	421	40.458432304038
A_NA_N1	510	420	C	3	0	418	41.2846889952153
A_NA_N1	511	421	A	2	0	419	40.4844868735084
A_NA_N1	512	421	A	2	0	420	40.0857142857143
A_NA_N1	513	421	C	2	0	419	39.9236276849642
A_NA_N1	514	419	T	4	0	418	40.9617224880383
A_NA_N1	515	423	C	0	0	417	40.1726618705036
A_NA_N1	516	423	A	0	0	422	40.5995260663507
A_NA_N1	517	423	A	0	0	420	38.95
A_NA_N1	518	423	G	0	0	420	38.7809523809524
A_NA_N1	519	423	A	0	0	421	38.5819477434679
A_NA_N1	520	423	T	0	0	423	38.2884160756501
A_NA_N1	521	423	T	0	0	422	39.2085308056872
A_NA_N1	522	423	T	0	0	423	40.0307328605201
A_NA_N1	523	423	G	0	0	420	39.752380952381
A_NA_N1	524	422	A	1	0	422	39.4952606635071
A_NA_N1	525	423	G	0	0	422	39.4739336492891
A_NA_N1	526	423	T	0	0	421	39.58432304038
A_NA_N1	527	423	C	0	0	417	39.158273381295
A_NA_N1	528	423	A	0	0	420	38.9452380952381
A_NA_N1	529	423	G	0	0	419	38.6133651551313
A_NA_N1	530	424	T	0	0	424	38.5801886792453
A_NA_N1	531	424	C	0	0	412	38.0752427184466
A_NA_N1	532	424	G	0	0	421	36.2779097387173
A_NA_N1	533	423	C	0	0	423	36.2387706855792
A_NA_N1	534	423	T	0	0	423	35.7470449172577
A_NA_N1	535	423	T	0	0	423	36.1536643026005
A_NA_N1	536	422	G	1	0	422	36.3649289099526
A_NA_N1	537	423	G	0	0	423	38.5035460992908
A_NA_N1	538	423	T	0	0	423	40.3120567375887
A_NA_N1	539	423	C	0	0	421	39.6722090261283
A_NA_N1	540	423	A	0	0	423	40.0118203309693
A_NA_N1	541	423	G	0	0	423	40.2245862884161
A_NA_N1	542	422	C	1	0	422	39.3199052132701
A_NA_N1	543	422	A	1	0	422	38.6421800947867
A_NA_N1	544	423	A	0	0	423	38.6099290780142
A_NA_N1	545	422	G	0	0	420	38.2142857142857
A_NA_N1	546	423	T	0	0	423	38.4373522458629
A_NA_N1	547	423	G	0	0	423	38.4869976359338
A_NA_N1	548	423	C	0	0	423	38.1513002364066
A_NA_N1	549	423	T	0	0	423	38.4799054373522
A_NA_N1	550	423	T	0	0	423	39.3806146572104
A_NA_N1	551	422	G	1	0	421	38.4821852731591
A_NA_N1	552	422	T	1	0	422	39.1042654028436
A_NA_N1	553	422	C	1	0	422	39.0734597156398
A_NA_N1	554	423	A	0	0	423	39.6264775413712
A_NA_N1	555	423	T	0	0	423	39.8817966903073
A_NA_N1	556	423	G	0	0	421	40.353919239905
A_NA_N1	557	423	A	0	0	423	40.6761229314421
A_NA_N1	558	423	T	0	0	421	40.5059382422803
A_NA_N1	559	423	G	0	0	422	40.6777251184834
A_NA_N1	560	421	G	2	0	421	41.1140142517815
A_NA_N1	561	421	C	2	0	420	40.747619047619
A_NA_N1	562	422	A	1	0	419	40.8162291169451
A_NA_N1	563	422	C	1	0	422	41.0900473933649
A_NA_N1	564	422	C	1	0	421	41.0095011876485
A_NA_N1	565	422	A	1	0	422	40.9383886255924
A_NA_N1	566	422	A	1	0	422	41.1350710900474
A_NA_N1	567	422	T	1	0	422	41.5071090047393
A_NA_N1	568	422	T	1	0	422	41.8578199052133
A_NA_N1	569	421	G	2	0	421	41.938242280285
A_NA_N1	570	422	G	1	0	422	42.3696682464455
A_NA_N1	571	422	C	1	0	422	41.4454976303318
A_NA_N1	572	421	T	2	0	421	40.7339667458432
A_NA_N1	573	422	A	1	0	422	39.4668246445498
A_NA_N1	574	423	A	0	0	422	40.1421800947867
A_NA_N1	575	423	C	0	0	422	39.6018957345972
A_NA_N1	576	423	A	0	0	421	39.0712589073634
A_NA_N1	577	423	A	0	0	422	39.3981042654028
A_NA_N1	578	423	T	0	0	423	40.0756501182033
A_NA_N1	579	423	T	0	0	422	39.3412322274881
A_NA_N1	580	420	G	3	0	419	38.0739856801909
A_NA_N1	581	423	G	0	0	421	37.6840855106888
A_NA_N1	582	423	A	0	0	422	37.7796208530806
A_NA_N1	583	423	A	0	0	423	37.8345153664303
A_NA_N1	584	422	T	1	0	419	39.5131264916468
A_NA_N1	585	423	T	0	0	423	39.0780141843972
A_NA_N1	586	423	T	0	0	423	40.8841607565012
A_NA_N1	587	422	C	1	0	418	38.6291866028708
A_NA_N1	588	421	T	2	0	420	38.6285714285714
A_NA_N1	589	421	G	2	0	417	37.6786570743405
A_NA_N1	590	421	G	3	0	419	36.527446300716
A_NA_N1	591	419	C	5	0	419	36.3961813842482
A_NA_N1	592	420	C	4	0	418	37.9186602870813
A_NA_N1	593	419	C	5	0	418	38.7751196172249
A_NA_N1	594	422	A	2	0	419	38.6062052505967
A_NA_N1	595	421	G	3	0	413	39.1501210653753
A_NA_N1	596	421	A	3	0	421	39.3681710213777
A_NA_N1	597	423	C	1	0	421	39.8194774346793
A_NA_N1	598	424	A	0	0	422	39.1255924170616
A_NA_N1	599	424	A	0	0	422	39.824644549763
A_NA_N1	600	425	T	0	0	423	40.6548463356974
A_NA_N1	601	421	G	4	0	420	40.4119047619048
A_NA_N1	602	425	G	0	0	425	40.4470588235294
A_NA_N1	603	425	G	0	0	424	41.3160377358491
A_NA_N1	604	425	G	0	0	425	40.4
A_NA_N1	605	425	C	0	0	424	40.6132075471698
A_NA_N1	606	425	A	0	0	423	40.4491725768322
A_NA_N1	607	424	G	1	0	422	40.1042654028436
A_NA_N1	608	424	T	1	0	423	40.4468085106383
A_NA_N1	609	424	G	1	0	423	39.2671394799054
A_NA_N1	610	425	G	0	0	425	39.8917647058824
A_NA_N1	611	425	C	0	0	425	40.2894117647059
A_NA_N1	612	424	T	1	0	424	41.5047169811321
A_NA_N1	613	424	G	1	0	424	41.1957547169811
A_NA_N1	614	424	T	1	0	424	41.6367924528302
A_NA_N1	615	424	G	1	0	423	40.839243498818
A_NA_N1	616	423	T	2	0	423	40.5059101654846
A_NA_N1	617	424	T	1	0	424	39.252358490566
A_NA_N1	618	423	A	2	0	420	38.947619047619
A_NA_N1	619	424	A	1	0	422	39.0023696682464
A_NA_N1	620	424	A	1	0	422	39.1137440758294
A_NA_N1	621	425	A	0	0	423	40.6548463356974
A_NA_N1	622	425	T	0	0	424	41.5566037735849
A_NA_N1	623	424	A	1	0	422	41.7251184834123
A_NA_N1	624	424	C	1	0	423	41.6524822695035
A_NA_N1	625	423	A	2	0	423	40.4231678486998
A_NA_N1	626	423	A	2	0	423	40.6335697399527
A_NA_N1	627	423	T	2	0	423	40.6264775413712
A_NA_N1	628	424	G	1	0	423	40.9078014184397
A_NA_N1	629	425	G	0	0	424	40.9433962264151
A_NA_N1	630	425	C	0	0	425	41.4494117647059
A_NA_N1	631	424	A	1	0	423	41.6973995271868
A_NA_N1	632	424	T	1	0	424	41.8443396226415
A_NA_N1	633	423	A	2	0	423	42.1371158392435
A_NA_N1	634	425	A	0	0	424	42.6320754716981
A_NA_N1	635	425	T	0	0	423	42.3309692671395
A_NA_N1	636	424	A	1	0	424	42.1910377358491
A_NA_N1	637	424	A	1	0	424	41.9103773584906
A_NA_N1	638	424	C	1	0	424	41.7971698113208
A_NA_N1	639	425	A	0	0	425	40.88
A_NA_N1	640	425	G	0	0	424	40.9622641509434
A_NA_N1	641	424	A	1	0	423	40.9669030732861
A_NA_N1	642	424	C	1	0	424	40.9952830188679
A_NA_N1	643	424	A	1	0	424	40.3466981132075
A_NA_N1	644	423	C	2	0	423	39.7281323877069
A_NA_N1	645	424	T	2	0	424	39.5235849056604
A_NA_N1	646	425	A	1	0	425	39.5694117647059
A_NA_N1	647	425	T	1	0	424	39.5872641509434
A_NA_N1	648	423	C	3	0	422	37.6682464454976
A_NA_N1	649	424	A	2	0	423	37.6950354609929
A_NA_N1	650	425	A	1	0	425	37.6023529411765
A_NA_N1	651	426	G	0	0	424	37.6297169811321
A_NA_N1	652	426	A	0	0	426	37.5821596244131
A_NA_N1	653	426	G	0	0	425	38.3223529411765
A_NA_N1	654	423	T	3	0	421	39.3942992874109
A_NA_N1	655	425	T	1	0	425	38.7176470588235
A_NA_N1	656	424	G	2	0	424	36.8443396226415
A_NA_N1	657	425	G	1	0	425	36.2423529411765
A_NA_N1	658	425	A	1	0	425	36.5011764705882
A_NA_N1	659	425	G	1	0	424	37.7995283018868
A_NA_N1	660	425	G	1	0	425	37.2211764705882
A_NA_N1	661	425	A	1	0	423	37.451536643026
A_NA_N1	662	426	A	0	0	425	37.4352941176471
A_NA_N1	663	426	T	0	0	424	38.6674528301887
A_NA_N1	664	424	A	2	0	421	38.3515439429929
A_NA_N1	665	426	A	0	0	424	38.1533018867925
A_NA_N1	666	423	G	3	0	420	38.0833333333333
A_NA_N1	667	426	A	2	0	426	37.31220657277
A_NA_N1	668	425	T	3	0	423	37.2174940898345
A_NA_N1	669	424	A	4	0	423	36.9598108747045
A_NA_N1	670	426	T	2	0	424	36.8183962264151
A_NA_N1	671	428	T	0	0	426	36.8427230046948
A_NA_N1	672	428	G	0	0	425	35.7905882352941
A_NA_N1	673	428	A	0	0	426	36.8591549295775
A_NA_N1	674	427	G	1	0	425	37.2635294117647
A_NA_N1	675	427	A	1	0	426	39.2300469483568
A_NA_N1	676	428	A	0	0	426	39.150234741784
A_NA_N1	677	428	C	0	0	426	39.6455399061033
A_NA_N1	678	428	A	0	0	426	39.3215962441315
A_NA_N1	679	426	C	1	0	426	39.868544600939
A_NA_N1	680	426	A	1	0	426	39.8615023474178
A_NA_N1	681	426	A	1	0	426	39.2769953051643
A_NA_N1	682	423	G	4	0	423	39.468085106383
A_NA_N1	683	426	A	1	0	426	39.4882629107981
A_NA_N1	684	426	G	1	0	425	39.6
A_NA_N1	685	425	T	2	0	422	39.7298578199052
A_NA_N1	686	425	C	2	0	422	39.8981042654028
A_NA_N1	687	426	T	1	0	426	40.7910798122066
A_NA_N1	688	427	G	0	0	427	40.7423887587822
A_NA_N1	689	427	A	0	0	427	41.367681498829
A_NA_N1	690	427	A	0	0	426	41.443661971831
A_NA_N1	691	427	T	0	0	427	41.7142857142857
A_NA_N1	692	427	G	0	0	426	42.1244131455399
A_NA_N1	693	427	T	0	0	427	42.1592505854801
A_NA_N1	694	426	G	1	0	424	41.9221698113208
A_NA_N1	695	426	C	1	0	426	41.8943661971831
A_NA_N1	696	426	A	1	0	425	41.3388235294118
A_NA_N1	697	427	T	0	0	425	41.5294117647059
A_NA_N1	698	427	G	0	0	426	41.1338028169014
A_NA_N1	699	427	T	0	0	427	41.7939110070258
A_NA_N1	700	426	G	1	0	425	41.64
A_NA_N1	701	426	T	2	0	426	41.9225352112676
A_NA_N1	702	426	A	2	0	426	41.0985915492958
A_NA_N1	703	427	A	1	0	427	41.3723653395785
A_NA_N1	704	427	A	1	0	427	41.5081967213115
A_NA_N1	705	428	T	0	0	427	41.5901639344262
A_NA_N1	706	428	G	0	0	427	41.5409836065574
A_NA_N1	707	428	G	0	0	426	41.1666666666667
A_NA_N1	708	428	T	0	0	427	41.0679156908665
A_NA_N1	709	427	T	1	0	424	40.3655660377358
A_NA_N1	710	427	C	1	0	426	39.3615023474178
A_NA_N1	711	426	T	2	0	426	39.3427230046948
A_NA_N1	712	428	T	0	0	428	38.8247663551402
A_NA_N1	713	427	G	1	0	427	39.0117096018735
A_NA_N1	714	427	C	1	0	426	38.7652582159624
A_NA_N1	715	428	T	0	0	428	39.3271028037383
A_NA_N1	716	427	T	1	0	426	39.4366197183099
A_NA_N1	717	427	T	1	0	425	39.4941176470588
A_NA_N1	718	424	A	4	0	422	37.9691943127962
A_NA_N1	719	426	C	2	0	426	38.4882629107981
A_NA_N1	720	427	C	1	0	426	38.6079812206573
A_NA_N1	721	426	A	2	0	426	39.2323943661972
A_NA_N1	722	426	T	2	0	426	39.2699530516432
A_NA_N1	723	426	A	2	0	426	39.4295774647887
A_NA_N1	724	428	A	0	0	428	40.3341121495327
A_NA_N1	725	428	T	0	0	427	40.6791569086651
A_NA_N1	726	427	G	1	0	427	39.6252927400468
A_NA_N1	727	428	A	0	0	428	39.8341121495327
A_NA_N1	728	428	C	0	0	428	40.8224299065421
A_NA_N1	729	427	C	1	0	424	39.3632075471698
A_NA_N1	730	426	G	2	0	423	39.0992907801418
A_NA_N1	731	428	A	0	0	428	38.7616822429907
A_NA_N1	732	428	T	0	0	428	38.8738317757009
A_NA_N1	733	427	G	1	0	427	37.2388758782201
A_NA_N1	734	426	G	2	0	424	39.2995283018868
A_NA_N1	735	426	A	2	0	426	41.6572769953052
A_NA_N1	736	427	C	1	0	427	41.4777517564403
A_NA_N1	737	427	C	1	0	427	40.7658079625293
A_NA_N1	738	427	A	1	0	426	40.2910798122066
A_NA_N1	739	428	A	0	0	428	39.8808411214953
A_NA_N1	740	428	G	0	0	428	39.7079439252336
A_NA_N1	741	428	T	0	0	427	40.2037470725995
A_NA_N1	742	428	G	0	0	428	40.3411214953271
A_NA_N1	743	428	A	0	0	428	40.9485981308411
A_NA_N1	744	428	T	0	0	428	41.4929906542056
A_NA_N1	745	428	G	0	0	428	41.0233644859813
A_NA_N1	746	428	G	0	0	427	41.8665105386417
A_NA_N1	747	428	A	0	0	428	41.6658878504673
A_NA_N1	748	428	C	0	0	428	41.9415887850467
A_NA_N1	749	428	A	0	0	428	41.3457943925234
A_NA_N1	750	426	G	2	0	426	41.6807511737089
A_NA_N1	751	428	G	0	0	427	40.7470725995316
A_NA_N1	752	428	C	0	0	428	40.1869158878505
A_NA_N1	753	428	C	0	0	428	40.4065420560748
A_NA_N1	754	428	T	0	0	427	40.6533957845433
A_NA_N1	755	428	C	0	0	428	40.3294392523364
A_NA_N1	756	428	A	0	0	428	39.7616822429907
A_NA_N1	757	427	T	1	0	427	39.8992974238876
A_NA_N1	758	425	A	3	0	425	38.7341176470588
A_NA_N1	759	427	C	1	0	427	38.9625292740047
A_NA_N1	760	426	A	2	0	426	38.7112676056338
A_NA_N1	761	427	A	1	0	426	38.8474178403756
A_NA_N1	762	427	A	1	0	427	39.1803278688525
A_NA_N1	763	426	A	2	0	425	40.2305882352941
A_NA_N1	764	426	T	2	0	426	40.7863849765258
A_NA_N1	765	427	C	1	0	426	38.887323943662
A_NA_N1	766	424	T	4	0	423	39.468085106383
A_NA_N1	767	427	T	1	0	427	37.8524590163934
A_NA_N1	768	427	C	1	0	425	35.4211764705882
A_NA_N1	769	428	A	0	0	428	33.6869158878505
A_NA_N1	770	428	G	0	0	427	35.3723653395785
A_NA_N1	771	428	A	0	0	426	35.9835680751174
A_NA_N1	772	427	A	1	0	426	35.4295774647887
A_NA_N1	773	427	T	1	0	426	36.9107981220657
A_NA_N1	774	425	A	3	0	423	35.7210401891253
A_NA_N1	775	426	G	2	0	425	36.04
A_NA_N1	776	426	A	2	0	426	36.4272300469484
A_NA_N1	777	426	G	2	0	423	36.9976359338061
A_NA_N1	778	426	A	2	0	426	38.2981220657277
A_NA_N1	779	427	A	1	0	426	38.9765258215962
A_NA_N1	780	419	G	9	0	418	38.9808612440191
A_NA_N1	781	428	G	0	0	428	39.088785046729
A_NA_N1	782	428	G	0	0	427	37.9742388758782
A_NA_N1	783	423	A	5	0	419	38.3341288782816
A_NA_N1	784	428	A	0	0	427	39.9648711943794
A_NA_N1	785	428	A	0	0	427	39.9063231850117
A_NA_N1	786	428	G	0	0	425	38.5764705882353
A_NA_N1	787	427	A	1	0	426	38.2159624413146
A_NA_N1	788	427	T	1	0	426	38.1572769953052
A_NA_N1	789	426	A	2	0	425	36.3576470588235
A_NA_N1	790	426	A	2	0	425	36.3741176470588
A_NA_N1	791	427	C	1	0	427	37.0304449648712
A_NA_N1	792	428	C	0	0	426	37.8544600938967
A_NA_N1	793	428	A	0	0	427	38.6580796252927
A_NA_N1	794	428	A	0	0	427	39.615925058548
A_NA_N1	795	427	A	1	0	426	40.0211267605634
A_NA_N1	796	427	T	1	0	427	39.9180327868852
A_NA_N1	797	426	C	2	0	425	39.6541176470588
A_NA_N1	798	427	A	1	0	427	39.1686182669789
A_NA_N1	799	427	G	1	0	425	37.96
A_NA_N1	800	428	T	0	0	428	38.964953271028
A_NA_N1	801	428	C	0	0	424	36.7877358490566
A_NA_N1	802	423	G	5	0	418	35.5502392344498
A_NA_N1	803	425	A	3	0	419	35.4797136038186
A_NA_N1	804	428	A	0	0	427	36.1077283372365
A_NA_N1	805	428	A	0	0	424	36.8466981132075
A_NA_N1	806	428	T	0	0	426	38.4835680751174
A_NA_N1	807	424	G	4	0	422	39.7037914691943
A_NA_N1	808	425	A	3	0	425	40.5435294117647
A_NA_N1	809	428	A	0	0	426	40.7206572769953
A_NA_N1	810	428	G	0	0	427	40.5058548009368
A_NA_N1	811	428	G	0	0	427	40.1053864168618
A_NA_N1	812	427	C	1	0	424	39.313679245283
A_NA_N1	813	428	C	0	0	426	38.5798122065728
A_NA_N1	814	428	C	0	0	426	39.1948356807512
A_NA_N1	815	428	C	0	0	425	38.1905882352941
A_NA_N1	816	426	T	1	0	425	37.9952941176471
A_NA_N1	817	427	A	0	0	427	38.3770491803279
A_NA_N1	818	427	A	0	0	426	38.7159624413146
A_NA_N1	819	427	T	0	0	427	39.344262295082
A_NA_N1	820	427	T	0	0	425	41.24
A_NA_N1	821	427	A	0	0	426	41.4178403755869
A_NA_N1	822	428	T	0	0	428	41.5443925233645
A_NA_N1	823	428	C	0	0	428	40.7009345794393
A_NA_N1	824	428	A	0	0	428	40.9369158878505
A_NA_N1	825	428	C	0	0	428	40.1144859813084
A_NA_N1	826	427	T	0	0	426	40.1572769953052
A_NA_N1	827	427	A	0	0	427	39.6697892271663
A_NA_N1	828	427	T	0	0	427	39.8524590163934
A_NA_N1	829	427	G	0	0	427	38.8688524590164
A_NA_N1	830	427	A	0	0	426	39.8708920187793
A_NA_N1	831	426	A	1	0	426	39.9530516431925
A_NA_N1	832	426	G	1	0	426	40.1173708920188
A_NA_N1	833	425	A	2	0	424	40.7547169811321
A_NA_N1	834	427	A	0	0	427	40.2505854800937
A_NA_N1	835	427	T	0	0	427	40.4309133489461
A_NA_N1	836	427	G	0	0	427	39.9976580796253
A_NA_N1	837	425	C	2	0	423	40.531914893617
A_NA_N1	838	427	T	0	0	425	40.6376470588235
A_NA_N1	839	427	C	0	0	427	39.8501170960187
A_NA_N1	840	427	C	0	0	426	39.2910798122066
A_NA_N1	841	426	T	1	0	426	39.5281690140845
A_NA_N1	842	426	G	1	0	426	39.1807511737089
A_NA_N1	843	426	T	1	0	425	39.64
A_NA_N1	844	427	T	0	0	424	39.9127358490566
A_NA_N1	845	427	A	0	0	427	38.7025761124122
A_NA_N1	846	425	C	2	0	425	39.5317647058824
A_NA_N1	847	427	C	0	0	426	39.9389671361502
A_NA_N1	848	427	C	0	0	427	40.440281030445
A_NA_N1	849	426	T	1	0	425	40.3341176470588
A_NA_N1	850	426	G	1	0	426	40.8075117370892
A_NA_N1	851	427	A	0	0	427	40.4754098360656
A_NA_N1	852	427	T	0	0	427	41.1147540983607
A_NA_N1	853	426	T	1	0	426	41.424882629108
A_NA_N1	854	425	C	2	0	423	40.7943262411348
A_NA_N1	855	426	T	1	0	425	41.0447058823529
A_NA_N1	856	427	A	0	0	426	39.0023474178404
A_NA_N1	857	427	G	0	0	427	38.615925058548
A_NA_N1	858	427	T	0	0	426	38.5305164319249
A_NA_N1	859	427	G	0	0	426	38.1924882629108
A_NA_N1	860	427	A	0	0	426	39.0868544600939
A_NA_N1	861	427	A	0	0	427	40.8009367681499
A_NA_N1	862	427	A	0	0	426	41.1009389671362
A_NA_N1	863	427	T	0	0	424	41.3301886792453
A_NA_N1	864	427	C	0	0	426	40.387323943662
A_NA_N1	865	427	A	0	0	427	39.4192037470726
A_NA_N1	866	427	C	0	0	427	38.6885245901639
A_NA_N1	867	427	A	0	0	426	37.5680751173709
A_NA_N1	868	425	T	2	0	425	38.1082352941176
A_NA_N1	869	424	G	2	0	424	38.502358490566
A_NA_N1	870	426	T	0	0	425	38.8494117647059
A_NA_N1	871	426	G	0	0	426	39.7887323943662
A_NA_N1	872	426	T	0	0	426	40.537558685446
A_NA_N1	873	426	G	1	0	426	39.9014084507042
A_NA_N1	874	426	T	1	0	426	39.3896713615023
A_NA_N1	875	439	G	1	0	439	39.6674259681093
A_NA_N1	876	439	C	1	0	438	39.4178082191781
A_NA_N1	877	439	A	1	0	439	38.5671981776765
A_NA_N1	878	439	G	1	0	438	38.7602739726027
A_NA_N1	879	440	G	0	0	440	39.3136363636364
A_NA_N1	880	440	G	0	0	437	39.3615560640732
A_NA_N1	881	440	A	0	0	437	38.8901601830664
A_NA_N1	882	439	T	1	0	439	38.5535307517084
A_NA_N1	883	439	A	1	0	438	37.1278538812785
A_NA_N1	884	439	A	1	0	438	37.2260273972603
A_NA_N1	885	439	T	1	0	437	37.2242562929062
A_NA_N1	886	440	T	0	0	440	37.1954545454545
A_NA_N1	887	438	G	2	0	437	36.5903890160183
A_NA_N1	888	440	G	0	0	440	36.075
A_NA_N1	889	439	C	0	0	436	36.7637614678899
A_NA_N1	890	439	A	0	0	437	36.0137299771167
A_NA_N1	891	440	T	0	0	440	36.5340909090909
A_NA_N1	892	440	G	0	0	439	37.0068337129841
A_NA_N1	893	439	G	1	0	438	38.0502283105023
A_NA_N1	894	438	C	2	0	438	37.189497716895
A_NA_N1	895	439	T	1	0	439	37.1867881548975
A_NA_N1	896	435	C	5	0	428	33.6098130841121
A_NA_N1	897	434	G	6	0	425	30.9435294117647
A_NA_N1	898	439	A	1	0	437	31.9405034324943
A_NA_N1	899	441	A	0	0	440	32.7340909090909
A_NA_N1	900	440	T	1	0	437	33.4370709382151
A_NA_N1	901	436	C	5	0	421	35.0166270783848
A_NA_N1	902	440	G	1	0	430	36.2604651162791
A_NA_N1	903	440	A	1	0	439	36.255125284738
A_NA_N1	904	440	C	1	0	439	36.628701594533
A_NA_N1	905	438	C	3	0	438	36.5867579908676
A_NA_N1	906	438	T	3	0	437	36.8993135011442
A_NA_N1	907	439	T	2	0	438	37.4452054794521
A_NA_N1	908	431	G	8	0	430	35.6348837209302
A_NA_N1	909	436	G	3	0	436	35.8348623853211
A_NA_N1	910	439	G	0	0	439	35.9043280182232
A_NA_N1	911	439	T	0	0	437	37.2265446224256
A_NA_N1	912	439	G	0	0	438	38.2511415525114
A_NA_N1	913	439	T	0	0	437	39.6338672768879
A_NA_N1	914	439	C	0	0	437	38.0228832951945
A_NA_N1	915	437	T	2	0	436	38.6536697247706
A_NA_N1	916	439	T	0	0	438	38.1643835616438
A_NA_N1	917	439	T	0	0	437	37.3615560640732
A_NA_N1	918	439	C	0	0	437	35.8489702517162
A_NA_N1	919	439	A	0	0	431	36
A_NA_N1	920	439	A	0	0	438	36.351598173516
A_NA_N1	921	439	C	0	0	438	37.2853881278539
A_NA_N1	922	438	C	1	0	435	37.8850574712644
A_NA_N1	923	438	A	1	0	438	38.2214611872146
A_NA_N1	924	437	G	2	0	435	39.3977011494253
A_NA_N1	925	439	A	1	0	439	39.6469248291572
A_NA_N1	926	438	A	2	0	437	39.8878718535469
A_NA_N1	927	438	T	2	0	438	39.6415525114155
A_NA_N1	928	439	C	1	0	436	38.9151376146789
A_NA_N1	929	439	T	1	0	438	38.9474885844749
A_NA_N1	930	440	G	0	0	436	37.0596330275229
A_NA_N1	931	440	G	0	0	437	36.7482837528604
A_NA_N1	932	437	A	3	0	436	37.6330275229358
A_NA_N1	933	438	A	2	0	437	38.6155606407323
A_NA_N1	934	437	T	3	0	436	39.5825688073394
A_NA_N1	935	439	A	1	0	439	40.8337129840547
A_NA_N1	936	439	T	1	0	439	41.9544419134396
A_NA_N1	937	439	C	1	0	436	40.704128440367
A_NA_N1	938	439	A	1	0	436	39.3761467889908
A_NA_N1	939	440	G	0	0	438	38.972602739726
A_NA_N1	940	439	A	1	0	439	38.9521640091116
A_NA_N1	941	439	T	1	0	439	39.1799544419134
A_NA_N1	942	438	G	2	0	437	38.9244851258581
A_NA_N1	943	439	G	1	0	439	40.6127562642369
A_NA_N1	944	439	G	1	0	436	40.7087155963303
A_NA_N1	945	439	A	1	0	438	40.6552511415525
A_NA_N1	946	438	T	2	0	438	40.5570776255708
A_NA_N1	947	439	A	1	0	438	39.2077625570776
A_NA_N1	948	440	C	0	0	439	39.1480637813212
A_NA_N1	949	437	A	3	0	437	38.9954233409611
A_NA_N1	950	439	T	2	0	438	39.2351598173516
A_NA_N1	951	439	A	2	0	438	38.1963470319635
A_NA_N1	952	441	T	0	0	441	37.18820861678
A_NA_N1	953	441	G	0	0	439	37.0432801822323
A_NA_N1	954	440	C	1	0	439	36.2300683371298
A_NA_N1	955	441	A	0	0	439	35.0501138952164
A_NA_N1	956	440	G	1	0	439	35.1070615034169
A_NA_N1	957	440	T	1	0	439	36.2710706150342
A_NA_N1	958	440	G	1	0	437	35.045766590389
A_NA_N1	959	441	G	0	0	439	36.2141230068337
A_NA_N1	960	441	G	0	0	441	36.8344671201814
A_NA_N1	961	440	G	1	0	439	36.4054669703872
A_NA_N1	962	438	T	3	0	434	36.7142857142857
A_NA_N1	963	440	T	1	0	440	36.375
A_NA_N1	964	440	T	1	0	440	37.2477272727273
A_NA_N1	965	439	T	2	0	434	36.3571428571429
A_NA_N1	966	429	C	12	0	419	34.3150357995227
A_NA_N1	967	434	G	7	0	429	32.7692307692308
A_NA_N1	968	437	G	4	0	430	32.7255813953488
A_NA_N1	969	439	A	2	0	437	32.7848970251716
A_NA_N1	970	438	G	3	0	434	34.0506912442396
A_NA_N1	971	439	A	2	0	435	36.9310344827586
A_NA_N1	972	435	C	6	0	425	38.5082352941176
A_NA_N1	973	440	A	1	0	435	37.0275862068966
A_NA_N1	974	441	A	0	0	439	37.501138952164
A_NA_N1	975	441	T	0	0	441	38.3968253968254
A_NA_N1	976	436	C	5	0	434	38.8709677419355
A_NA_N1	977	438	C	3	0	434	39.9009216589862
A_NA_N1	978	439	A	2	0	437	39.9450800915332
A_NA_N1	979	441	C	0	0	435	39.4275862068965
A_NA_N1	980	441	G	0	0	439	38.2938496583144
A_NA_N1	981	441	C	0	0	440	38.6340909090909
A_NA_N1	982	441	C	0	0	441	38.3106575963719
A_NA_N1	983	440	C	1	0	440	37.8227272727273
A_NA_N1	984	438	T	3	0	436	38.6582568807339
A_NA_N1	985	441	A	0	0	441	38.7913832199546
A_NA_N1	986	441	A	0	0	440	39.0931818181818
A_NA_N1	987	441	T	0	0	435	38.9402298850575
A_NA_N1	988	441	G	0	0	435	38.9241379310345
A_NA_N1	989	441	A	0	0	440	39.3409090909091
A_NA_N1	990	441	T	0	0	441	39.7278911564626
A_NA_N1	991	440	A	1	0	438	38.703196347032
A_NA_N1	992	439	A	2	0	437	40.1304347826087
A_NA_N1	993	439	G	2	0	435	39.7287356321839
A_NA_N1	994	441	A	0	0	440	39.8136363636364
A_NA_N1	995	439	C	1	0	437	39.9176201372998
A_NA_N1	996	436	A	4	0	436	39.6720183486239
A_NA_N1	997	439	G	1	0	439	38.8337129840547
A_NA_N1	998	440	G	0	0	440	38.7022727272727
A_NA_N1	999	440	C	0	0	440	38.8636363636364
A_NA_N1	1000	440	A	0	0	439	38.0410022779043
A_NA_N1	1001	440	G	0	0	437	38.649885583524
A_NA_N1	1002	439	T	1	0	437	38.1945080091533
A_NA_N1	1003	439	T	1	0	439	37.4669703872437
A_NA_N1	1004	438	G	2	0	438	37.7442922374429
A_NA_N1	1005	440	T	0	0	439	38.0387243735763
A_NA_N1	1006	440	G	0	0	438	36.7876712328767
A_NA_N1	1007	440	G	0	0	440	37.9454545454545
A_NA_N1	1008	440	C	0	0	440	38.2931818181818
A_NA_N1	1009	440	C	0	0	438	38.1689497716895
A_NA_N1	1010	440	C	0	0	438	38.8424657534247
A_NA_N1	1011	440	A	0	0	439	39.2824601366743
A_NA_N1	1012	439	G	1	0	437	39.2036613272311
A_NA_N1	1013	439	T	1	0	437	39.4508009153318
A_NA_N1	1014	440	A	0	0	440	39.3272727272727
A_NA_N1	1015	439	T	1	0	439	39.6810933940775
A_NA_N1	1016	439	C	1	0	429	38.5664335664336
A_NA_N1	1017	438	G	1	0	438	37.0958904109589
A_NA_N1	1018	439	T	0	0	438	37.1278538812785
A_NA_N1	1019	438	C	1	0	435	37.1977011494253
A_NA_N1	1020	439	T	0	0	436	37.052752293578
A_NA_N1	1021	439	A	0	0	438	37.9634703196347
A_NA_N1	1022	439	A	0	0	438	38.3607305936073
A_NA_N1	1023	439	T	0	0	436	39.1628440366973
A_NA_N1	1024	438	G	1	0	435	39.6137931034483
A_NA_N1	1025	439	G	0	0	438	39.8538812785388
A_NA_N1	1026	439	A	0	0	439	39.4715261958998
A_NA_N1	1027	439	G	0	0	439	38.7107061503417
A_NA_N1	1028	439	C	0	0	438	40.5114155251142
A_NA_N1	1029	439	A	0	0	438	39.8812785388128
A_NA_N1	1030	439	A	0	0	439	39.6446469248292
A_NA_N1	1031	438	A	1	0	438	40.2305936073059
A_NA_N1	1032	438	T	1	0	438	41.0821917808219
A_NA_N1	1033	434	G	5	0	433	40.0046189376443
A_NA_N1	1034	437	G	2	0	437	40.2494279176201
A_NA_N1	1035	436	G	3	0	436	40.855504587156
A_NA_N1	1036	437	G	2	0	436	40.5711009174312
A_NA_N1	1037	437	T	2	0	437	40.7757437070938
A_NA_N1	1038	436	A	3	0	436	40.6788990825688
A_NA_N1	1039	438	A	1	0	438	40.837899543379
A_NA_N1	1040	438	A	1	0	437	40.3661327231121
A_NA_N1	1041	436	G	3	0	436	40.3830275229358
A_NA_N1	1042	440	G	0	0	438	40.6141552511416
A_NA_N1	1043	440	G	0	0	440	39.8113636363636
A_NA_N1	1044	440	A	0	0	439	38.7266514806378
A_NA_N1	1045	437	T	3	0	434	38.0253456221198
A_NA_N1	1046	440	T	0	0	440	37.6363636363636
A_NA_N1	1047	440	T	0	0	438	38.1803652968037
A_NA_N1	1048	440	T	0	0	439	39.0660592255125
A_NA_N1	1049	440	C	0	0	437	37.9427917620137
A_NA_N1	1050	440	A	0	0	440	38.3613636363636
A_NA_N1	1051	440	T	0	0	440	38.1454545454545
A_NA_N1	1052	440	T	0	0	438	38.1461187214612
A_NA_N1	1053	440	T	0	0	440	39.1954545454545
A_NA_N1	1054	440	A	0	0	440	38.0477272727273
A_NA_N1	1055	440	A	0	0	439	39.6560364464693
A_NA_N1	1056	440	A	0	0	440	40.1363636363636
A_NA_N1	1057	440	T	0	0	436	39.9380733944954
A_NA_N1	1058	440	A	0	0	440	40
A_NA_N1	1059	440	C	0	0	440	39.7454545454545
A_NA_N1	1060	439	G	1	0	439	37.8861047835991
A_NA_N1	1061	439	G	1	0	439	36.8838268792711
A_NA_N1	1062	439	T	1	0	436	37
A_NA_N1	1063	440	A	0	0	440	36.4522727272727
A_NA_N1	1064	439	A	1	0	439	37.0273348519362
A_NA_N1	1065	439	T	1	0	438	39.337899543379
A_NA_N1	1066	440	G	0	0	439	38.1184510250569
A_NA_N1	1067	441	G	0	0	441	37.2448979591837
A_NA_N1	1068	441	T	0	0	440	39.1181818181818
A_NA_N1	1069	441	G	0	0	441	38.687074829932
A_NA_N1	1070	441	T	0	0	441	38.6689342403628
A_NA_N1	1071	441	T	0	0	440	38.2
A_NA_N1	1072	441	T	0	0	441	37.7981859410431
A_NA_N1	1073	440	G	1	0	435	36.4896551724138
A_NA_N1	1074	441	G	0	0	436	35.8233944954128
A_NA_N1	1075	441	A	0	0	441	35.0113378684807
A_NA_N1	1076	440	T	1	0	438	36.0342465753425
A_NA_N1	1077	440	A	1	0	438	36.4520547945205
A_NA_N1	1078	440	G	1	0	438	38.3264840182648
A_NA_N1	1079	440	G	1	0	440	38.8727272727273
A_NA_N1	1080	441	G	0	0	440	38.6840909090909
A_NA_N1	1081	441	A	0	0	438	38.3972602739726
A_NA_N1	1082	440	G	1	0	438	38.8059360730594
A_NA_N1	1083	441	A	0	0	435	38.351724137931
A_NA_N1	1084	440	A	1	0	435	38.0988505747126
A_NA_N1	1085	440	C	1	0	436	36.6880733944954
A_NA_N1	1086	440	T	1	0	438	36.4383561643836
A_NA_N1	1087	435	A	6	0	431	35.9303944315545
A_NA_N1	1088	441	A	0	0	441	36.3877551020408
A_NA_N1	1089	441	G	0	0	437	35.7826086956522
A_NA_N1	1090	440	A	1	0	439	36.6583143507973
A_NA_N1	1091	441	G	0	0	440	38.4204545454545
A_NA_N1	1092	440	C	1	0	439	39.9567198177677
A_NA_N1	1093	441	A	0	0	439	38.6332574031891
A_NA_N1	1094	441	T	0	0	440	40.45
A_NA_N1	1095	441	T	0	0	441	40.5238095238095
A_NA_N1	1096	441	A	0	0	440	38.05
A_NA_N1	1097	441	G	0	0	441	38.2925170068027
A_NA_N1	1098	440	T	1	0	440	38.5636363636364
A_NA_N1	1099	441	T	0	0	440	39.2068181818182
A_NA_N1	1100	435	C	6	0	432	38.2662037037037
A_NA_N1	1101	436	A	5	0	433	37.9538106235566
A_NA_N1	1102	440	A	1	0	439	36.7813211845102
A_NA_N1	1103	440	G	1	0	438	36.7808219178082
A_NA_N1	1104	439	A	2	0	439	37.2186788154898
A_NA_N1	1105	441	A	0	0	441	38.4671201814059
A_NA_N1	1106	441	A	0	0	440	39.9090909090909
A_NA_N1	1107	441	A	0	0	440	40.9818181818182
A_NA_N1	1108	441	G	0	0	441	39.8344671201814
A_NA_N1	1109	441	G	0	0	439	40.1640091116173
A_NA_N1	1110	441	T	0	0	440	39.0772727272727
A_NA_N1	1111	441	T	0	0	440	38.5386363636364
A_NA_N1	1112	441	T	0	0	441	38.7936507936508
A_NA_N1	1113	441	T	0	0	441	38.6009070294785
A_NA_N1	1114	440	G	1	0	439	38.7289293849658
A_NA_N1	1115	440	A	1	0	440	39.2886363636364
A_NA_N1	1116	440	G	1	0	439	38.2665148063781
A_NA_N1	1117	441	A	0	0	440	38.1363636363636
A_NA_N1	1118	441	T	0	0	440	38.7045454545455
A_NA_N1	1119	441	G	0	0	438	38.0730593607306
A_NA_N1	1120	441	A	0	0	440	38.1727272727273
A_NA_N1	1121	438	T	3	0	436	38.3463302752294
A_NA_N1	1122	440	T	1	0	439	38.2642369020501
A_NA_N1	1123	440	T	1	0	438	37.9223744292237
A_NA_N1	1124	437	G	4	0	436	36.552752293578
A_NA_N1	1125	441	G	0	0	440	37.8
A_NA_N1	1126	441	G	0	0	437	37.604118993135
A_NA_N1	1127	440	A	1	0	440	37.3090909090909
A_NA_N1	1128	440	T	1	0	440	37.8659090909091
A_NA_N1	1129	439	C	2	0	435	37.0528735632184
A_NA_N1	1130	439	C	1	0	439	36.503416856492
A_NA_N1	1131	437	G	3	0	430	35.1627906976744
A_NA_N1	1132	440	A	0	0	438	34.2397260273973
A_NA_N1	1133	439	A	1	0	437	33.8489702517162
A_NA_N1	1134	439	T	1	0	439	34.5671981776765
A_NA_N1	1135	439	G	1	0	438	34.365296803653
A_NA_N1	1136	440	G	0	0	438	35.5022831050228
A_NA_N1	1137	440	A	0	0	438	36.1735159817352
A_NA_N1	1138	440	T	0	0	440	36.1840909090909
A_NA_N1	1139	440	G	0	0	439	34.6856492027335
A_NA_N1	1140	439	G	1	0	437	35.3455377574371
A_NA_N1	1141	439	A	1	0	439	35.5353075170843
A_NA_N1	1142	436	C	4	0	435	35.2597701149425
A_NA_N1	1143	439	T	1	0	438	35.5570776255708
A_NA_N1	1144	438	G	2	0	437	35.4645308924485
A_NA_N1	1145	440	G	0	0	439	36.1753986332574
A_NA_N1	1146	440	G	0	0	437	36.8489702517162
A_NA_N1	1147	440	A	0	0	439	37.7289293849658
A_NA_N1	1148	439	C	1	0	435	38.5954022988506
A_NA_N1	1149	440	T	1	0	436	38.3692660550459
A_NA_N1	1150	440	G	1	0	433	37.7875288683603
A_NA_N1	1151	439	A	2	0	439	37.8154897494305
A_NA_N1	1152	438	C	3	0	435	38.4183908045977
A_NA_N1	1153	439	A	2	0	438	38.5821917808219
A_NA_N1	1154	440	A	1	0	439	40.2574031890661
A_NA_N1	1155	440	T	1	0	435	40.2344827586207
A_NA_N1	1156	440	A	1	0	440	39.5409090909091
A_NA_N1	1157	440	A	1	0	438	38.972602739726
A_NA_N1	1158	440	A	1	0	437	39.3844393592677
A_NA_N1	1159	437	T	4	0	435	38.2574712643678
A_NA_N1	1160	439	T	2	0	439	38.8678815489749
A_NA_N1	1161	438	C	3	0	438	37.9132420091324
A_NA_N1	1162	439	T	2	0	439	39.0683371298405
A_NA_N1	1163	439	C	2	0	433	36.7806004618938
A_NA_N1	1164	434	A	7	0	429	34.8275058275058
A_NA_N1	1165	438	A	3	0	437	35.3981693363844
A_NA_N1	1166	438	A	3	0	437	35.5400457665904
A_NA_N1	1167	439	A	2	0	439	36.2847380410023
A_NA_N1	1168	440	A	1	0	439	42.5398633257403
A_NA_N1	1169	441	A	0	0	441	41.6643990929705
A_NA_N1	1170	441	G	0	0	439	40.8132118451025
A_NA_N1	1171	439	C	2	0	436	39.6192660550459
A_NA_N1	1172	439	A	2	0	437	39.1189931350114
A_NA_N1	1173	440	A	1	0	438	38.0890410958904
A_NA_N1	1174	440	G	1	0	439	38.7653758542141
A_NA_N1	1175	440	A	1	0	439	39.0751708428246
A_NA_N1	1176	440	T	1	0	440	39.6386363636364
A_NA_N1	1177	441	A	0	0	438	38.0821917808219
A_NA_N1	1178	441	T	0	0	440	38.5159090909091
A_NA_N1	1179	441	T	0	0	441	38.687074829932
A_NA_N1	1180	441	G	0	0	441	38.1904761904762
A_NA_N1	1181	441	T	0	0	440	37.9568181818182
A_NA_N1	1182	441	A	0	0	441	36.7755102040816
A_NA_N1	1183	440	G	1	0	438	38.2077625570776
A_NA_N1	1184	441	G	0	0	441	37.2993197278912
A_NA_N1	1185	441	G	0	0	441	38.3764172335601
A_NA_N1	1186	441	A	0	0	438	39.4794520547945
A_NA_N1	1187	441	T	0	0	437	39.9267734553776
A_NA_N1	1188	440	A	1	0	439	38.4054669703872
A_NA_N1	1189	441	A	0	0	438	39.3287671232877
A_NA_N1	1190	441	A	0	0	441	38.4580498866213
A_NA_N1	1191	441	T	0	0	441	39.4240362811791
A_NA_N1	1192	441	G	0	0	434	36.7165898617512
A_NA_N1	1193	441	A	0	0	440	36.6522727272727
A_NA_N1	1194	441	G	0	0	441	35.9024943310658
A_NA_N1	1195	441	T	0	0	441	35.8095238095238
A_NA_N1	1196	440	G	0	0	439	34.9567198177677
A_NA_N1	1197	440	G	0	0	438	37.5707762557078
A_NA_N1	1198	440	T	0	0	438	37.3858447488584
A_NA_N1	1199	440	C	0	0	439	36.2004555808656
A_NA_N1	1200	440	A	0	0	440	35.9363636363636
A_NA_N1	1201	440	G	0	0	440	37.2409090909091
A_NA_N1	1202	440	G	0	0	439	37.8974943052392
A_NA_N1	1203	440	G	0	0	439	38.7175398633257
A_NA_N1	1204	440	T	0	0	440	39.7681818181818
A_NA_N1	1205	440	A	0	0	440	40.0568181818182
A_NA_N1	1206	440	T	0	0	440	39.9090909090909
A_NA_N1	1207	441	A	0	0	440	38.1954545454545
A_NA_N1	1208	441	G	0	0	441	38.2154195011338
A_NA_N1	1209	441	C	0	0	440	37.6181818181818
A_NA_N1	1210	439	G	2	0	434	36.4769585253456
A_NA_N1	1211	441	G	0	0	441	36.6417233560091
A_NA_N1	1212	441	G	0	0	441	37.0453514739229
A_NA_N1	1213	441	A	0	0	437	38.0205949656751
A_NA_N1	1214	440	G	1	0	438	39.541095890411
A_NA_N1	1215	438	T	3	0	432	40.1597222222222
A_NA_N1	1216	441	T	0	0	439	40.3120728929385
A_NA_N1	1217	441	T	0	0	440	40.4477272727273
A_NA_N1	1218	440	T	1	0	439	40.2095671981777
A_NA_N1	1219	439	G	2	0	437	38.9771167048055
A_NA_N1	1220	435	T	6	0	434	38.7027649769585
A_NA_N1	1221	441	T	0	0	438	36.6872146118721
A_NA_N1	1222	441	C	0	0	434	32.3018433179723
A_NA_N1	1223	441	A	0	0	439	31.7881548974943
A_NA_N1	1224	441	G	0	0	439	34.2938496583144
A_NA_N1	1225	441	C	0	0	441	36.2993197278912
A_NA_N1	1226	441	A	0	0	440	37.5386363636364
A_NA_N1	1227	441	T	0	0	441	39.5034013605442
A_NA_N1	1228	441	C	0	0	441	39.1519274376417
A_NA_N1	1229	441	C	0	0	441	39.5102040816327
A_NA_N1	1230	441	A	0	0	441	38.0498866213152
A_NA_N1	1231	441	G	0	0	440	38.6386363636364
A_NA_N1	1232	441	A	0	0	441	40.5714285714286
A_NA_N1	1233	441	A	0	0	440	40.6840909090909
A_NA_N1	1234	441	C	0	0	440	40.6659090909091
A_NA_N1	1235	441	T	0	0	440	40.7954545454545
A_NA_N1	1236	440	A	1	0	439	39.874715261959
A_NA_N1	1237	440	A	1	0	439	40.2665148063781
A_NA_N1	1238	440	C	1	0	439	39.8929384965831
A_NA_N1	1239	441	A	0	0	441	39.8934240362812
A_NA_N1	1240	441	G	0	0	441	40.3673469387755
A_NA_N1	1241	441	G	0	0	439	40.3530751708428
A_NA_N1	1242	441	G	0	0	439	40.3644646924829
A_NA_N1	1243	441	C	0	0	439	40.1161731207289
A_NA_N1	1244	441	T	0	0	439	40.751708428246
A_NA_N1	1245	440	G	1	0	438	38.6232876712329
A_NA_N1	1246	441	A	0	0	441	40.0634920634921
A_NA_N1	1247	441	A	0	0	441	40.2993197278912
A_NA_N1	1248	441	T	0	0	440	40.4204545454545
A_NA_N1	1249	441	T	0	0	441	41.3514739229025
A_NA_N1	1250	441	G	0	0	441	40.6009070294785
A_NA_N1	1251	439	T	2	0	439	40.756264236902
A_NA_N1	1252	439	A	2	0	438	39.4200913242009
A_NA_N1	1253	440	T	1	0	440	38.1681818181818
A_NA_N1	1254	436	A	5	0	436	37.4793577981651
A_NA_N1	1255	440	A	1	0	439	37.0615034168565
A_NA_N1	1256	441	G	0	0	439	36.5535307517084
A_NA_N1	1257	441	A	0	0	441	36.7777777777778
A_NA_N1	1258	441	C	0	0	440	38.3090909090909
A_NA_N1	1259	441	C	0	0	441	37.9251700680272
A_NA_N1	1260	441	T	1	0	440	39.1909090909091
A_NA_N1	1261	442	T	0	0	441	38.9931972789116
A_NA_N1	1262	442	G	0	0	442	37.6266968325792
A_NA_N1	1263	442	C	0	0	441	36.7074829931973
A_NA_N1	1264	442	T	0	0	442	38.5475113122172
A_NA_N1	1265	442	T	0	0	440	38.5659090909091
A_NA_N1	1266	442	C	0	0	440	37.6272727272727
A_NA_N1	1267	442	T	0	0	441	37.5691609977324
A_NA_N1	1268	443	G	0	0	441	36.2267573696145
A_NA_N1	1269	443	G	0	0	443	36.2799097065463
A_NA_N1	1270	443	G	0	0	442	36.4502262443439
A_NA_N1	1271	443	T	0	0	442	37.6380090497738
A_NA_N1	1272	443	T	0	0	440	38.4840909090909
A_NA_N1	1273	443	G	0	0	439	37.2209567198178
A_NA_N1	1274	443	A	0	0	443	37.4537246049661
A_NA_N1	1275	443	A	0	0	443	37.1828442437923
A_NA_N1	1276	443	C	0	0	442	37.1493212669683
A_NA_N1	1277	443	T	0	0	440	36.8727272727273
A_NA_N1	1278	441	A	2	0	431	35.4524361948956
A_NA_N1	1279	441	A	2	0	441	34.4421768707483
A_NA_N1	1280	441	T	2	0	440	31.1886363636364
A_NA_N1	1281	428	A	15	0	423	30.274231678487
A_NA_N1	1282	437	A	6	0	436	28.1376146788991
A_NA_N1	1283	438	G	5	0	437	27.1533180778032
A_NA_N1	1284	440	A	3	0	438	27.5296803652968
A_NA_N1	1285	443	G	0	0	443	30.5733634311512
A_NA_N1	1286	443	G	0	0	442	32.7013574660633
A_NA_N1	1287	441	A	2	0	441	32.6893424036281
A_NA_N1	1288	441	C	2	0	441	33.7687074829932
A_NA_N1	1289	441	G	2	0	429	31.6620046620047
A_NA_N1	1290	442	A	1	0	441	31.3764172335601
A_NA_N1	1291	437	C	6	0	434	32.2741935483871
A_NA_N1	1292	442	C	1	0	441	31.8639455782313
A_NA_N1	1293	441	C	2	0	440	32.1431818181818
A_NA_N1	1294	428	G	15	0	410	33.1317073170732
A_NA_N1	1295	434	A	9	0	433	33.3140877598152
A_NA_N1	1296	438	A	5	0	438	34.2762557077626
A_NA_N1	1297	436	G	7	0	435	34.1563218390805
A_NA_N1	1298	444	A	0	0	443	35.783295711061
A_NA_N1	1299	444	G	0	0	437	37.9313501144165
A_NA_N1	1300	439	A	5	0	438	37.7671232876712
A_NA_N1	1301	443	A	1	0	442	37.0158371040724
A_NA_N1	1302	442	C	2	0	440	38.2340909090909
A_NA_N1	1303	443	A	1	0	440	37.5613636363636
A_NA_N1	1304	442	C	1	0	439	38.1662870159453
A_NA_N1	1305	443	A	0	0	443	38.4943566591422
A_NA_N1	1306	443	A	0	0	442	37.9140271493213
A_NA_N1	1307	442	T	1	0	442	37.4932126696833
A_NA_N1	1308	441	C	2	0	439	38.0683371298405
A_NA_N1	1309	443	T	0	0	441	39.4263038548753
A_NA_N1	1310	443	G	0	0	442	39.3506787330317
A_NA_N1	1311	443	G	0	0	442	39.5113122171946
A_NA_N1	1312	443	A	0	0	443	39.8306997742664
A_NA_N1	1313	443	C	0	0	443	40.0112866817156
A_NA_N1	1314	443	T	0	0	443	39.9751693002257
A_NA_N1	1315	443	A	0	0	443	39.3498871331828
A_NA_N1	1316	443	G	0	0	443	39.7223476297968
A_NA_N1	1317	443	C	0	0	443	39.8194130925508
A_NA_N1	1318	441	G	2	0	441	38.8412698412698
A_NA_N1	1319	443	G	0	0	443	39.3227990970655
A_NA_N1	1320	443	G	0	0	440	39.0545454545455
A_NA_N1	1321	443	A	0	0	443	39.4537246049661
A_NA_N1	1322	442	G	1	0	442	39.6900452488688
A_NA_N1	1323	442	C	1	0	442	40.8868778280543
A_NA_N1	1324	443	A	0	0	440	40.1113636363636
A_NA_N1	1325	443	G	0	0	442	40.1018099547511
A_NA_N1	1326	443	C	0	0	443	39.2979683972912
A_NA_N1	1327	443	A	0	0	441	40.3832199546485
A_NA_N1	1328	443	T	0	0	442	40.079185520362
A_NA_N1	1329	443	A	0	0	440	39.5545454545455
A_NA_N1	1330	443	T	0	0	442	39.0180995475113
A_NA_N1	1331	443	C	0	0	440	38.2340909090909
A_NA_N1	1332	443	C	0	0	442	38.1493212669683
A_NA_N1	1333	441	T	2	0	440	38.2
A_NA_N1	1334	443	T	0	0	443	38.8803611738149
A_NA_N1	1335	443	T	0	0	443	41.2099322799097
A_NA_N1	1336	443	T	0	0	443	41.6591422121896
A_NA_N1	1337	442	G	1	0	442	39.6108597285068
A_NA_N1	1338	442	T	1	0	442	41.1153846153846
A_NA_N1	1339	442	G	1	0	442	40.6244343891403
A_NA_N1	1340	442	G	1	0	442	40.5294117647059
A_NA_N1	1341	443	T	0	0	442	40.2420814479638
A_NA_N1	1342	443	G	0	0	443	40.607223476298
A_NA_N1	1343	443	T	0	0	442	40.7737556561086
A_NA_N1	1344	443	A	0	0	442	39.9095022624434
A_NA_N1	1345	443	G	0	0	441	39.5963718820862
A_NA_N1	1346	443	A	0	0	443	38.6388261851016
A_NA_N1	1347	443	C	0	0	442	38.7873303167421
A_NA_N1	1348	443	A	0	0	442	38.1696832579185
A_NA_N1	1349	443	G	0	0	442	38.4162895927602
A_NA_N1	1350	443	T	0	0	443	39.2799097065463
A_NA_N1	1351	443	G	0	0	441	39.4716553287982
A_NA_N1	1352	442	A	1	0	438	39.1392694063927
A_NA_N1	1353	442	C	1	0	441	39.4013605442177
A_NA_N1	1354	441	A	2	0	439	38.8359908883827
A_NA_N1	1355	440	T	3	0	440	38.8363636363636
A_NA_N1	1356	441	T	2	0	440	38.5363636363636
A_NA_N1	1357	443	A	0	0	442	37.5361990950226
A_NA_N1	1358	443	T	0	0	442	37.9751131221719
A_NA_N1	1359	442	G	1	0	441	37.0181405895692
A_NA_N1	1360	443	G	0	0	443	37.1873589164786
A_NA_N1	1361	443	G	0	0	443	36.2257336343115
A_NA_N1	1362	443	T	0	0	442	36.8190045248869
A_NA_N1	1363	443	T	0	0	441	37.1904761904762
A_NA_N1	1364	443	G	0	0	442	36.7013574660633
A_NA_N1	1365	443	G	0	0	443	36.4672686230248
A_NA_N1	1366	438	T	5	0	435	37.7149425287356
A_NA_N1	1367	442	C	1	0	439	36.9749430523918
A_NA_N1	1368	441	T	2	0	440	37.0431818181818
A_NA_N1	1369	439	T	4	0	439	37.2984054669704
A_NA_N1	1370	438	G	5	0	437	35.5217391304348
A_NA_N1	1371	438	G	4	0	438	35.8607305936073
A_NA_N1	1372	436	C	5	0	436	36.8279816513761
A_NA_N1	1373	437	C	4	0	431	37.4083526682135
A_NA_N1	1374	438	A	3	0	437	37.8489702517162
A_NA_N1	1375	439	G	2	0	428	38.9439252336449
A_NA_N1	1376	440	A	1	0	439	39.1435079726651
A_NA_N1	1377	439	C	2	0	436	39.4977064220183
A_NA_N1	1378	439	G	2	0	435	38.5218390804598
A_NA_N1	1379	440	G	1	0	440	38.6545454545455
A_NA_N1	1380	441	T	0	0	440	38.4704545454545
A_NA_N1	1381	440	G	1	0	438	38.7054794520548
A_NA_N1	1382	440	C	1	0	438	39.4885844748858
A_NA_N1	1383	440	T	1	0	433	40.2332563510393
A_NA_N1	1384	438	G	3	0	429	37.997668997669
A_NA_N1	1385	441	A	0	0	439	37.1025056947608
A_NA_N1	1386	440	G	1	0	438	37.0936073059361
A_NA_N1	1387	440	T	1	0	438	37.4063926940639
A_NA_N1	1388	441	T	0	0	441	37.0272108843537
A_NA_N1	1389	440	G	1	0	440	37.8636363636364
A_NA_N1	1390	440	C	1	0	438	38.37899543379
A_NA_N1	1391	440	C	1	0	439	39.6788154897494
A_NA_N1	1392	441	A	0	0	441	40.859410430839
A_NA_N1	1393	441	T	0	0	440	41.2977272727273
A_NA_N1	1394	441	T	0	0	441	41.124716553288
A_NA_N1	1395	441	C	0	0	440	41.475
A_NA_N1	1396	441	A	0	0	441	41.2199546485261
A_NA_N1	1397	441	C	0	0	441	40.8798185941043
A_NA_N1	1398	440	C	0	0	439	40.3348519362187
A_NA_N1	1399	440	A	0	0	439	40.3416856492027
A_NA_N1	1400	440	T	0	0	440	40.2613636363636
A_NA_N1	1401	440	T	0	0	440	39.9204545454545
A_NA_N1	1402	439	G	1	0	438	39.4908675799087
A_NA_N1	1403	438	A	1	0	438	39.1324200913242
A_NA_N1	1404	439	C	0	0	439	38.8542141230068
A_NA_N1	1405	439	A	0	0	439	37.8587699316629
A_NA_N1	1406	437	A	0	0	437	38.1281464530892
A_NA_N1	1407	437	T	0	0	437	38.1006864988558
A_NA_N1	1408	437	T	0	0	437	39.1830663615561
A_NA_N1	1409	435	A	0	0	435	39.1126436781609
A_NA_N1	1410	435	A	0	0	435	38.3655172413793
