Reference_Name	Position	Coverage Depth	Consensus	Deletions	Ambiguous	Consensus_Count	Consensus_Average_Quality
A_NS	1	2830	A	0	0	2830	40.2975265017668
A_NS	2	2836	T	0	0	2836	39.9312411847673
A_NS	3	2838	G	0	0	2838	39.7952783650458
A_NS	4	2847	G	0	0	2844	39.4729254571027
A_NS	5	2853	A	0	0	2850	39.239298245614
A_NS	6	2854	A	0	0	2852	39.0753856942496
A_NS	7	2855	T	0	0	2853	39.3179109709078
A_NS	8	2856	C	0	0	2847	38.9912188268353
A_NS	9	2859	C	0	0	2856	39.0829831932773
A_NS	10	2862	A	0	0	2857	38.3234161708085
A_NS	11	2861	A	1	0	2861	38.094023068857
A_NS	12	2861	C	1	0	2860	38.5832167832168
A_NS	13	2862	A	1	0	2845	38.3936731107206
A_NS	14	2863	C	0	0	2862	38.8584905660377
A_NS	15	2864	C	0	0	2864	39.0310754189944
A_NS	16	2866	A	1	0	2856	39.1453081232493
A_NS	17	2867	T	2	0	2865	39.2495636998255
A_NS	18	2867	G	3	0	2862	39.735499650594
A_NS	19	2868	T	2	0	2862	40.4311670160727
A_NS	20	2861	C	9	0	2854	39.4124036440084
A_NS	21	2866	A	4	0	2849	39.9417339417339
A_NS	22	2867	A	3	0	2862	40.2068483577918
A_NS	23	2865	G	5	0	2859	40.2644281217209
A_NS	24	2868	C	3	0	2858	40.3862841147656
A_NS	25	2840	T	31	0	2836	39.2482369534556
A_NS	26	2862	T	9	0	2860	39.5346153846154
A_NS	27	2864	T	7	0	2860	38.7496503496504
A_NS	28	2850	C	21	0	2835	35.2183421516755
A_NS	29	2867	A	4	0	2846	36.172171468728
A_NS	30	2869	G	2	0	2868	36.542189679219
A_NS	31	2871	G	1	0	2869	37.0951551063088
A_NS	32	2871	T	1	0	2866	37.7972784368458
A_NS	33	2867	A	5	0	2854	39.5543097407148
A_NS	34	2865	G	7	0	2853	39.9001051524711
A_NS	35	2871	A	1	0	2852	40.0164796633941
A_NS	36	2870	C	2	0	2860	39.9996503496504
A_NS	37	2872	T	1	0	2871	40.3580633925461
A_NS	38	2871	G	2	0	2860	39.929020979021
A_NS	39	2858	T	15	0	2849	40.0968760968761
A_NS	40	2869	T	4	0	2867	39.1761423090338
A_NS	41	2869	T	4	0	2868	39.0568340306834
A_NS	42	2869	T	4	0	2863	38.6636395389452
A_NS	43	2869	C	4	0	2847	36.0663856691254
A_NS	44	2745	T	128	0	2725	36.5666055045872
A_NS	45	2870	T	3	0	2867	37.0062783397279
A_NS	46	2868	T	6	0	2867	35.8465294733171
A_NS	47	2862	G	12	0	2858	31.8058082575227
A_NS	48	2871	G	4	0	2868	33.7245467224547
A_NS	49	2873	C	2	0	2866	40.3586880669923
A_NS	50	2871	A	4	0	2866	39.8691556175855
A_NS	51	2869	T	6	0	2859	40.9059111577475
A_NS	52	2871	A	4	0	2862	40.4982529699511
A_NS	53	2871	T	4	0	2864	40.5670391061453
A_NS	54	2872	T	3	0	2864	40.9846368715084
A_NS	55	2858	C	17	0	2847	40.2813487881981
A_NS	56	2866	G	9	0	2856	39.8186274509804
A_NS	57	2873	C	2	0	2863	40.0101292350681
A_NS	58	2871	A	4	0	2862	39.8022361984626
A_NS	59	2871	A	4	0	2860	40.0255244755245
A_NS	60	2871	G	4	0	2864	40.7569832402235
A_NS	61	2875	C	1	0	2864	40.2046089385475
A_NS	62	2870	G	6	0	2850	38.7133333333333
A_NS	63	2875	A	1	0	2871	38.2044583768722
A_NS	64	2875	T	1	0	2868	38.6251743375174
A_NS	65	2875	T	1	0	2864	38.4525139664804
A_NS	66	2876	T	0	0	2873	40.167768882701
A_NS	67	2872	G	4	0	2863	40.6584002794272
A_NS	68	2872	C	4	0	2861	40.8416637539322
A_NS	69	2872	A	4	0	2863	40.1795319594831
A_NS	70	2872	G	4	0	2860	40.5370629370629
A_NS	71	2872	A	4	0	2867	40.4077432856645
A_NS	72	2867	C	9	0	2853	40.5460918331581
A_NS	73	2876	A	0	0	2867	38.8869898848971
A_NS	74	2876	A	0	0	2871	38.443399512365
A_NS	75	2876	T	0	0	2873	37.902540898016
A_NS	76	2872	G	4	0	2868	37.4055090655509
A_NS	77	2875	G	2	0	2871	37.801114594218
A_NS	78	2876	A	1	0	2871	38.2438174851968
A_NS	79	2876	T	1	0	2870	39.5306620209059
A_NS	80	2877	T	0	0	2837	39.9971801198449
A_NS	81	2861	G	16	0	2852	39.3783309957924
A_NS	82	2878	G	0	0	2875	39.432347826087
A_NS	83	2878	G	0	0	2872	39.0943593314763
A_NS	84	2877	T	1	0	2866	39.0390788555478
A_NS	85	2874	G	4	0	2853	39.1384507535927
A_NS	86	2877	A	1	0	2867	39.7160795256366
A_NS	87	2877	T	1	0	2860	39.565034965035
A_NS	88	2874	G	4	0	2866	38.8471737613398
A_NS	89	2787	C	91	0	2774	38.8248017303533
A_NS	90	2870	C	8	0	2866	37.3897418004187
A_NS	91	2875	C	3	0	2873	37.8096066829099
A_NS	92	2874	C	4	0	2851	34.5156085584006
A_NS	93	2872	A	6	0	2856	31.2734593837535
A_NS	94	2874	T	4	0	2868	32.8664574616457
A_NS	95	2874	T	4	0	2861	33.1663753932192
A_NS	96	2876	C	2	0	2863	32.6601466992665
A_NS	97	2877	C	1	0	2870	34.2550522648084
A_NS	98	2874	T	4	0	2868	36.1345885634589
A_NS	99	2869	C	9	0	2840	35.8764084507042
A_NS	100	2800	G	78	0	2766	35.3054953000723
A_NS	101	2877	A	1	0	2875	35.4267826086957
A_NS	102	2877	T	1	0	2873	36.8357117995127
A_NS	103	2875	C	3	0	2851	37.7236057523676
A_NS	104	2874	G	4	0	2869	38.5099337748344
A_NS	105	2874	G	4	0	2871	39.1114594218042
A_NS	106	2874	C	4	0	2873	39.6432300730943
A_NS	107	2876	T	2	0	2875	38.976
A_NS	108	2871	A	6	0	2858	38.9191742477257
A_NS	109	2873	C	4	0	2869	38.9295921924015
A_NS	110	2873	G	4	0	2868	38.0163877266388
A_NS	111	2872	C	5	0	2868	38.53940027894
A_NS	112	2873	C	4	0	2865	38.7183246073298
A_NS	113	2869	G	8	0	2856	38.4334733893557
A_NS	114	2872	A	5	0	2867	37.9700034879665
A_NS	115	2870	G	7	0	2858	38.0255423372988
A_NS	116	2874	A	3	0	2869	37.383060299756
A_NS	117	2871	T	5	0	2868	38.3668061366806
A_NS	118	2871	C	5	0	2860	37.1846153846154
A_NS	119	2850	A	26	0	2843	35.3791769257826
A_NS	120	2871	A	5	0	2859	35.8219657222805
A_NS	121	2871	A	5	0	2869	37.6531892645521
A_NS	122	2864	A	12	0	2854	38.7196916608269
A_NS	123	2859	G	16	0	2853	39.5005257623554
A_NS	124	2860	T	15	0	2856	39.171568627451
A_NS	125	2858	C	17	0	2853	35.4563617245005
A_NS	126	2854	C	21	0	2847	34.7242711626273
A_NS	127	2857	T	18	0	2849	37.6170586170586
A_NS	128	2862	T	13	0	2852	39.007713884993
A_NS	129	2795	A	80	0	2772	36.6958874458874
A_NS	130	2875	A	0	0	2875	37.8688695652174
A_NS	131	2870	A	5	0	2864	38.3603351955307
A_NS	132	2861	G	15	0	2853	38.366281107606
A_NS	133	2875	G	1	0	2873	40.3250957187609
A_NS	134	2874	G	2	0	2866	41.1667829727844
A_NS	135	2867	A	9	0	2855	40.1481611208406
A_NS	136	2871	A	5	0	2869	41.9445799930289
A_NS	137	2875	G	1	0	2865	41.4987783595113
A_NS	138	2863	A	12	0	2851	41.114696597685
A_NS	139	2874	G	1	0	2868	41.25
A_NS	140	2873	G	2	0	2871	41.5572971090212
A_NS	141	2869	C	6	0	2858	41.5811756473058
A_NS	142	2867	A	8	0	2857	40.6877843892195
A_NS	143	2873	A	2	0	2866	41.1144452198186
A_NS	144	2870	C	5	0	2863	40.9528466643381
A_NS	145	2870	A	6	0	2863	39.65630457562
A_NS	146	2865	C	10	0	2862	39.7396925227114
A_NS	147	2871	C	3	0	2869	40.4813523875915
A_NS	148	2876	C	1	0	2875	40.2566956521739
A_NS	149	2865	T	12	0	2860	39.2671328671329
A_NS	150	2874	T	3	0	2859	39.2210563133963
A_NS	151	2871	G	5	0	2825	36.2046017699115
A_NS	152	2873	G	3	0	2867	36.0725497035228
A_NS	153	2874	C	2	0	2868	36.4905857740586
A_NS	154	2876	C	1	0	2874	37.3107167710508
A_NS	155	2877	T	0	0	2871	38.4587251828631
A_NS	156	2871	C	6	0	2853	40.1503680336488
A_NS	157	2872	G	3	0	2857	37.9229961498075
A_NS	158	2871	A	4	0	2868	37.9354951185495
A_NS	159	2874	C	1	0	2872	38.20856545961
A_NS	160	2875	A	0	0	2868	37.3291492329149
A_NS	161	2875	T	0	0	2870	38.7679442508711
A_NS	162	2872	C	3	0	2862	39.382250174703
A_NS	163	2868	A	7	0	2854	38.8118430273301
A_NS	164	2874	A	1	0	2872	39.5766016713092
A_NS	165	2874	A	1	0	2869	40.6671314046706
A_NS	166	2873	A	1	0	2867	40.779560516219
A_NS	167	2872	C	2	0	2865	41.2757417102967
A_NS	168	2872	A	2	0	2861	41.4243271583362
A_NS	169	2873	G	1	0	2873	40.7848938391925
A_NS	170	2874	C	0	0	2873	41.1305255830143
A_NS	171	2873	C	1	0	2870	40.6170731707317
A_NS	172	2873	A	1	0	2862	40.2578616352201
A_NS	173	2872	C	2	0	2864	40.2915502793296
A_NS	174	2871	T	3	0	2867	40.5444715730729
A_NS	175	2874	C	0	0	2866	40.3527564549895
A_NS	176	2861	T	13	0	2857	41.3458172908645
A_NS	177	2869	T	5	0	2864	41.2189245810056
A_NS	178	2867	G	7	0	2852	40.148667601683
A_NS	179	2866	T	8	0	2863	41.2476423332169
A_NS	180	2870	T	4	0	2863	41.979042961928
A_NS	181	2860	G	12	0	2856	40.640056022409
A_NS	182	2870	G	2	0	2868	41.4965132496513
A_NS	183	2871	G	1	0	2866	41.6943475226797
A_NS	184	2870	A	2	0	2869	41.7389334262809
A_NS	185	2871	A	1	0	2867	43.2061388210673
A_NS	186	2871	A	1	0	2870	43.2738675958188
A_NS	187	2870	C	1	0	2864	41.7817737430168
A_NS	188	2870	A	0	0	2868	40.8106694560669
A_NS	189	2870	A	0	0	2866	42.0819958129798
A_NS	190	2869	A	1	0	2868	41.6080892608089
A_NS	191	2866	T	4	0	2858	41.0129461161652
A_NS	192	2867	T	3	0	2865	41.0949389179756
A_NS	193	2866	G	3	0	2864	40.9902234636872
A_NS	194	2868	T	1	0	2864	41.3659217877095
A_NS	195	2865	G	4	0	2862	42.2162823200559
A_NS	196	2868	G	1	0	2861	43.0524292205523
A_NS	197	2866	A	2	0	2865	42.7668411867365
A_NS	198	2867	A	1	0	2861	43.1447046487242
A_NS	199	2865	T	4	0	2862	42.5447239692523
A_NS	200	2866	G	3	0	2854	41.0140154169587
A_NS	201	2864	G	4	0	2858	40.2956613016095
A_NS	202	2865	A	3	0	2865	38.0212914485166
A_NS	203	2851	T	17	0	2846	37.2118763176388
A_NS	204	2864	T	3	0	2860	33.6409090909091
A_NS	205	2865	T	2	0	2861	33.7340090877316
A_NS	206	2865	T	2	0	2856	35.1859243697479
A_NS	207	2857	G	10	0	2850	36.0557894736842
A_NS	208	2624	A	243	0	2618	37.6038961038961
A_NS	209	2857	A	10	0	2856	38.8609943977591
A_NS	210	2856	A	10	0	2854	39.5865451997197
A_NS	211	2854	G	12	0	2851	39.6425815503332
A_NS	212	2857	A	8	0	2850	40.519649122807
A_NS	213	2851	G	14	0	2846	40.6489810260014
A_NS	214	2858	G	7	0	2845	38.674165202109
A_NS	215	2864	A	1	0	2857	38.4333216660833
A_NS	216	2864	A	1	0	2859	38.3854494578524
A_NS	217	2864	T	1	0	2858	38.5521343596921
A_NS	218	2851	C	13	0	2827	39.0382030420941
A_NS	219	2859	C	5	0	2844	39.3649789029536
A_NS	220	2859	A	5	0	2846	38.1999297259311
A_NS	221	2860	G	4	0	2852	38.4389901823282
A_NS	222	2862	C	2	0	2843	37.6440379880408
A_NS	223	2847	G	17	0	2836	36.1565585331453
A_NS	224	2850	A	14	0	2842	36.1231527093596
A_NS	225	2861	G	3	0	2845	35.202460456942
A_NS	226	2857	A	7	0	2852	35.1535764375877
A_NS	227	2860	C	4	0	2851	36.6590669940372
A_NS	228	2862	A	2	0	2847	36.4471373375483
A_NS	229	2863	C	1	0	2847	37.3674042852125
A_NS	230	2848	T	16	0	2836	38.1519746121298
A_NS	231	2862	T	2	0	2849	37.7862407862408
A_NS	232	2851	A	12	0	2834	36.4954128440367
A_NS	233	2855	G	8	0	2832	36.9053672316384
A_NS	234	2858	A	6	0	2849	37.5391365391365
A_NS	235	2863	A	1	0	2859	37.5064707939839
A_NS	236	2862	T	2	0	2856	38.6386554621849
A_NS	237	2862	G	2	0	2854	38.385423966363
A_NS	238	2862	G	2	0	2858	40.8082575227432
A_NS	239	2862	C	1	0	2860	41.8646853146853
A_NS	240	2861	A	2	0	2856	41.1460084033613
A_NS	241	2863	A	1	0	2861	41.1205872072702
A_NS	242	2862	T	2	0	2857	41.1949597479874
A_NS	243	2861	T	2	0	2859	40.1164742917104
A_NS	244	2857	G	6	0	2853	40.3515597616544
A_NS	245	2859	C	3	0	2851	41.5085934759733
A_NS	246	2860	A	1	0	2856	39.9520308123249
A_NS	247	2859	T	2	0	2854	40.6128241065172
A_NS	248	2857	C	4	0	2844	39.8512658227848
A_NS	249	2857	T	4	0	2846	39.4195361911455
A_NS	250	2858	A	3	0	2851	39.3942476324097
A_NS	251	2857	T	4	0	2850	39.9985964912281
A_NS	252	2856	A	5	0	2852	39.7819074333801
A_NS	253	2854	C	7	0	2848	40.2731741573034
A_NS	254	2859	C	2	0	2854	40.7438682550806
A_NS	255	2859	T	1	0	2839	40.6498767171539
A_NS	256	2857	A	4	0	2849	39.2495612495612
A_NS	257	2859	C	3	0	2848	38.4209971910112
A_NS	258	2858	T	4	0	2853	38.1212758499825
A_NS	259	2862	T	0	0	2858	38.3079076277117
A_NS	260	2861	C	1	0	2851	35.3504033672396
A_NS	261	2860	G	2	0	2853	35.8359621451104
A_NS	262	2859	C	4	0	2844	39.0298874824191
A_NS	263	2856	G	7	0	2848	39.0488061797753
A_NS	264	2852	T	11	0	2851	40.0940021045247
A_NS	265	2856	T	7	0	2851	40.1806383725009
A_NS	266	2854	A	9	0	2851	39.393546124167
A_NS	267	2860	C	3	0	2852	39.9186535764376
A_NS	268	2864	A	0	0	2858	39.5300909727082
A_NS	269	2859	T	5	0	2856	40.9628851540616
A_NS	270	2862	T	2	0	2857	41.3391669583479
A_NS	271	2858	T	6	0	2855	42.0795096322242
A_NS	272	2852	C	12	0	2846	41.9104005621925
A_NS	273	2861	T	3	0	2851	42.3412837600842
A_NS	274	2860	G	3	0	2841	41.6163322773671
A_NS	275	2862	A	1	0	2859	41.8272123119972
A_NS	276	2861	C	2	0	2856	41.4614845938375
A_NS	277	2863	A	0	0	2859	40.7729975515915
A_NS	278	2864	T	0	0	2857	41.66398319916
A_NS	279	2864	G	0	0	2851	40.5426166257454
A_NS	280	2865	A	0	0	2863	39.9528466643381
A_NS	281	2863	C	3	0	2863	39.9919664687391
A_NS	282	2867	C	0	0	2864	39.8617318435754
A_NS	283	2866	C	1	0	2865	40.2034904013962
A_NS	284	2866	T	1	0	2865	40.7141361256544
A_NS	285	2857	C	10	0	2843	40.1864227928245
A_NS	286	2861	G	6	0	2855	39.7001751313485
A_NS	287	2861	A	6	0	2858	38.963610916725
A_NS	288	2864	G	2	0	2861	39.8028661307235
A_NS	289	2864	G	1	0	2863	39.5812085225288
A_NS	290	2862	A	3	0	2858	41.1035689293212
A_NS	291	2863	A	2	0	2860	40.8741258741259
A_NS	292	2864	A	1	0	2861	41.6567633694512
A_NS	293	2863	T	1	0	2860	41.122027972028
A_NS	294	2861	G	3	0	2857	39.4865243262163
A_NS	295	2860	T	5	0	2859	39.957327736971
A_NS	296	2832	C	33	0	2813	36.8585140419481
A_NS	297	2825	A	40	0	2790	35.3799283154122
A_NS	298	2841	C	24	0	2824	35.3544617563739
A_NS	299	2802	G	62	0	2728	32.7214076246334
A_NS	300	2810	A	54	0	2775	32.4659459459459
A_NS	301	2840	G	23	0	2795	32.0275491949911
A_NS	302	2842	A	21	0	2814	32.000710732054
A_NS	303	2843	C	19	0	2771	32.1331649224107
A_NS	304	2855	T	7	0	2844	32.0502812939522
A_NS	305	2854	G	8	0	2826	31.7519462137297
A_NS	306	2857	G	5	0	2848	32.6151685393258
A_NS	307	2846	T	16	0	2839	32.9186333215921
A_NS	308	2861	T	1	0	2830	36.3809187279152
A_NS	309	2858	C	4	0	2816	35.9563210227273
A_NS	310	2861	A	1	0	2858	35.7529741077677
A_NS	311	2861	T	1	0	2858	35.2634709587124
A_NS	312	2861	G	1	0	2859	35.5634837355719
A_NS	313	2860	C	2	0	2850	36.8642105263158
A_NS	314	2856	T	6	0	2850	38.7305263157895
A_NS	315	2861	T	1	0	2855	38.584938704028
A_NS	316	2861	A	1	0	2858	38.0269419174248
A_NS	317	2860	T	2	0	2851	37.9459838653104
A_NS	318	2859	G	3	0	2858	37.8561931420574
A_NS	319	2861	C	1	0	2856	39.2352941176471
A_NS	320	2861	C	1	0	2849	39.5215865215865
A_NS	321	2860	T	2	0	2848	40.2868679775281
A_NS	322	2859	A	2	0	2857	36.7948897444872
A_NS	323	2860	G	1	0	2855	36.7831873905429
A_NS	324	2857	G	4	0	2857	37.2642632131607
A_NS	325	2830	C	31	0	2814	38.8869936034115
A_NS	326	2789	A	72	0	2788	37.6671449067432
A_NS	327	2832	A	29	0	2828	38.6138613861386
A_NS	328	2836	A	25	0	2824	38.106940509915
A_NS	329	2839	A	22	0	2828	38.3794200848656
A_NS	330	2835	G	26	0	2808	39.162037037037
A_NS	331	2832	A	29	0	2821	39.5186104218362
A_NS	332	2832	T	29	0	2794	39.3607730851825
A_NS	333	2831	A	30	0	2815	38.0795737122558
A_NS	334	2850	A	11	0	2834	39.256880733945
A_NS	335	2845	T	16	0	2821	39.1988656504786
A_NS	336	2851	A	10	0	2834	38.6019760056457
A_NS	337	2849	G	11	0	2840	38.9714788732394
A_NS	338	2851	G	9	0	2850	39.260701754386
A_NS	339	2853	G	7	0	2844	39.0035161744023
A_NS	340	2853	C	7	0	2848	38.1014747191011
A_NS	341	2855	C	5	0	2847	38.1362838075167
A_NS	342	2853	T	7	0	2839	38.213103205354
A_NS	343	2856	C	4	0	2836	36.7507052186178
A_NS	344	2846	T	14	0	2841	36.5026399155227
A_NS	345	2851	T	9	0	2851	37.2493861802876
A_NS	346	2851	T	9	0	2845	37.2347978910369
A_NS	347	2845	G	15	0	2836	36.2189703808181
A_NS	348	2851	C	8	0	2832	37.6447740112994
A_NS	349	2857	G	2	0	2850	37.5821052631579
A_NS	350	2855	T	3	0	2840	37.9007042253521
A_NS	351	2855	G	3	0	2848	38.0393258426966
A_NS	352	2854	C	4	0	2839	39.3561113067982
A_NS	353	2852	G	6	0	2824	38.1830736543909
A_NS	354	2855	A	3	0	2850	38.3245614035088
A_NS	355	2854	T	3	0	2846	38.2607167955025
A_NS	356	2856	T	2	0	2846	37.5260014054814
A_NS	357	2853	G	5	0	2839	37.0116238112011
A_NS	358	2854	G	3	0	2844	38.8649789029536
A_NS	359	2854	A	3	0	2847	38.8401826484018
A_NS	360	2852	C	4	0	2846	40.0446240337316
A_NS	361	2854	C	2	0	2839	39.7256076083128
A_NS	362	2849	A	7	0	2845	40.2056239015817
A_NS	363	2852	G	5	0	2851	40.6380217467555
A_NS	364	2856	G	1	0	2852	40.8341514726508
A_NS	365	2855	C	2	0	2843	40.311290889905
A_NS	366	2854	G	3	0	2848	39.0403792134831
A_NS	367	2854	G	3	0	2853	39.2506133894147
A_NS	368	2855	T	2	0	2851	39.3942476324097
A_NS	369	2855	C	2	0	2844	38.2524613220816
A_NS	370	2854	A	3	0	2853	39.7339642481598
A_NS	371	2853	T	3	0	2851	40.4051210101719
A_NS	372	2854	G	2	0	2833	38.3427462054359
A_NS	373	2853	G	2	0	2844	38.1476793248945
A_NS	374	2852	A	3	0	2847	38.5711275026344
A_NS	375	2853	T	2	0	2848	38.3483146067416
A_NS	376	2842	A	13	0	2834	37.6249117854622
A_NS	377	2852	A	3	0	2846	39.5295151089248
A_NS	378	2853	G	3	0	2842	39.3771991555243
A_NS	379	2849	A	7	0	2841	39.5755015839493
A_NS	380	2855	A	1	0	2848	40.6134129213483
A_NS	381	2856	C	1	0	2854	40.6892081289418
A_NS	382	2856	A	1	0	2850	40.4228070175439
A_NS	383	2853	T	4	0	2851	40.6769554542266
A_NS	384	2854	A	3	0	2832	37.885593220339
A_NS	385	2852	G	5	0	2830	37.6491166077738
A_NS	386	2851	T	6	0	2844	36.5583684950774
A_NS	387	2853	A	4	0	2839	36.0405072208524
A_NS	388	2848	C	9	0	2834	36.5864502470007
A_NS	389	2854	T	3	0	2849	37.3155493155493
A_NS	390	2849	G	8	0	2844	39.9433895921238
A_NS	391	2854	G	3	0	2850	40.1656140350877
A_NS	392	2852	A	5	0	2846	40.3478566408995
A_NS	393	2853	A	4	0	2848	42.340941011236
A_NS	394	2852	G	5	0	2848	42.1724016853933
A_NS	395	2851	C	7	0	2842	42.1643209007741
A_NS	396	2854	A	4	0	2844	40.5042194092827
A_NS	397	2857	A	1	0	2854	40.489138051857
A_NS	398	2857	A	1	0	2854	40.4053959355291
A_NS	399	2856	C	2	0	2846	40.4030217849613
A_NS	400	2853	T	5	0	2849	40.9196209196209
A_NS	401	2856	T	2	0	2849	41.0733590733591
A_NS	402	2854	C	4	0	2838	39.2135306553911
A_NS	403	2856	A	2	0	2851	38.6408277797264
A_NS	404	2852	G	7	0	2850	39.5042105263158
A_NS	405	2853	T	6	0	2847	39.2349841938883
A_NS	406	2854	G	5	0	2853	40.0543287767263
A_NS	407	2853	T	6	0	2842	42.3733286418015
A_NS	408	2854	A	5	0	2851	41.8565415643634
A_NS	409	2856	A	3	0	2851	41.4643984566819
A_NS	410	2856	T	3	0	2848	41.7278792134831
A_NS	411	2857	C	2	0	2842	40.4292751583392
A_NS	412	2858	T	1	0	2855	40.692119089317
A_NS	413	2856	T	3	0	2851	40.1445106980007
A_NS	414	2854	C	5	0	2847	39.0561995082543
A_NS	415	2853	A	6	0	2849	38.9382239382239
A_NS	416	2856	A	3	0	2852	39.8969144460028
A_NS	417	2853	C	6	0	2851	41.0652402665731
A_NS	418	2855	C	4	0	2853	41.6543988783736
A_NS	419	2848	G	11	0	2820	40.8875886524823
A_NS	420	2854	A	5	0	2851	40.3356716941424
A_NS	421	2856	T	2	0	2852	40.6942496493689
A_NS	422	2856	T	2	0	2850	40
A_NS	423	2848	A	10	0	2841	39.6057726152763
A_NS	424	2851	G	7	0	2848	39.9413623595506
A_NS	425	2855	A	3	0	2850	40.0231578947368
A_NS	426	2852	G	6	0	2851	39.6534549280954
A_NS	427	2846	A	12	0	2836	40.1780677009873
A_NS	428	2852	C	6	0	2850	39.7771929824561
A_NS	429	2854	C	4	0	2846	39.2487702037948
A_NS	430	2835	T	23	0	2824	39.4089943342776
A_NS	431	2856	T	2	0	2855	38.4563922942207
A_NS	432	2855	G	2	0	2852	36.2822580645161
A_NS	433	2854	A	4	0	2850	36.6431578947368
A_NS	434	2847	T	11	0	2835	38.362962962963
A_NS	435	2835	A	23	0	2828	39.5123762376238
A_NS	436	2842	C	16	0	2830	39.4282685512367
A_NS	437	2856	T	2	0	2834	39.3517995765702
A_NS	438	2854	A	4	0	2848	38.874297752809
A_NS	439	2855	C	3	0	2845	39.8056239015817
A_NS	440	2855	T	3	0	2832	40.5190677966102
A_NS	441	2851	A	9	0	2845	40.3536028119508
A_NS	442	2856	A	4	0	2846	40.4852424455376
A_NS	443	2855	G	5	0	2853	40.6961093585699
A_NS	444	2856	G	4	0	2851	41.5356015433181
A_NS	445	2856	G	4	0	2853	42.1871713985279
A_NS	446	2856	C	4	0	2847	41.7987355110643
A_NS	447	2855	T	5	0	2842	40.2885292047854
A_NS	448	2857	T	3	0	2851	40.6759031918625
A_NS	449	2859	T	1	0	2852	41.1202664796634
A_NS	450	2860	C	1	0	2853	39.888187872415
A_NS	451	2857	A	4	0	2839	38.6495244804509
A_NS	452	2858	C	4	0	2854	38.6401541695865
A_NS	453	2854	T	8	0	2848	38.186797752809
A_NS	454	2843	G	20	0	2833	35.0180021178962
A_NS	455	2848	A	15	0	2846	32.7993675333802
A_NS	456	2847	G	16	0	2845	33.3915641476274
A_NS	457	2859	G	4	0	2858	35.6459062281316
A_NS	458	2859	A	4	0	2854	36.8342676944639
A_NS	459	2819	G	44	0	2813	36.6167792392464
A_NS	460	2848	G	15	0	2847	39.3449244819108
A_NS	461	2846	G	17	0	2828	39.2086280056577
A_NS	462	2837	A	26	0	2822	37.5014174344437
A_NS	463	2854	A	9	0	2847	37.8296452406041
A_NS	464	2854	C	9	0	2840	39.0816901408451
A_NS	465	2848	A	15	0	2831	38.2479689155775
A_NS	466	2851	A	12	0	2842	38.3226600985222
A_NS	467	2848	T	15	0	2834	39.197247706422
A_NS	468	2860	A	3	0	2835	36.6007054673721
A_NS	469	2859	A	4	0	2847	36.3459782226906
A_NS	470	2857	T	7	0	2852	37.3036465638149
A_NS	471	2858	T	6	0	2850	37.6354385964912
A_NS	472	2842	G	23	0	2836	39.3053596614951
A_NS	473	2854	G	11	0	2840	40.9242957746479
A_NS	474	2855	A	10	0	2846	41.4985945186226
A_NS	475	2857	G	8	0	2847	41.4299262381454
A_NS	476	2857	A	8	0	2851	41.9000350754121
A_NS	477	2861	A	4	0	2854	41.8223545900491
A_NS	478	2861	A	4	0	2859	41.927247289262
A_NS	479	2857	T	8	0	2850	42.2677192982456
A_NS	480	2861	T	4	0	2851	41.7411434584356
A_NS	481	2861	T	4	0	2851	42.1655559452824
A_NS	482	2854	C	10	0	2845	41.5124780316344
A_NS	483	2859	A	5	0	2849	41.003159003159
A_NS	484	2862	C	3	0	2860	41.1496503496504
A_NS	485	2863	C	2	0	2856	41.1516106442577
A_NS	486	2863	A	3	0	2857	41.1424571228561
A_NS	487	2864	T	3	0	2853	41.795303189625
A_NS	488	2862	T	5	0	2859	42.1511017838405
A_NS	489	2861	A	6	0	2852	41.5960729312763
A_NS	490	2864	C	3	0	2864	41.2800279329609
A_NS	491	2863	C	4	0	2859	40.1402588317594
A_NS	492	2858	T	10	0	2851	40.7435987372852
A_NS	493	2864	T	4	0	2861	40.6777350576721
A_NS	494	2863	C	6	0	2855	39.2581436077058
A_NS	495	2860	T	9	0	2856	39.0651260504202
A_NS	496	2857	C	12	0	2853	38.484752891693
A_NS	497	2854	T	15	0	2853	37.925341745531
A_NS	498	2865	T	4	0	2863	37.4813133077192
A_NS	499	2857	C	12	0	2845	36.6365553602812
A_NS	500	2866	C	3	0	2860	36.9625874125874
A_NS	501	2869	A	0	0	2861	37.7399510660608
A_NS	502	2867	G	1	0	2862	39.6296296296296
A_NS	503	2864	G	4	0	2859	40.8565932144106
A_NS	504	2855	A	13	0	2852	42.2152875175316
A_NS	505	2857	C	11	0	2846	42.073787772312
A_NS	506	2861	A	7	0	2858	41.4860041987404
A_NS	507	2861	T	8	0	2831	42.1889791593077
A_NS	508	2859	A	10	0	2854	40.9197617379117
A_NS	509	2863	C	6	0	2850	40.6319298245614
A_NS	510	2851	T	18	0	2829	41.1986567691764
A_NS	511	2859	T	10	0	2826	41.1648973814579
A_NS	512	2860	A	9	0	2849	40.2737802737803
A_NS	513	2861	T	8	0	2832	41.0921610169492
A_NS	514	2862	G	7	0	2854	41.291871058164
A_NS	515	2863	A	6	0	2860	41.6132867132867
A_NS	516	2866	G	3	0	2864	42.1222067039106
A_NS	517	2869	G	0	0	2865	41.79092495637
A_NS	518	2869	A	0	0	2865	42.3787085514834
A_NS	519	2866	T	2	0	2859	42.4463098985659
A_NS	520	2867	G	1	0	2858	42.4254723582925
A_NS	521	2866	T	2	0	2861	43.7137364557847
A_NS	522	2864	C	3	0	2856	41.2240896358543
A_NS	523	2851	A	16	0	2843	40.397115722828
A_NS	524	2862	A	5	0	2859	39.7065407485135
A_NS	525	2858	A	8	0	2856	39.4362745098039
A_NS	526	2860	A	7	0	2852	40.2068723702665
A_NS	527	2861	A	6	0	2849	41.1751491751492
A_NS	528	2860	T	8	0	2856	40.3224789915966
A_NS	529	2857	G	11	0	2831	39.5492758742494
A_NS	530	2851	C	17	0	2838	39.000704721635
A_NS	531	2859	A	9	0	2841	37.6096444913763
A_NS	532	2860	G	8	0	2841	36.827173530447
A_NS	533	2855	T	11	0	2836	37.3184062059238
A_NS	534	2861	T	5	0	2836	37.8755289139633
A_NS	535	2838	G	27	0	2818	37.6288147622427
A_NS	536	2860	G	5	0	2854	37.8770147161878
A_NS	537	2858	G	6	0	2854	39.3724597056762
A_NS	538	2848	G	17	0	2842	39.6938775510204
A_NS	539	2846	T	19	0	2835	40.2867724867725
A_NS	540	2847	C	18	0	2825	40.4559292035398
A_NS	541	2851	C	15	0	2831	40.5196043800777
A_NS	542	2855	T	11	0	2843	40.3007386563489
A_NS	543	2861	C	5	0	2847	39.4450298559888
A_NS	544	2859	A	7	0	2849	39.2225342225342
A_NS	545	2864	T	2	0	2859	40.196222455404
A_NS	546	2856	C	10	0	2828	39.2648514851485
A_NS	547	2856	G	10	0	2851	39.5499824622939
A_NS	548	2860	G	6	0	2847	39.2785388127854
A_NS	549	2863	A	3	0	2849	38.983502983503
A_NS	550	2858	G	8	0	2846	39.6458186929023
A_NS	551	2861	G	5	0	2849	39.7437697437697
A_NS	552	2860	A	7	0	2852	39.1209677419355
A_NS	553	2864	C	2	0	2855	37.8984238178634
A_NS	554	2848	T	18	0	2843	38.8881463243053
A_NS	555	2859	T	7	0	2844	38.0636427566807
A_NS	556	2853	G	13	0	2812	34.623399715505
A_NS	557	2864	A	2	0	2843	34.7425255012311
A_NS	558	2864	G	1	0	2863	34.851554313657
A_NS	559	2863	T	1	0	2855	35.231523642732
A_NS	560	2862	G	2	0	2860	35.1426573426573
A_NS	561	2864	G	0	0	2858	37.3407977606718
A_NS	562	2862	A	4	0	2850	38.3936842105263
A_NS	563	2862	A	4	0	2859	39.362364463099
A_NS	564	2862	T	4	0	2860	39.4325174825175
A_NS	565	2861	G	5	0	2852	38.7780504908836
A_NS	566	2849	G	17	0	2842	39.2670654468684
A_NS	567	2849	T	17	0	2839	39.2546671363156
A_NS	568	2854	A	12	0	2835	37.3925925925926
A_NS	569	2858	A	8	0	2853	37.7290571328426
A_NS	570	2856	C	9	0	2837	38.0521677828692
A_NS	571	2859	A	6	0	2850	36.9319298245614
A_NS	572	2858	C	7	0	2846	37.2157413914266
A_NS	573	2862	G	3	0	2839	36.9869672419866
A_NS	574	2862	G	3	0	2854	36.4828311142256
A_NS	575	2857	T	8	0	2843	36.5564544495251
A_NS	576	2857	T	8	0	2843	37.3309883925431
A_NS	577	2849	C	16	0	2817	38.0901668441605
A_NS	578	2844	G	21	0	2810	37.7597864768683
A_NS	579	2858	A	8	0	2857	37.6534826741337
A_NS	580	2859	G	7	0	2849	37.5475605475606
A_NS	581	2852	T	15	0	2845	38.1472759226714
A_NS	582	2853	C	14	0	2836	38.1008462623413
A_NS	583	2865	T	2	0	2860	38.4954545454545
A_NS	584	2848	C	19	0	2839	37.546671363156
A_NS	585	2853	T	14	0	2850	38.3638596491228
A_NS	586	2858	G	9	0	2846	37.7174982431483
A_NS	587	2846	A	21	0	2843	39.0080900457263
A_NS	588	2859	A	8	0	2853	38.7108307045216
A_NS	589	2862	A	5	0	2850	40.2473684210526
A_NS	590	2854	A	12	0	2848	40.3504213483146
A_NS	591	2852	T	14	0	2841	39.6990496304118
A_NS	592	2864	A	2	0	2831	39.0007064641469
A_NS	593	2864	T	3	0	2859	38.519062609304
A_NS	594	2860	A	7	0	2831	37.821264570823
A_NS	595	2861	C	4	0	2855	37.4220665499124
A_NS	596	2859	A	7	0	2845	36.3427065026362
A_NS	597	2849	G	17	0	2825	35.7090265486726
A_NS	598	2862	A	4	0	2860	34.6723776223776
A_NS	599	2859	G	7	0	2845	35.4854130052724
A_NS	600	2863	A	3	0	2859	36.7093389296957
A_NS	601	2857	T	9	0	2849	37.4573534573535
A_NS	602	2863	T	3	0	2855	38.4861646234676
A_NS	603	2858	C	8	0	2820	38.0992907801418
A_NS	604	2862	G	4	0	2836	36
A_NS	605	2860	C	6	0	2852	35.9333800841515
A_NS	606	2838	T	28	0	2832	36.8629943502825
A_NS	607	2866	T	0	0	2855	36.5208406304729
A_NS	608	2857	G	10	0	2854	36.2032235459005
A_NS	609	2864	G	5	0	2855	37.2683012259194
A_NS	610	2864	A	5	0	2863	37.593782745372
A_NS	611	2867	G	2	0	2864	39.0212988826816
A_NS	612	2864	A	5	0	2860	40.2003496503497
A_NS	613	2866	A	3	0	2862	40.2819706498952
A_NS	614	2863	G	6	0	2857	40.0910045502275
A_NS	615	2867	C	2	0	2860	40.736013986014
A_NS	616	2865	T	4	0	2862	39.9622641509434
A_NS	617	2866	G	3	0	2861	40.0908773156239
A_NS	618	2867	T	2	0	2864	40.0041899441341
A_NS	619	2864	G	4	0	2860	38.8937062937063
A_NS	620	2861	A	7	0	2858	39.1843946815955
A_NS	621	2862	T	6	0	2855	39.445534150613
A_NS	622	2859	G	9	0	2848	36.7162921348315
A_NS	623	2855	A	13	0	2846	37.3482080112438
A_NS	624	2861	G	8	0	2850	36.1021052631579
A_NS	625	2854	A	15	0	2849	35.962091962092
A_NS	626	2864	A	6	0	2861	38.0499825235932
A_NS	627	2862	T	8	0	2853	38.9029092183666
A_NS	628	2824	G	46	0	2807	39.0388314926968
A_NS	629	2863	G	7	0	2860	39.3933566433566
A_NS	630	2863	G	7	0	2842	39.1361717100633
A_NS	631	2865	A	5	0	2859	38.973067506121
A_NS	632	2853	G	17	0	2836	40.0599435825106
A_NS	633	2864	A	6	0	2856	39.7139355742297
A_NS	634	2858	C	12	0	2833	39.6600776561948
A_NS	635	2866	C	4	0	2855	38.4224168126095
A_NS	636	2857	T	13	0	2829	38.424178154825
A_NS	637	2868	T	2	0	2857	38.4098704935247
A_NS	638	2869	C	1	0	2859	36.9590766002099
A_NS	639	2869	A	1	0	2859	36.6998950682057
A_NS	640	2868	C	2	0	2859	38.3490731024834
A_NS	641	2867	T	3	0	2849	39.8002808002808
A_NS	642	2850	A	20	0	2845	38.9743409490334
A_NS	643	2866	C	4	0	2864	38.6728351955307
A_NS	644	2869	C	1	0	2863	38.9259517988124
A_NS	645	2870	T	1	0	2865	39.4383944153578
A_NS	646	2863	C	8	0	2863	38.5085574572127
A_NS	647	2869	C	2	0	2867	39.6913149633763
A_NS	648	2858	A	13	0	2857	38.1816590829541
A_NS	649	2855	G	17	0	2847	39.0161573586231
A_NS	650	2866	A	8	0	2862	40.643605870021
A_NS	651	2867	G	7	0	2862	40.8798043326345
A_NS	652	2865	C	9	0	2858	40.3957312806158
A_NS	653	2866	A	9	0	2862	39.2714884696017
A_NS	654	2869	G	6	0	2865	39.0848167539267
A_NS	655	2868	A	7	0	2862	38.6998602375961
A_NS	656	2874	A	1	0	2873	39.1033762617473
A_NS	657	2872	A	3	0	2868	39.8068340306834
A_NS	658	2871	T	4	0	2866	40.5987438939288
A_NS	659	2871	G	4	0	2855	37.6994746059545
A_NS	660	2866	A	9	0	2858	38.8065080475857
A_NS	661	2870	G	5	0	2857	38.6576828841442
A_NS	662	2871	A	4	0	2856	38.6148459383754
A_NS	663	2871	A	4	0	2867	38.7767701430066
A_NS	664	2868	A	7	0	2865	38.5780104712042
A_NS	665	2868	T	7	0	2867	37.0038367631671
A_NS	666	2870	G	4	0	2864	36.3351955307263
A_NS	667	2870	G	4	0	2865	38.2317626527051
A_NS	668	2868	C	6	0	2856	38.1992296918768
A_NS	669	2814	G	59	0	2805	37.8032085561497
A_NS	670	2858	G	16	0	2855	38.9660245183888
A_NS	671	2858	G	15	0	2837	39.0281988015509
A_NS	672	2858	A	15	0	2850	38.3747368421053
A_NS	673	2864	A	9	0	2856	38.7990196078431
A_NS	674	2866	C	7	0	2849	38.7234117234117
A_NS	675	2863	A	10	0	2853	36.7620049071153
A_NS	676	2868	A	5	0	2864	36.8170391061453
A_NS	677	2867	T	6	0	2858	38.4293212036389
A_NS	678	2869	T	4	0	2863	38.9210618232623
A_NS	679	2853	G	19	0	2830	38.9752650176678
A_NS	680	2868	G	5	0	2862	40.4343116701607
A_NS	681	2861	G	11	0	2831	40.038149063935
A_NS	682	2861	A	12	0	2848	40.3279494382022
A_NS	683	2866	C	7	0	2850	40.6252631578947
A_NS	684	2867	A	6	0	2866	40.2969295184927
A_NS	685	2867	G	6	0	2845	39.3571177504394
A_NS	686	2869	A	5	0	2865	38.5842931937173
A_NS	687	2868	A	6	0	2860	38.6482517482517
A_NS	688	2867	A	7	0	2433	39.4332100287711
A_NS	689	2866	T	8	0	2856	39.3806022408964
A_NS	690	2869	T	4	0	2868	39.6785216178522
A_NS	691	2872	T	1	0	2865	41.048167539267
A_NS	692	2870	G	4	0	2860	39.1258741258741
A_NS	693	2871	A	3	0	2868	38.6732914923291
A_NS	694	2874	G	1	0	2869	40.2502614151272
A_NS	695	2873	G	1	0	2870	40.6174216027875
A_NS	696	2860	A	14	0	2857	41.2961148057403
A_NS	697	2872	A	3	0	2869	41.8926455210875
A_NS	698	2871	A	4	0	2870	42.7344947735192
A_NS	699	2870	T	5	0	2867	42.9518660620858
A_NS	700	2867	A	8	0	2850	41.9259649122807
A_NS	701	2874	A	1	0	2867	41.5235437739798
A_NS	702	2873	G	2	0	2862	40.8923829489867
A_NS	703	2874	A	1	0	2862	40.8438155136268
A_NS	704	2874	T	1	0	2870	40.9651567944251
A_NS	705	2873	G	1	0	2866	41.0669923237962
A_NS	706	2873	G	2	0	2872	41.0651114206128
A_NS	707	2871	T	4	0	2865	41.5577661431065
A_NS	708	2874	T	1	0	2868	41.6886331938633
A_NS	709	2874	A	2	0	2871	40.5217694183211
A_NS	710	2875	A	1	0	2870	41.0738675958188
A_NS	711	2874	T	2	0	2871	41.0296064089168
A_NS	712	2874	T	1	0	2868	41.5299860529986
A_NS	713	2865	G	10	0	2851	39.8751315327955
A_NS	714	2860	A	15	0	2856	39.8984593837535
A_NS	715	2867	A	8	0	2859	39.7495627841903
A_NS	716	2868	G	7	0	2861	39.024117441454
A_NS	717	2868	A	7	0	2867	38.8343215905127
A_NS	718	2872	A	2	0	2863	39.4729304924904
A_NS	719	2872	A	2	0	2869	39.8658069013594
A_NS	720	2870	T	2	0	2863	40.3482361159623
A_NS	721	2859	A	13	0	2846	40.9595924104006
A_NS	722	2857	C	15	0	2842	41.4975369458128
A_NS	723	2864	G	7	0	2847	40.3955040393397
A_NS	724	2864	A	7	0	2858	40.0783764870539
A_NS	725	2869	C	2	0	2862	39.6519916142558
A_NS	726	2867	A	3	0	2866	39.6085136078158
A_NS	727	2866	C	4	0	2858	40.519944016795
A_NS	728	2868	A	3	0	2865	40.7392670157068
A_NS	729	2865	G	7	0	2852	40.4600280504909
A_NS	730	2869	A	4	0	2864	40.3083100558659
A_NS	731	2872	T	1	0	2870	40.7404181184669
A_NS	732	2872	T	1	0	2867	40.7363097314266
A_NS	733	2873	G	0	0	2867	38.8214161144053
A_NS	734	2869	A	4	0	2865	39.7769633507853
A_NS	735	2872	A	1	0	2871	41.0292580982236
A_NS	736	2871	A	2	0	2865	41.6520069808028
A_NS	737	2869	G	4	0	2855	41.2399299474606
A_NS	738	2869	C	3	0	2861	40.9786787836421
A_NS	739	2871	G	1	0	2841	39.0292150651179
A_NS	740	2870	A	5	0	2863	38.8197694725812
A_NS	741	2872	C	3	0	2867	37.9581444018137
A_NS	742	2846	A	29	0	2844	38.0474683544304
A_NS	743	2847	G	28	0	2842	38.9778325123153
A_NS	744	2827	A	49	0	2824	38.8622521246459
A_NS	745	2870	A	6	0	2867	38.3920474363446
A_NS	746	2876	A	1	0	2870	39.0233449477352
A_NS	747	2875	A	2	0	2872	39.8158077994429
A_NS	748	2875	T	2	0	2862	39.1205450733753
A_NS	749	2873	A	4	0	2846	37.2463106113844
A_NS	750	2873	G	4	0	2852	36.5725806451613
A_NS	751	2869	T	8	0	2853	36.3519102698913
A_NS	752	2874	T	3	0	2872	36.933495821727
A_NS	753	2873	T	4	0	2869	38.5663994423144
A_NS	754	2851	C	26	0	2812	39.8524182076814
A_NS	755	2863	G	14	0	2838	38.9968287526427
A_NS	756	2872	A	5	0	2869	39.1303590101081
A_NS	757	2872	G	5	0	2869	39.3001045660509
A_NS	758	2872	C	5	0	2866	39.6629448709002
A_NS	759	2872	A	4	0	2870	40.8850174216028
A_NS	760	2874	A	2	0	2870	41.9658536585366
A_NS	761	2875	A	1	0	2869	42.6158940397351
A_NS	762	2873	T	3	0	2869	42.4085047054723
A_NS	763	2875	A	1	0	2873	41.3880960668291
A_NS	764	2875	A	1	0	2872	41.125348189415
A_NS	765	2874	C	2	0	2868	40.6725941422594
A_NS	766	2874	A	2	0	2871	40.1567398119122
A_NS	767	2873	T	3	0	2868	40.4229428172943
A_NS	768	2873	T	3	0	2868	40.9574616457462
A_NS	769	2873	T	2	0	2869	41.1582432903451
A_NS	770	2871	A	3	0	2865	41.3755671902269
A_NS	771	2874	T	0	0	2862	41.4150943396226
A_NS	772	2872	G	2	0	2867	41.8119986048134
A_NS	773	2864	C	9	0	2850	42.3666666666667
A_NS	774	2868	A	5	0	2863	41.382815228781
A_NS	775	2868	A	4	0	2861	41.4449493184201
A_NS	776	2868	G	4	0	2864	41.814594972067
A_NS	777	2868	C	4	0	2862	41.7382948986723
A_NS	778	2872	C	0	0	2865	40.6223385689354
A_NS	779	2867	T	4	0	2865	41.5047120418848
A_NS	780	2863	T	7	0	2855	40.9050788091068
A_NS	781	2859	A	10	0	2856	38.7731092436975
A_NS	782	2861	C	8	0	2857	39.0903045152258
A_NS	783	2861	A	8	0	2858	39.8992302309307
A_NS	784	2865	A	4	0	2862	40.5349406009783
A_NS	785	2865	C	3	0	2863	41.4069158225637
A_NS	786	2867	T	1	0	2860	41.7674825174825
A_NS	787	2866	A	2	0	2862	41.1055206149546
A_NS	788	2863	C	5	0	2854	41.4390329362299
A_NS	789	2863	T	4	0	2857	41.1134056702835
A_NS	790	2863	G	4	0	2858	40.5864240727782
A_NS	791	2860	C	5	0	2854	39.4463910301331
A_NS	792	2856	T	9	0	2852	39.4733520336606
A_NS	793	2862	T	3	0	2855	40.5208406304729
A_NS	794	2861	G	4	0	2852	39.1970546984572
A_NS	795	2861	A	4	0	2858	40.1270118964311
A_NS	796	2863	A	2	0	2860	41.4552447552448
A_NS	797	2862	G	3	0	2855	41.6028021015762
A_NS	798	2859	T	6	0	2846	41.7621222768798
A_NS	799	2858	A	7	0	2849	39.8673218673219
A_NS	800	2846	G	18	0	2835	39.1989417989418
A_NS	801	2856	A	8	0	2852	38.3383590462833
A_NS	802	2849	G	15	0	2843	37.6018290538164
A_NS	803	2854	C	10	0	2848	37.6109550561798
A_NS	804	2855	A	9	0	2853	37.0862250262881
A_NS	805	2857	A	6	0	2853	37.0101647388714
A_NS	806	2854	G	9	0	2845	37.311072056239
A_NS	807	2860	A	3	0	2850	37.5901754385965
A_NS	808	2858	G	5	0	2844	38.7102672292546
A_NS	809	2861	A	2	0	2853	38.7844374342797
A_NS	810	2861	T	2	0	2859	38.9475341028332
A_NS	811	2841	A	20	0	2836	38.3300423131171
A_NS	812	2849	A	10	0	2846	38.5920590302178
A_NS	813	2846	G	13	0	2835	37.452557319224
A_NS	814	2856	A	2	0	2852	37.6739130434783
A_NS	815	2855	G	2	0	2844	38.3955696202532
A_NS	816	2854	C	3	0	2841	39.0179514255544
A_NS	817	2846	T	11	0	2834	38.6270289343684
A_NS	818	2853	T	4	0	2851	39.0911960715538
A_NS	819	2849	T	8	0	2842	39.0552427867699
A_NS	820	2843	C	13	0	2834	38.9894142554693
A_NS	821	2853	T	3	0	2848	40.563904494382
A_NS	822	2843	C	12	0	2801	39.1153159585862
A_NS	823	2852	G	2	0	2848	37.6695926966292
A_NS	824	2851	T	3	0	2850	37.1021052631579
A_NS	825	2853	T	1	0	2852	36.9509116409537
A_NS	826	2854	T	0	0	2852	37.5136746143057
A_NS	827	2848	C	1	0	2836	39.0363187588152
A_NS	828	2848	A	0	0	2845	39.7659050966608
A_NS	829	2847	G	0	0	2841	40.3625483984513
A_NS	830	2844	C	1	0	2840	39.3890845070423
A_NS	831	2842	T	1	0	2838	39.3255813953488
A_NS	832	2841	T	0	0	2838	39.8833685694151
A_NS	833	2837	A	0	0	2836	38.6889985895628
A_NS	834	2837	T	0	0	2834	37.7847565278758
A_NS	835	2835	T	0	0	2834	39.3779110797459
A_NS	836	2827	T	0	0	2827	38.9840820657941
A_NS	837	2817	A	0	0	2817	38.3454029108981
A_NS	838	2813	A	0	0	2813	39.4006398862424
