Reference_Name	Position	Coverage Depth	Consensus	Deletions	Ambiguous	Consensus_Count	Consensus_Average_Quality
A_PA	1	154	A	0	0	154	38.2337662337662
A_PA	2	154	T	0	0	154	38.3766233766234
A_PA	3	154	G	0	0	154	37.7857142857143
A_PA	4	156	G	0	0	156	38.6666666666667
A_PA	5	156	A	0	0	156	39.724358974359
A_PA	6	156	A	0	0	156	40.2628205128205
A_PA	7	156	G	0	0	156	40.8141025641026
A_PA	8	156	A	0	0	156	40.5641025641026
A_PA	9	156	C	0	0	156	39.525641025641
A_PA	10	155	T	1	0	155	39.2258064516129
A_PA	11	157	T	0	0	157	38.5477707006369
A_PA	12	157	T	0	0	157	38.8917197452229
A_PA	13	157	G	0	0	157	35.8216560509554
A_PA	14	157	T	0	0	157	38.8917197452229
A_PA	15	157	G	0	0	157	39.312101910828
A_PA	16	157	C	0	0	157	39.3821656050955
A_PA	17	157	G	0	0	157	37.9363057324841
A_PA	18	157	A	0	0	157	38.4522292993631
A_PA	19	157	C	0	0	156	37.9358974358974
A_PA	20	157	A	0	0	157	37.4585987261147
A_PA	21	157	A	0	0	157	38.4394904458599
A_PA	22	157	T	0	0	156	39.4807692307692
A_PA	23	157	G	0	0	157	37.5796178343949
A_PA	24	157	C	0	0	157	36.7770700636943
A_PA	25	157	T	0	0	157	37.3184713375796
A_PA	26	157	T	0	0	157	36.3184713375796
A_PA	27	157	C	0	0	157	34.1528662420382
A_PA	28	157	A	0	0	157	33.7898089171975
A_PA	29	157	A	0	0	157	33.8089171974522
A_PA	30	156	T	0	0	156	34.0705128205128
A_PA	31	156	C	0	0	156	34.5961538461538
A_PA	32	156	C	0	0	154	37.4415584415584
A_PA	33	156	A	0	0	156	37.9102564102564
A_PA	34	156	A	0	0	156	38.0769230769231
A_PA	35	156	T	0	0	155	39.0451612903226
A_PA	36	156	G	0	0	156	38.4230769230769
A_PA	37	156	A	0	0	156	38.5576923076923
A_PA	38	156	T	0	0	156	39.1089743589744
A_PA	39	156	C	0	0	155	38.4903225806452
A_PA	40	156	G	0	0	156	38.7948717948718
A_PA	41	156	T	0	0	156	39.4230769230769
A_PA	42	156	C	0	0	156	39.0641025641026
A_PA	43	156	G	0	0	156	38.6666666666667
A_PA	44	156	A	0	0	156	39.0320512820513
A_PA	45	156	G	0	0	155	38.1741935483871
A_PA	46	156	C	0	0	153	38.3660130718954
A_PA	47	155	T	1	0	154	38.6168831168831
A_PA	48	156	T	0	0	156	39.1730769230769
A_PA	49	156	G	0	0	155	39.1096774193548
A_PA	50	156	C	0	0	156	39.7307692307692
A_PA	51	156	G	0	0	155	39.3225806451613
A_PA	52	156	G	0	0	156	39.1794871794872
A_PA	53	155	A	1	0	155	39.6129032258064
A_PA	54	156	A	0	0	156	39.5705128205128
A_PA	55	156	A	0	0	156	40.3717948717949
A_PA	56	156	A	0	0	155	41.1096774193548
A_PA	57	156	G	0	0	156	40.7564102564103
A_PA	58	156	G	0	0	156	39.8397435897436
A_PA	59	156	C	0	0	156	39.6666666666667
A_PA	60	156	A	0	0	155	36.3225806451613
A_PA	61	156	A	0	0	156	36.5064102564103
A_PA	62	156	T	0	0	156	37.5576923076923
A_PA	63	156	G	0	0	155	35.9161290322581
A_PA	64	155	A	1	0	154	35.7402597402597
A_PA	65	156	A	0	0	156	37.6730769230769
A_PA	66	156	A	1	0	156	38.5384615384615
A_PA	67	156	G	1	0	156	38.3589743589744
A_PA	68	152	A	5	0	152	38.8815789473684
A_PA	69	157	A	0	0	157	39.0382165605096
A_PA	70	157	T	0	0	152	38.8355263157895
A_PA	71	157	A	0	0	157	38.2420382165605
A_PA	72	156	T	1	0	156	38.5512820512821
A_PA	73	157	G	0	0	156	35.8525641025641
A_PA	74	158	G	0	0	158	35.7721518987342
A_PA	75	158	G	0	0	158	34.9683544303797
A_PA	76	158	G	0	0	158	36.3607594936709
A_PA	77	158	A	0	0	158	37.0696202531646
A_PA	78	158	A	0	0	157	38.5031847133758
A_PA	79	158	G	0	0	156	37.4358974358974
A_PA	80	158	A	0	0	158	37.0506329113924
A_PA	81	155	C	3	0	155	35.9290322580645
A_PA	82	156	C	2	0	156	35.6538461538462
A_PA	83	158	C	0	0	158	35.9303797468354
A_PA	84	158	C	0	0	158	35.2405063291139
A_PA	85	158	A	0	0	158	34.5886075949367
A_PA	86	158	A	0	0	158	36.8607594936709
A_PA	87	158	A	0	0	157	37.6751592356688
A_PA	88	158	G	0	0	157	37.5668789808917
A_PA	89	158	T	0	0	158	38.8544303797468
A_PA	90	158	T	0	0	158	39.126582278481
A_PA	91	158	G	0	0	157	38.203821656051
A_PA	92	158	A	0	0	158	38.2151898734177
A_PA	93	158	A	0	0	158	38.373417721519
A_PA	94	158	A	0	0	158	39.2215189873418
A_PA	95	158	C	0	0	158	39.3860759493671
A_PA	96	152	T	6	0	152	38.8618421052632
A_PA	97	153	A	6	0	152	38.3486842105263
A_PA	98	153	A	6	0	153	38.5816993464052
A_PA	99	159	T	0	0	158	39
A_PA	100	159	A	0	0	158	38.7658227848101
A_PA	101	159	A	0	0	159	39.125786163522
A_PA	102	159	G	0	0	159	38.6792452830189
A_PA	103	159	T	0	0	159	38.8679245283019
A_PA	104	159	T	0	0	159	39.5345911949686
A_PA	105	158	T	0	0	158	40.3670886075949
A_PA	106	158	G	0	0	158	39.9746835443038
A_PA	107	157	C	1	0	157	40.5541401273885
A_PA	108	158	T	0	0	158	40.7215189873418
A_PA	109	158	G	0	0	158	39.8227848101266
A_PA	110	158	C	0	0	158	40.2215189873418
A_PA	111	158	A	0	0	158	40.9240506329114
A_PA	112	158	A	0	0	158	40.0189873417722
A_PA	113	158	T	0	0	158	41.3607594936709
A_PA	114	158	T	0	0	158	41.3291139240506
A_PA	115	158	T	0	0	157	41.5477707006369
A_PA	116	158	G	0	0	157	39.9617834394904
A_PA	117	158	C	0	0	158	39.4620253164557
A_PA	118	157	A	0	0	157	38.9363057324841
A_PA	119	156	C	1	0	155	40.0451612903226
A_PA	120	157	A	0	0	157	39.5477707006369
A_PA	121	157	C	0	0	157	39.5605095541401
A_PA	122	157	A	0	0	157	38.9299363057325
A_PA	123	157	T	0	0	157	38.8853503184713
A_PA	124	157	T	0	0	156	38.9935897435897
A_PA	125	157	T	0	0	157	38.7515923566879
A_PA	126	157	A	0	0	157	37.3312101910828
A_PA	127	156	G	0	0	156	39.7179487179487
A_PA	128	156	A	0	0	156	40.1282051282051
A_PA	129	156	A	0	0	156	39.8782051282051
A_PA	130	156	G	0	0	156	39.724358974359
A_PA	131	156	T	0	0	156	40.9871794871795
A_PA	132	156	T	0	0	156	41.5641025641026
A_PA	133	156	T	0	0	156	41.5961538461538
A_PA	134	156	G	0	0	156	41.1282051282051
A_PA	135	156	T	0	0	156	39.4487179487179
A_PA	136	156	T	0	0	156	39.2435897435897
A_PA	137	156	T	0	0	156	38.0769230769231
A_PA	138	156	C	0	0	156	34.3397435897436
A_PA	139	156	A	0	0	156	37.2115384615385
A_PA	140	150	T	6	0	150	39.68
A_PA	141	150	G	6	0	150	38.9533333333333
A_PA	142	150	T	6	0	150	39.96
A_PA	143	150	A	6	0	150	37.9666666666667
A_PA	144	150	T	6	0	150	38.3266666666667
A_PA	145	150	T	6	0	150	38.18
A_PA	146	150	C	6	0	149	38.0134228187919
A_PA	147	150	G	6	0	149	37.1140939597315
A_PA	148	150	G	6	0	150	38.9333333333333
A_PA	149	150	A	6	0	150	38.6133333333333
A_PA	150	150	T	6	0	150	38.82
A_PA	151	150	T	6	0	150	39.7133333333333
A_PA	152	150	T	6	0	150	40.7866666666667
A_PA	153	150	T	6	0	150	39.2733333333333
A_PA	154	150	C	6	0	149	38.0872483221477
A_PA	155	150	A	6	0	150	37.1266666666667
A_PA	156	150	T	6	0	149	37.4093959731544
A_PA	157	150	T	6	0	150	37.54
A_PA	158	149	T	6	0	149	37.2214765100671
A_PA	159	149	C	6	0	148	35.7432432432432
A_PA	160	148	A	6	0	148	35.6756756756757
A_PA	161	87	T	6	0	86	38.8372093023256
A_PA	162	93	T	0	0	93	37.505376344086
A_PA	163	93	G	0	0	93	37.3440860215054
A_PA	164	93	A	0	0	93	38.8924731182796
A_PA	165	93	T	0	0	92	40.8913043478261
A_PA	166	93	G	0	0	93	38.7741935483871
A_PA	167	93	A	0	0	93	39.0215053763441
A_PA	168	93	A	0	0	93	40.0537634408602
A_PA	169	93	C	0	0	93	39.4623655913978
A_PA	170	93	G	0	0	93	38.1612903225806
A_PA	171	93	G	0	0	93	37.9569892473118
A_PA	172	93	G	0	0	93	38.1612903225806
A_PA	173	94	G	0	0	94	38.0106382978723
A_PA	174	94	T	0	0	94	38.3085106382979
A_PA	175	93	G	1	0	92	37.5326086956522
A_PA	176	93	A	1	0	93	38.4516129032258
A_PA	177	94	A	0	0	94	39.0212765957447
A_PA	178	94	T	0	0	93	39.1397849462366
A_PA	179	94	C	0	0	94	37.5851063829787
A_PA	180	93	A	1	0	92	39.2173913043478
A_PA	181	93	A	1	0	92	40.4347826086956
A_PA	182	93	T	1	0	93	39.0967741935484
A_PA	183	93	A	0	0	90	38.0333333333333
A_PA	184	92	A	0	0	89	38.685393258427
A_PA	185	92	T	0	0	92	37.9021739130435
A_PA	186	92	T	0	0	91	37.9010989010989
A_PA	187	92	A	0	0	87	39.1609195402299
A_PA	188	92	T	0	0	91	38.2417582417582
A_PA	189	92	A	0	0	92	35.6739130434783
A_PA	190	92	G	0	0	90	34.4666666666667
A_PA	191	89	A	1	0	88	34.2386363636364
A_PA	192	90	A	0	0	89	34.314606741573
A_PA	193	90	T	0	0	89	35.9550561797753
A_PA	194	89	C	1	0	89	35.3258426966292
A_PA	195	90	T	0	0	90	36.8
A_PA	196	90	G	0	0	90	37.6444444444444
A_PA	197	91	G	0	0	90	37.7555555555556
A_PA	198	91	T	0	0	90	37.8555555555556
A_PA	199	91	G	0	0	90	38.1888888888889
A_PA	200	91	A	0	0	91	37.2747252747253
A_PA	201	91	C	0	0	90	37.5444444444444
A_PA	202	91	C	0	0	89	37.2921348314607
A_PA	203	91	C	0	0	91	38.3186813186813
A_PA	204	90	A	1	0	88	37.4545454545455
A_PA	205	90	A	1	0	90	39.2333333333333
A_PA	206	90	A	1	0	90	40.2111111111111
A_PA	207	90	T	1	0	90	40.0444444444444
A_PA	208	90	G	1	0	90	40.6
A_PA	209	89	C	2	0	89	41.8876404494382
A_PA	210	90	A	1	0	90	40.4444444444444
A_PA	211	90	C	1	0	90	39.3444444444444
A_PA	212	89	T	2	0	89	39.7865168539326
A_PA	213	89	A	2	0	89	39.2134831460674
A_PA	214	90	T	1	0	90	39.6888888888889
A_PA	215	90	T	1	0	89	40.9550561797753
A_PA	216	90	G	1	0	90	41.2222222222222
A_PA	217	85	A	6	0	85	41.5529411764706
A_PA	218	85	A	6	0	85	41.9058823529412
A_PA	219	85	G	6	0	85	41.2235294117647
A_PA	220	85	C	6	0	85	41.8235294117647
A_PA	221	85	A	6	0	85	40.4941176470588
A_PA	222	85	C	6	0	85	40.5529411764706
A_PA	223	85	C	6	0	85	38.1058823529412
A_PA	224	84	G	6	0	84	36.8333333333333
A_PA	225	84	A	6	0	84	36.9047619047619
A_PA	226	84	T	6	0	84	38
A_PA	227	82	T	6	0	82	38.1463414634146
A_PA	228	82	T	6	0	81	40.5061728395062
A_PA	229	82	G	6	0	82	40.4756097560976
A_PA	230	83	A	5	0	83	40.3734939759036
A_PA	231	83	G	5	0	82	40.6829268292683
A_PA	232	83	A	5	0	83	39.9156626506024
A_PA	233	83	T	5	0	82	40.7073170731707
A_PA	234	79	A	5	0	79	39.379746835443
A_PA	235	79	A	5	0	79	40.1772151898734
A_PA	236	79	T	5	0	79	39.8481012658228
A_PA	237	79	T	5	0	77	40.8831168831169
A_PA	238	84	G	0	0	83	39.8915662650602
A_PA	239	83	A	1	0	83	41.7469879518072
A_PA	240	84	A	0	0	84	41.3928571428571
A_PA	241	84	G	0	0	84	41.0119047619048
A_PA	242	84	G	0	0	84	38.8095238095238
A_PA	243	83	A	1	0	83	39.6265060240964
A_PA	244	84	A	0	0	84	40.9761904761905
A_PA	245	84	G	0	0	84	39.9642857142857
A_PA	246	84	A	0	0	84	40.2738095238095
A_PA	247	84	G	0	0	84	39.5952380952381
A_PA	248	84	A	0	0	84	39.9404761904762
A_PA	249	84	C	0	0	84	39.8809523809524
A_PA	250	84	C	0	0	84	38.8809523809524
A_PA	251	84	G	0	0	84	38.7380952380952
A_PA	252	84	A	0	0	84	38.7380952380952
A_PA	253	84	A	0	0	84	39.5595238095238
A_PA	254	84	T	0	0	84	38.7857142857143
A_PA	255	84	C	0	0	83	39.7469879518072
A_PA	256	84	A	0	0	84	39.2619047619048
A_PA	257	84	T	0	0	84	39.6309523809524
A_PA	258	83	G	0	0	82	36.8780487804878
A_PA	259	83	G	0	0	82	37.2073170731707
A_PA	260	83	C	0	0	83	36.6987951807229
A_PA	261	83	C	0	0	83	35.855421686747
A_PA	262	83	T	0	0	83	36.4698795180723
A_PA	263	83	G	0	0	83	37.1204819277108
A_PA	264	83	G	0	0	83	38
A_PA	265	83	A	0	0	83	37.9156626506024
A_PA	266	83	C	0	0	83	38.9036144578313
A_PA	267	83	A	0	0	83	38.6626506024096
A_PA	268	83	G	0	0	83	39.2530120481928
A_PA	269	83	T	0	0	83	38.9156626506024
A_PA	270	83	G	0	0	83	38.2168674698795
A_PA	271	83	G	0	0	83	38.566265060241
A_PA	272	83	T	0	0	83	40.4819277108434
A_PA	273	83	G	0	0	83	39.6867469879518
A_PA	274	83	A	0	0	83	40.9036144578313
A_PA	275	83	A	0	0	83	40.3855421686747
A_PA	276	83	C	0	0	83	40.289156626506
A_PA	277	83	A	0	0	83	39.6265060240964
A_PA	278	83	G	0	0	83	39.2289156626506
A_PA	279	83	T	0	0	83	39.4939759036145
A_PA	280	83	A	0	0	83	39.0120481927711
A_PA	281	82	T	0	0	81	39.8024691358025
A_PA	282	76	A	0	0	76	39.3947368421053
A_PA	283	76	T	0	0	76	39.1184210526316
A_PA	284	75	G	1	0	75	38.9066666666667
A_PA	285	75	T	1	0	75	39.9066666666667
A_PA	286	75	A	1	0	75	39.7333333333333
A_PA	287	76	A	0	0	76	39.8421052631579
A_PA	288	76	C	0	0	76	39.6973684210526
A_PA	289	76	A	0	0	76	39.3026315789474
A_PA	290	76	C	0	0	76	39.9473684210526
A_PA	291	76	A	0	0	76	41
A_PA	292	74	A	0	0	74	41.0405405405405
A_PA	293	74	C	0	0	74	41.8918918918919
A_PA	294	74	A	0	0	74	41.8783783783784
A_PA	295	74	G	0	0	74	41.1081081081081
A_PA	296	74	G	0	0	74	42.2297297297297
A_PA	297	74	G	0	0	74	41.5135135135135
A_PA	298	74	A	0	0	74	42.1486486486486
A_PA	299	74	T	0	0	74	42.2567567567568
A_PA	300	73	A	1	0	73	39.1095890410959
A_PA	301	74	G	0	0	74	38.9189189189189
A_PA	302	74	A	0	0	74	37.472972972973
A_PA	303	74	G	0	0	74	37.3243243243243
A_PA	304	74	A	0	0	74	39
A_PA	305	74	A	0	0	74	40.1756756756757
A_PA	306	74	G	0	0	73	40.0958904109589
A_PA	307	74	C	0	0	74	39.5
A_PA	308	74	C	0	0	73	38.8082191780822
A_PA	309	74	T	0	0	73	39.3835616438356
A_PA	310	74	A	0	0	74	38.6756756756757
A_PA	311	74	A	0	0	73	38.8219178082192
A_PA	312	74	A	0	0	74	38.8513513513514
A_PA	313	74	T	0	0	74	40.7162162162162
A_PA	314	74	T	0	0	73	42.041095890411
A_PA	315	74	T	0	0	74	42.8918918918919
A_PA	316	74	C	0	0	74	42.7162162162162
A_PA	317	74	T	0	0	74	43.5945945945946
A_PA	318	74	T	0	0	74	43.5810810810811
A_PA	319	74	C	0	0	74	42.4459459459459
A_PA	320	74	C	0	0	74	43.4459459459459
A_PA	321	74	T	0	0	74	43.7162162162162
A_PA	322	74	G	0	0	73	42.3835616438356
A_PA	323	74	A	0	0	74	41.7297297297297
A_PA	324	74	T	0	0	74	42.7027027027027
A_PA	325	74	T	0	0	74	42.5810810810811
A_PA	326	74	T	0	0	73	42.6301369863014
A_PA	327	74	G	0	0	74	43.2297297297297
A_PA	328	74	T	0	0	74	43.1216216216216
A_PA	329	74	A	0	0	74	42.9324324324324
A_PA	330	74	T	0	0	74	43.4459459459459
A_PA	331	74	G	0	0	74	41.3648648648649
A_PA	332	74	A	0	0	74	41.0945945945946
A_PA	333	74	T	0	0	74	40.1486486486486
A_PA	334	74	T	0	0	74	40.3648648648649
A_PA	335	74	A	0	0	74	40.6081081081081
A_PA	336	74	C	0	0	74	40.3513513513514
A_PA	337	74	A	0	0	74	38.527027027027
A_PA	338	74	A	0	0	74	39.9594594594595
A_PA	339	74	A	0	0	74	39.4324324324324
A_PA	340	74	G	0	0	74	39.472972972973
A_PA	341	74	A	0	0	74	41.9189189189189
A_PA	342	75	G	0	0	75	40.5866666666667
A_PA	343	75	A	0	0	75	41.1733333333333
A_PA	344	75	A	0	0	75	40.9466666666667
A_PA	345	75	C	0	0	75	40.7466666666667
A_PA	346	75	C	0	0	75	40.4
A_PA	347	75	G	0	0	75	40.64
A_PA	348	75	G	0	0	75	40.4933333333333
A_PA	349	75	T	0	0	75	40.4266666666667
A_PA	350	75	T	0	0	75	40.4666666666667
A_PA	351	75	C	0	0	74	41.5
A_PA	352	75	A	0	0	75	41.8266666666667
A_PA	353	75	T	0	0	75	42.1333333333333
A_PA	354	75	T	0	0	74	41.7027027027027
A_PA	355	75	G	0	0	75	41.24
A_PA	356	75	A	0	0	75	41.72
A_PA	357	75	A	0	0	75	42.9866666666667
A_PA	358	75	A	0	0	75	42.5466666666667
A_PA	359	75	T	0	0	75	42.2533333333333
A_PA	360	75	T	0	0	75	43.3733333333333
A_PA	361	75	G	0	0	75	42.4666666666667
A_PA	362	75	G	0	0	75	42.6533333333333
A_PA	363	75	A	0	0	75	43
A_PA	364	75	G	0	0	75	44.1066666666667
A_PA	365	75	T	0	0	75	41.96
A_PA	366	75	A	0	0	75	41.5066666666667
A_PA	367	75	A	0	0	75	41.04
A_PA	368	75	C	0	0	75	40.9066666666667
A_PA	369	75	A	0	0	75	40.2133333333333
A_PA	370	75	C	0	0	75	40.72
A_PA	371	74	G	1	0	74	36.9594594594595
A_PA	372	75	G	0	0	75	35.68
A_PA	373	75	A	0	0	75	35.5066666666667
A_PA	374	75	G	0	0	75	38.7466666666667
A_PA	375	75	G	0	0	75	38.52
A_PA	376	75	G	0	0	74	40.1081081081081
A_PA	377	75	A	0	0	75	37.2133333333333
A_PA	378	75	A	0	0	75	38.0666666666667
A_PA	379	75	G	0	0	73	39.4520547945205
A_PA	380	75	T	0	0	75	37.9333333333333
A_PA	381	75	C	0	0	73	38.013698630137
A_PA	382	75	C	0	0	75	36.4533333333333
A_PA	383	75	A	0	0	75	35.7733333333333
A_PA	384	75	C	0	0	75	36.2533333333333
A_PA	385	75	A	0	0	75	36.68
A_PA	386	75	T	0	0	75	36.1866666666667
A_PA	387	74	A	0	0	74	37.027027027027
A_PA	388	73	T	1	0	73	38.3013698630137
A_PA	389	73	A	1	0	73	38.1917808219178
A_PA	390	72	T	1	0	72	37.9861111111111
A_PA	391	73	T	0	0	73	39.8356164383562
A_PA	392	73	A	0	0	72	39.5833333333333
A_PA	393	72	C	0	0	72	40.0833333333333
A_PA	394	72	C	0	0	72	39.7222222222222
A_PA	395	72	T	0	0	72	41.0694444444444
A_PA	396	71	A	1	0	71	37.7323943661972
A_PA	397	72	G	0	0	72	37.8611111111111
A_PA	398	71	A	1	0	71	37.7464788732394
A_PA	399	71	G	1	0	71	38.2394366197183
A_PA	400	71	A	1	0	71	39.7887323943662
A_PA	401	72	A	0	0	72	41.0138888888889
A_PA	402	72	A	0	0	72	40.7638888888889
A_PA	403	72	G	0	0	72	40.9444444444444
A_PA	404	72	C	0	0	72	41.4027777777778
A_PA	405	72	C	0	0	72	40.5694444444444
A_PA	406	72	A	0	0	72	40.5972222222222
A_PA	407	72	A	0	0	72	40.7916666666667
A_PA	408	72	C	0	0	72	40.9861111111111
A_PA	409	72	A	0	0	72	39.4166666666667
A_PA	410	72	A	0	0	72	40.1666666666667
A_PA	411	72	A	0	0	72	41.6388888888889
A_PA	412	72	A	0	0	72	40.9166666666667
A_PA	413	72	T	0	0	72	41.4861111111111
A_PA	414	72	A	0	0	72	40.25
A_PA	415	72	A	0	0	72	40.2638888888889
A_PA	416	72	A	0	0	72	40.1666666666667
A_PA	417	72	A	0	0	72	40.9722222222222
A_PA	418	72	T	0	0	71	41.5633802816901
A_PA	419	72	C	0	0	72	39.5972222222222
A_PA	420	72	T	0	0	72	40.0416666666667
A_PA	421	72	G	0	0	72	36.1388888888889
A_PA	422	72	A	0	0	72	35.6388888888889
A_PA	423	72	G	0	0	72	35.5555555555556
A_PA	424	71	A	1	0	71	37.5633802816901
A_PA	425	72	A	0	0	72	38.0833333333333
A_PA	426	71	G	1	0	71	40.7183098591549
A_PA	427	72	A	0	0	72	42.2083333333333
A_PA	428	72	C	0	0	71	42.7464788732394
A_PA	429	72	A	0	0	70	42.6714285714286
A_PA	430	72	C	0	0	72	43.0694444444444
A_PA	431	72	A	0	0	72	41.8194444444444
A_PA	432	71	C	0	0	71	40.1971830985916
A_PA	433	71	A	0	0	71	41.5492957746479
A_PA	434	71	T	0	0	70	42.0714285714286
A_PA	435	71	T	0	0	71	40.7464788732394
A_PA	436	71	C	0	0	71	40.5352112676056
A_PA	437	71	A	0	0	71	40.4507042253521
A_PA	438	71	C	0	0	71	41.4788732394366
A_PA	439	71	A	0	0	70	41.2857142857143
A_PA	440	71	T	0	0	71	42.112676056338
A_PA	441	71	C	0	0	71	41.4929577464789
A_PA	442	67	T	4	0	67	43.6865671641791
A_PA	443	70	T	1	0	70	40.3714285714286
A_PA	444	70	T	1	0	70	39.7571428571429
A_PA	445	71	T	0	0	71	37.5774647887324
A_PA	446	71	C	0	0	71	35.2112676056338
A_PA	447	71	A	0	0	71	39.0845070422535
A_PA	448	71	T	0	0	71	40.7746478873239
A_PA	449	71	T	0	0	71	42.0422535211268
A_PA	450	71	C	0	0	71	42.2253521126761
A_PA	451	71	A	0	0	71	41.7323943661972
A_PA	452	71	C	0	0	71	41.7464788732394
A_PA	453	71	T	0	0	71	41.112676056338
A_PA	454	70	G	1	0	70	39.7857142857143
A_PA	455	71	G	0	0	71	39.9718309859155
A_PA	456	71	A	0	0	70	39.4428571428571
A_PA	457	71	G	0	0	71	40.1830985915493
A_PA	458	71	A	0	0	71	41.6619718309859
A_PA	459	71	G	0	0	71	40.887323943662
A_PA	460	71	G	0	0	71	39.4647887323944
A_PA	461	71	A	0	0	71	39.3098591549296
A_PA	462	71	G	0	0	70	38.9142857142857
A_PA	463	71	A	0	0	71	39.3098591549296
A_PA	464	71	T	0	0	71	39.7464788732394
A_PA	465	71	G	0	0	71	38.8591549295775
A_PA	466	71	G	0	0	71	38.6197183098592
A_PA	467	71	C	0	0	71	39.4647887323944
A_PA	468	71	C	0	0	70	39.3
A_PA	469	71	A	0	0	70	38.5571428571429
A_PA	470	71	C	0	0	71	38
A_PA	471	71	C	0	0	71	38.4788732394366
A_PA	472	71	A	0	0	71	37.7183098591549
A_PA	473	71	A	0	0	71	38.3661971830986
A_PA	474	70	A	1	0	70	39.6714285714286
A_PA	475	69	G	2	0	68	39.8529411764706
A_PA	476	69	C	2	0	69	38.9420289855072
A_PA	477	70	G	1	0	70	38.3714285714286
A_PA	478	71	G	0	0	70	37.3142857142857
A_PA	479	72	A	0	0	71	36.8169014084507
A_PA	480	72	C	0	0	71	36.5915492957746
A_PA	481	72	T	0	0	71	36.8450704225352
A_PA	482	71	A	1	0	71	37.8169014084507
A_PA	483	71	C	1	0	71	39.4084507042254
A_PA	484	71	A	1	0	71	40.3661971830986
A_PA	485	72	C	0	0	71	40.9718309859155
A_PA	486	72	C	0	0	72	40.75
A_PA	487	72	C	0	0	72	41.3611111111111
A_PA	488	72	T	0	0	71	41.4366197183099
A_PA	489	72	T	0	0	72	41.2361111111111
A_PA	490	72	G	0	0	72	39.4444444444444
A_PA	491	72	A	0	0	72	38.3888888888889
A_PA	492	73	C	0	0	73	38.958904109589
A_PA	493	72	G	1	0	72	37.9444444444444
A_PA	494	73	A	0	0	73	38.1917808219178
A_PA	495	73	A	0	0	73	38.6164383561644
A_PA	496	73	G	0	0	73	39.5753424657534
A_PA	497	73	A	0	0	73	40.8082191780822
A_PA	498	73	A	0	0	73	41.8904109589041
A_PA	499	73	A	0	0	73	41.8904109589041
A_PA	500	73	G	0	0	73	41.1506849315069
A_PA	501	73	C	0	0	73	41.4246575342466
A_PA	502	73	A	0	0	73	40.7671232876712
A_PA	503	73	G	0	0	73	40.0684931506849
A_PA	504	73	A	0	0	73	40.8356164383562
A_PA	505	73	G	0	0	73	39.8767123287671
A_PA	506	73	C	0	0	73	40.5890410958904
A_PA	507	73	A	0	0	73	39.3835616438356
A_PA	508	73	A	0	0	73	40.1369863013699
A_PA	509	73	G	0	0	73	39.6712328767123
A_PA	510	73	A	0	0	73	41
A_PA	511	73	A	0	0	73	41.1780821917808
A_PA	512	73	T	0	0	73	40.7671232876712
A_PA	513	73	C	0	0	73	39.8219178082192
A_PA	514	72	A	1	0	72	39.1666666666667
A_PA	515	73	A	0	0	73	40.0684931506849
A_PA	516	73	A	0	0	73	41.7534246575342
A_PA	517	73	A	0	0	73	42.2465753424658
A_PA	518	73	C	0	0	73	41.7945205479452
A_PA	519	73	T	0	0	72	41.6527777777778
A_PA	520	73	A	0	0	72	38.6388888888889
A_PA	521	73	G	0	0	73	38.7945205479452
A_PA	522	73	G	0	0	73	38.972602739726
A_PA	523	73	C	0	0	73	38.2739726027397
A_PA	524	73	T	0	0	73	38.3561643835616
A_PA	525	73	T	0	0	73	39.6575342465753
A_PA	526	73	T	0	0	73	39.7260273972603
A_PA	527	73	T	0	0	73	42.013698630137
A_PA	528	73	C	0	0	73	39.9178082191781
A_PA	529	72	A	1	0	72	40.5138888888889
A_PA	530	72	C	1	0	72	40.8472222222222
A_PA	531	72	T	1	0	72	40.5833333333333
A_PA	532	73	A	0	0	73	40.6575342465753
A_PA	533	73	T	0	0	73	40.5479452054795
A_PA	534	73	A	0	0	72	39.2361111111111
A_PA	535	73	A	0	0	73	38.7123287671233
A_PA	536	73	G	0	0	73	38.1506849315069
A_PA	537	73	A	0	0	73	38.3150684931507
A_PA	538	73	C	0	0	73	39.3150684931507
A_PA	539	73	A	0	0	73	41.013698630137
A_PA	540	73	A	0	0	73	40.2876712328767
A_PA	541	73	G	0	0	73	40.8493150684931
A_PA	542	73	A	0	0	73	41.0547945205479
A_PA	543	73	A	0	0	73	41.986301369863
A_PA	544	73	A	0	0	73	42.027397260274
A_PA	545	73	T	0	0	73	40.5616438356164
A_PA	546	72	G	0	0	72	38.5972222222222
A_PA	547	72	G	0	0	72	37.9583333333333
A_PA	548	72	C	0	0	72	39.5
A_PA	549	72	C	0	0	72	39.0972222222222
A_PA	550	72	A	0	0	71	38.6338028169014
A_PA	551	71	G	0	0	71	38.9154929577465
A_PA	552	71	T	0	0	71	39.9154929577465
A_PA	553	71	A	0	0	71	38.8591549295775
A_PA	554	70	G	1	0	70	39.6142857142857
A_PA	555	71	G	0	0	70	39.3428571428571
A_PA	556	71	A	0	0	71	39.8028169014084
A_PA	557	71	G	0	0	71	40.1408450704225
A_PA	558	71	T	0	0	71	40.7323943661972
A_PA	559	71	C	0	0	70	39.7142857142857
A_PA	560	71	T	0	0	71	40.0140845070423
A_PA	561	71	A	0	0	71	40.4647887323944
A_PA	562	71	T	0	0	71	39.4084507042254
A_PA	563	70	G	1	0	70	38.6571428571429
A_PA	564	71	G	0	0	71	40.2253521126761
A_PA	565	71	G	0	0	71	40.7464788732394
A_PA	566	71	A	0	0	71	40.1408450704225
A_PA	567	71	T	0	0	70	41.4428571428571
A_PA	568	71	T	0	0	71	40.6901408450704
A_PA	569	71	C	0	0	70	40.2571428571429
A_PA	570	71	C	0	0	71	39.8450704225352
A_PA	571	70	T	1	0	70	40.1857142857143
A_PA	572	71	T	0	0	71	39.2253521126761
A_PA	573	71	T	0	0	71	39.2816901408451
A_PA	574	71	C	0	0	69	37.4347826086956
A_PA	575	71	G	0	0	70	37.4428571428571
A_PA	576	71	T	0	0	71	37.2394366197183
A_PA	577	71	C	0	0	70	38.0142857142857
A_PA	578	71	A	0	0	71	36.4225352112676
A_PA	579	71	G	0	0	70	36.5285714285714
A_PA	580	71	T	0	0	71	36.8028169014084
A_PA	581	70	C	1	0	70	36.2285714285714
A_PA	582	71	C	0	0	71	37.5211267605634
A_PA	583	66	G	5	0	66	35.9090909090909
A_PA	584	71	A	0	0	71	34.3802816901408
A_PA	585	71	A	0	0	71	35.0281690140845
A_PA	586	71	A	0	0	71	34.8450704225352
A_PA	587	71	G	0	0	70	34.3
A_PA	588	71	A	0	0	71	37.9577464788732
A_PA	589	71	G	0	0	71	37.9295774647887
A_PA	590	71	G	0	0	71	36.9577464788732
A_PA	591	71	C	0	0	71	36.5915492957746
A_PA	592	71	G	0	0	71	36.7746478873239
A_PA	593	71	A	0	0	71	36.3521126760563
A_PA	594	71	A	0	0	71	36.1267605633803
A_PA	595	71	G	0	0	71	35.9295774647887
A_PA	596	71	A	0	0	71	37.3802816901408
A_PA	597	71	A	0	0	70	38.4571428571429
A_PA	598	71	A	0	0	71	39.2394366197183
A_PA	599	71	C	0	0	71	38.0422535211268
A_PA	600	71	A	0	0	71	36.8169014084507
A_PA	601	71	A	0	0	71	37.9718309859155
A_PA	602	71	T	0	0	71	38.7887323943662
A_PA	603	71	T	0	0	71	38.5070422535211
A_PA	604	71	G	0	0	71	37.6619718309859
A_PA	605	71	A	0	0	71	39.2816901408451
A_PA	606	70	A	1	0	70	38.9571428571429
A_PA	607	70	G	1	0	69	38.4492753623188
A_PA	608	71	A	0	0	71	38.3380281690141
A_PA	609	71	A	0	0	71	38.4507042253521
A_PA	610	71	A	0	0	71	38.9718309859155
A_PA	611	71	A	0	0	71	39.830985915493
A_PA	612	70	G	1	0	70	38.1714285714286
A_PA	613	70	T	1	0	70	38.4714285714286
A_PA	614	71	T	0	0	71	39.2957746478873
A_PA	615	71	T	0	0	71	39.5774647887324
A_PA	616	71	G	0	0	70	39.5714285714286
A_PA	617	72	A	0	0	72	39.3472222222222
A_PA	618	72	A	0	0	72	40.4027777777778
A_PA	619	72	A	0	0	72	40.8333333333333
A_PA	620	72	T	0	0	72	40.625
A_PA	621	72	T	0	0	72	41.7777777777778
A_PA	622	72	A	0	0	72	39.0972222222222
A_PA	623	72	C	0	0	72	38.1388888888889
A_PA	624	72	A	0	0	72	36.1527777777778
A_PA	625	72	G	0	0	72	36.0277777777778
A_PA	626	72	G	0	0	72	36.1805555555556
A_PA	627	72	A	0	0	72	38.0138888888889
A_PA	628	72	A	0	0	72	37.6944444444444
A_PA	629	72	C	0	0	71	40.3661971830986
A_PA	630	72	T	0	0	72	40.0833333333333
A_PA	631	72	A	0	0	72	39.6944444444444
A_PA	632	72	T	0	0	72	40.7361111111111
A_PA	633	72	G	0	0	72	39.5
A_PA	634	72	C	0	0	72	38.3611111111111
A_PA	635	72	G	0	0	71	38.056338028169
A_PA	636	72	C	0	0	71	39.5915492957746
A_PA	637	72	A	0	0	72	38.9444444444444
A_PA	638	72	A	0	0	72	39.7361111111111
A_PA	639	72	G	0	0	72	40.6111111111111
A_PA	640	72	C	0	0	71	40.5352112676056
A_PA	641	72	T	0	0	71	39.6338028169014
A_PA	642	72	T	0	0	71	41.2394366197183
A_PA	643	72	G	0	0	71	39.6056338028169
A_PA	644	72	C	0	0	72	41
A_PA	645	72	C	0	0	70	40.1428571428571
A_PA	646	72	G	0	0	70	37.1571428571429
A_PA	647	72	A	0	0	72	38
A_PA	648	72	C	0	0	72	37.5138888888889
A_PA	649	72	C	0	0	72	37.9722222222222
A_PA	650	71	A	1	0	71	38.0704225352113
A_PA	651	72	A	0	0	72	39.1944444444444
A_PA	652	72	A	0	0	72	40.4861111111111
A_PA	653	71	G	1	0	70	40.4285714285714
A_PA	654	71	T	1	0	70	41.9428571428571
A_PA	655	71	C	1	0	71	41.1971830985916
A_PA	656	71	T	1	0	71	41.0140845070423
A_PA	657	72	C	0	0	71	39.3380281690141
A_PA	658	72	C	0	0	72	38.1111111111111
A_PA	659	72	C	0	0	71	37.6478873239437
A_PA	660	72	A	0	0	71	36.7605633802817
A_PA	661	72	C	0	0	72	37.5
A_PA	662	72	C	0	0	72	39
A_PA	663	72	A	0	0	72	39.0416666666667
A_PA	664	72	A	0	0	72	38.6944444444444
A_PA	665	72	A	0	0	72	39.5138888888889
A_PA	666	72	C	0	0	72	39.9861111111111
A_PA	667	72	T	0	0	72	39.4861111111111
A_PA	668	72	T	0	0	72	39.0277777777778
A_PA	669	72	C	0	0	72	39.5972222222222
A_PA	670	72	T	0	0	72	39.6527777777778
A_PA	671	72	C	0	0	72	39.4583333333333
A_PA	672	72	C	0	0	72	39.6944444444444
A_PA	673	72	T	0	0	72	39.9583333333333
A_PA	674	72	G	0	0	72	40.1944444444444
A_PA	675	72	C	0	0	72	39.2222222222222
A_PA	676	72	C	0	0	72	39.0833333333333
A_PA	677	70	T	2	0	69	39.1739130434783
A_PA	678	72	T	0	0	72	38.9583333333333
A_PA	679	72	G	0	0	72	36.8194444444444
A_PA	680	73	A	0	0	73	36.8356164383562
A_PA	681	73	A	0	0	73	39.4657534246575
A_PA	682	73	A	0	0	73	41.1780821917808
A_PA	683	73	A	0	0	73	42.4109589041096
A_PA	684	73	C	0	0	73	41.7260273972603
A_PA	685	73	T	0	0	73	41.4657534246575
A_PA	686	73	T	0	0	73	41.8493150684931
A_PA	687	73	C	0	0	73	40.5205479452055
A_PA	688	73	A	0	0	73	39.1095890410959
A_PA	689	73	G	0	0	73	39.1643835616438
A_PA	690	73	A	0	0	73	38.4931506849315
A_PA	691	73	G	0	0	73	38.1369863013699
A_PA	692	73	C	0	0	73	38.5753424657534
A_PA	693	73	C	0	0	73	38.2328767123288
A_PA	694	73	T	0	0	73	39.2602739726027
A_PA	695	73	A	0	0	73	39.4931506849315
A_PA	696	73	T	0	0	73	40.2465753424658
A_PA	697	73	G	0	0	73	41.3424657534247
A_PA	698	73	T	0	0	73	42.2602739726027
A_PA	699	73	A	0	0	73	39.5342465753425
A_PA	700	73	G	0	0	72	41.25
A_PA	701	73	A	0	0	73	40.2328767123288
A_PA	702	73	T	0	0	73	39.2465753424658
A_PA	703	73	G	0	0	73	38.6712328767123
A_PA	704	72	G	1	0	72	41.4305555555556
A_PA	705	72	A	1	0	72	40.0416666666667
A_PA	706	73	T	0	0	72	41.2361111111111
A_PA	707	73	T	0	0	73	40.6986301369863
A_PA	708	73	C	0	0	73	39.2739726027397
A_PA	709	72	G	1	0	72	39.625
A_PA	710	73	A	0	0	73	39.2602739726027
A_PA	711	73	G	0	0	73	38.7397260273973
A_PA	712	73	C	0	0	73	39.1506849315069
A_PA	713	73	C	0	0	72	38.5972222222222
A_PA	714	73	G	0	0	72	38.4166666666667
A_PA	715	73	A	0	0	73	39.5479452054795
A_PA	716	73	A	0	0	73	39.2465753424658
A_PA	717	73	C	0	0	73	38.7397260273973
A_PA	718	73	G	0	0	73	38.1917808219178
A_PA	719	73	G	0	0	73	39.6849315068493
A_PA	720	73	C	0	0	73	40.0958904109589
A_PA	721	73	T	0	0	73	40.013698630137
A_PA	722	73	G	0	0	73	38.8493150684931
A_PA	723	73	C	0	0	73	39.5753424657534
A_PA	724	73	A	0	0	73	37.7397260273973
A_PA	725	73	T	0	0	73	38.4246575342466
A_PA	726	73	T	0	0	72	38.9027777777778
A_PA	727	72	G	1	0	72	38.75
A_PA	728	72	A	1	0	72	39.2638888888889
A_PA	729	72	G	1	0	71	41.1408450704225
A_PA	730	72	G	2	0	71	40.5774647887324
A_PA	731	72	G	2	0	72	40.0833333333333
A_PA	732	73	C	1	0	72	39.4305555555556
A_PA	733	74	A	0	0	73	38.8904109589041
A_PA	734	74	A	0	0	73	38.9452054794521
A_PA	735	74	G	0	0	74	37.8783783783784
A_PA	736	74	C	0	0	73	38.5068493150685
A_PA	737	72	T	2	0	72	37.5555555555556
A_PA	738	74	T	0	0	74	37.472972972973
A_PA	739	73	T	1	0	72	35.5972222222222
A_PA	740	73	C	1	0	72	33.8333333333333
A_PA	741	74	C	0	0	74	34.8513513513514
A_PA	742	74	C	0	0	74	35.6486486486486
A_PA	743	74	A	0	0	73	32.7534246575342
A_PA	744	74	A	0	0	74	34.9054054054054
A_PA	745	74	A	0	0	74	38.1081081081081
A_PA	746	73	T	1	0	73	36.5205479452055
A_PA	747	74	G	0	0	73	37.4657534246575
A_PA	748	74	T	0	0	74	38.8378378378378
A_PA	749	74	C	0	0	73	36.8493150684931
A_PA	750	74	A	0	0	73	36.2602739726027
A_PA	751	74	A	0	0	74	37.2567567567568
A_PA	752	74	A	0	0	74	38.527027027027
A_PA	753	74	A	0	0	73	40.1506849315069
A_PA	754	74	G	0	0	73	42.6027397260274
A_PA	755	74	A	0	0	74	42.7162162162162
A_PA	756	74	A	0	0	74	41.8378378378378
A_PA	757	74	G	0	0	74	40.5405405405405
A_PA	758	74	T	0	0	74	40.8648648648649
A_PA	759	74	G	0	0	74	39.2702702702703
A_PA	760	74	A	0	0	74	40.7027027027027
A_PA	761	74	A	0	0	73	40.7808219178082
A_PA	762	74	C	0	0	73	41.0684931506849
A_PA	763	74	G	0	0	73	39.4657534246575
A_PA	764	74	C	0	0	74	38.3108108108108
A_PA	765	74	C	0	0	73	38.013698630137
A_PA	766	74	A	0	0	74	37.5
A_PA	767	74	A	0	0	74	38.8783783783784
A_PA	768	74	A	0	0	73	40.4657534246575
A_PA	769	74	A	0	0	74	40.2162162162162
A_PA	770	74	T	0	0	74	41.2567567567568
A_PA	771	74	T	0	0	74	41.5
A_PA	772	74	G	0	0	73	39.2054794520548
A_PA	773	74	A	0	0	73	38.7808219178082
A_PA	774	74	A	0	0	74	38.6891891891892
A_PA	775	74	C	0	0	74	38.0405405405405
A_PA	776	74	C	0	0	74	37.972972972973
A_PA	777	74	A	0	0	74	37.7432432432432
A_PA	778	74	T	0	0	74	39.6891891891892
A_PA	779	74	T	0	0	74	38.9864864864865
A_PA	780	74	C	0	0	74	37.9324324324324
A_PA	781	73	T	1	0	72	38.5555555555556
A_PA	782	73	T	1	0	73	37.8904109589041
A_PA	783	73	G	1	0	73	36.7260273972603
A_PA	784	74	A	0	0	74	37.0135135135135
A_PA	785	74	A	0	0	74	38.6216216216216
A_PA	786	74	G	0	0	74	38.0810810810811
A_PA	787	74	A	0	0	74	38.6081081081081
A_PA	788	74	C	0	0	73	38.0684931506849
A_PA	789	74	G	0	0	73	36.8904109589041
A_PA	790	73	A	1	0	72	37.0694444444444
A_PA	791	73	C	1	0	73	38.1232876712329
A_PA	792	73	A	1	0	73	37.0821917808219
A_PA	793	73	C	1	0	73	37.7123287671233
A_PA	794	73	C	1	0	73	38.1780821917808
A_PA	795	73	A	1	0	73	37.2602739726027
A_PA	796	73	C	1	0	73	36.7260273972603
A_PA	797	73	G	1	0	73	37
A_PA	798	73	C	1	0	73	36.9315068493151
A_PA	799	74	C	0	0	73	36.2191780821918
A_PA	800	74	C	0	0	74	36.1756756756757
A_PA	801	74	C	0	0	74	34.1216216216216
A_PA	802	74	T	0	0	74	32.8783783783784
A_PA	803	74	T	0	0	74	37.2297297297297
A_PA	804	74	C	0	0	74	34.9594594594595
A_PA	805	74	A	0	0	74	35
A_PA	806	74	G	0	0	74	37.0945945945946
A_PA	807	74	A	0	0	74	38.3918918918919
A_PA	808	74	T	0	0	74	39.2297297297297
A_PA	809	74	T	0	0	73	39.986301369863
A_PA	810	74	A	0	0	74	38.2297297297297
A_PA	811	74	C	0	0	74	38.7972972972973
A_PA	812	73	C	0	0	73	39.8904109589041
A_PA	813	73	T	0	0	72	40.1944444444444
A_PA	814	73	G	0	0	73	39.7260273972603
A_PA	815	73	A	0	0	73	39.986301369863
A_PA	816	73	T	0	0	73	40.4794520547945
A_PA	817	73	G	0	0	73	39.1506849315069
A_PA	818	72	G	1	0	72	39.7777777777778
A_PA	819	72	A	1	0	72	40.1944444444444
A_PA	820	72	C	1	0	72	39.3472222222222
A_PA	821	72	C	1	0	72	40.4166666666667
A_PA	822	73	T	0	0	72	40.4166666666667
A_PA	823	73	C	0	0	72	38.8194444444444
A_PA	824	73	T	0	0	73	39.2328767123288
A_PA	825	73	T	0	0	73	39.4794520547945
A_PA	826	73	T	0	0	72	40.6527777777778
A_PA	827	73	G	0	0	73	38.1369863013699
A_PA	828	73	C	0	0	73	40.5616438356164
A_PA	829	73	C	0	0	73	41
A_PA	830	73	A	0	0	73	40.6027397260274
A_PA	831	73	T	0	0	73	40.4109589041096
A_PA	832	73	C	0	0	73	39.1095890410959
A_PA	833	73	A	0	0	73	40.4657534246575
A_PA	834	72	G	1	0	72	39.8333333333333
A_PA	835	72	C	1	0	72	40.1944444444444
A_PA	836	73	G	0	0	72	38.625
A_PA	837	73	G	0	0	72	37.3888888888889
A_PA	838	72	T	1	0	72	39.1666666666667
A_PA	839	72	C	1	0	70	37.7714285714286
A_PA	840	73	A	0	0	72	35.5833333333333
A_PA	841	73	A	0	0	73	35.7260273972603
A_PA	842	73	A	0	0	73	35.8219178082192
A_PA	843	73	G	0	0	73	33.3013698630137
A_PA	844	73	T	0	0	73	33.6164383561644
A_PA	845	73	T	0	0	73	33.8219178082192
A_PA	846	73	C	0	0	73	33.5068493150685
A_PA	847	73	C	0	0	73	33.4657534246575
A_PA	848	73	T	0	0	73	37.8767123287671
A_PA	849	73	G	0	0	73	38.8219178082192
A_PA	850	73	C	0	0	73	40.6164383561644
A_PA	851	73	T	0	0	73	40.0821917808219
A_PA	852	73	G	0	0	73	39.2328767123288
A_PA	853	73	A	0	0	72	38.7638888888889
A_PA	854	73	T	0	0	73	37.8356164383562
A_PA	855	72	G	0	0	72	37.1805555555556
A_PA	856	72	G	0	0	71	38.0140845070423
A_PA	857	72	A	0	0	72	37.6527777777778
A_PA	858	72	T	0	0	71	39.112676056338
A_PA	859	72	G	0	0	72	38.6805555555556
A_PA	860	72	C	0	0	70	38.1285714285714
A_PA	861	72	T	0	0	72	38.9444444444444
A_PA	862	72	C	0	0	72	38.6527777777778
A_PA	863	72	T	0	0	72	38.9027777777778
A_PA	864	72	G	0	0	72	37.5
A_PA	865	71	A	1	0	70	38.6857142857143
A_PA	866	72	A	0	0	72	40.2916666666667
A_PA	867	72	A	0	0	72	40.6805555555556
A_PA	868	72	T	0	0	72	40.6805555555556
A_PA	869	72	T	0	0	72	40.875
A_PA	870	72	A	0	0	71	38.9577464788732
A_PA	871	72	A	0	0	72	39.7777777777778
A_PA	872	72	G	0	0	72	38.9583333333333
A_PA	873	72	C	0	0	71	39.1830985915493
A_PA	874	72	A	0	0	72	38.3055555555556
A_PA	875	72	T	0	0	72	40.4583333333333
A_PA	876	72	T	0	0	72	40.0972222222222
A_PA	877	72	G	0	0	72	40.1388888888889
A_PA	878	72	A	0	0	72	41.0833333333333
A_PA	879	72	A	0	0	72	42.4861111111111
A_PA	880	72	G	0	0	72	41.1527777777778
A_PA	881	72	A	0	0	72	41.5555555555556
A_PA	882	72	C	0	0	72	40.1111111111111
A_PA	883	72	C	0	0	72	40.5694444444444
A_PA	884	72	C	0	0	72	40.5694444444444
A_PA	885	72	G	0	0	72	38.75
A_PA	886	72	A	0	0	71	39.1971830985916
A_PA	887	72	G	0	0	72	38.1666666666667
A_PA	888	72	T	0	0	72	39.3333333333333
A_PA	889	72	C	0	0	72	37.8888888888889
A_PA	890	72	A	0	0	72	39.4166666666667
A_PA	891	72	C	0	0	71	39.7887323943662
A_PA	892	72	G	0	0	72	36.7916666666667
A_PA	893	72	A	0	0	72	38.3611111111111
A_PA	894	60	G	12	0	60	38.45
A_PA	895	71	G	1	0	71	37.5352112676056
A_PA	896	71	G	1	0	71	36.5211267605634
A_PA	897	72	G	0	0	71	37.5492957746479
A_PA	898	72	G	0	0	69	36.5797101449275
A_PA	899	71	A	1	0	70	36.7571428571429
A_PA	900	72	A	0	0	72	34.9722222222222
A_PA	901	72	G	0	0	72	34.3055555555556
A_PA	902	72	G	0	0	71	34.8450704225352
A_PA	903	72	A	0	0	71	36.2253521126761
A_PA	904	72	A	0	0	72	38.1527777777778
A_PA	905	72	T	0	0	72	38.0416666666667
A_PA	906	71	A	1	0	70	37.6285714285714
A_PA	907	71	C	1	0	71	37.4929577464789
A_PA	908	71	C	1	0	71	37.7042253521127
A_PA	909	71	A	1	0	71	36.5915492957746
A_PA	910	71	C	1	0	71	36.830985915493
A_PA	911	72	T	0	0	71	37.9859154929577
A_PA	912	72	A	0	0	72	39.0277777777778
A_PA	913	72	T	0	0	72	39.6527777777778
A_PA	914	72	A	0	0	72	39.0416666666667
A_PA	915	72	T	0	0	72	39.2777777777778
A_PA	916	72	G	0	0	72	39.9583333333333
A_PA	917	72	A	0	0	72	40.7916666666667
A_PA	918	72	T	0	0	72	41.8333333333333
A_PA	919	72	G	0	0	72	40.9861111111111
A_PA	920	72	C	0	0	72	40.4444444444444
A_PA	921	72	A	0	0	72	39.1944444444444
A_PA	922	72	A	0	0	72	39.3611111111111
A_PA	923	72	T	0	0	72	39.0277777777778
A_PA	924	72	C	0	0	72	38.4166666666667
A_PA	925	72	A	0	0	72	38.4583333333333
A_PA	926	72	A	0	0	72	40.2638888888889
A_PA	927	72	A	0	0	72	40
A_PA	928	72	T	0	0	72	41.9722222222222
A_PA	929	72	G	0	0	72	41.125
A_PA	930	72	C	0	0	72	41.8194444444444
A_PA	931	72	A	0	0	72	41.9305555555556
A_PA	932	72	T	0	0	72	41.9583333333333
A_PA	933	72	G	0	0	71	41.6056338028169
A_PA	934	72	A	0	0	72	43.125
A_PA	935	72	A	0	0	71	43.3239436619718
A_PA	936	73	G	0	0	72	42.9861111111111
A_PA	937	73	A	0	0	73	42.8767123287671
A_PA	938	73	C	0	0	73	42.3287671232877
A_PA	939	73	A	0	0	73	41.958904109589
A_PA	940	73	T	0	0	73	41.5342465753425
A_PA	941	73	T	0	0	73	42.1643835616438
A_PA	942	73	C	0	0	73	40.7123287671233
A_PA	943	73	T	0	0	73	40.9041095890411
A_PA	944	73	T	0	0	73	40.1780821917808
A_PA	945	73	T	0	0	73	40.8767123287671
A_PA	946	73	G	0	0	73	39.041095890411
A_PA	947	73	G	0	0	73	38.958904109589
A_PA	948	73	C	0	0	73	40.2739726027397
A_PA	949	73	T	0	0	73	40.4109589041096
A_PA	950	72	G	1	0	72	38.9305555555556
A_PA	951	73	G	0	0	73	38.5616438356164
A_PA	952	71	A	2	0	71	38.8169014084507
A_PA	953	73	A	0	0	73	39.6986301369863
A_PA	954	73	A	0	0	72	41.0277777777778
A_PA	955	73	G	0	0	73	41.3013698630137
A_PA	956	73	A	0	0	73	41.986301369863
A_PA	957	73	G	0	0	73	41.1369863013699
A_PA	958	73	C	0	0	73	40.6438356164384
A_PA	959	73	C	0	0	73	39.6438356164384
A_PA	960	73	T	0	0	73	40.0821917808219
A_PA	961	71	A	2	0	70	39.4857142857143
A_PA	962	73	A	0	0	73	39.2465753424658
A_PA	963	73	A	0	0	72	39.2222222222222
A_PA	964	73	A	0	0	73	40.7808219178082
A_PA	965	73	T	0	0	73	41.1780821917808
A_PA	966	73	A	0	0	72	38.8611111111111
A_PA	967	73	G	0	0	72	37.9583333333333
A_PA	968	73	T	0	0	73	38.0684931506849
A_PA	969	73	C	0	0	73	37.6438356164384
A_PA	970	73	A	0	0	73	38.0547945205479
A_PA	971	73	A	0	0	73	40.027397260274
A_PA	972	73	A	0	0	73	40.4931506849315
A_PA	973	73	C	0	0	73	40.8493150684931
A_PA	974	73	C	0	0	73	41.5479452054795
A_PA	975	73	A	0	0	73	40.9452054794521
A_PA	976	73	C	0	0	73	39.0821917808219
A_PA	977	73	A	0	0	73	39.1917808219178
A_PA	978	73	T	0	0	73	39.8493150684931
A_PA	979	73	G	0	0	73	39.7534246575342
A_PA	980	73	A	0	0	73	39.7945205479452
A_PA	981	73	G	0	0	73	40.8082191780822
A_PA	982	72	A	1	0	72	41.9861111111111
A_PA	983	73	A	0	0	73	42.027397260274
A_PA	984	72	A	1	0	72	41.9027777777778
A_PA	985	72	G	1	0	72	42.2777777777778
A_PA	986	71	G	2	0	71	41.9718309859155
A_PA	987	71	T	2	0	71	42.3239436619718
A_PA	988	73	G	0	0	73	42.2054794520548
A_PA	989	73	T	0	0	72	44.0416666666667
A_PA	990	73	A	0	0	72	42.5
A_PA	991	73	A	0	0	72	42.7777777777778
A_PA	992	73	A	0	0	73	43.1369863013699
A_PA	993	73	T	0	0	73	42.8767123287671
A_PA	994	73	C	0	0	73	42.5890410958904
A_PA	995	73	C	0	0	73	41.8493150684931
A_PA	996	73	C	0	0	73	40.8493150684931
A_PA	997	72	A	1	0	71	41.2253521126761
A_PA	998	73	A	0	0	73	39.7534246575342
A_PA	999	73	T	0	0	72	41.5
A_PA	1000	73	T	0	0	72	40.9027777777778
A_PA	1001	73	A	0	0	73	41.3561643835616
A_PA	1002	73	C	0	0	73	41.6986301369863
A_PA	1003	73	C	0	0	73	41.2602739726027
A_PA	1004	73	T	0	0	73	41.6712328767123
A_PA	1005	73	C	0	0	72	41.5277777777778
A_PA	1006	73	A	0	0	73	42.2191780821918
A_PA	1007	73	T	0	0	73	42.6164383561644
A_PA	1008	73	G	0	0	73	42.5753424657534
A_PA	1009	73	A	0	0	73	42.6027397260274
A_PA	1010	73	C	0	0	73	41.6027397260274
A_PA	1011	73	T	0	0	73	41.7945205479452
A_PA	1012	73	T	0	0	72	40.3055555555556
A_PA	1013	73	G	0	0	72	38.3611111111111
A_PA	1014	73	G	0	0	71	36.830985915493
A_PA	1015	75	A	0	0	75	37.4933333333333
A_PA	1016	75	A	0	0	75	39.9733333333333
A_PA	1017	75	G	0	0	75	40.0666666666667
A_PA	1018	75	C	0	0	74	40.8648648648649
A_PA	1019	75	A	0	0	74	41.3378378378378
A_PA	1020	75	G	0	0	74	40.2837837837838
A_PA	1021	75	G	0	0	74	39.8513513513514
A_PA	1022	75	T	0	0	74	40.9594594594595
A_PA	1023	75	G	0	0	75	39.6666666666667
A_PA	1024	75	C	0	0	75	40.12
A_PA	1025	75	T	0	0	75	39.7066666666667
A_PA	1026	75	A	0	0	75	39.3733333333333
A_PA	1027	75	G	0	0	75	39.16
A_PA	1028	75	C	0	0	74	39.5945945945946
A_PA	1029	75	A	0	0	75	41.2933333333333
A_PA	1030	75	G	0	0	74	41.6891891891892
A_PA	1031	75	A	0	0	75	41.6
A_PA	1032	75	G	0	0	75	41.48
A_PA	1033	75	C	0	0	74	41.3648648648649
A_PA	1034	75	T	0	0	74	40.1621621621622
A_PA	1035	75	A	1	0	75	41.2533333333333
A_PA	1036	75	C	1	0	75	42.2266666666667
A_PA	1037	76	A	0	0	76	41.0526315789474
A_PA	1038	76	G	0	0	76	41.3684210526316
A_PA	1039	76	G	0	0	76	40.5789473684211
A_PA	1040	76	A	0	0	76	40.3815789473684
A_PA	1041	76	C	0	0	76	39.9210526315789
A_PA	1042	76	A	0	0	76	39.6578947368421
A_PA	1043	76	T	0	0	76	41.0131578947368
A_PA	1044	76	T	0	0	76	39.9473684210526
A_PA	1045	76	G	0	0	76	40.25
A_PA	1046	76	A	0	0	76	41.0131578947368
A_PA	1047	76	A	0	0	76	41.2763157894737
A_PA	1048	76	A	0	0	76	42.3157894736842
A_PA	1049	76	A	0	0	76	42.3026315789474
A_PA	1050	76	T	0	0	76	41.8947368421053
A_PA	1051	76	G	0	0	76	38.6973684210526
A_PA	1052	76	A	0	0	76	39.4868421052632
A_PA	1053	76	A	0	0	76	38.7894736842105
A_PA	1054	76	G	0	0	76	37.2631578947368
A_PA	1055	76	A	0	0	76	38.8289473684211
A_PA	1056	76	G	0	0	76	38.8289473684211
A_PA	1057	76	A	0	0	76	40.5
A_PA	1058	76	A	0	0	76	39.5526315789474
A_PA	1059	76	A	0	0	76	42.5131578947368
A_PA	1060	76	A	0	0	76	41.5921052631579
A_PA	1061	76	T	0	0	76	40.2763157894737
A_PA	1062	76	C	0	0	75	40.04
A_PA	1063	76	C	0	0	76	41.5131578947368
A_PA	1064	76	C	0	0	76	41.3815789473684
A_PA	1065	76	A	0	0	76	39.75
A_PA	1066	76	A	0	0	76	40.1842105263158
A_PA	1067	76	G	0	0	76	41.1447368421053
A_PA	1068	76	G	0	0	76	39.3815789473684
A_PA	1069	76	A	0	0	76	40.1447368421053
A_PA	1070	76	C	0	0	76	40.3552631578947
A_PA	1071	76	A	0	0	76	38.6578947368421
A_PA	1072	76	A	0	0	76	40.4605263157895
A_PA	1073	76	A	0	0	76	40.4342105263158
A_PA	1074	76	G	0	0	76	41.8684210526316
A_PA	1075	76	A	0	0	76	41.1315789473684
A_PA	1076	76	A	0	0	76	42.8157894736842
A_PA	1077	76	C	0	0	76	40.9078947368421
A_PA	1078	76	A	0	0	76	40.6447368421053
A_PA	1079	76	T	0	0	76	40.6315789473684
A_PA	1080	75	G	1	0	75	39.9333333333333
A_PA	1081	75	A	1	0	75	40.8533333333333
A_PA	1082	75	A	1	0	75	40.5733333333333
A_PA	1083	76	G	0	0	76	41.6578947368421
A_PA	1084	76	A	0	0	75	41.8533333333333
A_PA	1085	76	A	0	0	76	41.8552631578947
A_PA	1086	76	G	0	0	76	41.4605263157895
A_PA	1087	76	A	0	0	76	41.5921052631579
A_PA	1088	76	C	0	0	76	41.1842105263158
A_PA	1089	76	A	0	0	76	39.5789473684211
A_PA	1090	76	A	0	0	75	39.8533333333333
A_PA	1091	76	G	0	0	76	39.6973684210526
A_PA	1092	76	C	0	0	76	40.1578947368421
A_PA	1093	76	C	0	0	76	40.9210526315789
A_PA	1094	76	A	0	0	76	42.8421052631579
A_PA	1095	76	A	0	0	76	41.6447368421053
A_PA	1096	75	T	1	0	75	41.5866666666667
A_PA	1097	76	T	0	0	76	41.5789473684211
A_PA	1098	76	G	0	0	76	41.2763157894737
A_PA	1099	76	A	0	0	76	42.4605263157895
A_PA	1100	76	A	0	0	76	42.4736842105263
A_PA	1101	76	G	0	0	75	42.2533333333333
A_PA	1102	76	T	0	0	76	42.4078947368421
A_PA	1103	76	G	0	0	76	41.1315789473684
A_PA	1104	76	G	0	0	76	42.2894736842105
A_PA	1105	76	G	0	0	76	42.4473684210526
A_PA	1106	76	C	0	0	76	42.6973684210526
A_PA	1107	76	A	0	0	76	42.2368421052632
A_PA	1108	76	C	0	0	76	41.3026315789474
A_PA	1109	76	T	0	0	76	41.2763157894737
A_PA	1110	76	C	0	0	76	39.1578947368421
A_PA	1111	76	G	0	0	76	37.4342105263158
A_PA	1112	76	G	0	0	76	37.6052631578947
A_PA	1113	76	T	0	0	76	37.5394736842105
A_PA	1114	76	G	0	0	76	37.0657894736842
A_PA	1115	75	A	1	0	74	40.6756756756757
A_PA	1116	76	A	0	0	75	41.9466666666667
A_PA	1117	76	A	0	0	76	42.8289473684211
A_PA	1118	76	A	0	0	75	43.3866666666667
A_PA	1119	76	T	0	0	76	43.0526315789474
A_PA	1120	76	A	0	0	74	43.6891891891892
A_PA	1121	76	T	0	0	76	42.7368421052632
A_PA	1122	76	G	0	0	76	41.6973684210526
A_PA	1123	76	G	0	0	76	40.9078947368421
A_PA	1124	76	C	0	0	76	41.4736842105263
A_PA	1125	76	A	0	0	76	40.9868421052632
A_PA	1126	76	C	0	0	76	41.3684210526316
A_PA	1127	76	C	0	0	76	39.3947368421053
A_PA	1128	76	T	0	0	76	38.7763157894737
A_PA	1129	74	G	2	0	74	35.6891891891892
A_PA	1130	76	A	0	0	76	35.2894736842105
A_PA	1131	76	A	0	0	76	35.4078947368421
A_PA	1132	76	A	0	0	76	36.5526315789474
A_PA	1133	76	A	0	0	76	37.4868421052632
A_PA	1134	76	A	0	0	75	38.4133333333333
A_PA	1135	76	G	0	0	75	38.7066666666667
A_PA	1136	76	T	0	0	76	38.3947368421053
A_PA	1137	75	G	1	0	75	38.0266666666667
A_PA	1138	76	G	1	0	76	38.2105263157895
A_PA	1139	77	A	0	0	77	37.8441558441558
A_PA	1140	77	C	0	0	77	37.987012987013
A_PA	1141	77	T	0	0	77	39.5324675324675
A_PA	1142	77	T	0	0	77	40.7792207792208
A_PA	1143	77	T	0	0	77	41.6233766233766
A_PA	1144	77	G	0	0	77	41.0519480519481
A_PA	1145	77	A	0	0	77	41.038961038961
A_PA	1146	77	T	0	0	77	41.3896103896104
A_PA	1147	77	G	0	0	77	41.6363636363636
A_PA	1148	77	A	0	0	77	41.6103896103896
A_PA	1149	76	C	1	0	76	41.4605263157895
A_PA	1150	77	T	0	0	77	40.3246753246753
A_PA	1151	77	G	0	0	77	38.8051948051948
A_PA	1152	77	T	0	0	77	39.3766233766234
A_PA	1153	77	A	0	0	77	38.1038961038961
A_PA	1154	77	A	0	0	77	38.6493506493507
A_PA	1155	77	A	0	0	77	39.9090909090909
A_PA	1156	77	G	0	0	77	40.7662337662338
A_PA	1157	78	A	0	0	78	42.3974358974359
A_PA	1158	78	T	0	0	78	41.7051282051282
A_PA	1159	78	G	0	0	78	40.5641025641026
A_PA	1160	78	T	0	0	78	40.3461538461538
A_PA	1161	78	T	0	0	78	39.5769230769231
A_PA	1162	78	G	0	0	78	37.3205128205128
A_PA	1163	78	G	0	0	78	36.7948717948718
A_PA	1164	78	A	0	0	78	38.0897435897436
A_PA	1165	78	G	0	0	78	39.6923076923077
A_PA	1166	78	A	0	0	78	40.2692307692308
A_PA	1167	78	C	0	0	78	40.4230769230769
A_PA	1168	78	C	0	0	78	37.7051282051282
A_PA	1169	78	T	0	0	78	37.6794871794872
A_PA	1170	78	T	0	0	78	37.6410256410256
A_PA	1171	78	A	0	0	78	34.6410256410256
A_PA	1172	78	A	0	0	78	36.474358974359
A_PA	1173	78	A	0	0	78	38.4230769230769
A_PA	1174	78	C	0	0	77	39.4155844155844
A_PA	1175	78	A	0	0	78	40.4615384615385
A_PA	1176	77	G	1	0	77	40.961038961039
A_PA	1177	78	T	0	0	78	41.0897435897436
A_PA	1178	78	A	0	0	78	39.7948717948718
A_PA	1179	78	T	0	0	77	40.4285714285714
A_PA	1180	78	G	0	0	76	40.4473684210526
A_PA	1181	78	A	0	0	77	40.4415584415584
A_PA	1182	78	C	0	0	78	40.4358974358974
A_PA	1183	78	A	0	0	78	40.8846153846154
A_PA	1184	78	G	0	0	78	40.9358974358974
A_PA	1185	78	T	0	0	78	42.4615384615385
A_PA	1186	78	G	0	0	78	42.3461538461538
A_PA	1187	78	A	0	0	78	42.3974358974359
A_PA	1188	78	T	0	0	78	43.025641025641
A_PA	1189	77	G	1	0	77	42.3116883116883
A_PA	1190	77	A	1	0	77	42.038961038961
A_PA	1191	78	G	0	0	78	41.2948717948718
A_PA	1192	78	C	0	0	78	41.525641025641
A_PA	1193	78	C	0	0	78	40.974358974359
A_PA	1194	78	A	0	0	78	40.4615384615385
A_PA	1195	77	G	1	0	77	39.6623376623377
A_PA	1196	78	A	0	0	78	39.6153846153846
A_PA	1197	78	G	0	0	77	39.7012987012987
A_PA	1198	78	C	0	0	78	39.8461538461538
A_PA	1199	78	C	0	0	78	39.4102564102564
A_PA	1200	78	C	0	0	77	39.6883116883117
A_PA	1201	78	A	0	0	78	36.5
A_PA	1202	78	G	0	0	78	39.4358974358974
A_PA	1203	78	A	0	0	78	40.1025641025641
A_PA	1204	78	T	0	0	78	40.9615384615385
A_PA	1205	78	C	0	0	78	39.9102564102564
A_PA	1206	78	T	0	0	77	41.4155844155844
A_PA	1207	77	C	1	0	76	40.8684210526316
A_PA	1208	73	T	5	0	71	40.943661971831
A_PA	1209	77	A	1	0	77	40.8701298701299
A_PA	1210	77	G	1	0	77	41.012987012987
A_PA	1211	78	C	0	0	78	40.9358974358974
A_PA	1212	78	A	0	0	78	41.1153846153846
A_PA	1213	78	A	0	0	78	40.7179487179487
A_PA	1214	78	G	0	0	78	41.2179487179487
A_PA	1215	78	C	0	0	78	41.4358974358974
A_PA	1216	77	T	1	0	77	40.4545454545455
A_PA	1217	77	G	1	0	77	39.5324675324675
A_PA	1218	77	G	1	0	77	39.6103896103896
A_PA	1219	77	G	1	0	75	39.92
A_PA	1220	79	T	0	0	78	37.3205128205128
A_PA	1221	79	C	0	0	77	38.0519480519481
A_PA	1222	79	C	0	0	78	38.6794871794872
A_PA	1223	79	A	0	0	79	36.9240506329114
A_PA	1224	79	G	0	0	78	37.2307692307692
A_PA	1225	78	A	1	0	78	37.8461538461538
A_PA	1226	79	A	0	0	79	36.9873417721519
A_PA	1227	79	T	0	0	79	36.2405063291139
A_PA	1228	79	G	0	0	79	35.2911392405063
A_PA	1229	79	A	0	0	79	36.3670886075949
A_PA	1230	79	A	0	0	79	37.9493670886076
A_PA	1231	79	T	0	0	79	38.9240506329114
A_PA	1232	79	T	0	0	79	38.6582278481013
A_PA	1233	79	C	0	0	78	40.7692307692308
A_PA	1234	79	A	0	0	79	39.9493670886076
A_PA	1235	79	A	0	0	79	39.8607594936709
A_PA	1236	79	T	0	0	79	40.7848101265823
A_PA	1237	78	A	1	0	78	39.7820512820513
A_PA	1238	78	A	1	0	78	40.2564102564103
A_PA	1239	78	G	1	0	78	40.3846153846154
A_PA	1240	79	G	0	0	79	39.6835443037975
A_PA	1241	79	C	0	0	78	41.3974358974359
A_PA	1242	79	A	0	0	79	40.2658227848101
A_PA	1243	79	T	0	0	78	41.7564102564103
A_PA	1244	79	G	0	0	79	41.3924050632911
A_PA	1245	79	T	0	0	79	41.4936708860759
A_PA	1246	78	G	1	0	78	41.5128205128205
A_PA	1247	79	A	0	0	79	41.5569620253165
A_PA	1248	79	A	0	0	79	41.0253164556962
A_PA	1249	78	T	1	0	78	40.6153846153846
A_PA	1250	79	T	0	0	78	38.6025641025641
A_PA	1251	79	G	0	0	79	36.5822784810127
A_PA	1252	79	A	0	0	79	36.4177215189873
A_PA	1253	79	C	0	0	79	35.9240506329114
A_PA	1254	79	T	0	0	78	37.2435897435897
A_PA	1255	79	G	0	0	79	36.9367088607595
A_PA	1256	79	A	0	0	79	38.9367088607595
A_PA	1257	79	T	0	0	79	39.6329113924051
A_PA	1258	79	T	0	0	79	40.6455696202532
A_PA	1259	79	C	0	0	78	39.4230769230769
A_PA	1260	79	A	0	0	79	39.4936708860759
A_PA	1261	79	A	0	0	79	38.873417721519
A_PA	1262	78	G	1	0	78	38.2820512820513
A_PA	1263	78	C	1	0	77	38.3246753246753
A_PA	1264	78	T	1	0	77	37.4155844155844
A_PA	1265	77	G	1	0	76	37.4605263157895
A_PA	1266	77	G	1	0	76	37.6447368421053
A_PA	1267	77	A	1	0	77	37.8051948051948
A_PA	1268	77	T	1	0	77	38.5714285714286
A_PA	1269	77	A	1	0	77	37.2727272727273
A_PA	1270	77	G	1	0	76	38.2631578947368
A_PA	1271	78	A	0	0	78	38.025641025641
A_PA	1272	78	A	0	0	78	39.0128205128205
A_PA	1273	78	C	0	0	78	38.4358974358974
A_PA	1274	77	T	1	0	77	38.0779220779221
A_PA	1275	78	T	0	0	77	40.5324675324675
A_PA	1276	78	G	0	0	77	40.5584415584416
A_PA	1277	78	A	0	0	77	39.7532467532468
A_PA	1278	78	T	0	0	78	41.2692307692308
A_PA	1279	78	G	0	0	78	40.0512820512821
A_PA	1280	78	A	0	0	77	39.7402597402597
A_PA	1281	78	A	0	0	78	40.2435897435897
A_PA	1282	78	A	0	0	78	39.3461538461538
A_PA	1283	78	T	0	0	77	39.3896103896104
A_PA	1284	78	A	0	0	78	38.3076923076923
A_PA	1285	78	G	0	0	78	37.2307692307692
A_PA	1286	78	G	0	0	78	36.5384615384615
A_PA	1287	78	A	0	0	78	35.8205128205128
A_PA	1288	78	G	0	0	77	37.2077922077922
A_PA	1289	74	A	4	0	73	38.7397260273973
A_PA	1290	78	A	0	0	78	37.7564102564103
A_PA	1291	77	G	1	0	76	38.2236842105263
A_PA	1292	78	A	0	0	77	38.1688311688312
A_PA	1293	78	T	0	0	78	37.8076923076923
A_PA	1294	78	G	0	0	78	37.2820512820513
A_PA	1295	78	T	0	0	78	38.3461538461538
A_PA	1296	77	T	1	0	76	37.8026315789474
A_PA	1297	73	G	5	0	72	37.2083333333333
A_PA	1298	71	C	7	0	71	37.056338028169
A_PA	1299	76	C	2	0	75	36.1733333333333
A_PA	1300	77	C	1	0	76	38.3026315789474
A_PA	1301	77	C	1	0	77	36.1298701298701
A_PA	1302	77	G	1	0	75	34.5866666666667
A_PA	1303	78	A	0	0	78	35.4102564102564
A_PA	1304	78	T	0	0	78	36.7692307692308
A_PA	1305	78	T	0	0	78	36.7179487179487
A_PA	1306	77	G	1	0	76	38.2368421052632
A_PA	1307	78	A	0	0	77	39.7272727272727
A_PA	1308	78	A	0	0	78	40.0128205128205
A_PA	1309	78	C	0	0	78	40.6538461538462
A_PA	1310	78	A	0	0	78	39.7692307692308
A_PA	1311	78	T	0	0	78	39.525641025641
A_PA	1312	78	A	0	0	78	38.8589743589744
A_PA	1313	78	T	0	0	78	38.2435897435897
A_PA	1314	78	A	0	0	77	36.6623376623377
A_PA	1315	78	G	0	0	78	36.3461538461538
A_PA	1316	78	C	0	0	78	38.9615384615385
A_PA	1317	78	A	0	0	78	38.2692307692308
A_PA	1318	78	A	0	0	78	38.8589743589744
A_PA	1319	77	G	0	0	77	39.1948051948052
A_PA	1320	77	C	0	0	77	39.8181818181818
A_PA	1321	76	A	0	0	76	38.7894736842105
A_PA	1322	76	T	0	0	76	40.5789473684211
A_PA	1323	75	G	1	0	74	36.5
A_PA	1324	75	A	1	0	75	36.76
A_PA	1325	75	G	1	0	75	36.8533333333333
A_PA	1326	76	G	0	0	76	37.0657894736842
A_PA	1327	76	A	0	0	75	38.0666666666667
A_PA	1328	76	G	0	0	76	37.2368421052632
A_PA	1329	76	G	0	0	76	38.5789473684211
A_PA	1330	74	A	2	0	73	40.8767123287671
A_PA	1331	76	A	0	0	76	40.3157894736842
A_PA	1332	76	C	0	0	75	39.7066666666667
A_PA	1333	76	T	0	0	76	40.1447368421053
A_PA	1334	76	A	0	0	75	40.4
A_PA	1335	76	T	0	0	76	40.4473684210526
A_PA	1336	76	T	0	0	76	39.2368421052632
A_PA	1337	76	T	0	0	76	40.2763157894737
A_PA	1338	76	C	0	0	76	40.0657894736842
A_PA	1339	77	A	0	0	77	40.7792207792208
A_PA	1340	77	C	0	0	77	41.1168831168831
A_PA	1341	77	A	0	0	77	40.3896103896104
A_PA	1342	77	G	0	0	77	40.7792207792208
A_PA	1343	77	C	0	0	77	40.1298701298701
A_PA	1344	74	A	3	0	74	41.4189189189189
A_PA	1345	75	G	2	0	75	41.9066666666667
A_PA	1346	77	A	0	0	77	40.6493506493507
A_PA	1347	77	A	0	0	77	40.7662337662338
A_PA	1348	76	G	1	0	76	40.9078947368421
A_PA	1349	77	T	0	0	77	41.7272727272727
A_PA	1350	77	G	0	0	77	42.1168831168831
A_PA	1351	77	T	0	0	77	41.8311688311688
A_PA	1352	76	C	1	0	75	41.52
A_PA	1353	77	C	0	0	77	40.8571428571429
A_PA	1354	77	C	0	0	77	41.1298701298701
A_PA	1355	77	A	0	0	77	40.025974025974
A_PA	1356	77	C	0	0	76	40.6052631578947
A_PA	1357	77	T	0	0	77	41.1818181818182
A_PA	1358	77	G	0	0	77	40.6883116883117
A_PA	1359	77	C	0	0	77	41.4155844155844
A_PA	1360	77	A	0	0	76	41.1842105263158
A_PA	1361	77	G	0	0	75	41.0933333333333
A_PA	1362	77	G	0	0	77	40.5974025974026
A_PA	1363	76	G	1	0	76	41.3815789473684
A_PA	1364	76	C	1	0	76	40.7631578947368
A_PA	1365	77	T	0	0	76	41.8289473684211
A_PA	1366	77	A	0	0	77	41.0649350649351
A_PA	1367	77	C	0	0	77	41.4155844155844
A_PA	1368	77	T	0	0	76	42.1973684210526
A_PA	1369	77	G	0	0	77	40.7142857142857
A_PA	1370	77	A	0	0	77	40.5714285714286
A_PA	1371	77	A	0	0	77	41.1428571428571
A_PA	1372	77	T	0	0	76	40.9736842105263
A_PA	1373	76	A	1	0	75	41.12
A_PA	1374	76	C	1	0	75	41.5733333333333
A_PA	1375	76	A	1	0	75	42.2533333333333
A_PA	1376	77	T	0	0	75	42.1466666666667
A_PA	1377	77	A	0	0	76	41.25
A_PA	1378	77	A	0	0	77	41.5194805194805
A_PA	1379	77	T	0	0	77	41.2727272727273
A_PA	1380	77	G	0	0	77	40.012987012987
A_PA	1381	77	A	0	0	77	40.4025974025974
A_PA	1382	77	A	0	0	77	41.1038961038961
A_PA	1383	77	G	0	0	77	41.8051948051948
A_PA	1384	77	G	0	0	77	42.1038961038961
A_PA	1385	77	G	0	0	77	42.0519480519481
A_PA	1386	77	A	0	0	77	41.7402597402597
A_PA	1387	77	G	0	0	77	42.3116883116883
A_PA	1388	77	T	0	0	77	42.2597402597403
A_PA	1389	77	G	0	0	77	42.5584415584416
A_PA	1390	77	T	0	0	77	42.0519480519481
A_PA	1391	77	A	0	0	77	41.038961038961
A_PA	1392	77	C	0	0	77	40.2467532467532
A_PA	1393	77	A	0	0	77	39.8701298701299
A_PA	1394	77	T	0	0	77	39.9480519480519
A_PA	1395	77	A	0	0	76	40.25
A_PA	1396	77	A	0	0	77	40.8571428571429
A_PA	1397	77	A	0	0	77	41.3506493506493
A_PA	1398	77	T	0	0	77	41.5064935064935
A_PA	1399	77	A	0	0	77	42.1428571428571
A_PA	1400	77	C	0	0	77	41.8311688311688
A_PA	1401	77	G	0	0	77	40.4155844155844
A_PA	1402	77	G	0	0	77	39.5324675324675
A_PA	1403	77	C	0	0	77	39.5974025974026
A_PA	1404	77	C	0	0	77	39.1558441558442
A_PA	1405	77	T	0	0	77	39.1948051948052
A_PA	1406	77	T	0	0	77	40.8051948051948
A_PA	1407	77	G	0	0	77	39.7012987012987
A_PA	1408	77	C	0	0	77	40.7012987012987
A_PA	1409	77	T	0	0	77	40.5584415584416
A_PA	1410	77	T	0	0	77	40.8961038961039
A_PA	1411	77	A	0	0	77	39.7792207792208
A_PA	1412	77	A	0	0	77	39.8701298701299
A_PA	1413	77	T	0	0	77	40.3116883116883
A_PA	1414	77	G	0	0	76	40.5131578947368
A_PA	1415	77	C	0	0	77	41.6103896103896
A_PA	1416	77	A	0	0	77	41.5324675324675
A_PA	1417	77	T	0	0	77	42.1298701298701
A_PA	1418	77	C	0	0	77	40.1298701298701
A_PA	1419	77	C	0	0	77	40.7662337662338
A_PA	1420	77	T	0	0	77	41.3246753246753
A_PA	1421	77	G	0	0	77	41.1688311688312
A_PA	1422	77	T	0	0	77	42.5064935064935
A_PA	1423	77	G	0	0	77	41.4935064935065
A_PA	1424	77	C	0	0	77	42.3246753246753
A_PA	1425	77	A	0	0	77	42.0779220779221
A_PA	1426	77	G	0	0	77	41.9220779220779
A_PA	1427	77	C	0	0	77	42.1038961038961
A_PA	1428	77	C	0	0	77	42.038961038961
A_PA	1429	77	A	0	0	77	40.5844155844156
A_PA	1430	77	T	0	0	77	41.8571428571429
A_PA	1431	77	G	0	0	77	40.038961038961
A_PA	1432	77	G	0	0	77	41.8831168831169
A_PA	1433	77	A	0	0	77	41.0519480519481
A_PA	1434	77	T	0	0	77	41.4545454545455
A_PA	1435	77	G	0	0	77	40.7792207792208
A_PA	1436	77	A	0	0	77	38.4545454545455
A_PA	1437	77	C	0	0	77	38.5974025974026
A_PA	1438	77	T	0	0	77	39.987012987013
A_PA	1439	77	T	0	0	77	39.5324675324675
A_PA	1440	77	T	0	0	77	39.1298701298701
A_PA	1441	77	C	0	0	77	38.7792207792208
A_PA	1442	77	A	0	0	76	39.8552631578947
A_PA	1443	77	G	0	0	77	40.5584415584416
A_PA	1444	77	C	0	0	77	40.7272727272727
A_PA	1445	77	T	0	0	77	40.8181818181818
A_PA	1446	77	G	0	0	77	38.0779220779221
A_PA	1447	77	A	0	0	77	36.1948051948052
A_PA	1448	77	T	0	0	77	35.8571428571429
A_PA	1449	77	T	0	0	76	34.4078947368421
A_PA	1450	77	C	0	0	76	34.3815789473684
A_PA	1451	77	C	0	0	76	38.4342105263158
A_PA	1452	77	A	0	0	77	36.7922077922078
A_PA	1453	77	A	0	0	76	37.2894736842105
A_PA	1454	77	T	0	0	77	39.5714285714286
A_PA	1455	77	G	0	0	76	39.6052631578947
A_PA	1456	77	A	0	0	77	41
A_PA	1457	77	T	0	0	76	41.3815789473684
A_PA	1458	77	A	0	0	77	40.5584415584416
A_PA	1459	77	A	0	0	77	39.5194805194805
A_PA	1460	77	G	0	0	77	39.2727272727273
A_PA	1461	77	C	0	0	77	39.8701298701299
A_PA	1462	77	A	0	0	77	39.4675324675325
A_PA	1463	77	A	0	0	77	40.7662337662338
A_PA	1464	77	A	0	0	77	41.2207792207792
A_PA	1465	77	T	0	0	77	40.9350649350649
A_PA	1466	77	G	0	0	77	40.4935064935065
A_PA	1467	77	T	0	0	77	41.4155844155844
A_PA	1468	77	A	0	0	77	39.6753246753247
A_PA	1469	77	G	0	0	77	38.4415584415584
A_PA	1470	77	A	0	0	77	39.0779220779221
A_PA	1471	77	A	0	0	77	38.9090909090909
A_PA	1472	77	C	0	0	77	38.025974025974
A_PA	1473	77	C	0	0	77	37.4155844155844
A_PA	1474	77	A	0	0	77	36.8311688311688
A_PA	1475	77	A	0	0	77	37.7922077922078
A_PA	1476	77	A	0	0	77	36.1688311688312
A_PA	1477	77	G	0	0	77	33.7662337662338
A_PA	1478	77	A	0	0	77	34.0649350649351
A_PA	1479	77	A	0	0	77	37.1558441558442
A_PA	1480	77	G	0	0	77	35.7792207792208
A_PA	1481	76	G	1	0	76	34.9605263157895
A_PA	1482	76	A	1	0	76	37.2105263157895
A_PA	1483	76	A	1	0	75	37.76
A_PA	1484	76	G	1	0	76	37.5
A_PA	1485	76	A	1	0	76	38.4473684210526
A_PA	1486	77	C	0	0	77	36.3506493506493
A_PA	1487	75	G	2	0	75	34.6666666666667
A_PA	1488	77	G	0	0	77	34.1168831168831
A_PA	1489	77	A	0	0	76	34.6315789473684
A_PA	1490	76	A	1	0	76	35.5789473684211
A_PA	1491	76	A	1	0	76	39.2763157894737
A_PA	1492	76	A	1	0	76	41.3157894736842
A_PA	1493	76	C	1	0	76	41.9210526315789
A_PA	1494	77	A	0	0	77	40.2857142857143
A_PA	1495	77	A	0	0	77	40.6753246753247
A_PA	1496	77	A	0	0	77	40.7922077922078
A_PA	1497	77	C	0	0	77	41.6883116883117
A_PA	1498	77	C	0	0	77	41.1168831168831
A_PA	1499	77	T	0	0	77	40.025974025974
A_PA	1500	77	G	0	0	77	39.8961038961039
A_PA	1501	77	T	0	0	77	40.1298701298701
A_PA	1502	77	A	0	0	77	38.7792207792208
A_PA	1503	77	T	0	0	77	41.1948051948052
A_PA	1504	76	G	1	0	76	39.3815789473684
A_PA	1505	77	G	0	0	77	38.8831168831169
A_PA	1506	77	G	0	0	76	38.5526315789474
A_PA	1507	77	T	0	0	77	39.4805194805195
A_PA	1508	77	T	0	0	77	38.8311688311688
A_PA	1509	77	C	0	0	75	38.88
A_PA	1510	77	A	0	0	77	38.7142857142857
A_PA	1511	77	T	0	0	77	38.987012987013
A_PA	1512	77	T	0	0	77	39.7662337662338
A_PA	1513	77	G	0	0	77	39.1818181818182
A_PA	1514	77	T	0	0	77	40.2077922077922
A_PA	1515	72	A	5	0	72	35.5138888888889
A_PA	1516	77	A	0	0	77	36.8831168831169
A_PA	1517	77	A	0	0	74	36.2837837837838
A_PA	1518	77	G	0	0	76	35.8421052631579
A_PA	1519	77	G	0	0	77	39.8571428571429
A_PA	1520	77	G	0	0	77	41
A_PA	1521	77	A	0	0	77	40
A_PA	1522	77	A	0	0	77	39.6363636363636
A_PA	1523	77	G	0	0	77	40.3376623376623
A_PA	1524	77	G	0	0	77	38.7922077922078
A_PA	1525	77	T	0	0	77	38.6363636363636
A_PA	1526	77	C	0	0	76	38.1184210526316
A_PA	1527	77	T	0	0	77	39.8181818181818
A_PA	1528	77	C	0	0	76	39.2105263157895
A_PA	1529	77	A	0	0	77	39.2337662337662
A_PA	1530	77	T	0	0	77	39.8831168831169
A_PA	1531	77	T	0	0	77	41.5844155844156
A_PA	1532	77	T	0	0	77	41.2467532467532
A_PA	1533	77	G	0	0	77	41.2337662337662
A_PA	1534	77	A	0	0	77	41.6233766233766
A_PA	1535	77	G	0	0	77	40.7142857142857
A_PA	1536	77	A	0	0	77	40.9350649350649
A_PA	1537	77	A	0	0	77	42.8831168831169
A_PA	1538	77	A	0	0	77	41.6363636363636
A_PA	1539	77	T	0	0	77	41.3896103896104
A_PA	1540	77	G	0	0	76	41
A_PA	1541	77	A	0	0	77	39.3116883116883
A_PA	1542	77	T	0	0	77	39.0649350649351
A_PA	1543	77	A	0	0	77	37.4285714285714
A_PA	1544	77	C	0	0	76	38.7105263157895
A_PA	1545	77	C	0	0	77	37.5714285714286
A_PA	1546	77	G	0	0	77	38.2987012987013
A_PA	1547	77	A	0	0	77	37.7012987012987
A_PA	1548	77	T	0	0	77	38.3116883116883
A_PA	1549	77	G	0	0	77	37.1038961038961
A_PA	1550	77	T	0	0	77	39.9220779220779
A_PA	1551	77	A	0	0	77	37.7922077922078
A_PA	1552	77	G	0	0	77	38.5714285714286
A_PA	1553	77	T	0	0	77	39.3376623376623
A_PA	1554	77	G	0	0	77	40.1948051948052
A_PA	1555	77	A	0	0	77	40.1038961038961
A_PA	1556	77	A	0	0	77	39.974025974026
A_PA	1557	77	C	0	0	77	40
A_PA	1558	77	T	0	0	77	39.1038961038961
A_PA	1559	77	T	0	0	77	40.1428571428571
A_PA	1560	77	T	0	0	77	39.961038961039
A_PA	1561	77	G	0	0	77	39.3766233766234
A_PA	1562	77	T	0	0	77	40.5714285714286
A_PA	1563	77	A	0	0	77	38.7402597402597
A_PA	1564	77	A	0	0	77	39.2337662337662
A_PA	1565	77	G	0	0	77	39.025974025974
A_PA	1566	77	T	0	0	77	40.3506493506493
A_PA	1567	77	A	0	0	77	40.9220779220779
A_PA	1568	77	T	0	0	77	41.2987012987013
A_PA	1569	77	G	0	0	77	39.7662337662338
A_PA	1570	77	G	0	0	77	40.4805194805195
A_PA	1571	77	A	0	0	77	37.8181818181818
A_PA	1572	77	G	0	0	77	36.5454545454545
A_PA	1573	77	T	0	0	77	36.3766233766234
A_PA	1574	77	T	0	0	77	39.2077922077922
A_PA	1575	77	C	0	0	77	39.1038961038961
A_PA	1576	77	T	0	0	77	39.6883116883117
A_PA	1577	77	C	0	0	77	40.2337662337662
A_PA	1578	77	A	0	0	77	40.3246753246753
A_PA	1579	77	C	0	0	77	39.8571428571429
A_PA	1580	77	T	0	0	77	40.987012987013
A_PA	1581	76	C	1	0	76	40.8157894736842
A_PA	1582	77	A	0	0	77	40.6883116883117
A_PA	1583	77	C	0	0	77	41.6493506493507
A_PA	1584	77	T	0	0	77	42.1688311688312
A_PA	1585	78	G	0	0	77	41.4025974025974
A_PA	1586	78	A	0	0	78	41.9358974358974
A_PA	1587	78	T	0	0	78	42.2948717948718
A_PA	1588	77	C	0	0	77	41.3766233766234
A_PA	1589	77	C	0	0	77	40.6883116883117
A_PA	1590	77	A	0	0	77	39.3506493506493
A_PA	1591	77	A	0	0	76	39.7236842105263
A_PA	1592	77	G	0	0	76	39.8157894736842
A_PA	1593	77	A	0	0	76	39.1842105263158
A_PA	1594	77	C	0	0	77	38.6623376623377
A_PA	1595	77	T	0	0	77	41.0519480519481
A_PA	1596	77	G	0	0	76	39.6710526315789
A_PA	1597	77	G	0	0	76	39.5921052631579
A_PA	1598	77	A	0	0	77	40.5584415584416
A_PA	1599	77	G	0	0	77	41.2467532467532
A_PA	1600	77	C	0	0	77	42.5194805194805
A_PA	1601	77	C	0	0	77	42.3636363636364
A_PA	1602	77	A	0	0	76	41.5789473684211
A_PA	1603	77	C	0	0	76	40.9736842105263
A_PA	1604	77	A	0	0	76	41
A_PA	1605	77	C	0	0	77	41.0779220779221
A_PA	1606	77	A	0	0	77	40.012987012987
A_PA	1607	77	A	0	0	77	41.2467532467532
A_PA	1608	77	A	0	0	77	41.5454545454545
A_PA	1609	77	T	0	0	77	41.4545454545455
A_PA	1610	76	G	1	0	76	40.9605263157895
A_PA	1611	77	G	0	0	77	41.3246753246753
A_PA	1612	77	G	0	0	77	40.6363636363636
A_PA	1613	77	A	0	0	77	40.038961038961
A_PA	1614	77	A	0	0	77	42.5324675324675
A_PA	1615	77	A	0	0	77	42.6753246753247
A_PA	1616	77	A	0	0	77	42.5844155844156
A_PA	1617	77	A	0	0	77	42.974025974026
A_PA	1618	77	T	0	0	77	41.7272727272727
A_PA	1619	77	A	0	0	77	40.6623376623377
A_PA	1620	77	C	0	0	77	39.3116883116883
A_PA	1621	77	T	0	0	77	39.0909090909091
A_PA	1622	77	G	0	0	77	39.5974025974026
A_PA	1623	77	T	0	0	77	39.8961038961039
A_PA	1624	76	G	1	0	76	41.1973684210526
A_PA	1625	78	T	0	0	78	42
A_PA	1626	78	C	0	0	78	42.2051282051282
A_PA	1627	78	C	0	0	78	41.7179487179487
A_PA	1628	78	T	0	0	78	41.0512820512821
A_PA	1629	78	T	0	0	78	41.1923076923077
A_PA	1630	78	G	0	0	78	39.7692307692308
A_PA	1631	77	A	1	0	77	40.1168831168831
A_PA	1632	78	A	0	0	78	41.6923076923077
A_PA	1633	78	A	0	0	78	40.9358974358974
A_PA	1634	78	T	0	0	78	40.7564102564103
A_PA	1635	78	A	0	0	78	37.9358974358974
A_PA	1636	78	G	0	0	78	36.6410256410256
A_PA	1637	78	G	0	0	78	35.7948717948718
A_PA	1638	78	A	0	0	78	35.7564102564103
A_PA	1639	78	G	0	0	78	36.0384615384615
A_PA	1640	78	A	0	0	78	38.7820512820513
A_PA	1641	78	C	0	0	78	39.4102564102564
A_PA	1642	78	A	0	0	78	38.8717948717949
A_PA	1643	78	T	0	0	78	39.1538461538462
A_PA	1644	78	G	0	0	78	40.2179487179487
A_PA	1645	78	C	0	0	78	40.1410256410256
A_PA	1646	78	T	0	0	78	41.2051282051282
A_PA	1647	78	A	0	0	78	37.4102564102564
A_PA	1648	78	T	0	0	78	37.525641025641
A_PA	1649	78	T	0	0	78	37.4871794871795
A_PA	1650	78	G	0	0	77	35.8181818181818
A_PA	1651	78	A	0	0	78	35.3205128205128
A_PA	1652	78	G	0	0	78	35.9871794871795
A_PA	1653	78	G	0	0	78	38.525641025641
A_PA	1654	78	A	0	0	78	38.6410256410256
A_PA	1655	78	C	0	0	78	39.1666666666667
A_PA	1656	78	T	0	0	78	39.9871794871795
A_PA	1657	78	G	0	0	78	40.6538461538462
A_PA	1658	78	C	0	0	78	39.3589743589744
A_PA	1659	78	G	0	0	78	39.6410256410256
A_PA	1660	78	A	0	0	78	39.3076923076923
A_PA	1661	78	T	0	0	78	40.0128205128205
A_PA	1662	78	A	0	0	78	38.9358974358974
A_PA	1663	77	G	1	0	77	41.0779220779221
A_PA	1664	78	G	0	0	78	41.9487179487179
A_PA	1665	78	T	0	0	78	42.2435897435897
A_PA	1666	78	C	0	0	76	40.3552631578947
A_PA	1667	78	A	0	0	78	38.9358974358974
A_PA	1668	78	A	0	0	78	39.0769230769231
A_PA	1669	78	G	0	0	78	39.4102564102564
A_PA	1670	78	T	0	0	78	40.2948717948718
A_PA	1671	78	G	0	0	78	40.8974358974359
A_PA	1672	78	T	0	0	78	40.7051282051282
A_PA	1673	78	C	0	0	77	40.012987012987
A_PA	1674	78	T	0	0	77	41.1298701298701
A_PA	1675	78	A	0	0	78	39.6025641025641
A_PA	1676	78	G	0	0	78	39.974358974359
A_PA	1677	78	G	0	0	78	40.9230769230769
A_PA	1678	77	C	1	0	77	41.7142857142857
A_PA	1679	78	C	0	0	77	41.7402597402597
A_PA	1680	78	T	0	0	78	42.2820512820513
A_PA	1681	78	A	0	0	78	41.6794871794872
A_PA	1682	78	T	0	0	78	41.5384615384615
A_PA	1683	78	G	0	0	78	40.7435897435897
A_PA	1684	78	T	0	0	78	41.5897435897436
A_PA	1685	78	T	0	0	78	41.4871794871795
A_PA	1686	78	C	0	0	78	41.4230769230769
A_PA	1687	78	C	0	0	78	42.3205128205128
A_PA	1688	78	T	0	0	78	42.9487179487179
A_PA	1689	78	A	0	0	78	42.6153846153846
A_PA	1690	78	T	0	0	78	43.3461538461538
A_PA	1691	78	A	0	0	78	41.9615384615385
A_PA	1692	78	T	0	0	78	41.6025641025641
A_PA	1693	78	G	0	0	78	40.6282051282051
A_PA	1694	78	T	0	0	78	42.1282051282051
A_PA	1695	78	G	0	0	78	41.8717948717949
A_PA	1696	78	A	0	0	78	41.6410256410256
A_PA	1697	78	G	0	0	78	41.4615384615385
A_PA	1698	78	A	0	0	78	41.6025641025641
A_PA	1699	78	A	0	0	78	41.0384615384615
A_PA	1700	78	C	0	0	78	41.4871794871795
A_PA	1701	78	C	0	0	78	40.5769230769231
A_PA	1702	78	A	0	0	78	40.2435897435897
A_PA	1703	78	A	0	0	77	40.5584415584416
A_PA	1704	78	T	0	0	78	40.0769230769231
A_PA	1705	78	G	0	0	78	40.2435897435897
A_PA	1706	78	G	0	0	78	39.9487179487179
A_PA	1707	78	A	0	0	78	40.8205128205128
A_PA	1708	78	A	0	0	78	41.2948717948718
A_PA	1709	78	C	0	0	78	40.4615384615385
A_PA	1710	78	C	0	0	78	39.8076923076923
A_PA	1711	78	T	0	0	78	40.525641025641
A_PA	1712	78	C	0	0	78	40.6794871794872
A_PA	1713	78	C	0	0	78	41.4230769230769
A_PA	1714	76	A	2	0	76	41.1710526315789
A_PA	1715	78	A	0	0	78	41.7051282051282
A_PA	1716	78	A	0	0	78	42.6666666666667
A_PA	1717	78	A	0	0	78	43.5641025641026
A_PA	1718	78	T	0	0	78	43.9487179487179
A_PA	1719	78	C	0	0	78	41.4102564102564
A_PA	1720	78	A	0	0	78	42.0384615384615
A_PA	1721	78	A	0	0	78	41.7435897435897
A_PA	1722	78	G	0	0	78	41.525641025641
A_PA	1723	78	A	0	0	78	40.8076923076923
A_PA	1724	78	T	0	0	78	40.9230769230769
A_PA	1725	78	G	0	0	78	40.2435897435897
A_PA	1726	78	A	0	0	78	41.8461538461538
A_PA	1727	78	A	0	0	78	42.7307692307692
A_PA	1728	78	A	0	0	78	43.5
A_PA	1729	78	T	0	0	78	43.9358974358974
A_PA	1730	78	G	0	0	78	43.2948717948718
A_PA	1731	78	G	0	0	78	41.5769230769231
A_PA	1732	78	G	0	0	78	43.2307692307692
A_PA	1733	78	G	0	0	78	43.0897435897436
A_PA	1734	78	C	0	0	78	44.1153846153846
A_PA	1735	78	A	0	0	78	43.5
A_PA	1736	78	T	0	0	78	45.0512820512821
A_PA	1737	78	G	0	0	78	41.8333333333333
A_PA	1738	78	G	0	0	78	41.6025641025641
A_PA	1739	78	A	0	0	78	41.1923076923077
A_PA	1740	78	A	0	0	78	41.025641025641
A_PA	1741	78	A	0	0	78	43.025641025641
A_PA	1742	78	T	0	0	78	42.9615384615385
A_PA	1743	78	G	0	0	78	41.6538461538462
A_PA	1744	78	A	0	0	77	41.025974025974
A_PA	1745	78	G	0	0	78	41.5897435897436
A_PA	1746	77	G	1	0	77	41.4155844155844
A_PA	1747	77	C	1	0	77	41
A_PA	1748	77	G	1	0	77	39.3116883116883
A_PA	1749	77	C	1	0	77	39.4285714285714
A_PA	1750	78	T	0	0	78	39.3333333333333
A_PA	1751	78	G	0	0	77	39.1038961038961
A_PA	1752	78	C	0	0	78	38.6538461538462
A_PA	1753	78	C	0	0	78	42.1666666666667
A_PA	1754	78	T	0	0	78	42.2820512820513
A_PA	1755	78	T	0	0	78	40.0641025641026
A_PA	1756	78	C	0	0	78	38.1923076923077
A_PA	1757	78	T	0	0	78	38.0641025641026
A_PA	1758	78	T	0	0	77	39.1428571428571
A_PA	1759	78	C	0	0	77	38.5974025974026
A_PA	1760	78	A	0	0	78	39.1666666666667
A_PA	1761	78	A	0	0	78	39.4358974358974
A_PA	1762	78	T	0	0	78	42
A_PA	1763	78	C	0	0	77	41.1688311688312
A_PA	1764	78	T	0	0	78	42.0384615384615
A_PA	1765	78	C	0	0	78	41.9230769230769
A_PA	1766	78	T	0	0	78	42.0641025641026
A_PA	1767	78	T	0	0	78	39.7564102564103
A_PA	1768	78	C	0	0	78	37.4871794871795
A_PA	1769	78	A	0	0	78	35.3461538461538
A_PA	1770	78	A	0	0	78	36.3589743589744
A_PA	1771	78	C	0	0	77	38.7142857142857
A_PA	1772	78	A	0	0	78	40.3974358974359
A_PA	1773	79	G	0	0	78	42.2564102564103
A_PA	1774	79	A	0	0	79	41.7215189873418
A_PA	1775	79	T	0	0	79	41.8481012658228
A_PA	1776	79	T	0	0	78	40.5384615384615
A_PA	1777	79	G	0	0	78	40.8076923076923
A_PA	1778	79	A	0	0	79	42.0886075949367
A_PA	1779	79	G	0	0	78	42.5
A_PA	1780	79	A	0	0	78	41.5384615384615
A_PA	1781	79	G	0	0	78	41.8974358974359
A_PA	1782	79	C	0	0	79	41.5696202531646
A_PA	1783	79	A	0	0	79	40.6962025316456
A_PA	1784	79	T	0	0	78	41.3205128205128
A_PA	1785	79	G	0	0	78	40.7307692307692
A_PA	1786	79	A	0	0	79	41.8987341772152
A_PA	1787	79	T	0	0	79	42.2911392405063
A_PA	1788	79	T	0	0	79	42.8101265822785
A_PA	1789	79	G	0	0	79	42.0886075949367
A_PA	1790	79	A	0	0	79	43.2151898734177
A_PA	1791	79	A	0	0	79	42.746835443038
A_PA	1792	79	G	0	0	79	43.2151898734177
A_PA	1793	79	C	0	0	79	42.5316455696203
A_PA	1794	79	C	0	0	79	41.7848101265823
A_PA	1795	78	G	1	0	78	40.4487179487179
A_PA	1796	79	A	0	0	79	39.7088607594937
A_PA	1797	79	G	0	0	79	39.7594936708861
A_PA	1798	79	T	0	0	79	39
A_PA	1799	79	C	0	0	79	39.7721518987342
A_PA	1800	79	T	0	0	79	41.2025316455696
A_PA	1801	79	T	0	0	79	40.4177215189873
A_PA	1802	79	C	0	0	79	40.3037974683544
A_PA	1803	78	T	1	0	78	40
A_PA	1804	79	G	0	0	79	40.3164556962025
A_PA	1805	79	T	0	0	79	39.6455696202532
A_PA	1806	78	C	1	0	78	38.1410256410256
A_PA	1807	78	A	1	0	77	37.5194805194805
A_PA	1808	79	A	0	0	79	36.4430379746835
A_PA	1809	80	A	0	0	80	36.3
A_PA	1810	81	G	0	0	80	35.35
A_PA	1811	81	A	0	0	81	37.9259259259259
A_PA	1812	81	G	0	0	81	39.4814814814815
A_PA	1813	81	A	0	0	81	38.4320987654321
A_PA	1814	81	A	0	0	81	40.4814814814815
A_PA	1815	81	A	0	0	81	40.8148148148148
A_PA	1816	81	G	0	0	81	39.5925925925926
A_PA	1817	81	A	0	0	81	41.5061728395062
A_PA	1818	81	C	0	0	81	41.6666666666667
A_PA	1819	81	A	0	0	81	40.8888888888889
A_PA	1820	81	T	0	0	81	41.358024691358
A_PA	1821	82	G	0	0	82	40.6463414634146
A_PA	1822	82	A	0	0	82	41.0487804878049
A_PA	1823	82	C	0	0	82	40.3414634146341
A_PA	1824	82	C	0	0	82	39.5121951219512
A_PA	1825	81	A	1	0	81	40.4691358024691
A_PA	1826	81	A	1	0	81	39.2716049382716
A_PA	1827	81	G	1	0	80	39.9125
A_PA	1828	80	G	2	0	80	39.7125
A_PA	1829	81	A	1	0	81	40.2592592592593
A_PA	1830	81	A	1	0	81	40.1728395061728
A_PA	1831	82	T	0	0	81	40.1851851851852
A_PA	1832	82	T	0	0	82	40.9390243902439
A_PA	1833	82	C	0	0	82	40.0243902439024
A_PA	1834	82	T	0	0	82	40.0609756097561
A_PA	1835	82	T	0	0	82	39.5853658536585
A_PA	1836	82	T	0	0	82	40.7073170731707
A_PA	1837	82	G	0	0	82	39.3170731707317
A_PA	1838	81	A	1	0	81	39.3827160493827
A_PA	1839	82	A	0	0	82	39.8658536585366
A_PA	1840	82	A	0	0	82	40.0609756097561
A_PA	1841	84	A	0	0	84	41.2857142857143
A_PA	1842	84	C	0	0	84	41.1190476190476
A_PA	1843	84	A	0	0	84	39.2976190476191
A_PA	1844	84	A	0	0	84	39.2857142857143
A_PA	1845	84	A	0	0	84	39.7857142857143
A_PA	1846	84	T	0	0	84	40.4523809523809
A_PA	1847	84	C	0	0	84	38.75
A_PA	1848	84	G	0	0	84	39.1785714285714
A_PA	1849	84	G	0	0	84	38.6071428571429
A_PA	1850	84	A	0	0	83	39.1084337349398
A_PA	1851	84	A	0	0	84	40.1904761904762
A_PA	1852	84	A	0	0	84	39.5833333333333
A_PA	1853	84	C	0	0	84	41.0833333333333
A_PA	1854	84	A	0	0	84	39.7142857142857
A_PA	1855	84	T	0	0	84	39.9642857142857
A_PA	1856	84	G	0	0	83	38.8433734939759
A_PA	1857	84	G	0	0	84	39.3928571428571
A_PA	1858	84	C	0	0	84	39.8690476190476
A_PA	1859	84	C	0	0	84	39.1428571428571
A_PA	1860	84	A	0	0	84	39.3928571428571
A_PA	1861	84	A	0	0	84	39
A_PA	1862	84	T	0	0	84	38.2380952380952
A_PA	1863	84	C	0	0	83	36.3734939759036
A_PA	1864	84	G	0	0	84	36.2619047619048
A_PA	1865	84	G	0	0	84	35.5833333333333
A_PA	1866	84	A	0	0	84	36.6309523809524
A_PA	1867	84	G	0	0	83	37.7951807228916
A_PA	1868	84	A	0	0	84	40.0833333333333
A_PA	1869	84	G	0	0	84	39.4642857142857
A_PA	1870	84	T	0	0	84	39.6071428571429
A_PA	1871	84	C	0	0	84	37.7023809523809
A_PA	1872	84	A	0	0	84	36.8214285714286
A_PA	1873	79	C	5	0	78	38.2948717948718
A_PA	1874	83	C	1	0	83	37.6626506024096
A_PA	1875	84	C	0	0	84	36.5119047619048
A_PA	1876	84	A	0	0	84	32.1309523809524
A_PA	1877	83	G	1	0	83	34.4939759036145
A_PA	1878	84	G	0	0	84	36.9166666666667
A_PA	1879	84	G	0	0	84	36.6785714285714
A_PA	1880	84	G	0	0	84	38.3452380952381
A_PA	1881	84	A	0	0	83	39.578313253012
A_PA	1882	83	G	1	0	82	40.109756097561
A_PA	1883	83	T	1	0	82	39.6341463414634
A_PA	1884	82	A	2	0	82	38.0121951219512
A_PA	1885	82	G	2	0	81	36.2469135802469
A_PA	1886	86	A	0	0	85	35.8470588235294
A_PA	1887	85	A	1	0	85	36.4
A_PA	1888	85	G	1	0	85	36.9882352941176
A_PA	1889	87	A	0	0	85	36.7529411764706
A_PA	1890	88	A	0	0	88	40.125
A_PA	1891	88	G	0	0	88	40.4431818181818
A_PA	1892	88	G	0	0	87	40.8620689655172
A_PA	1893	88	C	0	0	88	40.25
A_PA	1894	88	T	0	0	88	40.7386363636364
A_PA	1895	88	C	0	0	87	41.448275862069
A_PA	1896	88	T	0	0	88	41.8863636363636
A_PA	1897	89	A	0	0	89	41.3932584269663
A_PA	1898	89	T	0	0	89	41.5056179775281
A_PA	1899	89	T	0	0	89	40.7078651685393
A_PA	1900	89	G	0	0	88	41.3409090909091
A_PA	1901	89	G	0	0	89	40.4269662921348
A_PA	1902	88	A	1	0	88	41.1022727272727
A_PA	1903	89	A	0	0	89	42.5730337078652
A_PA	1904	89	A	0	0	89	42.752808988764
A_PA	1905	89	A	0	0	89	42.7078651685393
A_PA	1906	89	G	0	0	89	42.2134831460674
A_PA	1907	89	T	0	0	89	42.3483146067416
A_PA	1908	89	A	0	0	89	40.7752808988764
A_PA	1909	89	T	0	0	89	40.9213483146067
A_PA	1910	89	G	0	0	89	39.3258426966292
A_PA	1911	88	C	1	0	87	39.6896551724138
A_PA	1912	88	A	1	0	88	38.2727272727273
A_PA	1913	88	G	1	0	88	38.9431818181818
A_PA	1914	88	A	1	0	88	39.4545454545455
A_PA	1915	88	A	1	0	88	42
A_PA	1916	88	C	1	0	88	41.8977272727273
A_PA	1917	88	C	1	0	88	42.0795454545455
A_PA	1918	87	T	2	0	87	42.3908045977011
A_PA	1919	87	T	2	0	87	42.5287356321839
A_PA	1920	88	A	2	0	88	42.2272727272727
A_PA	1921	88	C	2	0	87	42.4827586206897
A_PA	1922	98	T	2	0	98	42.1734693877551
A_PA	1923	109	G	1	0	108	40.9537037037037
A_PA	1924	108	G	2	0	108	41.9537037037037
A_PA	1925	108	C	2	0	108	41.9351851851852
A_PA	1926	108	A	2	0	107	43.1401869158879
A_PA	1927	109	A	1	0	109	42.6238532110092
A_PA	1928	109	A	1	0	109	43.1834862385321
A_PA	1929	109	A	1	0	108	42.8518518518519
A_PA	1930	109	T	1	0	109	42.2660550458716
A_PA	1931	108	C	2	0	108	41.5277777777778
A_PA	1932	109	T	1	0	109	41.4954128440367
A_PA	1933	109	G	1	0	109	41.2018348623853
A_PA	1934	109	T	1	0	109	41.3853211009174
A_PA	1935	109	T	1	0	109	41.394495412844
A_PA	1936	110	T	1	0	110	42.8727272727273
A_PA	1937	110	T	1	0	110	41.6
A_PA	1938	109	C	2	0	109	40.4403669724771
A_PA	1939	115	A	2	0	115	41.0695652173913
A_PA	1940	115	A	2	0	115	40.8521739130435
A_PA	1941	115	C	2	0	115	40.4869565217391
A_PA	1942	115	A	2	0	115	40.3739130434783
A_PA	1943	115	G	2	0	115	40.2434782608696
A_PA	1944	115	T	2	0	115	40.2869565217391
A_PA	1945	115	C	2	0	115	39.7130434782609
A_PA	1946	115	T	2	0	114	40.0438596491228
A_PA	1947	115	A	2	0	114	39.6666666666667
A_PA	1948	116	T	2	0	115	39.6086956521739
A_PA	1949	120	A	0	0	120	39.6833333333333
A_PA	1950	120	T	0	0	120	41.1333333333333
A_PA	1951	119	G	1	0	118	41.9237288135593
A_PA	1952	120	C	0	0	120	41.8
A_PA	1953	120	T	0	0	120	42.7166666666667
A_PA	1954	120	T	0	0	120	41.8666666666667
A_PA	1955	121	C	0	0	121	40.5867768595041
A_PA	1956	121	T	0	0	121	41.0413223140496
A_PA	1957	120	C	1	0	120	40.9333333333333
A_PA	1958	121	C	0	0	120	42.275
A_PA	1959	121	A	0	0	121	40.8677685950413
A_PA	1960	121	C	0	0	121	40.6198347107438
A_PA	1961	121	A	0	0	121	40.5206611570248
A_PA	1962	122	A	0	0	122	41.4180327868852
A_PA	1963	122	C	0	0	121	41.2892561983471
A_PA	1964	122	T	0	0	121	40.900826446281
A_PA	1965	122	T	0	0	122	40.4016393442623
A_PA	1966	122	G	0	0	122	39.3032786885246
A_PA	1967	122	A	0	0	122	39.0901639344262
A_PA	1968	122	G	0	0	122	39.7868852459016
A_PA	1969	122	G	0	0	122	40.5409836065574
A_PA	1970	122	G	0	0	122	41.9918032786885
A_PA	1971	122	G	0	0	122	41.4508196721311
A_PA	1972	122	T	0	0	122	41.7704918032787
A_PA	1973	122	T	0	0	121	41.8099173553719
A_PA	1974	122	T	0	0	122	42.4426229508197
A_PA	1975	122	T	0	0	122	42.5573770491803
A_PA	1976	123	C	0	0	123	41.1626016260163
A_PA	1977	123	A	0	0	123	40.9105691056911
A_PA	1978	123	G	0	0	123	41.3983739837398
A_PA	1979	122	C	1	0	121	41.2231404958678
A_PA	1980	123	T	0	0	123	40.650406504065
A_PA	1981	123	G	0	0	123	39.2926829268293
A_PA	1982	125	A	0	0	125	39.408
A_PA	1983	125	A	0	0	125	39.872
A_PA	1984	550	T	0	0	550	35.8145454545455
A_PA	1985	549	C	1	0	549	33.16029143898
A_PA	1986	553	A	0	0	553	34.2730560578662
A_PA	1987	591	A	0	0	591	37.1539763113367
A_PA	1988	591	G	0	0	589	37.1935483870968
A_PA	1989	596	A	1	0	595	38.6168067226891
A_PA	1990	599	A	1	0	599	39.8146911519199
A_PA	1991	602	A	0	0	602	41.1827242524917
A_PA	1992	602	A	0	0	602	40.4335548172757
A_PA	1993	602	T	0	0	601	39.973377703827
A_PA	1994	611	T	0	0	611	40.4991816693944
A_PA	1995	611	G	0	0	610	39.3114754098361
A_PA	1996	611	C	0	0	611	37.9819967266776
A_PA	1997	611	T	0	0	611	38.4353518821604
A_PA	1998	611	T	0	0	610	39.7967213114754
A_PA	1999	611	C	0	0	611	39.4500818330606
A_PA	2000	610	T	1	0	609	40.1149425287356
A_PA	2001	611	C	1	0	611	40.1080196399345
A_PA	2002	616	A	1	0	616	39.3084415584416
A_PA	2003	620	T	4	0	619	40.0775444264943
A_PA	2004	624	T	0	0	624	39.5753205128205
A_PA	2005	622	G	2	0	618	39.7443365695793
A_PA	2006	620	T	4	0	618	39.3705501618123
A_PA	2007	621	T	3	0	621	37.4685990338164
A_PA	2008	622	C	3	0	620	35.7790322580645
A_PA	2009	625	A	1	0	625	34.6896
A_PA	2010	626	G	0	0	626	34.0926517571885
A_PA	2011	627	G	0	0	626	35.0447284345048
A_PA	2012	627	C	0	0	627	35.0940988835726
A_PA	2013	627	A	0	0	624	34.9134615384615
A_PA	2014	627	C	0	0	626	35.9680511182109
A_PA	2015	627	T	0	0	625	36.1296
A_PA	2016	628	T	0	0	628	35.7738853503185
A_PA	2017	625	A	3	0	624	34.0705128205128
A_PA	2018	624	G	4	0	623	34.446227929374
A_PA	2019	627	A	1	0	624	33.786858974359
A_PA	2020	628	G	0	0	628	35.1847133757962
A_PA	2021	627	A	1	0	626	37.2060702875399
A_PA	2022	627	C	1	0	626	37.5894568690096
A_PA	2023	628	A	0	0	628	37.9044585987261
A_PA	2024	628	A	0	0	627	38.9298245614035
A_PA	2025	628	C	0	0	628	39.0923566878981
A_PA	2026	628	C	0	0	628	38.796178343949
A_PA	2027	629	T	0	0	628	38.8964968152866
A_PA	2028	620	G	9	0	619	37.4620355411955
A_PA	2029	620	G	9	0	620	37.1548387096774
A_PA	2030	620	A	9	0	619	37.7043618739903
A_PA	2031	620	A	9	0	620	38.9483870967742
A_PA	2032	620	C	9	0	619	39.9644588045234
A_PA	2033	620	C	9	0	617	40.8038897893031
A_PA	2034	620	T	9	0	618	41.0355987055016
A_PA	2035	618	G	11	0	618	40.3349514563107
A_PA	2036	619	G	10	0	617	40.2431118314425
A_PA	2037	620	A	9	0	618	40.3640776699029
A_PA	2038	620	A	9	0	620	40.4645161290323
A_PA	2039	620	C	9	0	618	40.7928802588997
A_PA	2040	620	C	9	0	620	39.9112903225806
A_PA	2041	620	T	9	0	619	40.3957996768982
A_PA	2042	620	T	9	0	619	40.0468497576737
A_PA	2043	620	T	9	0	618	40.9239482200647
A_PA	2044	617	G	12	0	616	38.9821428571429
A_PA	2045	620	A	9	0	620	40.1693548387097
A_PA	2046	618	T	11	0	617	42.1150729335494
A_PA	2047	619	C	10	0	617	40.4797406807131
A_PA	2048	619	T	10	0	618	41.9012944983819
A_PA	2049	619	T	10	0	619	41.2277867528271
A_PA	2050	582	G	50	0	581	38.0189328743546
A_PA	2051	618	G	15	0	617	38.1118314424635
A_PA	2052	621	G	12	0	619	39.4297253634895
A_PA	2053	623	G	10	0	622	40.2749196141479
A_PA	2054	623	G	10	0	620	41.7483870967742
A_PA	2055	623	G	10	0	622	40.7717041800643
A_PA	2056	623	C	10	0	622	40.2009646302251
A_PA	2057	621	T	12	0	619	40.3344103392569
A_PA	2058	622	A	14	0	621	40.2463768115942
A_PA	2059	627	T	10	0	622	40.7106109324759
A_PA	2060	626	A	11	0	626	39.7076677316294
A_PA	2061	626	T	11	0	624	40.3012820512821
A_PA	2062	626	G	12	0	620	37.7225806451613
A_PA	2063	629	A	9	0	626	37.8019169329073
A_PA	2064	628	A	10	0	626	38.0990415335463
A_PA	2065	628	G	10	0	626	38.1405750798722
A_PA	2066	628	C	10	0	623	38.8314606741573
A_PA	2067	628	A	10	0	628	38.7452229299363
A_PA	2068	628	A	10	0	627	39.2456140350877
A_PA	2069	628	T	10	0	628	39.6894904458599
A_PA	2070	623	C	15	0	615	37.3349593495935
A_PA	2071	625	G	13	0	619	36.4087237479806
A_PA	2072	627	A	11	0	625	36.8352
A_PA	2073	636	G	2	0	635	36.7133858267717
A_PA	2074	637	G	1	0	634	36.8406940063091
A_PA	2075	637	A	1	0	636	39.3459119496855
A_PA	2076	637	G	1	0	636	39.8805031446541
A_PA	2077	638	T	0	0	637	40.0612244897959
A_PA	2078	638	G	0	0	636	40.3364779874214
A_PA	2079	639	C	0	0	636	40.1776729559748
A_PA	2080	638	T	1	0	637	40.1475667189953
A_PA	2081	639	T	0	0	639	39.7057902973396
A_PA	2082	638	G	1	0	635	38.755905511811
A_PA	2083	639	A	0	0	639	38.7089201877934
A_PA	2084	638	T	1	0	637	39.2951334379906
A_PA	2085	639	T	0	0	639	39.5039123630673
A_PA	2086	639	A	0	0	639	39.8998435054773
A_PA	2087	639	A	0	0	638	41.0470219435737
A_PA	2088	639	T	0	0	638	41.4153605015674
A_PA	2089	639	G	0	0	636	40.2783018867925
A_PA	2090	639	A	0	0	636	40.5424528301887
A_PA	2091	639	T	0	0	639	40.7480438184664
A_PA	2092	636	C	3	0	635	38.5070866141732
A_PA	2093	639	C	0	0	638	39.1645768025078
A_PA	2094	639	C	0	0	639	38.8184663536776
A_PA	2095	639	T	1	0	638	38.4796238244514
A_PA	2096	638	G	2	0	638	38.6379310344828
A_PA	2097	639	G	1	0	638	40.4200626959248
A_PA	2098	640	G	0	0	638	40.2993730407524
A_PA	2099	640	T	0	0	638	41.5909090909091
A_PA	2100	640	T	0	0	639	41.981220657277
A_PA	2101	640	T	0	0	640	42.0609375
A_PA	2102	639	T	1	0	639	42.6729264475743
A_PA	2103	639	G	1	0	636	42.1399371069182
A_PA	2104	640	C	0	0	638	41.3056426332288
A_PA	2105	637	T	2	0	636	40.6179245283019
A_PA	2106	639	T	0	0	634	40.1119873817035
A_PA	2107	638	A	1	0	635	39.3086614173228
A_PA	2108	639	A	0	0	638	39.7100313479624
A_PA	2109	639	T	0	0	638	40.6630094043887
A_PA	2110	637	G	2	0	637	40.861852433281
A_PA	2111	637	C	2	0	637	41.7111459968603
A_PA	2112	638	A	1	0	638	40.4592476489028
A_PA	2113	637	T	2	0	636	40.7028301886792
A_PA	2114	638	C	1	0	635	40.0299212598425
A_PA	2115	638	T	1	0	635	40.503937007874
A_PA	2116	638	T	1	0	637	40.2323390894819
A_PA	2117	637	G	2	0	635	38.511811023622
A_PA	2118	638	G	1	0	637	38.4850863422292
A_PA	2119	638	T	1	0	636	38.6147798742138
A_PA	2120	638	T	1	0	636	38.7547169811321
A_PA	2121	637	C	2	0	630	38.8952380952381
A_PA	2122	639	A	0	0	636	40.124213836478
A_PA	2123	639	A	0	0	638	40.6238244514107
A_PA	2124	638	C	1	0	636	40.7216981132075
A_PA	2125	639	T	0	0	639	41.1173708920188
A_PA	2126	639	C	0	0	639	41.7996870109546
A_PA	2127	639	C	0	0	638	41.5689655172414
A_PA	2128	639	T	0	0	639	41.3755868544601
A_PA	2129	639	T	0	0	639	40.8419405320814
A_PA	2130	639	C	0	0	639	40.3568075117371
A_PA	2131	638	C	1	0	638	40.4075235109718
A_PA	2132	638	T	1	0	638	40.5376175548589
A_PA	2133	638	C	1	0	636	40.3003144654088
A_PA	2134	637	A	2	0	637	40.6310832025118
A_PA	2135	638	C	1	0	638	40.6065830721003
A_PA	2136	638	A	1	0	638	40.4278996865204
A_PA	2137	639	C	0	0	638	40.2586206896552
A_PA	2138	639	A	0	0	637	40.105180533752
A_PA	2139	639	T	0	0	639	42.1267605633803
A_PA	2140	639	G	0	0	639	41.6291079812207
A_PA	2141	639	C	0	0	639	42.3693270735524
A_PA	2142	639	A	0	0	638	42.0987460815047
A_PA	2143	639	C	0	0	638	42.3652037617555
A_PA	2144	639	T	0	0	637	42.6923076923077
A_PA	2145	638	G	0	0	637	41.1114599686028
A_PA	2146	638	A	0	0	638	41.3448275862069
A_PA	2147	638	A	0	0	638	41.6943573667712
A_PA	2148	637	G	0	0	636	40.8962264150943
A_PA	2149	637	T	0	0	637	40.7896389324961
A_PA	2150	637	A	0	0	637	39.8147566718995
A_PA	2151	635	G	0	0	635	40.2976377952756
