Reference_Name	Position	Coverage Depth	Consensus	Deletions	Ambiguous	Consensus_Count	Consensus_Average_Quality
A_PB1	1	65	A	0	0	65	40.7846153846154
A_PB1	2	65	T	0	0	65	39.7538461538462
A_PB1	3	66	G	0	0	66	38.9090909090909
A_PB1	4	66	G	0	0	66	39.0151515151515
A_PB1	5	67	A	0	0	67	38.5223880597015
A_PB1	6	67	C	0	0	66	38.7878787878788
A_PB1	7	67	G	0	0	66	37.1060606060606
A_PB1	8	67	T	0	0	67	36.7761194029851
A_PB1	9	67	C	0	0	67	36.8507462686567
A_PB1	10	67	A	0	0	67	37
A_PB1	11	67	A	0	0	67	37.0597014925373
A_PB1	12	67	T	0	0	67	37.1641791044776
A_PB1	13	67	C	0	0	67	37.6119402985075
A_PB1	14	67	C	0	0	66	36.9848484848485
A_PB1	15	66	G	1	0	66	35.6666666666667
A_PB1	16	67	A	0	0	67	35.1044776119403
A_PB1	17	67	C	0	0	66	35.3939393939394
A_PB1	18	67	T	0	0	67	35.1044776119403
A_PB1	19	68	C	0	0	68	35.6617647058824
A_PB1	20	67	T	1	0	67	37.2388059701493
A_PB1	21	67	A	1	0	67	37.0298507462687
A_PB1	22	67	C	1	0	67	36.044776119403
A_PB1	23	67	T	1	0	66	35.530303030303
A_PB1	24	67	T	1	0	67	36.4477611940299
A_PB1	25	67	T	1	0	67	36.7014925373134
A_PB1	26	68	T	0	0	68	33.9264705882353
A_PB1	27	67	C	1	0	67	34.0597014925373
A_PB1	28	67	C	1	0	67	35
A_PB1	29	68	T	0	0	68	32.9411764705882
A_PB1	30	63	A	5	0	63	32.3174603174603
A_PB1	31	65	A	3	0	65	33.2769230769231
A_PB1	32	68	A	0	0	68	34.6911764705882
A_PB1	33	68	A	0	0	68	37.75
A_PB1	34	67	A	1	0	67	38.9850746268657
A_PB1	35	67	T	1	0	67	38.4925373134328
A_PB1	36	67	T	1	0	67	39.2388059701493
A_PB1	37	67	C	1	0	67	39
A_PB1	38	67	C	1	0	67	39.0298507462687
A_PB1	39	67	A	1	0	65	39.0615384615385
A_PB1	40	67	G	1	0	67	39.5522388059701
A_PB1	41	66	C	2	0	66	40.0909090909091
A_PB1	42	67	A	1	0	67	40.6865671641791
A_PB1	43	68	C	0	0	68	41.2794117647059
A_PB1	44	68	A	0	0	68	41.25
A_PB1	45	68	A	0	0	68	40.5441176470588
A_PB1	46	68	A	0	0	68	40.2352941176471
A_PB1	47	68	A	0	0	68	40.4705882352941
A_PB1	48	68	T	0	0	68	39.9411764705882
A_PB1	49	68	G	0	0	68	39.2058823529412
A_PB1	50	68	C	0	0	68	41.1617647058824
A_PB1	51	68	C	0	0	68	40.1617647058824
A_PB1	52	68	A	0	0	68	40.5441176470588
A_PB1	53	68	T	0	0	68	40.5147058823529
A_PB1	54	67	A	0	0	67	40.4776119402985
A_PB1	55	67	A	0	0	67	40.6268656716418
A_PB1	56	67	G	0	0	67	39.9701492537313
A_PB1	57	67	C	0	0	67	39.7164179104478
A_PB1	58	67	A	0	0	67	39.9402985074627
A_PB1	59	67	C	0	0	67	41.0298507462687
A_PB1	60	67	C	0	0	67	40.2238805970149
A_PB1	61	68	A	0	0	68	40.7205882352941
A_PB1	62	68	C	0	0	68	41.2647058823529
A_PB1	63	68	A	0	0	68	40.7647058823529
A_PB1	64	68	T	0	0	68	42.9852941176471
A_PB1	65	68	T	0	0	68	41.2794117647059
A_PB1	66	68	C	0	0	68	40.0294117647059
A_PB1	67	68	C	0	0	67	40.7611940298507
A_PB1	68	68	C	0	0	68	41.5735294117647
A_PB1	69	68	T	0	0	68	40.5882352941176
A_PB1	70	68	T	0	0	68	40.9852941176471
A_PB1	71	68	A	0	0	67	39.1194029850746
A_PB1	72	68	T	0	0	67	38
A_PB1	73	66	A	2	0	64	37.796875
A_PB1	74	68	C	0	0	67	36.8208955223881
A_PB1	75	68	T	0	0	68	37.1911764705882
A_PB1	76	68	G	0	0	68	37.6911764705882
A_PB1	77	68	G	0	0	68	38.3676470588235
A_PB1	78	68	A	0	0	68	38.0588235294118
A_PB1	79	68	G	0	0	68	39.4705882352941
A_PB1	80	68	A	0	0	68	38.6764705882353
A_PB1	81	67	T	1	0	67	39.8955223880597
A_PB1	82	67	C	1	0	67	38.4477611940299
A_PB1	83	68	C	0	0	68	39.0882352941176
A_PB1	84	68	T	0	0	68	39.9117647058824
A_PB1	85	68	C	0	0	68	38.6764705882353
A_PB1	86	68	C	0	0	68	37.3970588235294
A_PB1	87	67	A	1	0	67	37.7761194029851
A_PB1	88	67	T	1	0	66	37.969696969697
A_PB1	89	68	A	0	0	67	38.8507462686567
A_PB1	90	68	C	0	0	68	38.8676470588235
A_PB1	91	68	A	0	0	68	38.9852941176471
A_PB1	92	68	G	0	0	68	39.1176470588235
A_PB1	93	68	C	0	0	68	39.9117647058824
A_PB1	94	68	C	0	0	68	39.8088235294118
A_PB1	95	68	A	0	0	68	40.0147058823529
A_PB1	96	68	T	0	0	68	38.6176470588235
A_PB1	97	68	G	0	0	68	38.4117647058824
A_PB1	98	68	G	0	0	68	38.7205882352941
A_PB1	99	68	A	0	0	68	39.0588235294118
A_PB1	100	68	A	0	0	68	39.2205882352941
A_PB1	101	68	C	0	0	68	40.5
A_PB1	102	68	A	0	0	68	38.9705882352941
A_PB1	103	68	G	0	0	68	39.4558823529412
A_PB1	104	68	G	0	0	68	41.0294117647059
A_PB1	105	68	A	0	0	68	40.0735294117647
A_PB1	106	68	A	0	0	68	40.2647058823529
A_PB1	107	68	C	0	0	68	41.25
A_PB1	108	68	A	0	0	67	40.4328358208955
A_PB1	109	68	G	0	0	68	41.1470588235294
A_PB1	110	68	G	0	0	68	40.5735294117647
A_PB1	111	68	A	0	0	68	39.5147058823529
A_PB1	112	68	T	0	0	67	39.3432835820896
A_PB1	113	68	A	0	0	68	39.1029411764706
A_PB1	114	67	C	0	0	67	39.8805970149254
A_PB1	115	67	A	0	0	67	40.0149253731343
A_PB1	116	67	C	0	0	66	39.8939393939394
A_PB1	117	67	C	0	0	67	39.865671641791
A_PB1	118	67	A	0	0	67	39.3432835820896
A_PB1	119	67	T	0	0	67	38.2686567164179
A_PB1	120	67	G	0	0	67	37.9850746268657
A_PB1	121	66	G	0	0	66	39.6363636363636
A_PB1	122	66	A	0	0	66	39.1515151515151
A_PB1	123	66	C	0	0	66	39.2121212121212
A_PB1	124	66	A	0	0	66	39.4090909090909
A_PB1	125	66	C	0	0	66	39.6666666666667
A_PB1	126	66	A	0	0	66	38.3636363636364
A_PB1	127	66	G	0	0	66	38.0454545454545
A_PB1	128	66	T	0	0	66	38.3636363636364
A_PB1	129	65	A	1	0	65	37.3384615384615
A_PB1	130	65	A	1	0	64	36.78125
A_PB1	131	65	A	1	0	65	37.7384615384615
A_PB1	132	65	C	1	0	64	39.1875
A_PB1	133	65	A	1	0	65	39.5076923076923
A_PB1	134	65	G	1	0	65	38.9846153846154
A_PB1	135	66	A	0	0	66	39.3030303030303
A_PB1	136	66	A	0	0	66	39.8333333333333
A_PB1	137	66	C	0	0	66	39.2575757575758
A_PB1	138	66	A	0	0	66	38.9393939393939
A_PB1	139	66	C	0	0	66	39.6515151515151
A_PB1	140	66	A	0	0	66	38.969696969697
A_PB1	141	66	C	0	0	66	38.3181818181818
A_PB1	142	66	C	0	0	66	37.9393939393939
A_PB1	143	66	A	0	0	66	36.9848484848485
A_PB1	144	66	A	0	0	66	36.2878787878788
A_PB1	145	66	T	0	0	66	37.8030303030303
A_PB1	146	66	A	0	0	66	37.3484848484849
A_PB1	147	65	C	1	0	65	39.2153846153846
A_PB1	148	66	T	0	0	66	39.1969696969697
A_PB1	149	66	C	0	0	66	36.7575757575758
A_PB1	150	66	A	0	0	66	36.3484848484849
A_PB1	151	65	G	0	0	65	36.1230769230769
A_PB1	152	62	A	3	0	62	36.6129032258064
A_PB1	153	65	A	0	0	65	36.3846153846154
A_PB1	154	65	A	0	0	65	37.6
A_PB1	155	65	A	0	0	64	39.1875
A_PB1	156	64	G	1	0	64	36.859375
A_PB1	157	65	G	0	0	65	37.7230769230769
A_PB1	158	65	G	0	0	65	39.3230769230769
A_PB1	159	65	G	0	0	63	37.5714285714286
A_PB1	160	65	A	0	0	64	37.921875
A_PB1	161	65	A	0	0	65	39.5230769230769
A_PB1	162	65	G	0	0	64	38.3125
A_PB1	163	65	T	0	0	65	38.0461538461538
A_PB1	164	65	G	0	0	65	38.3846153846154
A_PB1	165	65	G	0	0	65	38.1692307692308
A_PB1	166	64	A	1	0	64	38.78125
A_PB1	167	64	C	1	0	64	39.21875
A_PB1	168	64	A	1	0	63	38.3968253968254
A_PB1	169	65	A	0	0	65	38.1230769230769
A_PB1	170	65	C	0	0	65	38.4153846153846
A_PB1	171	65	A	0	0	65	36.9384615384615
A_PB1	172	65	A	0	0	65	37.8307692307692
A_PB1	173	65	A	0	0	65	36.6
A_PB1	174	65	C	0	0	65	36.4615384615385
A_PB1	175	65	A	0	0	65	36.0307692307692
A_PB1	176	65	C	0	0	65	37.4307692307692
A_PB1	177	64	A	1	0	64	36.359375
A_PB1	178	65	G	0	0	65	36.5076923076923
A_PB1	179	64	A	0	0	64	36.890625
A_PB1	180	64	A	0	0	64	39.390625
A_PB1	181	64	A	0	0	64	39.0625
A_PB1	182	64	C	0	0	64	39.703125
A_PB1	183	64	T	0	0	64	38.109375
A_PB1	184	64	G	0	0	64	39.171875
A_PB1	185	64	G	0	0	64	38.15625
A_PB1	186	64	T	0	0	64	38.640625
A_PB1	187	64	G	0	0	64	37.75
A_PB1	188	64	C	0	0	64	39.78125
A_PB1	189	64	A	0	0	64	39.65625
A_PB1	190	64	C	0	0	64	40.921875
A_PB1	191	64	C	0	0	64	40.3125
A_PB1	192	64	T	0	0	64	40.6875
A_PB1	193	64	C	0	0	64	38.90625
A_PB1	194	64	A	0	0	63	39.3174603174603
A_PB1	195	64	G	0	0	64	39
A_PB1	196	64	C	0	0	64	39.8125
A_PB1	197	64	T	0	0	64	38.859375
A_PB1	198	64	C	0	0	64	37.96875
A_PB1	199	64	A	0	0	64	38.046875
A_PB1	200	64	A	0	0	64	38.484375
A_PB1	201	64	C	0	0	63	38.8571428571429
A_PB1	202	64	C	0	0	63	39.015873015873
A_PB1	203	64	C	0	0	63	39.3968253968254
A_PB1	204	64	G	0	0	64	36.671875
A_PB1	205	64	A	0	0	64	37.359375
A_PB1	206	64	T	0	0	64	37.078125
A_PB1	207	64	A	0	0	64	36.265625
A_PB1	208	64	G	0	0	64	37.59375
A_PB1	209	63	A	0	0	63	38.3968253968254
A_PB1	210	63	C	0	0	63	36.8253968253968
A_PB1	211	63	G	0	0	63	36.8253968253968
A_PB1	212	63	G	0	0	63	36.8571428571429
A_PB1	213	63	A	0	0	63	36.9206349206349
A_PB1	214	63	C	0	0	63	37.1587301587302
A_PB1	215	63	C	0	0	63	38.5873015873016
A_PB1	216	63	A	0	0	63	39.6666666666667
A_PB1	217	63	C	0	0	63	40.6825396825397
A_PB1	218	63	T	0	0	62	40.5806451612903
A_PB1	219	63	A	0	0	63	39.984126984127
A_PB1	220	63	C	0	0	63	41.3968253968254
A_PB1	221	63	C	0	0	63	40.5714285714286
A_PB1	222	63	C	0	0	63	40.4761904761905
A_PB1	223	61	G	2	0	60	39
A_PB1	224	60	A	3	0	58	41.3103448275862
A_PB1	225	63	A	0	0	63	41.0634920634921
A_PB1	226	63	G	0	0	63	40.8253968253968
A_PB1	227	62	A	1	0	62	42.2258064516129
A_PB1	228	62	T	1	0	61	41.1967213114754
A_PB1	229	59	A	4	0	59	39.6440677966102
A_PB1	230	60	A	3	0	60	41.2166666666667
A_PB1	231	60	T	3	0	60	41.3666666666667
A_PB1	232	60	G	3	0	59	39.728813559322
A_PB1	233	63	A	0	0	63	40.6825396825397
A_PB1	234	63	A	0	0	63	40.9206349206349
A_PB1	235	63	C	0	0	63	40.9365079365079
A_PB1	236	63	C	0	0	62	40.4032258064516
A_PB1	237	63	A	0	0	63	41.6349206349206
A_PB1	238	63	A	0	0	63	41.3015873015873
A_PB1	239	63	G	0	0	63	41.0634920634921
A_PB1	240	63	T	0	0	63	40.984126984127
A_PB1	241	63	G	0	0	63	40.7777777777778
A_PB1	242	63	G	0	0	63	41.6666666666667
A_PB1	243	63	G	0	0	63	40.4444444444444
A_PB1	244	62	T	1	0	62	41.2096774193548
A_PB1	245	63	A	0	0	63	40.8571428571429
A_PB1	246	63	T	0	0	63	41.2539682539683
A_PB1	247	63	G	0	0	63	41.5555555555556
A_PB1	248	61	C	0	0	61	42.4262295081967
A_PB1	249	61	A	0	0	61	41.5573770491803
A_PB1	250	61	C	0	0	61	42.6393442622951
A_PB1	251	61	A	0	0	61	41.8524590163934
A_PB1	252	61	A	0	0	61	41.5245901639344
A_PB1	253	61	A	0	0	61	40.5409836065574
A_PB1	254	61	C	0	0	61	40.5409836065574
A_PB1	255	61	A	0	0	61	39.2622950819672
A_PB1	256	61	G	0	0	61	39.5573770491803
A_PB1	257	61	A	0	0	61	39.7377049180328
A_PB1	258	61	C	0	0	61	40.9508196721311
A_PB1	259	61	T	0	0	61	40.0983606557377
A_PB1	260	61	G	0	0	61	40.1803278688525
A_PB1	261	61	T	0	0	60	40.7833333333333
A_PB1	262	61	G	0	0	61	40.3934426229508
A_PB1	263	61	T	0	0	61	40.5081967213115
A_PB1	264	55	T	0	0	55	39.9636363636364
A_PB1	265	55	C	0	0	55	39.4545454545455
A_PB1	266	55	T	0	0	55	39.1272727272727
A_PB1	267	55	A	0	0	55	38.0181818181818
A_PB1	268	55	G	0	0	55	38.1454545454545
A_PB1	269	55	A	0	0	54	37.8888888888889
A_PB1	270	55	G	0	0	55	38.0727272727273
A_PB1	271	55	G	0	0	55	37.1272727272727
A_PB1	272	55	C	0	0	55	37.3818181818182
A_PB1	273	55	T	0	0	55	38.7454545454545
A_PB1	274	55	A	0	0	55	38.4363636363636
A_PB1	275	54	T	0	0	54	39.6481481481481
A_PB1	276	54	G	0	0	54	38.5555555555556
A_PB1	277	54	G	0	0	54	39.2407407407407
A_PB1	278	54	C	0	0	54	37.8518518518519
A_PB1	279	54	T	0	0	54	38.0925925925926
A_PB1	280	54	T	0	0	54	38.9259259259259
A_PB1	281	54	T	0	0	54	38.462962962963
A_PB1	282	54	C	0	0	54	36.9259259259259
A_PB1	283	54	C	0	0	54	37.7962962962963
A_PB1	284	54	T	0	0	54	36.962962962963
A_PB1	285	54	T	0	0	53	36.8301886792453
A_PB1	286	54	G	0	0	54	34.2777777777778
A_PB1	287	54	A	0	0	54	34.5925925925926
A_PB1	288	54	A	0	0	54	36.8333333333333
A_PB1	289	54	G	0	0	54	38.2037037037037
A_PB1	290	54	A	0	0	54	38.5555555555556
A_PB1	291	54	A	0	0	54	38.5
A_PB1	292	54	T	0	0	54	38.9259259259259
A_PB1	293	53	C	1	0	53	36.9433962264151
A_PB1	294	53	C	0	0	53	37.6792452830189
A_PB1	295	53	C	0	0	53	37.0754716981132
A_PB1	296	53	A	0	0	53	34.9433962264151
A_PB1	297	53	T	0	0	53	36.5660377358491
A_PB1	298	53	C	0	0	53	36.3584905660377
A_PB1	299	53	C	0	0	53	36.9622641509434
A_PB1	300	53	A	0	0	53	36.6415094339623
A_PB1	301	53	G	0	0	53	38.6603773584906
A_PB1	302	53	G	0	0	53	39.8301886792453
A_PB1	303	53	A	0	0	53	40.188679245283
A_PB1	304	53	A	0	0	53	40.6415094339623
A_PB1	305	53	T	0	0	53	41.1320754716981
A_PB1	306	53	A	0	0	53	40.1132075471698
A_PB1	307	53	T	0	0	53	41.6603773584906
A_PB1	308	53	T	0	0	53	40.9245283018868
A_PB1	309	53	T	0	0	53	39.9433962264151
A_PB1	310	53	G	0	0	53	38.9056603773585
A_PB1	311	53	A	0	0	53	38.5283018867925
A_PB1	312	52	A	0	0	52	39.0961538461538
A_PB1	313	51	A	0	0	51	39.2745098039216
A_PB1	314	51	A	0	0	50	40.16
A_PB1	315	51	T	0	0	51	40.2352941176471
A_PB1	316	51	T	0	0	51	39.8823529411765
A_PB1	317	51	C	0	0	50	40.26
A_PB1	318	51	A	0	0	50	39.96
A_PB1	319	51	T	0	0	51	39.0588235294118
A_PB1	320	48	G	0	0	48	37.7708333333333
A_PB1	321	47	C	1	0	47	39.1702127659574
A_PB1	322	47	C	1	0	47	39.1063829787234
A_PB1	323	48	T	0	0	48	38.3541666666667
A_PB1	324	48	T	0	0	47	38.1489361702128
A_PB1	325	48	G	0	0	46	39.2826086956522
A_PB1	326	48	A	0	0	48	39.4166666666667
A_PB1	327	48	A	0	0	48	40.6875
A_PB1	328	48	A	0	0	48	40.625
A_PB1	329	48	C	0	0	47	41.0851063829787
A_PB1	330	48	A	0	0	47	41.4468085106383
A_PB1	331	48	A	0	0	48	41.7708333333333
A_PB1	332	48	T	0	0	48	41.7083333333333
A_PB1	333	42	G	0	0	41	40.9024390243902
A_PB1	334	42	G	0	0	41	40.9024390243902
A_PB1	335	42	A	0	0	42	41.9285714285714
A_PB1	336	41	A	1	0	41	41.4878048780488
A_PB1	337	41	G	1	0	41	40.5365853658537
A_PB1	338	41	T	1	0	41	40.7560975609756
A_PB1	339	41	T	1	0	41	41.3414634146341
A_PB1	340	41	G	1	0	41	41
A_PB1	341	40	T	2	0	40	40.2
A_PB1	342	41	T	1	0	41	40.0243902439024
A_PB1	343	41	C	1	0	41	38.5365853658537
A_PB1	344	41	A	1	0	41	38.8292682926829
A_PB1	345	41	G	1	0	41	38.6585365853659
A_PB1	346	41	C	1	0	41	39.5365853658537
A_PB1	347	41	A	1	0	41	38.0975609756098
A_PB1	348	41	A	1	0	41	40.0243902439024
A_PB1	349	41	A	1	0	41	39.3658536585366
A_PB1	350	41	C	1	0	41	40.8536585365854
A_PB1	351	42	A	0	0	42	39.3809523809524
A_PB1	352	42	A	0	0	41	38.4146341463415
A_PB1	353	41	G	1	0	41	38.780487804878
A_PB1	354	42	G	0	0	42	39.0714285714286
A_PB1	355	42	G	0	0	41	39.3414634146341
A_PB1	356	42	T	0	0	42	40.4285714285714
A_PB1	357	42	A	0	0	41	40.9756097560976
A_PB1	358	41	G	0	0	41	40.1463414634146
A_PB1	359	41	A	0	0	41	40.2682926829268
A_PB1	360	41	T	0	0	41	40.3414634146341
A_PB1	361	41	A	0	0	41	40.2439024390244
A_PB1	362	41	A	0	0	41	39.8536585365854
A_PB1	363	41	A	0	0	41	40.5365853658537
A_PB1	364	40	C	1	0	40	40.275
A_PB1	365	40	T	1	0	40	39.55
A_PB1	366	40	G	1	0	40	38.5
A_PB1	367	40	A	1	0	40	38.075
A_PB1	368	40	C	1	0	40	37.575
A_PB1	369	41	T	0	0	41	37.3170731707317
A_PB1	370	42	C	0	0	40	39.15
A_PB1	371	42	A	0	0	42	39.7380952380952
A_PB1	372	42	A	0	0	41	38.5609756097561
A_PB1	373	42	G	0	0	42	39.0238095238095
A_PB1	374	42	G	0	0	42	38.4523809523809
A_PB1	375	41	T	1	0	41	38.7317073170732
A_PB1	376	41	C	1	0	41	37.6341463414634
A_PB1	377	42	G	0	0	41	36.5121951219512
A_PB1	378	42	C	0	0	41	36.7560975609756
A_PB1	379	42	C	0	0	41	37
A_PB1	380	42	A	0	0	42	35.2857142857143
A_PB1	381	42	G	0	0	42	36.5714285714286
A_PB1	382	42	A	0	0	41	38.9024390243902
A_PB1	383	42	C	0	0	40	38.55
A_PB1	384	42	C	0	0	42	38.1904761904762
A_PB1	385	42	T	0	0	42	39.0476190476191
A_PB1	386	42	A	0	0	42	37.7142857142857
A_PB1	387	42	T	0	0	41	38.5365853658537
A_PB1	388	42	G	0	0	42	36.2857142857143
A_PB1	389	42	A	0	0	42	35.6666666666667
A_PB1	390	42	T	0	0	42	36.0952380952381
A_PB1	391	42	T	0	0	41	35.3170731707317
A_PB1	392	42	G	0	0	41	36.9512195121951
A_PB1	393	42	G	0	0	42	36.8571428571429
A_PB1	394	42	A	0	0	42	38.0952380952381
A_PB1	395	42	C	0	0	42	39.4047619047619
A_PB1	396	42	A	0	0	42	39.9285714285714
A_PB1	397	42	T	0	0	42	40.2857142857143
A_PB1	398	42	T	0	0	42	40.5476190476191
A_PB1	399	41	A	1	0	41	39.1951219512195
A_PB1	400	42	A	0	0	42	39.6428571428571
A_PB1	401	42	A	0	0	42	40.0714285714286
A_PB1	402	42	C	0	0	42	39.5952380952381
A_PB1	403	42	A	0	0	42	41
A_PB1	404	41	G	1	0	41	39.6341463414634
A_PB1	405	43	A	0	0	43	40.6976744186046
A_PB1	406	43	A	0	0	43	40.8604651162791
A_PB1	407	43	A	0	0	43	40.2325581395349
A_PB1	408	42	T	0	0	42	38.1666666666667
A_PB1	409	42	C	0	0	42	37.4761904761905
A_PB1	410	42	A	0	0	42	37.3095238095238
A_PB1	411	42	A	0	0	42	38.4285714285714
A_PB1	412	42	C	0	0	41	38.3170731707317
A_PB1	413	42	C	0	0	42	38.7619047619048
A_PB1	414	42	G	0	0	42	37.5238095238095
A_PB1	415	41	G	1	0	41	38.0487804878049
A_PB1	416	41	C	1	0	41	38.5609756097561
A_PB1	417	42	A	0	0	42	37.5714285714286
A_PB1	418	42	G	0	0	42	38.6428571428571
A_PB1	419	41	C	1	0	41	39.9512195121951
A_PB1	420	41	A	1	0	41	40.2439024390244
A_PB1	421	42	A	0	0	41	40.6341463414634
A_PB1	422	42	C	0	0	42	40.6190476190476
A_PB1	423	42	T	0	0	42	40.4523809523809
A_PB1	424	42	G	0	0	42	40.5952380952381
A_PB1	425	42	C	0	0	42	40.6904761904762
A_PB1	426	42	A	0	0	42	39.5476190476191
A_PB1	427	42	T	0	0	42	37.8571428571429
A_PB1	428	42	T	0	0	42	38.6190476190476
A_PB1	429	42	G	0	0	42	37.7857142857143
A_PB1	430	42	G	0	0	42	37.1190476190476
A_PB1	431	42	C	0	0	42	37.8095238095238
A_PB1	432	42	C	0	0	42	37.3571428571429
A_PB1	433	42	A	0	0	42	36.0714285714286
A_PB1	434	42	A	0	0	42	35.8095238095238
A_PB1	435	42	C	0	0	42	35.8333333333333
A_PB1	436	42	A	0	0	42	36.2619047619048
A_PB1	437	42	C	0	0	42	35.7380952380952
A_PB1	438	42	C	0	0	42	36.2857142857143
A_PB1	439	42	A	0	0	42	37
A_PB1	440	42	T	0	0	42	38.1190476190476
A_PB1	441	42	A	0	0	42	37.5
A_PB1	442	42	G	0	0	42	37.2857142857143
A_PB1	443	42	A	0	0	42	37.7619047619048
A_PB1	444	42	A	0	0	42	38.8095238095238
A_PB1	445	42	G	0	0	42	39.6428571428571
A_PB1	446	41	T	1	0	41	39.6829268292683
A_PB1	447	42	T	0	0	42	38.7142857142857
A_PB1	448	42	T	0	0	42	38.5238095238095
A_PB1	449	42	T	0	0	42	38.8809523809524
A_PB1	450	42	C	0	0	42	38.5
A_PB1	451	42	A	0	0	42	36.3095238095238
A_PB1	452	42	G	0	0	42	37.4047619047619
A_PB1	453	42	A	0	0	42	36.9523809523809
A_PB1	454	42	T	0	0	42	38.1190476190476
A_PB1	455	40	C	0	0	38	37.3684210526316
A_PB1	456	40	G	0	0	39	36.7179487179487
A_PB1	457	40	A	0	0	40	36.925
A_PB1	458	40	A	0	0	40	35.95
A_PB1	459	40	T	0	0	40	36.35
A_PB1	460	40	G	0	0	40	36.125
A_PB1	461	40	A	0	0	39	38.0769230769231
A_PB1	462	40	C	0	0	40	38.4
A_PB1	463	40	C	0	0	40	37.8
A_PB1	464	40	T	0	0	40	38.975
A_PB1	465	40	A	0	0	40	37.7
A_PB1	466	40	A	0	0	40	36.25
A_PB1	467	40	C	0	0	40	36.275
A_PB1	468	40	A	0	0	40	36.525
A_PB1	469	40	G	0	0	40	37.225
A_PB1	470	40	C	0	0	40	37.325
A_PB1	471	40	T	0	0	40	37.95
A_PB1	472	40	A	0	0	40	38
A_PB1	473	40	A	0	0	40	37.2
A_PB1	474	40	C	0	0	40	36.9
A_PB1	475	39	G	1	0	38	36.2894736842105
A_PB1	476	40	A	0	0	40	35.475
A_PB1	477	40	G	0	0	40	34.65
A_PB1	478	40	T	0	0	40	34.5
A_PB1	479	40	C	0	0	39	34.7435897435897
A_PB1	480	40	A	0	0	38	37.7894736842105
A_PB1	481	40	G	0	0	40	36.35
A_PB1	482	40	G	0	0	40	36.075
A_PB1	483	40	A	0	0	40	36.45
A_PB1	484	39	A	0	0	39	38.3846153846154
A_PB1	485	38	G	1	0	38	39.6842105263158
A_PB1	486	39	G	0	0	39	37.2564102564103
A_PB1	487	39	C	0	0	39	37.8974358974359
A_PB1	488	38	T	1	0	37	40.1621621621622
A_PB1	489	39	A	0	0	38	38.7631578947368
A_PB1	490	39	A	0	0	38	38.7631578947368
A_PB1	491	38	T	0	0	37	39.1891891891892
A_PB1	492	38	A	0	0	38	39.1052631578947
A_PB1	493	38	G	0	0	38	39.3947368421053
A_PB1	494	38	A	0	0	37	40.9459459459459
A_PB1	495	38	T	0	0	38	41.1578947368421
A_PB1	496	38	T	0	0	38	40.5
A_PB1	497	38	T	0	0	37	42.2972972972973
A_PB1	498	38	C	0	0	38	40.9736842105263
A_PB1	499	38	T	0	0	38	42.7894736842105
A_PB1	500	38	T	0	0	37	43.0810810810811
A_PB1	501	37	A	1	0	37	41.1081081081081
A_PB1	502	37	A	1	0	37	42.6216216216216
A_PB1	503	38	A	0	0	38	41.7368421052632
A_PB1	504	38	G	0	0	38	40.4736842105263
A_PB1	505	38	G	0	0	38	41
A_PB1	506	38	A	0	0	38	41.3947368421053
A_PB1	507	38	T	0	0	38	41.9473684210526
A_PB1	508	38	G	0	0	38	41.8947368421053
A_PB1	509	38	T	0	0	38	41.1578947368421
A_PB1	510	38	G	0	0	38	41.4736842105263
A_PB1	511	38	A	0	0	38	40.1578947368421
A_PB1	512	38	T	0	0	37	38.8918918918919
A_PB1	513	38	G	0	0	38	39.2105263157895
A_PB1	514	38	G	0	0	38	38.5789473684211
A_PB1	515	38	A	0	0	38	36.3157894736842
A_PB1	516	38	A	0	0	38	36.8157894736842
A_PB1	517	38	T	0	0	38	36.6842105263158
A_PB1	518	38	C	0	0	38	38.1842105263158
A_PB1	519	38	A	0	0	38	36.9210526315789
A_PB1	520	38	A	0	0	38	36.4473684210526
A_PB1	521	38	T	0	0	38	38.7368421052632
A_PB1	522	38	G	0	0	37	38.1081081081081
A_PB1	523	38	A	0	0	38	36.4210526315789
A_PB1	524	38	A	0	0	38	37.3947368421053
A_PB1	525	37	C	0	0	37	37.5405405405405
A_PB1	526	37	A	0	0	37	35.7837837837838
A_PB1	527	37	A	0	0	37	35.8108108108108
A_PB1	528	37	A	0	0	37	37.1081081081081
A_PB1	529	37	G	0	0	37	37.8918918918919
A_PB1	530	37	A	0	0	37	39.3783783783784
A_PB1	531	37	G	0	0	37	41.7297297297297
A_PB1	532	37	G	0	0	37	40.2972972972973
A_PB1	533	37	A	0	0	37	39.5135135135135
A_PB1	534	37	A	0	0	37	39.9189189189189
A_PB1	535	37	A	0	0	37	37.5135135135135
A_PB1	536	37	T	0	0	37	39.6216216216216
A_PB1	537	37	A	0	0	37	35.8378378378378
A_PB1	538	37	G	0	0	37	35.1351351351351
A_PB1	539	37	A	0	0	37	36.0540540540541
A_PB1	540	37	G	0	0	37	36.5945945945946
A_PB1	541	37	A	0	0	37	35.972972972973
A_PB1	542	37	T	0	0	37	35.2702702702703
A_PB1	543	37	A	0	0	37	36.8378378378378
A_PB1	544	37	A	0	0	37	36.7027027027027
A_PB1	545	37	C	0	0	37	37.5945945945946
A_PB1	546	37	A	0	0	37	35.1891891891892
A_PB1	547	37	A	0	0	37	35.6756756756757
A_PB1	548	37	C	0	0	37	34.6486486486486
A_PB1	549	37	C	0	0	37	34.4594594594595
A_PB1	550	37	C	0	0	37	34.6486486486486
A_PB1	551	37	A	0	0	37	36.5135135135135
A_PB1	552	37	C	0	0	37	36.8918918918919
A_PB1	553	37	T	0	0	37	37.2432432432432
A_PB1	554	37	T	0	0	37	37.2702702702703
A_PB1	555	37	T	0	0	37	38.5135135135135
A_PB1	556	37	C	0	0	37	37.4594594594595
A_PB1	557	37	A	0	0	37	40.5675675675676
A_PB1	558	37	A	0	0	37	42.2432432432432
A_PB1	559	37	A	0	0	37	42.0540540540541
A_PB1	560	37	G	0	0	37	40.5945945945946
A_PB1	561	34	A	3	0	34	40
A_PB1	562	36	A	1	0	36	40.25
A_PB1	563	37	A	0	0	37	40.6216216216216
A_PB1	564	37	A	0	0	37	42.2702702702703
A_PB1	565	37	A	0	0	37	42.3243243243243
A_PB1	566	37	G	0	0	37	42.1081081081081
A_PB1	567	37	G	0	0	37	41.1621621621622
A_PB1	568	37	A	0	0	37	41.4864864864865
A_PB1	569	37	G	0	0	37	41.4594594594595
A_PB1	570	37	A	0	0	37	41.4594594594595
A_PB1	571	37	G	0	0	36	41.1666666666667
A_PB1	572	37	T	0	0	37	40.8918918918919
A_PB1	573	37	A	0	0	37	40.4594594594595
A_PB1	574	37	A	0	0	37	41.1081081081081
A_PB1	575	37	G	0	0	37	40.8648648648649
A_PB1	576	37	A	0	0	37	42.6216216216216
A_PB1	577	37	G	0	0	37	41.0540540540541
A_PB1	578	37	A	0	0	37	41.0810810810811
A_PB1	579	37	C	0	0	37	41.6756756756757
A_PB1	580	37	A	0	0	37	39.7837837837838
A_PB1	581	37	A	0	0	37	40.3513513513514
A_PB1	582	37	C	0	0	37	41.0540540540541
A_PB1	583	37	A	0	0	37	40.4324324324324
A_PB1	584	37	T	0	0	37	42.4324324324324
A_PB1	585	37	G	0	0	37	40.5405405405405
A_PB1	586	37	A	0	0	37	38.1891891891892
A_PB1	587	37	C	0	0	37	38
A_PB1	588	37	C	0	0	37	37.972972972973
A_PB1	589	37	A	0	0	37	38.6756756756757
A_PB1	590	37	A	0	0	37	38.5675675675676
A_PB1	591	37	G	0	0	37	38.5405405405405
A_PB1	592	37	A	0	0	37	40.2432432432432
A_PB1	593	37	A	0	0	37	40.1081081081081
A_PB1	594	37	G	0	0	37	38.3513513513514
A_PB1	595	37	A	0	0	37	39.2162162162162
A_PB1	596	37	T	0	0	37	38.1891891891892
A_PB1	597	37	G	0	0	37	36.6756756756757
A_PB1	598	37	A	0	0	37	38.3783783783784
A_PB1	599	37	T	0	0	37	38.6756756756757
A_PB1	600	37	C	0	0	37	38.0810810810811
A_PB1	601	37	A	0	0	37	40.0540540540541
A_PB1	602	37	C	0	0	37	38.4324324324324
A_PB1	603	37	G	0	0	37	36.7297297297297
A_PB1	604	37	C	0	0	37	37.2162162162162
A_PB1	605	37	A	0	0	37	38.2162162162162
A_PB1	606	37	A	0	0	37	39.7027027027027
A_PB1	607	37	A	0	0	37	38.8378378378378
A_PB1	608	37	G	0	0	37	41.5675675675676
A_PB1	609	37	G	0	0	37	40.8648648648649
A_PB1	610	37	A	0	0	37	40.1081081081081
A_PB1	611	37	C	0	0	37	40.3513513513514
A_PB1	612	37	A	0	0	36	38.6388888888889
A_PB1	613	37	A	0	0	37	36.7567567567568
A_PB1	614	37	T	0	0	36	38.4166666666667
A_PB1	615	37	A	0	0	36	37.0277777777778
A_PB1	616	37	G	0	0	37	37.2162162162162
A_PB1	617	37	G	0	0	37	34.6756756756757
A_PB1	618	37	G	0	0	37	35.1081081081081
A_PB1	619	37	A	0	0	37	35.8378378378378
A_PB1	620	37	A	0	0	37	36.2432432432432
A_PB1	621	37	G	0	0	36	35.8055555555556
A_PB1	622	27	A	10	0	26	35.2307692307692
A_PB1	623	37	A	0	0	37	35.2162162162162
A_PB1	624	37	A	0	0	37	34.8108108108108
A_PB1	625	37	A	0	0	37	33.8648648648649
A_PB1	626	37	A	0	0	37	36.1081081081081
A_PB1	627	37	A	0	0	37	37.7837837837838
A_PB1	628	37	C	0	0	37	37.9189189189189
A_PB1	629	37	A	0	0	37	37.027027027027
A_PB1	630	37	G	0	0	37	36.3513513513514
A_PB1	631	37	A	0	0	37	35.9189189189189
A_PB1	632	37	G	0	0	37	35.7297297297297
A_PB1	633	37	A	0	0	37	37.9459459459459
A_PB1	634	36	C	0	0	36	36.9722222222222
A_PB1	635	36	T	0	0	36	37.2777777777778
A_PB1	636	36	G	0	0	36	35.8333333333333
A_PB1	637	36	A	0	0	36	36.8611111111111
A_PB1	638	35	A	1	0	35	37.3428571428571
A_PB1	639	35	T	1	0	35	37.3142857142857
A_PB1	640	35	A	1	0	35	37.0571428571429
A_PB1	641	35	A	1	0	35	37.4571428571429
A_PB1	642	35	G	1	0	35	36.7714285714286
A_PB1	643	35	A	1	0	35	36.3714285714286
A_PB1	644	35	G	1	0	35	36.4857142857143
A_PB1	645	35	A	1	0	34	37.5882352941176
A_PB1	646	35	G	1	0	35	35.8285714285714
A_PB1	647	35	G	1	0	35	36.0285714285714
A_PB1	648	35	C	1	0	35	35.5428571428571
A_PB1	649	35	T	1	0	35	35.5428571428571
A_PB1	650	35	A	1	0	35	35.6
A_PB1	651	35	T	1	0	35	36.7428571428571
A_PB1	652	35	C	1	0	35	34.6857142857143
A_PB1	653	35	T	1	0	34	36.2352941176471
A_PB1	654	35	A	1	0	35	34.7428571428571
A_PB1	655	35	A	1	0	35	34.0285714285714
A_PB1	656	35	T	1	0	34	34.6764705882353
A_PB1	657	35	A	1	0	35	38.1142857142857
A_PB1	658	35	A	1	0	35	38.6571428571429
A_PB1	659	35	G	1	0	35	38.3428571428571
A_PB1	660	35	A	1	0	35	37.4
A_PB1	661	35	G	1	0	35	38.0285714285714
A_PB1	662	35	C	1	0	35	39.3714285714286
A_PB1	663	35	A	1	0	35	39.4857142857143
A_PB1	664	35	C	1	0	35	40.9714285714286
A_PB1	665	35	T	1	0	35	40.1142857142857
A_PB1	666	35	G	1	0	35	39.9714285714286
A_PB1	667	35	A	1	0	35	39.2285714285714
A_PB1	668	35	C	1	0	35	40.4571428571429
A_PB1	669	35	A	1	0	35	39.2285714285714
A_PB1	670	35	T	1	0	35	40.8
A_PB1	671	35	T	1	0	35	40.0285714285714
A_PB1	672	35	A	1	0	35	40.4
A_PB1	673	35	A	1	0	35	40
A_PB1	674	35	A	1	0	35	39.3714285714286
A_PB1	675	35	T	1	0	35	40
A_PB1	676	35	A	1	0	35	40.5428571428571
A_PB1	677	35	C	1	0	35	39.6
A_PB1	678	35	G	1	0	34	38.2647058823529
A_PB1	679	35	A	1	0	35	36.2
A_PB1	680	35	T	1	0	34	36.7647058823529
A_PB1	681	35	G	1	0	33	36.2727272727273
A_PB1	682	35	A	1	0	35	37.0571428571429
A_PB1	683	35	C	1	0	35	37.1428571428571
A_PB1	684	35	C	1	0	35	37.0571428571429
A_PB1	685	35	A	1	0	35	35.8857142857143
A_PB1	686	35	A	1	0	35	35.1714285714286
A_PB1	687	35	A	1	0	35	36.2285714285714
A_PB1	688	35	G	1	0	35	35.7428571428571
A_PB1	689	35	A	1	0	35	36.4857142857143
A_PB1	690	35	T	1	0	35	36.6571428571429
A_PB1	691	35	G	1	0	35	37
A_PB1	692	35	C	1	0	35	37.3714285714286
A_PB1	693	33	A	3	0	33	37.3333333333333
A_PB1	694	33	G	3	0	33	37.030303030303
A_PB1	695	34	A	2	0	34	37.2352941176471
A_PB1	696	33	G	3	0	33	37.1818181818182
A_PB1	697	35	A	1	0	35	35.8571428571429
A_PB1	698	35	G	1	0	35	34.5142857142857
A_PB1	699	35	A	1	0	35	36.5142857142857
A_PB1	700	35	G	1	0	35	36.9714285714286
A_PB1	701	35	G	1	0	35	38.9714285714286
A_PB1	702	35	C	1	0	34	39.5
A_PB1	703	35	A	1	0	35	41
A_PB1	704	35	A	1	0	35	40.2571428571429
A_PB1	705	35	G	1	0	35	40.1714285714286
A_PB1	706	35	T	1	0	35	41.1428571428571
A_PB1	707	35	T	1	0	35	40.8285714285714
A_PB1	708	27	A	9	0	27	39.8518518518519
A_PB1	709	30	A	6	0	30	38.5333333333333
A_PB1	710	35	A	1	0	35	40.6571428571429
A_PB1	711	35	A	1	0	35	41.4
A_PB1	712	35	A	1	0	35	43.5142857142857
A_PB1	713	35	G	1	0	34	42.2352941176471
A_PB1	714	35	A	1	0	35	40.8
A_PB1	715	35	A	1	0	35	40.7714285714286
A_PB1	716	35	G	1	0	35	40.3428571428571
A_PB1	717	35	G	1	0	35	39.9428571428571
A_PB1	718	35	G	1	0	35	40.6285714285714
A_PB1	719	35	C	1	0	35	39.9142857142857
A_PB1	720	35	T	1	0	35	40.1428571428571
A_PB1	721	35	A	1	0	35	40.4571428571429
A_PB1	722	35	T	1	0	35	41.2
A_PB1	723	35	C	1	0	34	38.6470588235294
A_PB1	724	35	G	1	0	35	37
A_PB1	725	35	C	1	0	34	38.0882352941176
A_PB1	726	35	A	1	0	35	36.6285714285714
A_PB1	727	35	A	1	0	35	36.9428571428571
A_PB1	728	35	C	1	0	35	37.7142857142857
A_PB1	729	35	A	1	0	35	36.6857142857143
A_PB1	730	35	C	1	0	35	38.5714285714286
A_PB1	731	35	C	1	0	35	37.4
A_PB1	732	35	T	1	0	35	37.6857142857143
A_PB1	733	35	G	1	0	35	36.8
A_PB1	734	35	G	1	0	35	37.4857142857143
A_PB1	735	35	G	1	0	35	38.0571428571429
A_PB1	736	35	A	1	0	35	38.4285714285714
A_PB1	737	35	T	1	0	35	38.6571428571429
A_PB1	738	35	G	1	0	35	40.4285714285714
A_PB1	739	34	C	1	0	34	41.4117647058824
A_PB1	740	34	A	1	0	34	39.6470588235294
A_PB1	741	34	G	1	0	34	37.7941176470588
A_PB1	742	34	A	1	0	34	37.5588235294118
A_PB1	743	34	T	1	0	34	37.3235294117647
A_PB1	744	34	T	1	0	34	37.5588235294118
A_PB1	745	34	A	1	0	34	37.5882352941176
A_PB1	746	34	G	1	0	34	38.8529411764706
A_PB1	747	34	A	1	0	34	39.2352941176471
A_PB1	748	34	G	1	0	34	39.1176470588235
A_PB1	749	34	G	1	0	34	40.2058823529412
A_PB1	750	34	T	1	0	34	40
A_PB1	751	34	T	1	0	34	40.1470588235294
A_PB1	752	34	T	1	0	34	39.2647058823529
A_PB1	753	34	C	1	0	34	40.1470588235294
A_PB1	754	34	G	1	0	34	38.2352941176471
A_PB1	755	34	T	1	0	34	39.6176470588235
A_PB1	756	34	A	1	0	33	38.4848484848485
A_PB1	757	34	T	1	0	34	38.8235294117647
A_PB1	758	34	A	1	0	33	40.4242424242424
A_PB1	759	34	C	1	0	34	38.9117647058824
A_PB1	760	34	T	1	0	34	39.6764705882353
A_PB1	761	34	T	1	0	34	39.7941176470588
A_PB1	762	34	T	1	0	34	39.8823529411765
A_PB1	763	34	G	1	0	33	37.7575757575758
A_PB1	764	34	T	1	0	34	38.3823529411765
A_PB1	765	34	T	1	0	33	37.969696969697
A_PB1	766	34	G	1	0	34	35.6470588235294
A_PB1	767	34	A	1	0	34	36.2941176470588
A_PB1	768	34	A	1	0	34	37.5882352941176
A_PB1	769	34	A	1	0	34	40
A_PB1	770	34	C	1	0	34	40.0882352941176
A_PB1	771	34	T	1	0	34	41.0588235294118
A_PB1	772	34	T	1	0	34	41.3823529411765
A_PB1	773	34	T	1	0	34	40.8823529411765
A_PB1	774	34	A	1	0	34	39.7352941176471
A_PB1	775	34	G	1	0	34	40.7058823529412
A_PB1	776	34	C	1	0	34	39.9705882352941
A_PB1	777	34	T	1	0	34	39.5294117647059
A_PB1	778	34	A	1	0	34	38.2647058823529
A_PB1	779	34	G	1	0	34	37.6764705882353
A_PB1	780	34	G	1	0	34	36.3529411764706
A_PB1	781	34	A	1	0	34	36.3823529411765
A_PB1	782	34	G	1	0	34	36.1176470588235
A_PB1	783	34	C	1	0	34	36.1470588235294
A_PB1	784	34	A	1	0	34	36.8529411764706
A_PB1	785	34	T	1	0	34	36.3235294117647
A_PB1	786	34	T	1	0	34	36.6176470588235
A_PB1	787	34	T	1	0	34	36.6470588235294
A_PB1	788	34	G	1	0	33	35.1515151515151
A_PB1	789	34	C	1	0	34	35.1470588235294
A_PB1	790	34	G	1	0	34	32.8235294117647
A_PB1	791	34	A	1	0	34	32.8235294117647
A_PB1	792	34	A	1	0	34	31.7352941176471
A_PB1	793	34	A	1	0	34	32.2941176470588
A_PB1	794	34	A	1	0	34	34.0588235294118
A_PB1	795	34	A	1	0	34	37.7352941176471
A_PB1	796	34	C	1	0	34	36.2647058823529
A_PB1	797	34	T	1	0	34	36.2647058823529
A_PB1	798	34	T	1	0	34	37.0882352941176
A_PB1	799	34	G	1	0	34	35.5882352941176
A_PB1	800	34	A	1	0	34	34.0882352941176
A_PB1	801	34	A	1	0	34	36.4705882352941
A_PB1	802	34	C	1	0	34	36.7647058823529
A_PB1	803	34	A	1	0	34	36.9705882352941
A_PB1	804	34	G	1	0	34	35.8529411764706
A_PB1	805	34	T	1	0	33	34.9090909090909
A_PB1	806	34	C	1	0	34	34.1764705882353
A_PB1	807	34	T	1	0	34	35.1470588235294
A_PB1	808	34	G	1	0	34	33.7941176470588
A_PB1	809	34	G	1	0	34	36.1470588235294
A_PB1	810	34	G	1	0	33	35.7575757575758
A_PB1	811	34	C	1	0	34	35.7647058823529
A_PB1	812	34	T	1	0	34	36.3529411764706
A_PB1	813	33	C	2	0	33	36.6363636363636
A_PB1	814	34	C	1	0	34	37.0882352941176
A_PB1	815	34	C	1	0	34	37.3529411764706
A_PB1	816	34	A	1	0	34	35.2058823529412
A_PB1	817	34	G	1	0	34	34.7941176470588
A_PB1	818	34	T	1	0	34	36.5882352941176
A_PB1	819	34	A	1	0	34	36
A_PB1	820	34	G	2	0	34	36.5294117647059
A_PB1	821	35	G	1	0	35	34.7428571428571
A_PB1	822	35	G	1	0	35	35.6285714285714
A_PB1	823	35	G	1	0	35	36.6571428571429
A_PB1	824	35	G	1	0	35	39.4285714285714
A_PB1	825	35	C	1	0	35	39.2
A_PB1	826	35	A	1	0	35	34.6857142857143
A_PB1	827	35	A	1	0	35	34.0285714285714
A_PB1	828	35	T	1	0	35	34.7428571428571
A_PB1	829	35	G	1	0	35	34.1714285714286
A_PB1	830	36	A	1	0	36	34.6111111111111
A_PB1	831	36	A	1	0	36	36.9444444444444
A_PB1	832	36	A	1	0	36	35.9444444444444
A_PB1	833	36	A	1	0	36	37.0277777777778
A_PB1	834	36	G	1	0	36	37.9444444444444
A_PB1	835	36	A	1	0	36	40.1666666666667
A_PB1	836	36	A	1	0	36	40
A_PB1	837	36	G	1	0	36	38.8888888888889
A_PB1	838	36	G	1	0	36	40.6944444444444
A_PB1	839	36	C	1	0	36	40.0833333333333
A_PB1	840	36	C	1	0	36	38.5277777777778
A_PB1	841	35	A	2	0	35	38.0571428571429
A_PB1	842	36	A	1	0	36	39.1111111111111
A_PB1	843	36	A	1	0	36	38.6666666666667
A_PB1	844	36	T	1	0	36	39
A_PB1	845	36	T	1	0	36	39.6944444444444
A_PB1	846	36	G	1	0	36	41.6944444444444
A_PB1	847	36	G	1	0	36	40.9166666666667
A_PB1	848	35	C	2	0	35	41.8857142857143
A_PB1	849	35	A	2	0	35	40.5142857142857
A_PB1	850	35	A	2	0	35	41.3428571428571
A_PB1	851	35	A	2	0	35	40.6857142857143
A_PB1	852	35	T	2	0	35	41.4285714285714
A_PB1	853	36	G	1	0	36	41.75
A_PB1	854	36	T	1	0	36	40.7777777777778
A_PB1	855	36	T	1	0	36	41.3888888888889
A_PB1	856	36	G	1	0	36	39.9722222222222
A_PB1	857	36	T	1	0	36	40.25
A_PB1	858	36	G	1	0	35	38.5714285714286
A_PB1	859	36	A	1	0	36	37.1666666666667
A_PB1	860	36	G	1	0	36	38.0277777777778
A_PB1	861	35	A	2	0	35	38.4
A_PB1	862	36	A	1	0	36	38.3333333333333
A_PB1	863	36	A	1	0	36	39.75
A_PB1	864	36	G	1	0	35	39.2857142857143
A_PB1	865	36	A	1	0	36	38.5555555555556
A_PB1	866	36	T	1	0	36	38.3333333333333
A_PB1	867	36	G	1	0	35	39.3428571428571
A_PB1	868	36	A	1	0	35	39.1428571428571
A_PB1	869	36	T	1	0	36	38.8333333333333
A_PB1	870	35	G	2	0	35	41.1428571428571
A_PB1	871	36	A	1	0	36	41.0277777777778
A_PB1	872	36	C	1	0	35	40.6285714285714
A_PB1	873	36	T	1	0	34	41.4411764705882
A_PB1	874	36	A	1	0	35	39.5142857142857
A_PB1	875	36	A	1	0	36	39.1944444444444
A_PB1	876	36	T	1	0	36	41.5277777777778
A_PB1	877	36	T	1	0	35	41.8
A_PB1	878	36	C	1	0	36	41.4444444444444
A_PB1	879	36	A	1	0	36	41.8611111111111
A_PB1	880	36	C	1	0	36	40.9722222222222
A_PB1	881	36	A	1	0	36	40.1388888888889
A_PB1	882	34	A	3	0	34	41.7647058823529
A_PB1	883	34	G	3	0	34	41.1764705882353
A_PB1	884	36	A	1	0	36	41.0277777777778
A_PB1	885	36	T	1	0	35	39.9142857142857
A_PB1	886	36	A	1	0	36	40.7777777777778
A_PB1	887	36	C	1	0	36	40.5277777777778
A_PB1	888	36	A	1	0	36	38.6944444444444
A_PB1	889	36	G	1	0	35	38.9714285714286
A_PB1	890	36	A	1	0	36	39.0833333333333
A_PB1	891	36	G	1	0	36	38.9444444444444
A_PB1	892	36	A	1	0	36	39.6666666666667
A_PB1	893	36	T	1	0	36	42.1666666666667
A_PB1	894	36	T	1	0	36	41.8888888888889
A_PB1	895	36	T	1	0	36	41.0833333333333
A_PB1	896	36	C	1	0	35	41.2
A_PB1	897	36	T	1	0	35	40.4
A_PB1	898	36	T	1	0	36	40.7222222222222
A_PB1	899	36	T	1	0	36	39.4166666666667
A_PB1	900	36	C	1	0	36	35.8055555555556
A_PB1	901	36	A	1	0	36	37.9722222222222
A_PB1	902	36	C	1	0	36	39.0833333333333
A_PB1	903	35	A	2	0	35	36.7142857142857
A_PB1	904	35	A	2	0	35	37.3714285714286
A_PB1	905	35	T	2	0	35	37.1428571428571
A_PB1	906	36	C	1	0	36	36.7777777777778
A_PB1	907	36	A	1	0	35	36.4285714285714
A_PB1	908	36	C	1	0	35	36.4571428571429
A_PB1	909	36	T	1	0	36	34.4166666666667
A_PB1	910	34	G	3	0	34	33.9705882352941
A_PB1	911	36	G	1	0	36	33.3333333333333
A_PB1	912	36	G	1	0	36	33.75
A_PB1	913	36	G	1	0	35	33.3714285714286
A_PB1	914	36	A	1	0	36	35.2222222222222
A_PB1	915	36	C	1	0	36	35.1111111111111
A_PB1	916	36	A	1	0	36	33.3611111111111
A_PB1	917	36	A	1	0	36	35.5555555555556
A_PB1	918	36	C	1	0	36	36.0555555555556
A_PB1	919	36	A	1	0	36	36.4722222222222
A_PB1	920	36	C	1	0	36	37.9722222222222
A_PB1	921	36	T	1	0	35	38.3142857142857
A_PB1	922	36	A	1	0	36	36.2222222222222
A_PB1	923	36	A	1	0	36	36.8333333333333
A_PB1	924	36	A	1	0	35	38.2285714285714
A_PB1	925	36	T	1	0	36	38.4722222222222
A_PB1	926	36	G	1	0	36	39.8888888888889
A_PB1	927	36	G	1	0	36	40.6944444444444
A_PB1	928	36	A	1	0	34	42.6176470588235
A_PB1	929	36	A	1	0	36	40.5555555555556
A_PB1	930	36	T	1	0	35	41.1142857142857
A_PB1	931	36	G	1	0	36	40.4722222222222
A_PB1	932	36	A	1	0	36	39.8888888888889
A_PB1	933	35	G	1	0	33	39.6969696969697
A_PB1	934	35	A	1	0	34	39.6176470588235
A_PB1	935	35	A	1	0	35	39.9142857142857
A_PB1	936	35	T	1	0	35	39
A_PB1	937	35	C	1	0	34	38.9411764705882
A_PB1	938	35	A	1	0	35	37.6571428571429
A_PB1	939	35	A	1	0	35	39.0857142857143
A_PB1	940	35	A	1	0	35	40.5142857142857
A_PB1	941	35	A	1	0	35	41.1142857142857
A_PB1	942	35	T	1	0	35	41.2
A_PB1	943	35	C	1	0	35	40.0571428571429
A_PB1	944	35	C	1	0	35	40.6857142857143
A_PB1	945	35	T	1	0	35	39.4285714285714
A_PB1	946	35	C	1	0	35	37.4857142857143
A_PB1	947	35	G	1	0	34	36.0882352941176
A_PB1	948	36	A	1	0	36	36.25
A_PB1	949	36	A	1	0	36	37.1666666666667
A_PB1	950	36	T	1	0	36	37.6666666666667
A_PB1	951	36	G	1	0	36	38.7777777777778
A_PB1	952	36	T	1	0	36	40.0555555555556
A_PB1	953	36	T	1	0	36	38.8611111111111
A_PB1	954	36	C	1	0	36	36.6111111111111
A_PB1	955	36	C	1	0	36	35.3055555555556
A_PB1	956	36	T	1	0	36	35.1388888888889
A_PB1	957	36	T	1	0	36	34.25
A_PB1	958	36	G	1	0	36	36.3333333333333
A_PB1	959	36	C	1	0	36	35.4444444444444
A_PB1	960	36	G	1	0	36	36.3888888888889
A_PB1	961	36	A	1	0	36	37.25
A_PB1	962	36	T	1	0	36	37.8055555555556
A_PB1	963	36	G	1	0	36	36.7777777777778
A_PB1	964	36	A	1	0	36	37.7777777777778
A_PB1	965	36	T	1	0	36	37.6666666666667
A_PB1	966	36	T	1	0	36	36.9166666666667
A_PB1	967	36	A	1	0	36	35.9444444444444
A_PB1	968	36	C	1	0	36	36.75
A_PB1	969	36	A	1	0	36	36.6944444444444
A_PB1	970	36	T	1	0	36	39.1388888888889
A_PB1	971	36	A	1	0	36	39.9722222222222
A_PB1	972	36	T	1	0	36	38.7777777777778
A_PB1	973	36	A	1	0	36	38.3611111111111
A_PB1	974	36	T	1	0	36	37.8611111111111
A_PB1	975	36	C	1	0	36	40.2777777777778
A_PB1	976	36	A	1	0	36	39.1388888888889
A_PB1	977	36	C	1	0	36	39.0277777777778
A_PB1	978	36	C	1	0	36	38.6111111111111
A_PB1	979	36	A	1	0	36	37.3055555555556
A_PB1	980	36	G	1	0	35	37.1142857142857
A_PB1	981	36	A	1	0	36	37.2777777777778
A_PB1	982	36	A	1	0	36	38.2222222222222
A_PB1	983	36	A	1	0	36	38.8333333333333
A_PB1	984	36	T	1	0	36	39.3888888888889
A_PB1	985	36	C	1	0	36	37.5555555555556
A_PB1	986	36	A	1	0	36	37.8333333333333
A_PB1	987	35	A	2	0	35	37.7428571428571
A_PB1	988	35	C	2	0	34	38.5
A_PB1	989	36	C	1	0	35	39.1714285714286
A_PB1	990	36	C	1	0	36	38.9444444444444
A_PB1	991	36	G	1	0	35	39.3142857142857
A_PB1	992	36	A	1	0	36	38.6388888888889
A_PB1	993	36	G	1	0	36	39.6111111111111
A_PB1	994	36	T	1	0	36	38.4444444444444
A_PB1	995	36	G	1	0	36	38.6388888888889
A_PB1	996	36	G	1	0	36	39.3888888888889
A_PB1	997	36	T	1	0	36	39.5555555555556
A_PB1	998	36	T	1	0	36	39.0833333333333
A_PB1	999	36	T	1	0	36	38.8611111111111
A_PB1	1000	35	A	2	0	35	38
A_PB1	1001	35	G	2	0	35	37.1714285714286
A_PB1	1002	35	A	2	0	35	39.6285714285714
A_PB1	1003	35	A	2	0	35	40.7428571428571
A_PB1	1004	36	A	1	0	36	40.5277777777778
A_PB1	1005	36	C	1	0	35	39.4285714285714
A_PB1	1006	36	A	1	0	36	39.9722222222222
A_PB1	1007	36	T	1	0	36	40.3055555555556
A_PB1	1008	36	C	1	0	35	39.7714285714286
A_PB1	1009	36	C	1	0	36	40.5
A_PB1	1010	36	T	1	0	35	39.6
A_PB1	1011	36	G	1	0	35	38.5428571428571
A_PB1	1012	36	A	1	0	36	40.4166666666667
A_PB1	1013	36	G	1	0	36	39.6111111111111
A_PB1	1014	36	C	1	0	36	40.0555555555556
A_PB1	1015	36	A	1	0	36	39.6388888888889
A_PB1	1016	36	T	1	0	36	39.6666666666667
A_PB1	1017	36	G	1	0	36	38.3888888888889
A_PB1	1018	36	G	1	0	36	40.0555555555556
A_PB1	1019	36	C	1	0	36	39.8611111111111
A_PB1	1020	36	A	1	0	36	38.4444444444444
A_PB1	1021	36	C	1	0	36	38.5555555555556
A_PB1	1022	37	C	1	0	37	37.1351351351351
A_PB1	1023	37	C	1	0	37	36.2162162162162
A_PB1	1024	37	A	1	0	37	34.972972972973
A_PB1	1025	37	T	1	0	37	35.9459459459459
A_PB1	1026	37	A	1	0	37	36.7297297297297
A_PB1	1027	37	A	1	0	37	37.3783783783784
A_PB1	1028	36	T	2	0	36	37.6388888888889
A_PB1	1029	37	G	1	0	35	38.9142857142857
A_PB1	1030	37	T	1	0	37	38.4054054054054
A_PB1	1031	37	T	1	0	37	38.8648648648649
A_PB1	1032	37	C	1	0	37	37.1891891891892
A_PB1	1033	36	T	2	0	36	38.6388888888889
A_PB1	1034	37	C	1	0	37	38.1621621621622
A_PB1	1035	37	A	1	0	37	38.8108108108108
A_PB1	1036	37	A	1	0	36	40.7777777777778
A_PB1	1037	37	A	1	0	36	41.3888888888889
A_PB1	1038	37	T	1	0	37	38.7297297297297
A_PB1	1039	37	A	1	0	37	39.0540540540541
A_PB1	1040	37	A	1	0	37	38.8108108108108
A_PB1	1041	37	A	1	0	37	39.2432432432432
A_PB1	1042	37	A	1	0	37	38.5135135135135
A_PB1	1043	37	T	1	0	36	41.5277777777778
A_PB1	1044	37	G	1	0	37	40.6756756756757
A_PB1	1045	37	G	1	0	37	40.4594594594595
A_PB1	1046	37	C	1	0	36	40.5555555555556
A_PB1	1047	37	A	1	0	36	39.3888888888889
A_PB1	1048	37	A	1	0	37	38.1351351351351
A_PB1	1049	37	G	1	0	37	36.8648648648649
A_PB1	1050	37	A	1	0	37	36.9189189189189
A_PB1	1051	37	C	1	0	37	36.5135135135135
A_PB1	1052	37	T	1	0	37	36.6216216216216
A_PB1	1053	37	A	1	0	37	35.4054054054054
A_PB1	1054	37	G	1	0	37	34.8108108108108
A_PB1	1055	37	G	1	0	37	35.5675675675676
A_PB1	1056	37	G	1	0	36	37.25
A_PB1	1057	37	A	1	0	37	38.3513513513514
A_PB1	1058	37	A	1	0	37	40.8378378378378
A_PB1	1059	37	A	1	0	37	41.5945945945946
A_PB1	1060	37	G	1	0	36	40.1388888888889
A_PB1	1061	37	G	1	0	37	40
A_PB1	1062	37	G	1	0	37	40.5675675675676
A_PB1	1063	37	T	1	0	37	39.5945945945946
A_PB1	1064	37	A	1	0	37	37.3513513513514
A_PB1	1065	37	C	1	0	37	37.9459459459459
A_PB1	1066	37	A	1	0	37	38.5405405405405
A_PB1	1067	37	T	1	0	37	39.5135135135135
A_PB1	1068	37	G	1	0	37	37.7837837837838
A_PB1	1069	37	T	1	0	37	38.7837837837838
A_PB1	1070	37	T	1	0	37	37.9459459459459
A_PB1	1071	37	C	1	0	36	32.4166666666667
A_PB1	1072	37	G	1	0	37	31.9189189189189
A_PB1	1073	37	A	1	0	37	31.8918918918919
A_PB1	1074	37	G	1	0	37	32.5945945945946
A_PB1	1075	37	A	1	0	37	32.8918918918919
A_PB1	1076	37	G	1	0	37	34.027027027027
A_PB1	1077	37	T	1	0	37	36.4054054054054
A_PB1	1078	37	A	1	0	37	34.1891891891892
A_PB1	1079	37	A	1	0	37	33.9459459459459
A_PB1	1080	37	A	1	0	37	33.9459459459459
A_PB1	1081	37	A	1	0	37	36.3243243243243
A_PB1	1082	37	G	1	0	37	38.4324324324324
A_PB1	1083	37	A	1	0	37	38.7027027027027
A_PB1	1084	37	A	1	0	37	37.7027027027027
A_PB1	1085	37	T	1	0	37	36.8918918918919
A_PB1	1086	37	G	1	0	37	36.4324324324324
A_PB1	1087	37	A	1	0	37	36.6216216216216
A_PB1	1088	37	A	1	0	37	38.4324324324324
A_PB1	1089	37	G	1	0	37	39.3243243243243
A_PB1	1090	37	A	1	0	37	39.0540540540541
A_PB1	1091	37	T	1	0	37	39.7027027027027
A_PB1	1092	37	T	1	0	37	39.5945945945946
A_PB1	1093	36	C	2	0	36	38.8055555555556
A_PB1	1094	36	G	2	0	36	37.7777777777778
A_PB1	1095	37	A	1	0	37	38.0540540540541
A_PB1	1096	37	A	1	0	37	39.7027027027027
A_PB1	1097	37	C	1	0	37	39.6486486486486
A_PB1	1098	37	A	1	0	37	41
A_PB1	1099	37	C	1	0	37	41.6216216216216
A_PB1	1100	37	A	1	0	37	40.9459459459459
A_PB1	1101	37	A	1	0	37	41.8108108108108
A_PB1	1102	37	A	1	0	37	42.0810810810811
A_PB1	1103	37	T	1	0	37	41
A_PB1	1104	37	A	1	0	37	42.2432432432432
A_PB1	1105	37	C	1	0	37	40.8648648648649
A_PB1	1106	37	C	1	0	37	41.5135135135135
A_PB1	1107	37	A	1	0	37	40.5405405405405
A_PB1	1108	37	G	1	0	37	40.4054054054054
A_PB1	1109	37	C	1	0	37	41.8378378378378
A_PB1	1110	37	A	1	0	37	40.6756756756757
A_PB1	1111	37	G	1	0	37	40.0810810810811
A_PB1	1112	37	A	1	0	37	39.1351351351351
A_PB1	1113	37	A	1	0	37	40.3513513513514
A_PB1	1114	37	A	1	0	37	39.3783783783784
A_PB1	1115	37	T	1	0	37	38.9189189189189
A_PB1	1116	37	G	1	0	37	39.5675675675676
A_PB1	1117	37	C	1	0	37	39.5675675675676
A_PB1	1118	37	T	1	0	37	39.9189189189189
A_PB1	1119	37	A	1	0	37	38.6216216216216
A_PB1	1120	37	G	1	0	37	38.1351351351351
A_PB1	1121	37	C	1	0	37	38.4594594594595
A_PB1	1122	37	A	1	0	37	38.2972972972973
A_PB1	1123	37	A	1	0	37	39.8108108108108
A_PB1	1124	37	G	1	0	37	39.2972972972973
A_PB1	1125	37	C	1	0	37	40.1621621621622
A_PB1	1126	37	A	1	0	37	39.9459459459459
A_PB1	1127	36	T	2	0	36	40.5277777777778
A_PB1	1128	37	T	1	0	37	40.1621621621622
A_PB1	1129	37	G	1	0	37	39.3783783783784
A_PB1	1130	37	A	1	0	37	40.0810810810811
A_PB1	1131	37	T	1	0	37	41.7027027027027
A_PB1	1132	37	C	1	0	36	40.3888888888889
A_PB1	1133	37	T	1	0	37	39.027027027027
A_PB1	1134	36	A	2	0	36	37.75
A_PB1	1135	37	A	1	0	36	38.2777777777778
A_PB1	1136	37	A	1	0	37	37.0810810810811
A_PB1	1137	37	G	1	0	37	38.2432432432432
A_PB1	1138	37	T	1	0	37	39.3783783783784
A_PB1	1139	37	A	1	0	37	38.2162162162162
A_PB1	1140	37	T	1	0	37	39.0810810810811
A_PB1	1141	37	T	1	0	37	38.8378378378378
A_PB1	1142	37	T	1	0	37	39.1891891891892
A_PB1	1143	37	C	1	0	37	37.8918918918919
A_PB1	1144	37	A	1	0	37	38.1081081081081
A_PB1	1145	37	A	1	0	37	37.4594594594595
A_PB1	1146	37	T	1	0	37	37.6486486486486
A_PB1	1147	37	G	1	0	37	34.7027027027027
A_PB1	1148	37	A	1	0	37	35.027027027027
A_PB1	1149	37	A	1	0	37	35.4864864864865
A_PB1	1150	37	T	1	0	37	38.3243243243243
A_PB1	1151	37	C	1	0	36	37.5833333333333
A_PB1	1152	38	A	1	0	38	37.4210526315789
A_PB1	1153	38	A	1	0	38	37.5789473684211
A_PB1	1154	38	C	1	0	38	37.6578947368421
A_PB1	1155	38	A	1	0	38	36.6578947368421
A_PB1	1156	39	A	1	0	39	34.8205128205128
A_PB1	1157	39	G	1	0	39	35.5641025641026
A_PB1	1158	39	G	1	0	39	35.7948717948718
A_PB1	1159	39	A	1	0	39	37.2051282051282
A_PB1	1160	39	A	1	0	39	39.1794871794872
A_PB1	1161	39	G	1	0	39	39.8205128205128
A_PB1	1162	39	A	1	0	39	39.2051282051282
A_PB1	1163	39	A	1	0	39	38.7692307692308
A_PB1	1164	39	A	1	0	39	38.974358974359
A_PB1	1165	39	A	1	0	39	38.9487179487179
A_PB1	1166	39	T	1	0	39	37.7692307692308
A_PB1	1167	39	T	1	0	39	38.7692307692308
A_PB1	1168	39	G	1	0	39	37.7948717948718
A_PB1	1169	40	A	1	0	40	37.1
A_PB1	1170	40	G	1	0	40	38.575
A_PB1	1171	40	A	1	0	40	39.275
A_PB1	1172	40	A	1	0	40	39.65
A_PB1	1173	40	G	1	0	40	39.575
A_PB1	1174	40	A	1	0	40	40.25
A_PB1	1175	40	T	1	0	39	39.8717948717949
A_PB1	1176	40	A	1	0	40	39.525
A_PB1	1177	40	A	1	0	40	39.85
A_PB1	1178	40	G	1	0	40	40.55
A_PB1	1179	40	G	1	0	40	39.425
A_PB1	1180	40	C	1	0	40	38.95
A_PB1	1181	40	C	1	0	40	39.2
A_PB1	1182	40	T	1	0	40	38.65
A_PB1	1183	40	C	1	0	40	38.1
A_PB1	1184	40	T	1	0	40	37.075
A_PB1	1185	40	T	1	0	40	37.4
A_PB1	1186	40	T	1	0	40	37.7
A_PB1	1187	40	T	1	0	40	38.375
A_PB1	1188	40	A	1	0	40	37.5
A_PB1	1189	40	A	1	0	40	40.325
A_PB1	1190	40	T	1	0	40	40.475
A_PB1	1191	40	G	1	0	40	39.25
A_PB1	1192	40	G	1	0	40	39.975
A_PB1	1193	40	A	1	0	40	39.325
A_PB1	1194	40	T	1	0	40	38.8
A_PB1	1195	40	G	1	0	40	37.65
A_PB1	1196	40	G	1	0	40	37.375
A_PB1	1197	40	C	1	0	40	36.825
A_PB1	1198	40	A	1	0	40	36.55
A_PB1	1199	40	C	1	0	40	38.275
A_PB1	1200	40	A	1	0	40	37.5
A_PB1	1201	40	G	1	0	40	38.225
A_PB1	1202	40	C	1	0	40	37.7
A_PB1	1203	40	A	1	0	40	37.725
A_PB1	1204	40	T	1	0	40	38.325
A_PB1	1205	40	C	1	0	40	36.75
A_PB1	1206	40	A	1	0	40	38.725
A_PB1	1207	40	C	1	0	40	39.05
A_PB1	1208	40	T	1	0	39	39.4615384615385
A_PB1	1209	40	G	1	0	39	37.1794871794872
A_PB1	1210	40	A	1	0	40	37.025
A_PB1	1211	40	G	1	0	40	36.075
A_PB1	1212	40	T	1	0	40	36.9
A_PB1	1213	40	C	1	0	40	37.125
A_PB1	1214	40	C	1	0	40	38.975
A_PB1	1215	40	T	1	0	40	40.925
A_PB1	1216	40	G	1	0	40	39.975
A_PB1	1217	40	G	1	0	40	40.725
A_PB1	1218	40	G	1	0	40	41
A_PB1	1219	40	A	1	0	39	40.5128205128205
A_PB1	1220	40	T	1	0	40	42.175
A_PB1	1221	40	G	1	0	38	41.0263157894737
A_PB1	1222	40	A	1	0	40	41.55
A_PB1	1223	40	T	1	0	40	42.125
A_PB1	1224	40	G	1	0	40	41.075
A_PB1	1225	40	A	1	0	40	42.025
A_PB1	1226	40	T	1	0	40	41.125
A_PB1	1227	40	G	1	0	40	40.575
A_PB1	1228	40	G	1	0	40	41.475
A_PB1	1229	40	G	1	0	40	39.8
A_PB1	1230	40	C	1	0	40	39.55
A_PB1	1231	40	A	1	0	40	40.3
A_PB1	1232	40	T	1	0	40	39.4
A_PB1	1233	40	G	1	0	40	39.475
A_PB1	1234	40	T	1	0	40	41.075
A_PB1	1235	40	T	1	0	40	40.525
A_PB1	1236	40	C	1	0	39	40
A_PB1	1237	40	A	1	0	40	40.675
A_PB1	1238	40	A	1	0	40	40.35
A_PB1	1239	40	C	1	0	39	40.4358974358974
A_PB1	1240	40	A	1	0	40	40.25
A_PB1	1241	40	T	1	0	40	41.075
A_PB1	1242	40	G	1	0	39	40.7435897435897
A_PB1	1243	39	C	2	0	39	40.2307692307692
A_PB1	1244	40	T	1	0	39	40.2820512820513
A_PB1	1245	40	A	1	0	40	38.675
A_PB1	1246	40	A	1	0	40	39.85
A_PB1	1247	40	G	1	0	39	38.9487179487179
A_PB1	1248	40	T	1	0	40	38.35
A_PB1	1249	40	A	1	0	40	38.1
A_PB1	1250	40	C	1	0	40	38.075
A_PB1	1251	40	G	1	0	40	37.625
A_PB1	1252	40	G	1	0	40	38.775
A_PB1	1253	40	T	1	0	39	40.1025641025641
A_PB1	1254	40	A	1	0	40	40.075
A_PB1	1255	40	T	1	0	40	41.2
A_PB1	1256	40	T	1	0	40	41.5
A_PB1	1257	39	G	2	0	39	39.974358974359
A_PB1	1258	40	G	1	0	40	40.3
A_PB1	1259	40	G	1	0	40	36.95
A_PB1	1260	40	A	1	0	40	36.65
A_PB1	1261	40	G	1	0	40	37.275
A_PB1	1262	40	T	1	0	40	37
A_PB1	1263	40	C	1	0	40	37.75
A_PB1	1264	40	T	1	0	40	39.15
A_PB1	1265	40	C	1	0	40	38.275
A_PB1	1266	39	G	2	0	39	37.5897435897436
A_PB1	1267	40	A	1	0	40	38.4
A_PB1	1268	40	T	1	0	40	38.1
A_PB1	1269	40	A	1	0	40	38.1
A_PB1	1270	40	T	1	0	40	39.125
A_PB1	1271	40	T	1	0	40	40.975
A_PB1	1272	40	G	1	0	40	38.8
A_PB1	1273	40	A	1	0	40	38.625
A_PB1	1274	40	A	1	0	40	38.375
A_PB1	1275	40	T	1	0	40	40.075
A_PB1	1276	40	C	1	0	40	39.325
A_PB1	1277	40	T	1	0	40	40.45
A_PB1	1278	40	T	1	0	40	38.925
A_PB1	1279	40	G	1	0	40	37.15
A_PB1	1280	40	G	1	0	40	37.6
A_PB1	1281	40	A	1	0	40	37.075
A_PB1	1282	40	C	1	0	40	38.125
A_PB1	1283	40	A	1	0	40	35.975
A_PB1	1284	40	A	1	0	39	36.5641025641026
A_PB1	1285	40	A	1	0	40	34.8
A_PB1	1286	40	A	1	0	40	36.425
A_PB1	1287	40	G	1	0	40	36.625
A_PB1	1288	40	A	1	0	40	34.725
A_PB1	1289	40	A	1	0	40	36.45
A_PB1	1290	40	A	1	0	40	37
A_PB1	1291	40	T	1	0	40	36.175
A_PB1	1292	40	A	1	0	40	35.625
A_PB1	1293	40	C	1	0	40	37.9
A_PB1	1294	39	A	2	0	39	37.3589743589744
A_PB1	1295	40	C	1	0	40	37.45
A_PB1	1296	40	C	1	0	40	36.775
A_PB1	1297	39	A	2	0	39	35.7692307692308
A_PB1	1298	39	A	2	0	39	37.1282051282051
A_PB1	1299	39	G	2	0	39	37.9487179487179
A_PB1	1300	40	A	1	0	39	37.8717948717949
A_PB1	1301	40	C	1	0	40	37.675
A_PB1	1302	40	A	1	0	39	37.9487179487179
A_PB1	1303	40	A	1	0	40	37.425
A_PB1	1304	40	C	1	0	40	38.275
A_PB1	1305	40	A	1	0	40	37.35
A_PB1	1306	39	T	2	0	39	39.0512820512821
A_PB1	1307	39	A	2	0	39	38.1794871794872
A_PB1	1308	38	C	3	0	38	38.4210526315789
A_PB1	1309	39	T	2	0	39	38.2307692307692
A_PB1	1310	39	G	2	0	39	37.8974358974359
A_PB1	1311	39	G	2	0	39	37.4102564102564
A_PB1	1312	39	T	2	0	39	37.7692307692308
A_PB1	1313	39	G	2	0	39	38.5128205128205
A_PB1	1314	39	G	2	0	39	39
A_PB1	1315	40	G	1	0	39	38.6923076923077
A_PB1	1316	40	A	1	0	40	38.55
A_PB1	1317	40	T	1	0	40	38.475
A_PB1	1318	40	G	1	0	40	37.575
A_PB1	1319	40	G	1	0	40	37.8
A_PB1	1320	40	G	1	0	40	36.65
A_PB1	1321	40	C	1	0	39	37.2564102564103
A_PB1	1322	40	T	1	0	40	37.8
A_PB1	1323	40	C	1	0	40	37.25
A_PB1	1324	40	C	1	0	39	39.1538461538462
A_PB1	1325	40	A	1	0	40	37.25
A_PB1	1326	40	A	1	0	40	37.025
A_PB1	1327	40	T	1	0	39	39.6410256410256
A_PB1	1328	40	C	1	0	39	39.0769230769231
A_PB1	1329	40	A	1	0	40	38.4
A_PB1	1330	40	T	1	0	40	39.475
A_PB1	1331	39	C	2	0	39	38.8461538461538
A_PB1	1332	39	C	2	0	39	38.5897435897436
A_PB1	1333	39	G	2	0	38	38.9210526315789
A_PB1	1334	39	A	2	0	39	38.4615384615385
A_PB1	1335	40	C	1	0	38	38.0789473684211
A_PB1	1336	40	G	1	0	39	35.7692307692308
A_PB1	1337	40	A	1	0	40	36.7
A_PB1	1338	40	T	1	0	40	37.425
A_PB1	1339	40	T	1	0	40	36.7
A_PB1	1340	40	T	1	0	40	38.6
A_PB1	1341	40	T	1	0	40	39.1
A_PB1	1342	40	G	1	0	40	39.525
A_PB1	1343	40	C	1	0	40	39.175
A_PB1	1344	40	T	1	0	40	38.825
A_PB1	1345	40	C	1	0	40	37
A_PB1	1346	39	T	2	0	39	38.4102564102564
A_PB1	1347	39	C	2	0	38	39.0789473684211
A_PB1	1348	39	A	2	0	39	37.8974358974359
A_PB1	1349	39	T	2	0	39	38.7948717948718
A_PB1	1350	39	A	2	0	39	38.4358974358974
A_PB1	1351	40	G	1	0	40	37.975
A_PB1	1352	40	T	1	0	40	38.225
A_PB1	1353	40	G	1	0	40	37.95
A_PB1	1354	39	A	2	0	39	39.3589743589744
A_PB1	1355	40	A	1	0	40	39.15
A_PB1	1356	40	T	1	0	40	40
A_PB1	1357	39	G	2	0	39	41.0512820512821
A_PB1	1358	39	C	2	0	39	40.8461538461538
A_PB1	1359	39	A	2	0	39	40.4102564102564
A_PB1	1360	39	C	2	0	39	39.2820512820513
A_PB1	1361	40	C	1	0	39	39.025641025641
A_PB1	1362	40	A	1	0	40	38.125
A_PB1	1363	40	A	1	0	40	39.25
A_PB1	1364	38	A	3	0	38	39.8421052631579
A_PB1	1365	38	C	3	0	38	39.5
A_PB1	1366	40	C	1	0	39	36
A_PB1	1367	40	A	1	0	40	35.8
A_PB1	1368	40	T	1	0	40	37.05
A_PB1	1369	40	G	1	0	40	34.75
A_PB1	1370	40	A	1	0	40	36
A_PB1	1371	40	A	1	0	40	36.55
A_PB1	1372	40	G	1	0	40	37.4
A_PB1	1373	40	G	1	0	40	36.625
A_PB1	1374	40	A	1	0	40	37.725
A_PB1	1375	40	A	1	0	40	38.45
A_PB1	1376	40	T	1	0	40	39.15
A_PB1	1377	39	A	2	0	39	38.7179487179487
A_PB1	1378	41	C	1	0	41	38.390243902439
A_PB1	1379	59	A	1	0	59	39.4406779661017
A_PB1	1380	59	A	1	0	59	38.9152542372881
A_PB1	1381	60	G	1	0	59	38.4915254237288
A_PB1	1382	61	C	1	0	61	37.7049180327869
A_PB1	1383	61	A	1	0	61	37.2295081967213
A_PB1	1384	61	G	1	0	61	36.9836065573771
A_PB1	1385	61	G	1	0	60	35.8
A_PB1	1386	61	A	1	0	61	37.1967213114754
A_PB1	1387	61	G	1	0	61	35.9672131147541
A_PB1	1388	61	T	1	0	61	36.2295081967213
A_PB1	1389	61	G	1	0	60	36.5833333333333
A_PB1	1390	62	G	1	0	62	34.8709677419355
A_PB1	1391	61	A	2	0	61	34.9180327868852
A_PB1	1392	61	C	2	0	61	35.7868852459016
A_PB1	1393	62	A	1	0	61	35.5245901639344
A_PB1	1394	62	G	1	0	62	36.6129032258064
A_PB1	1395	61	A	2	0	61	37.1147540983607
A_PB1	1396	62	T	1	0	62	37.9838709677419
A_PB1	1397	62	T	1	0	62	37.8225806451613
A_PB1	1398	62	C	1	0	60	37.2666666666667
A_PB1	1399	62	T	1	0	60	38.6166666666667
A_PB1	1400	62	A	1	0	62	38.2096774193548
A_PB1	1401	62	C	1	0	61	40.1803278688525
A_PB1	1402	62	A	1	0	62	38.5806451612903
A_PB1	1403	62	G	1	0	61	40.344262295082
A_PB1	1404	62	G	1	0	61	40.7377049180328
A_PB1	1405	62	A	1	0	62	40.2258064516129
A_PB1	1406	62	C	1	0	62	40.0483870967742
A_PB1	1407	62	C	1	0	62	38.8548387096774
A_PB1	1408	62	T	1	0	62	38.758064516129
A_PB1	1409	62	G	1	0	62	37.8387096774194
A_PB1	1410	61	C	2	0	61	38.5901639344262
A_PB1	1411	62	A	1	0	61	39.5573770491803
A_PB1	1412	62	A	1	0	62	39.7903225806452
A_PB1	1413	62	A	1	0	62	39.6612903225806
A_PB1	1414	62	T	1	0	62	39.0967741935484
A_PB1	1415	62	T	1	0	61	40.1639344262295
A_PB1	1416	61	A	2	0	61	36.9508196721311
A_PB1	1417	61	G	2	0	61	36.4590163934426
A_PB1	1418	62	T	1	0	62	35.8870967741936
A_PB1	1419	62	G	1	0	62	35.2903225806452
A_PB1	1420	62	G	1	0	62	35.758064516129
A_PB1	1421	62	G	1	0	61	38.0491803278689
A_PB1	1422	62	A	1	0	62	38.1612903225806
A_PB1	1423	62	A	1	0	61	40.1147540983607
A_PB1	1424	62	T	1	0	62	38.5967741935484
A_PB1	1425	62	C	1	0	59	38.4576271186441
A_PB1	1426	62	A	1	0	62	38.1774193548387
A_PB1	1427	62	A	1	0	62	38.3870967741936
A_PB1	1428	62	C	1	0	62	38.7258064516129
A_PB1	1429	62	A	1	0	62	38.0645161290323
A_PB1	1430	62	T	1	0	62	40.1612903225806
A_PB1	1431	62	G	1	0	62	39.4677419354839
A_PB1	1432	62	A	1	0	62	39.1290322580645
A_PB1	1433	62	G	1	0	62	38.5806451612903
A_PB1	1434	62	C	1	0	62	38.4354838709677
A_PB1	1435	60	A	3	0	60	37.2166666666667
A_PB1	1436	62	A	1	0	62	36.7096774193548
A_PB1	1437	62	A	1	0	62	37.6774193548387
A_PB1	1438	62	A	1	0	62	39.5483870967742
A_PB1	1439	62	A	1	0	62	40.0806451612903
A_PB1	1440	62	G	1	0	62	40.3225806451613
A_PB1	1441	60	A	3	0	60	40.7333333333333
A_PB1	1442	62	A	1	0	62	41.0967741935484
A_PB1	1443	62	G	1	0	62	41.0967741935484
A_PB1	1444	62	T	1	0	62	41.4193548387097
A_PB1	1445	62	C	1	0	62	41.1129032258064
A_PB1	1446	61	C	2	0	60	40.2
A_PB1	1447	61	T	2	0	60	40.3333333333333
A_PB1	1448	61	A	2	0	61	38.7540983606557
A_PB1	1449	62	T	1	0	62	38.6774193548387
A_PB1	1450	62	A	1	0	62	38.7096774193548
A_PB1	1451	62	T	1	0	62	38.7741935483871
A_PB1	1452	62	A	1	0	62	38.9193548387097
A_PB1	1453	62	A	1	0	62	39.241935483871
A_PB1	1454	62	A	1	0	62	40.4193548387097
A_PB1	1455	62	T	1	0	62	40.6451612903226
A_PB1	1456	62	A	1	0	62	40.1129032258064
A_PB1	1457	62	A	1	0	62	39.7903225806452
A_PB1	1458	62	G	1	0	62	40.4193548387097
A_PB1	1459	62	A	1	0	62	40.2903225806452
A_PB1	1460	62	C	1	0	62	40.1290322580645
A_PB1	1461	62	A	1	0	62	40.5161290322581
A_PB1	1462	62	G	1	0	62	39.6612903225806
A_PB1	1463	62	G	1	0	62	39.0806451612903
A_PB1	1464	62	G	1	0	61	38.1639344262295
A_PB1	1465	62	A	1	0	62	38.2096774193548
A_PB1	1466	62	C	1	0	62	39.5
A_PB1	1467	62	A	1	0	62	38.9677419354839
A_PB1	1468	62	T	1	0	62	38.6451612903226
A_PB1	1469	62	T	1	0	62	39.7258064516129
A_PB1	1470	62	T	1	0	62	39.8225806451613
A_PB1	1471	62	G	1	0	62	39.2096774193548
A_PB1	1472	62	A	1	0	62	39.6451612903226
A_PB1	1473	62	A	1	0	62	40.2096774193548
A_PB1	1474	62	T	1	0	62	40.0483870967742
A_PB1	1475	62	T	1	0	62	39.3870967741936
A_PB1	1476	62	C	1	0	62	39.5483870967742
A_PB1	1477	62	A	1	0	62	39.1774193548387
A_PB1	1478	62	C	1	0	62	38.9193548387097
A_PB1	1479	62	A	1	0	62	38.0967741935484
A_PB1	1480	62	A	1	0	62	38.3225806451613
A_PB1	1481	62	G	1	0	62	36.8548387096774
A_PB1	1482	62	C	1	0	62	36.1935483870968
A_PB1	1483	57	T	6	0	57	35.140350877193
A_PB1	1484	61	T	2	0	61	35.1311475409836
A_PB1	1485	61	T	2	0	61	32.0163934426229
A_PB1	1486	62	T	1	0	62	33.0161290322581
A_PB1	1487	62	T	1	0	62	32.5322580645161
A_PB1	1488	62	T	1	0	62	35.9838709677419
A_PB1	1489	62	T	1	0	62	36.4516129032258
A_PB1	1490	62	A	1	0	62	36.258064516129
A_PB1	1491	62	T	1	0	62	36.5645161290323
A_PB1	1492	62	C	1	0	62	35.5483870967742
A_PB1	1493	62	G	1	0	62	34.2096774193548
A_PB1	1494	62	C	1	0	61	33.8196721311475
A_PB1	1495	62	T	1	0	61	34.5409836065574
A_PB1	1496	62	A	1	0	62	35.3387096774194
A_PB1	1497	62	T	1	0	62	36.0161290322581
A_PB1	1498	62	G	1	0	62	36.8548387096774
A_PB1	1499	62	G	1	0	62	37.6451612903226
A_PB1	1500	62	A	1	0	62	37.7903225806452
A_PB1	1501	62	T	1	0	62	39.0806451612903
A_PB1	1502	62	T	1	0	62	39.0967741935484
A_PB1	1503	62	T	1	0	62	39.7096774193548
A_PB1	1504	62	G	1	0	62	40.0806451612903
A_PB1	1505	62	T	1	0	62	39.8709677419355
A_PB1	1506	62	G	1	0	62	38.8387096774194
A_PB1	1507	61	G	2	0	61	40.0819672131148
A_PB1	1508	61	C	2	0	60	39.5166666666667
A_PB1	1509	61	T	2	0	60	39
A_PB1	1510	62	A	1	0	62	38.741935483871
A_PB1	1511	62	A	1	0	62	39.7903225806452
A_PB1	1512	62	T	1	0	62	39.8064516129032
A_PB1	1513	62	T	1	0	62	39.9193548387097
A_PB1	1514	62	T	1	0	62	41.0967741935484
A_PB1	1515	62	T	1	0	62	39.758064516129
A_PB1	1516	62	A	1	0	62	38.1451612903226
A_PB1	1517	62	G	1	0	62	37.7258064516129
A_PB1	1518	62	C	1	0	62	37.5161290322581
A_PB1	1519	61	A	1	0	61	37.6065573770492
A_PB1	1520	61	T	1	0	61	39.4918032786885
A_PB1	1521	61	G	1	0	61	39.5409836065574
A_PB1	1522	61	G	1	0	61	40.6229508196721
A_PB1	1523	61	A	1	0	60	41.1833333333333
A_PB1	1524	61	G	1	0	61	40.4754098360656
A_PB1	1525	61	C	1	0	61	40.344262295082
A_PB1	1526	61	T	1	0	61	39.7704918032787
A_PB1	1527	60	A	2	0	59	39.0169491525424
A_PB1	1528	60	C	2	0	59	39.271186440678
A_PB1	1529	60	C	2	0	60	38.25
A_PB1	1530	60	C	2	0	60	38.7
A_PB1	1531	61	A	1	0	61	36.655737704918
A_PB1	1532	61	G	1	0	61	38.0327868852459
A_PB1	1533	61	C	1	0	61	37.9672131147541
A_PB1	1534	61	T	1	0	61	38.327868852459
A_PB1	1535	60	T	1	0	60	39.65
A_PB1	1536	60	T	1	0	60	40.65
A_PB1	1537	60	G	1	0	60	38.7333333333333
A_PB1	1538	60	G	1	0	60	37.9166666666667
A_PB1	1539	60	A	1	0	59	39.2542372881356
A_PB1	1540	60	G	1	0	58	39.1206896551724
A_PB1	1541	60	T	1	0	60	39.25
A_PB1	1542	60	G	1	0	60	40.3666666666667
A_PB1	1543	61	T	1	0	61	40.5737704918033
A_PB1	1544	61	C	1	0	60	40.55
A_PB1	1545	61	T	1	0	61	40.8688524590164
A_PB1	1546	61	G	1	0	61	40.344262295082
A_PB1	1547	61	G	1	0	61	39.4754098360656
A_PB1	1548	61	A	1	0	61	39.6885245901639
A_PB1	1549	61	G	1	0	60	39.7833333333333
A_PB1	1550	60	T	2	0	60	40.25
A_PB1	1551	61	A	1	0	61	38.4262295081967
A_PB1	1552	61	A	1	0	61	39.1311475409836
A_PB1	1553	61	A	1	0	61	39.9344262295082
A_PB1	1554	61	T	1	0	61	40.3934426229508
A_PB1	1555	61	G	1	0	61	40.0655737704918
A_PB1	1556	61	A	1	0	61	39.655737704918
A_PB1	1557	61	A	1	0	61	39.0819672131148
A_PB1	1558	61	T	1	0	61	40.2950819672131
A_PB1	1559	61	C	1	0	60	39.4666666666667
A_PB1	1560	61	A	1	0	61	40.327868852459
A_PB1	1561	61	G	1	0	61	39.8688524590164
A_PB1	1562	61	C	1	0	60	40.1166666666667
A_PB1	1563	61	T	1	0	61	40.4262295081967
A_PB1	1564	61	G	1	0	61	40.9836065573771
A_PB1	1565	61	A	1	0	61	41.1311475409836
A_PB1	1566	61	C	1	0	61	40.9672131147541
A_PB1	1567	61	A	1	0	61	40.2459016393443
A_PB1	1568	61	T	1	0	61	40.4590163934426
A_PB1	1569	61	G	1	0	61	39.6393442622951
A_PB1	1570	61	A	1	0	61	39.2786885245902
A_PB1	1571	61	G	1	0	61	38.8196721311475
A_PB1	1572	61	T	1	0	61	40.5901639344262
A_PB1	1573	61	A	1	0	61	40.0655737704918
A_PB1	1574	61	T	1	0	61	41.2459016393443
A_PB1	1575	61	T	1	0	61	40.7213114754098
A_PB1	1576	61	G	1	0	61	40.672131147541
A_PB1	1577	61	G	1	0	61	40.4754098360656
A_PB1	1578	61	A	1	0	61	40.327868852459
A_PB1	1579	61	G	1	0	61	40.7213114754098
A_PB1	1580	60	T	2	0	60	39.7
A_PB1	1581	61	A	1	0	61	39.5901639344262
A_PB1	1582	61	A	1	0	61	40.0819672131148
A_PB1	1583	61	C	1	0	61	40.4098360655738
A_PB1	1584	61	A	1	0	61	41.3606557377049
A_PB1	1585	61	G	1	0	61	41.344262295082
A_PB1	1586	61	T	1	0	61	39.9836065573771
A_PB1	1587	61	G	1	0	61	40.4426229508197
A_PB1	1588	61	A	1	0	61	39.7377049180328
A_PB1	1589	61	T	1	0	61	40.4918032786885
A_PB1	1590	61	A	1	0	61	40.2131147540984
A_PB1	1591	61	A	1	0	61	40.3770491803279
A_PB1	1592	61	A	1	0	61	40.4918032786885
A_PB1	1593	61	G	1	0	61	40.1311475409836
A_PB1	1594	61	A	1	0	61	40.4590163934426
A_PB1	1595	61	A	1	0	61	40.5573770491803
A_PB1	1596	61	C	1	0	61	40.7540983606557
A_PB1	1597	61	A	1	0	61	40.8688524590164
A_PB1	1598	61	A	1	0	61	39.7868852459016
A_PB1	1599	61	C	1	0	61	39.8196721311475
A_PB1	1600	61	A	1	0	61	39.1147540983607
A_PB1	1601	61	T	1	0	61	39.8196721311475
A_PB1	1602	61	G	1	0	61	39.9672131147541
A_PB1	1603	61	A	1	0	61	39.7213114754098
A_PB1	1604	61	T	1	0	61	39.9016393442623
A_PB1	1605	61	A	1	0	61	38.7377049180328
A_PB1	1606	61	A	1	0	61	38.7377049180328
A_PB1	1607	61	A	1	0	61	39.5737704918033
A_PB1	1608	61	C	1	0	61	39.2295081967213
A_PB1	1609	61	A	1	0	61	39.0655737704918
A_PB1	1610	61	A	1	0	61	39.7049180327869
A_PB1	1611	61	T	1	0	61	39.1803278688525
A_PB1	1612	61	G	1	0	61	39
A_PB1	1613	61	A	1	0	61	39.2622950819672
A_PB1	1614	61	C	1	0	61	40.4262295081967
A_PB1	1615	61	C	1	0	61	39.1147540983607
A_PB1	1616	61	T	1	0	60	39.3833333333333
A_PB1	1617	61	T	1	0	61	39.5409836065574
A_PB1	1618	61	G	1	0	61	38.2950819672131
A_PB1	1619	61	G	1	0	60	39.2
A_PB1	1620	61	A	1	0	61	38.6885245901639
A_PB1	1621	61	C	1	0	61	38.1803278688525
A_PB1	1622	61	C	1	0	61	38.672131147541
A_PB1	1623	61	T	1	0	61	38.8688524590164
A_PB1	1624	61	G	1	0	61	38.672131147541
A_PB1	1625	61	C	1	0	61	39.0163934426229
A_PB1	1626	61	A	1	0	61	40.1967213114754
A_PB1	1627	61	A	1	0	61	39.7868852459016
A_PB1	1628	61	C	1	0	61	39.2295081967213
A_PB1	1629	61	G	1	0	61	38.7540983606557
A_PB1	1630	61	G	1	0	60	38.8833333333333
A_PB1	1631	61	C	1	0	61	38.5245901639344
A_PB1	1632	61	T	1	0	61	38.2295081967213
A_PB1	1633	60	C	2	0	60	39.7
A_PB1	1634	61	A	1	0	61	39.9508196721311
A_PB1	1635	61	G	1	0	61	39.3770491803279
A_PB1	1636	61	A	1	0	61	40.1311475409836
A_PB1	1637	61	T	1	0	61	40.1639344262295
A_PB1	1638	61	G	1	0	61	40.5081967213115
A_PB1	1639	61	G	1	0	61	40.5901639344262
A_PB1	1640	61	C	1	0	61	39.5573770491803
A_PB1	1641	61	T	1	0	61	40.0491803278689
A_PB1	1642	61	C	1	0	61	38.2950819672131
A_PB1	1643	61	T	1	0	61	38.9508196721311
A_PB1	1644	61	T	1	0	61	38.8360655737705
A_PB1	1645	61	C	1	0	61	37.672131147541
A_PB1	1646	61	A	1	0	61	38.2131147540984
A_PB1	1647	61	A	1	0	61	37.8032786885246
A_PB1	1648	61	T	1	0	61	38.3606557377049
A_PB1	1649	61	T	1	0	61	38.8852459016393
A_PB1	1650	61	G	1	0	61	38.5901639344262
A_PB1	1651	61	T	1	0	61	38.0327868852459
A_PB1	1652	61	T	1	0	61	38.6885245901639
A_PB1	1653	61	C	1	0	61	37.9344262295082
A_PB1	1654	62	A	0	0	62	37.8225806451613
A_PB1	1655	62	T	0	0	62	37.4677419354839
A_PB1	1656	62	A	0	0	62	37.0645161290323
A_PB1	1657	62	A	0	0	62	38.3548387096774
A_PB1	1658	62	A	0	0	62	38.9677419354839
A_PB1	1659	62	A	0	0	62	40.4354838709677
A_PB1	1660	62	G	0	0	62	41.0645161290323
A_PB1	1661	62	A	0	0	62	39.1612903225806
A_PB1	1662	62	C	0	0	62	38
A_PB1	1663	62	T	0	0	62	38.1129032258064
A_PB1	1664	62	A	0	0	62	38.0483870967742
A_PB1	1665	61	C	1	0	61	39.1639344262295
A_PB1	1666	61	A	1	0	61	38.4262295081967
A_PB1	1667	61	G	1	0	60	38.7333333333333
A_PB1	1668	62	A	0	0	62	38.2096774193548
A_PB1	1669	62	T	0	0	62	38.0967741935484
A_PB1	1670	61	A	1	0	61	37.8196721311475
A_PB1	1671	61	C	1	0	61	39.2950819672131
A_PB1	1672	62	A	0	0	61	39.1639344262295
A_PB1	1673	62	C	0	0	62	39.4516129032258
A_PB1	1674	62	A	0	0	62	38.8064516129032
A_PB1	1675	61	T	1	0	61	39.2131147540984
A_PB1	1676	61	A	1	0	61	40.4918032786885
A_PB1	1677	61	T	1	0	61	40.672131147541
A_PB1	1678	62	A	0	0	61	38.8688524590164
A_PB1	1679	62	G	0	0	62	38.5967741935484
A_PB1	1680	62	G	0	0	62	39.6774193548387
A_PB1	1681	62	T	0	0	62	38.6451612903226
A_PB1	1682	62	G	0	0	62	38.2258064516129
A_PB1	1683	62	T	0	0	61	38.3770491803279
A_PB1	1684	62	C	0	0	62	37.2903225806452
A_PB1	1685	62	A	0	0	62	36.9838709677419
A_PB1	1686	62	T	0	0	61	36.8360655737705
A_PB1	1687	61	A	1	0	61	34.0655737704918
A_PB1	1688	60	G	2	0	60	33.9666666666667
A_PB1	1689	62	G	0	0	62	33.8548387096774
A_PB1	1690	62	G	0	0	62	34.258064516129
A_PB1	1691	62	G	0	0	62	33.5
A_PB1	1692	62	A	0	0	62	37.741935483871
A_PB1	1693	62	G	0	0	61	36.9836065573771
A_PB1	1694	62	A	0	0	62	36.8870967741936
A_PB1	1695	62	C	0	0	62	37.3064516129032
A_PB1	1696	62	A	0	0	61	36.8852459016393
A_PB1	1697	62	C	0	0	61	36.9180327868852
A_PB1	1698	62	A	0	0	62	36.5483870967742
A_PB1	1699	62	C	0	0	61	36.7540983606557
A_PB1	1700	63	A	0	0	63	38.1746031746032
A_PB1	1701	63	A	0	0	63	38.4761904761905
A_PB1	1702	63	A	0	0	63	39.6666666666667
A_PB1	1703	63	T	0	0	63	39.1269841269841
A_PB1	1704	63	T	0	0	63	39.6507936507937
A_PB1	1705	62	C	1	0	62	38.1451612903226
A_PB1	1706	63	A	0	0	63	38.0952380952381
A_PB1	1707	63	A	0	0	63	38.7936507936508
A_PB1	1708	63	A	0	0	63	39.2063492063492
A_PB1	1709	63	C	0	0	63	37.2539682539683
A_PB1	1710	63	G	0	0	63	35.8412698412698
A_PB1	1711	63	A	0	0	62	37.1935483870968
A_PB1	1712	63	G	0	0	62	37.0645161290323
A_PB1	1713	63	A	0	0	62	37.3225806451613
A_PB1	1714	63	A	0	0	63	36.7936507936508
A_PB1	1715	63	G	0	0	63	38.4603174603175
A_PB1	1716	63	A	0	0	63	38.4920634920635
A_PB1	1717	63	T	0	0	63	39.1746031746032
A_PB1	1718	63	C	0	0	63	37.6031746031746
A_PB1	1719	63	A	0	0	62	38.9354838709677
A_PB1	1720	63	T	0	0	63	38.5396825396825
A_PB1	1721	63	T	0	0	63	39.968253968254
A_PB1	1722	63	T	0	0	63	40.1904761904762
A_PB1	1723	63	G	0	0	63	38.8412698412698
A_PB1	1724	63	A	0	0	63	39.8412698412698
A_PB1	1725	63	G	0	0	63	38.6031746031746
A_PB1	1726	63	T	0	0	63	38.9206349206349
A_PB1	1727	63	T	0	0	63	38.0952380952381
A_PB1	1728	63	G	0	0	63	38.2222222222222
A_PB1	1729	63	A	0	0	63	37.7936507936508
A_PB1	1730	63	A	0	0	63	39.1428571428571
A_PB1	1731	63	G	0	0	63	38.1269841269841
A_PB1	1732	62	A	1	0	62	40.0483870967742
A_PB1	1733	63	A	0	0	63	38.7460317460317
A_PB1	1734	63	G	0	0	63	38.8730158730159
A_PB1	1735	63	C	0	0	62	38.1774193548387
A_PB1	1736	63	T	0	0	63	37.1746031746032
A_PB1	1737	63	A	0	0	63	36.4126984126984
A_PB1	1738	63	T	0	0	63	37.1428571428571
A_PB1	1739	63	G	0	0	63	35.0634920634921
A_PB1	1740	63	G	0	0	63	36.5873015873016
A_PB1	1741	63	G	0	0	63	36.3650793650794
A_PB1	1742	63	A	0	0	63	37.4126984126984
A_PB1	1743	63	T	0	0	63	40.3174603174603
A_PB1	1744	63	C	0	0	63	39.9523809523809
A_PB1	1745	63	A	0	0	63	39.2857142857143
A_PB1	1746	63	A	0	0	63	40.6190476190476
A_PB1	1747	63	A	0	0	63	40.0476190476191
A_PB1	1748	63	C	0	0	63	39.8095238095238
A_PB1	1749	63	C	0	0	63	40.4285714285714
A_PB1	1750	63	C	0	0	63	40.9365079365079
A_PB1	1751	63	A	0	0	63	39.6984126984127
A_PB1	1752	63	A	0	0	63	40.0793650793651
A_PB1	1753	63	T	0	0	63	40.8412698412698
A_PB1	1754	63	C	0	0	63	40.015873015873
A_PB1	1755	62	A	1	0	62	40.4838709677419
A_PB1	1756	63	A	0	0	63	41.9047619047619
A_PB1	1757	63	A	0	0	63	41.8571428571429
A_PB1	1758	63	A	0	0	63	41.2380952380952
A_PB1	1759	63	G	0	0	63	41.4444444444444
A_PB1	1760	63	T	0	0	62	40.0806451612903
A_PB1	1761	63	A	0	0	62	38.7096774193548
A_PB1	1762	62	G	1	0	62	38.9838709677419
A_PB1	1763	63	G	0	0	63	37.6666666666667
A_PB1	1764	63	G	0	0	63	37.4285714285714
A_PB1	1765	63	C	0	0	63	36.0634920634921
A_PB1	1766	63	T	0	0	63	35.7777777777778
A_PB1	1767	63	A	0	0	62	37.1612903225806
A_PB1	1768	63	T	0	0	63	37.6349206349206
A_PB1	1769	63	T	0	0	62	37.4838709677419
A_PB1	1770	63	A	0	0	62	37.6774193548387
A_PB1	1771	63	G	0	0	63	36.9206349206349
A_PB1	1772	63	T	0	0	63	37.015873015873
A_PB1	1773	63	A	0	0	62	38.0806451612903
A_PB1	1774	63	T	0	0	63	38.3650793650794
A_PB1	1775	63	C	0	0	63	37.5714285714286
A_PB1	1776	63	A	0	0	63	38.4444444444444
A_PB1	1777	63	G	0	0	63	36.7301587301587
A_PB1	1778	63	A	0	0	63	36.7460317460317
A_PB1	1779	63	T	0	0	63	37.1904761904762
A_PB1	1780	62	G	1	0	62	36.4838709677419
A_PB1	1781	63	G	0	0	63	36.2539682539683
A_PB1	1782	63	A	0	0	63	35.6984126984127
A_PB1	1783	63	G	0	0	60	36.9666666666667
A_PB1	1784	63	G	0	0	62	35.3709677419355
A_PB1	1785	62	A	1	0	61	35.9180327868852
A_PB1	1786	62	C	1	0	62	34.1290322580645
A_PB1	1787	62	C	1	0	62	34.5806451612903
A_PB1	1788	63	A	0	0	63	35.9365079365079
A_PB1	1789	63	A	0	0	62	36.258064516129
A_PB1	1790	66	A	0	0	65	38.2153846153846
A_PB1	1791	66	C	0	0	64	38.46875
A_PB1	1792	66	T	0	0	65	37.6769230769231
A_PB1	1793	67	T	0	0	67	37.7313432835821
A_PB1	1794	67	A	0	0	67	36.9850746268657
A_PB1	1795	67	T	0	0	66	35.8484848484849
A_PB1	1796	67	A	0	0	67	34.4477611940299
A_PB1	1797	67	C	0	0	67	33.8358208955224
A_PB1	1798	67	A	0	0	67	33.0746268656716
A_PB1	1799	66	A	1	0	66	35
A_PB1	1800	66	C	1	0	66	35.0909090909091
A_PB1	1801	67	A	0	0	67	36.8507462686567
A_PB1	1802	67	T	0	0	67	37.5223880597015
A_PB1	1803	67	A	0	0	67	37.3731343283582
A_PB1	1804	67	C	0	0	67	36.9701492537313
A_PB1	1805	67	G	0	0	65	37.4615384615385
A_PB1	1806	67	G	0	0	67	36.5373134328358
A_PB1	1807	66	A	1	0	65	36.3230769230769
A_PB1	1808	67	A	0	0	67	34.865671641791
A_PB1	1809	67	T	0	0	65	35.9230769230769
A_PB1	1810	66	C	1	0	64	37.28125
A_PB1	1811	67	T	0	0	65	36.2153846153846
A_PB1	1812	67	T	0	0	67	35.5671641791045
A_PB1	1813	67	C	0	0	67	34.1641791044776
A_PB1	1814	67	A	0	0	67	33.7164179104478
A_PB1	1815	67	C	0	0	66	34.2575757575758
A_PB1	1816	67	A	0	0	66	35.969696969697
A_PB1	1817	67	T	0	0	67	36.8955223880597
A_PB1	1818	67	C	0	0	67	35.910447761194
A_PB1	1819	67	C	0	0	67	36.2985074626866
A_PB1	1820	67	C	0	0	67	37.0597014925373
A_PB1	1821	66	T	1	0	66	36.2575757575758
A_PB1	1822	63	G	4	0	63	37.984126984127
A_PB1	1823	66	A	1	0	66	38.8181818181818
A_PB1	1824	67	A	0	0	67	39.1641791044776
A_PB1	1825	67	G	0	0	67	38.8208955223881
A_PB1	1826	67	T	0	0	67	39.5671641791045
A_PB1	1827	67	C	0	0	66	37.8939393939394
A_PB1	1828	68	T	0	0	68	37.2352941176471
A_PB1	1829	68	G	0	0	67	35.3283582089552
A_PB1	1830	65	T	3	0	65	35.3230769230769
A_PB1	1831	68	T	0	0	68	34.1470588235294
A_PB1	1832	68	T	0	0	68	34.7794117647059
A_PB1	1833	68	A	0	0	68	31.7352941176471
A_PB1	1834	68	A	0	0	68	32.9264705882353
A_PB1	1835	68	A	0	0	68	36.3088235294118
A_PB1	1836	68	A	1	0	68	36.6470588235294
A_PB1	1837	68	T	1	0	68	37.0735294117647
A_PB1	1838	65	G	5	0	64	34.875
A_PB1	1839	69	G	1	0	68	34.5588235294118
A_PB1	1840	69	G	1	0	67	35.0298507462687
A_PB1	1841	69	A	1	0	69	35.4927536231884
A_PB1	1842	70	G	0	0	70	36.2285714285714
A_PB1	1843	70	C	0	0	69	36.5072463768116
A_PB1	1844	70	T	0	0	69	37.1014492753623
A_PB1	1845	70	A	0	0	69	37.2608695652174
A_PB1	1846	70	A	0	0	69	37.7826086956522
A_PB1	1847	70	T	0	0	69	38.1159420289855
A_PB1	1848	70	G	0	0	70	38.4857142857143
A_PB1	1849	70	G	0	0	70	37.7571428571429
A_PB1	1850	70	A	0	0	69	37.3768115942029
A_PB1	1851	70	T	0	0	70	37.2857142857143
A_PB1	1852	70	G	0	0	69	37.6231884057971
A_PB1	1853	70	A	0	0	70	37.4714285714286
A_PB1	1854	69	T	1	0	69	38.0434782608696
A_PB1	1855	70	G	0	0	70	37.9857142857143
A_PB1	1856	70	A	0	0	69	36.7101449275362
A_PB1	1857	70	T	0	0	70	36.2285714285714
A_PB1	1858	69	T	1	0	69	37.4492753623188
A_PB1	1859	69	A	1	0	69	36.0289855072464
A_PB1	1860	70	T	0	0	69	35.8840579710145
A_PB1	1861	67	C	3	0	65	31.0307692307692
A_PB1	1862	65	G	6	0	62	28.6612903225806
A_PB1	1863	71	G	0	0	70	29.9428571428571
A_PB1	1864	71	G	0	0	71	30.169014084507
A_PB1	1865	70	G	0	0	65	32.4153846153846
A_PB1	1866	70	A	0	0	70	36.3142857142857
A_PB1	1867	70	A	0	0	70	37.5
A_PB1	1868	70	G	0	0	69	37.0289855072464
A_PB1	1869	66	A	4	0	66	37.7727272727273
A_PB1	1870	67	C	3	0	67	36.7761194029851
A_PB1	1871	68	T	2	0	65	38.2923076923077
A_PB1	1872	70	T	0	0	70	35.1142857142857
A_PB1	1873	70	T	0	0	69	34.9420289855072
A_PB1	1874	70	G	0	0	70	33.4285714285714
A_PB1	1875	70	T	1	0	69	34.0144927536232
A_PB1	1876	69	A	2	0	67	37.2835820895522
A_PB1	1877	70	A	1	0	69	38.6811594202899
A_PB1	1878	69	T	2	0	66	39.3787878787879
A_PB1	1879	69	C	2	0	67	39.6119402985075
A_PB1	1880	70	C	1	0	70	40.3714285714286
A_PB1	1881	70	C	1	0	70	40.5428571428571
A_PB1	1882	70	C	1	0	69	40.2898550724638
A_PB1	1883	67	T	4	0	66	39.7878787878788
A_PB1	1884	68	G	3	0	66	38.530303030303
A_PB1	1885	69	A	2	0	69	39.4782608695652
A_PB1	1886	70	A	1	0	70	39.2
A_PB1	1887	70	T	1	0	70	39.3285714285714
A_PB1	1888	70	C	1	0	70	38.8142857142857
A_PB1	1889	70	C	1	0	70	40.9428571428571
A_PB1	1890	71	C	0	0	69	39.3768115942029
A_PB1	1891	71	T	0	0	70	37.8571428571429
A_PB1	1892	71	T	0	0	71	38.5492957746479
A_PB1	1893	71	T	0	0	71	39.1408450704225
A_PB1	1894	71	G	0	0	71	35.8450704225352
A_PB1	1895	71	T	0	0	71	38.6760563380282
A_PB1	1896	71	G	0	0	70	39.6571428571429
A_PB1	1897	71	A	0	0	69	40.1739130434783
A_PB1	1898	71	G	0	0	71	39.5492957746479
A_PB1	1899	71	T	0	0	71	39.3661971830986
A_PB1	1900	71	C	0	0	71	39.0985915492958
A_PB1	1901	71	A	0	0	71	40.5070422535211
A_PB1	1902	71	T	0	0	71	40.3098591549296
A_PB1	1903	71	A	0	0	71	39.8591549295775
A_PB1	1904	71	A	0	0	71	40.1549295774648
A_PB1	1905	71	G	0	0	71	40.3098591549296
A_PB1	1906	71	G	0	0	71	40.0985915492958
A_PB1	1907	71	A	0	0	71	40.4929577464789
A_PB1	1908	71	G	0	0	71	40.8169014084507
A_PB1	1909	71	A	0	0	71	40.6619718309859
A_PB1	1910	71	T	0	0	71	41.5633802816901
A_PB1	1911	71	T	0	0	71	40.4929577464789
A_PB1	1912	71	G	0	0	71	39.2112676056338
A_PB1	1913	71	A	0	0	71	39.6619718309859
A_PB1	1914	71	C	0	0	71	40.5774647887324
A_PB1	1915	71	T	0	0	71	39.2535211267606
A_PB1	1916	70	C	1	0	69	40.7246376811594
A_PB1	1917	71	T	0	0	71	40.056338028169
A_PB1	1918	71	G	0	0	71	39.0140845070423
A_PB1	1919	213	T	0	0	213	41.1455399061033
A_PB1	1920	213	A	0	0	213	40.1924882629108
A_PB1	1921	214	A	0	0	214	40.3084112149533
A_PB1	1922	214	A	0	0	214	39.0560747663551
A_PB1	1923	214	C	0	0	214	38.1682242990654
A_PB1	1924	214	A	0	0	214	37.8504672897196
A_PB1	1925	214	A	0	0	214	39.3691588785047
A_PB1	1926	214	T	0	0	214	39.8130841121495
A_PB1	1927	214	G	0	0	214	40.7897196261682
A_PB1	1928	213	C	1	0	213	41.1643192488263
A_PB1	1929	213	T	1	0	213	40.6760563380282
A_PB1	1930	213	G	1	0	213	40.9342723004695
A_PB1	1931	213	T	1	0	213	40.2676056338028
A_PB1	1932	213	G	1	0	213	40.1924882629108
A_PB1	1933	213	G	1	0	213	40.1361502347418
A_PB1	1934	213	T	1	0	213	39.5727699530516
A_PB1	1935	212	A	2	0	212	38.8632075471698
A_PB1	1936	213	A	1	0	213	38.9765258215962
A_PB1	1937	213	T	1	0	212	39.1650943396226
A_PB1	1938	213	G	1	0	212	38.438679245283
A_PB1	1939	209	C	5	0	209	39.5885167464115
A_PB1	1940	211	C	3	0	210	39.552380952381
A_PB1	1941	211	A	3	0	210	39.8428571428571
A_PB1	1942	211	G	3	0	211	38.6682464454976
A_PB1	1943	210	C	4	0	210	37.9571428571429
A_PB1	1944	220	C	1	0	220	38.3681818181818
A_PB1	1945	220	C	1	0	220	37.9636363636364
A_PB1	1946	219	A	2	0	219	37.1004566210046
A_PB1	1947	219	T	2	0	219	37.9360730593607
A_PB1	1948	220	G	1	0	220	37.2272727272727
A_PB1	1949	220	G	1	0	212	38.1745283018868
A_PB1	1950	220	C	1	0	220	37.7954545454545
A_PB1	1951	219	C	1	0	219	38.5890410958904
A_PB1	1952	219	C	1	0	218	38.4266055045872
A_PB1	1953	219	A	1	0	219	38.7899543378995
A_PB1	1954	219	G	1	0	219	39.4109589041096
A_PB1	1955	219	C	1	0	219	39.3561643835616
A_PB1	1956	219	C	1	0	219	39.2374429223744
A_PB1	1957	218	A	2	0	218	39.5688073394495
A_PB1	1958	219	A	1	0	219	40.351598173516
A_PB1	1959	219	A	1	0	219	40.6666666666667
A_PB1	1960	219	A	1	0	218	41.3165137614679
A_PB1	1961	219	G	1	0	218	41.4403669724771
A_PB1	1962	219	C	1	0	219	40.7077625570776
A_PB1	1963	219	A	1	0	219	39.9086757990868
A_PB1	1964	219	T	1	0	219	38.972602739726
A_PB1	1965	219	G	1	0	219	37.662100456621
A_PB1	1966	219	G	1	0	219	38.1278538812785
A_PB1	1967	219	A	1	0	218	38.5321100917431
A_PB1	1968	220	A	1	0	220	39.5363636363636
A_PB1	1969	220	T	1	0	220	39.9681818181818
A_PB1	1970	220	A	1	0	220	39.8227272727273
A_PB1	1971	221	T	1	0	221	39.1538461538462
A_PB1	1972	221	G	1	0	221	37.8778280542986
A_PB1	1973	221	A	1	0	221	38.0950226244344
A_PB1	1974	221	T	1	0	221	37.9954751131222
A_PB1	1975	220	G	2	0	220	38.3727272727273
A_PB1	1976	220	C	2	0	219	38.3059360730594
A_PB1	1977	220	C	2	0	219	37.6255707762557
A_PB1	1978	220	G	2	0	217	37.3225806451613
A_PB1	1979	220	T	2	0	220	36.8772727272727
A_PB1	1980	221	C	1	0	220	36.8636363636364
A_PB1	1981	221	G	1	0	219	36.351598173516
A_PB1	1982	221	C	1	0	221	36.4796380090498
A_PB1	1983	221	T	1	0	220	36.65
A_PB1	1984	220	A	2	0	218	37.3623853211009
A_PB1	1985	222	C	0	0	217	37.9400921658986
A_PB1	1986	222	T	0	0	219	38.6164383561644
A_PB1	1987	222	A	1	0	221	37.9954751131222
A_PB1	1988	221	C	1	0	221	38.7013574660633
A_PB1	1989	222	A	0	0	222	38.6036036036036
A_PB1	1990	222	C	0	0	222	38.1531531531532
A_PB1	1991	222	A	0	0	222	37.8873873873874
A_PB1	1992	222	T	0	0	222	37.7612612612613
A_PB1	1993	221	T	0	0	221	38.579185520362
A_PB1	1994	221	C	0	0	221	38.1221719457014
A_PB1	1995	221	C	0	0	221	38
A_PB1	1996	220	T	1	0	220	39.1318181818182
A_PB1	1997	220	G	1	0	218	38.5596330275229
A_PB1	1998	220	G	1	0	220	38.1772727272727
A_PB1	1999	221	A	1	0	220	38.6363636363636
A_PB1	2000	221	T	1	0	221	38.6787330316742
A_PB1	2001	222	T	0	0	221	39.0904977375566
A_PB1	2002	217	C	5	0	216	39.7685185185185
A_PB1	2003	222	C	0	0	222	39.963963963964
A_PB1	2004	221	C	1	0	221	38.2443438914027
A_PB1	2005	218	A	4	0	218	36.3348623853211
A_PB1	2006	221	A	1	0	220	37.3227272727273
A_PB1	2007	220	G	2	0	220	37.7636363636364
A_PB1	2008	222	A	1	0	220	38.1045454545455
A_PB1	2009	223	G	0	0	221	38.4796380090498
A_PB1	2010	222	G	1	0	219	39.6986301369863
A_PB1	2011	222	A	1	0	222	38.8063063063063
A_PB1	2012	223	A	0	0	222	39.009009009009
A_PB1	2013	223	T	0	0	223	39.4260089686099
A_PB1	2014	223	C	0	0	219	36.1689497716895
A_PB1	2015	223	G	0	0	221	34.9276018099548
A_PB1	2016	223	T	0	0	221	35.2669683257919
A_PB1	2017	223	T	0	0	221	35.4253393665158
A_PB1	2018	224	C	0	0	222	35.1891891891892
A_PB1	2019	223	T	2	0	217	37.3133640552995
A_PB1	2020	225	A	2	0	221	37.2986425339367
A_PB1	2021	227	T	0	0	223	36.237668161435
A_PB1	2022	227	T	0	0	227	36.0837004405286
A_PB1	2023	227	C	0	0	226	36.6061946902655
A_PB1	2024	226	T	1	0	226	36.5176991150442
A_PB1	2025	223	C	4	0	222	36.9414414414414
A_PB1	2026	224	A	3	0	224	37.9910714285714
A_PB1	2027	227	A	0	0	227	37.1321585903084
A_PB1	2028	227	C	0	0	226	38.5176991150442
A_PB1	2029	227	A	0	0	227	38.5726872246696
A_PB1	2030	227	C	0	0	227	39.8986784140969
A_PB1	2031	227	A	0	0	226	40.2654867256637
A_PB1	2032	228	A	0	0	228	40.7149122807018
A_PB1	2033	228	G	0	0	228	40.2105263157895
A_PB1	2034	228	C	0	0	228	39.9254385964912
A_PB1	2035	228	C	0	0	228	39.7587719298246
A_PB1	2036	227	A	1	0	226	39.6327433628319
A_PB1	2037	228	A	0	0	228	39.8464912280702
A_PB1	2038	228	A	0	0	226	40.7433628318584
A_PB1	2039	227	G	1	0	227	40.0484581497797
A_PB1	2040	228	G	0	0	228	40.6798245614035
A_PB1	2041	228	G	0	0	226	40.6991150442478
A_PB1	2042	228	G	0	0	224	39.2098214285714
A_PB1	2043	228	A	0	0	228	39.8684210526316
A_PB1	2044	228	A	0	0	227	38.9955947136564
A_PB1	2045	227	T	1	0	227	38.3171806167401
A_PB1	2046	227	T	1	0	226	38.1725663716814
A_PB1	2047	227	C	1	0	227	38.1057268722467
A_PB1	2048	226	T	2	0	226	35.8451327433628
A_PB1	2049	228	T	0	0	227	36.4493392070485
A_PB1	2050	227	G	1	0	225	37.3422222222222
A_PB1	2051	226	A	2	0	225	36.4088888888889
A_PB1	2052	228	A	0	0	163	35.5950920245399
A_PB1	2053	228	G	0	0	227	36.9867841409692
A_PB1	2054	227	A	1	0	227	37.7577092511013
A_PB1	2055	227	T	1	0	226	36.6991150442478
A_PB1	2056	227	G	1	0	223	35.5156950672646
A_PB1	2057	226	A	2	0	225	36.12
A_PB1	2058	227	A	1	0	227	36.4669603524229
A_PB1	2059	226	C	2	0	226	36.8407079646018
A_PB1	2060	227	A	1	0	227	36.8281938325991
A_PB1	2061	227	G	1	0	225	38.2177777777778
A_PB1	2062	227	A	1	0	227	38.6696035242291
A_PB1	2063	300	T	2	0	300	39.23
A_PB1	2064	300	G	2	0	300	38.8666666666667
A_PB1	2065	301	T	2	0	300	40.16
A_PB1	2066	303	A	1	0	302	38.9370860927152
A_PB1	2067	304	C	1	0	304	39.0493421052632
A_PB1	2068	304	C	1	0	304	38.6710526315789
A_PB1	2069	304	A	1	0	303	38.7524752475247
A_PB1	2070	304	G	1	0	303	38.8745874587459
A_PB1	2071	305	A	2	0	305	39.3180327868852
A_PB1	2072	306	A	1	0	306	40.3562091503268
A_PB1	2073	306	G	1	0	306	40.281045751634
A_PB1	2074	306	T	1	0	306	41.0555555555556
A_PB1	2075	306	G	1	0	305	40.2688524590164
A_PB1	2076	306	T	1	0	306	41.1732026143791
A_PB1	2077	305	T	2	0	305	40.8885245901639
A_PB1	2078	304	G	3	0	302	39.6854304635762
A_PB1	2079	304	C	3	0	304	39.3914473684211
A_PB1	2080	302	A	5	0	301	39.578073089701
A_PB1	2081	304	A	3	0	303	39.5907590759076
A_PB1	2082	305	T	2	0	303	39.7095709570957
A_PB1	2083	305	T	2	0	304	39.5427631578947
A_PB1	2084	317	T	1	0	317	40.4069400630915
A_PB1	2085	355	A	0	0	355	39.0056338028169
A_PB1	2086	352	T	3	0	352	38.9545454545455
A_PB1	2087	355	T	0	0	355	37.8281690140845
A_PB1	2088	349	C	6	0	347	36.1412103746398
A_PB1	2089	353	G	3	0	352	35.1477272727273
A_PB1	2090	355	A	1	0	354	35.1214689265537
A_PB1	2091	355	G	1	0	354	35.3954802259887
A_PB1	2092	353	A	3	0	353	35.6968838526912
A_PB1	2093	353	A	3	0	353	38.3767705382436
A_PB1	2094	354	A	2	0	353	39.3484419263456
A_PB1	2095	353	T	3	0	351	39.6581196581197
A_PB1	2096	353	T	3	0	353	39.5212464589235
A_PB1	2097	354	T	2	0	353	39.3654390934844
A_PB1	2098	355	T	1	0	355	39.2957746478873
A_PB1	2099	356	T	0	0	354	38.7429378531073
A_PB1	2100	354	C	2	0	352	36.9715909090909
A_PB1	2101	356	C	0	0	356	36.6039325842697
A_PB1	2102	354	C	2	0	352	35.7869318181818
A_PB1	2103	358	T	2	0	357	32.3669467787115
A_PB1	2104	281	A	79	0	279	33.7956989247312
A_PB1	2105	281	G	79	0	280	36.6892857142857
A_PB1	2106	285	C	75	0	281	37.1814946619217
A_PB1	2107	360	A	0	0	360	37.7416666666667
A_PB1	2108	360	G	0	0	358	38.8351955307263
A_PB1	2109	359	T	1	0	359	39.5710306406685
A_PB1	2110	359	T	1	0	358	39.645251396648
A_PB1	2111	359	C	1	0	356	38.6460674157303
A_PB1	2112	358	A	2	0	355	38.1830985915493
A_PB1	2113	359	T	1	0	358	38.0698324022346
A_PB1	2114	360	A	1	0	360	37.8194444444444
A_PB1	2115	360	T	1	0	359	37.958217270195
A_PB1	2116	360	A	1	0	358	36.2625698324022
A_PB1	2117	360	G	1	0	360	36.0694444444444
A_PB1	2118	359	G	2	0	359	36.2256267409471
A_PB1	2119	359	A	2	0	357	36.2773109243698
A_PB1	2120	359	G	2	0	358	36.6731843575419
A_PB1	2121	359	A	2	0	359	37.6824512534819
A_PB1	2122	358	C	3	0	357	38.1736694677871
A_PB1	2123	359	C	2	0	357	37.2577030812325
A_PB1	2124	358	G	3	0	356	36.2106741573034
A_PB1	2125	360	G	2	0	358	36.7262569832402
A_PB1	2126	360	T	2	0	360	37.3194444444444
A_PB1	2127	358	T	4	0	358	37.304469273743
A_PB1	2128	357	G	5	0	357	37.8543417366947
A_PB1	2129	360	G	2	0	357	37.8935574229692
A_PB1	2130	361	A	1	0	360	38.225
A_PB1	2131	361	A	1	0	360	38.0111111111111
A_PB1	2132	360	T	2	0	360	38.35
A_PB1	2133	360	C	2	0	357	38.9131652661064
A_PB1	2134	361	T	1	0	360	39.2722222222222
A_PB1	2135	361	C	1	0	356	38.5112359550562
A_PB1	2136	346	T	16	0	344	38.2267441860465
A_PB1	2137	359	A	3	0	359	37.2228412256267
A_PB1	2138	360	G	2	0	358	37.9385474860335
A_PB1	2139	360	C	2	0	360	38.125
A_PB1	2140	377	A	1	0	377	37.9655172413793
A_PB1	2141	378	T	0	0	376	38.7446808510638
A_PB1	2142	378	G	0	0	377	39.2705570291777
A_PB1	2143	378	G	0	0	378	40.0026455026455
A_PB1	2144	378	T	0	0	377	39.3554376657825
A_PB1	2145	378	G	0	0	378	40.3359788359788
A_PB1	2146	378	G	0	0	378	40.515873015873
A_PB1	2147	377	A	1	0	377	39.9496021220159
A_PB1	2148	378	G	0	0	378	39.8544973544974
A_PB1	2149	378	G	0	0	378	39.8809523809524
A_PB1	2150	380	C	0	0	379	40.4591029023747
A_PB1	2151	380	C	0	0	379	39.44327176781
A_PB1	2152	381	A	0	0	380	40.5368421052632
A_PB1	2153	379	T	2	0	379	40.7097625329815
A_PB1	2154	379	G	2	0	378	38.6878306878307
A_PB1	2155	377	G	3	0	377	38.6445623342175
A_PB1	2156	379	T	1	0	379	38.5145118733509
A_PB1	2157	380	G	0	0	379	38.0976253298153
A_PB1	2158	380	T	0	0	379	38.712401055409
A_PB1	2159	378	C	2	0	375	38.3306666666667
A_PB1	2160	378	T	2	0	374	38.2032085561497
A_PB1	2161	378	A	2	0	378	35.1402116402116
A_PB1	2162	378	G	2	0	378	35.1798941798942
A_PB1	2163	378	G	2	0	378	34.9285714285714
A_PB1	2164	379	G	1	0	377	35.7957559681698
A_PB1	2165	379	C	2	0	377	35.8832891246684
A_PB1	2166	380	C	1	0	379	38.6675461741425
A_PB1	2167	380	C	1	0	380	38.4473684210526
A_PB1	2168	379	G	2	0	376	36.938829787234
A_PB1	2169	380	G	1	0	378	37.4550264550265
A_PB1	2170	381	A	0	0	380	37.9763157894737
A_PB1	2171	381	T	0	0	380	37.9815789473684
A_PB1	2172	381	T	0	0	375	38.448
A_PB1	2173	381	G	0	0	380	38.3078947368421
A_PB1	2174	381	A	0	0	380	38.0131578947368
A_PB1	2175	381	T	0	0	381	38.511811023622
A_PB1	2176	381	G	0	0	380	38.0078947368421
A_PB1	2177	380	C	1	0	379	38.3957783641161
A_PB1	2178	381	C	0	0	380	38.4342105263158
A_PB1	2179	381	A	0	0	378	37.7962962962963
A_PB1	2180	377	G	4	0	375	37.4986666666667
A_PB1	2181	381	A	0	0	379	37.6596306068602
A_PB1	2182	381	G	0	0	379	37.7941952506596
A_PB1	2183	381	T	0	0	380	37.9315789473684
A_PB1	2184	380	C	1	0	374	37.0775401069519
A_PB1	2185	380	G	1	0	376	36.0372340425532
A_PB1	2186	382	A	0	0	382	35.7801047120419
A_PB1	2187	382	C	0	0	379	36.2532981530343
A_PB1	2188	380	T	2	0	378	36.1878306878307
A_PB1	2189	381	T	1	0	381	36.8818897637795
A_PB1	2190	380	T	2	0	376	35.8510638297872
A_PB1	2191	377	G	5	0	367	34.4659400544959
A_PB1	2192	381	A	1	0	376	34.6755319148936
A_PB1	2193	380	G	2	0	380	34.6026315789474
A_PB1	2194	380	T	2	0	380	34.8868421052632
A_PB1	2195	379	C	3	0	375	35.2426666666667
A_PB1	2196	382	T	0	0	381	36.0892388451444
A_PB1	2197	380	G	2	0	378	35.3835978835979
A_PB1	2198	381	G	1	0	374	35.3262032085562
A_PB1	2199	382	A	0	0	382	34.9842931937173
A_PB1	2200	381	C	1	0	380	35.2921052631579
A_PB1	2201	377	G	5	0	371	33.8355795148248
A_PB1	2202	378	G	4	0	375	34.2026666666667
A_PB1	2203	380	A	2	0	379	33.6543535620053
A_PB1	2204	379	T	3	0	376	34.7712765957447
A_PB1	2205	379	T	3	0	379	36.2295514511873
A_PB1	2206	352	A	30	0	352	36.2869318181818
A_PB1	2207	356	A	26	0	355	34.5774647887324
A_PB1	2208	358	G	24	0	355	34.112676056338
A_PB1	2209	360	A	22	0	359	33.933147632312
A_PB1	2210	375	A	7	0	375	33.632
A_PB1	2211	374	A	8	0	373	34.3592493297587
A_PB1	2212	374	G	8	0	372	32.741935483871
A_PB1	2213	376	A	6	0	374	34.2673796791444
A_PB1	2214	375	A	7	0	372	36.3010752688172
A_PB1	2215	374	G	8	0	371	36.466307277628
A_PB1	2216	376	A	6	0	374	37.2994652406417
A_PB1	2217	377	A	5	0	377	37.9681697612732
A_PB1	2218	375	T	7	0	373	38.0134048257373
A_PB1	2219	364	T	18	0	363	37.9421487603306
A_PB1	2220	365	C	17	0	364	37.2527472527473
A_PB1	2221	378	T	4	0	376	37.1143617021277
A_PB1	2222	380	C	2	0	380	36.9184210526316
A_PB1	2223	376	T	6	0	375	37.44
A_PB1	2224	378	G	4	0	376	37.4601063829787
A_PB1	2225	380	A	2	0	379	38.6781002638522
A_PB1	2226	379	G	3	0	379	38.335092348285
A_PB1	2227	381	A	1	0	381	38.246719160105
A_PB1	2228	381	T	1	0	381	38.8188976377953
A_PB1	2229	381	C	1	0	380	38.0736842105263
A_PB1	2230	381	A	1	0	381	37.3333333333333
A_PB1	2231	381	T	1	0	380	37.8473684210526
A_PB1	2232	374	G	2	0	374	37.3235294117647
A_PB1	2233	376	A	0	0	375	38.0133333333333
A_PB1	2234	376	A	0	0	373	38.3458445040214
A_PB1	2235	376	G	0	0	370	38.9027027027027
A_PB1	2236	376	A	0	0	376	39.0585106382979
A_PB1	2237	375	T	0	0	374	39.2112299465241
A_PB1	2238	374	C	1	0	373	38.5603217158177
A_PB1	2239	373	T	2	0	372	38.8387096774194
A_PB1	2240	373	G	1	0	373	38.6916890080429
A_PB1	2241	373	T	1	0	373	38.739946380697
A_PB1	2242	373	T	1	0	373	38.5013404825737
A_PB1	2243	373	C	1	0	372	38.0430107526882
A_PB1	2244	372	C	1	0	369	38.5772357723577
A_PB1	2245	372	A	1	0	370	37.7675675675676
A_PB1	2246	372	C	1	0	372	37.6048387096774
A_PB1	2247	373	C	0	0	373	38.5764075067024
A_PB1	2248	373	A	0	0	373	38.514745308311
A_PB1	2249	373	T	0	0	372	38.5188172043011
A_PB1	2250	373	T	0	0	372	38.8010752688172
A_PB1	2251	370	G	2	0	370	37.7513513513514
A_PB1	2252	370	A	2	0	370	37.6189189189189
A_PB1	2253	367	A	4	0	365	37.7506849315068
A_PB1	2254	369	G	2	0	367	36.7683923705722
A_PB1	2255	371	A	0	0	370	36.7540540540541
A_PB1	2256	371	A	0	0	369	36.8644986449864
A_PB1	2257	371	C	0	0	368	36.3532608695652
A_PB1	2258	369	T	2	0	366	37.1939890710383
A_PB1	2259	369	C	2	0	365	37.1890410958904
A_PB1	2260	370	A	1	0	369	36.8644986449864
A_PB1	2261	369	G	1	0	366	36.4535519125683
A_PB1	2262	369	A	1	0	369	35.869918699187
A_PB1	2263	369	C	1	0	365	35.186301369863
A_PB1	2264	370	G	0	0	368	34.4728260869565
A_PB1	2265	370	G	0	0	370	34.5405405405405
A_PB1	2266	370	C	0	0	370	34.7351351351351
A_PB1	2267	370	A	0	0	370	35.3324324324324
A_PB1	2268	370	A	0	0	370	36.5945945945946
A_PB1	2269	369	A	0	0	369	38.2222222222222
A_PB1	2270	366	G	0	0	365	37.6520547945205
A_PB1	2271	366	A	0	0	366	38.2978142076503
A_PB1	2272	366	T	0	0	366	38.0327868852459
A_PB1	2273	365	A	0	0	365	37.6328767123288
A_PB1	2274	364	A	0	0	364	38.2225274725275
