Reference_Name	Position	Coverage Depth	Consensus	Deletions	Ambiguous	Consensus_Count	Consensus_Average_Quality
A_HA_H3	1	211	A	0	0	211	37.7014218009479
A_HA_H3	2	212	T	0	0	212	38.7122641509434
A_HA_H3	3	213	G	0	0	213	37.5633802816901
A_HA_H3	4	214	A	0	0	213	39.0704225352113
A_HA_H3	5	214	A	0	0	213	39.0328638497653
A_HA_H3	6	214	G	0	0	214	40.107476635514
A_HA_H3	7	214	G	0	0	214	39.5046728971963
A_HA_H3	8	214	C	0	0	213	39.7558685446009
A_HA_H3	9	214	T	0	0	213	39.5962441314554
A_HA_H3	10	214	A	0	0	214	38.9859813084112
A_HA_H3	11	214	T	0	0	214	40.2616822429907
A_HA_H3	12	214	C	0	0	213	39.3333333333333
A_HA_H3	13	214	A	0	0	213	40.1267605633803
A_HA_H3	14	214	T	0	0	214	40.1775700934579
A_HA_H3	15	214	T	0	0	214	40.2383177570093
A_HA_H3	16	214	G	0	0	214	40.1635514018692
A_HA_H3	17	214	C	0	0	212	40.2405660377358
A_HA_H3	18	214	T	0	0	213	41.4694835680751
A_HA_H3	19	214	T	0	0	213	41.906103286385
A_HA_H3	20	214	T	0	0	214	41.9345794392523
A_HA_H3	21	214	G	0	0	213	40.5258215962441
A_HA_H3	22	214	A	0	0	213	40.1267605633803
A_HA_H3	23	213	G	1	0	212	39.9433962264151
A_HA_H3	24	213	C	1	0	213	39.3145539906103
A_HA_H3	25	214	A	0	0	213	37.8262910798122
A_HA_H3	26	214	A	0	0	214	37.6214953271028
A_HA_H3	27	214	C	0	0	213	38.4553990610329
A_HA_H3	28	215	A	0	0	215	38.2790697674419
A_HA_H3	29	215	T	0	0	213	39.0422535211268
A_HA_H3	30	215	T	0	0	215	39.5627906976744
A_HA_H3	31	215	C	0	0	212	39.2688679245283
A_HA_H3	32	215	T	0	0	215	38.8976744186047
A_HA_H3	33	215	A	0	0	215	38.6279069767442
A_HA_H3	34	215	T	0	0	214	39.411214953271
A_HA_H3	35	214	G	1	0	214	39.4953271028037
A_HA_H3	36	215	T	0	0	213	39.4366197183099
A_HA_H3	37	214	C	1	0	210	37.1190476190476
A_HA_H3	38	215	T	0	0	213	37.2957746478873
A_HA_H3	39	215	T	0	0	214	37.214953271028
A_HA_H3	40	215	G	0	0	215	37.1720930232558
A_HA_H3	41	215	T	0	0	215	37.9627906976744
A_HA_H3	42	215	T	0	0	215	39.7674418604651
A_HA_H3	43	215	T	0	0	215	41.1767441860465
A_HA_H3	44	215	T	0	0	215	41.3860465116279
A_HA_H3	45	213	C	2	0	212	40.3915094339623
A_HA_H3	46	214	G	1	0	213	38.962441314554
A_HA_H3	47	214	C	1	0	212	37.561320754717
A_HA_H3	48	215	T	1	0	214	36.6822429906542
A_HA_H3	49	215	C	1	0	212	34.0990566037736
A_HA_H3	50	213	A	3	0	213	33.2957746478873
A_HA_H3	51	216	A	0	0	216	33.6851851851852
A_HA_H3	52	216	A	0	0	216	36.5046296296296
A_HA_H3	53	216	A	0	0	216	37.337962962963
A_HA_H3	54	216	A	0	0	216	41.5277777777778
A_HA_H3	55	216	A	0	0	216	41.5416666666667
A_HA_H3	56	216	T	0	0	216	42.1111111111111
A_HA_H3	57	215	A	1	0	215	40.3906976744186
A_HA_H3	58	216	C	1	0	216	40.4027777777778
A_HA_H3	59	217	C	0	0	217	38.6589861751152
A_HA_H3	60	217	T	0	0	217	38.3502304147465
A_HA_H3	61	217	G	0	0	217	37.258064516129
A_HA_H3	62	217	G	0	0	216	37.8796296296296
A_HA_H3	63	217	A	0	0	217	39.1566820276498
A_HA_H3	64	217	A	0	0	217	40.668202764977
A_HA_H3	65	217	A	0	0	216	41.4259259259259
A_HA_H3	66	217	T	0	0	216	42.1435185185185
A_HA_H3	67	217	G	0	0	213	41.3427230046948
A_HA_H3	68	217	A	0	0	217	41.1336405529954
A_HA_H3	69	217	C	0	0	217	40.3963133640553
A_HA_H3	70	217	A	0	0	217	38.3456221198157
A_HA_H3	71	217	A	0	0	217	39.0506912442396
A_HA_H3	72	217	T	0	0	217	39.0414746543779
A_HA_H3	73	217	A	0	0	215	39.2186046511628
A_HA_H3	74	217	G	0	0	217	39.36866359447
A_HA_H3	75	217	C	0	0	217	39.2027649769585
A_HA_H3	76	217	A	0	0	216	39.0416666666667
A_HA_H3	77	217	C	0	0	217	38.5944700460829
A_HA_H3	78	217	G	0	0	217	37.7926267281106
A_HA_H3	79	217	G	0	0	217	38.2165898617512
A_HA_H3	80	217	C	0	0	217	38.3870967741936
A_HA_H3	81	217	A	0	0	217	38.8294930875576
A_HA_H3	82	217	A	0	0	217	39.9723502304147
A_HA_H3	83	217	C	0	0	217	40.9907834101382
A_HA_H3	84	217	G	0	0	217	39.6129032258064
A_HA_H3	85	216	C	1	0	216	40.5787037037037
A_HA_H3	86	217	T	0	0	217	41.4700460829493
A_HA_H3	87	217	G	0	0	217	40.9907834101382
A_HA_H3	88	217	T	0	0	217	41.741935483871
A_HA_H3	89	217	G	0	0	217	41.4838709677419
A_HA_H3	90	217	C	0	0	216	41.9444444444444
A_HA_H3	91	217	C	0	0	216	41.5138888888889
A_HA_H3	92	217	T	0	0	216	41.7638888888889
A_HA_H3	93	217	T	0	0	216	40.8564814814815
A_HA_H3	94	216	G	1	0	215	39.246511627907
A_HA_H3	95	217	G	0	0	217	39.5115207373272
A_HA_H3	96	217	G	0	0	217	39.7972350230415
A_HA_H3	97	217	C	0	0	215	40.6279069767442
A_HA_H3	98	217	A	0	0	214	41.9018691588785
A_HA_H3	99	217	C	0	0	215	41.5488372093023
A_HA_H3	100	217	C	0	0	217	41.2304147465438
A_HA_H3	101	217	A	0	0	216	40.4675925925926
A_HA_H3	102	217	T	0	0	216	40.3518518518519
A_HA_H3	103	216	G	1	0	215	40.4744186046512
A_HA_H3	104	217	C	0	0	217	41.0645161290323
A_HA_H3	105	217	A	0	0	216	38.5740740740741
A_HA_H3	106	217	G	0	0	217	38.7096774193548
A_HA_H3	107	217	T	0	0	217	38.2995391705069
A_HA_H3	108	217	G	0	0	217	38.294930875576
A_HA_H3	109	217	C	0	0	217	39.4838709677419
A_HA_H3	110	217	C	0	0	217	39.8110599078341
A_HA_H3	111	217	A	0	0	216	38.6990740740741
A_HA_H3	112	217	A	0	0	217	38.8064516129032
A_HA_H3	113	217	A	0	0	217	39.4239631336406
A_HA_H3	114	217	C	0	0	217	38.4976958525346
A_HA_H3	115	217	G	0	0	217	39.3271889400922
A_HA_H3	116	217	G	0	0	217	40.9447004608295
A_HA_H3	117	217	A	0	0	217	41.5437788018433
A_HA_H3	118	217	A	0	0	217	40.7603686635945
A_HA_H3	119	217	C	0	0	217	40.5069124423963
A_HA_H3	120	216	G	1	0	216	39.4722222222222
A_HA_H3	121	216	A	1	0	216	39.9259259259259
A_HA_H3	122	216	T	1	0	216	40.2546296296296
A_HA_H3	123	216	A	1	0	215	39.753488372093
A_HA_H3	124	217	G	0	0	217	40.2534562211982
A_HA_H3	125	217	T	0	0	217	41.9677419354839
A_HA_H3	126	217	G	0	0	217	41.6958525345622
A_HA_H3	127	217	A	0	0	215	42.4325581395349
A_HA_H3	128	217	A	0	0	217	42.7373271889401
A_HA_H3	129	217	A	0	0	217	43.6635944700461
A_HA_H3	130	217	A	0	0	217	44.0092165898618
A_HA_H3	131	217	C	0	0	217	43.5529953917051
A_HA_H3	132	217	A	0	0	217	43.4239631336406
A_HA_H3	133	217	A	0	0	215	43.0093023255814
A_HA_H3	134	217	T	0	0	217	42.5760368663594
A_HA_H3	135	217	C	0	0	216	41.5046296296296
A_HA_H3	136	217	A	0	0	217	40.4377880184332
A_HA_H3	137	217	C	0	0	217	39.9585253456221
A_HA_H3	138	217	A	0	0	217	39.6912442396313
A_HA_H3	139	217	A	0	0	217	39.9447004608295
A_HA_H3	140	217	A	0	0	217	40.0322580645161
A_HA_H3	141	217	T	0	0	217	40.741935483871
A_HA_H3	142	217	G	0	0	217	41.6405529953917
A_HA_H3	143	217	A	0	0	216	41.6111111111111
A_HA_H3	144	217	C	0	0	217	42.3133640552995
A_HA_H3	145	217	C	0	0	217	40.9078341013825
A_HA_H3	146	217	G	0	0	217	40.0230414746544
A_HA_H3	147	217	A	0	0	217	40.0921658986175
A_HA_H3	148	216	A	1	0	215	40.1023255813953
A_HA_H3	149	216	T	1	0	216	40.3240740740741
A_HA_H3	150	216	T	1	0	216	40.1435185185185
A_HA_H3	151	216	G	1	0	216	40.7916666666667
A_HA_H3	152	216	A	1	0	216	40.9768518518519
A_HA_H3	153	216	G	1	0	216	40.6759259259259
A_HA_H3	154	216	G	1	0	215	40.2837209302326
A_HA_H3	155	216	T	1	0	216	41.3287037037037
A_HA_H3	156	217	T	0	0	217	41.1290322580645
A_HA_H3	157	217	A	0	0	217	40.3778801843318
A_HA_H3	158	217	C	0	0	216	41.0092592592593
A_HA_H3	159	217	T	0	0	216	39.7037037037037
A_HA_H3	160	217	A	0	0	217	39.3824884792627
A_HA_H3	161	217	A	0	0	216	39.6111111111111
A_HA_H3	162	217	T	0	0	216	40.2731481481481
A_HA_H3	163	217	G	0	0	215	40.8651162790698
A_HA_H3	164	216	C	1	0	214	41.4626168224299
A_HA_H3	165	217	T	0	0	216	42.3009259259259
A_HA_H3	166	217	A	0	0	217	41.0184331797235
A_HA_H3	167	216	C	1	0	213	38.8826291079812
A_HA_H3	168	217	T	0	0	216	38.1666666666667
A_HA_H3	169	217	G	0	0	215	37.2697674418605
A_HA_H3	170	217	A	0	0	216	37.25
A_HA_H3	171	217	G	0	0	216	36.6759259259259
A_HA_H3	172	217	T	0	0	215	39.446511627907
A_HA_H3	173	217	T	0	0	216	39.2962962962963
A_HA_H3	174	217	G	0	0	217	36.7235023041475
A_HA_H3	175	217	G	0	0	217	37.1290322580645
A_HA_H3	176	217	T	0	0	216	39.3796296296296
A_HA_H3	177	217	T	0	0	216	39.6342592592593
A_HA_H3	178	215	C	2	0	212	37.9056603773585
A_HA_H3	179	217	A	0	0	215	37.8837209302326
A_HA_H3	180	217	G	0	0	215	37.4604651162791
A_HA_H3	181	216	A	1	0	216	37.9166666666667
A_HA_H3	182	217	A	0	0	216	37.5555555555556
A_HA_H3	183	217	T	0	0	216	38.3240740740741
A_HA_H3	184	217	T	0	0	217	38.4884792626728
A_HA_H3	185	216	C	1	0	215	37.9116279069767
A_HA_H3	186	216	A	1	0	215	38.3209302325581
A_HA_H3	187	216	T	1	0	216	38.9490740740741
A_HA_H3	188	216	C	1	0	216	38.5648148148148
A_HA_H3	189	215	A	2	0	215	38.7906976744186
A_HA_H3	190	215	A	2	0	215	38.3581395348837
A_HA_H3	191	213	T	4	0	213	39.7887323943662
A_HA_H3	192	215	A	2	0	213	38.8967136150235
A_HA_H3	193	215	G	2	0	214	39.4532710280374
A_HA_H3	194	216	G	1	0	215	39.8651162790698
A_HA_H3	195	217	T	0	0	216	38.412037037037
A_HA_H3	196	217	A	0	0	216	37.9583333333333
A_HA_H3	197	218	A	0	0	218	39.4724770642202
A_HA_H3	198	218	A	0	0	218	39.4082568807339
A_HA_H3	199	218	A	0	0	217	40.4562211981567
A_HA_H3	200	218	T	0	0	217	41.7327188940092
A_HA_H3	201	217	A	1	0	216	42.1805555555556
A_HA_H3	202	217	T	1	0	216	41.5555555555556
A_HA_H3	203	216	G	2	0	214	41.0654205607477
A_HA_H3	204	213	C	5	0	210	40.7238095238095
A_HA_H3	205	217	A	1	0	217	39.2304147465438
A_HA_H3	206	218	A	0	0	218	40.105504587156
A_HA_H3	207	218	C	0	0	218	40.4587155963303
A_HA_H3	208	218	A	0	0	217	40.6036866359447
A_HA_H3	209	218	G	0	0	218	41.8394495412844
A_HA_H3	210	218	T	0	0	218	41.743119266055
A_HA_H3	211	217	C	1	0	217	41.6036866359447
A_HA_H3	212	218	C	0	0	217	41.7188940092166
A_HA_H3	213	218	T	0	0	218	42.348623853211
A_HA_H3	214	218	C	0	0	217	41.7281105990783
A_HA_H3	215	218	A	0	0	218	42.105504587156
A_HA_H3	216	218	T	0	0	218	42
A_HA_H3	217	218	C	0	0	218	40.9403669724771
A_HA_H3	218	217	A	1	0	217	41.4562211981567
A_HA_H3	219	218	G	0	0	218	40.6192660550459
A_HA_H3	220	218	A	0	0	218	40.5596330275229
A_HA_H3	221	218	T	0	0	218	39.9403669724771
A_HA_H3	222	218	C	0	0	216	39.1666666666667
A_HA_H3	223	218	C	0	0	217	38.963133640553
A_HA_H3	224	218	T	0	0	218	40.1559633027523
A_HA_H3	225	218	T	0	0	217	40.5760368663594
A_HA_H3	226	218	G	0	0	218	40.0183486238532
A_HA_H3	227	218	A	0	0	218	40.6330275229358
A_HA_H3	228	218	T	0	0	218	40.8394495412844
A_HA_H3	229	216	G	2	0	215	39.2279069767442
A_HA_H3	230	218	G	0	0	218	39.3807339449541
A_HA_H3	231	218	A	0	0	218	39.6467889908257
A_HA_H3	232	214	G	4	0	214	39.911214953271
A_HA_H3	233	218	G	0	0	218	40.2385321100917
A_HA_H3	234	217	G	1	0	216	40.7361111111111
A_HA_H3	235	217	A	1	0	216	38.6111111111111
A_HA_H3	236	218	A	0	0	218	38.9770642201835
A_HA_H3	237	218	C	0	0	218	39.6697247706422
A_HA_H3	238	217	T	1	0	216	39.6574074074074
A_HA_H3	239	216	G	2	0	215	39.3302325581395
A_HA_H3	240	216	C	2	0	216	39.287037037037
A_HA_H3	241	216	A	2	0	216	38.4166666666667
A_HA_H3	242	218	C	0	0	218	39.3853211009174
A_HA_H3	243	218	A	0	0	218	38.6743119266055
A_HA_H3	244	217	C	1	0	216	39.5925925925926
A_HA_H3	245	216	T	2	0	215	39.3302325581395
A_HA_H3	246	217	A	1	0	216	39.1203703703704
A_HA_H3	247	216	A	2	0	214	39.1542056074766
A_HA_H3	248	217	T	1	0	215	38.6697674418605
A_HA_H3	249	218	A	0	0	216	38.0925925925926
A_HA_H3	250	217	G	1	0	215	38.3302325581395
A_HA_H3	251	218	A	0	0	218	37.9908256880734
A_HA_H3	252	218	T	0	0	217	38.0552995391705
A_HA_H3	253	218	G	0	0	218	38.0504587155963
A_HA_H3	254	217	C	1	0	217	39.0184331797235
A_HA_H3	255	217	T	1	0	215	40.0186046511628
A_HA_H3	256	218	C	0	0	214	40.8551401869159
A_HA_H3	257	217	T	1	0	215	40.353488372093
A_HA_H3	258	217	A	1	0	216	38.8287037037037
A_HA_H3	259	218	T	0	0	217	38.9124423963134
A_HA_H3	260	218	T	0	0	218	38.8394495412844
A_HA_H3	261	216	G	2	0	215	37.8418604651163
A_HA_H3	262	218	G	0	0	218	38.0688073394495
A_HA_H3	263	218	G	0	0	218	39.5091743119266
A_HA_H3	264	218	G	0	0	218	41.0183486238532
A_HA_H3	265	218	G	0	0	216	42.5925925925926
A_HA_H3	266	218	A	0	0	218	42.1926605504587
A_HA_H3	267	218	C	0	0	218	41.3715596330275
A_HA_H3	268	216	C	2	0	215	41.1860465116279
A_HA_H3	269	216	C	2	0	216	41.125
A_HA_H3	270	216	T	2	0	215	40.2279069767442
A_HA_H3	271	218	C	0	0	216	38.1064814814815
A_HA_H3	272	218	A	0	0	217	36.8801843317972
A_HA_H3	273	217	G	1	0	217	36.4331797235023
A_HA_H3	274	217	T	1	0	217	37.036866359447
A_HA_H3	275	218	G	0	0	218	37.243119266055
A_HA_H3	276	218	T	0	0	218	40.3211009174312
A_HA_H3	277	218	G	0	0	216	41.462962962963
A_HA_H3	278	218	A	0	0	218	41.6238532110092
A_HA_H3	279	218	C	0	0	217	40.4746543778802
A_HA_H3	280	218	G	0	0	217	39.5023041474654
A_HA_H3	281	218	G	0	0	217	39.073732718894
A_HA_H3	282	218	C	0	0	218	38.9633027522936
A_HA_H3	283	217	T	1	0	217	39.2350230414747
A_HA_H3	284	218	T	0	0	218	39.8715596330275
A_HA_H3	285	218	T	0	0	218	41.5091743119266
A_HA_H3	286	217	C	1	0	217	38.7188940092166
A_HA_H3	287	218	A	0	0	218	38.8899082568807
A_HA_H3	288	218	G	0	0	218	38.3715596330275
A_HA_H3	289	218	A	0	0	218	39.0183486238532
A_HA_H3	290	218	A	0	0	217	39.5806451612903
A_HA_H3	291	218	T	0	0	217	40.9078341013825
A_HA_H3	292	217	A	1	0	216	40.1203703703704
A_HA_H3	293	218	A	0	0	218	39.3394495412844
A_HA_H3	294	217	G	1	0	217	41.6267281105991
A_HA_H3	295	217	G	1	0	217	41.6175115207373
A_HA_H3	296	218	A	0	0	218	41.5779816513761
A_HA_H3	297	218	A	0	0	218	42.4128440366973
A_HA_H3	298	218	T	0	0	218	43.1651376146789
A_HA_H3	299	217	G	1	0	215	42.5162790697674
A_HA_H3	300	218	G	0	0	217	42.3087557603687
A_HA_H3	301	218	G	0	0	217	41.5299539170507
A_HA_H3	302	218	A	0	0	217	40.1566820276498
A_HA_H3	303	218	C	0	0	217	39.7004608294931
A_HA_H3	304	218	C	0	0	215	38.1906976744186
A_HA_H3	305	214	T	4	0	213	37.0422535211268
A_HA_H3	306	217	T	1	0	217	36.0414746543779
A_HA_H3	307	218	T	0	0	218	37.3623853211009
A_HA_H3	308	218	T	0	0	217	37.8110599078341
A_HA_H3	309	218	T	0	0	217	36.8847926267281
A_HA_H3	310	218	G	0	0	217	35.6866359447005
A_HA_H3	311	217	T	1	0	216	37.3101851851852
A_HA_H3	312	218	T	0	0	218	37.9036697247706
A_HA_H3	313	218	G	0	0	217	39.2165898617512
A_HA_H3	314	218	A	0	0	217	40.5253456221198
A_HA_H3	315	218	A	0	0	217	42.0230414746544
A_HA_H3	316	218	C	0	0	218	42.6284403669725
A_HA_H3	317	218	G	0	0	213	41.5962441314554
A_HA_H3	318	216	A	2	0	216	41.3148148148148
A_HA_H3	319	218	A	0	0	217	41.4838709677419
A_HA_H3	320	218	G	0	0	218	40.9403669724771
A_HA_H3	321	218	C	0	0	217	40.8064516129032
A_HA_H3	322	218	A	0	0	218	41.9082568807339
A_HA_H3	323	218	G	0	0	217	40.9907834101382
A_HA_H3	324	218	A	0	0	218	40.9082568807339
A_HA_H3	325	218	G	0	0	218	40.6284403669725
A_HA_H3	326	217	C	0	0	217	40.4838709677419
A_HA_H3	327	217	C	0	0	217	40.7465437788018
A_HA_H3	328	217	A	0	0	217	41
A_HA_H3	329	217	A	0	0	217	41.4838709677419
A_HA_H3	330	217	C	0	0	217	41.5760368663594
A_HA_H3	331	217	A	0	0	216	42.0324074074074
A_HA_H3	332	217	G	0	0	216	42.1481481481481
A_HA_H3	333	217	C	0	0	217	42.668202764977
A_HA_H3	334	217	A	0	0	215	42.706976744186
A_HA_H3	335	217	G	0	0	216	41.8611111111111
A_HA_H3	336	217	C	0	0	216	42.1805555555556
A_HA_H3	337	216	T	1	0	216	41.4722222222222
A_HA_H3	338	216	G	1	0	216	40.3981481481481
A_HA_H3	339	215	T	2	0	215	40.6232558139535
A_HA_H3	340	216	T	1	0	216	40.2824074074074
A_HA_H3	341	216	A	1	0	216	39.0046296296296
A_HA_H3	342	216	C	1	0	216	39.9583333333333
A_HA_H3	343	217	C	0	0	217	40.258064516129
A_HA_H3	344	217	C	0	0	217	39.8571428571429
A_HA_H3	345	217	T	0	0	215	39.5860465116279
A_HA_H3	346	217	T	0	0	216	41.662037037037
A_HA_H3	347	217	A	0	0	217	38.1520737327189
A_HA_H3	348	217	T	0	0	215	37.4558139534884
A_HA_H3	349	217	G	0	0	215	38.5488372093023
A_HA_H3	350	217	A	0	0	216	39.287037037037
A_HA_H3	351	217	T	0	0	216	39.2314814814815
A_HA_H3	352	216	G	1	0	215	39.0418604651163
A_HA_H3	353	217	T	0	0	216	39.6990740740741
A_HA_H3	354	215	G	2	0	213	39.018779342723
A_HA_H3	355	217	C	0	0	215	39.6186046511628
A_HA_H3	356	216	C	1	0	213	38.7511737089202
A_HA_H3	357	214	G	3	0	213	37.1596244131455
A_HA_H3	358	215	A	2	0	214	37.3738317757009
A_HA_H3	359	214	A	3	0	212	38.0707547169811
A_HA_H3	360	213	T	4	0	213	38.093896713615
A_HA_H3	361	217	T	0	0	216	38.9444444444444
A_HA_H3	362	217	A	0	0	213	41.3051643192488
A_HA_H3	363	217	T	0	0	216	40.5787037037037
A_HA_H3	364	217	G	0	0	217	39.1658986175115
A_HA_H3	365	217	C	0	0	215	40.0372093023256
A_HA_H3	366	217	C	0	0	217	39.5437788018433
A_HA_H3	367	217	T	0	0	216	40.7268518518519
A_HA_H3	368	217	C	0	0	216	39.7222222222222
A_HA_H3	369	217	C	0	0	216	40.4444444444444
A_HA_H3	370	217	C	0	0	216	39.6203703703704
A_HA_H3	371	217	T	0	0	215	37.6325581395349
A_HA_H3	372	217	T	0	0	215	38.753488372093
A_HA_H3	373	216	A	1	0	214	36.6261682242991
A_HA_H3	374	217	G	0	0	216	36.5416666666667
A_HA_H3	375	217	G	0	0	216	36.9953703703704
A_HA_H3	376	217	T	0	0	217	39.8663594470046
A_HA_H3	377	217	C	0	0	216	40.3935185185185
A_HA_H3	378	217	A	0	0	217	40.5437788018433
A_HA_H3	379	217	C	0	0	215	41.4604651162791
A_HA_H3	380	217	T	0	0	215	42.2232558139535
A_HA_H3	381	217	A	0	0	216	39.8009259259259
A_HA_H3	382	217	G	0	0	217	39.5944700460829
A_HA_H3	383	217	T	0	0	216	39.9027777777778
A_HA_H3	384	217	T	0	0	217	39.5437788018433
A_HA_H3	385	217	G	0	0	216	38.8796296296296
A_HA_H3	386	216	C	1	0	216	40.2777777777778
A_HA_H3	387	217	C	0	0	217	39.36866359447
A_HA_H3	388	217	T	0	0	217	39.2857142857143
A_HA_H3	389	217	C	0	0	217	38.8248847926267
A_HA_H3	390	217	A	0	0	217	40.5161290322581
A_HA_H3	391	217	T	0	0	217	40.7972350230415
A_HA_H3	392	217	C	0	0	216	40.1018518518519
A_HA_H3	393	217	C	0	0	216	39.3888888888889
A_HA_H3	394	217	G	0	0	217	38.4562211981567
A_HA_H3	395	217	G	0	0	217	38.6774193548387
A_HA_H3	396	217	A	0	0	217	38.7741935483871
A_HA_H3	397	217	A	0	0	217	39.6175115207373
A_HA_H3	398	217	C	0	0	217	40.4700460829493
A_HA_H3	399	217	A	0	0	217	40.9216589861751
A_HA_H3	400	217	C	0	0	217	41.6820276497696
A_HA_H3	401	217	T	0	0	217	41.5299539170507
A_HA_H3	402	216	G	1	0	215	39.1767441860465
A_HA_H3	403	217	G	0	0	216	38.3472222222222
A_HA_H3	404	217	A	0	0	217	38.4239631336406
A_HA_H3	405	216	G	1	0	216	38.287037037037
A_HA_H3	406	215	T	2	0	215	38.4744186046512
A_HA_H3	407	217	T	0	0	215	37.7581395348837
A_HA_H3	408	217	T	0	0	217	37.9677419354839
A_HA_H3	409	217	A	0	0	216	36.3657407407407
A_HA_H3	410	217	A	0	0	216	36.4583333333333
A_HA_H3	411	217	A	0	0	216	39.5324074074074
A_HA_H3	412	217	G	0	0	216	39.4444444444444
A_HA_H3	413	217	A	0	0	216	40.2083333333333
A_HA_H3	414	217	T	0	0	217	40.9400921658986
A_HA_H3	415	217	G	0	0	217	39.0645161290323
A_HA_H3	416	216	A	1	0	215	38.8279069767442
A_HA_H3	417	216	A	1	0	216	39.9722222222222
A_HA_H3	418	217	A	0	0	217	40.1981566820277
A_HA_H3	419	217	G	0	0	215	40.3953488372093
A_HA_H3	420	217	C	0	0	216	38.5231481481481
A_HA_H3	421	217	T	0	0	215	38.5860465116279
A_HA_H3	422	216	T	1	0	216	38.1481481481481
A_HA_H3	423	216	C	1	0	216	35.8564814814815
A_HA_H3	424	217	A	0	0	217	33.1290322580645
A_HA_H3	425	217	A	0	0	217	33.4285714285714
A_HA_H3	426	216	T	1	0	216	32.9212962962963
A_HA_H3	427	216	T	1	0	216	34.1990740740741
A_HA_H3	428	216	G	1	0	215	36.2093023255814
A_HA_H3	429	216	G	1	0	214	36.803738317757
A_HA_H3	430	217	A	0	0	217	35.2626728110599
A_HA_H3	431	216	C	1	0	216	35.3564814814815
A_HA_H3	432	210	C	6	0	206	33.2815533980583
A_HA_H3	433	210	G	6	0	209	32.8373205741627
A_HA_H3	434	215	G	1	0	212	33.2735849056604
A_HA_H3	435	216	A	0	0	214	32.6728971962617
A_HA_H3	436	216	G	0	0	209	33.7942583732057
A_HA_H3	437	216	T	0	0	215	35.4976744186047
A_HA_H3	438	215	C	1	0	210	34.8047619047619
A_HA_H3	439	211	A	5	0	208	34.2740384615385
A_HA_H3	440	214	A	2	0	214	33.9299065420561
A_HA_H3	441	215	A	1	0	212	33.8066037735849
A_HA_H3	442	215	C	1	0	212	33.1037735849057
A_HA_H3	443	215	A	1	0	211	33.8056872037915
A_HA_H3	444	215	G	1	0	210	33.9095238095238
A_HA_H3	445	216	A	0	0	216	34.5694444444444
A_HA_H3	446	216	A	0	0	216	34.4814814814815
A_HA_H3	447	216	C	0	0	215	34.3581395348837
A_HA_H3	448	215	G	1	0	213	35.4600938967136
A_HA_H3	449	216	G	1	0	213	36.4225352112676
A_HA_H3	450	216	A	1	0	215	35.8
A_HA_H3	451	216	A	1	0	216	36.3148148148148
A_HA_H3	452	214	C	3	0	210	37.5047619047619
A_HA_H3	453	216	A	1	0	212	37.2122641509434
A_HA_H3	454	217	A	0	0	216	36.7962962962963
A_HA_H3	455	217	G	0	0	212	37.5
A_HA_H3	456	217	T	0	0	216	37.4166666666667
A_HA_H3	457	217	T	0	0	213	37.8638497652582
A_HA_H3	458	217	C	0	0	212	35.9575471698113
A_HA_H3	459	217	T	0	0	216	36.3009259259259
A_HA_H3	460	216	G	1	0	216	34.5509259259259
A_HA_H3	461	216	C	1	0	215	35.6
A_HA_H3	462	217	G	0	0	214	34.2990654205607
A_HA_H3	463	217	T	0	0	216	34.3518518518519
A_HA_H3	464	217	G	0	0	215	33.0325581395349
A_HA_H3	465	217	C	0	0	215	32.6511627906977
A_HA_H3	466	208	A	9	0	208	30.7115384615385
A_HA_H3	467	216	A	1	0	216	31.4259259259259
A_HA_H3	468	217	A	0	0	217	32.1889400921659
A_HA_H3	469	216	A	1	0	214	32.8878504672897
A_HA_H3	470	214	G	3	0	212	33.0330188679245
A_HA_H3	471	217	G	0	0	217	36.8617511520737
A_HA_H3	472	217	G	0	0	216	37.3194444444444
A_HA_H3	473	217	G	0	0	216	37.9768518518519
A_HA_H3	474	217	A	0	0	217	37.926267281106
A_HA_H3	475	217	T	0	0	216	38.6898148148148
A_HA_H3	476	217	C	0	0	217	38.3271889400922
A_HA_H3	477	217	T	0	0	217	39.9447004608295
A_HA_H3	478	217	A	0	0	217	38.9078341013825
A_HA_H3	479	216	G	1	0	216	40.0462962962963
A_HA_H3	480	216	T	1	0	216	39.6481481481481
A_HA_H3	481	217	A	0	0	217	40.2995391705069
A_HA_H3	482	217	A	0	0	216	41.1574074074074
A_HA_H3	483	217	T	0	0	217	40.3502304147465
A_HA_H3	484	217	A	0	0	217	38.9354838709677
A_HA_H3	485	217	G	0	0	216	37.6712962962963
A_HA_H3	486	198	T	19	0	197	38.4670050761421
A_HA_H3	487	213	T	4	0	212	36.25
A_HA_H3	488	217	T	0	0	217	39.2350230414747
A_HA_H3	489	216	T	1	0	216	37.7824074074074
A_HA_H3	490	216	T	1	0	216	38.0648148148148
A_HA_H3	491	216	T	1	0	216	40.625
A_HA_H3	492	216	T	1	0	213	40.6525821596244
A_HA_H3	493	216	A	1	0	216	38.1944444444444
A_HA_H3	494	216	G	1	0	213	38.3427230046948
A_HA_H3	495	216	T	1	0	212	38.5424528301887
A_HA_H3	496	216	A	1	0	216	38.1805555555556
A_HA_H3	497	216	G	1	0	216	38.2037037037037
A_HA_H3	498	216	A	1	0	216	38.6481481481481
A_HA_H3	499	217	T	0	0	216	39.2824074074074
A_HA_H3	500	217	T	0	0	216	39.5138888888889
A_HA_H3	501	217	A	0	0	217	38.4654377880184
A_HA_H3	502	217	A	0	0	217	39.668202764977
A_HA_H3	503	217	A	0	0	217	40.4700460829493
A_HA_H3	504	216	T	1	0	216	40.6064814814815
A_HA_H3	505	217	T	0	0	217	40.5299539170507
A_HA_H3	506	217	G	0	0	216	40.3518518518519
A_HA_H3	507	217	G	0	0	217	39.4193548387097
A_HA_H3	508	217	T	0	0	217	40.0967741935484
A_HA_H3	509	217	T	0	0	217	39.815668202765
A_HA_H3	510	217	G	0	0	217	39.5207373271889
A_HA_H3	511	217	A	0	0	217	39.5714285714286
A_HA_H3	512	217	C	0	0	217	40.3179723502304
A_HA_H3	513	217	C	0	0	217	40.6267281105991
A_HA_H3	514	217	A	0	0	217	40.8571428571429
A_HA_H3	515	217	G	0	0	216	39.8287037037037
A_HA_H3	516	216	C	1	0	216	38.6111111111111
A_HA_H3	517	216	T	1	0	216	37.4398148148148
A_HA_H3	518	217	T	0	0	216	36.1111111111111
A_HA_H3	519	211	A	6	0	211	34.6161137440758
A_HA_H3	520	216	A	1	0	216	35.1111111111111
A_HA_H3	521	216	A	1	0	216	37.2361111111111
A_HA_H3	522	217	A	0	0	216	37.7268518518519
A_HA_H3	523	217	A	0	0	217	43.4331797235023
A_HA_H3	524	217	A	0	0	217	43.2857142857143
A_HA_H3	525	217	C	0	0	217	41.7603686635945
A_HA_H3	526	217	A	0	0	217	40.2811059907834
A_HA_H3	527	217	T	0	0	217	41.0691244239631
A_HA_H3	528	217	A	0	0	217	40.2672811059908
A_HA_H3	529	217	T	0	0	217	40.1981566820277
A_HA_H3	530	217	A	0	0	217	38.36866359447
A_HA_H3	531	216	C	1	0	216	38.537037037037
A_HA_H3	532	217	C	0	0	217	39.4838709677419
A_HA_H3	533	217	C	0	0	217	39.3225806451613
A_HA_H3	534	217	A	0	0	217	37.2165898617512
A_HA_H3	535	217	G	0	0	217	37.7096774193548
A_HA_H3	536	217	C	0	0	217	38.073732718894
A_HA_H3	537	217	A	0	0	217	37.4608294930876
A_HA_H3	538	217	C	0	0	217	37.4838709677419
A_HA_H3	539	215	A	2	0	215	36.6790697674419
A_HA_H3	540	214	G	3	0	214	34.8598130841121
A_HA_H3	541	217	A	0	0	217	34.8202764976959
A_HA_H3	542	217	A	0	0	217	35.36866359447
A_HA_H3	543	217	C	0	0	217	36.4101382488479
A_HA_H3	544	217	G	0	0	217	35.6774193548387
A_HA_H3	545	217	T	0	0	217	37.6543778801843
A_HA_H3	546	217	G	0	0	217	37.2626728110599
A_HA_H3	547	218	A	0	0	217	36.8847926267281
A_HA_H3	548	218	C	0	0	218	36.9036697247706
A_HA_H3	549	218	T	0	0	218	37.6376146788991
A_HA_H3	550	218	A	0	0	218	38.454128440367
A_HA_H3	551	218	T	0	0	218	39.0412844036697
A_HA_H3	552	218	G	0	0	218	38.2385321100917
A_HA_H3	553	218	C	0	0	218	39.0137614678899
A_HA_H3	554	218	C	0	0	218	37.9174311926606
A_HA_H3	555	216	A	2	0	216	37.4953703703704
A_HA_H3	556	218	A	0	0	218	38.4862385321101
A_HA_H3	557	218	A	0	0	218	39.0550458715596
A_HA_H3	558	218	C	0	0	217	39.2626728110599
A_HA_H3	559	218	A	0	0	217	39.6221198156682
A_HA_H3	560	217	A	1	0	216	39.8472222222222
A_HA_H3	561	217	G	1	0	216	39.6388888888889
A_HA_H3	562	217	G	1	0	217	38.3870967741936
A_HA_H3	563	218	A	0	0	215	39.2883720930233
A_HA_H3	564	218	A	0	0	218	38.8256880733945
A_HA_H3	565	218	C	0	0	217	39.7926267281106
A_HA_H3	566	218	A	0	0	217	40.1935483870968
A_HA_H3	567	218	A	0	0	218	41.1376146788991
A_HA_H3	568	215	T	2	0	214	42.0607476635514
A_HA_H3	569	217	T	0	0	217	40.3640552995392
A_HA_H3	570	217	T	0	0	216	40.3842592592593
A_HA_H3	571	217	G	0	0	215	40.1395348837209
A_HA_H3	572	217	A	0	0	217	39.4654377880184
A_HA_H3	573	217	C	0	0	215	39.9627906976744
A_HA_H3	574	215	A	2	0	214	38.7289719626168
A_HA_H3	575	217	A	0	0	216	38.7222222222222
A_HA_H3	576	217	A	0	0	217	39.5391705069124
A_HA_H3	577	217	T	0	0	217	38.9953917050691
A_HA_H3	578	217	T	0	0	216	39.0138888888889
A_HA_H3	579	217	G	0	0	217	38.6635944700461
A_HA_H3	580	216	T	1	0	214	39.6728971962617
A_HA_H3	581	216	A	1	0	216	38.2453703703704
A_HA_H3	582	216	C	1	0	215	39.2093023255814
A_HA_H3	583	216	A	1	0	214	38.1308411214953
A_HA_H3	584	216	T	1	0	216	38.0648148148148
A_HA_H3	585	217	T	0	0	217	37.741935483871
A_HA_H3	586	217	T	0	0	216	37.6666666666667
A_HA_H3	587	211	G	6	0	211	34.9763033175355
A_HA_H3	588	216	G	1	0	216	36.2268518518519
A_HA_H3	589	217	G	0	0	216	36.7222222222222
A_HA_H3	590	217	G	0	0	217	37.3548387096774
A_HA_H3	591	217	G	0	0	217	40.2304147465438
A_HA_H3	592	217	G	0	0	214	39.696261682243
A_HA_H3	593	217	T	0	0	215	38.3395348837209
A_HA_H3	594	217	T	0	0	217	37.705069124424
A_HA_H3	595	217	C	0	0	217	37.2442396313364
A_HA_H3	596	217	A	0	0	216	37.3287037037037
A_HA_H3	597	217	T	0	0	217	37.4976958525346
A_HA_H3	598	217	C	0	0	216	35.7638888888889
A_HA_H3	599	216	A	1	0	214	35.392523364486
A_HA_H3	600	215	T	2	0	215	34.9674418604651
A_HA_H3	601	216	C	1	0	215	34.9162790697674
A_HA_H3	602	215	C	2	0	214	34.5327102803738
A_HA_H3	603	215	G	2	0	215	34.7720930232558
A_HA_H3	604	215	G	2	0	215	36.706976744186
A_HA_H3	605	216	A	1	0	216	36.0648148148148
A_HA_H3	606	216	T	1	0	216	35.7268518518519
A_HA_H3	607	216	A	1	0	215	35.6325581395349
A_HA_H3	608	216	C	1	0	216	34.8888888888889
A_HA_H3	609	216	G	1	0	215	34.2883720930233
A_HA_H3	610	216	G	1	0	215	33.6697674418605
A_HA_H3	611	216	A	1	0	216	34.4768518518519
A_HA_H3	612	216	C	1	0	216	35.0462962962963
A_HA_H3	613	216	A	1	0	216	36.6990740740741
A_HA_H3	614	215	A	2	0	212	37.6556603773585
A_HA_H3	615	214	G	3	0	210	37.4571428571429
A_HA_H3	616	216	A	1	0	212	37.4009433962264
A_HA_H3	617	216	A	1	0	215	37.446511627907
A_HA_H3	618	216	C	1	0	216	37.2638888888889
A_HA_H3	619	216	C	1	0	214	36.696261682243
A_HA_H3	620	217	A	0	0	214	35.9579439252336
A_HA_H3	621	217	A	0	0	217	36.1382488479263
A_HA_H3	622	217	T	0	0	217	36.6267281105991
A_HA_H3	623	217	T	0	0	217	35.9078341013825
A_HA_H3	624	217	C	0	0	217	34.9585253456221
A_HA_H3	625	217	T	0	0	217	36.5529953917051
A_HA_H3	626	216	C	1	0	214	34.9626168224299
A_HA_H3	627	217	C	0	0	217	34.3225806451613
A_HA_H3	628	217	C	0	0	217	33.8801843317972
A_HA_H3	629	216	T	1	0	215	34.3488372093023
A_HA_H3	630	217	G	0	0	217	35.0921658986175
A_HA_H3	631	215	T	2	0	215	39.5813953488372
A_HA_H3	632	216	T	1	0	216	39.8518518518519
A_HA_H3	633	216	T	1	0	216	39.9305555555556
A_HA_H3	634	215	G	2	0	215	36.4883720930233
A_HA_H3	635	217	C	0	0	217	37.331797235023
A_HA_H3	636	217	T	0	0	216	40.0833333333333
A_HA_H3	637	217	C	0	0	217	38.9124423963134
A_HA_H3	638	216	A	1	0	216	38.4166666666667
A_HA_H3	639	217	A	0	0	217	37.8940092165899
A_HA_H3	640	217	T	0	0	217	38.7235023041475
A_HA_H3	641	216	C	0	0	214	38.018691588785
A_HA_H3	642	216	A	0	0	214	37.3177570093458
A_HA_H3	643	216	T	0	0	216	37.7638888888889
A_HA_H3	644	216	C	0	0	216	35.7175925925926
A_HA_H3	645	214	A	2	0	214	36.0327102803738
A_HA_H3	646	214	G	2	0	213	36.2394366197183
A_HA_H3	647	214	G	2	0	214	36.088785046729
A_HA_H3	648	214	A	2	0	213	36.4788732394366
A_HA_H3	649	215	A	1	0	215	36.5767441860465
A_HA_H3	650	214	G	2	0	211	37.085308056872
A_HA_H3	651	213	A	3	0	212	37.2830188679245
A_HA_H3	652	214	A	2	0	214	36.8317757009346
A_HA_H3	653	214	T	2	0	214	36.7009345794393
A_HA_H3	654	214	C	2	0	214	35.8130841121495
A_HA_H3	655	216	A	0	0	213	36.2253521126761
A_HA_H3	656	216	C	0	0	213	36.6619718309859
A_HA_H3	657	216	A	0	0	214	36.3224299065421
A_HA_H3	658	213	G	3	0	212	35.9245283018868
A_HA_H3	659	213	T	3	0	210	36.3809523809524
A_HA_H3	660	214	A	2	0	212	35.8207547169811
A_HA_H3	661	213	T	3	0	212	35.438679245283
A_HA_H3	662	215	C	1	0	214	36.2757009345794
A_HA_H3	663	216	T	0	0	215	36.306976744186
A_HA_H3	664	216	A	0	0	212	35.7877358490566
A_HA_H3	665	216	C	0	0	215	36.6744186046512
A_HA_H3	666	215	C	1	0	213	36.8779342723005
A_HA_H3	667	214	A	2	0	213	36.9577464788732
A_HA_H3	668	214	A	2	0	213	37.3333333333333
A_HA_H3	669	216	A	0	0	214	38.4439252336449
A_HA_H3	670	216	A	0	0	216	39.0092592592593
A_HA_H3	671	215	G	1	0	214	39.196261682243
A_HA_H3	672	216	A	0	0	215	39.8790697674419
A_HA_H3	673	215	A	1	0	215	39.4976744186047
A_HA_H3	674	214	G	2	0	214	38.5700934579439
A_HA_H3	675	216	C	0	0	215	38.1488372093023
A_HA_H3	676	216	C	0	0	214	37.6401869158879
A_HA_H3	677	216	A	0	0	216	36.9490740740741
A_HA_H3	678	216	A	0	0	216	37.1759259259259
A_HA_H3	679	216	C	0	0	216	38.1064814814815
A_HA_H3	680	215	A	1	0	215	37.5162790697674
A_HA_H3	681	216	A	0	0	215	37.9023255813953
A_HA_H3	682	216	G	0	0	216	38.5324074074074
A_HA_H3	683	216	C	0	0	216	38.6898148148148
A_HA_H3	684	216	T	0	0	216	38.9490740740741
A_HA_H3	685	216	G	0	0	216	39.0833333333333
A_HA_H3	686	216	T	0	0	216	39.7546296296296
A_HA_H3	687	216	A	0	0	215	38.6883720930233
A_HA_H3	688	215	A	1	0	214	40.5607476635514
A_HA_H3	689	215	T	1	0	214	40.3224299065421
A_HA_H3	690	215	C	1	0	214	39.3224299065421
A_HA_H3	691	216	C	0	0	216	39.5740740740741
A_HA_H3	692	216	C	0	0	215	40.4
A_HA_H3	693	216	A	0	0	215	38.5627906976744
A_HA_H3	694	216	A	0	0	215	39.6744186046512
A_HA_H3	695	216	A	0	0	216	40.0092592592593
A_HA_H3	696	216	T	0	0	216	38.7962962962963
A_HA_H3	697	216	A	0	0	216	39.3796296296296
A_HA_H3	698	216	T	0	0	216	39.2685185185185
A_HA_H3	699	213	C	2	0	212	35.6556603773585
A_HA_H3	700	215	G	0	0	213	34.2441314553991
A_HA_H3	701	215	G	0	0	213	34.6713615023474
A_HA_H3	702	215	A	0	0	215	34.0325581395349
A_HA_H3	703	215	T	0	0	215	34.1906976744186
A_HA_H3	704	214	C	1	0	214	36.803738317757
A_HA_H3	705	215	T	0	0	213	38.0657276995305
A_HA_H3	706	215	A	0	0	215	37.0744186046512
A_HA_H3	707	215	G	0	0	214	37.5233644859813
A_HA_H3	708	215	A	0	0	214	37.5093457943925
A_HA_H3	709	214	C	1	0	212	39.0707547169811
A_HA_H3	710	215	C	0	0	214	38.2102803738318
A_HA_H3	711	215	C	0	0	214	39.0280373831776
A_HA_H3	712	214	A	1	0	213	38.1032863849765
A_HA_H3	713	214	G	1	0	213	39.6056338028169
A_HA_H3	714	215	A	0	0	214	40.714953271028
A_HA_H3	715	215	G	0	0	214	40.3364485981308
A_HA_H3	716	214	T	1	0	214	40.5093457943925
A_HA_H3	717	215	A	0	0	215	39.4697674418605
A_HA_H3	718	214	A	1	0	213	39.981220657277
A_HA_H3	719	214	G	1	0	214	39.4299065420561
A_HA_H3	720	214	G	1	0	214	39.0654205607477
A_HA_H3	721	214	G	1	0	214	40.2663551401869
A_HA_H3	722	214	A	1	0	214	39.7897196261682
A_HA_H3	723	214	T	1	0	214	39.8457943925234
A_HA_H3	724	215	A	0	0	215	40.1813953488372
A_HA_H3	725	215	T	0	0	215	41.7674418604651
A_HA_H3	726	213	C	2	0	213	41.6338028169014
A_HA_H3	727	215	C	0	0	215	41.5767441860465
A_HA_H3	728	215	C	0	0	215	41.446511627907
A_HA_H3	729	215	T	0	0	215	41.2372093023256
A_HA_H3	730	215	A	0	0	215	39.4558139534884
A_HA_H3	731	215	G	0	0	215	39.1023255813953
A_HA_H3	732	215	C	0	0	215	38.3209302325581
A_HA_H3	733	215	A	0	0	215	38.9906976744186
A_HA_H3	734	215	G	0	0	214	39.9205607476636
A_HA_H3	735	215	A	0	0	215	39.1767441860465
A_HA_H3	736	215	A	0	0	215	39.2
A_HA_H3	737	215	T	0	0	215	39.353488372093
A_HA_H3	738	215	A	0	0	215	39.3627906976744
A_HA_H3	739	215	A	0	0	214	40.1168224299065
A_HA_H3	740	214	G	1	0	214	40.2897196261682
A_HA_H3	741	215	C	0	0	214	40.1728971962617
A_HA_H3	742	215	A	0	0	214	40.0373831775701
A_HA_H3	743	215	T	0	0	215	40.6279069767442
A_HA_H3	744	215	C	0	0	213	39.7042253521127
A_HA_H3	745	215	T	0	0	214	39.8411214953271
A_HA_H3	746	215	A	0	0	215	39.753488372093
A_HA_H3	747	215	T	0	0	215	39.6
A_HA_H3	748	215	T	0	0	214	39.2943925233645
A_HA_H3	749	215	G	0	0	213	40.3380281690141
A_HA_H3	750	216	G	0	0	216	40.2916666666667
A_HA_H3	751	216	A	0	0	216	40.662037037037
A_HA_H3	752	216	C	0	0	215	41.0837209302326
A_HA_H3	753	216	A	0	0	216	40.4074074074074
A_HA_H3	754	216	A	0	0	216	41.0740740740741
A_HA_H3	755	216	T	0	0	213	41.3380281690141
A_HA_H3	756	216	A	0	0	216	39.0092592592593
A_HA_H3	757	215	G	1	0	214	38.5560747663551
A_HA_H3	758	213	T	3	0	212	37.0094339622642
A_HA_H3	759	216	A	0	0	212	35.4622641509434
A_HA_H3	760	216	A	0	0	215	36.0418604651163
A_HA_H3	761	216	A	0	0	216	38.0648148148148
A_HA_H3	762	216	A	0	0	216	38.25
A_HA_H3	763	216	C	0	0	216	39.287037037037
A_HA_H3	764	216	C	0	0	216	38.2685185185185
A_HA_H3	765	211	G	5	0	211	37.563981042654
A_HA_H3	766	216	G	0	0	216	38.2222222222222
A_HA_H3	767	216	G	0	0	213	38.5680751173709
A_HA_H3	768	216	A	0	0	214	39.1542056074766
A_HA_H3	769	216	G	0	0	214	40.7990654205607
A_HA_H3	770	216	A	0	0	216	41.2638888888889
A_HA_H3	771	216	C	0	0	215	41.0976744186047
A_HA_H3	772	216	A	0	0	216	40.5740740740741
A_HA_H3	773	216	T	0	0	214	41.3411214953271
A_HA_H3	774	216	A	0	0	215	40.9162790697674
A_HA_H3	775	216	C	0	0	215	41.3767441860465
A_HA_H3	776	215	T	1	0	215	40.9674418604651
A_HA_H3	777	216	T	0	0	216	40.5833333333333
A_HA_H3	778	216	T	0	0	216	41.7407407407407
A_HA_H3	779	216	T	0	0	216	41.1851851851852
A_HA_H3	780	216	G	0	0	216	38.2037037037037
A_HA_H3	781	216	A	0	0	216	40.8425925925926
A_HA_H3	782	216	T	0	0	216	41.6064814814815
A_HA_H3	783	216	T	0	0	216	40.8935185185185
A_HA_H3	784	216	A	0	0	216	40.7361111111111
A_HA_H3	785	216	A	0	0	216	41.1759259259259
A_HA_H3	786	216	C	0	0	216	40.8981481481481
A_HA_H3	787	216	A	0	0	216	39.9861111111111
A_HA_H3	788	216	G	0	0	216	40.3287037037037
A_HA_H3	789	216	C	0	0	216	39.9675925925926
A_HA_H3	790	216	A	0	0	216	38.6898148148148
A_HA_H3	791	216	C	0	0	215	39.0790697674419
A_HA_H3	792	215	A	1	0	215	36.646511627907
A_HA_H3	793	214	G	2	0	214	36.6028037383178
A_HA_H3	794	216	G	0	0	216	36.7222222222222
A_HA_H3	795	216	G	0	0	215	36.7348837209302
A_HA_H3	796	216	A	0	0	216	37.1388888888889
A_HA_H3	797	216	A	0	0	216	39.625
A_HA_H3	798	216	T	0	0	216	39.3194444444444
A_HA_H3	799	215	C	1	0	212	39.7688679245283
A_HA_H3	800	216	T	0	0	213	39.6384976525822
A_HA_H3	801	216	A	0	0	215	39.306976744186
A_HA_H3	802	216	A	0	0	215	39.3441860465116
A_HA_H3	803	216	T	0	0	214	38.0046728971963
A_HA_H3	804	216	T	0	0	215	38.0325581395349
A_HA_H3	805	216	G	0	0	216	37.9675925925926
A_HA_H3	806	215	C	1	0	215	38.7953488372093
A_HA_H3	807	215	T	1	0	215	39.1627906976744
A_HA_H3	808	216	C	0	0	215	39.3116279069767
A_HA_H3	809	216	C	0	0	216	39.1018518518519
A_HA_H3	810	216	T	0	0	216	38.3657407407407
A_HA_H3	811	212	A	4	0	212	36.311320754717
A_HA_H3	812	214	G	2	0	212	35.9198113207547
A_HA_H3	813	216	G	0	0	216	36.3611111111111
A_HA_H3	814	214	G	2	0	213	36.8169014084507
A_HA_H3	815	214	G	2	0	213	37.3192488262911
A_HA_H3	816	214	T	2	0	214	39.0280373831776
A_HA_H3	817	214	T	2	0	213	39.9718309859155
A_HA_H3	818	214	A	2	0	211	35.739336492891
A_HA_H3	819	213	C	3	0	211	34.957345971564
A_HA_H3	820	213	T	3	0	213	34.1784037558685
A_HA_H3	821	215	T	1	0	214	33.911214953271
A_HA_H3	822	216	C	0	0	216	32.4351851851852
A_HA_H3	823	214	A	2	0	214	33.3317757009346
A_HA_H3	824	215	A	1	0	215	35.3209302325581
A_HA_H3	825	216	A	0	0	215	37.4604651162791
A_HA_H3	826	216	A	0	0	216	38.7638888888889
A_HA_H3	827	216	T	0	0	216	38.6851851851852
A_HA_H3	828	216	A	0	0	214	34.892523364486
A_HA_H3	829	216	C	0	0	216	33.4768518518519
A_HA_H3	830	216	G	0	0	215	33.8279069767442
A_HA_H3	831	216	A	0	0	216	35.5277777777778
A_HA_H3	832	216	A	0	0	216	36.0324074074074
A_HA_H3	833	216	G	0	0	216	36.9212962962963
A_HA_H3	834	216	T	0	0	215	38.9348837209302
A_HA_H3	835	204	G	12	0	204	39.1372549019608
A_HA_H3	836	216	G	0	0	215	40.8279069767442
A_HA_H3	837	216	G	0	0	216	40.3333333333333
A_HA_H3	838	214	A	2	0	214	40.2943925233645
A_HA_H3	839	215	A	1	0	215	40.9441860465116
A_HA_H3	840	215	A	1	0	215	40.846511627907
A_HA_H3	841	215	A	1	0	214	41.6775700934579
A_HA_H3	842	215	G	1	0	215	41.7162790697674
A_HA_H3	843	214	C	2	0	213	41.2535211267606
A_HA_H3	844	215	T	1	0	213	40.6478873239437
A_HA_H3	845	215	C	1	0	213	38.7746478873239
A_HA_H3	846	216	A	1	0	215	38.2651162790698
A_HA_H3	847	217	A	0	0	216	38.4583333333333
A_HA_H3	848	217	T	0	0	215	38.8093023255814
A_HA_H3	849	217	A	0	0	215	38.9767441860465
A_HA_H3	850	216	A	1	0	216	40.6481481481481
A_HA_H3	851	216	T	1	0	215	41.1255813953488
A_HA_H3	852	217	G	0	0	217	39.7741935483871
A_HA_H3	853	217	A	0	0	216	39.6342592592593
A_HA_H3	854	217	G	0	0	216	39.0787037037037
A_HA_H3	855	217	A	0	0	216	39.4907407407407
A_HA_H3	856	217	T	0	0	217	39.3364055299539
A_HA_H3	857	217	C	0	0	216	39.8796296296296
A_HA_H3	858	215	A	2	0	215	40.0604651162791
A_HA_H3	859	216	G	1	0	216	40.287037037037
A_HA_H3	860	217	A	0	0	217	40.1382488479263
A_HA_H3	861	217	T	0	0	217	39.7465437788018
A_HA_H3	862	217	G	0	0	217	39.4239631336406
A_HA_H3	863	217	C	0	0	217	39.9354838709677
A_HA_H3	864	216	A	1	0	216	39.2731481481481
A_HA_H3	865	216	C	1	0	215	39.4418604651163
A_HA_H3	866	216	C	1	0	216	38.2268518518519
A_HA_H3	867	216	C	1	0	216	38.8796296296296
A_HA_H3	868	216	A	1	0	216	37.6712962962963
A_HA_H3	869	217	T	0	0	216	39.0648148148148
A_HA_H3	870	217	T	0	0	217	39.2488479262673
A_HA_H3	871	217	G	0	0	217	37.9124423963134
A_HA_H3	872	217	G	0	0	217	37.9216589861751
A_HA_H3	873	217	C	0	0	216	38.0601851851852
A_HA_H3	874	216	G	1	0	215	35.8976744186047
A_HA_H3	875	217	A	0	0	217	35.8617511520737
A_HA_H3	876	217	A	0	0	217	35.7972350230415
A_HA_H3	877	216	T	1	0	215	36.1348837209302
A_HA_H3	878	216	G	1	0	214	36.8130841121495
A_HA_H3	879	217	T	0	0	214	39.518691588785
A_HA_H3	880	215	A	2	0	215	37.506976744186
A_HA_H3	881	217	A	0	0	216	37.9722222222222
A_HA_H3	882	216	G	1	0	215	38.1488372093023
A_HA_H3	883	216	T	1	0	214	37.2757009345794
A_HA_H3	884	217	C	0	0	214	36.9766355140187
A_HA_H3	885	217	T	0	0	216	38.3796296296296
A_HA_H3	886	217	G	0	0	214	37.0934579439252
A_HA_H3	887	217	A	0	0	216	38.662037037037
A_HA_H3	888	217	A	0	0	216	38.7916666666667
A_HA_H3	889	217	T	0	0	217	39.5069124423963
A_HA_H3	890	217	G	0	0	217	39.8755760368664
A_HA_H3	891	217	C	0	0	217	41.6267281105991
A_HA_H3	892	217	A	0	0	217	41.2304147465438
A_HA_H3	893	217	T	0	0	217	40.4423963133641
A_HA_H3	894	217	C	0	0	217	39.2304147465438
A_HA_H3	895	217	A	0	0	217	39.5852534562212
A_HA_H3	896	217	C	0	0	217	38.852534562212
A_HA_H3	897	217	T	0	0	216	37.6851851851852
A_HA_H3	898	217	C	0	0	217	38.0322580645161
A_HA_H3	899	217	C	0	0	217	39.0184331797235
A_HA_H3	900	215	A	2	0	214	40.392523364486
A_HA_H3	901	217	A	0	0	217	41.0921658986175
A_HA_H3	902	217	A	0	0	217	41.7327188940092
A_HA_H3	903	217	T	0	0	216	40.6435185185185
A_HA_H3	904	217	G	0	0	217	41.1382488479263
A_HA_H3	905	217	G	0	0	215	41.2
A_HA_H3	906	217	A	0	0	217	40.4377880184332
A_HA_H3	907	217	A	0	0	217	40.6175115207373
A_HA_H3	908	217	G	0	0	216	40.3518518518519
A_HA_H3	909	217	C	0	0	216	39.8564814814815
A_HA_H3	910	217	A	0	0	217	38.0921658986175
A_HA_H3	911	216	T	1	0	216	39.1388888888889
A_HA_H3	912	216	T	1	0	216	38.7916666666667
A_HA_H3	913	216	C	1	0	216	37.5092592592593
A_HA_H3	914	216	C	1	0	216	38.087962962963
A_HA_H3	915	217	C	0	0	216	39.3657407407407
A_HA_H3	916	217	A	0	0	217	37.6820276497696
A_HA_H3	917	217	A	0	0	217	38.4470046082949
A_HA_H3	918	217	T	0	0	217	38.8755760368664
A_HA_H3	919	217	G	0	0	217	38.2995391705069
A_HA_H3	920	217	A	0	0	217	38.5944700460829
A_HA_H3	921	217	C	0	0	216	39.0231481481481
A_HA_H3	922	216	A	1	0	215	37.893023255814
A_HA_H3	923	217	A	0	0	217	38.294930875576
A_HA_H3	924	217	A	0	0	216	38.7685185185185
A_HA_H3	925	216	C	1	0	215	39.1395348837209
A_HA_H3	926	216	C	1	0	215	38.106976744186
A_HA_H3	927	217	G	0	0	214	38.9579439252336
A_HA_H3	928	217	T	0	0	217	38.668202764977
A_HA_H3	929	217	T	0	0	216	38.7453703703704
A_HA_H3	930	216	C	1	0	216	38.8888888888889
A_HA_H3	931	216	C	1	0	215	40.6232558139535
A_HA_H3	932	215	A	1	0	215	40.5348837209302
A_HA_H3	933	216	A	0	0	216	39.9953703703704
A_HA_H3	934	216	A	0	0	216	41.5462962962963
A_HA_H3	935	216	A	0	0	216	41.8101851851852
A_HA_H3	936	216	T	0	0	215	42.5953488372093
A_HA_H3	937	216	G	0	0	216	42.1342592592593
A_HA_H3	938	216	T	0	0	216	42.4259259259259
A_HA_H3	939	216	A	0	0	216	40.0740740740741
A_HA_H3	940	216	A	0	0	216	39.5787037037037
A_HA_H3	941	216	A	0	0	216	40.1990740740741
A_HA_H3	942	216	C	0	0	216	40.4398148148148
A_HA_H3	943	216	A	0	0	216	40.2592592592593
A_HA_H3	944	215	G	1	0	215	40.7674418604651
A_HA_H3	945	216	G	0	0	216	39.4212962962963
A_HA_H3	946	216	A	0	0	216	39.6203703703704
A_HA_H3	947	216	T	0	0	216	39.9861111111111
A_HA_H3	948	216	C	0	0	215	39.5906976744186
A_HA_H3	949	216	A	0	0	212	39.9009433962264
A_HA_H3	950	216	C	0	0	216	40.4259259259259
A_HA_H3	951	216	A	0	0	215	40.3813953488372
A_HA_H3	952	216	T	0	0	215	39.9906976744186
A_HA_H3	953	216	A	0	0	214	39.3317757009346
A_HA_H3	954	213	C	3	0	212	39.2264150943396
A_HA_H3	955	213	G	3	0	213	37.4131455399061
A_HA_H3	956	216	G	0	0	216	37.0046296296296
A_HA_H3	957	216	G	0	0	216	36.5462962962963
A_HA_H3	958	216	G	0	0	215	36.1906976744186
A_HA_H3	959	216	C	0	0	215	37.5302325581395
A_HA_H3	960	216	C	0	0	215	36.9720930232558
A_HA_H3	961	216	T	0	0	215	37.3441860465116
A_HA_H3	962	216	G	0	0	211	37.3222748815166
A_HA_H3	963	216	T	0	0	215	36.7860465116279
A_HA_H3	964	209	C	7	0	206	35.7233009708738
A_HA_H3	965	216	C	0	0	216	34.5972222222222
A_HA_H3	966	216	C	0	0	215	33.7209302325581
A_HA_H3	967	215	A	1	0	213	31.7370892018779
A_HA_H3	968	214	G	2	0	209	33.1674641148325
A_HA_H3	969	216	A	0	0	216	34.1944444444444
A_HA_H3	970	216	T	0	0	208	34.5144230769231
A_HA_H3	971	215	A	1	0	212	34.2877358490566
A_HA_H3	972	202	C	14	0	193	35.7616580310881
A_HA_H3	973	215	G	1	0	213	32.906103286385
A_HA_H3	974	211	T	5	0	208	33.8365384615385
A_HA_H3	975	215	T	1	0	214	33.4719626168224
A_HA_H3	976	213	A	3	0	209	32.7511961722488
A_HA_H3	977	216	A	0	0	215	35.1953488372093
A_HA_H3	978	216	G	0	0	215	37.4325581395349
A_HA_H3	979	216	C	0	0	215	38.6418604651163
A_HA_H3	980	216	A	0	0	215	37.6790697674419
A_HA_H3	981	216	A	0	0	216	38.9583333333333
A_HA_H3	982	215	A	1	0	215	39.1348837209302
A_HA_H3	983	215	G	1	0	214	39.303738317757
A_HA_H3	984	215	C	1	0	214	39.8644859813084
A_HA_H3	985	216	A	0	0	216	38.6018518518519
A_HA_H3	986	216	C	0	0	216	38.6064814814815
A_HA_H3	987	216	C	0	0	216	37.5462962962963
A_HA_H3	988	216	C	0	0	216	36.8657407407407
A_HA_H3	989	216	T	0	0	214	36.3457943925234
A_HA_H3	990	216	G	0	0	216	36.6574074074074
A_HA_H3	991	216	A	0	0	215	37.0558139534884
A_HA_H3	992	216	A	0	0	216	37.8796296296296
A_HA_H3	993	216	A	0	0	214	39.4485981308411
A_HA_H3	994	216	T	0	0	216	40.3888888888889
A_HA_H3	995	216	T	0	0	216	40.6666666666667
A_HA_H3	996	216	G	0	0	216	39.8888888888889
A_HA_H3	997	216	G	0	0	216	40.0092592592593
A_HA_H3	998	215	C	1	0	215	40.4372093023256
A_HA_H3	999	214	A	2	0	214	40.0747663551402
A_HA_H3	1000	215	A	1	0	215	39.493023255814
A_HA_H3	1001	216	C	0	0	216	39.3009259259259
A_HA_H3	1002	216	A	0	0	216	38.4305555555556
A_HA_H3	1003	216	G	0	0	216	39.2037037037037
A_HA_H3	1004	216	G	0	0	216	39.5
A_HA_H3	1005	215	A	1	0	215	40.1813953488372
A_HA_H3	1006	215	A	1	0	215	41.3953488372093
A_HA_H3	1007	214	T	1	0	214	41.981308411215
A_HA_H3	1008	214	G	1	0	214	41.3130841121495
A_HA_H3	1009	214	C	0	0	213	40.4976525821596
A_HA_H3	1010	214	G	0	0	214	38.6448598130841
A_HA_H3	1011	214	A	0	0	213	37.5774647887324
A_HA_H3	1012	214	A	0	0	214	37.8317757009346
A_HA_H3	1013	214	A	0	0	214	38.1261682242991
A_HA_H3	1014	214	T	0	0	214	39.5747663551402
A_HA_H3	1015	214	G	0	0	213	40.2863849765258
A_HA_H3	1016	214	T	0	0	214	40.4205607476636
A_HA_H3	1017	214	A	0	0	213	38.1596244131455
A_HA_H3	1018	213	C	1	0	212	37.9575471698113
A_HA_H3	1019	214	C	0	0	213	37.6056338028169
A_HA_H3	1020	214	T	0	0	214	36.5327102803738
A_HA_H3	1021	213	G	1	0	212	36.188679245283
A_HA_H3	1022	213	A	1	0	213	37.7464788732394
A_HA_H3	1023	214	G	0	0	213	38.5399061032864
A_HA_H3	1024	212	A	1	0	212	39.1320754716981
A_HA_H3	1025	214	A	0	0	214	40.3271028037383
A_HA_H3	1026	214	A	0	0	214	40.2990654205607
A_HA_H3	1027	214	C	0	0	214	39.714953271028
A_HA_H3	1028	214	A	0	0	214	38.9626168224299
A_HA_H3	1029	214	A	0	0	214	40.411214953271
A_HA_H3	1030	214	A	0	0	214	41.214953271028
A_HA_H3	1031	214	C	0	0	214	40.3271028037383
A_HA_H3	1032	214	C	0	0	211	40.2701421800948
A_HA_H3	1033	214	A	0	0	214	39.8317757009346
A_HA_H3	1034	214	G	0	0	214	39.4766355140187
A_HA_H3	1035	214	A	0	0	214	38.9065420560748
A_HA_H3	1036	214	G	0	0	214	38.5
A_HA_H3	1037	214	G	0	0	214	39.2056074766355
A_HA_H3	1038	214	C	0	0	214	39.5560747663551
A_HA_H3	1039	214	A	0	0	214	39.7570093457944
A_HA_H3	1040	214	T	0	0	214	40.5327102803738
A_HA_H3	1041	215	A	0	0	215	40.8837209302326
A_HA_H3	1042	215	T	0	0	215	42.106976744186
A_HA_H3	1043	215	T	0	0	215	42.5488372093023
A_HA_H3	1044	215	T	0	0	215	43.0046511627907
A_HA_H3	1045	215	G	0	0	215	42.0790697674419
A_HA_H3	1046	215	G	0	0	214	41.3364485981308
A_HA_H3	1047	215	T	0	0	215	40.9488372093023
A_HA_H3	1048	215	G	0	0	215	40.2744186046512
A_HA_H3	1049	215	C	0	0	215	40.293023255814
A_HA_H3	1050	214	A	1	0	214	39.9532710280374
A_HA_H3	1051	215	A	0	0	215	40.7674418604651
A_HA_H3	1052	215	T	0	0	214	41.2056074766355
A_HA_H3	1053	216	A	0	0	216	39.0046296296296
A_HA_H3	1054	214	G	2	0	214	39.8785046728972
A_HA_H3	1055	215	C	1	0	214	38.7289719626168
A_HA_H3	1056	216	G	0	0	215	37.106976744186
A_HA_H3	1057	216	G	0	0	216	36.7453703703704
A_HA_H3	1058	216	G	0	0	215	37.3395348837209
A_HA_H3	1059	216	T	0	0	215	37.7162790697674
A_HA_H3	1060	216	T	0	0	216	40.4398148148148
A_HA_H3	1061	216	T	0	0	216	39.712962962963
A_HA_H3	1062	216	C	0	0	215	38.5488372093023
A_HA_H3	1063	216	A	0	0	215	38.7023255813953
A_HA_H3	1064	216	T	0	0	216	38.3009259259259
A_HA_H3	1065	216	A	0	0	215	35.493023255814
A_HA_H3	1066	216	G	0	0	215	35.7860465116279
A_HA_H3	1067	214	A	2	0	214	35.9906542056075
A_HA_H3	1068	216	A	0	0	216	34.9259259259259
A_HA_H3	1069	216	A	0	0	216	32.3240740740741
A_HA_H3	1070	216	A	0	0	214	34.6542056074766
A_HA_H3	1071	216	T	0	0	216	37.2453703703704
A_HA_H3	1072	215	G	1	0	215	38.0651162790698
A_HA_H3	1073	215	G	1	0	215	39.6186046511628
A_HA_H3	1074	214	A	2	0	212	39.4575471698113
A_HA_H3	1075	214	T	2	0	213	39.8450704225352
A_HA_H3	1076	198	G	18	0	197	37.4467005076142
A_HA_H3	1077	216	G	0	0	216	38.6388888888889
A_HA_H3	1078	216	G	0	0	216	38.1203703703704
A_HA_H3	1079	217	A	0	0	217	38.2811059907834
A_HA_H3	1080	217	G	0	0	217	38.8018433179723
A_HA_H3	1081	217	G	0	0	217	38.4516129032258
A_HA_H3	1082	217	G	0	0	216	38.0138888888889
A_HA_H3	1083	217	A	0	0	215	37.2325581395349
A_HA_H3	1084	217	A	0	0	217	39.3179723502304
A_HA_H3	1085	216	T	1	0	216	39.6018518518519
A_HA_H3	1086	216	G	1	0	213	39.4413145539906
A_HA_H3	1087	216	G	1	0	215	39.8372093023256
A_HA_H3	1088	217	T	0	0	217	39.6958525345622
A_HA_H3	1089	214	G	3	0	213	37.8450704225352
A_HA_H3	1090	217	G	0	0	215	37.6651162790698
A_HA_H3	1091	217	A	0	0	217	37.2534562211982
A_HA_H3	1092	217	T	0	0	217	37.4792626728111
A_HA_H3	1093	217	G	0	0	216	37.2731481481481
A_HA_H3	1094	217	G	0	0	217	37.7649769585253
A_HA_H3	1095	217	T	0	0	217	38.4746543778802
A_HA_H3	1096	217	T	0	0	213	38.830985915493
A_HA_H3	1097	216	G	1	0	215	38.2186046511628
A_HA_H3	1098	217	G	0	0	215	38.8
A_HA_H3	1099	217	T	0	0	217	39.0552995391705
A_HA_H3	1100	217	A	0	0	217	37.8940092165899
A_HA_H3	1101	213	C	4	0	212	38.6981132075472
A_HA_H3	1102	214	G	3	0	211	35.8341232227488
A_HA_H3	1103	217	G	1	0	216	35.8796296296296
A_HA_H3	1104	218	T	0	0	217	35.7096774193548
A_HA_H3	1105	218	T	0	0	218	35.6100917431193
A_HA_H3	1106	218	T	0	0	217	36.4009216589862
A_HA_H3	1107	217	C	1	0	214	37.3504672897196
A_HA_H3	1108	218	A	0	0	217	37.8847926267281
A_HA_H3	1109	218	G	0	0	217	38.036866359447
A_HA_H3	1110	218	G	0	0	218	37.605504587156
A_HA_H3	1111	218	C	0	0	218	37.5137614678899
A_HA_H3	1112	218	A	0	0	218	36.4862385321101
A_HA_H3	1113	218	T	0	0	218	37.6146788990826
A_HA_H3	1114	218	C	0	0	217	37.2718894009217
A_HA_H3	1115	218	A	0	0	218	36.4495412844037
A_HA_H3	1116	218	A	0	0	218	35.2844036697248
A_HA_H3	1117	218	A	0	0	217	36.5806451612903
A_HA_H3	1118	218	A	0	0	218	36.1376146788991
A_HA_H3	1119	218	T	0	0	217	37.1198156682028
A_HA_H3	1120	218	T	0	0	218	38.7889908256881
A_HA_H3	1121	218	C	0	0	218	37.1788990825688
A_HA_H3	1122	217	T	1	0	217	37.6497695852535
A_HA_H3	1123	218	G	0	0	218	35.7477064220183
A_HA_H3	1124	218	A	0	0	217	35.7695852534562
A_HA_H3	1125	217	G	1	0	217	35.0967741935484
A_HA_H3	1126	218	G	0	0	218	35.9036697247706
A_HA_H3	1127	218	G	0	0	218	38.7064220183486
A_HA_H3	1128	218	A	0	0	217	37.5668202764977
A_HA_H3	1129	218	A	0	0	217	38.1981566820277
A_HA_H3	1130	218	G	0	0	218	37.9908256880734
A_HA_H3	1131	218	A	0	0	217	38.0092165898618
A_HA_H3	1132	218	G	0	0	217	38.0414746543779
A_HA_H3	1133	218	G	0	0	218	37.7477064220183
A_HA_H3	1134	218	A	0	0	216	37.9351851851852
A_HA_H3	1135	218	C	0	0	217	39.5990783410138
A_HA_H3	1136	218	A	0	0	217	39.4516129032258
A_HA_H3	1137	218	A	0	0	216	39.0833333333333
A_HA_H3	1138	218	G	0	0	216	38.962962962963
A_HA_H3	1139	218	C	0	0	218	38.3899082568807
A_HA_H3	1140	218	A	0	0	218	37.8211009174312
A_HA_H3	1141	218	G	0	0	218	38.1651376146789
A_HA_H3	1142	218	C	0	0	218	37.9128440366973
A_HA_H3	1143	218	A	0	0	218	37.7201834862385
A_HA_H3	1144	218	G	0	0	216	38.3611111111111
A_HA_H3	1145	218	A	0	0	217	39.3548387096774
A_HA_H3	1146	217	T	1	0	217	38.6082949308756
A_HA_H3	1147	219	C	0	0	217	38
A_HA_H3	1148	219	T	0	0	218	37.8623853211009
A_HA_H3	1149	218	C	1	0	217	36.9078341013825
A_HA_H3	1150	218	A	1	0	217	35.4377880184332
A_HA_H3	1151	218	A	1	0	218	34.4128440366973
A_HA_H3	1152	218	A	1	0	218	34.7981651376147
A_HA_H3	1153	218	A	1	0	217	34.3502304147465
A_HA_H3	1154	218	G	1	0	217	35.7557603686636
A_HA_H3	1155	218	C	1	0	218	37.5321100917431
A_HA_H3	1156	218	A	1	0	218	36.6605504587156
A_HA_H3	1157	217	C	2	0	217	36.9354838709677
A_HA_H3	1158	218	T	1	0	216	38.3981481481481
A_HA_H3	1159	218	C	1	0	214	37.9579439252336
A_HA_H3	1160	218	A	1	0	209	37.8038277511962
A_HA_H3	1161	219	A	0	0	218	38.3715596330275
A_HA_H3	1162	217	G	2	0	216	37.6759259259259
A_HA_H3	1163	219	C	0	0	218	38.1100917431193
A_HA_H3	1164	219	A	0	0	219	37.4474885844749
A_HA_H3	1165	218	G	1	0	218	38.2981651376147
A_HA_H3	1166	219	C	0	0	219	38.3744292237443
A_HA_H3	1167	219	A	0	0	218	38.4908256880734
A_HA_H3	1168	219	A	0	0	219	38.689497716895
A_HA_H3	1169	219	T	0	0	219	39.8219178082192
A_HA_H3	1170	219	C	0	0	217	37.2903225806452
A_HA_H3	1171	219	G	0	0	216	36.2824074074074
A_HA_H3	1172	219	A	0	0	219	35.8219178082192
A_HA_H3	1173	219	T	0	0	219	35.4977168949772
A_HA_H3	1174	219	C	0	0	219	34.8127853881279
A_HA_H3	1175	218	A	1	0	218	36.5183486238532
A_HA_H3	1176	219	A	0	0	219	36.4657534246575
A_HA_H3	1177	219	A	0	0	219	36.0091324200913
A_HA_H3	1178	219	T	0	0	219	36.5342465753425
A_HA_H3	1179	219	C	0	0	219	35.4748858447489
A_HA_H3	1180	218	A	1	0	218	35.6146788990826
A_HA_H3	1181	219	G	0	0	219	36.0958904109589
A_HA_H3	1182	219	T	0	0	219	35.8401826484018
A_HA_H3	1183	214	G	5	0	214	35.5140186915888
A_HA_H3	1184	219	G	0	0	219	37.6849315068493
A_HA_H3	1185	219	G	0	0	219	38.2648401826484
A_HA_H3	1186	219	A	0	0	219	38.7990867579909
A_HA_H3	1187	219	A	0	0	219	39.972602739726
A_HA_H3	1188	219	G	0	0	219	39.1461187214612
A_HA_H3	1189	220	C	0	0	219	39.703196347032
A_HA_H3	1190	220	T	0	0	218	38.651376146789
A_HA_H3	1191	220	G	0	0	219	37.5570776255708
A_HA_H3	1192	220	A	0	0	219	37.8356164383562
A_HA_H3	1193	220	A	0	0	220	37.8409090909091
A_HA_H3	1194	220	T	0	0	220	37.1090909090909
A_HA_H3	1195	220	C	0	0	216	34.9907407407407
A_HA_H3	1196	220	G	0	0	219	34.5159817351598
A_HA_H3	1197	220	A	0	0	220	34.2636363636364
A_HA_H3	1198	220	T	0	0	220	34.4909090909091
A_HA_H3	1199	220	T	0	0	219	35.1324200913242
A_HA_H3	1200	219	G	1	0	216	36.2175925925926
A_HA_H3	1201	220	A	0	0	220	36.4954545454545
A_HA_H3	1202	220	T	0	0	220	37.2363636363636
A_HA_H3	1203	219	C	1	0	216	34.412037037037
A_HA_H3	1204	220	G	0	0	220	33.2863636363636
A_HA_H3	1205	220	G	0	0	220	33.5727272727273
A_HA_H3	1206	214	A	6	0	213	33.7652582159624
A_HA_H3	1207	216	A	4	0	216	34.9212962962963
A_HA_H3	1208	217	A	3	0	216	38.4490740740741
A_HA_H3	1209	218	A	2	0	216	38.6712962962963
A_HA_H3	1210	218	A	2	0	217	38.5069124423963
A_HA_H3	1211	217	C	3	0	216	39.1666666666667
A_HA_H3	1212	217	C	3	0	212	39.0424528301887
A_HA_H3	1213	218	A	2	0	217	37.6820276497696
A_HA_H3	1214	220	A	0	0	219	38.4566210045662
A_HA_H3	1215	220	C	0	0	218	38.2614678899083
A_HA_H3	1216	220	G	0	0	216	38.3333333333333
A_HA_H3	1217	220	A	0	0	219	38.1324200913242
A_HA_H3	1218	220	G	0	0	218	39.1559633027523
A_HA_H3	1219	219	A	1	0	217	39.7096774193548
A_HA_H3	1220	220	A	0	0	219	40.4611872146119
A_HA_H3	1221	220	A	0	0	219	40.4611872146119
A_HA_H3	1222	219	T	1	0	217	40.6036866359447
A_HA_H3	1223	220	T	0	0	220	40.7454545454545
A_HA_H3	1224	219	C	1	0	219	40.2328767123288
A_HA_H3	1225	220	C	0	0	219	39.7808219178082
A_HA_H3	1226	220	A	0	0	220	39.1045454545455
A_HA_H3	1227	220	T	0	0	219	40.0639269406393
A_HA_H3	1228	220	C	0	0	220	38.95
A_HA_H3	1229	220	A	0	0	220	40
A_HA_H3	1230	220	G	0	0	219	39.7625570776256
A_HA_H3	1231	220	A	0	0	219	39.5022831050228
A_HA_H3	1232	220	T	0	0	220	38.7272727272727
A_HA_H3	1233	220	T	0	0	220	38.4045454545455
A_HA_H3	1234	220	G	0	0	220	37.2636363636364
A_HA_H3	1235	219	A	1	0	218	38.3394495412844
A_HA_H3	1236	219	A	1	0	219	39.4657534246575
A_HA_H3	1237	219	A	1	0	219	40.1187214611872
A_HA_H3	1238	220	A	0	0	220	40.0045454545455
A_HA_H3	1239	220	A	0	0	220	40.6818181818182
A_HA_H3	1240	219	G	1	0	219	40.9954337899543
A_HA_H3	1241	220	A	0	0	220	40.8181818181818
A_HA_H3	1242	220	A	0	0	220	40.6181818181818
A_HA_H3	1243	220	T	0	0	220	40.5181818181818
A_HA_H3	1244	220	T	0	0	220	40.1090909090909
A_HA_H3	1245	220	C	0	0	219	39.8767123287671
A_HA_H3	1246	220	T	0	0	220	39.5772727272727
A_HA_H3	1247	220	C	0	0	220	39.1318181818182
A_HA_H3	1248	219	A	1	0	219	39.1872146118721
A_HA_H3	1249	220	G	0	0	220	39.6363636363636
A_HA_H3	1250	220	A	0	0	220	39.9181818181818
A_HA_H3	1251	220	A	0	0	220	40.5863636363636
A_HA_H3	1252	220	G	0	0	220	40.2090909090909
A_HA_H3	1253	220	T	0	0	220	41.3863636363636
A_HA_H3	1254	220	A	0	0	220	39.3863636363636
A_HA_H3	1255	220	G	0	0	220	39.6090909090909
A_HA_H3	1256	220	A	0	0	219	39.4748858447489
A_HA_H3	1257	220	A	0	0	220	39.8409090909091
A_HA_H3	1258	220	G	0	0	220	40.2818181818182
A_HA_H3	1259	219	G	1	0	219	40.4200913242009
A_HA_H3	1260	219	A	1	0	219	41.1689497716895
A_HA_H3	1261	220	A	0	0	218	41.7018348623853
A_HA_H3	1262	220	G	0	0	218	41.394495412844
A_HA_H3	1263	220	A	0	0	220	41.3590909090909
A_HA_H3	1264	220	G	0	0	220	41.3227272727273
A_HA_H3	1265	220	T	0	0	220	41.2136363636364
A_HA_H3	1266	220	T	0	0	220	40.6136363636364
A_HA_H3	1267	220	C	0	0	218	38.8623853211009
A_HA_H3	1268	220	A	0	0	220	37.9545454545455
A_HA_H3	1269	220	A	0	0	220	37.4727272727273
A_HA_H3	1270	220	G	0	0	220	37.9090909090909
A_HA_H3	1271	220	A	0	0	220	37.9090909090909
A_HA_H3	1272	220	C	0	0	220	37.7909090909091
A_HA_H3	1273	220	C	0	0	219	36.8356164383562
A_HA_H3	1274	218	T	2	0	218	38.5091743119266
A_HA_H3	1275	220	T	0	0	220	40.0318181818182
A_HA_H3	1276	220	G	0	0	220	36.9090909090909
A_HA_H3	1277	218	A	2	0	218	37.197247706422
A_HA_H3	1278	219	G	1	0	219	39.5296803652968
A_HA_H3	1279	219	A	1	0	219	39.7762557077626
A_HA_H3	1280	220	A	0	0	220	40.4909090909091
A_HA_H3	1281	220	A	0	0	220	40.3727272727273
A_HA_H3	1282	220	T	0	0	219	40.2420091324201
A_HA_H3	1283	220	A	0	0	220	40.1818181818182
A_HA_H3	1284	220	T	0	0	218	40.5229357798165
A_HA_H3	1285	220	G	0	0	220	39.7818181818182
A_HA_H3	1286	217	T	3	0	217	39.7188940092166
A_HA_H3	1287	220	T	0	0	219	39.4429223744292
A_HA_H3	1288	220	G	0	0	219	37.7990867579909
A_HA_H3	1289	220	A	0	0	217	37.3364055299539
A_HA_H3	1290	220	G	0	0	219	36.9908675799087
A_HA_H3	1291	219	G	1	0	217	37.5852534562212
A_HA_H3	1292	219	A	1	0	219	38.2054794520548
A_HA_H3	1293	220	C	0	0	220	38.6136363636364
A_HA_H3	1294	220	A	0	0	220	37.3590909090909
A_HA_H3	1295	219	C	1	0	219	38.4748858447489
A_HA_H3	1296	220	T	0	0	220	38.5590909090909
A_HA_H3	1297	220	A	0	0	219	38.013698630137
A_HA_H3	1298	220	A	0	0	219	38.2876712328767
A_HA_H3	1299	220	A	0	0	219	38.7716894977169
A_HA_H3	1300	220	A	0	0	220	37.7681818181818
A_HA_H3	1301	220	T	0	0	218	38.394495412844
A_HA_H3	1302	220	A	0	0	220	38.3227272727273
A_HA_H3	1303	220	G	0	0	219	38.2922374429224
A_HA_H3	1304	220	A	0	0	219	38.2191780821918
A_HA_H3	1305	220	T	0	0	219	38.8173515981735
A_HA_H3	1306	220	C	0	0	218	38.0871559633027
A_HA_H3	1307	220	T	0	0	219	39.1826484018265
A_HA_H3	1308	220	C	0	0	220	38.2545454545455
A_HA_H3	1309	217	T	3	0	217	38.5622119815668
A_HA_H3	1310	218	G	2	0	218	38.1467889908257
A_HA_H3	1311	220	G	0	0	220	39.2681818181818
A_HA_H3	1312	220	T	0	0	218	38.9220183486239
A_HA_H3	1313	219	C	1	0	219	38.6940639269406
A_HA_H3	1314	219	A	1	0	218	38.4311926605505
A_HA_H3	1315	219	T	1	0	217	39.1290322580645
A_HA_H3	1316	219	A	1	0	219	37.4246575342466
A_HA_H3	1317	221	C	0	0	221	37.737556561086
A_HA_H3	1318	221	A	0	0	221	36.1402714932127
A_HA_H3	1319	221	A	0	0	220	36.8636363636364
A_HA_H3	1320	221	C	0	0	220	36.2545454545455
A_HA_H3	1321	221	G	0	0	218	33.6743119266055
A_HA_H3	1322	221	C	0	0	221	33.1266968325792
A_HA_H3	1323	217	G	4	0	215	34.5627906976744
A_HA_H3	1324	220	G	1	0	217	33.7834101382488
A_HA_H3	1325	221	A	0	0	220	34.4954545454545
A_HA_H3	1326	220	G	1	0	219	35.8356164383562
A_HA_H3	1327	219	C	2	0	217	36.3594470046083
A_HA_H3	1328	215	T	6	0	213	38.150234741784
A_HA_H3	1329	217	T	4	0	217	38.1935483870968
A_HA_H3	1330	218	C	3	0	218	36.8715596330275
A_HA_H3	1331	219	T	2	0	218	37.4633027522936
A_HA_H3	1332	221	T	0	0	221	37.4705882352941
A_HA_H3	1333	221	G	0	0	218	37.7064220183486
A_HA_H3	1334	221	T	0	0	221	36.5972850678733
A_HA_H3	1335	220	T	1	0	220	37.3636363636364
A_HA_H3	1336	219	G	2	0	219	37.6529680365297
A_HA_H3	1337	218	C	3	0	218	38.1834862385321
A_HA_H3	1338	219	C	2	0	219	39.1826484018265
A_HA_H3	1339	221	C	0	0	220	39.9727272727273
A_HA_H3	1340	221	T	0	0	221	39.3800904977376
A_HA_H3	1341	221	G	0	0	221	38.8009049773756
A_HA_H3	1342	221	G	0	0	220	39.5681818181818
A_HA_H3	1343	221	A	0	0	221	38.5067873303167
A_HA_H3	1344	221	G	0	0	221	38.3438914027149
A_HA_H3	1345	220	A	1	0	220	39.3909090909091
A_HA_H3	1346	221	A	0	0	218	39.1880733944954
A_HA_H3	1347	221	C	0	0	221	37.868778280543
A_HA_H3	1348	221	C	0	0	219	38.0091324200913
A_HA_H3	1349	221	A	0	0	219	38.9817351598174
A_HA_H3	1350	221	A	0	0	221	39.1402714932127
A_HA_H3	1351	221	C	0	0	219	39.1963470319635
A_HA_H3	1352	221	A	0	0	221	39.9502262443439
A_HA_H3	1353	221	T	0	0	217	40.1336405529954
A_HA_H3	1354	221	A	0	0	221	39.2669683257919
A_HA_H3	1355	221	C	0	0	221	39.0588235294118
A_HA_H3	1356	221	G	0	0	219	37.1324200913242
A_HA_H3	1357	221	A	0	0	221	37.4705882352941
A_HA_H3	1358	220	T	1	0	220	37.9454545454545
A_HA_H3	1359	220	T	1	0	218	38.1284403669725
A_HA_H3	1360	220	G	1	0	218	38.1559633027523
A_HA_H3	1361	220	A	1	0	220	39.5863636363636
A_HA_H3	1362	220	C	1	0	219	40.1735159817352
A_HA_H3	1363	220	C	1	0	220	39.0863636363636
A_HA_H3	1364	221	T	0	0	221	38.579185520362
A_HA_H3	1365	221	A	0	0	221	38.1538461538462
A_HA_H3	1366	221	A	0	0	221	38.4343891402715
A_HA_H3	1367	221	C	0	0	220	39.0727272727273
A_HA_H3	1368	221	T	0	0	219	39.8949771689498
A_HA_H3	1369	221	G	0	0	219	40.7488584474886
A_HA_H3	1370	220	A	1	0	220	40.5772727272727
A_HA_H3	1371	221	C	0	0	221	40.3574660633484
A_HA_H3	1372	220	T	1	0	218	40.348623853211
A_HA_H3	1373	221	C	0	0	219	39.5753424657534
A_HA_H3	1374	221	A	0	0	221	39.2081447963801
A_HA_H3	1375	221	G	0	0	221	39.7511312217195
A_HA_H3	1376	221	A	0	0	221	41.579185520362
A_HA_H3	1377	221	A	0	0	221	42.8642533936652
A_HA_H3	1378	221	A	0	0	221	42.8054298642534
A_HA_H3	1379	221	T	0	0	221	43.4117647058824
A_HA_H3	1380	221	G	0	0	218	41.3256880733945
A_HA_H3	1381	221	A	0	0	221	41.2217194570136
A_HA_H3	1382	221	A	0	0	221	41.2217194570136
A_HA_H3	1383	221	C	0	0	220	40.9181818181818
A_HA_H3	1384	221	A	0	0	221	40.6470588235294
A_HA_H3	1385	221	A	0	0	221	41.6561085972851
A_HA_H3	1386	221	G	0	0	221	41.3031674208145
A_HA_H3	1387	221	C	0	0	221	40.4660633484163
A_HA_H3	1388	221	T	0	0	221	40.6606334841629
A_HA_H3	1389	221	G	0	0	220	40.7772727272727
A_HA_H3	1390	221	T	0	0	221	40.8552036199095
A_HA_H3	1391	221	T	0	0	221	39.6877828054299
A_HA_H3	1392	221	T	0	0	221	40.3619909502262
A_HA_H3	1393	221	G	0	0	220	37.4863636363636
A_HA_H3	1394	216	A	5	0	216	37.8425925925926
A_HA_H3	1395	221	A	0	0	221	37.4524886877828
A_HA_H3	1396	221	A	0	0	221	38.5882352941176
A_HA_H3	1397	221	A	0	0	220	39.8454545454545
A_HA_H3	1398	221	A	0	0	221	43.1402714932127
A_HA_H3	1399	221	A	0	0	221	43.2805429864253
A_HA_H3	1400	221	C	0	0	221	42.3348416289593
A_HA_H3	1401	218	A	3	0	218	39.7522935779817
A_HA_H3	1402	221	A	0	0	221	39.8325791855204
A_HA_H3	1403	221	A	0	0	221	40.737556561086
A_HA_H3	1404	221	G	0	0	218	40.697247706422
A_HA_H3	1405	221	A	0	0	221	42.5203619909502
A_HA_H3	1406	221	A	0	0	221	41.9457013574661
A_HA_H3	1407	221	G	0	0	220	41.6590909090909
A_HA_H3	1408	221	C	0	0	221	40.0135746606335
A_HA_H3	1409	220	A	1	0	219	39.4246575342466
A_HA_H3	1410	220	A	1	0	219	40.8630136986301
A_HA_H3	1411	220	C	1	0	218	42.1146788990826
A_HA_H3	1412	221	T	0	0	221	41.7828054298643
A_HA_H3	1413	221	G	0	0	220	40.6
A_HA_H3	1414	220	A	1	0	219	40.5479452054795
A_HA_H3	1415	218	G	3	0	218	40.1834862385321
A_HA_H3	1416	220	G	1	0	220	40.0136363636364
A_HA_H3	1417	219	G	2	0	219	39.7305936073059
A_HA_H3	1418	218	A	3	0	218	39.1926605504587
A_HA_H3	1419	221	A	0	0	221	40.2443438914027
A_HA_H3	1420	221	A	0	0	221	40.868778280543
A_HA_H3	1421	221	A	0	0	221	41.5248868778281
A_HA_H3	1422	221	T	0	0	221	41.9411764705882
A_HA_H3	1423	221	G	0	0	221	41.814479638009
A_HA_H3	1424	221	C	0	0	220	41.2454545454545
A_HA_H3	1425	221	T	0	0	221	41.7918552036199
A_HA_H3	1426	221	G	0	0	221	39.2669683257919
A_HA_H3	1427	221	A	0	0	221	37.0090497737557
A_HA_H3	1428	221	G	0	0	221	37.1628959276018
A_HA_H3	1429	221	G	0	0	221	38.8235294117647
A_HA_H3	1430	221	A	0	0	220	40.2727272727273
A_HA_H3	1431	220	T	1	0	220	39.6681818181818
A_HA_H3	1432	220	A	1	0	220	40.8318181818182
A_HA_H3	1433	220	T	1	0	220	41.6454545454545
A_HA_H3	1434	219	G	2	0	219	40.5114155251142
A_HA_H3	1435	220	G	1	0	219	40.8904109589041
A_HA_H3	1436	220	G	1	0	220	39.7363636363636
A_HA_H3	1437	220	A	1	0	220	40.4
A_HA_H3	1438	220	A	1	0	220	42.0909090909091
A_HA_H3	1439	219	A	1	0	219	42.6438356164384
A_HA_H3	1440	219	T	1	0	219	42.2831050228311
A_HA_H3	1441	219	G	1	0	219	41.8584474885845
A_HA_H3	1442	219	G	1	0	219	41.2648401826484
A_HA_H3	1443	219	T	1	0	219	41.1232876712329
A_HA_H3	1444	220	T	1	0	219	40.8767123287671
A_HA_H3	1445	219	G	2	0	217	40.8755760368664
A_HA_H3	1446	218	T	3	0	217	41.3087557603687
A_HA_H3	1447	220	T	1	0	220	40.7
A_HA_H3	1448	220	T	1	0	220	41.0181818181818
A_HA_H3	1449	220	C	1	0	218	37.8577981651376
A_HA_H3	1450	220	A	1	0	220	39.4318181818182
A_HA_H3	1451	220	A	1	0	220	39.0590909090909
A_HA_H3	1452	220	A	1	0	219	40.1141552511416
A_HA_H3	1453	220	A	1	0	219	41.5479452054795
A_HA_H3	1454	220	T	1	0	220	42.1227272727273
A_HA_H3	1455	219	A	2	0	218	42.1422018348624
A_HA_H3	1456	220	T	1	0	220	41.4954545454545
A_HA_H3	1457	220	A	1	0	218	40.3073394495413
A_HA_H3	1458	220	C	1	0	220	39.1772727272727
A_HA_H3	1459	220	C	1	0	220	38.8136363636364
A_HA_H3	1460	220	A	1	0	220	38.8272727272727
A_HA_H3	1461	221	C	1	0	221	38.7692307692308
A_HA_H3	1462	221	A	1	0	221	39.5294117647059
A_HA_H3	1463	221	A	1	0	221	40.3710407239819
A_HA_H3	1464	221	A	1	0	221	41.6334841628959
A_HA_H3	1465	221	T	1	0	221	41.5158371040724
A_HA_H3	1466	221	G	1	0	221	41.8506787330317
A_HA_H3	1467	221	T	1	0	221	42.185520361991
A_HA_H3	1468	221	G	1	0	221	40.6289592760181
A_HA_H3	1469	221	A	1	0	221	40.6787330316742
A_HA_H3	1470	220	C	2	0	219	40.041095890411
A_HA_H3	1471	220	A	2	0	220	39.4
A_HA_H3	1472	220	A	2	0	220	39.3
A_HA_H3	1473	219	T	3	0	219	39.8219178082192
A_HA_H3	1474	220	G	2	0	219	39.7808219178082
A_HA_H3	1475	220	C	2	0	220	40.3136363636364
A_HA_H3	1476	221	C	1	0	220	40.6136363636364
A_HA_H3	1477	222	T	0	0	220	41.2045454545455
A_HA_H3	1478	222	G	0	0	220	40.9090909090909
A_HA_H3	1479	222	C	0	0	222	40.4954954954955
A_HA_H3	1480	221	A	1	0	221	40.6289592760181
A_HA_H3	1481	221	T	1	0	220	40.8590909090909
A_HA_H3	1482	222	A	0	0	221	38.7466063348416
A_HA_H3	1483	222	G	0	0	220	39.9818181818182
A_HA_H3	1484	222	G	0	0	222	39.4009009009009
A_HA_H3	1485	222	A	0	0	222	40.2117117117117
A_HA_H3	1486	222	T	0	0	222	40.3783783783784
A_HA_H3	1487	222	C	0	0	218	39.302752293578
A_HA_H3	1488	222	A	0	0	220	38.9681818181818
A_HA_H3	1489	221	A	1	0	221	38.7556561085973
A_HA_H3	1490	221	T	1	0	221	37.9638009049774
A_HA_H3	1491	220	A	2	0	219	37.8036529680365
A_HA_H3	1492	221	A	1	0	221	38.262443438914
A_HA_H3	1493	221	G	1	0	221	38.5203619909502
A_HA_H3	1494	221	A	1	0	221	38.8597285067873
A_HA_H3	1495	222	A	0	0	221	40.10407239819
A_HA_H3	1496	222	A	0	0	221	42.0090497737557
A_HA_H3	1497	222	T	0	0	222	41.1351351351351
A_HA_H3	1498	221	G	1	0	220	40.4636363636364
A_HA_H3	1499	219	A	3	0	219	41.0684931506849
A_HA_H3	1500	222	A	0	0	220	42.7590909090909
A_HA_H3	1501	222	A	0	0	222	42.463963963964
A_HA_H3	1502	222	C	0	0	220	42.8454545454545
A_HA_H3	1503	221	T	1	0	221	42.3122171945701
A_HA_H3	1504	222	T	0	0	222	42.0900900900901
A_HA_H3	1505	223	A	0	0	222	40.9189189189189
A_HA_H3	1506	223	T	0	0	223	40.4394618834081
A_HA_H3	1507	223	G	0	0	223	40.2735426008969
A_HA_H3	1508	223	A	0	0	223	40.8565022421525
A_HA_H3	1509	223	C	0	0	223	40.1928251121076
A_HA_H3	1510	223	C	0	0	223	40.5201793721973
A_HA_H3	1511	223	A	0	0	223	40.1031390134529
A_HA_H3	1512	223	C	0	0	221	40.3800904977376
A_HA_H3	1513	223	A	0	0	223	39.457399103139
A_HA_H3	1514	223	A	0	0	223	39.1031390134529
A_HA_H3	1515	221	T	2	0	221	39.972850678733
A_HA_H3	1516	221	G	2	0	221	39.8823529411765
A_HA_H3	1517	222	T	1	0	222	40.1126126126126
A_HA_H3	1518	222	G	1	0	222	40.0675675675676
A_HA_H3	1519	222	T	1	0	221	40.8642533936652
A_HA_H3	1520	222	A	1	0	222	39.9324324324324
A_HA_H3	1521	223	C	0	0	223	40.3363228699552
A_HA_H3	1522	220	A	3	0	219	39.2922374429224
A_HA_H3	1523	223	G	0	0	221	40.0995475113122
A_HA_H3	1524	223	G	0	0	222	40.0900900900901
A_HA_H3	1525	224	G	0	0	224	40.0625
A_HA_H3	1526	224	A	0	0	224	39.8348214285714
A_HA_H3	1527	224	T	0	0	222	41.3198198198198
A_HA_H3	1528	224	G	0	0	223	40.6547085201794
A_HA_H3	1529	224	A	0	0	223	41.0762331838565
A_HA_H3	1530	223	A	1	0	222	41.6981981981982
A_HA_H3	1531	223	G	1	0	222	41.963963963964
A_HA_H3	1532	224	C	0	0	221	42.0950226244344
A_HA_H3	1533	224	A	0	0	224	40.7321428571429
A_HA_H3	1534	224	T	0	0	224	40.5178571428571
A_HA_H3	1535	224	T	0	0	223	39.1300448430493
A_HA_H3	1536	224	A	0	0	224	38.25
A_HA_H3	1537	223	A	1	0	222	39.1261261261261
A_HA_H3	1538	223	A	1	0	223	39.2286995515695
A_HA_H3	1539	223	C	1	0	221	39.9502262443439
A_HA_H3	1540	224	A	0	0	223	39.9596412556054
A_HA_H3	1541	223	A	1	0	223	40.1076233183856
A_HA_H3	1542	223	C	1	0	223	40.4977578475336
A_HA_H3	1543	223	C	1	0	219	39.5433789954338
A_HA_H3	1544	223	G	1	0	222	37.8468468468468
A_HA_H3	1545	224	G	0	0	223	38.6547085201794
A_HA_H3	1546	224	T	0	0	224	37.8705357142857
A_HA_H3	1547	224	T	0	0	223	37.8609865470852
A_HA_H3	1548	223	C	1	0	221	37.4117647058824
A_HA_H3	1549	223	C	1	0	222	38.9279279279279
A_HA_H3	1550	224	A	0	0	220	38.6545454545455
A_HA_H3	1551	224	G	0	0	221	38.1990950226244
A_HA_H3	1552	224	A	0	0	223	38.7533632286995
A_HA_H3	1553	224	T	0	0	223	39.695067264574
A_HA_H3	1554	222	C	2	0	221	39.8009049773756
A_HA_H3	1555	223	A	1	0	223	39.2511210762332
A_HA_H3	1556	224	A	0	0	223	38.5022421524664
A_HA_H3	1557	224	G	0	0	224	38.5535714285714
A_HA_H3	1558	224	G	0	0	224	39.1160714285714
A_HA_H3	1559	224	G	0	0	223	39.8251121076233
A_HA_H3	1560	224	A	0	0	224	40.25
A_HA_H3	1561	223	G	0	0	223	39.6367713004484
A_HA_H3	1562	222	T	1	0	222	40.1171171171171
A_HA_H3	1563	223	T	0	0	223	39.2735426008969
A_HA_H3	1564	222	G	1	0	218	38.1284403669725
A_HA_H3	1565	223	A	0	0	223	38.0269058295964
A_HA_H3	1566	222	G	1	0	222	37.5540540540541
A_HA_H3	1567	221	C	2	0	221	37.9411764705882
A_HA_H3	1568	223	T	0	0	222	37.3423423423423
A_HA_H3	1569	222	G	1	0	220	38.1181818181818
A_HA_H3	1570	222	A	1	0	219	38.1369863013699
A_HA_H3	1571	222	A	1	0	222	37.9954954954955
A_HA_H3	1572	222	G	1	0	221	37.6561085972851
A_HA_H3	1573	221	T	2	0	221	38.4389140271493
A_HA_H3	1574	244	C	3	0	244	37.2090163934426
A_HA_H3	1575	245	A	2	0	244	37.2008196721311
A_HA_H3	1576	245	G	2	0	242	36.7892561983471
A_HA_H3	1577	245	G	2	0	245	37.8367346938776
A_HA_H3	1578	245	G	2	0	245	37.3795918367347
A_HA_H3	1579	245	T	3	0	242	38.1322314049587
A_HA_H3	1580	249	A	0	0	244	37.1352459016393
A_HA_H3	1581	247	C	2	0	241	38.0331950207469
A_HA_H3	1582	250	A	0	0	249	36.6265060240964
A_HA_H3	1583	250	A	0	0	248	36.4193548387097
A_HA_H3	1584	251	A	0	0	251	36.8207171314741
A_HA_H3	1585	251	G	0	0	250	37.132
A_HA_H3	1586	250	A	1	0	250	39.028
A_HA_H3	1587	249	T	2	0	249	40.1526104417671
A_HA_H3	1588	250	T	1	0	250	39.4
A_HA_H3	1589	248	G	3	0	247	37.9716599190283
A_HA_H3	1590	250	G	1	0	249	37.3975903614458
A_HA_H3	1591	250	A	1	0	249	39.5461847389558
A_HA_H3	1592	249	T	2	0	248	40.9354838709677
A_HA_H3	1593	250	C	1	0	250	41.732
A_HA_H3	1594	250	C	1	0	250	42.176
A_HA_H3	1595	249	T	2	0	246	42.7723577235772
A_HA_H3	1596	249	A	2	0	249	41.5582329317269
A_HA_H3	1597	249	T	2	0	249	41.3855421686747
A_HA_H3	1598	249	G	2	0	249	40.9036144578313
A_HA_H3	1599	250	G	1	0	249	41.8433734939759
A_HA_H3	1600	251	A	0	0	251	41.3107569721116
A_HA_H3	1601	251	T	0	0	250	42.764
A_HA_H3	1602	252	T	0	0	250	43.216
A_HA_H3	1603	252	T	0	0	250	42.656
A_HA_H3	1604	252	C	0	0	251	42.792828685259
A_HA_H3	1605	252	C	0	0	251	41.9721115537849
A_HA_H3	1606	252	T	0	0	252	41.2738095238095
A_HA_H3	1607	252	T	0	0	252	41.2857142857143
A_HA_H3	1608	252	T	0	0	252	41.3333333333333
A_HA_H3	1609	252	G	0	0	252	38.7420634920635
A_HA_H3	1610	251	C	0	0	251	41.5258964143426
A_HA_H3	1611	251	C	0	0	251	42.4422310756972
A_HA_H3	1612	251	A	0	0	251	43.00796812749
A_HA_H3	1613	251	T	0	0	250	42.9
A_HA_H3	1614	251	G	0	0	251	42.6932270916335
A_HA_H3	1615	251	T	0	0	249	43.4497991967871
A_HA_H3	1616	252	C	0	0	252	42.4126984126984
A_HA_H3	1617	252	A	0	0	252	40.4325396825397
A_HA_H3	1618	252	T	0	0	252	39.9722222222222
A_HA_H3	1619	252	G	0	0	252	38.3849206349206
A_HA_H3	1620	252	T	0	0	252	39.6785714285714
A_HA_H3	1621	252	T	0	0	252	39.7857142857143
A_HA_H3	1622	252	T	0	0	252	40.5396825396825
A_HA_H3	1623	252	T	0	0	252	41.1626984126984
A_HA_H3	1624	252	T	0	0	251	42.410358565737
A_HA_H3	1625	252	T	0	0	252	42.2936507936508
A_HA_H3	1626	252	G	0	0	252	41.2896825396825
A_HA_H3	1627	252	C	0	0	251	39.9203187250996
A_HA_H3	1628	252	T	0	0	252	39.8333333333333
A_HA_H3	1629	252	T	0	0	252	40.2738095238095
A_HA_H3	1630	252	T	0	0	251	40.7609561752988
A_HA_H3	1631	252	G	0	0	252	40.5912698412698
A_HA_H3	1632	252	T	0	0	252	41.0515873015873
A_HA_H3	1633	252	A	0	0	252	41.0039682539683
A_HA_H3	1634	251	T	1	0	251	41.0637450199203
A_HA_H3	1635	251	T	1	0	251	40.8685258964143
A_HA_H3	1636	251	G	1	0	251	40.1752988047809
A_HA_H3	1637	251	C	1	0	251	39.6613545816733
A_HA_H3	1638	251	T	1	0	251	40.597609561753
A_HA_H3	1639	252	T	0	0	252	40.2420634920635
A_HA_H3	1640	252	T	0	0	252	40.2896825396825
A_HA_H3	1641	252	G	0	0	252	39.234126984127
A_HA_H3	1642	252	T	0	0	251	40.7290836653386
A_HA_H3	1643	252	T	0	0	251	39.8645418326693
A_HA_H3	1644	252	G	0	0	252	38.1825396825397
A_HA_H3	1645	252	G	0	0	252	38.515873015873
A_HA_H3	1646	252	G	0	0	251	39.2549800796813
A_HA_H3	1647	251	G	1	0	250	40.028
A_HA_H3	1648	251	T	1	0	251	40.1872509960159
A_HA_H3	1649	251	T	1	0	251	40.4462151394422
A_HA_H3	1650	251	C	1	0	248	40.1370967741936
A_HA_H3	1651	251	A	1	0	249	40.2650602409639
A_HA_H3	1652	252	T	0	0	252	40.4960317460317
A_HA_H3	1653	252	C	0	0	246	40.3414634146341
A_HA_H3	1654	252	A	0	0	251	39.1314741035857
A_HA_H3	1655	251	T	1	0	250	39.508
A_HA_H3	1656	251	G	1	0	249	39.9317269076305
A_HA_H3	1657	251	T	1	0	250	39.708
A_HA_H3	1658	250	G	2	0	250	38.78
A_HA_H3	1659	250	G	2	0	250	39.54
A_HA_H3	1660	250	G	2	0	250	38.952
A_HA_H3	1661	251	C	1	0	250	36.804
A_HA_H3	1662	252	C	0	0	250	37.768
A_HA_H3	1663	252	T	0	0	248	38.0201612903226
A_HA_H3	1664	252	G	0	0	250	36.932
A_HA_H3	1665	252	C	0	0	252	36.6785714285714
A_HA_H3	1666	252	C	0	0	252	37.031746031746
A_HA_H3	1667	244	A	8	0	243	37.4897119341564
A_HA_H3	1668	251	A	1	0	251	38.191235059761
A_HA_H3	1669	251	A	1	0	250	39.62
A_HA_H3	1670	251	A	1	0	250	41.372
A_HA_H3	1671	244	G	8	0	243	42.0617283950617
A_HA_H3	1672	252	G	0	0	252	42.5912698412698
A_HA_H3	1673	252	G	0	0	252	41.1825396825397
A_HA_H3	1674	250	C	1	0	248	40.5725806451613
A_HA_H3	1675	251	A	0	0	250	40.46
A_HA_H3	1676	251	A	0	0	248	40.25
A_HA_H3	1677	251	C	0	0	249	40.2168674698795
A_HA_H3	1678	251	A	0	0	251	40.5697211155378
A_HA_H3	1679	251	T	0	0	251	41.2589641434263
A_HA_H3	1680	251	T	0	0	251	40.9681274900398
A_HA_H3	1681	251	A	0	0	250	40.4
A_HA_H3	1682	251	G	0	0	250	40.924
A_HA_H3	1683	251	A	0	0	250	40.832
A_HA_H3	1684	250	T	1	0	248	41.0443548387097
A_HA_H3	1685	250	G	1	0	248	40.5564516129032
A_HA_H3	1686	249	C	1	0	248	40.6612903225806
A_HA_H3	1687	250	A	0	0	249	41.1807228915663
A_HA_H3	1688	250	A	0	0	249	40.5341365461847
A_HA_H3	1689	250	C	0	0	250	41.052
A_HA_H3	1690	250	A	0	0	250	40.604
A_HA_H3	1691	250	T	0	0	250	41.352
A_HA_H3	1692	250	T	0	0	250	41.852
A_HA_H3	1693	250	T	0	0	249	42.3132530120482
A_HA_H3	1694	250	G	0	0	250	41.496
A_HA_H3	1695	250	C	0	0	250	41.1
A_HA_H3	1696	250	A	0	0	250	40.056
A_HA_H3	1697	250	T	0	0	250	40.4
A_HA_H3	1698	250	T	0	0	250	39.76
A_HA_H3	1699	250	T	0	0	250	41.048
A_HA_H3	1700	249	G	0	0	249	39.6787148594378
A_HA_H3	1701	249	A	0	0	249	40.0883534136546
