Reference_Name	Position	Coverage Depth	Consensus	Deletions	Ambiguous	Consensus_Count	Consensus_Average_Quality
A_NA_N2	1	80	A	0	0	80	38.375
A_NA_N2	2	80	T	0	0	80	37.5125
A_NA_N2	3	80	G	0	0	80	34.7375
A_NA_N2	4	81	A	0	0	81	33.9876543209877
A_NA_N2	5	82	A	0	0	82	34.109756097561
A_NA_N2	6	82	T	0	0	82	34.6341463414634
A_NA_N2	7	82	C	0	0	82	34.5609756097561
A_NA_N2	8	82	C	0	0	82	36.6829268292683
A_NA_N2	9	82	A	0	0	81	35.1481481481481
A_NA_N2	10	82	A	0	0	82	35.109756097561
A_NA_N2	11	82	A	0	0	82	35.8780487804878
A_NA_N2	12	82	T	0	0	82	35.390243902439
A_NA_N2	13	82	C	0	0	82	35.4146341463415
A_NA_N2	14	81	A	1	0	81	35.1728395061728
A_NA_N2	15	81	A	1	0	81	37.4074074074074
A_NA_N2	16	82	A	0	0	82	38.6951219512195
A_NA_N2	17	82	A	0	0	82	39.2073170731707
A_NA_N2	18	82	G	0	0	82	40.4390243902439
A_NA_N2	19	82	A	0	0	82	39.5609756097561
A_NA_N2	20	82	T	0	0	82	38.1951219512195
A_NA_N2	21	82	A	0	0	82	37.109756097561
A_NA_N2	22	82	A	0	0	82	37.890243902439
A_NA_N2	23	82	T	0	0	82	38.2560975609756
A_NA_N2	24	82	A	0	0	82	38.5365853658537
A_NA_N2	25	82	A	0	0	82	39.7073170731707
A_NA_N2	26	82	C	0	0	82	39.6341463414634
A_NA_N2	27	82	G	0	0	81	36.9259259259259
A_NA_N2	28	82	A	0	0	82	37.0365853658537
A_NA_N2	29	82	T	0	0	82	37.5731707317073
A_NA_N2	30	82	T	0	0	82	36.4024390243902
A_NA_N2	31	82	G	0	0	82	36.0243902439024
A_NA_N2	32	82	G	0	0	82	37.1951219512195
A_NA_N2	33	82	C	0	0	81	36.8518518518519
A_NA_N2	34	82	T	0	0	81	36.4567901234568
A_NA_N2	35	82	C	0	0	82	37.1341463414634
A_NA_N2	36	82	T	0	0	82	37.2682926829268
A_NA_N2	37	82	G	0	0	82	37.5975609756098
A_NA_N2	38	79	T	3	0	79	40.1518987341772
A_NA_N2	39	81	T	1	0	81	39.8518518518519
A_NA_N2	40	82	T	0	0	82	42.1829268292683
A_NA_N2	41	82	C	0	0	82	39.5121951219512
A_NA_N2	42	82	T	0	0	82	39.9512195121951
A_NA_N2	43	82	C	0	0	82	39.1219512195122
A_NA_N2	44	81	T	1	0	81	38.6543209876543
A_NA_N2	45	82	C	0	0	81	36.6913580246914
A_NA_N2	46	82	A	0	0	81	38.7407407407407
A_NA_N2	47	81	C	1	0	81	38.5308641975309
A_NA_N2	48	81	A	1	0	80	38.65
A_NA_N2	49	82	A	0	0	82	38.0975609756098
A_NA_N2	50	82	T	0	0	82	38.5731707317073
A_NA_N2	51	82	T	0	0	82	39.6219512195122
A_NA_N2	52	82	T	0	0	82	40.6707317073171
A_NA_N2	53	82	C	0	0	81	40.1481481481481
A_NA_N2	54	82	C	0	0	82	41.3536585365854
A_NA_N2	55	81	A	1	0	81	39.358024691358
A_NA_N2	56	81	C	1	0	80	39.05
A_NA_N2	57	82	G	0	0	80	38.3
A_NA_N2	58	82	A	0	0	82	39.0853658536585
A_NA_N2	59	82	T	0	0	82	39.0853658536585
A_NA_N2	60	82	A	0	0	82	38.3780487804878
A_NA_N2	61	82	T	0	0	82	40.1463414634146
A_NA_N2	62	82	G	0	0	82	40.6341463414634
A_NA_N2	63	81	C	1	0	81	40.6666666666667
A_NA_N2	64	81	T	1	0	81	41.2098765432099
A_NA_N2	65	82	T	0	0	82	41.0365853658537
A_NA_N2	66	82	C	0	0	82	39.6463414634146
A_NA_N2	67	82	T	0	0	82	40.109756097561
A_NA_N2	68	82	T	0	0	82	40.0975609756098
A_NA_N2	69	82	C	0	0	82	39.0365853658537
A_NA_N2	70	82	A	0	0	82	39.5121951219512
A_NA_N2	71	82	T	0	0	82	39.2560975609756
A_NA_N2	72	82	G	0	0	82	39.9756097560976
A_NA_N2	73	82	C	0	0	82	40.5609756097561
A_NA_N2	74	82	A	0	0	82	40.6219512195122
A_NA_N2	75	82	A	0	0	82	40.7560975609756
A_NA_N2	76	82	A	0	0	82	41.0731707317073
A_NA_N2	77	82	T	0	0	82	41.0975609756098
A_NA_N2	78	82	T	0	0	82	42.3536585365854
A_NA_N2	79	82	G	0	0	82	41.4024390243902
A_NA_N2	80	82	C	0	0	82	40.2073170731707
A_NA_N2	81	82	C	0	0	82	39.609756097561
A_NA_N2	82	82	A	0	0	82	40.1341463414634
A_NA_N2	83	82	T	0	0	82	40.5487804878049
A_NA_N2	84	82	C	0	0	82	41.3780487804878
A_NA_N2	85	82	C	0	0	82	41.5975609756098
A_NA_N2	86	82	T	0	0	82	42.2439024390244
A_NA_N2	87	82	G	0	0	82	41.7682926829268
A_NA_N2	88	82	A	0	0	82	42.4146341463415
A_NA_N2	89	82	T	0	0	82	41.6219512195122
A_NA_N2	90	82	A	0	0	82	40.609756097561
A_NA_N2	91	82	A	0	0	82	40.7073170731707
A_NA_N2	92	82	C	0	0	82	40.5121951219512
A_NA_N2	93	82	T	0	0	81	39.320987654321
A_NA_N2	94	82	A	0	0	82	39.6463414634146
A_NA_N2	95	82	C	0	0	82	40.0975609756098
A_NA_N2	96	82	T	0	0	80	40.675
A_NA_N2	97	82	G	0	0	82	39.6585365853659
A_NA_N2	98	82	T	0	0	80	39.125
A_NA_N2	99	82	A	0	0	82	38.3536585365854
A_NA_N2	100	82	A	0	0	82	38.5975609756098
A_NA_N2	101	82	C	0	0	82	38.9756097560976
A_NA_N2	102	82	A	0	0	82	38.3292682926829
A_NA_N2	103	82	T	0	0	81	38.8024691358025
A_NA_N2	104	82	T	0	0	82	38.280487804878
A_NA_N2	105	82	G	0	0	82	37.5975609756098
A_NA_N2	106	82	C	0	0	82	38.4634146341463
A_NA_N2	107	82	A	0	0	82	39.3292682926829
A_NA_N2	108	82	T	0	0	82	39.6341463414634
A_NA_N2	109	82	T	0	0	82	38.9634146341463
A_NA_N2	110	82	T	0	0	82	40.780487804878
A_NA_N2	111	82	C	0	0	82	39.7317073170732
A_NA_N2	112	82	A	0	0	82	39.9634146341463
A_NA_N2	113	82	A	0	0	82	40.1219512195122
A_NA_N2	114	82	G	0	0	82	39.109756097561
A_NA_N2	115	82	C	0	0	81	39.2469135802469
A_NA_N2	116	82	A	0	0	81	37.7160493827161
A_NA_N2	117	82	A	0	0	81	39.3333333333333
A_NA_N2	118	82	T	0	0	82	40
A_NA_N2	119	81	A	1	0	81	40.4567901234568
A_NA_N2	120	81	T	1	0	81	40.5308641975309
A_NA_N2	121	81	G	1	0	79	35.6329113924051
A_NA_N2	122	82	A	0	0	81	35.1358024691358
A_NA_N2	123	82	A	0	0	82	35.2073170731707
A_NA_N2	124	82	T	0	0	82	34.7926829268293
A_NA_N2	125	82	T	0	0	82	35.4268292682927
A_NA_N2	126	82	C	0	0	81	38.2469135802469
A_NA_N2	127	82	A	0	0	82	37.3170731707317
A_NA_N2	128	82	A	0	0	82	37.5609756097561
A_NA_N2	129	82	A	0	0	82	37.5243902439024
A_NA_N2	130	82	T	0	0	82	37.4512195121951
A_NA_N2	131	70	C	12	0	70	37.4428571428571
A_NA_N2	132	82	C	0	0	82	35.6951219512195
A_NA_N2	133	82	C	0	0	82	37.390243902439
A_NA_N2	134	82	C	0	0	82	37.2073170731707
A_NA_N2	135	82	C	0	0	82	40.1341463414634
A_NA_N2	136	82	C	0	0	82	40.1341463414634
A_NA_N2	137	82	C	0	0	82	39.7560975609756
A_NA_N2	138	82	A	0	0	82	38.0853658536585
A_NA_N2	139	82	A	0	0	82	39.9268292682927
A_NA_N2	140	82	A	0	0	82	41.5121951219512
A_NA_N2	141	82	T	0	0	82	41.5243902439024
A_NA_N2	142	82	A	0	0	82	40.5853658536585
A_NA_N2	143	82	A	0	0	81	41.1851851851852
A_NA_N2	144	82	C	0	0	82	41.6707317073171
A_NA_N2	145	82	C	0	0	82	42.1463414634146
A_NA_N2	146	82	A	0	0	82	42.719512195122
A_NA_N2	147	82	A	0	0	82	42.1829268292683
A_NA_N2	148	82	G	0	0	82	42.3048780487805
A_NA_N2	149	82	T	0	0	82	42.3414634146341
A_NA_N2	150	82	G	0	0	82	41.0365853658537
A_NA_N2	151	82	A	0	0	81	41.6172839506173
A_NA_N2	152	82	T	0	0	82	40.9390243902439
A_NA_N2	153	82	G	0	0	82	41.8048780487805
A_NA_N2	154	82	C	0	0	82	41.0121951219512
A_NA_N2	155	82	T	0	0	82	41.2317073170732
A_NA_N2	156	82	G	0	0	82	42.1219512195122
A_NA_N2	157	82	T	0	0	82	42.8048780487805
A_NA_N2	158	82	G	0	0	82	42.5121951219512
A_NA_N2	159	82	T	0	0	81	42.358024691358
A_NA_N2	160	82	G	0	0	82	41.3048780487805
A_NA_N2	161	82	A	0	0	82	41.8048780487805
A_NA_N2	162	82	A	0	0	82	41.0365853658537
A_NA_N2	163	82	C	0	0	82	40.0487804878049
A_NA_N2	164	82	C	0	0	82	40.7926829268293
A_NA_N2	165	82	A	0	0	82	40.6585365853659
A_NA_N2	166	82	A	0	0	82	40.5
A_NA_N2	167	81	C	0	0	81	40.962962962963
A_NA_N2	168	81	A	0	0	81	40.3456790123457
A_NA_N2	169	81	A	0	0	81	39.9753086419753
A_NA_N2	170	81	T	0	0	81	41.7283950617284
A_NA_N2	171	81	A	0	0	81	40.0617283950617
A_NA_N2	172	81	A	0	0	81	40.0123456790123
A_NA_N2	173	81	T	0	0	81	39.9753086419753
A_NA_N2	174	81	A	0	0	81	38.4814814814815
A_NA_N2	175	81	G	0	0	81	38.1851851851852
A_NA_N2	176	81	A	0	0	81	39.2592592592593
A_NA_N2	177	81	A	0	0	81	39.7530864197531
A_NA_N2	178	81	A	0	0	81	41.3703703703704
A_NA_N2	179	81	G	0	0	81	40.962962962963
A_NA_N2	180	81	A	0	0	81	41.6543209876543
A_NA_N2	181	81	A	0	0	81	42.8271604938272
A_NA_N2	182	81	A	0	0	81	41.7901234567901
A_NA_N2	183	81	C	0	0	81	41.5555555555556
A_NA_N2	184	81	A	0	0	81	40.7407407407407
A_NA_N2	185	81	T	0	0	81	40.4320987654321
A_NA_N2	186	81	A	0	0	80	40.3875
A_NA_N2	187	81	A	0	0	81	40.1728395061728
A_NA_N2	188	81	C	0	0	81	40.5185185185185
A_NA_N2	189	80	A	1	0	80	41.425
A_NA_N2	190	80	G	1	0	80	42.2375
A_NA_N2	191	80	A	1	0	80	41.825
A_NA_N2	192	81	G	0	0	81	41.2098765432099
A_NA_N2	193	81	A	0	0	80	41.225
A_NA_N2	194	81	T	0	0	81	41.6666666666667
A_NA_N2	195	81	A	0	0	81	40.8518518518519
A_NA_N2	196	81	G	0	0	81	41.1728395061728
A_NA_N2	197	81	T	0	0	81	40.7037037037037
A_NA_N2	198	81	G	0	0	81	40.6172839506173
A_NA_N2	199	81	T	0	0	81	40.1851851851852
A_NA_N2	200	81	A	0	0	81	39.2962962962963
A_NA_N2	201	81	T	0	0	81	38.1851851851852
A_NA_N2	202	81	T	0	0	81	38.0246913580247
A_NA_N2	203	81	T	0	0	81	37.3456790123457
A_NA_N2	204	81	G	0	0	81	36.0493827160494
A_NA_N2	205	81	A	0	0	81	36.0987654320988
A_NA_N2	206	81	C	0	0	81	36.7283950617284
A_NA_N2	207	81	C	0	0	81	37.4567901234568
A_NA_N2	208	81	A	0	0	81	37.8395061728395
A_NA_N2	209	81	A	0	0	81	38.8024691358025
A_NA_N2	210	81	C	0	0	81	40.1111111111111
A_NA_N2	211	81	A	0	0	80	39.675
A_NA_N2	212	81	C	0	0	81	39.6913580246914
A_NA_N2	213	81	C	0	0	81	39.4814814814815
A_NA_N2	214	81	A	0	0	81	38.4567901234568
A_NA_N2	215	81	C	0	0	81	38.6049382716049
A_NA_N2	216	81	C	0	0	81	39.1604938271605
A_NA_N2	217	81	A	0	0	80	39.625
A_NA_N2	218	81	T	0	0	81	40.2098765432099
A_NA_N2	219	81	A	0	0	81	39.1604938271605
A_NA_N2	220	81	G	0	0	81	38.2222222222222
A_NA_N2	221	79	A	2	0	79	38.0632911392405
A_NA_N2	222	79	G	2	0	79	37.8101265822785
A_NA_N2	223	78	A	3	0	78	38.7692307692308
A_NA_N2	224	80	A	1	0	80	39.9625
A_NA_N2	225	81	G	0	0	81	40.5802469135802
A_NA_N2	226	81	G	0	0	81	39.9876543209877
A_NA_N2	227	81	A	0	0	81	39.8024691358025
A_NA_N2	228	81	A	0	0	80	40.8125
A_NA_N2	229	81	A	0	0	81	41.2345679012346
A_NA_N2	230	81	T	0	0	81	41.2222222222222
A_NA_N2	231	80	A	1	0	80	40.4125
A_NA_N2	232	81	T	0	0	80	41.45
A_NA_N2	233	80	G	1	0	79	39.4177215189873
A_NA_N2	234	79	C	2	0	79	39.2025316455696
A_NA_N2	235	80	C	1	0	80	38.05
A_NA_N2	236	81	C	0	0	80	38.525
A_NA_N2	237	81	C	0	0	81	37.5432098765432
A_NA_N2	238	81	A	0	0	81	35.0987654320988
A_NA_N2	239	81	A	0	0	81	38.7407407407407
A_NA_N2	240	81	G	0	0	81	40.0123456790123
A_NA_N2	241	81	C	0	0	81	40.6049382716049
A_NA_N2	242	81	C	0	0	81	41.2098765432099
A_NA_N2	243	81	A	0	0	81	41.2345679012346
A_NA_N2	244	81	G	0	0	81	41.7777777777778
A_NA_N2	245	81	C	0	0	81	40.7283950617284
A_NA_N2	246	81	A	0	0	81	40.5185185185185
A_NA_N2	247	81	G	0	0	81	39.6543209876543
A_NA_N2	248	81	A	0	0	81	40.1728395061728
A_NA_N2	249	81	A	0	0	81	40.3333333333333
A_NA_N2	250	81	T	0	0	81	40.7654320987654
A_NA_N2	251	81	A	0	0	81	40.4814814814815
A_NA_N2	252	81	C	0	0	81	40.6172839506173
A_NA_N2	253	80	A	1	0	80	39.6375
A_NA_N2	254	81	G	0	0	81	38.2962962962963
A_NA_N2	255	81	A	0	0	81	38.1728395061728
A_NA_N2	256	81	A	0	0	81	39.358024691358
A_NA_N2	257	81	A	0	0	81	39.5185185185185
A_NA_N2	258	81	T	0	0	81	40.1851851851852
A_NA_N2	259	81	T	0	0	81	40.6172839506173
A_NA_N2	260	81	G	0	0	81	39.962962962963
A_NA_N2	261	81	G	0	0	81	39.1851851851852
A_NA_N2	262	81	T	0	0	81	39.6049382716049
A_NA_N2	263	81	C	0	0	81	38.0123456790123
A_NA_N2	264	80	A	1	0	80	38.85
A_NA_N2	265	81	A	0	0	81	38.9506172839506
A_NA_N2	266	81	A	0	0	81	39.8518518518519
A_NA_N2	267	81	A	0	0	81	39.7777777777778
A_NA_N2	268	81	C	0	0	81	39.5555555555556
A_NA_N2	269	81	C	0	0	81	38.1851851851852
A_NA_N2	270	81	G	0	0	81	37.2962962962963
A_NA_N2	271	81	C	0	0	80	36.7875
A_NA_N2	272	81	A	0	0	80	37.5875
A_NA_N2	273	81	A	0	0	81	38.1604938271605
A_NA_N2	274	81	T	0	0	81	39.2222222222222
A_NA_N2	275	81	G	0	0	81	39.5679012345679
A_NA_N2	276	81	T	0	0	81	40.4567901234568
A_NA_N2	277	81	G	0	0	81	40.9135802469136
A_NA_N2	278	81	G	0	0	81	39.8024691358025
A_NA_N2	279	81	C	0	0	81	39.7407407407407
A_NA_N2	280	81	A	0	0	81	38.8395061728395
A_NA_N2	281	81	T	0	0	81	39.037037037037
A_NA_N2	282	81	T	0	0	81	37.7654320987654
A_NA_N2	283	81	A	0	0	81	38.679012345679
A_NA_N2	284	81	C	0	0	81	39.4074074074074
A_NA_N2	285	81	A	0	0	81	38.5679012345679
A_NA_N2	286	81	G	0	0	81	39.1234567901235
A_NA_N2	287	81	G	0	0	81	39.2098765432099
A_NA_N2	288	81	A	0	0	81	40.641975308642
A_NA_N2	289	81	T	0	0	81	40.5061728395062
A_NA_N2	290	81	T	0	0	81	41.0864197530864
A_NA_N2	291	81	T	0	0	81	41
A_NA_N2	292	81	G	0	0	81	40.4197530864198
A_NA_N2	293	81	C	0	0	81	40.0123456790123
A_NA_N2	294	81	A	0	0	81	40.3456790123457
A_NA_N2	295	81	C	0	0	81	40.9135802469136
A_NA_N2	296	81	C	0	0	81	40.2592592592593
A_NA_N2	297	80	T	1	0	80	38.625
A_NA_N2	298	81	T	0	0	81	37.9876543209877
A_NA_N2	299	80	T	1	0	80	40.4625
A_NA_N2	300	80	C	1	0	80	38.5625
A_NA_N2	301	81	T	0	0	81	40.7407407407407
A_NA_N2	302	81	C	0	0	81	39.7407407407407
A_NA_N2	303	81	T	0	0	80	38.4
A_NA_N2	304	81	A	0	0	80	36.8125
A_NA_N2	305	81	A	0	0	81	37.4444444444444
A_NA_N2	306	81	G	0	0	81	37.7037037037037
A_NA_N2	307	81	G	0	0	81	38.5308641975309
A_NA_N2	308	81	A	0	0	81	39.2469135802469
A_NA_N2	309	81	C	0	0	80	40.9375
A_NA_N2	310	81	A	0	0	80	41.05
A_NA_N2	311	81	A	0	0	81	41.2469135802469
A_NA_N2	312	81	T	0	0	81	41.2839506172839
A_NA_N2	313	81	T	0	0	81	41.7037037037037
A_NA_N2	314	81	C	0	0	81	39.7283950617284
A_NA_N2	315	81	G	0	0	81	38.9012345679012
A_NA_N2	316	81	A	0	0	81	38.9382716049383
A_NA_N2	317	81	T	0	0	81	39.3950617283951
A_NA_N2	318	81	T	0	0	81	39.8888888888889
A_NA_N2	319	81	A	0	0	81	40.9506172839506
A_NA_N2	320	81	G	0	0	81	42.1975308641975
A_NA_N2	321	81	G	0	0	81	41.3456790123457
A_NA_N2	322	81	C	0	0	81	41.5679012345679
A_NA_N2	323	81	T	0	0	81	39.7777777777778
A_NA_N2	324	81	T	0	0	81	40.4814814814815
A_NA_N2	325	81	T	0	0	81	40.9259259259259
A_NA_N2	326	81	C	0	0	81	40.5925925925926
A_NA_N2	327	81	C	0	0	81	40.320987654321
A_NA_N2	328	81	G	0	0	81	38.8024691358025
A_NA_N2	329	81	C	0	0	81	38.5432098765432
A_NA_N2	330	81	T	0	0	81	39.4197530864198
A_NA_N2	331	81	G	0	0	81	38.9382716049383
A_NA_N2	332	81	G	0	0	81	39.8271604938272
A_NA_N2	333	81	T	0	0	81	41.4691358024691
A_NA_N2	334	81	G	0	0	81	41.1975308641975
A_NA_N2	335	81	G	0	0	80	40.5875
A_NA_N2	336	81	G	0	0	81	40.962962962963
A_NA_N2	337	81	G	0	0	81	40.5061728395062
A_NA_N2	338	81	A	0	0	81	40.320987654321
A_NA_N2	339	81	C	0	0	81	39.5555555555556
A_NA_N2	340	81	A	0	0	81	40.037037037037
A_NA_N2	341	81	T	0	0	81	41.3950617283951
A_NA_N2	342	81	A	0	0	80	41.2125
A_NA_N2	343	81	T	0	0	81	41.2098765432099
A_NA_N2	344	81	G	0	0	81	40.1975308641975
A_NA_N2	345	81	G	0	0	81	41.3086419753086
A_NA_N2	346	81	G	0	0	81	40.2839506172839
A_NA_N2	347	81	T	0	0	81	40.8271604938272
A_NA_N2	348	81	G	0	0	80	39.2625
A_NA_N2	349	81	A	0	0	79	38.9493670886076
A_NA_N2	350	81	C	0	0	81	38.962962962963
A_NA_N2	351	79	A	2	0	79	37.9240506329114
A_NA_N2	352	81	A	0	0	81	37.2098765432099
A_NA_N2	353	81	G	0	0	80	37.9125
A_NA_N2	354	81	A	0	0	81	38.2716049382716
A_NA_N2	355	81	G	0	0	80	38.55
A_NA_N2	356	81	A	0	0	81	38.4074074074074
A_NA_N2	357	81	A	0	0	81	39.2716049382716
A_NA_N2	358	81	C	0	0	81	39.5802469135802
A_NA_N2	359	81	C	0	0	81	39.4197530864198
A_NA_N2	360	81	T	0	0	81	42.0246913580247
A_NA_N2	361	81	T	0	0	81	41.8765432098765
A_NA_N2	362	81	A	0	0	81	40.2962962962963
A_NA_N2	363	81	T	0	0	81	40.5802469135802
A_NA_N2	364	81	G	0	0	81	41.8641975308642
A_NA_N2	365	81	T	0	0	81	42.4074074074074
A_NA_N2	366	81	G	0	0	81	42.8024691358025
A_NA_N2	367	81	T	0	0	81	41.9382716049383
A_NA_N2	368	81	C	0	0	81	42.0246913580247
A_NA_N2	369	81	A	0	0	81	41.6543209876543
A_NA_N2	370	81	T	0	0	81	41.1234567901235
A_NA_N2	371	81	G	0	0	81	41.0740740740741
A_NA_N2	372	81	C	0	0	81	40.3333333333333
A_NA_N2	373	81	G	0	0	81	38.1728395061728
A_NA_N2	374	81	A	0	0	81	38.4320987654321
A_NA_N2	375	81	T	0	0	81	38.4691358024691
A_NA_N2	376	81	C	0	0	81	38.1234567901235
A_NA_N2	377	81	T	0	0	81	40.2962962962963
A_NA_N2	378	81	T	0	0	81	41.2345679012346
A_NA_N2	379	81	G	0	0	81	41.2839506172839
A_NA_N2	380	81	A	0	0	81	40.8271604938272
A_NA_N2	381	81	C	0	0	81	40.7530864197531
A_NA_N2	382	81	A	0	0	81	40.5432098765432
A_NA_N2	383	81	A	0	0	81	40.3086419753086
A_NA_N2	384	81	G	0	0	81	39.9382716049383
A_NA_N2	385	81	T	0	0	81	38.5061728395062
A_NA_N2	386	81	G	0	0	81	37.2592592592593
A_NA_N2	387	81	T	0	0	81	38.2469135802469
A_NA_N2	388	81	T	0	0	81	40
A_NA_N2	389	81	A	0	0	81	40.0617283950617
A_NA_N2	390	81	T	0	0	81	39.8641975308642
A_NA_N2	391	81	C	0	0	80	39.125
A_NA_N2	392	81	A	0	0	80	39.775
A_NA_N2	393	81	A	0	0	81	39.4197530864198
A_NA_N2	394	81	T	0	0	81	38.8765432098765
A_NA_N2	395	81	T	0	0	81	39.7530864197531
A_NA_N2	396	81	T	0	0	80	40.95
A_NA_N2	397	81	G	0	0	80	40.5125
A_NA_N2	398	81	C	0	0	80	40.2875
A_NA_N2	399	81	C	0	0	81	40.2222222222222
A_NA_N2	400	81	C	0	0	81	40.5679012345679
A_NA_N2	401	80	T	1	0	80	40.4625
A_NA_N2	402	81	T	0	0	81	40.679012345679
A_NA_N2	403	81	G	0	0	81	38.2469135802469
A_NA_N2	404	81	G	0	0	81	39.1728395061728
A_NA_N2	405	81	A	0	0	81	39.5679012345679
A_NA_N2	406	81	C	0	0	81	40.9259259259259
A_NA_N2	407	81	A	0	0	81	39.641975308642
A_NA_N2	408	81	G	0	0	81	39.0617283950617
A_NA_N2	409	81	G	0	0	81	39.9506172839506
A_NA_N2	410	81	G	0	0	81	39.1111111111111
A_NA_N2	411	79	A	2	0	79	39.7721518987342
A_NA_N2	412	80	A	1	0	80	42.1125
A_NA_N2	413	80	C	1	0	80	41.425
A_NA_N2	414	80	A	1	0	80	41.7625
A_NA_N2	415	81	A	0	0	81	42.1358024691358
A_NA_N2	416	81	C	0	0	81	42.5555555555556
A_NA_N2	417	81	A	0	0	81	42.6913580246914
A_NA_N2	418	80	A	0	0	79	43.1139240506329
A_NA_N2	419	80	T	0	0	79	44.4683544303797
A_NA_N2	420	80	A	0	0	80	42.6875
A_NA_N2	421	80	A	0	0	80	43.225
A_NA_N2	422	80	A	0	0	80	41.625
A_NA_N2	423	80	C	0	0	79	42.0886075949367
A_NA_N2	424	80	A	0	0	80	40.8375
A_NA_N2	425	80	A	0	0	80	41.4
A_NA_N2	426	80	T	0	0	80	41.3
A_NA_N2	427	80	G	0	0	80	40.4875
A_NA_N2	428	80	T	0	0	80	40.2125
A_NA_N2	429	80	G	0	0	79	40.7594936708861
A_NA_N2	430	80	C	0	0	80	39.9375
A_NA_N2	431	80	A	0	0	80	39.7875
A_NA_N2	432	80	T	0	0	79	41.1772151898734
A_NA_N2	433	80	T	0	0	80	40.5625
A_NA_N2	434	80	C	0	0	79	41.8354430379747
A_NA_N2	435	81	A	0	0	80	42.1125
A_NA_N2	436	82	A	0	0	82	42.1829268292683
A_NA_N2	437	82	A	0	0	82	42.4146341463415
A_NA_N2	438	82	T	0	0	82	42.3048780487805
A_NA_N2	439	82	A	0	0	82	41.0243902439024
A_NA_N2	440	82	A	0	0	82	40.780487804878
A_NA_N2	441	82	C	0	0	82	40.6463414634146
A_NA_N2	442	82	A	0	0	82	39.9268292682927
A_NA_N2	443	82	C	0	0	82	39.390243902439
A_NA_N2	444	82	A	0	0	82	39.4634146341463
A_NA_N2	445	82	G	0	0	82	39.8292682926829
A_NA_N2	446	82	T	0	0	82	39.9878048780488
A_NA_N2	447	82	A	0	0	82	40.1707317073171
A_NA_N2	448	82	C	0	0	82	39.9878048780488
A_NA_N2	449	82	A	0	0	82	39.4878048780488
A_NA_N2	450	82	T	0	0	82	40.3170731707317
A_NA_N2	451	82	G	0	0	82	39.6829268292683
A_NA_N2	452	82	A	0	0	81	39.5432098765432
A_NA_N2	453	82	T	0	0	82	39.6707317073171
A_NA_N2	454	82	A	0	0	82	38.8292682926829
A_NA_N2	455	81	G	1	0	81	38.9259259259259
A_NA_N2	456	82	A	0	0	81	38.6666666666667
A_NA_N2	457	82	A	0	0	82	39.6585365853659
A_NA_N2	458	82	C	0	0	82	40.3536585365854
A_NA_N2	459	82	C	0	0	82	39.0975609756098
A_NA_N2	460	82	C	0	0	82	40.2317073170732
A_NA_N2	461	81	C	1	0	80	38.8625
A_NA_N2	462	81	T	1	0	81	39.2345679012346
A_NA_N2	463	82	T	0	0	82	40.2560975609756
A_NA_N2	464	82	A	0	0	82	38.6829268292683
A_NA_N2	465	82	T	0	0	82	38.0121951219512
A_NA_N2	466	82	C	0	0	81	37.9135802469136
A_NA_N2	467	82	G	0	0	82	36.6707317073171
A_NA_N2	468	82	G	0	0	82	35.7560975609756
A_NA_N2	469	82	A	0	0	82	36.3536585365854
A_NA_N2	470	82	C	0	0	82	36.780487804878
A_NA_N2	471	82	T	0	0	82	37.3048780487805
A_NA_N2	472	81	C	1	0	81	37.5802469135802
A_NA_N2	473	82	T	0	0	81	38.7037037037037
A_NA_N2	474	82	A	0	0	82	38.0121951219512
A_NA_N2	475	82	T	0	0	81	38.5555555555556
A_NA_N2	476	81	T	1	0	81	38.9012345679012
A_NA_N2	477	81	G	1	0	81	37.0740740740741
A_NA_N2	478	81	A	1	0	81	37.5432098765432
A_NA_N2	479	82	T	0	0	81	37.358024691358
A_NA_N2	480	82	G	0	0	81	35.9506172839506
A_NA_N2	481	82	A	0	0	82	36.2560975609756
A_NA_N2	482	82	A	0	0	80	36.675
A_NA_N2	483	82	T	0	0	82	38.6829268292683
A_NA_N2	484	82	G	0	0	80	36.7
A_NA_N2	485	82	A	0	0	82	37.4024390243902
A_NA_N2	486	82	G	0	0	82	37.0853658536585
A_NA_N2	487	82	T	0	0	82	37.8170731707317
A_NA_N2	488	82	T	0	0	82	37.9756097560976
A_NA_N2	489	82	G	0	0	82	38.7682926829268
A_NA_N2	490	82	G	0	0	82	39.5609756097561
A_NA_N2	491	82	G	0	0	81	39.4074074074074
A_NA_N2	492	82	T	0	0	81	39.1975308641975
A_NA_N2	493	82	G	0	0	81	40.2469135802469
A_NA_N2	494	81	T	1	0	81	41.6913580246914
A_NA_N2	495	81	T	1	0	81	40.7160493827161
A_NA_N2	496	81	C	1	0	80	39.425
A_NA_N2	497	81	C	1	0	80	38.95
A_NA_N2	498	81	T	1	0	81	37.9259259259259
A_NA_N2	499	82	T	0	0	82	37.3658536585366
A_NA_N2	500	82	T	0	0	81	36.7037037037037
A_NA_N2	501	81	C	1	0	81	33.2716049382716
A_NA_N2	502	82	C	0	0	82	37.0121951219512
A_NA_N2	503	82	A	0	0	82	34.0853658536585
A_NA_N2	504	82	T	0	0	81	33.3827160493827
A_NA_N2	505	81	C	1	0	78	37
A_NA_N2	506	81	T	1	0	81	36.7160493827161
A_NA_N2	507	80	G	2	0	79	36.4303797468354
A_NA_N2	508	81	G	1	0	80	37.4625
A_NA_N2	509	81	G	1	0	80	37.6875
A_NA_N2	510	81	G	1	0	81	39.2469135802469
A_NA_N2	511	81	A	1	0	81	40.1111111111111
A_NA_N2	512	81	C	1	0	79	40.4303797468354
A_NA_N2	513	80	C	2	0	78	38.4230769230769
A_NA_N2	514	80	A	2	0	80	37.8625
A_NA_N2	515	80	A	2	0	80	37.7875
A_NA_N2	516	81	G	1	0	81	37
A_NA_N2	517	82	C	0	0	82	37.219512195122
A_NA_N2	518	82	A	0	0	82	36.7560975609756
A_NA_N2	519	82	A	0	0	82	36.9268292682927
A_NA_N2	520	82	G	0	0	82	36.5487804878049
A_NA_N2	521	81	T	1	0	81	37.5925925925926
A_NA_N2	522	82	G	0	0	82	37.6829268292683
A_NA_N2	523	82	T	0	0	81	39.1851851851852
A_NA_N2	524	82	G	0	0	82	38.3292682926829
A_NA_N2	525	82	C	0	0	81	40.2098765432099
A_NA_N2	526	81	A	1	0	80	40.7375
A_NA_N2	527	81	T	1	0	80	40.7625
A_NA_N2	528	81	A	1	0	80	39.075
A_NA_N2	529	82	G	0	0	82	37.5365853658537
A_NA_N2	530	82	C	0	0	82	37.2926829268293
A_NA_N2	531	82	A	0	0	80	37.975
A_NA_N2	532	82	T	0	0	81	39.1358024691358
A_NA_N2	533	81	G	1	0	80	38.4375
A_NA_N2	534	81	G	1	0	81	37.8888888888889
A_NA_N2	535	82	T	0	0	82	37.5609756097561
A_NA_N2	536	82	C	0	0	82	38.4878048780488
A_NA_N2	537	82	C	0	0	82	37.7560975609756
A_NA_N2	538	82	A	0	0	82	38.5609756097561
A_NA_N2	539	82	G	0	0	82	38.890243902439
A_NA_N2	540	81	C	1	0	81	39.8888888888889
A_NA_N2	541	81	T	1	0	80	39.4375
A_NA_N2	542	81	C	1	0	81	38.1111111111111
A_NA_N2	543	80	A	2	0	80	38.0875
A_NA_N2	544	83	A	0	0	83	37.4457831325301
A_NA_N2	545	83	G	0	0	83	37.7228915662651
A_NA_N2	546	83	T	0	0	83	38.4819277108434
A_NA_N2	547	83	T	0	0	83	38.6506024096386
A_NA_N2	548	83	G	0	0	82	39.9146341463415
A_NA_N2	549	83	T	0	0	83	39.8072289156626
A_NA_N2	550	83	C	0	0	83	40.3493975903614
A_NA_N2	551	83	A	0	0	83	42.0843373493976
A_NA_N2	552	83	C	0	0	83	41.5180722891566
A_NA_N2	553	83	G	0	0	83	40.4939759036145
A_NA_N2	554	83	A	0	0	83	40.1084337349398
A_NA_N2	555	83	T	0	0	83	40.0481927710843
A_NA_N2	556	83	G	0	0	83	39.1686746987952
A_NA_N2	557	83	G	0	0	83	39.6867469879518
A_NA_N2	558	83	A	0	0	83	40.5421686746988
A_NA_N2	559	83	A	0	0	83	40.9759036144578
A_NA_N2	560	83	A	0	0	82	42.280487804878
A_NA_N2	561	83	A	0	0	82	41.2317073170732
A_NA_N2	562	83	G	0	0	83	41.1686746987952
A_NA_N2	563	83	C	0	0	82	40.3780487804878
A_NA_N2	564	83	A	0	0	83	39.4096385542169
A_NA_N2	565	83	T	0	0	83	40.8072289156626
A_NA_N2	566	83	G	0	0	83	39.9879518072289
A_NA_N2	567	83	G	0	0	83	39.2771084337349
A_NA_N2	568	83	C	0	0	83	38.2409638554217
A_NA_N2	569	83	T	0	0	83	38.6867469879518
A_NA_N2	570	83	G	0	0	83	39.7228915662651
A_NA_N2	571	83	C	0	0	83	40.3132530120482
A_NA_N2	572	83	A	0	0	83	39.5060240963855
A_NA_N2	573	83	T	0	0	83	40.9759036144578
A_NA_N2	574	83	G	0	0	83	39.8433734939759
A_NA_N2	575	83	T	0	0	83	41.1084337349398
A_NA_N2	576	82	T	1	0	82	41.0975609756098
A_NA_N2	577	82	T	1	0	82	41.280487804878
A_NA_N2	578	82	G	1	0	82	40.2560975609756
A_NA_N2	579	83	T	0	0	83	40.2650602409639
A_NA_N2	580	83	A	0	0	83	40.1927710843374
A_NA_N2	581	82	T	0	0	82	40.3658536585366
A_NA_N2	582	82	A	0	0	82	39.5853658536585
A_NA_N2	583	82	A	0	0	82	39.9512195121951
A_NA_N2	584	82	C	0	0	82	39.5853658536585
A_NA_N2	585	81	G	1	0	81	38.6296296296296
A_NA_N2	586	82	G	0	0	82	37.8536585365854
A_NA_N2	587	82	G	0	0	82	38.3536585365854
A_NA_N2	588	82	G	0	0	82	38.2073170731707
A_NA_N2	589	82	G	0	0	82	40.6951219512195
A_NA_N2	590	82	A	0	0	82	41.2073170731707
A_NA_N2	591	82	T	0	0	82	41.5731707317073
A_NA_N2	592	82	G	0	0	82	40.4756097560976
A_NA_N2	593	82	A	0	0	82	41.5731707317073
A_NA_N2	594	82	T	0	0	82	40.6219512195122
A_NA_N2	595	82	A	0	0	82	40.0365853658537
A_NA_N2	596	82	A	0	0	82	41.3414634146341
A_NA_N2	597	82	A	0	0	82	40.9878048780488
A_NA_N2	598	82	A	0	0	82	43.4268292682927
A_NA_N2	599	82	A	0	0	81	44.2469135802469
A_NA_N2	600	82	T	0	0	82	44.0121951219512
A_NA_N2	601	82	G	0	0	82	42.9390243902439
A_NA_N2	602	82	C	0	0	82	41.0609756097561
A_NA_N2	603	82	A	0	0	82	39.6829268292683
A_NA_N2	604	82	A	0	0	82	39.5121951219512
A_NA_N2	605	82	C	0	0	81	39.4938271604938
A_NA_N2	606	82	T	0	0	82	39.0609756097561
A_NA_N2	607	82	G	0	0	82	38.4634146341463
A_NA_N2	608	82	C	0	0	82	39.8292682926829
A_NA_N2	609	82	T	0	0	82	39.1707317073171
A_NA_N2	610	82	A	0	0	82	39.0243902439024
A_NA_N2	611	82	G	0	0	82	38.6341463414634
A_NA_N2	612	82	C	0	0	82	37.9390243902439
A_NA_N2	613	82	T	0	0	82	37.2317073170732
A_NA_N2	614	82	T	0	0	82	37.5
A_NA_N2	615	82	C	0	0	82	36.4634146341463
A_NA_N2	616	82	A	0	0	82	37.5853658536585
A_NA_N2	617	82	T	0	0	82	38.219512195122
A_NA_N2	618	82	T	0	0	82	39.0975609756098
A_NA_N2	619	82	T	0	0	82	40.3414634146341
A_NA_N2	620	82	A	0	0	82	38.8292682926829
A_NA_N2	621	82	C	0	0	82	39.7073170731707
A_NA_N2	622	82	A	0	0	82	38.8536585365854
A_NA_N2	623	82	A	0	0	82	38.609756097561
A_NA_N2	624	82	T	0	0	82	39.4878048780488
A_NA_N2	625	82	G	0	0	82	39.3536585365854
A_NA_N2	626	82	G	0	0	82	38.219512195122
A_NA_N2	627	82	G	0	0	82	37.1707317073171
A_NA_N2	628	82	A	0	0	82	37.280487804878
A_NA_N2	629	82	G	0	0	82	37.4634146341463
A_NA_N2	630	82	G	0	0	82	36.3658536585366
A_NA_N2	631	82	C	0	0	82	37.9146341463415
A_NA_N2	632	81	T	1	0	81	37.8518518518519
A_NA_N2	633	81	T	1	0	81	37.8271604938272
A_NA_N2	634	81	G	1	0	81	37.7160493827161
A_NA_N2	635	81	T	1	0	81	38.641975308642
A_NA_N2	636	81	A	1	0	81	36.9876543209877
A_NA_N2	637	81	G	1	0	81	36.5925925925926
A_NA_N2	638	81	A	1	0	81	37.3950617283951
A_NA_N2	639	82	T	0	0	82	37.780487804878
A_NA_N2	640	83	A	0	0	83	37.5180722891566
A_NA_N2	641	83	G	0	0	83	37.8433734939759
A_NA_N2	642	83	T	0	0	83	39.289156626506
A_NA_N2	643	83	G	0	0	83	38.9879518072289
A_NA_N2	644	83	T	0	0	83	38.6265060240964
A_NA_N2	645	83	T	0	0	83	38.9518072289157
A_NA_N2	646	83	G	0	0	83	38.6385542168675
A_NA_N2	647	83	T	0	0	83	38.6385542168675
A_NA_N2	648	82	T	1	0	82	39.1707317073171
A_NA_N2	649	82	T	1	0	82	39.7439024390244
A_NA_N2	650	82	C	1	0	81	38.0617283950617
A_NA_N2	651	82	A	1	0	81	38.7037037037037
A_NA_N2	652	83	T	0	0	83	38.8795180722892
A_NA_N2	653	83	G	0	0	83	35.8313253012048
A_NA_N2	654	82	G	1	0	82	36.4268292682927
A_NA_N2	655	82	T	1	0	81	36.3086419753086
A_NA_N2	656	82	C	1	0	79	36.7088607594937
A_NA_N2	657	82	C	1	0	81	37.9259259259259
A_NA_N2	658	82	A	1	0	81	38.9259259259259
A_NA_N2	659	83	A	0	0	83	38.1686746987952
A_NA_N2	660	83	C	0	0	81	38.6049382716049
A_NA_N2	661	83	G	0	0	81	37.5308641975309
A_NA_N2	662	82	A	1	0	82	37.2317073170732
A_NA_N2	663	81	T	2	0	81	38.8395061728395
A_NA_N2	664	81	A	2	0	81	37.3456790123457
A_NA_N2	665	81	T	2	0	79	37.0506329113924
A_NA_N2	666	82	T	1	0	82	36.1707317073171
A_NA_N2	667	82	C	1	0	81	34.4197530864198
A_NA_N2	668	82	T	1	0	82	34.0487804878049
A_NA_N2	669	81	C	2	0	80	33.5125
A_NA_N2	670	83	A	0	0	82	34.5121951219512
A_NA_N2	671	83	G	0	0	83	34.6385542168675
A_NA_N2	672	83	A	0	0	83	37.2650602409639
A_NA_N2	673	83	A	0	0	82	37.7682926829268
A_NA_N2	674	83	C	0	0	82	37.6951219512195
A_NA_N2	675	83	C	0	0	82	39.0365853658537
A_NA_N2	676	83	C	0	0	83	39.6024096385542
A_NA_N2	677	83	A	0	0	83	38.7349397590361
A_NA_N2	678	83	G	0	0	82	40.2317073170732
A_NA_N2	679	83	G	0	0	83	40.6265060240964
A_NA_N2	680	83	A	0	0	83	40.8313253012048
A_NA_N2	681	83	G	0	0	83	40.5542168674699
A_NA_N2	682	83	T	0	0	83	40.9759036144578
A_NA_N2	683	83	C	0	0	83	39.8433734939759
A_NA_N2	684	83	A	0	0	83	39.4819277108434
A_NA_N2	685	83	G	0	0	83	39.6867469879518
A_NA_N2	686	83	A	0	0	83	40.7710843373494
A_NA_N2	687	83	A	0	0	83	40.1686746987952
A_NA_N2	688	83	T	0	0	83	40.0481927710843
A_NA_N2	689	83	G	0	0	83	40.4457831325301
A_NA_N2	690	83	C	0	0	82	40.0487804878049
A_NA_N2	691	83	G	0	0	83	38.6746987951807
A_NA_N2	692	83	T	0	0	83	38.5180722891566
A_NA_N2	693	83	T	0	0	83	38.3975903614458
A_NA_N2	694	83	T	0	0	82	39.1463414634146
A_NA_N2	695	83	G	0	0	83	38.6506024096386
A_NA_N2	696	83	T	0	0	83	41.433734939759
A_NA_N2	697	83	A	0	0	83	40.6746987951807
A_NA_N2	698	83	T	0	0	83	40.6385542168675
A_NA_N2	699	83	C	0	0	83	39.9277108433735
A_NA_N2	700	83	A	0	0	83	39.5301204819277
A_NA_N2	701	83	A	0	0	83	40.2409638554217
A_NA_N2	702	83	T	0	0	83	39.5421686746988
A_NA_N2	703	83	G	0	0	83	38.8072289156626
A_NA_N2	704	83	G	0	0	83	36.7469879518072
A_NA_N2	705	83	A	0	0	83	37.6265060240964
A_NA_N2	706	83	A	0	0	83	37.5542168674699
A_NA_N2	707	83	C	0	0	83	36.7590361445783
A_NA_N2	708	83	T	0	0	83	38.2048192771084
A_NA_N2	709	83	T	0	0	83	39
A_NA_N2	710	83	G	0	0	83	38.0722891566265
A_NA_N2	711	83	T	0	0	83	38.8433734939759
A_NA_N2	712	83	A	0	0	83	38.6385542168675
A_NA_N2	713	83	C	0	0	83	38.5542168674699
A_NA_N2	714	83	A	0	0	83	37.8795180722892
A_NA_N2	715	83	G	0	0	83	38.5903614457831
A_NA_N2	716	83	T	0	0	83	38.3975903614458
A_NA_N2	717	83	A	0	0	83	37.2650602409639
A_NA_N2	718	83	G	0	0	83	38.0963855421687
A_NA_N2	719	83	T	0	0	83	36.6987951807229
A_NA_N2	720	83	A	0	0	83	35.9397590361446
A_NA_N2	721	83	A	0	0	83	36.9638554216867
A_NA_N2	722	83	T	0	0	83	38.3855421686747
A_NA_N2	723	83	G	0	0	83	38.8433734939759
A_NA_N2	724	83	A	0	0	83	39.6024096385542
A_NA_N2	725	83	C	0	0	83	40.1204819277108
A_NA_N2	726	83	T	0	0	82	40.1829268292683
A_NA_N2	727	83	G	0	0	82	39.8048780487805
A_NA_N2	728	83	A	0	0	83	40.8915662650602
A_NA_N2	729	83	T	0	0	83	39.9156626506024
A_NA_N2	730	83	G	0	0	83	39.144578313253
A_NA_N2	731	83	G	0	0	83	39.433734939759
A_NA_N2	732	83	A	0	0	83	40.2771084337349
A_NA_N2	733	83	A	0	0	83	40.7710843373494
A_NA_N2	734	83	A	0	0	83	40.855421686747
A_NA_N2	735	83	T	0	0	83	41.6144578313253
A_NA_N2	736	83	G	0	0	83	40.9397590361446
A_NA_N2	737	82	C	1	0	82	39.6463414634146
A_NA_N2	738	82	T	1	0	82	41.2317073170732
A_NA_N2	739	83	A	0	0	83	38.710843373494
A_NA_N2	740	83	C	0	0	82	38.7073170731707
A_NA_N2	741	82	A	1	0	82	38.5975609756098
A_NA_N2	742	83	G	0	0	83	37.5542168674699
A_NA_N2	743	83	G	0	0	83	37.566265060241
A_NA_N2	744	81	A	2	0	81	38.0123456790123
A_NA_N2	745	81	A	2	0	80	39.2375
A_NA_N2	746	83	A	0	0	82	41.8170731707317
A_NA_N2	747	83	A	0	0	82	41.7317073170732
A_NA_N2	748	83	G	0	0	83	40.3855421686747
A_NA_N2	749	83	C	0	0	83	41.0481927710843
A_NA_N2	750	83	T	0	0	82	40.2317073170732
A_NA_N2	751	83	G	0	0	82	39
A_NA_N2	752	83	A	0	0	83	38.0361445783133
A_NA_N2	753	83	T	0	0	83	38.4096385542169
A_NA_N2	754	82	A	1	0	82	38.4390243902439
A_NA_N2	755	83	C	0	0	81	36.4074074074074
A_NA_N2	756	83	T	0	0	81	36.0246913580247
A_NA_N2	757	83	A	0	0	82	36.3048780487805
A_NA_N2	758	83	A	0	0	83	37.7951807228916
A_NA_N2	759	83	A	0	0	83	38.8795180722892
A_NA_N2	760	83	A	0	0	82	39.2439024390244
A_NA_N2	761	82	T	0	0	81	39.7530864197531
A_NA_N2	762	82	A	0	0	81	39.5308641975309
A_NA_N2	763	82	C	0	0	82	38.1585365853659
A_NA_N2	764	82	T	0	0	82	38.6951219512195
A_NA_N2	765	82	A	0	0	81	37.7777777777778
A_NA_N2	766	82	T	0	0	82	37.1951219512195
A_NA_N2	767	82	T	0	0	82	37.5731707317073
A_NA_N2	768	82	C	0	0	82	37.7317073170732
A_NA_N2	769	82	A	0	0	82	36.9634146341463
A_NA_N2	770	82	T	0	0	82	38.0731707317073
A_NA_N2	771	82	T	0	0	82	40.5121951219512
A_NA_N2	772	81	G	1	0	81	39.6296296296296
A_NA_N2	773	81	A	1	0	81	39.4938271604938
A_NA_N2	774	82	G	0	0	81	40.0493827160494
A_NA_N2	775	82	G	0	0	82	39.7073170731707
A_NA_N2	776	82	A	0	0	82	40.3536585365854
A_NA_N2	777	75	G	7	0	75	39.2666666666667
A_NA_N2	778	82	G	0	0	82	40.4390243902439
A_NA_N2	779	82	G	0	0	82	42.5975609756098
A_NA_N2	780	82	G	0	0	82	40.609756097561
A_NA_N2	781	81	A	1	0	81	41.4320987654321
A_NA_N2	782	82	A	0	0	82	40.1463414634146
A_NA_N2	783	82	A	0	0	82	40.1707317073171
A_NA_N2	784	82	A	0	0	82	39.780487804878
A_NA_N2	785	82	T	0	0	82	39.4146341463415
A_NA_N2	786	82	C	0	0	80	36.425
A_NA_N2	787	82	G	0	0	81	35.2469135802469
A_NA_N2	788	82	T	0	0	82	34.3658536585366
A_NA_N2	789	82	T	0	0	81	33.9012345679012
A_NA_N2	790	82	C	0	0	81	33.8395061728395
A_NA_N2	791	81	A	1	0	80	35.575
A_NA_N2	792	81	T	1	0	81	36.4814814814815
A_NA_N2	793	81	A	1	0	81	36.2716049382716
A_NA_N2	794	82	C	0	0	82	36.719512195122
A_NA_N2	795	82	T	0	0	82	37.0609756097561
A_NA_N2	796	82	A	0	0	82	36.0731707317073
A_NA_N2	797	82	G	0	0	82	35.780487804878
A_NA_N2	798	82	C	0	0	82	37.4146341463415
A_NA_N2	799	82	A	0	0	82	36.9146341463415
A_NA_N2	800	82	A	0	0	82	37.6951219512195
A_NA_N2	801	82	A	0	0	82	37.4634146341463
A_NA_N2	802	82	T	0	0	81	38.7530864197531
A_NA_N2	803	82	T	0	0	82	37.8292682926829
A_NA_N2	804	82	G	0	0	81	37.7037037037037
A_NA_N2	805	82	T	0	0	82	37.6707317073171
A_NA_N2	806	79	C	3	0	78	35.4871794871795
A_NA_N2	807	82	A	0	0	82	34
A_NA_N2	808	82	G	0	0	82	34.0731707317073
A_NA_N2	809	82	G	0	0	82	34.609756097561
A_NA_N2	810	81	A	1	0	81	34.7901234567901
A_NA_N2	811	82	A	0	0	81	40.962962962963
A_NA_N2	812	82	G	0	0	82	41.9390243902439
A_NA_N2	813	82	T	0	0	82	42.0609756097561
A_NA_N2	814	82	G	0	0	82	41.4024390243902
A_NA_N2	815	82	C	0	0	81	39.8888888888889
A_NA_N2	816	82	T	0	0	81	40.8148148148148
A_NA_N2	817	82	C	0	0	80	38.5375
A_NA_N2	818	82	A	0	0	82	38.7926829268293
A_NA_N2	819	82	G	0	0	82	39.1341463414634
A_NA_N2	820	82	C	0	0	81	39.6666666666667
A_NA_N2	821	82	A	0	0	82	39.1585365853659
A_NA_N2	822	82	T	0	0	82	40.1829268292683
A_NA_N2	823	81	G	1	0	81	39.3333333333333
A_NA_N2	824	81	T	1	0	81	38.9259259259259
A_NA_N2	825	81	C	1	0	81	36.4691358024691
A_NA_N2	826	81	G	1	0	80	36.5
A_NA_N2	827	82	A	0	0	82	36.6463414634146
A_NA_N2	828	82	A	0	0	81	37.6172839506173
A_NA_N2	829	82	G	0	0	81	39.2222222222222
A_NA_N2	830	82	A	0	0	82	39.7317073170732
A_NA_N2	831	82	G	0	0	81	40.5432098765432
A_NA_N2	832	82	T	0	0	82	39.8414634146341
A_NA_N2	833	82	G	0	0	82	40.0365853658537
A_NA_N2	834	82	C	0	0	82	39.780487804878
A_NA_N2	835	82	T	0	0	82	39.7439024390244
A_NA_N2	836	82	C	0	0	82	40.7926829268293
A_NA_N2	837	82	T	0	0	81	40.3703703703704
A_NA_N2	838	82	T	0	0	82	39.6951219512195
A_NA_N2	839	82	G	0	0	82	39.8292682926829
A_NA_N2	840	82	C	0	0	82	40.5609756097561
A_NA_N2	841	82	T	0	0	82	40.3170731707317
A_NA_N2	842	82	A	0	0	82	39.890243902439
A_NA_N2	843	82	T	0	0	82	40.6951219512195
A_NA_N2	844	82	C	0	0	82	39.6707317073171
A_NA_N2	845	82	C	0	0	82	39.4268292682927
A_NA_N2	846	82	T	0	0	82	39.3536585365854
A_NA_N2	847	82	C	0	0	82	39.1829268292683
A_NA_N2	848	82	G	0	0	82	39.5243902439024
A_NA_N2	849	82	A	0	0	82	39.8414634146341
A_NA_N2	850	82	T	0	0	82	40.0243902439024
A_NA_N2	851	82	A	0	0	82	40.2682926829268
A_NA_N2	852	82	T	0	0	82	40.9390243902439
A_NA_N2	853	82	C	0	0	82	42.0731707317073
A_NA_N2	854	82	C	0	0	82	41.219512195122
A_NA_N2	855	82	T	0	0	82	41.390243902439
A_NA_N2	856	82	G	0	0	82	41.5609756097561
A_NA_N2	857	82	G	0	0	82	41.4512195121951
A_NA_N2	858	82	T	0	0	82	41.2560975609756
A_NA_N2	859	82	G	0	0	82	40.9634146341463
A_NA_N2	860	82	T	0	0	82	40.890243902439
A_NA_N2	861	82	C	0	0	82	39.9390243902439
A_NA_N2	862	82	A	0	0	82	37.4146341463415
A_NA_N2	863	82	G	0	0	82	38.3170731707317
A_NA_N2	864	82	A	0	0	82	38.4390243902439
A_NA_N2	865	82	T	0	0	82	38.4634146341463
A_NA_N2	866	82	G	0	0	82	39.7317073170732
A_NA_N2	867	82	T	0	0	82	40.8170731707317
A_NA_N2	868	82	G	0	0	82	39.9756097560976
A_NA_N2	869	82	T	0	0	82	39.4268292682927
A_NA_N2	870	82	C	0	0	82	38.1951219512195
A_NA_N2	871	83	T	0	0	82	38.2926829268293
A_NA_N2	872	83	G	0	0	83	37.144578313253
A_NA_N2	873	83	C	0	0	83	37.0481927710843
A_NA_N2	874	83	A	0	0	83	35.3493975903614
A_NA_N2	875	83	G	0	0	83	35.7590361445783
A_NA_N2	876	83	A	0	0	83	36.3734939759036
A_NA_N2	877	83	G	0	0	83	36.710843373494
A_NA_N2	878	83	A	0	0	83	39
A_NA_N2	879	83	C	0	0	83	39.2289156626506
A_NA_N2	880	83	A	0	0	83	39.4096385542169
A_NA_N2	881	83	A	0	0	83	40.2289156626506
A_NA_N2	882	83	C	0	0	82	41
A_NA_N2	883	83	T	0	0	83	40.0963855421687
A_NA_N2	884	82	G	1	0	82	39.5975609756098
A_NA_N2	885	83	G	0	0	82	40.7560975609756
A_NA_N2	886	83	A	0	0	82	39.7317073170732
A_NA_N2	887	83	A	0	0	83	41.1686746987952
A_NA_N2	888	83	A	0	0	82	42.0365853658537
A_NA_N2	889	83	G	0	0	83	41.8674698795181
A_NA_N2	890	83	G	0	0	82	42
A_NA_N2	891	83	A	0	0	83	42.433734939759
A_NA_N2	892	83	T	0	0	83	42.4096385542169
A_NA_N2	893	83	C	0	0	83	42.0722891566265
A_NA_N2	894	83	C	0	0	83	40.8915662650602
A_NA_N2	895	83	A	0	0	82	41
A_NA_N2	896	83	A	0	0	83	40.3614457831325
A_NA_N2	897	83	C	0	0	83	40.9879518072289
A_NA_N2	898	83	C	0	0	83	40.0361445783133
A_NA_N2	899	83	G	0	0	82	39.0487804878049
A_NA_N2	900	83	G	0	0	83	38.8674698795181
A_NA_N2	901	83	C	0	0	83	39
A_NA_N2	902	82	C	1	0	82	38.609756097561
A_NA_N2	903	82	C	1	0	82	39.6585365853659
A_NA_N2	904	82	A	1	0	82	39.0487804878049
A_NA_N2	905	83	T	0	0	83	38.8072289156626
A_NA_N2	906	83	C	0	0	83	39.2289156626506
A_NA_N2	907	83	A	0	0	83	38.8674698795181
A_NA_N2	908	83	T	0	0	83	39.8313253012048
A_NA_N2	909	83	A	0	0	81	40.3456790123457
A_NA_N2	910	83	G	0	0	81	41.6543209876543
A_NA_N2	911	83	A	0	0	83	40.7590361445783
A_NA_N2	912	83	T	0	0	81	41.9753086419753
A_NA_N2	913	83	A	0	0	82	41.3536585365854
A_NA_N2	914	83	T	0	0	83	41.1084337349398
A_NA_N2	915	83	A	0	0	83	40.0602409638554
A_NA_N2	916	83	A	0	0	83	40.6385542168675
A_NA_N2	917	83	A	0	0	83	41.1325301204819
A_NA_N2	918	83	C	0	0	83	40.4096385542169
A_NA_N2	919	83	A	0	0	83	40.4457831325301
A_NA_N2	920	83	T	0	0	83	39.6987951807229
A_NA_N2	921	83	A	0	0	83	38.9638554216867
A_NA_N2	922	83	A	0	0	83	39.6265060240964
A_NA_N2	923	83	A	0	0	83	40.6867469879518
A_NA_N2	924	83	G	0	0	83	40.8313253012048
A_NA_N2	925	83	G	0	0	82	41.6463414634146
A_NA_N2	926	83	A	0	0	83	41.6024096385542
A_NA_N2	927	83	T	0	0	83	42.3253012048193
A_NA_N2	928	83	C	0	0	82	42.0975609756098
A_NA_N2	929	83	A	0	0	83	41.6987951807229
A_NA_N2	930	83	T	0	0	82	41.5731707317073
A_NA_N2	931	82	A	1	0	82	40.4512195121951
A_NA_N2	932	82	G	1	0	81	41.3703703703704
A_NA_N2	933	82	C	1	0	82	40.7439024390244
A_NA_N2	934	83	A	0	0	83	40.4698795180723
A_NA_N2	935	83	T	0	0	82	41.7682926829268
A_NA_N2	936	83	T	0	0	83	41.9277108433735
A_NA_N2	937	83	G	0	0	83	41.0361445783133
A_NA_N2	938	83	T	0	0	83	41.8433734939759
A_NA_N2	939	83	T	0	0	83	41.9518072289157
A_NA_N2	940	83	T	0	0	83	42.2771084337349
A_NA_N2	941	83	C	0	0	83	40.8433734939759
A_NA_N2	942	83	C	0	0	82	40.9756097560976
A_NA_N2	943	83	A	0	0	83	40.6746987951807
A_NA_N2	944	83	G	0	0	83	40.2048192771084
A_NA_N2	945	83	G	0	0	83	39.6867469879518
A_NA_N2	946	83	T	0	0	83	40.4698795180723
A_NA_N2	947	83	A	0	0	83	40.578313253012
A_NA_N2	948	83	T	0	0	83	42.433734939759
A_NA_N2	949	83	G	0	0	83	42.7831325301205
A_NA_N2	950	83	T	0	0	83	41.4698795180723
A_NA_N2	951	83	G	0	0	83	42.3614457831325
A_NA_N2	952	83	T	0	0	82	41.9878048780488
A_NA_N2	953	83	G	0	0	83	41.2771084337349
A_NA_N2	954	83	T	0	0	83	41.0722891566265
A_NA_N2	955	83	T	0	0	82	39.7682926829268
A_NA_N2	956	83	C	0	0	83	38.3734939759036
A_NA_N2	957	83	T	0	0	83	37.3614457831325
A_NA_N2	958	83	G	0	0	83	37.2650602409639
A_NA_N2	959	83	G	0	0	83	39.4096385542169
A_NA_N2	960	83	A	0	0	83	39.4819277108434
A_NA_N2	961	83	C	0	0	83	40.566265060241
A_NA_N2	962	83	T	0	0	83	39.3373493975904
A_NA_N2	963	83	T	0	0	83	38.6024096385542
A_NA_N2	964	83	G	0	0	83	39.0361445783133
A_NA_N2	965	83	T	0	0	83	39.2771084337349
A_NA_N2	966	83	T	0	0	83	40.5180722891566
A_NA_N2	967	83	G	0	0	83	40.1807228915663
A_NA_N2	968	83	G	0	0	83	40.7951807228916
A_NA_N2	969	83	A	0	0	83	41.4698795180723
A_NA_N2	970	83	G	0	0	83	41.9759036144578
A_NA_N2	971	83	A	0	0	83	42.0963855421687
A_NA_N2	972	83	C	0	0	83	41.9879518072289
A_NA_N2	973	83	A	0	0	83	40.0120481927711
A_NA_N2	974	83	C	0	0	83	41.0240963855422
A_NA_N2	975	83	A	0	0	82	39.3048780487805
A_NA_N2	976	81	C	2	0	81	38.4567901234568
A_NA_N2	977	83	C	0	0	83	37.7590361445783
A_NA_N2	978	83	C	0	0	81	37.2962962962963
A_NA_N2	979	81	A	2	0	81	32.9135802469136
A_NA_N2	980	82	G	1	0	81	36.1358024691358
A_NA_N2	981	82	A	1	0	82	38.1829268292683
A_NA_N2	982	82	A	1	0	80	39.5375
A_NA_N2	983	83	A	0	0	82	39.5121951219512
A_NA_N2	984	82	A	1	0	82	41.6341463414634
A_NA_N2	985	82	A	1	0	82	41.2073170731707
A_NA_N2	986	82	G	1	0	81	41.2716049382716
A_NA_N2	987	82	C	1	0	82	40.4268292682927
A_NA_N2	988	82	G	1	0	82	38.7439024390244
A_NA_N2	989	83	A	0	0	82	37.9634146341463
A_NA_N2	990	83	C	0	0	83	38.7349397590361
A_NA_N2	991	83	A	0	0	83	39.1084337349398
A_NA_N2	992	83	G	0	0	83	40.289156626506
A_NA_N2	993	83	C	0	0	83	40.4819277108434
A_NA_N2	994	83	T	0	0	83	41
A_NA_N2	995	83	C	0	0	83	39.7831325301205
A_NA_N2	996	83	C	0	0	83	39.7469879518072
A_NA_N2	997	83	A	0	0	83	38.2168674698795
A_NA_N2	998	83	G	0	0	83	38.8433734939759
A_NA_N2	999	83	C	0	0	83	40.1204819277108
A_NA_N2	1000	83	A	0	0	83	40.8313253012048
A_NA_N2	1001	83	A	0	0	83	41.4939759036145
A_NA_N2	1002	83	T	0	0	82	41.6219512195122
A_NA_N2	1003	83	A	0	0	82	39.9390243902439
A_NA_N2	1004	83	G	0	0	82	40.6707317073171
A_NA_N2	1005	83	C	0	0	83	40.9518072289157
A_NA_N2	1006	83	C	0	0	83	40.3855421686747
A_NA_N2	1007	83	A	0	0	83	39.9397590361446
A_NA_N2	1008	83	C	0	0	83	40.5421686746988
A_NA_N2	1009	83	T	0	0	83	40.7590361445783
A_NA_N2	1010	83	G	0	0	83	39.9518072289157
A_NA_N2	1011	83	T	0	0	83	39.6506024096386
A_NA_N2	1012	83	T	0	0	83	40.8313253012048
A_NA_N2	1013	83	T	0	0	83	40.6506024096386
A_NA_N2	1014	83	G	0	0	83	40.6024096385542
A_NA_N2	1015	83	A	0	0	83	41.566265060241
A_NA_N2	1016	83	A	0	0	83	41.3855421686747
A_NA_N2	1017	83	C	0	0	83	40.7469879518072
A_NA_N2	1018	83	C	0	0	83	39.9397590361446
A_NA_N2	1019	83	C	0	0	83	39.5180722891566
A_NA_N2	1020	83	T	0	0	83	39.3614457831325
A_NA_N2	1021	83	A	0	0	83	37.4578313253012
A_NA_N2	1022	83	A	0	0	83	38.1204819277108
A_NA_N2	1023	83	C	0	0	83	39.4096385542169
A_NA_N2	1024	83	A	0	0	83	38.7951807228916
A_NA_N2	1025	83	A	0	0	83	37.4096385542169
A_NA_N2	1026	83	T	0	0	83	38.4819277108434
A_NA_N2	1027	83	G	0	0	82	38.2682926829268
A_NA_N2	1028	83	A	0	0	83	37.8674698795181
A_NA_N2	1029	83	A	0	0	83	39.3493975903614
A_NA_N2	1030	83	A	0	0	83	38.6144578313253
A_NA_N2	1031	83	A	0	0	83	40.9277108433735
A_NA_N2	1032	83	A	0	0	83	42.3734939759036
A_NA_N2	1033	83	G	0	0	83	43.3132530120482
A_NA_N2	1034	83	G	0	0	83	43.3975903614458
A_NA_N2	1035	83	T	0	0	83	42.9638554216867
A_NA_N2	1036	83	G	0	0	83	41.8192771084337
A_NA_N2	1037	83	A	0	0	83	42.3012048192771
A_NA_N2	1038	83	T	0	0	83	42.7710843373494
A_NA_N2	1039	83	C	0	0	83	40.7951807228916
A_NA_N2	1040	83	A	0	0	83	42.0240963855422
A_NA_N2	1041	83	T	0	0	83	42.2409638554217
A_NA_N2	1042	83	G	0	0	83	40.0843373493976
A_NA_N2	1043	83	G	0	0	83	40.7469879518072
A_NA_N2	1044	83	A	0	0	83	40.7228915662651
A_NA_N2	1045	83	G	0	0	83	40.9397590361446
A_NA_N2	1046	83	T	0	0	83	41.1566265060241
A_NA_N2	1047	83	G	0	0	83	40.6265060240964
A_NA_N2	1048	83	A	0	0	83	41.0602409638554
A_NA_N2	1049	83	A	0	0	83	42.421686746988
A_NA_N2	1050	83	A	0	0	82	42.3414634146341
A_NA_N2	1051	83	G	0	0	82	41.6829268292683
A_NA_N2	1052	82	G	1	0	81	42.6172839506173
A_NA_N2	1053	81	C	2	0	81	42.0493827160494
A_NA_N2	1054	82	T	1	0	82	40.7439024390244
A_NA_N2	1055	83	G	0	0	82	39.7073170731707
A_NA_N2	1056	83	G	0	0	83	41.3373493975904
A_NA_N2	1057	83	G	0	0	83	41.1204819277108
A_NA_N2	1058	83	C	0	0	83	41.710843373494
A_NA_N2	1059	83	C	0	0	82	42.4024390243902
A_NA_N2	1060	83	T	0	0	83	41.2409638554217
A_NA_N2	1061	83	T	0	0	83	40.5903614457831
A_NA_N2	1062	83	T	0	0	81	41.7160493827161
A_NA_N2	1063	83	G	0	0	82	38.8292682926829
A_NA_N2	1064	83	A	0	0	83	38.9759036144578
A_NA_N2	1065	83	T	0	0	82	40.109756097561
A_NA_N2	1066	82	G	1	0	81	39.4320987654321
A_NA_N2	1067	82	A	1	0	82	37.9634146341463
A_NA_N2	1068	82	T	1	0	82	37.9390243902439
A_NA_N2	1069	82	G	1	0	82	37.1585365853659
A_NA_N2	1070	82	G	1	0	82	38.7439024390244
A_NA_N2	1071	83	A	0	0	83	38.7710843373494
A_NA_N2	1072	83	A	0	0	83	40.710843373494
A_NA_N2	1073	83	A	0	0	83	41.5421686746988
A_NA_N2	1074	83	T	0	0	83	40.9638554216867
A_NA_N2	1075	83	G	0	0	83	40.3975903614458
A_NA_N2	1076	83	A	0	0	83	41.1325301204819
A_NA_N2	1077	83	C	0	0	83	40.0722891566265
A_NA_N2	1078	83	G	0	0	83	39.0120481927711
A_NA_N2	1079	83	T	0	0	83	39.8192771084337
A_NA_N2	1080	83	G	0	0	83	39.3734939759036
A_NA_N2	1081	83	T	0	0	83	39.421686746988
A_NA_N2	1082	83	G	0	0	83	35.8433734939759
A_NA_N2	1083	83	G	0	0	83	36.0481927710843
A_NA_N2	1084	83	A	0	0	83	35.1204819277108
A_NA_N2	1085	83	T	0	0	83	35.0481927710843
A_NA_N2	1086	82	G	1	0	82	33.7560975609756
A_NA_N2	1087	83	G	0	0	83	37.8192771084337
A_NA_N2	1088	83	G	0	0	83	37.7349397590361
A_NA_N2	1089	83	G	0	0	82	36.8780487804878
A_NA_N2	1090	83	A	0	0	83	38.710843373494
A_NA_N2	1091	83	G	0	0	82	38.9878048780488
A_NA_N2	1092	83	A	0	0	83	38.289156626506
A_NA_N2	1093	83	A	0	0	83	39
A_NA_N2	1094	83	C	0	0	82	39.2682926829268
A_NA_N2	1095	83	A	0	0	83	38.4819277108434
A_NA_N2	1096	82	A	1	0	82	40.219512195122
A_NA_N2	1097	82	T	1	0	82	41.3048780487805
A_NA_N2	1098	82	C	1	0	82	39.0121951219512
A_NA_N2	1099	82	A	1	0	80	38.4375
A_NA_N2	1100	82	A	1	0	82	37
A_NA_N2	1101	82	C	1	0	82	37.6219512195122
A_NA_N2	1102	83	G	0	0	83	36.4096385542169
A_NA_N2	1103	83	A	0	0	82	37.9390243902439
A_NA_N2	1104	83	G	0	0	83	38.3132530120482
A_NA_N2	1105	83	A	0	0	83	38.7831325301205
A_NA_N2	1106	82	C	1	0	81	39.2345679012346
A_NA_N2	1107	83	G	0	0	82	38.9390243902439
A_NA_N2	1108	83	T	0	0	82	40.0975609756098
A_NA_N2	1109	83	C	0	0	83	37.9879518072289
A_NA_N2	1110	83	A	0	0	83	38.3855421686747
A_NA_N2	1111	83	C	0	0	83	38.2168674698795
A_NA_N2	1112	83	G	0	0	82	37.6951219512195
A_NA_N2	1113	83	C	0	0	83	38.0361445783133
A_NA_N2	1114	83	T	0	0	83	37.3132530120482
A_NA_N2	1115	83	T	0	0	83	37.4578313253012
A_NA_N2	1116	83	A	0	0	82	35.9878048780488
A_NA_N2	1117	82	G	1	0	82	35.9878048780488
A_NA_N2	1118	83	G	0	0	83	37.2771084337349
A_NA_N2	1119	83	G	0	0	83	38.1566265060241
A_NA_N2	1120	83	T	0	0	82	38.2073170731707
A_NA_N2	1121	83	A	0	0	83	39.578313253012
A_NA_N2	1122	83	T	0	0	82	40.6707317073171
A_NA_N2	1123	83	G	0	0	83	39.421686746988
A_NA_N2	1124	83	A	0	0	83	39.1807228915663
A_NA_N2	1125	83	A	0	0	83	40.5060240963855
A_NA_N2	1126	83	A	0	0	83	39.7710843373494
A_NA_N2	1127	83	C	0	0	83	39.7469879518072
A_NA_N2	1128	83	C	0	0	83	39.9879518072289
A_NA_N2	1129	83	T	0	0	83	39.1084337349398
A_NA_N2	1130	83	T	0	0	83	38.4939759036145
A_NA_N2	1131	83	C	0	0	82	38.0975609756098
A_NA_N2	1132	83	A	0	0	82	37.3048780487805
A_NA_N2	1133	83	A	0	0	82	37.5609756097561
A_NA_N2	1134	83	A	0	0	83	37.7349397590361
A_NA_N2	1135	83	G	0	0	83	37.2048192771084
A_NA_N2	1136	83	T	0	0	83	37.5060240963855
A_NA_N2	1137	83	C	0	0	82	36.390243902439
A_NA_N2	1138	83	G	0	0	83	36.1927710843374
A_NA_N2	1139	83	T	0	0	83	37.5180722891566
A_NA_N2	1140	83	T	0	0	82	38.5731707317073
A_NA_N2	1141	83	G	0	0	83	38.2289156626506
A_NA_N2	1142	83	A	0	0	83	39.4578313253012
A_NA_N2	1143	83	A	0	0	83	40.6506024096386
A_NA_N2	1144	83	G	0	0	83	41.9879518072289
A_NA_N2	1145	82	G	1	0	82	42.5975609756098
A_NA_N2	1146	82	C	1	0	82	42.0243902439024
A_NA_N2	1147	82	T	1	0	82	40.7560975609756
A_NA_N2	1148	82	G	1	0	82	37.4024390243902
A_NA_N2	1149	82	G	1	0	82	37.3536585365854
A_NA_N2	1150	82	T	1	0	82	36.8292682926829
A_NA_N2	1151	82	C	1	0	82	37.0121951219512
A_NA_N2	1152	82	C	1	0	79	37.5189873417722
A_NA_N2	1153	83	A	0	0	83	37.8192771084337
A_NA_N2	1154	83	A	0	0	83	38.2168674698795
A_NA_N2	1155	82	C	1	0	80	39.5375
A_NA_N2	1156	83	C	0	0	83	39.3493975903614
A_NA_N2	1157	83	C	0	0	81	40.4197530864198
A_NA_N2	1158	83	T	0	0	81	41.2962962962963
A_NA_N2	1159	81	A	2	0	80	39.6375
A_NA_N2	1160	83	A	0	0	82	38.7317073170732
A_NA_N2	1161	83	G	0	0	83	38.421686746988
A_NA_N2	1162	83	T	0	0	83	39.1686746987952
A_NA_N2	1163	83	C	0	0	83	39.0240963855422
A_NA_N2	1164	83	C	0	0	83	40.3132530120482
A_NA_N2	1165	83	A	0	0	83	39.3614457831325
A_NA_N2	1166	83	A	0	0	83	40.5060240963855
A_NA_N2	1167	83	A	0	0	83	40.6746987951807
A_NA_N2	1168	82	T	0	0	82	40.9390243902439
A_NA_N2	1169	82	T	0	0	82	40.6463414634146
A_NA_N2	1170	82	G	0	0	81	41.0617283950617
A_NA_N2	1171	81	C	1	0	81	40.5185185185185
A_NA_N2	1172	82	A	0	0	82	40.5243902439024
A_NA_N2	1173	82	G	0	0	81	40.3086419753086
A_NA_N2	1174	82	A	0	0	82	40.4634146341463
A_NA_N2	1175	82	T	0	0	81	41.358024691358
A_NA_N2	1176	82	A	0	0	82	41.6585365853659
A_NA_N2	1177	82	A	0	0	82	41.6219512195122
A_NA_N2	1178	82	A	0	0	82	43.0975609756098
A_NA_N2	1179	82	T	0	0	82	42.0365853658537
A_NA_N2	1180	82	A	0	0	81	41.2222222222222
A_NA_N2	1181	82	G	0	0	82	41.3780487804878
A_NA_N2	1182	82	G	0	0	82	39.8292682926829
A_NA_N2	1183	82	C	0	0	82	40.5853658536585
A_NA_N2	1184	82	A	0	0	82	40.3658536585366
A_NA_N2	1185	82	A	0	0	82	41.3048780487805
A_NA_N2	1186	81	G	1	0	81	40.6543209876543
A_NA_N2	1187	83	T	0	0	82	39.9512195121951
A_NA_N2	1188	83	C	0	0	83	39.2048192771084
A_NA_N2	1189	83	A	0	0	83	39.2771084337349
A_NA_N2	1190	83	T	0	0	83	39.4698795180723
A_NA_N2	1191	83	A	0	0	83	38.7831325301205
A_NA_N2	1192	83	G	0	0	83	39.2650602409639
A_NA_N2	1193	83	T	0	0	83	40.1325301204819
A_NA_N2	1194	84	T	0	0	84	40.4285714285714
A_NA_N2	1195	84	G	0	0	84	39.4047619047619
A_NA_N2	1196	84	A	0	0	84	39.7857142857143
A_NA_N2	1197	84	C	0	0	84	40.0833333333333
A_NA_N2	1198	84	A	0	0	84	38.25
A_NA_N2	1199	84	A	0	0	84	38.7619047619048
A_NA_N2	1200	84	A	0	0	84	37.4166666666667
A_NA_N2	1201	84	G	0	0	84	38.0476190476191
A_NA_N2	1202	84	G	0	0	84	39.7023809523809
A_NA_N2	1203	84	C	0	0	84	39.2023809523809
A_NA_N2	1204	83	G	1	0	82	38.7926829268293
A_NA_N2	1205	83	A	1	0	83	39.566265060241
A_NA_N2	1206	84	T	0	0	83	39.6144578313253
A_NA_N2	1207	84	A	0	0	84	38.3333333333333
A_NA_N2	1208	84	G	0	0	84	39.7142857142857
A_NA_N2	1209	84	G	0	0	82	39.109756097561
A_NA_N2	1210	84	T	0	0	83	37.9397590361446
A_NA_N2	1211	84	C	0	0	84	38.0714285714286
A_NA_N2	1212	84	C	0	0	83	37.6506024096386
A_NA_N2	1213	84	G	0	0	84	37.2380952380952
A_NA_N2	1214	84	G	0	0	84	38.0357142857143
A_NA_N2	1215	84	T	0	0	84	37.8571428571429
A_NA_N2	1216	84	T	0	0	84	38.2142857142857
A_NA_N2	1217	84	A	0	0	84	38.4761904761905
A_NA_N2	1218	84	T	0	0	83	41.4698795180723
A_NA_N2	1219	84	T	0	0	84	41.9047619047619
A_NA_N2	1220	84	C	0	0	84	39.6071428571429
A_NA_N2	1221	83	T	1	0	83	39
A_NA_N2	1222	84	G	0	0	83	39.1325301204819
A_NA_N2	1223	84	G	0	0	84	39.6071428571429
A_NA_N2	1224	83	T	1	0	82	38.609756097561
A_NA_N2	1225	84	A	0	0	84	39.6190476190476
A_NA_N2	1226	84	T	0	0	84	40.8214285714286
A_NA_N2	1227	83	T	0	0	83	40.4578313253012
A_NA_N2	1228	83	T	0	0	82	40.5365853658537
A_NA_N2	1229	83	T	0	0	83	42.4698795180723
A_NA_N2	1230	83	C	0	0	82	42.609756097561
A_NA_N2	1231	82	T	1	0	81	42.320987654321
A_NA_N2	1232	82	C	1	0	82	42.3536585365854
A_NA_N2	1233	82	T	1	0	82	40.9634146341463
A_NA_N2	1234	83	G	0	0	83	39.6144578313253
A_NA_N2	1235	83	T	0	0	83	41.2168674698795
A_NA_N2	1236	83	T	0	0	81	40.2345679012346
A_NA_N2	1237	83	G	0	0	81	41.4320987654321
A_NA_N2	1238	83	A	0	0	83	41.2048192771084
A_NA_N2	1239	83	A	0	0	83	42.710843373494
A_NA_N2	1240	83	G	0	0	83	42.7831325301205
A_NA_N2	1241	83	G	0	0	83	42.5421686746988
A_NA_N2	1242	83	C	0	0	83	42.9638554216867
A_NA_N2	1243	83	A	0	0	83	42.0963855421687
A_NA_N2	1244	83	A	0	0	83	41.0481927710843
A_NA_N2	1245	83	A	0	0	83	41.1807228915663
A_NA_N2	1246	83	A	0	0	82	40.6707317073171
A_NA_N2	1247	83	G	0	0	83	40.5180722891566
A_NA_N2	1248	83	C	0	0	83	39.8313253012048
A_NA_N2	1249	83	T	0	0	83	39.6626506024096
A_NA_N2	1250	83	G	0	0	83	37.8915662650602
A_NA_N2	1251	83	C	0	0	83	38.0120481927711
A_NA_N2	1252	83	A	0	0	82	37.6341463414634
A_NA_N2	1253	83	T	0	0	83	37.6987951807229
A_NA_N2	1254	83	C	0	0	83	37.5903614457831
A_NA_N2	1255	83	A	0	0	83	37.6626506024096
A_NA_N2	1256	83	A	0	0	83	38.3975903614458
A_NA_N2	1257	83	T	0	0	83	38.9277108433735
A_NA_N2	1258	83	C	0	0	81	37.7283950617284
A_NA_N2	1259	83	G	0	0	82	36.0853658536585
A_NA_N2	1260	83	G	0	0	83	35.7228915662651
A_NA_N2	1261	83	T	0	0	83	35.710843373494
A_NA_N2	1262	83	G	0	0	82	34.2317073170732
A_NA_N2	1263	83	C	0	0	83	35.8072289156626
A_NA_N2	1264	83	T	0	0	82	35.0731707317073
A_NA_N2	1265	83	T	0	0	83	32.8072289156626
A_NA_N2	1266	83	T	0	0	83	35.0120481927711
A_NA_N2	1267	83	T	0	0	83	37.2771084337349
A_NA_N2	1268	83	A	0	0	83	33.3253012048193
A_NA_N2	1269	83	T	0	0	83	33.4578313253012
A_NA_N2	1270	83	G	0	0	83	34.9036144578313
A_NA_N2	1271	83	T	0	0	83	35.421686746988
A_NA_N2	1272	83	G	0	0	81	35.4320987654321
A_NA_N2	1273	83	G	0	0	82	36.9634146341463
A_NA_N2	1274	83	A	0	0	83	37.7831325301205
A_NA_N2	1275	83	G	0	0	83	38.0120481927711
A_NA_N2	1276	83	T	0	0	83	38.9638554216867
A_NA_N2	1277	83	T	0	0	82	39.0365853658537
A_NA_N2	1278	83	G	0	0	83	38.3373493975904
A_NA_N2	1279	82	A	1	0	82	37.9146341463415
A_NA_N2	1280	83	T	0	0	83	38.289156626506
A_NA_N2	1281	83	T	0	0	83	36.6746987951807
A_NA_N2	1282	83	A	0	0	83	33.5060240963855
A_NA_N2	1283	84	G	0	0	84	33.3333333333333
A_NA_N2	1284	84	G	0	0	84	34.5
A_NA_N2	1285	84	G	0	0	84	34.7380952380952
A_NA_N2	1286	84	G	0	0	82	35.9024390243902
A_NA_N2	1287	84	A	0	0	84	37.0833333333333
A_NA_N2	1288	84	A	0	0	84	39.6190476190476
A_NA_N2	1289	84	G	0	0	84	37.2976190476191
A_NA_N2	1290	77	A	8	0	77	37.5194805194805
A_NA_N2	1291	83	A	3	0	83	37.1927710843374
A_NA_N2	1292	86	A	0	0	86	37.6976744186046
A_NA_N2	1293	85	A	1	0	84	38.0238095238095
A_NA_N2	1294	85	G	1	0	85	36.9647058823529
A_NA_N2	1295	101	A	0	0	101	37.3663366336634
A_NA_N2	1296	101	G	0	0	101	38.5940594059406
A_NA_N2	1297	101	G	0	0	101	39.1089108910891
A_NA_N2	1298	101	A	0	0	101	39.2970297029703
A_NA_N2	1299	101	A	0	0	100	39.46
A_NA_N2	1300	101	A	0	0	100	40.46
A_NA_N2	1301	102	C	0	0	101	40.019801980198
A_NA_N2	1302	102	T	0	0	101	39.2178217821782
A_NA_N2	1303	102	G	0	0	101	39.0990099009901
A_NA_N2	1304	102	A	0	0	100	39.64
A_NA_N2	1305	102	G	0	0	101	40.3168316831683
A_NA_N2	1306	102	G	0	0	102	40.8725490196078
A_NA_N2	1307	102	T	0	0	102	41.2352941176471
A_NA_N2	1308	102	C	0	0	101	40.0792079207921
A_NA_N2	1309	102	T	0	0	101	41.1782178217822
A_NA_N2	1310	102	T	0	0	101	41.3762376237624
A_NA_N2	1311	102	G	0	0	102	40.8333333333333
A_NA_N2	1312	102	T	0	0	102	41.5
A_NA_N2	1313	101	G	0	0	101	42.5544554455446
A_NA_N2	1314	101	G	0	0	101	42.2871287128713
A_NA_N2	1315	101	A	0	0	101	41.8415841584158
A_NA_N2	1316	101	C	0	0	101	40.3663366336634
A_NA_N2	1317	101	T	0	0	101	40.2178217821782
A_NA_N2	1318	101	T	0	0	101	40.2871287128713
A_NA_N2	1319	101	C	0	0	101	39.6930693069307
A_NA_N2	1320	101	A	0	0	101	39.6237623762376
A_NA_N2	1321	101	A	0	0	101	41.1485148514851
A_NA_N2	1322	101	A	0	0	101	41.1089108910891
A_NA_N2	1323	101	C	0	0	100	41.3
A_NA_N2	1324	101	A	0	0	101	40.029702970297
A_NA_N2	1325	101	G	0	0	100	40.21
A_NA_N2	1326	101	T	0	0	101	39.8415841584158
A_NA_N2	1327	101	A	0	0	101	39.6732673267327
A_NA_N2	1328	101	T	0	0	101	39.2970297029703
A_NA_N2	1329	101	T	0	0	101	39.7227722772277
A_NA_N2	1330	101	G	0	0	101	38.7821782178218
A_NA_N2	1331	101	T	0	0	101	40.1188118811881
A_NA_N2	1332	101	T	0	0	101	40.5445544554455
A_NA_N2	1333	101	G	0	0	101	39.990099009901
A_NA_N2	1334	101	T	0	0	100	40.43
A_NA_N2	1335	101	A	0	0	101	39.5247524752475
A_NA_N2	1336	101	T	0	0	101	38.970297029703
A_NA_N2	1337	101	T	0	0	101	37.7722772277228
A_NA_N2	1338	101	T	0	0	100	37.73
A_NA_N2	1339	101	T	0	0	100	37.18
A_NA_N2	1340	101	G	0	0	101	36.7623762376238
A_NA_N2	1341	101	T	0	0	100	38.52
A_NA_N2	1342	101	G	0	0	101	37.4455445544554
A_NA_N2	1343	101	G	0	0	101	38.5643564356436
A_NA_N2	1344	101	C	0	0	101	38.4851485148515
A_NA_N2	1345	101	A	0	0	101	39.3168316831683
A_NA_N2	1346	101	C	0	0	101	38.950495049505
A_NA_N2	1347	101	C	0	0	101	38.1980198019802
A_NA_N2	1348	101	T	0	0	100	37.89
A_NA_N2	1349	101	C	0	0	99	36.8686868686869
A_NA_N2	1350	101	A	0	0	100	35.94
A_NA_N2	1351	101	G	0	0	101	36.970297029703
A_NA_N2	1352	101	G	0	0	101	36.6633663366337
A_NA_N2	1353	101	T	0	0	101	36.7425742574257
A_NA_N2	1354	101	A	0	0	99	36.6969696969697
A_NA_N2	1355	101	C	0	0	101	37.8613861386139
A_NA_N2	1356	101	A	0	0	101	38.2673267326733
A_NA_N2	1357	101	T	0	0	101	37.4950495049505
A_NA_N2	1358	101	A	0	0	99	37.9292929292929
A_NA_N2	1359	101	T	0	0	101	37.8811881188119
A_NA_N2	1360	101	G	0	0	100	37.26
A_NA_N2	1361	101	G	0	0	100	37.04
A_NA_N2	1362	101	A	0	0	100	37.32
A_NA_N2	1363	101	A	0	0	101	37.5742574257426
A_NA_N2	1364	101	C	0	0	101	37.5346534653465
A_NA_N2	1365	101	A	0	0	101	37.029702970297
A_NA_N2	1366	100	G	0	0	100	37.62
A_NA_N2	1367	100	G	0	0	100	38.06
A_NA_N2	1368	100	C	0	0	100	37.57
A_NA_N2	1369	100	T	0	0	100	37.06
A_NA_N2	1370	100	C	0	0	99	37.7373737373737
A_NA_N2	1371	100	A	0	0	100	37.68
A_NA_N2	1372	100	T	0	0	98	37.7448979591837
A_NA_N2	1373	100	G	0	0	100	37.89
A_NA_N2	1374	100	G	0	0	100	38.51
A_NA_N2	1375	100	C	0	0	100	38.43
A_NA_N2	1376	100	C	0	0	100	39.15
A_NA_N2	1377	99	T	1	0	99	40.5454545454545
A_NA_N2	1378	99	G	1	0	99	39.8383838383838
A_NA_N2	1379	100	A	0	0	100	40.25
A_NA_N2	1380	100	T	0	0	100	40
A_NA_N2	1381	99	G	1	0	99	37.8282828282828
A_NA_N2	1382	100	G	0	0	100	39.45
A_NA_N2	1383	100	G	0	0	98	38.4591836734694
A_NA_N2	1384	100	G	0	0	100	38.63
A_NA_N2	1385	100	C	0	0	100	38.05
A_NA_N2	1386	100	T	0	0	100	38.27
A_NA_N2	1387	100	A	0	0	100	36.82
A_NA_N2	1388	100	A	0	0	100	36.99
A_NA_N2	1389	100	C	0	0	100	36.65
A_NA_N2	1390	100	C	0	0	100	37.46
A_NA_N2	1391	100	T	0	0	99	38.5151515151515
A_NA_N2	1392	100	C	0	0	100	35.2
A_NA_N2	1393	100	A	0	0	100	34.63
A_NA_N2	1394	100	G	0	0	100	34.66
A_NA_N2	1395	100	T	0	0	100	35.06
A_NA_N2	1396	100	C	0	0	100	34.46
A_NA_N2	1397	100	T	0	0	100	35.87
A_NA_N2	1398	99	C	0	0	99	37.0505050505051
A_NA_N2	1399	99	A	0	0	99	37.6161616161616
A_NA_N2	1400	99	T	0	0	99	38.3434343434343
A_NA_N2	1401	99	G	0	0	99	37.1414141414141
A_NA_N2	1402	99	C	0	0	99	36.7474747474747
A_NA_N2	1403	98	A	0	0	98	35.8979591836735
A_NA_N2	1404	98	T	0	0	98	36.7244897959184
A_NA_N2	1405	98	A	0	0	98	36.3163265306122
A_NA_N2	1406	98	C	0	0	98	36.5102040816327
A_NA_N2	1407	98	A	0	0	98	37.1632653061224
A_NA_N2	1408	98	T	0	0	98	36.3061224489796
A_NA_N2	1409	98	A	0	0	98	35.2142857142857
A_NA_N2	1410	98	A	0	0	98	35.7551020408163
