Reference_Name	Position	Coverage Depth	Consensus	Deletions	Ambiguous	Consensus_Count	Consensus_Average_Quality
A_NP	1	73	A	0	0	73	36.8356164383562
A_NP	2	73	T	0	0	73	37.8219178082192
A_NP	3	73	G	0	0	73	37.027397260274
A_NP	4	73	G	0	0	73	37.3287671232877
A_NP	5	73	C	0	0	73	36.6438356164384
A_NP	6	73	G	0	0	73	36.8356164383562
A_NP	7	73	T	0	0	73	37.7534246575342
A_NP	8	73	C	0	0	73	37.6712328767123
A_NP	9	73	C	0	0	73	37.1369863013699
A_NP	10	74	C	0	0	74	37.0405405405405
A_NP	11	74	A	0	0	74	36.7027027027027
A_NP	12	74	A	0	0	74	37.6081081081081
A_NP	13	74	G	0	0	73	40.0684931506849
A_NP	14	74	G	0	0	74	40.2027027027027
A_NP	15	74	C	0	0	74	40.7432432432432
A_NP	16	74	A	0	0	74	38.6486486486486
A_NP	17	74	C	0	0	74	39.1216216216216
A_NP	18	74	C	0	0	74	38.0675675675676
A_NP	19	74	A	0	0	74	37.0945945945946
A_NP	20	74	A	0	0	74	37.7837837837838
A_NP	21	74	A	0	0	74	38.1351351351351
A_NP	22	74	C	0	0	74	36.9864864864865
A_NP	23	74	G	0	0	74	36.8918918918919
A_NP	24	74	G	0	0	74	36.6621621621622
A_NP	25	74	T	0	0	74	36.8783783783784
A_NP	26	74	C	0	0	74	36.5675675675676
A_NP	27	74	T	0	0	74	37.8648648648649
A_NP	28	75	T	0	0	75	38.0533333333333
A_NP	29	75	A	0	0	75	37.08
A_NP	30	75	T	0	0	75	37.16
A_NP	31	75	G	0	0	75	35.6133333333333
A_NP	32	75	A	0	0	75	36.8533333333333
A_NP	33	75	A	0	0	75	36.1066666666667
A_NP	34	75	C	0	0	75	37.2133333333333
A_NP	35	75	A	0	0	75	35.8666666666667
A_NP	36	74	G	1	0	74	36.8243243243243
A_NP	37	74	A	1	0	74	36.0540540540541
A_NP	38	74	T	1	0	74	36.1486486486486
A_NP	39	75	G	0	0	75	36.2533333333333
A_NP	40	75	G	0	0	74	36.6486486486486
A_NP	41	75	A	0	0	75	37.5733333333333
A_NP	42	75	A	0	0	75	38.9066666666667
A_NP	43	75	A	0	0	75	38.8
A_NP	44	75	C	0	0	74	38.8513513513514
A_NP	45	75	T	0	0	75	37.4133333333333
A_NP	46	75	G	0	0	75	36.9466666666667
A_NP	47	75	A	0	0	75	38.4133333333333
A_NP	48	75	T	0	0	75	37.8666666666667
A_NP	49	75	G	0	0	75	37.3466666666667
A_NP	50	75	G	0	0	75	36.4666666666667
A_NP	51	75	A	0	0	75	37.3066666666667
A_NP	52	75	G	0	0	74	37.9324324324324
A_NP	53	75	A	0	0	75	36.84
A_NP	54	75	T	0	0	75	37.4533333333333
A_NP	55	75	C	0	0	75	35.9866666666667
A_NP	56	75	G	0	0	75	33.88
A_NP	57	75	C	0	0	75	34.64
A_NP	58	75	C	0	0	74	35.0135135135135
A_NP	59	75	A	0	0	73	35.3972602739726
A_NP	60	74	G	1	0	73	35.7671232876712
A_NP	61	75	A	0	0	74	36.9054054054054
A_NP	62	75	A	0	0	74	37.0540540540541
A_NP	63	75	T	0	0	75	36.44
A_NP	64	75	G	0	0	75	36.64
A_NP	65	74	C	1	0	74	37.9189189189189
A_NP	66	75	A	0	0	74	37.8243243243243
A_NP	67	75	A	0	0	75	37.5466666666667
A_NP	68	75	C	0	0	75	37.08
A_NP	69	75	T	0	0	75	37.8
A_NP	70	75	G	0	0	75	36.5466666666667
A_NP	71	75	A	0	0	75	36.6266666666667
A_NP	72	75	G	0	0	75	35.6
A_NP	73	75	A	0	0	75	35.5733333333333
A_NP	74	75	T	0	0	75	36.2266666666667
A_NP	75	75	T	0	0	74	36.3378378378378
A_NP	76	74	A	1	0	74	34.3648648648649
A_NP	77	75	G	0	0	74	35.8783783783784
A_NP	78	75	G	0	0	75	35.6133333333333
A_NP	79	75	G	0	0	74	35.8648648648649
A_NP	80	75	C	0	0	74	37.3108108108108
A_NP	81	75	A	0	0	75	38.3066666666667
A_NP	82	75	T	0	0	75	38.68
A_NP	83	75	C	0	0	74	37.8513513513514
A_NP	84	75	C	0	0	73	39.5616438356164
A_NP	85	76	G	0	0	76	36.1052631578947
A_NP	86	76	T	0	0	76	36.4868421052632
A_NP	87	75	C	1	0	74	35.9594594594595
A_NP	88	75	G	1	0	75	35.7333333333333
A_NP	89	76	G	0	0	76	35.7105263157895
A_NP	90	76	G	0	0	76	36.8157894736842
A_NP	91	76	A	0	0	76	36.3684210526316
A_NP	92	76	A	0	0	76	39.1315789473684
A_NP	93	76	G	0	0	76	39.5
A_NP	94	75	A	1	0	75	39.08
A_NP	95	76	T	0	0	76	37.0526315789474
A_NP	96	76	G	0	0	75	36.9733333333333
A_NP	97	76	A	0	0	75	37.5466666666667
A_NP	98	76	T	0	0	76	37.5263157894737
A_NP	99	76	T	0	0	76	37.1578947368421
A_NP	100	76	G	0	0	76	36.3815789473684
A_NP	101	76	A	0	0	76	37.1052631578947
A_NP	102	76	T	0	0	76	37.9868421052632
A_NP	103	76	G	0	0	76	35.8421052631579
A_NP	104	76	G	0	0	75	36.52
A_NP	105	76	A	0	0	76	36.8026315789474
A_NP	106	76	A	0	0	75	37.5066666666667
A_NP	107	76	T	0	0	75	38.7066666666667
A_NP	108	76	T	0	0	76	39.6052631578947
A_NP	109	71	G	5	0	71	37.8450704225352
A_NP	110	76	G	0	0	75	38.5466666666667
A_NP	111	76	G	0	0	72	36.1805555555556
A_NP	112	76	A	0	0	75	35.5866666666667
A_NP	113	74	G	2	0	73	37.2054794520548
A_NP	114	76	A	0	0	76	36.0131578947368
A_NP	115	73	T	3	0	70	37.4142857142857
A_NP	116	76	T	0	0	75	36.4
A_NP	117	76	C	0	0	72	36.2638888888889
A_NP	118	76	T	0	0	75	36.1466666666667
A_NP	119	76	A	0	0	75	34.3733333333333
A_NP	120	76	C	0	0	76	33.9473684210526
A_NP	121	76	A	0	0	76	34.6973684210526
A_NP	122	76	T	0	0	76	33.9078947368421
A_NP	123	76	C	0	0	76	33.2368421052632
A_NP	124	76	C	0	0	75	34.3733333333333
A_NP	125	76	A	0	0	76	33.4473684210526
A_NP	126	76	A	0	0	76	33.3157894736842
A_NP	127	76	A	0	0	76	32.3157894736842
A_NP	128	76	T	0	0	76	31.9078947368421
A_NP	129	76	G	0	0	76	34.8157894736842
A_NP	130	76	T	0	0	75	37.7733333333333
A_NP	131	76	G	0	0	76	37.1973684210526
A_NP	132	76	C	0	0	76	37.7236842105263
A_NP	133	76	A	0	0	76	37.9078947368421
A_NP	134	76	C	0	0	76	37.9078947368421
A_NP	135	76	T	0	0	76	38.5394736842105
A_NP	136	76	G	0	0	76	38.8947368421053
A_NP	137	76	A	0	0	76	39.0394736842105
A_NP	138	76	A	0	0	75	39.4
A_NP	139	76	C	0	0	76	40.4342105263158
A_NP	140	76	T	0	0	76	39.8289473684211
A_NP	141	76	T	0	0	75	40.32
A_NP	142	76	A	0	0	75	39.2133333333333
A_NP	143	76	A	0	0	76	39.7631578947368
A_NP	144	76	A	0	0	75	40.72
A_NP	145	76	C	0	0	76	39.8947368421053
A_NP	146	76	T	0	0	76	39.3157894736842
A_NP	147	76	C	0	0	76	38.9473684210526
A_NP	148	76	A	0	0	76	38.7631578947368
A_NP	149	76	G	0	0	76	38.6052631578947
A_NP	150	76	T	0	0	76	40.7631578947368
A_NP	151	76	G	0	0	76	41.1578947368421
A_NP	152	76	A	0	0	76	41.7763157894737
A_NP	153	76	T	0	0	76	41.5394736842105
A_NP	154	76	C	0	0	76	41.5789473684211
A_NP	155	76	A	0	0	76	40.6447368421053
A_NP	156	76	T	0	0	76	39.4473684210526
A_NP	157	76	G	0	0	76	36.1973684210526
A_NP	158	76	A	0	0	75	36.1733333333333
A_NP	159	76	A	0	0	76	36.5921052631579
A_NP	160	76	G	0	0	76	37.8026315789474
A_NP	161	76	G	0	0	76	38.9473684210526
A_NP	162	76	A	0	0	76	40.4078947368421
A_NP	163	76	C	0	0	76	41.1973684210526
A_NP	164	76	G	0	0	76	38.5657894736842
A_NP	165	76	G	0	0	76	38.2236842105263
A_NP	166	76	T	0	0	76	38.75
A_NP	167	76	T	0	0	76	38.7631578947368
A_NP	168	76	G	0	0	76	37.5921052631579
A_NP	169	76	A	0	0	76	38.8157894736842
A_NP	170	76	T	0	0	76	38.9736842105263
A_NP	171	76	C	0	0	76	38
A_NP	172	76	C	0	0	74	37.8918918918919
A_NP	173	75	A	1	0	75	38.7866666666667
A_NP	174	76	A	0	0	76	38.8684210526316
A_NP	175	76	A	0	0	76	39.8157894736842
A_NP	176	76	A	0	0	76	41.5657894736842
A_NP	177	76	C	0	0	76	41.5657894736842
A_NP	178	76	A	0	0	76	40.6052631578947
A_NP	179	76	G	0	0	76	39.5526315789474
A_NP	180	76	C	0	0	76	39.1973684210526
A_NP	181	76	T	0	0	76	39.5394736842105
A_NP	182	76	T	0	0	76	39.1973684210526
A_NP	183	76	G	0	0	76	39.1710526315789
A_NP	184	76	A	0	0	76	40.3421052631579
A_NP	185	76	C	0	0	76	40.8552631578947
A_NP	186	76	A	0	0	76	40.0263157894737
A_NP	187	76	A	0	0	76	39.9210526315789
A_NP	188	76	T	0	0	75	39.4533333333333
A_NP	189	75	A	1	0	75	38.2933333333333
A_NP	190	75	G	1	0	74	38.1351351351351
A_NP	191	76	A	0	0	76	38.0657894736842
A_NP	192	76	G	0	0	76	38.4342105263158
A_NP	193	76	A	0	0	76	39.0526315789474
A_NP	194	76	A	0	0	76	40.9736842105263
A_NP	195	76	A	0	0	76	41.3157894736842
A_NP	196	76	A	0	0	76	41.2763157894737
A_NP	197	76	T	0	0	76	39.9078947368421
A_NP	198	76	G	0	0	76	40.6052631578947
A_NP	199	76	G	0	0	76	41.1315789473684
A_NP	200	75	T	1	0	75	40.9066666666667
A_NP	201	75	G	1	0	75	41.0533333333333
A_NP	202	75	C	1	0	75	40.6133333333333
A_NP	203	75	T	1	0	75	40.1866666666667
A_NP	204	75	T	1	0	75	40.56
A_NP	205	75	T	1	0	75	40.6133333333333
A_NP	206	74	C	2	0	74	39.972972972973
A_NP	207	74	T	2	0	74	41.5540540540541
A_NP	208	74	G	2	0	74	41.2702702702703
A_NP	209	75	C	1	0	75	41.96
A_NP	210	75	T	1	0	75	42.76
A_NP	211	76	T	0	0	76	41.4473684210526
A_NP	212	76	T	0	0	76	42.1315789473684
A_NP	213	76	T	0	0	76	42.3289473684211
A_NP	214	76	G	0	0	76	40.4078947368421
A_NP	215	76	A	0	0	76	41.4078947368421
A_NP	216	76	T	0	0	76	40.7894736842105
A_NP	217	76	G	0	0	76	39.5921052631579
A_NP	218	75	A	1	0	75	38.7733333333333
A_NP	219	76	A	0	0	76	40.3552631578947
A_NP	220	76	A	0	0	75	39.72
A_NP	221	76	G	0	0	76	38.6052631578947
A_NP	222	76	A	0	0	76	40.2105263157895
A_NP	223	76	A	0	0	76	40.8289473684211
A_NP	224	76	G	0	0	76	41.6578947368421
A_NP	225	76	G	0	0	76	40.4605263157895
A_NP	226	75	A	1	0	75	41.9866666666667
A_NP	227	76	A	0	0	76	41.6052631578947
A_NP	228	76	T	0	0	74	41.972972972973
A_NP	229	76	A	0	0	76	41.3289473684211
A_NP	230	76	A	0	0	75	42.2933333333333
A_NP	231	76	A	0	0	76	42.2236842105263
A_NP	232	76	T	0	0	75	41.5333333333333
A_NP	233	76	A	0	0	76	38.5
A_NP	234	75	C	1	0	75	38.68
A_NP	235	75	C	1	0	75	37.72
A_NP	236	75	T	1	0	75	35.9066666666667
A_NP	237	75	G	1	0	75	34.9466666666667
A_NP	238	75	G	1	0	75	36.8666666666667
A_NP	239	75	A	1	0	75	37.84
A_NP	240	75	A	1	0	75	38.9466666666667
A_NP	241	76	G	0	0	76	38.9605263157895
A_NP	242	76	A	0	0	75	41.28
A_NP	243	75	A	1	0	75	40.8
A_NP	244	75	C	1	0	75	39.2133333333333
A_NP	245	76	A	0	0	76	37.3289473684211
A_NP	246	73	C	3	0	72	38.1805555555556
A_NP	247	76	C	0	0	76	36.1842105263158
A_NP	248	76	C	0	0	76	36.0789473684211
A_NP	249	76	C	0	0	76	33.6447368421053
A_NP	250	76	A	0	0	76	32.8552631578947
A_NP	251	76	G	0	0	76	36.1052631578947
A_NP	252	76	C	0	0	76	37.6842105263158
A_NP	253	76	G	0	0	76	36.9868421052632
A_NP	254	76	C	0	0	76	36.5526315789474
A_NP	255	72	G	4	0	72	34.9027777777778
A_NP	256	76	G	0	0	76	34.8684210526316
A_NP	257	76	G	0	0	76	35.4210526315789
A_NP	258	76	G	0	0	73	36.7808219178082
A_NP	259	76	A	0	0	76	37.6315789473684
A_NP	260	76	A	0	0	76	38.8815789473684
A_NP	261	76	A	0	0	76	38.3157894736842
A_NP	262	76	G	0	0	76	37.0789473684211
A_NP	263	76	A	0	0	76	36.9605263157895
A_NP	264	76	T	0	0	76	37.3421052631579
A_NP	265	72	C	4	0	71	33.4366197183099
A_NP	266	76	C	0	0	76	32.8157894736842
A_NP	267	76	C	0	0	76	31.4605263157895
A_NP	268	75	A	1	0	74	27.472972972973
A_NP	269	76	A	0	0	76	30.4736842105263
A_NP	270	75	G	1	0	72	35.2916666666667
A_NP	271	74	A	2	0	71	37.0281690140845
A_NP	272	75	A	1	0	75	34.4533333333333
A_NP	273	75	A	1	0	75	34.9066666666667
A_NP	274	76	A	0	0	76	33.0657894736842
A_NP	275	76	C	0	0	76	32.5
A_NP	276	76	T	0	0	76	35.3684210526316
A_NP	277	75	G	1	0	74	33.472972972973
A_NP	278	76	G	0	0	76	33.3289473684211
A_NP	279	76	G	0	0	76	35.0789473684211
A_NP	280	76	G	0	0	74	34.5945945945946
A_NP	281	76	G	0	0	76	33.7105263157895
A_NP	282	76	G	0	0	73	33.1506849315069
A_NP	283	76	C	0	0	76	31.7368421052632
A_NP	284	76	C	0	0	76	30.2631578947368
A_NP	285	73	C	3	0	73	32.2739726027397
A_NP	286	73	A	3	0	72	29.5972222222222
A_NP	287	73	T	3	0	73	30.6575342465753
A_NP	288	76	A	0	0	75	30.1733333333333
A_NP	289	76	T	0	0	76	29.0657894736842
A_NP	290	75	A	0	0	75	28.4133333333333
A_NP	291	75	C	0	0	75	29.3466666666667
A_NP	292	75	A	0	0	75	30.9466666666667
A_NP	293	75	G	0	0	75	32.7733333333333
A_NP	294	74	G	1	0	74	34.6756756756757
A_NP	295	74	A	1	0	74	36.6756756756757
A_NP	296	75	G	0	0	75	37.9333333333333
A_NP	297	75	A	0	0	74	39.8783783783784
A_NP	298	75	G	0	0	74	40.2432432432432
A_NP	299	75	T	0	0	75	39.2266666666667
A_NP	300	75	C	0	0	75	38.0933333333333
A_NP	301	75	G	0	0	75	37.12
A_NP	302	75	A	0	0	75	37.7066666666667
A_NP	303	75	T	0	0	75	36.76
A_NP	304	75	G	0	0	75	37.0666666666667
A_NP	305	75	G	0	0	75	38.6933333333333
A_NP	306	75	G	0	0	74	39.1891891891892
A_NP	307	75	A	0	0	75	40.1066666666667
A_NP	308	75	A	0	0	75	41.84
A_NP	309	75	A	0	0	75	41.8266666666667
A_NP	310	75	T	0	0	75	42.1866666666667
A_NP	311	75	G	0	0	75	40.2266666666667
A_NP	312	75	G	0	0	75	40.88
A_NP	313	75	A	0	0	75	39.76
A_NP	314	75	T	0	0	75	40.1866666666667
A_NP	315	75	G	0	0	75	38.2
A_NP	316	75	A	0	0	75	39.0266666666667
A_NP	317	71	G	4	0	71	37.1971830985916
A_NP	318	75	G	0	0	75	37.2266666666667
A_NP	319	75	G	0	0	75	37.4133333333333
A_NP	320	75	A	0	0	75	37.28
A_NP	321	75	A	0	0	75	38.4133333333333
A_NP	322	75	C	0	0	75	36.76
A_NP	323	75	T	0	0	75	37.8533333333333
A_NP	324	75	C	0	0	75	38.24
A_NP	325	75	G	0	0	74	38.4189189189189
A_NP	326	75	T	0	0	75	36.7733333333333
A_NP	327	75	C	0	0	75	39.2133333333333
A_NP	328	75	C	0	0	75	39.2133333333333
A_NP	329	74	T	1	0	74	39.7702702702703
A_NP	330	75	T	0	0	75	39.7733333333333
A_NP	331	75	T	0	0	75	39.3733333333333
A_NP	332	75	A	0	0	74	37.0675675675676
A_NP	333	74	T	0	0	72	38.1944444444444
A_NP	334	73	G	1	0	72	37.9861111111111
A_NP	335	74	A	0	0	74	37.3243243243243
A_NP	336	74	C	0	0	74	36.8918918918919
A_NP	337	71	A	3	0	71	34.3661971830986
A_NP	338	71	A	3	0	71	33.7323943661972
A_NP	339	71	A	3	0	71	35.0985915492958
A_NP	340	74	G	0	0	74	35.2567567567568
A_NP	341	74	A	0	0	74	37.9459459459459
A_NP	342	74	A	0	0	74	38.2297297297297
A_NP	343	74	G	0	0	74	38.6351351351351
A_NP	344	74	A	0	0	74	40.0675675675676
A_NP	345	74	A	0	0	74	41.7972972972973
A_NP	346	74	A	0	0	74	42.027027027027
A_NP	347	74	T	0	0	74	40.9189189189189
A_NP	348	74	A	0	0	73	40.972602739726
A_NP	349	74	A	0	0	74	39.1081081081081
A_NP	350	74	G	0	0	73	39.0821917808219
A_NP	351	74	G	0	0	74	38.2432432432432
A_NP	352	74	C	0	0	74	38.527027027027
A_NP	353	74	G	0	0	73	38
A_NP	354	74	A	0	0	74	37.7432432432432
A_NP	355	74	A	0	0	73	37.958904109589
A_NP	356	74	T	0	0	73	38.4657534246575
A_NP	357	74	C	0	0	73	38.4931506849315
A_NP	358	74	T	0	0	74	39.5405405405405
A_NP	359	74	G	0	0	73	39.5890410958904
A_NP	360	74	G	0	0	74	38.4459459459459
A_NP	361	74	C	0	0	71	38.5070422535211
A_NP	362	74	G	0	0	74	36.3783783783784
A_NP	363	74	C	0	0	74	35.972972972973
A_NP	364	74	C	0	0	73	36.1917808219178
A_NP	365	74	A	0	0	74	36.2027027027027
A_NP	366	74	A	0	0	74	36.2837837837838
A_NP	367	74	G	0	0	74	37.5135135135135
A_NP	368	74	C	0	0	74	38.6351351351351
A_NP	369	74	C	0	0	74	38.5135135135135
A_NP	370	74	A	0	0	74	38.8513513513514
A_NP	371	74	A	0	0	74	38.6621621621622
A_NP	372	74	C	0	0	74	38.6756756756757
A_NP	373	74	A	0	0	74	37.7162162162162
A_NP	374	74	A	0	0	74	36.7972972972973
A_NP	375	74	T	0	0	74	37.2297297297297
A_NP	376	74	G	0	0	74	37.4864864864865
A_NP	377	74	G	0	0	74	37.7837837837838
A_NP	378	74	T	0	0	74	39.0540540540541
A_NP	379	74	G	0	0	74	38.972972972973
A_NP	380	74	A	0	0	74	39.2837837837838
A_NP	381	74	G	0	0	74	39.2432432432432
A_NP	382	74	G	0	0	74	40.7297297297297
A_NP	383	74	A	0	0	74	40.8378378378378
A_NP	384	74	T	0	0	74	40.3243243243243
A_NP	385	74	G	0	0	74	41.2702702702703
A_NP	386	73	C	1	0	73	41.5068493150685
A_NP	387	73	T	1	0	73	41.4794520547945
A_NP	388	73	A	1	0	73	41.3698630136986
A_NP	389	73	C	1	0	73	41.1643835616438
A_NP	390	74	A	0	0	74	41.0135135135135
A_NP	391	74	T	0	0	74	41.972972972973
A_NP	392	74	C	0	0	74	40.4189189189189
A_NP	393	74	T	0	0	73	40.8219178082192
A_NP	394	74	G	0	0	74	38.4594594594595
A_NP	395	74	G	0	0	74	37.5810810810811
A_NP	396	74	T	0	0	73	37.8493150684931
A_NP	397	74	C	0	0	74	39.3648648648649
A_NP	398	74	T	0	0	74	39.2972972972973
A_NP	399	74	A	0	0	74	40.4189189189189
A_NP	400	74	A	0	0	74	40.6891891891892
A_NP	401	73	C	1	0	73	39.6438356164384
A_NP	402	74	C	0	0	74	38.9594594594595
A_NP	403	74	C	0	0	74	39.472972972973
A_NP	404	74	A	0	0	74	38.3513513513514
A_NP	405	74	C	0	0	74	38.4864864864865
A_NP	406	74	C	0	0	74	39.6486486486486
A_NP	407	74	T	0	0	74	39.1891891891892
A_NP	408	73	A	1	0	73	39.3561643835616
A_NP	409	74	A	0	0	74	40.0540540540541
A_NP	410	74	T	0	0	74	40.8243243243243
A_NP	411	74	G	0	0	73	40.2739726027397
A_NP	412	74	A	0	0	74	40.0540540540541
A_NP	413	74	T	0	0	74	40.1756756756757
A_NP	414	74	T	0	0	74	40.472972972973
A_NP	415	74	T	0	0	74	40.9459459459459
A_NP	416	74	G	0	0	74	40.5675675675676
A_NP	417	74	G	0	0	74	40.472972972973
A_NP	418	74	C	0	0	74	39.9594594594595
A_NP	419	74	A	0	0	74	39.6891891891892
A_NP	420	74	T	0	0	74	40.0405405405405
A_NP	421	74	T	0	0	74	39.2972972972973
A_NP	422	74	C	0	0	74	39.2297297297297
A_NP	423	74	C	0	0	74	39.6081081081081
A_NP	424	74	A	0	0	74	38.1351351351351
A_NP	425	74	A	0	0	74	38.6216216216216
A_NP	426	74	T	0	0	74	38.9864864864865
A_NP	427	74	T	0	0	74	39.3513513513514
A_NP	428	74	T	0	0	74	38.7027027027027
A_NP	429	74	G	0	0	73	37.958904109589
A_NP	430	74	A	0	0	74	38.5810810810811
A_NP	431	74	A	0	0	73	38.8356164383562
A_NP	432	74	T	0	0	74	38.2837837837838
A_NP	433	74	G	0	0	73	39.3972602739726
A_NP	434	74	A	0	0	74	41.4324324324324
A_NP	435	74	T	0	0	74	41.1891891891892
A_NP	436	74	G	0	0	74	41.9189189189189
A_NP	437	74	C	0	0	74	43.4594594594595
A_NP	438	74	A	0	0	74	41.7972972972973
A_NP	439	74	A	0	0	74	42.4324324324324
A_NP	440	74	C	0	0	74	42.5810810810811
A_NP	441	74	A	0	0	74	42.3243243243243
A_NP	442	74	T	0	0	74	40.8918918918919
A_NP	443	74	A	0	0	74	39.9459459459459
A_NP	444	74	C	0	0	74	40.6351351351351
A_NP	445	74	C	0	0	74	39.3918918918919
A_NP	446	74	A	0	0	74	39.2702702702703
A_NP	447	74	A	0	0	74	40.2432432432432
A_NP	448	74	A	0	0	74	40.8918918918919
A_NP	449	74	G	0	0	74	41.5675675675676
A_NP	450	74	G	0	0	74	42.1216216216216
A_NP	451	74	A	0	0	74	42.0945945945946
A_NP	452	74	C	0	0	74	41.972972972973
A_NP	453	74	A	0	0	74	41.9189189189189
A_NP	454	74	A	0	0	74	42.1081081081081
A_NP	455	74	G	0	0	74	42.027027027027
A_NP	456	74	A	0	0	74	42.1486486486486
A_NP	457	74	G	0	0	73	42.3698630136986
A_NP	458	74	C	0	0	74	41.6756756756757
A_NP	459	74	T	0	0	74	42.0945945945946
A_NP	460	73	C	1	0	73	39.986301369863
A_NP	461	74	T	0	0	74	40.2972972972973
A_NP	462	74	T	0	0	74	39.0135135135135
A_NP	463	74	G	0	0	74	38.5405405405405
A_NP	464	74	T	0	0	74	38.0810810810811
A_NP	465	74	T	0	0	74	39.6486486486486
A_NP	466	74	C	0	0	73	38.5753424657534
A_NP	467	72	G	2	0	71	37.5211267605634
A_NP	468	74	G	0	0	73	37.4520547945205
A_NP	469	74	A	0	0	73	36.7260273972603
A_NP	470	74	C	0	0	73	36.2054794520548
A_NP	471	74	T	0	0	74	36.5135135135135
A_NP	472	74	G	0	0	74	36.3783783783784
A_NP	473	74	G	0	0	74	35.8648648648649
A_NP	474	74	A	0	0	74	35.4594594594595
A_NP	475	74	A	0	0	74	37.7567567567568
A_NP	476	74	T	0	0	73	38.972602739726
A_NP	477	74	G	0	0	74	36.2432432432432
A_NP	478	73	G	1	0	72	36.3194444444444
A_NP	479	73	A	1	0	72	36.5416666666667
A_NP	480	72	C	2	0	72	36.1805555555556
A_NP	481	74	C	0	0	73	35.8904109589041
A_NP	482	74	C	0	0	74	36.5675675675676
A_NP	483	74	C	0	0	72	35.375
A_NP	484	74	A	0	0	74	32.8108108108108
A_NP	485	74	G	0	0	72	37.0277777777778
A_NP	486	74	A	0	0	74	37.8648648648649
A_NP	487	74	A	0	0	74	38.1756756756757
A_NP	488	74	T	0	0	73	37.958904109589
A_NP	489	74	G	0	0	73	38.2465753424658
A_NP	490	74	T	0	0	73	38.4383561643836
A_NP	491	74	G	0	0	74	38.2297297297297
A_NP	492	74	C	0	0	73	39.2191780821918
A_NP	493	74	T	0	0	73	39.2876712328767
A_NP	494	74	C	0	0	73	39.3698630136986
A_NP	495	74	T	0	0	74	39.1081081081081
A_NP	496	74	C	0	0	74	38.3243243243243
A_NP	497	74	T	0	0	74	38.5810810810811
A_NP	498	74	G	0	0	74	37.7297297297297
A_NP	499	74	A	0	0	74	36.6081081081081
A_NP	500	74	T	0	0	74	36.9864864864865
A_NP	501	74	G	0	0	74	36.5945945945946
A_NP	502	74	C	0	0	74	38.0540540540541
A_NP	503	74	A	0	0	74	37.4189189189189
A_NP	504	74	G	0	0	74	38.5405405405405
A_NP	505	74	G	0	0	74	39.1216216216216
A_NP	506	74	G	0	0	74	39.8513513513514
A_NP	507	74	C	0	0	74	38.9459459459459
A_NP	508	73	T	1	0	73	39.0958904109589
A_NP	509	73	C	1	0	73	37.2602739726027
A_NP	510	74	G	0	0	74	35.8918918918919
A_NP	511	74	A	0	0	74	36.027027027027
A_NP	512	74	C	0	0	74	35.6756756756757
A_NP	513	74	T	0	0	74	36.4054054054054
A_NP	514	74	C	0	0	74	37.2027027027027
A_NP	515	74	T	0	0	74	38.3243243243243
A_NP	516	73	C	1	0	73	36.5890410958904
A_NP	517	74	C	0	0	74	37.472972972973
A_NP	518	74	C	0	0	74	36.2162162162162
A_NP	519	74	T	0	0	74	32.8108108108108
A_NP	520	72	A	2	0	72	34.8472222222222
A_NP	521	74	G	0	0	72	36.8055555555556
A_NP	522	74	A	0	0	74	36.8108108108108
A_NP	523	74	A	0	0	74	36.2567567567568
A_NP	524	74	G	0	0	72	37.8472222222222
A_NP	525	74	G	0	0	74	35.7702702702703
A_NP	526	74	T	0	0	74	35.5540540540541
A_NP	527	74	C	0	0	72	36.0416666666667
A_NP	528	74	C	0	0	74	34.9324324324324
A_NP	529	74	G	0	0	74	34.7567567567568
A_NP	530	74	G	0	0	74	36.1621621621622
A_NP	531	74	A	0	0	74	35.5540540540541
A_NP	532	74	G	0	0	74	36.0675675675676
A_NP	533	74	C	0	0	74	36.1891891891892
A_NP	534	74	T	0	0	74	37.4189189189189
A_NP	535	74	G	0	0	74	35.5675675675676
A_NP	536	74	C	0	0	74	36.9594594594595
A_NP	537	74	C	0	0	74	35.8783783783784
A_NP	538	74	G	0	0	74	35.0135135135135
A_NP	539	74	G	0	0	74	34.8918918918919
A_NP	540	74	T	0	0	74	36.3243243243243
A_NP	541	74	G	0	0	74	36.3648648648649
A_NP	542	74	C	0	0	74	39.0810810810811
A_NP	543	74	T	0	0	74	39.9594594594595
A_NP	544	74	G	0	0	74	38.5945945945946
A_NP	545	74	C	0	0	73	39.3972602739726
A_NP	546	74	A	0	0	74	37.3513513513514
A_NP	547	74	G	0	0	74	36
A_NP	548	74	T	0	0	74	35.7027027027027
A_NP	549	74	C	0	0	74	36.2162162162162
A_NP	550	73	A	1	0	73	35.7534246575342
A_NP	551	74	A	0	0	74	36.4054054054054
A_NP	552	74	A	0	0	74	36.5135135135135
A_NP	553	74	G	0	0	74	36.0135135135135
A_NP	554	74	G	0	0	74	36.3648648648649
A_NP	555	73	A	1	0	73	37.972602739726
A_NP	556	74	A	0	0	74	37.4054054054054
A_NP	557	74	T	0	0	73	38.041095890411
A_NP	558	74	C	0	0	73	38.4383561643836
A_NP	559	74	G	0	0	74	38.2432432432432
A_NP	560	74	G	0	0	73	38.013698630137
A_NP	561	74	A	0	0	74	38.2027027027027
A_NP	562	73	A	1	0	73	38.958904109589
A_NP	563	73	C	1	0	73	38.3013698630137
A_NP	564	74	A	0	0	74	38.0540540540541
A_NP	565	74	A	0	0	74	37.7297297297297
A_NP	566	74	T	0	0	73	37.6986301369863
A_NP	567	73	G	0	0	73	37.7397260273973
A_NP	568	73	G	0	0	73	37.8493150684931
A_NP	569	73	T	0	0	71	38.112676056338
A_NP	570	73	G	0	0	73	38.4246575342466
A_NP	571	73	A	0	0	73	38
A_NP	572	73	T	0	0	72	38.9305555555556
A_NP	573	73	G	0	0	73	37.5068493150685
A_NP	574	73	G	0	0	73	38.2054794520548
A_NP	575	72	A	1	0	71	38.943661971831
A_NP	576	73	A	0	0	73	38.2328767123288
A_NP	577	73	C	0	0	72	37.2916666666667
A_NP	578	73	T	0	0	71	37.6056338028169
A_NP	579	73	G	0	0	73	37.6575342465753
A_NP	580	73	A	0	0	73	38.8493150684931
A_NP	581	73	T	0	0	73	38.7260273972603
A_NP	582	73	C	0	0	72	38.1388888888889
A_NP	583	70	A	2	0	69	38.6521739130435
A_NP	584	70	G	2	0	70	37.0142857142857
A_NP	585	72	A	0	0	72	36.6666666666667
A_NP	586	72	A	0	0	72	36.0555555555556
A_NP	587	72	T	0	0	71	35.8591549295775
A_NP	588	72	G	0	0	72	35.6527777777778
A_NP	589	72	A	0	0	71	37.2112676056338
A_NP	590	72	T	0	0	72	37.1666666666667
A_NP	591	72	C	0	0	72	35.9861111111111
A_NP	592	72	A	0	0	72	34.3055555555556
A_NP	593	72	A	0	0	72	34.5416666666667
A_NP	594	72	A	0	0	72	33.6666666666667
A_NP	595	71	C	1	0	71	34.056338028169
A_NP	596	67	G	5	0	66	33.9090909090909
A_NP	597	72	G	0	0	70	34.3571428571429
A_NP	598	72	G	0	0	72	33.5
A_NP	599	72	G	0	0	72	35.5277777777778
A_NP	600	72	G	0	0	71	38.2535211267606
A_NP	601	72	A	0	0	72	38.4027777777778
A_NP	602	72	T	0	0	72	38.2777777777778
A_NP	603	72	C	0	0	72	36.5138888888889
A_NP	604	72	A	0	0	72	37.4722222222222
A_NP	605	72	A	0	0	72	37.1388888888889
A_NP	606	72	C	0	0	72	37.1111111111111
A_NP	607	72	G	0	0	72	36.6111111111111
A_NP	608	72	A	0	0	72	37.0277777777778
A_NP	609	72	T	0	0	72	37.6388888888889
A_NP	610	72	C	0	0	72	36.0416666666667
A_NP	611	72	G	0	0	71	34.9718309859155
A_NP	612	72	A	0	0	72	34.4166666666667
A_NP	613	72	A	0	0	72	35.75
A_NP	614	72	A	0	0	72	35.2222222222222
A_NP	615	70	T	2	0	70	37.0428571428571
A_NP	616	72	T	0	0	72	39.3055555555556
A_NP	617	72	T	0	0	72	40.0277777777778
A_NP	618	72	T	0	0	72	39.0277777777778
A_NP	619	72	T	0	0	72	39.5138888888889
A_NP	620	72	G	0	0	72	38.5416666666667
A_NP	621	71	G	1	0	71	39.7183098591549
A_NP	622	71	A	1	0	70	38.4857142857143
A_NP	623	72	G	0	0	71	38.7464788732394
A_NP	624	72	A	0	0	72	38.8611111111111
A_NP	625	72	G	0	0	72	39.2916666666667
A_NP	626	72	G	0	0	72	38.2361111111111
A_NP	627	72	T	0	0	69	37.8405797101449
A_NP	628	72	G	0	0	72	35.3194444444444
A_NP	629	72	A	0	0	71	34.7323943661972
A_NP	630	71	G	1	0	71	34.1267605633803
A_NP	631	72	A	0	0	71	35.1549295774648
A_NP	632	72	A	0	0	72	37.2361111111111
A_NP	633	72	T	0	0	72	36.8194444444444
A_NP	634	71	G	1	0	70	36.4714285714286
A_NP	635	72	G	0	0	71	36.6760563380282
A_NP	636	72	G	0	0	72	35.3194444444444
A_NP	637	72	C	0	0	70	34.4285714285714
A_NP	638	72	G	0	0	70	34.1
A_NP	639	72	G	0	0	72	32.9722222222222
A_NP	640	72	A	0	0	72	33.5277777777778
A_NP	641	72	A	0	0	72	33.4583333333333
A_NP	642	72	A	0	0	72	35.6666666666667
A_NP	643	72	A	0	0	72	36.1527777777778
A_NP	644	72	C	0	0	72	36.9583333333333
A_NP	645	72	A	0	0	72	37.0138888888889
A_NP	646	72	A	0	0	72	35.5555555555556
A_NP	647	71	G	1	0	71	36.887323943662
A_NP	648	72	A	0	0	72	38.3055555555556
A_NP	649	72	A	0	0	72	38.0972222222222
A_NP	650	72	G	0	0	72	38.2916666666667
A_NP	651	72	T	0	0	72	37.5833333333333
A_NP	652	72	G	0	0	71	37.8169014084507
A_NP	653	72	C	0	0	72	36.625
A_NP	654	72	T	0	0	72	37.3194444444444
A_NP	655	72	T	0	0	70	38.4285714285714
A_NP	656	72	A	0	0	72	37.1944444444444
A_NP	657	72	T	0	0	70	37.2714285714286
A_NP	658	68	G	4	0	67	34.2835820895522
A_NP	659	69	A	3	0	69	33.304347826087
A_NP	660	72	G	0	0	72	32.8472222222222
A_NP	661	72	A	0	0	72	33.1388888888889
A_NP	662	72	G	0	0	72	36.4722222222222
A_NP	663	72	A	0	0	72	35
A_NP	664	72	A	0	0	72	37.6666666666667
A_NP	665	72	T	0	0	72	37.2777777777778
A_NP	666	72	G	0	0	72	37.1805555555556
A_NP	667	72	T	0	0	72	37.2361111111111
A_NP	668	72	G	0	0	72	37.4166666666667
A_NP	669	72	C	0	0	72	38.1944444444444
A_NP	670	72	A	0	0	72	37.625
A_NP	671	72	A	0	0	72	37.1944444444444
A_NP	672	72	C	0	0	72	37.1805555555556
A_NP	673	72	A	0	0	72	36.75
A_NP	674	72	T	0	0	71	38.2112676056338
A_NP	675	72	T	0	0	72	36.6805555555556
A_NP	676	72	C	0	0	72	35.8611111111111
A_NP	677	72	T	0	0	72	35.1805555555556
A_NP	678	72	C	0	0	72	32.7916666666667
A_NP	679	70	A	2	0	70	32.0428571428571
A_NP	680	72	A	0	0	72	32.75
A_NP	681	73	A	0	0	72	33.6388888888889
A_NP	682	73	G	0	0	73	33.0821917808219
A_NP	683	73	G	0	0	73	34.986301369863
A_NP	684	72	A	1	0	72	33.6666666666667
A_NP	685	72	A	1	0	72	33.3888888888889
A_NP	686	73	A	0	0	73	38.4109589041096
A_NP	687	73	A	0	0	73	39.3150684931507
A_NP	688	73	T	0	0	71	40.5352112676056
A_NP	689	73	T	0	0	72	40.5277777777778
A_NP	690	73	T	0	0	73	40.1506849315069
A_NP	691	73	C	0	0	73	39.6301369863014
A_NP	692	72	A	1	0	72	39.3472222222222
A_NP	693	72	A	1	0	72	39.3472222222222
A_NP	694	73	A	0	0	73	38.6575342465753
A_NP	695	73	C	0	0	73	38.1506849315069
A_NP	696	73	A	0	0	73	38.2876712328767
A_NP	697	73	G	0	0	73	38.6849315068493
A_NP	698	73	C	0	0	72	38.1805555555556
A_NP	699	73	T	0	0	73	39.4794520547945
A_NP	700	73	G	0	0	72	39.5416666666667
A_NP	701	72	C	1	0	72	40.25
A_NP	702	72	A	1	0	72	40.0416666666667
A_NP	703	73	C	0	0	73	40.3698630136986
A_NP	704	73	A	0	0	73	39.3013698630137
A_NP	705	73	A	0	0	73	40.1780821917808
A_NP	706	73	A	0	0	73	39.6164383561644
A_NP	707	73	A	0	0	73	39.8630136986301
A_NP	708	73	A	0	0	73	41.7671232876712
A_NP	709	73	G	0	0	73	41.2602739726027
A_NP	710	73	C	0	0	73	41.1506849315069
A_NP	711	73	A	0	0	73	39.5616438356164
A_NP	712	72	A	1	0	72	40.5416666666667
A_NP	713	72	T	1	0	72	40.4861111111111
A_NP	714	72	G	1	0	72	40.4861111111111
A_NP	715	73	G	0	0	73	40.3561643835616
A_NP	716	73	T	0	0	73	40.8356164383562
A_NP	717	73	G	0	0	73	38.1369863013699
A_NP	718	73	G	0	0	73	38.0821917808219
A_NP	719	73	A	0	0	73	37.6438356164384
A_NP	720	73	T	0	0	73	37.8493150684931
A_NP	721	73	C	0	0	72	37.7916666666667
A_NP	722	72	A	1	0	72	38.0138888888889
A_NP	723	73	A	0	0	72	36.8055555555556
A_NP	724	73	G	0	0	73	34.8767123287671
A_NP	725	73	T	0	0	73	35
A_NP	726	73	T	0	0	73	34.0821917808219
A_NP	727	72	A	1	0	69	33.9855072463768
A_NP	728	72	G	1	0	70	33.1285714285714
A_NP	729	72	A	1	0	72	33.375
A_NP	730	72	G	1	0	72	34.3194444444444
A_NP	731	72	A	1	0	71	35.7746478873239
A_NP	732	72	A	1	0	72	37.5833333333333
A_NP	733	72	A	1	0	72	37.7222222222222
A_NP	734	72	G	1	0	70	37.1
A_NP	735	73	C	0	0	73	37.0821917808219
A_NP	736	73	C	0	0	73	36.2602739726027
A_NP	737	71	G	2	0	68	37.3088235294118
A_NP	738	71	G	1	0	70	36.1285714285714
A_NP	739	71	A	1	0	71	35.7605633802817
A_NP	740	72	A	0	0	71	35.4647887323944
A_NP	741	72	T	0	0	72	36.6805555555556
A_NP	742	72	C	0	0	70	38.0285714285714
A_NP	743	72	C	0	0	71	37.2535211267606
A_NP	744	72	A	0	0	71	36.2957746478873
A_NP	745	71	G	1	0	69	36.2608695652174
A_NP	746	72	G	0	0	71	36.7746478873239
A_NP	747	72	A	0	0	69	38.304347826087
A_NP	748	72	A	0	0	72	38.875
A_NP	749	71	A	1	0	71	40
A_NP	750	71	C	1	0	71	39.2816901408451
A_NP	751	70	G	2	0	69	38.3623188405797
A_NP	752	71	C	1	0	71	37.1549295774648
A_NP	753	71	T	1	0	69	37.4347826086956
A_NP	754	71	G	1	0	69	34.8840579710145
A_NP	755	72	A	0	0	71	33.4507042253521
A_NP	756	72	G	0	0	72	33.9027777777778
A_NP	757	72	A	0	0	72	34.3333333333333
A_NP	758	72	T	0	0	72	34.5138888888889
A_NP	759	72	C	0	0	72	33.4027777777778
A_NP	760	72	G	0	0	71	33.6760563380282
A_NP	761	72	A	0	0	72	32.3888888888889
A_NP	762	72	A	0	0	72	31.125
A_NP	763	72	G	0	0	71	30.9859154929577
A_NP	764	72	A	0	0	72	31.8194444444444
A_NP	765	71	T	1	0	71	32.4788732394366
A_NP	766	71	C	1	0	71	31.8591549295775
A_NP	767	71	T	1	0	70	32.8857142857143
A_NP	768	71	C	2	0	69	32.3913043478261
A_NP	769	71	A	2	0	70	31.9142857142857
A_NP	770	72	T	1	0	71	31.7887323943662
A_NP	771	72	A	1	0	72	33.0138888888889
A_NP	772	72	T	1	0	71	32.3943661971831
A_NP	773	73	T	0	0	73	31.3013698630137
A_NP	774	73	T	0	0	73	31.1232876712329
A_NP	775	73	T	0	0	72	31.8611111111111
A_NP	776	72	T	1	0	72	31.9027777777778
A_NP	777	72	A	1	0	72	30.2083333333333
A_NP	778	72	G	1	0	72	30.9166666666667
A_NP	779	72	C	1	0	72	31.0138888888889
A_NP	780	73	A	0	0	73	30.8493150684932
A_NP	781	73	A	0	0	73	34.2054794520548
A_NP	782	73	G	0	0	73	33.9178082191781
A_NP	783	73	A	0	0	73	34.0958904109589
A_NP	784	73	T	0	0	73	34.7671232876712
A_NP	785	73	C	0	0	73	33.2191780821918
A_NP	786	73	T	0	0	73	32.4246575342466
A_NP	787	73	G	0	0	73	31.972602739726
A_NP	788	73	C	0	0	73	33.1917808219178
A_NP	789	73	A	0	0	73	33.7397260273973
A_NP	790	73	C	0	0	73	34.3287671232877
A_NP	791	73	T	0	0	73	35.4109589041096
A_NP	792	73	G	0	0	73	35.4931506849315
A_NP	793	73	A	0	0	73	36.1095890410959
A_NP	794	73	T	0	0	73	36.5890410958904
A_NP	795	73	A	0	0	73	37.1506849315069
A_NP	796	73	T	0	0	73	38.4794520547945
A_NP	797	73	T	0	0	73	39.1643835616438
A_NP	798	73	G	0	0	73	36.5068493150685
A_NP	799	73	A	0	0	73	37.6438356164384
A_NP	800	73	G	0	0	72	38.75
A_NP	801	73	A	0	0	73	38.7534246575342
A_NP	802	73	G	0	0	72	38.8194444444444
A_NP	803	73	G	0	0	73	39.4246575342466
A_NP	804	71	A	2	0	71	39.4647887323944
A_NP	805	71	T	2	0	71	39.9577464788732
A_NP	806	71	C	2	0	71	39.3661971830986
A_NP	807	71	A	2	0	71	40.2253521126761
A_NP	808	72	G	1	0	72	39.0555555555556
A_NP	809	72	T	1	0	72	40.25
A_NP	810	70	T	2	0	70	40.3571428571429
A_NP	811	70	G	2	0	70	40.9714285714286
A_NP	812	71	C	1	0	71	39.3521126760563
A_NP	813	71	T	1	0	70	39.2428571428571
A_NP	814	71	C	1	0	69	38.6376811594203
A_NP	815	71	A	1	0	71	38.2253521126761
A_NP	816	71	C	1	0	71	37.8028169014084
A_NP	817	70	A	2	0	69	38.5652173913044
A_NP	818	72	A	0	0	72	36.2638888888889
A_NP	819	72	A	0	0	72	36.4722222222222
A_NP	820	72	T	0	0	72	35.3194444444444
A_NP	821	72	C	0	0	71	36.0845070422535
A_NP	822	72	T	0	0	72	36.3194444444444
A_NP	823	72	T	0	0	72	36.9444444444444
A_NP	824	72	G	0	0	71	37.169014084507
A_NP	825	72	C	0	0	72	36.5833333333333
A_NP	826	72	C	0	0	71	37.7042253521127
A_NP	827	72	T	0	0	71	39.4225352112676
A_NP	828	72	A	0	0	72	37.5555555555556
A_NP	829	72	C	0	0	72	38.7222222222222
A_NP	830	72	C	0	0	72	38.5
A_NP	831	72	T	0	0	72	39.3611111111111
A_NP	832	72	G	0	0	72	38.1388888888889
A_NP	833	72	C	0	0	72	39.6805555555556
A_NP	834	72	C	0	0	72	39.5277777777778
A_NP	835	72	T	0	0	72	39.2361111111111
A_NP	836	72	G	0	0	72	39.5138888888889
A_NP	837	72	T	0	0	72	40.3333333333333
A_NP	838	72	G	0	0	72	40.4166666666667
A_NP	839	72	C	0	0	72	40.8055555555556
A_NP	840	72	A	0	0	72	40.7361111111111
A_NP	841	72	T	0	0	72	40.4305555555556
A_NP	842	72	A	0	0	72	40.3472222222222
A_NP	843	72	T	0	0	72	40.7638888888889
A_NP	844	72	G	0	0	72	40.6527777777778
A_NP	845	72	G	0	0	72	40.3194444444444
A_NP	846	72	A	0	0	72	40.0833333333333
A_NP	847	72	C	0	0	72	41.6944444444444
A_NP	848	72	C	0	0	72	41.4305555555556
A_NP	849	72	T	0	0	72	41.75
A_NP	850	71	G	1	0	71	41.4225352112676
A_NP	851	71	C	1	0	71	41.4225352112676
A_NP	852	72	A	0	0	72	40.3333333333333
A_NP	853	72	G	0	0	72	41.1527777777778
A_NP	854	72	T	0	0	72	41.0694444444444
A_NP	855	72	A	0	0	72	40.375
A_NP	856	72	T	0	0	72	41.4861111111111
A_NP	857	72	C	0	0	72	39.6527777777778
A_NP	858	72	C	0	0	72	40.1111111111111
A_NP	859	72	A	0	0	72	40.1527777777778
A_NP	860	72	G	0	0	72	40.7222222222222
A_NP	861	71	T	1	0	70	41.2571428571429
A_NP	862	71	G	1	0	71	41.3239436619718
A_NP	863	71	G	1	0	71	41.0985915492958
A_NP	864	71	T	1	0	71	40.7323943661972
A_NP	865	72	T	0	0	72	39.875
A_NP	866	72	A	0	0	72	39.6388888888889
A_NP	867	72	C	0	0	71	39.4366197183099
A_NP	868	72	G	0	0	69	37.7391304347826
A_NP	869	72	A	0	0	72	37.1111111111111
A_NP	870	72	C	0	0	71	37.6760563380282
A_NP	871	72	T	0	0	72	36.6805555555556
A_NP	872	72	T	0	0	72	38.0138888888889
A_NP	873	72	T	0	0	72	38.4027777777778
A_NP	874	71	G	1	0	71	37.1971830985916
A_NP	875	58	A	14	0	57	36.1052631578947
A_NP	876	72	A	1	0	72	36.2916666666667
A_NP	877	73	A	0	0	73	36.3972602739726
A_NP	878	73	A	0	0	73	37.7123287671233
A_NP	879	72	A	1	0	72	38.4861111111111
A_NP	880	72	G	1	0	72	38.5833333333333
A_NP	881	73	A	0	0	73	37.7123287671233
A_NP	882	72	G	1	0	71	38.3239436619718
A_NP	883	73	G	0	0	73	37.7534246575342
A_NP	884	73	G	0	0	72	37.1111111111111
A_NP	885	73	A	0	0	73	36.2602739726027
A_NP	886	73	T	0	0	71	36.887323943662
A_NP	887	73	A	0	0	73	36.9315068493151
A_NP	888	73	T	0	0	73	38
A_NP	889	73	T	0	0	71	38.8450704225352
A_NP	890	73	C	0	0	73	38.0684931506849
A_NP	891	73	C	0	0	73	37.4931506849315
A_NP	892	72	T	1	0	72	38.3611111111111
A_NP	893	72	T	1	0	72	37.6111111111111
A_NP	894	72	G	1	0	72	36.4583333333333
A_NP	895	73	G	0	0	72	36.3055555555556
A_NP	896	73	T	0	0	72	36.9444444444444
A_NP	897	73	G	0	0	73	35.5068493150685
A_NP	898	73	G	0	0	73	37.0684931506849
A_NP	899	73	G	0	0	71	38.943661971831
A_NP	900	72	A	1	0	72	38.7916666666667
A_NP	901	73	A	0	0	72	40.8611111111111
A_NP	902	73	T	0	0	72	40.4722222222222
A_NP	903	73	A	0	0	73	38.6164383561644
A_NP	904	73	G	0	0	73	37.6575342465753
A_NP	905	72	A	1	0	72	38.3888888888889
A_NP	906	73	C	0	0	73	38.1232876712329
A_NP	907	73	C	0	0	73	38.4794520547945
A_NP	908	73	C	0	0	72	36.7638888888889
A_NP	909	73	T	0	0	72	33.1527777777778
A_NP	910	73	T	0	0	73	36.0821917808219
A_NP	911	73	T	0	0	73	34.8356164383562
A_NP	912	72	C	1	0	72	30.3888888888889
A_NP	913	72	A	1	0	72	33.2916666666667
A_NP	914	73	A	0	0	73	35.3013698630137
A_NP	915	73	A	0	0	73	35.7260273972603
A_NP	916	73	C	0	0	73	36.0547945205479
A_NP	917	73	T	0	0	73	37.8630136986301
A_NP	918	73	A	0	0	73	36.5068493150685
A_NP	919	73	C	0	0	71	35.3943661971831
A_NP	920	73	T	0	0	73	34.9041095890411
A_NP	921	73	T	0	0	73	35.5479452054795
A_NP	922	72	C	1	0	72	35.2777777777778
A_NP	923	73	A	0	0	72	36.6666666666667
A_NP	924	73	A	0	0	72	39.3472222222222
A_NP	925	73	A	0	0	72	41.4027777777778
A_NP	926	73	A	0	0	73	41.1369863013699
A_NP	927	73	T	0	0	73	40.972602739726
A_NP	928	72	A	1	0	72	40.9583333333333
A_NP	929	73	G	0	0	72	41
A_NP	930	73	C	0	0	73	39.8219178082192
A_NP	931	73	C	0	0	73	38.4657534246575
A_NP	932	73	A	0	0	72	38.375
A_NP	933	73	A	0	0	72	38.5277777777778
A_NP	934	73	A	0	0	73	38.7123287671233
A_NP	935	73	T	0	0	72	39.2361111111111
A_NP	936	73	A	0	0	73	39.0821917808219
A_NP	937	73	T	0	0	72	39.2916666666667
A_NP	938	73	A	0	0	72	38.9027777777778
A_NP	939	73	C	0	0	71	39.8450704225352
A_NP	940	73	A	0	0	73	38.6575342465753
A_NP	941	73	G	0	0	73	38.7397260273973
A_NP	942	73	C	0	0	73	38.1780821917808
A_NP	943	73	T	0	0	73	38.7808219178082
A_NP	944	73	T	0	0	72	39.6666666666667
A_NP	945	73	A	0	0	73	38.2602739726027
A_NP	946	73	A	0	0	73	38.4246575342466
A_NP	947	73	T	0	0	73	38.7671232876712
A_NP	948	72	C	1	0	72	38.9722222222222
A_NP	949	73	A	0	0	73	39.3561643835616
A_NP	950	73	G	0	0	73	39
A_NP	951	73	A	0	0	72	40.3888888888889
A_NP	952	73	C	0	0	72	39.7916666666667
A_NP	953	73	C	0	0	72	39.9722222222222
A_NP	954	73	T	0	0	72	40.0972222222222
A_NP	955	73	A	0	0	72	39.3888888888889
A_NP	956	73	A	0	0	73	39.6712328767123
A_NP	957	73	T	0	0	73	39.5479452054795
A_NP	958	72	G	1	0	72	40.1805555555556
A_NP	959	72	A	1	0	72	40.1805555555556
A_NP	960	73	G	0	0	72	39.9722222222222
A_NP	961	73	A	0	0	73	40.8493150684931
A_NP	962	73	A	0	0	73	40.2739726027397
A_NP	963	73	T	0	0	73	41.027397260274
A_NP	964	73	C	0	0	72	41.1111111111111
A_NP	965	73	C	0	0	73	41.6438356164384
A_NP	966	73	A	0	0	73	40.6849315068493
A_NP	967	73	G	0	0	73	40.4383561643836
A_NP	968	73	C	0	0	73	39.9452054794521
A_NP	969	72	A	1	0	72	39.7777777777778
A_NP	970	72	C	1	0	72	39.375
A_NP	971	72	A	1	0	72	38.4027777777778
A_NP	972	73	C	0	0	72	38.3611111111111
A_NP	973	73	A	0	0	73	37.013698630137
A_NP	974	73	A	0	0	73	36.972602739726
A_NP	975	73	G	0	0	73	36.8904109589041
A_NP	976	73	A	0	0	73	38.0547945205479
A_NP	977	73	G	0	0	73	38.7534246575342
A_NP	978	73	T	0	0	72	40.7222222222222
A_NP	979	73	C	0	0	72	37.9444444444444
A_NP	980	73	A	0	0	73	38.4109589041096
A_NP	981	73	G	0	0	72	38.8194444444444
A_NP	982	73	C	0	0	71	40.4507042253521
A_NP	983	73	T	0	0	71	40.2394366197183
A_NP	984	73	G	0	0	71	40.7746478873239
A_NP	985	73	G	0	0	73	39.8356164383562
A_NP	986	73	T	0	0	72	40.2777777777778
A_NP	987	73	G	0	0	73	39.2876712328767
A_NP	988	73	T	0	0	73	38.6712328767123
A_NP	989	72	G	1	0	72	38.8472222222222
A_NP	990	73	G	0	0	73	39.2054794520548
A_NP	991	73	A	0	0	72	39.5555555555556
A_NP	992	73	T	0	0	73	38.5890410958904
A_NP	993	73	G	0	0	73	38.4520547945205
A_NP	994	73	G	0	0	73	38.6849315068493
A_NP	995	72	C	1	0	71	39.0704225352113
A_NP	996	73	A	0	0	72	39.2361111111111
A_NP	997	73	T	0	0	72	39.2361111111111
A_NP	998	73	G	0	0	73	38.3698630136986
A_NP	999	72	T	1	0	72	39.2083333333333
A_NP	1000	73	C	0	0	72	38.9305555555556
A_NP	1001	73	A	0	0	72	38.6666666666667
A_NP	1002	72	T	1	0	71	38.0422535211268
A_NP	1003	73	T	0	0	72	38.5555555555556
A_NP	1004	72	C	1	0	69	39.2173913043478
A_NP	1005	73	T	0	0	73	39.0547945205479
A_NP	1006	73	G	0	0	73	37.6301369863014
A_NP	1007	73	C	0	0	73	38.027397260274
A_NP	1008	73	T	0	0	73	37.5616438356164
A_NP	1009	71	G	2	0	71	39.1549295774648
A_NP	1010	72	C	1	0	72	38.2777777777778
A_NP	1011	73	A	0	0	73	36.9452054794521
A_NP	1012	73	T	0	0	73	36.958904109589
A_NP	1013	73	T	0	0	73	36.6027397260274
A_NP	1014	72	T	1	0	72	37.6527777777778
A_NP	1015	72	G	1	0	71	37.3661971830986
A_NP	1016	73	A	0	0	72	38.3472222222222
A_NP	1017	73	A	0	0	73	39.1506849315069
A_NP	1018	73	G	0	0	73	38.2876712328767
A_NP	1019	73	A	0	0	73	38.5205479452055
A_NP	1020	73	T	0	0	73	38.2328767123288
A_NP	1021	73	T	0	0	73	39.1643835616438
A_NP	1022	73	T	0	0	73	39.4383561643836
A_NP	1023	73	A	0	0	73	37.3972602739726
A_NP	1024	73	A	0	0	73	37.958904109589
A_NP	1025	73	G	0	0	73	39.3424657534247
A_NP	1026	73	A	0	0	73	40.3835616438356
A_NP	1027	72	T	1	0	72	41.1805555555556
A_NP	1028	73	T	0	0	73	40.6575342465753
A_NP	1029	73	G	0	0	72	41.2777777777778
A_NP	1030	73	T	0	0	72	41.4583333333333
A_NP	1031	73	T	0	0	73	40.3972602739726
A_NP	1032	73	A	0	0	73	39.7123287671233
A_NP	1033	73	A	0	0	73	39.4246575342466
A_NP	1034	73	G	0	0	73	38.7260273972603
A_NP	1035	73	C	0	0	73	39.9315068493151
A_NP	1036	73	T	0	0	72	40.875
A_NP	1037	73	T	0	0	73	40.8904109589041
A_NP	1038	73	C	0	0	73	39.013698630137
A_NP	1039	72	A	1	0	72	39.9583333333333
A_NP	1040	72	T	1	0	71	40.7464788732394
A_NP	1041	73	C	0	0	73	35.4383561643836
A_NP	1042	73	A	0	0	73	36.1232876712329
A_NP	1043	70	G	3	0	69	36.8550724637681
A_NP	1044	73	G	0	0	73	35.9452054794521
A_NP	1045	73	G	0	0	73	35.5205479452055
A_NP	1046	73	G	0	0	73	36.1643835616438
A_NP	1047	73	A	0	0	73	37.8630136986301
A_NP	1048	73	A	0	0	72	37.7083333333333
A_NP	1049	73	C	0	0	73	36.6438356164384
A_NP	1050	69	A	4	0	69	37.6086956521739
A_NP	1051	72	A	1	0	72	36.9722222222222
A_NP	1052	72	A	1	0	72	38.0277777777778
A_NP	1053	72	A	1	0	71	38.8169014084507
A_NP	1054	72	G	1	0	72	37.7638888888889
A_NP	1055	72	T	1	0	71	38.6056338028169
A_NP	1056	72	A	1	0	72	36.8333333333333
A_NP	1057	72	T	1	0	72	37.1111111111111
A_NP	1058	72	C	1	0	71	35.3239436619718
A_NP	1059	73	T	0	0	72	35.9166666666667
A_NP	1060	73	C	0	0	73	35.4383561643836
A_NP	1061	73	C	0	0	73	34.3424657534247
A_NP	1062	73	T	0	0	73	32.3287671232877
A_NP	1063	68	C	5	0	68	30.7794117647059
A_NP	1064	65	G	8	0	65	27.8615384615385
A_NP	1065	71	G	2	0	71	26.7042253521127
A_NP	1066	72	G	1	0	72	27.6805555555556
A_NP	1067	73	G	0	0	73	29.1095890410959
A_NP	1068	73	G	0	0	73	35.5616438356164
A_NP	1069	73	A	0	0	73	34.5753424657534
A_NP	1070	73	A	0	0	71	34.9859154929577
A_NP	1071	73	A	0	0	73	35.1506849315069
A_NP	1072	73	C	0	0	72	34.3055555555556
A_NP	1073	73	T	0	0	73	35.3698630136986
A_NP	1074	73	G	0	0	71	34.6197183098592
A_NP	1075	73	T	0	0	72	35.9305555555556
A_NP	1076	73	C	0	0	69	35.5507246376812
A_NP	1077	73	A	0	0	71	34
A_NP	1078	73	A	0	0	72	34.4861111111111
A_NP	1079	73	C	0	0	72	34.7638888888889
A_NP	1080	73	T	0	0	72	34.9583333333333
A_NP	1081	72	A	1	0	72	35.1666666666667
A_NP	1082	72	G	1	0	72	34.75
A_NP	1083	73	A	0	0	73	32.4520547945205
A_NP	1084	73	G	0	0	71	34.0422535211268
A_NP	1085	73	G	0	0	73	35.1643835616438
A_NP	1086	73	A	0	0	73	36.9041095890411
A_NP	1087	73	G	0	0	71	37.3380281690141
A_NP	1088	73	T	0	0	72	38.9583333333333
A_NP	1089	73	A	0	0	72	39.6944444444444
A_NP	1090	73	C	0	0	72	40.4444444444444
A_NP	1091	73	A	0	0	72	39.0833333333333
A_NP	1092	73	A	0	0	73	40.0821917808219
A_NP	1093	73	A	0	0	73	40.8219178082192
A_NP	1094	73	T	0	0	73	40.1780821917808
A_NP	1095	73	T	0	0	73	41.8493150684931
A_NP	1096	73	G	0	0	73	40.5753424657534
A_NP	1097	73	C	0	0	73	40.5890410958904
A_NP	1098	73	T	0	0	73	40.1506849315069
A_NP	1099	73	T	0	0	73	41.3150684931507
A_NP	1100	73	C	0	0	73	39.3150684931507
A_NP	1101	73	A	0	0	73	39.7808219178082
A_NP	1102	73	A	0	0	73	40.8493150684931
A_NP	1103	73	A	0	0	73	40.2602739726027
A_NP	1104	73	T	0	0	73	40.5068493150685
A_NP	1105	73	G	0	0	73	40.4520547945205
A_NP	1106	73	A	0	0	72	40.9861111111111
A_NP	1107	73	G	0	0	73	40.6438356164384
A_NP	1108	73	A	0	0	73	41.3287671232877
A_NP	1109	73	A	0	0	73	41.2465753424658
A_NP	1110	73	C	0	0	73	40.8493150684931
A_NP	1111	73	A	0	0	73	41.1232876712329
A_NP	1112	72	T	1	0	72	41.3194444444444
A_NP	1113	72	G	1	0	72	41.3194444444444
A_NP	1114	72	G	1	0	72	41.4722222222222
A_NP	1115	72	A	1	0	72	40.5138888888889
A_NP	1116	72	T	1	0	72	41.2916666666667
A_NP	1117	72	A	1	0	72	40.875
A_NP	1118	72	A	1	0	72	40.7916666666667
A_NP	1119	72	T	1	0	72	41.0972222222222
A_NP	1120	72	A	1	0	72	41.4166666666667
A_NP	1121	72	T	1	0	72	41.3194444444444
A_NP	1122	69	G	4	0	67	39.3731343283582
A_NP	1123	73	G	0	0	73	37.7534246575342
A_NP	1124	73	G	0	0	70	39.2
A_NP	1125	73	A	0	0	73	39.972602739726
A_NP	1126	73	T	0	0	73	39.8904109589041
A_NP	1127	72	C	1	0	72	39.2361111111111
A_NP	1128	72	A	1	0	72	39.3333333333333
A_NP	1129	73	A	0	0	72	38.4722222222222
A_NP	1130	73	G	0	0	73	38.1232876712329
A_NP	1131	73	C	0	0	73	37.5205479452055
A_NP	1132	72	A	1	0	72	37.4305555555556
A_NP	1133	73	C	0	0	73	37.1369863013699
A_NP	1134	73	T	0	0	72	36.5833333333333
A_NP	1135	73	C	0	0	73	34.6712328767123
A_NP	1136	71	T	2	0	71	35.3521126760563
A_NP	1137	73	T	0	0	73	33.7945205479452
A_NP	1138	73	G	0	0	72	33.1388888888889
A_NP	1139	73	A	0	0	73	33.9452054794521
A_NP	1140	73	A	0	0	73	33.4109589041096
A_NP	1141	73	C	0	0	73	33.958904109589
A_NP	1142	73	T	0	0	72	35.4166666666667
A_NP	1143	73	G	0	0	73	35.7808219178082
A_NP	1144	73	A	0	0	73	35.7260273972603
A_NP	1145	73	G	0	0	72	36.2777777777778
A_NP	1146	73	A	0	0	73	37.4520547945205
A_NP	1147	73	A	0	0	73	37.8904109589041
A_NP	1148	73	G	0	0	73	37.7260273972603
A_NP	1149	73	C	0	0	71	37.4788732394366
A_NP	1150	73	G	0	0	73	36.1780821917808
A_NP	1151	73	G	0	0	73	37.4931506849315
A_NP	1152	73	G	0	0	73	36.0547945205479
A_NP	1153	73	T	0	0	73	36.5068493150685
A_NP	1154	73	A	0	0	73	36.7534246575342
A_NP	1155	73	C	0	0	73	38.3287671232877
A_NP	1156	73	T	0	0	73	37.8219178082192
A_NP	1157	73	G	0	0	73	35.4520547945205
A_NP	1158	73	G	0	0	73	35.1506849315069
A_NP	1159	73	G	0	0	73	34.8219178082192
A_NP	1160	73	C	0	0	73	33.9315068493151
A_NP	1161	73	C	0	0	73	34.041095890411
A_NP	1162	73	A	0	0	73	35.3013698630137
A_NP	1163	73	T	0	0	73	35.1506849315069
A_NP	1164	71	A	2	0	71	33.9859154929577
A_NP	1165	72	A	1	0	72	33.8888888888889
A_NP	1166	72	G	1	0	72	35.625
A_NP	1167	73	G	0	0	73	35.1643835616438
A_NP	1168	73	A	0	0	73	34.972602739726
A_NP	1169	73	C	0	0	73	36.5205479452055
A_NP	1170	73	C	0	0	73	37
A_NP	1171	73	A	0	0	73	37.9178082191781
A_NP	1172	73	G	0	0	73	38.0958904109589
A_NP	1173	73	G	0	0	73	37.5342465753425
A_NP	1174	73	A	0	0	72	38.375
A_NP	1175	73	G	0	0	73	37.9041095890411
A_NP	1176	73	T	0	0	72	38.2777777777778
A_NP	1177	71	G	2	0	71	36.9859154929577
A_NP	1178	72	G	1	0	72	35.75
A_NP	1179	72	A	1	0	72	35.7638888888889
A_NP	1180	72	G	1	0	72	36.1944444444444
A_NP	1181	73	G	0	0	73	36.9041095890411
A_NP	1182	73	A	0	0	73	37.013698630137
A_NP	1183	73	A	0	0	73	37.6712328767123
A_NP	1184	73	A	0	0	73	39.7397260273973
A_NP	1185	72	C	1	0	72	39.8611111111111
A_NP	1186	73	A	0	0	72	39.5
A_NP	1187	73	C	0	0	73	39.8356164383562
A_NP	1188	73	T	0	0	73	40.6164383561644
A_NP	1189	73	A	0	0	72	39.2222222222222
A_NP	1190	73	A	0	0	72	39.8888888888889
A_NP	1191	73	T	0	0	72	39.75
A_NP	1192	73	C	0	0	71	38.3802816901408
A_NP	1193	73	A	0	0	73	38.8767123287671
A_NP	1194	73	G	0	0	73	37.6164383561644
A_NP	1195	73	C	0	0	73	36.3424657534247
A_NP	1196	73	A	0	0	73	37.2465753424658
A_NP	1197	73	G	0	0	73	39.4383561643836
A_NP	1198	73	A	0	0	73	38.7534246575342
A_NP	1199	73	G	0	0	73	39.0684931506849
A_NP	1200	73	G	0	0	73	39.1917808219178
A_NP	1201	73	G	0	0	73	39.7534246575342
A_NP	1202	73	C	0	0	73	39.4520547945205
A_NP	1203	73	C	0	0	73	40.3150684931507
A_NP	1204	73	T	0	0	73	41.3972602739726
A_NP	1205	73	C	0	0	73	40.9041095890411
A_NP	1206	73	C	0	0	73	40.1369863013699
A_NP	1207	73	G	1	0	73	38.3561643835616
A_NP	1208	74	C	0	0	73	38.3835616438356
A_NP	1209	74	A	0	0	74	38.1351351351351
A_NP	1210	74	G	0	0	73	39.6712328767123
A_NP	1211	74	G	0	0	74	39.4864864864865
A_NP	1212	74	C	0	0	72	40.4166666666667
A_NP	1213	74	C	0	0	74	40.2972972972973
A_NP	1214	74	A	0	0	74	39.9324324324324
A_NP	1215	74	A	0	0	74	39.5405405405405
A_NP	1216	74	A	0	0	73	39.8356164383562
A_NP	1217	74	C	0	0	73	39.4794520547945
A_NP	1218	74	C	0	0	74	38.6081081081081
A_NP	1219	74	A	0	0	74	39.8648648648649
A_NP	1220	74	G	0	0	74	37.8108108108108
A_NP	1221	74	T	0	0	74	37.8918918918919
A_NP	1222	74	G	0	0	74	38.3783783783784
A_NP	1223	74	T	0	0	73	38.1506849315069
A_NP	1224	74	G	0	0	74	38.1351351351351
A_NP	1225	74	C	0	0	74	39.3648648648649
A_NP	1226	74	A	0	0	74	38.6081081081081
A_NP	1227	74	A	0	0	74	39.2432432432432
A_NP	1228	74	C	0	0	74	38.6621621621622
A_NP	1229	74	C	0	0	74	38.9864864864865
A_NP	1230	74	A	0	0	74	38.9054054054054
A_NP	1231	74	A	0	0	74	39.4594594594595
A_NP	1232	74	C	0	0	73	38.7260273972603
A_NP	1233	74	G	0	0	74	38.6891891891892
A_NP	1234	74	T	0	0	74	39.1081081081081
A_NP	1235	74	T	0	0	74	39.1081081081081
A_NP	1236	74	T	0	0	74	38.8378378378378
A_NP	1237	74	T	0	0	74	41.0810810810811
A_NP	1238	74	C	0	0	74	43.472972972973
A_NP	1239	74	T	0	0	74	43.8648648648649
A_NP	1240	74	G	0	0	74	43.6756756756757
A_NP	1241	74	T	0	0	74	43.3918918918919
A_NP	1242	73	T	1	0	73	43.8904109589041
A_NP	1243	73	C	1	0	73	41.958904109589
A_NP	1244	71	A	3	0	70	39.8714285714286
A_NP	1245	74	A	0	0	74	40.2162162162162
A_NP	1246	74	A	0	0	74	39.7702702702703
A_NP	1247	74	G	0	0	73	39.7808219178082
A_NP	1248	74	A	0	0	74	41.4324324324324
A_NP	1249	74	A	0	0	73	42.5068493150685
A_NP	1250	74	A	0	0	74	42.6621621621622
A_NP	1251	74	C	0	0	73	42.3972602739726
A_NP	1252	74	C	0	0	73	42.6986301369863
A_NP	1253	74	T	0	0	74	42.5135135135135
A_NP	1254	74	C	0	0	74	40.2837837837838
A_NP	1255	74	C	0	0	74	39.6756756756757
A_NP	1256	74	C	0	0	74	40.0675675675676
A_NP	1257	74	A	0	0	73	37.1780821917808
A_NP	1258	74	T	0	0	73	38.6849315068493
A_NP	1259	74	T	0	0	74	39.9054054054054
A_NP	1260	74	T	0	0	73	39.8219178082192
A_NP	1261	74	G	0	0	74	37.1081081081081
A_NP	1262	74	A	0	0	74	36.1216216216216
A_NP	1263	74	A	0	0	74	37.8783783783784
A_NP	1264	74	A	0	0	74	40.0540540540541
A_NP	1265	74	A	0	0	74	42
A_NP	1266	74	G	0	0	74	40.9324324324324
A_NP	1267	74	T	0	0	74	40.2567567567568
A_NP	1268	74	C	0	0	74	39.3648648648649
A_NP	1269	74	A	0	0	74	40.0135135135135
A_NP	1270	74	A	0	0	74	38.8108108108108
A_NP	1271	74	C	0	0	74	39.2027027027027
A_NP	1272	74	C	0	0	74	39.0810810810811
A_NP	1273	74	A	0	0	74	39.4189189189189
A_NP	1274	74	T	0	0	74	40.3108108108108
A_NP	1275	74	C	0	0	74	38.4864864864865
A_NP	1276	74	A	0	0	74	39.2162162162162
A_NP	1277	74	T	0	0	74	39.3648648648649
A_NP	1278	74	G	0	0	74	38.9864864864865
A_NP	1279	74	G	0	0	73	39.6438356164384
A_NP	1280	74	C	0	0	73	39.1780821917808
A_NP	1281	74	A	0	0	73	39.7397260273973
A_NP	1282	74	G	0	0	74	40.2837837837838
A_NP	1283	74	C	0	0	74	39.9459459459459
A_NP	1284	74	A	0	0	74	38.5810810810811
A_NP	1285	74	T	0	0	74	40.7567567567568
A_NP	1286	74	T	0	0	74	40.1621621621622
A_NP	1287	74	C	0	0	74	41.4864864864865
A_NP	1288	74	A	0	0	74	41.2702702702703
A_NP	1289	74	C	0	0	74	41.2027027027027
A_NP	1290	74	T	0	0	74	41.9459459459459
A_NP	1291	73	G	1	0	73	41
A_NP	1292	74	G	0	0	74	41.2702702702703
A_NP	1293	74	A	0	0	74	42.027027027027
A_NP	1294	74	A	0	0	74	42.6621621621622
A_NP	1295	74	A	0	0	74	43.472972972973
A_NP	1296	74	T	0	0	74	42.5675675675676
A_NP	1297	74	A	0	0	74	41.0675675675676
A_NP	1298	74	C	0	0	74	40.2567567567568
A_NP	1299	74	G	0	0	74	39.9189189189189
A_NP	1300	74	G	0	0	74	39.4054054054054
A_NP	1301	74	A	0	0	73	39.5479452054795
A_NP	1302	74	A	0	0	74	40.0135135135135
A_NP	1303	74	G	0	0	74	41.0945945945946
A_NP	1304	74	G	0	0	74	38.9864864864865
A_NP	1305	74	A	0	0	73	37.6438356164384
A_NP	1306	74	A	0	0	74	38.6621621621622
A_NP	1307	74	G	0	0	74	36.9324324324324
A_NP	1308	73	A	1	0	73	40.958904109589
A_NP	1309	74	A	0	0	74	38.2162162162162
A_NP	1310	74	C	0	0	74	35.9324324324324
A_NP	1311	74	T	0	0	74	36.2432432432432
A_NP	1312	74	T	0	0	74	36.1081081081081
A_NP	1313	74	C	0	0	74	37.2567567567568
A_NP	1314	74	A	0	0	74	36.4864864864865
A_NP	1315	74	G	0	0	74	38.1081081081081
A_NP	1316	74	A	0	0	74	38.6216216216216
A_NP	1317	74	C	0	0	74	39.2567567567568
A_NP	1318	74	A	0	0	74	40.2027027027027
A_NP	1319	74	T	0	0	74	40.7162162162162
A_NP	1320	74	G	0	0	74	40.3108108108108
A_NP	1321	73	A	1	0	73	41.6575342465753
A_NP	1322	74	G	0	0	74	40.2567567567568
A_NP	1323	74	A	0	0	74	41.6216216216216
A_NP	1324	74	G	0	0	74	41.1621621621622
A_NP	1325	74	C	0	0	74	41.1216216216216
A_NP	1326	74	A	0	0	74	40.2837837837838
A_NP	1327	74	G	0	0	74	40.0945945945946
A_NP	1328	74	A	0	0	74	40.7432432432432
A_NP	1329	74	A	0	0	74	42.0540540540541
A_NP	1330	74	A	0	0	74	42.1351351351351
A_NP	1331	74	T	0	0	74	41.9594594594595
A_NP	1332	74	T	0	0	74	41.6351351351351
A_NP	1333	74	A	0	0	74	41.5945945945946
A_NP	1334	73	T	1	0	73	42.4657534246575
A_NP	1335	73	A	1	0	73	41.5753424657534
A_NP	1336	73	A	1	0	73	42.5616438356164
A_NP	1337	73	G	1	0	73	42.013698630137
A_NP	1338	74	G	0	0	74	41.0945945945946
A_NP	1339	74	A	0	0	73	42.013698630137
A_NP	1340	74	T	0	0	74	43.4324324324324
A_NP	1341	74	G	0	0	72	43.3055555555556
A_NP	1342	74	A	0	0	73	43.5342465753425
A_NP	1343	74	T	0	0	74	43.0405405405405
A_NP	1344	74	G	0	0	74	41.7837837837838
A_NP	1345	74	G	0	0	74	40.9324324324324
A_NP	1346	73	A	1	0	73	41.1369863013699
A_NP	1347	74	A	0	0	74	40.7297297297297
A_NP	1348	74	G	0	0	73	40.6027397260274
A_NP	1349	74	G	0	0	74	39.2837837837838
A_NP	1350	74	T	0	0	74	38.7162162162162
A_NP	1351	74	G	0	0	73	38.1232876712329
A_NP	1352	74	C	0	0	74	37.7972972972973
A_NP	1353	73	A	1	0	72	37.7777777777778
A_NP	1354	75	A	0	0	75	36.88
A_NP	1355	75	A	0	0	75	37.92
A_NP	1356	75	A	0	0	75	38.52
A_NP	1357	75	C	0	0	74	37.9459459459459
A_NP	1358	76	C	0	0	75	38.7733333333333
A_NP	1359	75	A	1	0	75	37.92
A_NP	1360	75	G	1	0	75	37.7466666666667
A_NP	1361	75	A	1	0	72	38.8888888888889
A_NP	1362	76	A	0	0	75	38.3733333333333
A_NP	1363	76	G	0	0	74	38.9459459459459
A_NP	1364	76	A	0	0	76	38.8552631578947
A_NP	1365	76	A	0	0	76	38
A_NP	1366	76	G	0	0	75	38.6933333333333
A_NP	1367	76	T	0	0	76	38.6578947368421
A_NP	1368	76	G	0	0	75	38.7066666666667
A_NP	1369	76	T	0	0	76	39.5657894736842
A_NP	1370	76	C	0	0	76	38.4605263157895
A_NP	1371	76	A	0	0	76	38.8947368421053
A_NP	1372	75	T	1	0	75	38.9066666666667
A_NP	1373	76	T	0	0	76	38.2894736842105
A_NP	1374	76	C	0	0	76	37.0657894736842
A_NP	1375	76	C	0	0	76	37.0789473684211
A_NP	1376	50	G	26	0	50	34.62
A_NP	1377	73	G	3	0	73	34.8082191780822
A_NP	1378	76	G	0	0	76	35.1973684210526
A_NP	1379	75	G	1	0	75	36.2
A_NP	1380	74	G	2	0	73	37.8493150684931
A_NP	1381	74	A	2	0	74	37.6216216216216
A_NP	1382	76	G	0	0	74	35.1351351351351
A_NP	1383	76	G	0	0	76	33.25
A_NP	1384	76	G	0	0	75	34.3066666666667
A_NP	1385	76	G	0	0	72	33.2638888888889
A_NP	1386	75	A	1	0	74	33.5135135135135
A_NP	1387	74	G	2	0	72	33.875
A_NP	1388	70	T	6	0	69	34.0724637681159
A_NP	1389	75	T	1	0	75	32.9866666666667
A_NP	1390	76	T	0	0	74	32.6081081081081
A_NP	1391	73	T	3	0	71	30.169014084507
A_NP	1392	70	C	6	0	69	27.8985507246377
A_NP	1393	75	G	1	0	72	27.7222222222222
A_NP	1394	76	A	0	0	76	25.0263157894737
A_NP	1395	76	G	0	0	76	23.6973684210526
A_NP	1396	76	C	0	0	75	22.72
A_NP	1397	76	T	0	0	75	26.16
A_NP	1398	75	C	1	0	75	30.4666666666667
A_NP	1399	75	T	1	0	75	31.52
A_NP	1400	75	C	1	0	74	31.2027027027027
A_NP	1401	76	T	0	0	73	31.6438356164384
A_NP	1402	76	G	0	0	70	31.1714285714286
A_NP	1403	76	A	0	0	76	30.0789473684211
A_NP	1404	76	C	0	0	74	30
A_NP	1405	75	G	1	0	73	29.7671232876712
A_NP	1406	75	A	1	0	75	30.3866666666667
A_NP	1407	75	G	1	0	75	30.88
A_NP	1408	75	A	1	0	75	30.0533333333333
A_NP	1409	76	A	0	0	76	30.7631578947368
A_NP	1410	76	G	0	0	76	32.3815789473684
A_NP	1411	76	G	0	0	76	32.6710526315789
A_NP	1412	76	C	0	0	76	32.8947368421053
A_NP	1413	76	A	0	0	75	34.9466666666667
A_NP	1414	76	G	0	0	76	35.4342105263158
A_NP	1415	76	C	0	0	74	35.6486486486486
A_NP	1416	76	G	0	0	74	33.6216216216216
A_NP	1417	75	A	1	0	75	34.6933333333333
A_NP	1418	76	A	0	0	74	34.7567567567568
A_NP	1419	76	C	0	0	76	33.9078947368421
A_NP	1420	76	C	0	0	76	33.7763157894737
A_NP	1421	76	C	0	0	75	35.8
A_NP	1422	75	G	1	0	74	35.0540540540541
A_NP	1423	76	A	0	0	76	35.5921052631579
A_NP	1424	76	T	0	0	76	36.1973684210526
A_NP	1425	76	C	0	0	76	35.8289473684211
A_NP	1426	76	G	0	0	76	35.6842105263158
A_NP	1427	76	T	0	0	76	36.0131578947368
A_NP	1428	76	G	0	0	76	36.9473684210526
A_NP	1429	76	C	0	0	76	36.7894736842105
A_NP	1430	76	C	0	0	76	36.6447368421053
A_NP	1431	76	C	0	0	76	36
A_NP	1432	76	T	0	0	76	35.6184210526316
A_NP	1433	76	C	0	0	76	34.7763157894737
A_NP	1434	76	T	0	0	76	35.5
A_NP	1435	76	T	0	0	76	33.3552631578947
A_NP	1436	76	T	0	0	76	33.3947368421053
A_NP	1437	76	T	0	0	76	35.25
A_NP	1438	75	G	1	0	75	32.7066666666667
A_NP	1439	76	A	0	0	76	34.6447368421053
A_NP	1440	76	T	0	0	76	36.0394736842105
A_NP	1441	76	A	0	0	76	35.4473684210526
A_NP	1442	76	T	0	0	75	37
A_NP	1443	76	G	0	0	76	35.3947368421053
A_NP	1444	76	A	0	0	76	35.2368421052632
A_NP	1445	76	G	0	0	75	35.5066666666667
A_NP	1446	76	T	0	0	75	36.84
A_NP	1447	76	A	0	0	76	37.25
A_NP	1448	76	A	0	0	76	40.4078947368421
A_NP	1449	76	C	0	0	76	40.1973684210526
A_NP	1450	76	G	0	0	76	38.8026315789474
A_NP	1451	76	A	0	0	75	38.5066666666667
A_NP	1452	76	A	0	0	76	38.3026315789474
A_NP	1453	76	G	0	0	76	37.9605263157895
A_NP	1454	76	G	0	0	76	37.8947368421053
A_NP	1455	76	A	0	0	76	39.0394736842105
A_NP	1456	76	T	0	0	75	38.5466666666667
A_NP	1457	76	C	0	0	75	37.4933333333333
A_NP	1458	75	T	1	0	75	39.72
A_NP	1459	76	T	0	0	75	40.1333333333333
A_NP	1460	76	A	0	0	75	38.7333333333333
A_NP	1461	76	T	0	0	76	38.4605263157895
A_NP	1462	76	T	0	0	75	39.2133333333333
A_NP	1463	76	T	0	0	76	39.0394736842105
A_NP	1464	76	C	0	0	76	36.8947368421053
A_NP	1465	76	T	0	0	76	38.7763157894737
A_NP	1466	76	T	0	0	76	39.2763157894737
A_NP	1467	76	C	0	0	76	38.2763157894737
A_NP	1468	76	G	0	0	76	37.2894736842105
A_NP	1469	76	G	0	0	76	37.2105263157895
A_NP	1470	76	A	0	0	75	37.4
A_NP	1471	76	G	0	0	76	37.3815789473684
A_NP	1472	76	A	0	0	76	38.5131578947368
A_NP	1473	76	C	0	0	76	38.8684210526316
A_NP	1474	75	A	1	0	75	38.1733333333333
A_NP	1475	76	A	0	0	76	37.6315789473684
A_NP	1476	76	T	0	0	76	38.0789473684211
A_NP	1477	76	G	0	0	76	38.3026315789474
A_NP	1478	76	C	0	0	76	38.4210526315789
A_NP	1479	76	A	0	0	76	39.3157894736842
A_NP	1480	76	G	0	0	76	39.1842105263158
A_NP	1481	76	A	0	0	75	38.9066666666667
A_NP	1482	75	A	0	0	75	39.88
A_NP	1483	75	G	0	0	75	39.76
A_NP	1484	75	A	0	0	75	39.72
A_NP	1485	75	A	0	0	75	39.76
A_NP	1486	75	T	0	0	75	38.9466666666667
A_NP	1487	75	A	0	0	75	37.76
A_NP	1488	74	C	1	0	74	38.6891891891892
A_NP	1489	75	G	0	0	74	37.1216216216216
A_NP	1490	74	A	0	0	74	37.7027027027027
A_NP	1491	74	C	0	0	74	37.8918918918919
A_NP	1492	74	A	0	0	74	35.8378378378378
A_NP	1493	74	A	0	0	74	36.027027027027
A_NP	1494	74	T	0	0	74	36.6756756756757
A_NP	1495	73	T	0	0	73	37.6849315068493
A_NP	1496	73	A	0	0	73	37.0821917808219
A_NP	1497	72	A	0	0	72	38.4861111111111
