Reference_Name	Position	Coverage Depth	Consensus	Deletions	Ambiguous	Consensus_Count	Consensus_Average_Quality
A_PA	1	195	A	0	0	195	39.5384615384615
A_PA	2	196	T	0	0	196	38.8571428571429
A_PA	3	199	G	0	0	199	38.964824120603
A_PA	4	203	G	0	0	203	39.9507389162562
A_PA	5	203	A	0	0	203	40.1970443349754
A_PA	6	204	A	0	0	204	40.6225490196078
A_PA	7	204	G	0	0	204	41.7794117647059
A_PA	8	204	A	0	0	204	40.5980392156863
A_PA	9	204	T	0	0	203	40.4088669950739
A_PA	10	204	T	0	0	204	39.6029411764706
A_PA	11	205	T	0	0	205	39.3951219512195
A_PA	12	206	T	0	0	205	41.2878048780488
A_PA	13	206	G	0	0	206	39.7330097087379
A_PA	14	206	T	0	0	206	39.6796116504854
A_PA	15	206	G	0	0	206	38.7815533980583
A_PA	16	205	C	1	0	203	38.3349753694581
A_PA	17	206	G	0	0	206	35.6990291262136
A_PA	18	206	A	0	0	206	36.0388349514563
A_PA	19	206	C	0	0	206	36.1456310679612
A_PA	20	206	A	0	0	204	35.9901960784314
A_PA	21	206	A	0	0	206	37.2669902912621
A_PA	22	206	T	0	0	206	38.8980582524272
A_PA	23	206	G	0	0	206	37.1456310679612
A_PA	24	206	C	0	0	204	36.8774509803922
A_PA	25	206	T	0	0	204	37.593137254902
A_PA	26	206	T	0	0	205	36.2439024390244
A_PA	27	206	C	0	0	206	34.5145631067961
A_PA	28	206	A	0	0	205	34.6243902439024
A_PA	29	205	A	1	0	204	34.4558823529412
A_PA	30	205	C	1	0	205	34.819512195122
A_PA	31	205	C	1	0	204	35.7205882352941
A_PA	32	206	C	1	0	205	36.3951219512195
A_PA	33	206	G	1	0	201	36.318407960199
A_PA	34	206	A	1	0	206	35.4320388349515
A_PA	35	206	T	1	0	205	35.2390243902439
A_PA	36	205	G	2	0	205	34.6341463414634
A_PA	37	204	A	2	0	203	36.0689655172414
A_PA	38	205	T	2	0	204	37.7941176470588
A_PA	39	205	T	2	0	205	37.6
A_PA	40	207	G	1	0	205	37.4682926829268
A_PA	41	207	T	1	0	206	38.2427184466019
A_PA	42	206	C	2	0	201	36.2636815920398
A_PA	43	207	G	1	0	202	35.3663366336634
A_PA	44	208	A	0	0	206	34.7087378640777
A_PA	45	208	A	0	0	208	34.7403846153846
A_PA	46	208	C	0	0	204	35.156862745098
A_PA	47	207	T	1	0	204	36.0343137254902
A_PA	48	208	T	0	0	208	38.6057692307692
A_PA	49	208	G	0	0	203	37.4729064039409
A_PA	50	207	C	1	0	207	36.6473429951691
A_PA	51	208	A	1	0	208	35.6730769230769
A_PA	52	209	G	0	0	209	35.2918660287081
A_PA	53	209	A	0	0	209	34.2105263157895
A_PA	54	209	A	0	0	209	35.8325358851675
A_PA	55	209	A	0	0	208	36.1778846153846
A_PA	56	208	A	1	0	208	38.3461538461538
A_PA	57	208	A	1	0	208	38.5913461538462
A_PA	58	208	G	1	0	207	38.6425120772947
A_PA	59	208	C	1	0	207	38.4830917874396
A_PA	60	208	A	1	0	208	37.2740384615385
A_PA	61	208	A	1	0	208	37.8076923076923
A_PA	62	208	T	1	0	208	38.0673076923077
A_PA	63	208	G	1	0	207	36.8888888888889
A_PA	64	208	A	1	0	207	36.951690821256
A_PA	65	209	A	0	0	209	39.133971291866
A_PA	66	209	A	0	0	209	39.3492822966507
A_PA	67	208	G	1	0	208	38.9134615384615
A_PA	68	209	A	0	0	209	40.6172248803828
A_PA	69	209	G	0	0	207	39.4830917874396
A_PA	70	202	T	7	0	201	39.5621890547264
A_PA	71	206	A	3	0	206	38.6019417475728
A_PA	72	208	T	0	0	207	37.1594202898551
A_PA	73	204	G	5	0	204	34.6862745098039
A_PA	74	206	G	3	0	206	35.252427184466
A_PA	75	209	G	0	0	207	35.5024154589372
A_PA	76	209	G	0	0	204	36.4558823529412
A_PA	77	210	A	0	0	210	38.4523809523809
A_PA	78	210	G	0	0	206	38.4514563106796
A_PA	79	210	G	0	0	208	36.4903846153846
A_PA	80	209	A	1	0	209	35.9425837320574
A_PA	81	208	T	2	0	207	36.1835748792271
A_PA	82	209	C	1	0	204	35.2107843137255
A_PA	83	211	T	0	0	209	35.8708133971292
A_PA	84	209	G	2	0	207	34.7874396135266
A_PA	85	207	A	4	0	205	35.4341463414634
A_PA	86	213	A	0	0	213	34.6572769953052
A_PA	87	212	A	1	0	212	37.8349056603774
A_PA	88	212	A	1	0	211	38.4928909952607
A_PA	89	212	T	1	0	210	38.3571428571429
A_PA	90	212	T	1	0	210	39.5190476190476
A_PA	91	212	G	1	0	211	37.5355450236967
A_PA	92	212	A	1	0	209	38.4593301435407
A_PA	93	213	A	0	0	212	39.4716981132075
A_PA	94	213	A	0	0	212	39.7877358490566
A_PA	95	213	C	0	0	213	39.7746478873239
A_PA	96	213	C	0	0	212	39.9905660377358
A_PA	97	213	A	0	0	213	38.849765258216
A_PA	98	213	A	0	0	212	39.377358490566
A_PA	99	213	C	0	0	212	39.4103773584906
A_PA	100	213	A	0	0	211	36.7156398104265
A_PA	101	213	A	0	0	213	36.9107981220657
A_PA	102	213	A	0	0	212	36.8066037735849
A_PA	103	212	T	1	0	211	36.8293838862559
A_PA	104	214	T	0	0	214	37.5747663551402
A_PA	105	214	T	0	0	214	40.2616822429907
A_PA	106	214	G	0	0	214	37.5794392523364
A_PA	107	212	C	2	0	211	38.4407582938389
A_PA	108	213	A	1	0	212	39.1839622641509
A_PA	109	214	G	0	0	213	39.3286384976526
A_PA	110	214	C	0	0	214	39.3644859813084
A_PA	111	212	A	0	0	212	39.4433962264151
A_PA	112	212	A	0	0	211	41.1327014218009
A_PA	113	212	T	0	0	210	42.2428571428571
A_PA	114	80	A	1	0	80	39.35
A_PA	115	78	T	2	0	78	40.5
A_PA	116	78	G	1	0	77	38.4935064935065
A_PA	117	78	C	1	0	78	37.9871794871795
A_PA	118	78	A	1	0	78	37.9487179487179
A_PA	119	78	C	1	0	78	37.5384615384615
A_PA	120	78	T	1	0	77	38.038961038961
A_PA	121	78	C	1	0	77	38.1168831168831
A_PA	122	78	A	1	0	77	37
A_PA	123	78	C	1	0	78	37.0897435897436
A_PA	124	78	T	1	0	78	38.2435897435897
A_PA	125	79	T	1	0	79	38.7721518987342
A_PA	126	78	G	2	0	78	38.3974358974359
A_PA	127	78	G	2	0	77	39.0519480519481
A_PA	128	79	A	1	0	78	38.4487179487179
A_PA	129	79	G	1	0	78	38.7692307692308
A_PA	130	79	G	1	0	79	36.8101265822785
A_PA	131	79	T	1	0	79	37.8101265822785
A_PA	132	79	G	1	0	79	37.1139240506329
A_PA	133	79	T	1	0	79	37.7341772151899
A_PA	134	80	G	1	0	80	37.7875
A_PA	135	80	T	1	0	80	37.525
A_PA	136	80	T	1	0	80	38.5625
A_PA	137	80	T	1	0	80	37.7
A_PA	138	79	C	2	0	79	36.1012658227848
A_PA	139	81	A	0	0	81	37.4197530864198
A_PA	140	78	T	3	0	78	37.974358974359
A_PA	141	76	G	3	0	75	38.28
A_PA	142	78	T	0	0	76	38.9605263157895
A_PA	143	78	A	0	0	78	36.5769230769231
A_PA	144	78	T	0	0	78	36.5769230769231
A_PA	145	78	T	0	0	77	35.6883116883117
A_PA	146	78	C	0	0	78	35.5
A_PA	147	77	A	1	0	77	35.5844155844156
A_PA	148	78	G	0	0	78	36.7820512820513
A_PA	149	78	A	0	0	78	37.3589743589744
A_PA	150	78	T	0	0	78	37.3717948717949
A_PA	151	78	T	0	0	78	39.1153846153846
A_PA	152	78	T	0	0	77	39.2337662337662
A_PA	153	79	C	0	0	79	36.9113924050633
A_PA	154	79	C	0	0	79	38.2025316455696
A_PA	155	79	A	0	0	79	35.8481012658228
A_PA	156	78	T	1	0	78	36.2435897435897
A_PA	157	79	T	0	0	79	37.8987341772152
A_PA	158	79	T	0	0	79	38.4556962025316
A_PA	159	79	C	0	0	78	37.0384615384615
A_PA	160	79	A	0	0	78	36.8974358974359
A_PA	161	79	T	0	0	79	38.8481012658228
A_PA	162	79	C	0	0	78	36.8333333333333
A_PA	163	79	A	0	0	79	37.4936708860759
A_PA	164	79	A	0	0	79	38.7215189873418
A_PA	165	79	T	0	0	79	39.3037974683544
A_PA	166	79	G	0	0	79	38.3164556962025
A_PA	167	79	A	0	0	79	40.1645569620253
A_PA	168	79	A	0	0	79	41.0506329113924
A_PA	169	79	C	0	0	79	40.8227848101266
A_PA	170	79	A	0	0	79	40.2405063291139
A_PA	171	79	A	0	0	78	39.6410256410256
A_PA	172	79	G	0	0	79	39.0886075949367
A_PA	173	79	G	0	0	78	38.2051282051282
A_PA	174	79	C	0	0	78	38.2948717948718
A_PA	175	79	G	0	0	78	37.2179487179487
A_PA	176	79	A	0	0	79	36.5063291139241
A_PA	177	79	A	0	0	79	37.6329113924051
A_PA	178	79	T	0	0	79	36.9873417721519
A_PA	179	79	C	0	0	79	36.9367088607595
A_PA	180	78	A	0	0	78	37.3076923076923
A_PA	181	78	A	0	0	78	36.4102564102564
A_PA	182	78	T	0	0	78	36.8333333333333
A_PA	183	78	A	0	0	77	35.6753246753247
A_PA	184	77	G	0	0	77	35.6623376623377
A_PA	185	77	T	0	0	77	37.3246753246753
A_PA	186	77	A	0	0	74	37.4324324324324
A_PA	187	77	G	0	0	76	37.0394736842105
A_PA	188	77	T	0	0	77	37.3506493506493
A_PA	189	77	A	0	0	77	36.2467532467532
A_PA	190	77	G	0	0	77	36.2077922077922
A_PA	191	77	A	0	0	77	36.8181818181818
A_PA	192	77	A	0	0	77	36.6623376623377
A_PA	193	77	C	0	0	76	35.4078947368421
A_PA	194	77	T	0	0	76	36.4078947368421
A_PA	195	77	T	0	0	77	37.2857142857143
A_PA	196	75	G	1	0	75	36.9733333333333
A_PA	197	76	A	0	0	76	36.6842105263158
A_PA	198	76	C	0	0	76	36.7105263157895
A_PA	199	76	G	0	0	75	34.3066666666667
A_PA	200	76	A	0	0	76	34.5131578947368
A_PA	201	76	T	0	0	76	34.0526315789474
A_PA	202	76	C	0	0	76	33.3815789473684
A_PA	203	76	C	0	0	76	34.0394736842105
A_PA	204	76	A	0	0	76	36.6052631578947
A_PA	205	76	A	0	0	76	38.1184210526316
A_PA	206	76	A	0	0	76	39.3289473684211
A_PA	207	76	T	0	0	76	39.3026315789474
A_PA	208	76	G	0	0	76	40.3684210526316
A_PA	209	76	C	0	0	76	41.1447368421053
A_PA	210	76	A	0	0	76	39.9210526315789
A_PA	211	76	C	0	0	76	39.7763157894737
A_PA	212	76	T	0	0	76	39.3552631578947
A_PA	213	74	G	0	0	74	38.3648648648649
A_PA	214	74	T	0	0	73	39.013698630137
A_PA	215	77	T	0	0	77	38.5454545454545
A_PA	216	76	A	1	0	76	37.1710526315789
A_PA	217	76	A	0	0	75	38.0266666666667
A_PA	218	76	A	0	0	76	38.3157894736842
A_PA	219	76	A	0	0	76	38.7763157894737
A_PA	220	76	C	0	0	75	40.2133333333333
A_PA	221	76	A	0	0	75	39.5733333333333
A_PA	222	76	C	0	0	76	38.7894736842105
A_PA	223	75	A	1	0	75	37.7466666666667
A_PA	224	75	G	1	0	75	37.92
A_PA	225	75	A	1	0	74	36.8378378378378
A_PA	226	75	T	1	0	75	37.3866666666667
A_PA	227	75	T	1	0	75	37.2666666666667
A_PA	228	75	T	1	0	75	38.2266666666667
A_PA	229	75	G	1	0	75	36.8133333333333
A_PA	230	75	A	1	0	75	38.6666666666667
A_PA	231	75	A	1	0	75	39.5866666666667
A_PA	232	75	A	1	0	75	39.7733333333333
A_PA	233	75	T	1	0	75	40.56
A_PA	234	76	A	0	0	76	40.25
A_PA	235	76	A	0	0	76	40.3157894736842
A_PA	236	76	T	0	0	76	39.5263157894737
A_PA	237	76	C	0	0	75	36.8133333333333
A_PA	238	76	G	0	0	76	34.7631578947368
A_PA	239	76	A	0	0	76	33.9736842105263
A_PA	240	75	G	1	0	74	33.7972972972973
A_PA	241	76	G	0	0	76	33.5657894736842
A_PA	242	76	G	0	0	76	35.9736842105263
A_PA	243	76	G	0	0	75	36
A_PA	244	76	A	0	0	75	37.5066666666667
A_PA	245	75	G	0	0	74	38.6081081081081
A_PA	246	75	A	0	0	75	37.92
A_PA	247	75	G	0	0	74	38.027027027027
A_PA	248	75	A	0	0	74	39.5
A_PA	249	75	C	0	0	74	39.6621621621622
A_PA	250	75	A	0	0	74	39.4594594594595
A_PA	251	75	G	0	0	75	36.88
A_PA	252	75	A	0	0	74	37.3918918918919
A_PA	253	75	A	0	0	75	37.0133333333333
A_PA	254	75	C	0	0	75	38.2266666666667
A_PA	255	75	A	0	0	75	37.7066666666667
A_PA	256	75	A	0	0	75	39.56
A_PA	257	75	T	0	0	75	38.8666666666667
A_PA	258	75	G	0	0	75	37.72
A_PA	259	75	G	0	0	74	37.9324324324324
A_PA	260	75	C	0	0	74	40
A_PA	261	75	C	0	0	75	38.6933333333333
A_PA	262	74	T	1	0	74	38.8918918918919
A_PA	263	73	G	2	0	73	39.1506849315069
A_PA	264	74	G	1	0	74	39.5675675675676
A_PA	265	74	A	1	0	74	40.0540540540541
A_PA	266	75	C	0	0	75	40.68
A_PA	267	74	A	0	0	74	39.7027027027027
A_PA	268	74	G	0	0	74	40
A_PA	269	74	T	0	0	74	38.5810810810811
A_PA	270	72	A	2	0	72	37.4166666666667
A_PA	271	72	G	2	0	71	36.0422535211268
A_PA	272	74	T	0	0	74	36.0810810810811
A_PA	273	73	A	1	0	73	36.4657534246575
A_PA	274	74	A	0	0	73	37.5753424657534
A_PA	275	74	A	0	0	74	38.4189189189189
A_PA	276	74	C	0	0	71	38.6901408450704
A_PA	277	74	A	0	0	74	40.2837837837838
A_PA	278	74	G	0	0	73	39.4931506849315
A_PA	279	72	T	2	0	72	39.0277777777778
A_PA	280	72	A	2	0	71	38.2253521126761
A_PA	281	72	T	2	0	72	38.7361111111111
A_PA	282	72	C	2	0	72	39.1111111111111
A_PA	283	74	T	0	0	72	39.25
A_PA	284	74	G	0	0	73	38.013698630137
A_PA	285	74	C	0	0	72	38.8194444444444
A_PA	286	74	A	0	0	72	38.0694444444444
A_PA	287	74	A	0	0	74	38.6621621621622
A_PA	288	74	C	0	0	74	38.9864864864865
A_PA	289	74	A	0	0	74	39.9324324324324
A_PA	290	72	C	2	0	72	40.0138888888889
A_PA	291	72	T	2	0	72	40.1388888888889
A_PA	292	71	A	2	0	71	38.9295774647887
A_PA	293	71	C	2	0	71	39.3521126760563
A_PA	294	73	T	0	0	73	39.3150684931507
A_PA	295	72	G	0	0	72	40.6805555555556
A_PA	296	70	G	2	0	70	40.3
A_PA	297	70	A	2	0	70	40.7
A_PA	298	70	G	2	0	70	41.2285714285714
A_PA	299	70	C	2	0	70	41.2285714285714
A_PA	300	70	T	2	0	69	39.9420289855072
A_PA	301	70	G	2	0	70	36.8428571428571
A_PA	302	70	A	2	0	70	35.3428571428571
A_PA	303	70	A	2	0	70	36.4
A_PA	304	70	A	2	0	70	36.5571428571429
A_PA	305	70	A	2	0	70	38.4714285714286
A_PA	306	71	A	1	0	71	38.4084507042254
A_PA	307	71	C	1	0	71	38.3521126760563
A_PA	308	72	C	0	0	72	38
A_PA	309	72	G	0	0	69	36.1159420289855
A_PA	310	71	A	1	0	70	37.5571428571429
A_PA	311	71	A	1	0	71	37.9014084507042
A_PA	312	72	G	0	0	72	38.6666666666667
A_PA	313	68	T	4	0	68	39.8676470588235
A_PA	314	72	T	0	0	72	38.9166666666667
A_PA	315	72	T	0	0	71	39.0422535211268
A_PA	316	72	T	0	0	71	39.9154929577465
A_PA	317	72	T	0	0	72	40.3055555555556
A_PA	318	72	G	0	0	71	38.3521126760563
A_PA	319	70	C	2	0	69	37.231884057971
A_PA	320	69	C	2	0	68	37.4411764705882
A_PA	321	68	G	3	0	68	37.1176470588235
A_PA	322	68	G	3	0	68	37.3970588235294
A_PA	323	68	A	3	0	68	39.8970588235294
A_PA	324	68	T	3	0	68	39.7941176470588
A_PA	325	68	T	3	0	67	41.4626865671642
A_PA	326	70	T	1	0	67	42.3432835820896
A_PA	327	70	G	1	0	70	39.3428571428571
A_PA	328	71	T	0	0	68	40.9558823529412
A_PA	329	71	A	0	0	71	40.0140845070423
A_PA	330	71	T	0	0	70	40.0142857142857
A_PA	331	71	G	0	0	68	39.3529411764706
A_PA	332	71	A	0	0	71	38.4929577464789
A_PA	333	71	T	0	0	69	38.9275362318841
A_PA	334	71	T	0	0	71	39.4084507042254
A_PA	335	71	A	0	0	68	39.1176470588235
A_PA	336	71	C	0	0	69	38.7536231884058
A_PA	337	71	A	0	0	71	37.4788732394366
A_PA	338	71	A	0	0	71	39.1267605633803
A_PA	339	71	A	0	0	71	38.0422535211268
A_PA	340	71	G	0	0	71	38.4647887323944
A_PA	341	71	A	0	0	71	40.0985915492958
A_PA	342	71	G	0	0	70	39.5714285714286
A_PA	343	68	A	3	0	68	39.1764705882353
A_PA	344	71	A	0	0	71	39.887323943662
A_PA	345	71	C	0	0	71	39.5211267605634
A_PA	346	71	A	0	0	71	38.8732394366197
A_PA	347	71	G	0	0	70	39.5571428571429
A_PA	348	70	A	1	0	70	39.8
A_PA	349	71	T	0	0	71	39.7746478873239
A_PA	350	71	T	0	0	71	40.1971830985916
A_PA	351	71	C	0	0	69	40.0434782608696
A_PA	352	71	A	0	0	71	39.4366197183099
A_PA	353	71	T	0	0	71	40.9295774647887
A_PA	354	71	C	0	0	70	39.1
A_PA	355	71	G	0	0	71	38.8591549295775
A_PA	356	71	A	0	0	71	38.7323943661972
A_PA	357	71	A	0	0	71	39.1408450704225
A_PA	358	71	A	0	0	71	39.8450704225352
A_PA	359	70	T	0	0	70	40.6142857142857
A_PA	360	70	T	0	0	70	40.2
A_PA	361	70	G	0	0	69	38.8115942028985
A_PA	362	70	G	0	0	69	40.2028985507246
A_PA	363	70	A	0	0	70	41.1285714285714
A_PA	364	70	G	0	0	70	39.7142857142857
A_PA	365	70	T	0	0	69	39.3188405797101
A_PA	366	70	G	0	0	69	39.2028985507246
A_PA	367	70	A	0	0	70	38.9714285714286
A_PA	368	69	C	0	0	69	38.7101449275362
A_PA	369	69	A	0	0	69	38.0289855072464
A_PA	370	69	A	0	0	69	36.9420289855072
A_PA	371	69	G	0	0	69	37.536231884058
A_PA	372	69	G	0	0	69	37.7971014492754
A_PA	373	69	A	0	0	69	37.2898550724638
A_PA	374	67	G	2	0	67	38.2388059701493
A_PA	375	69	A	0	0	68	38.9705882352941
A_PA	376	69	G	0	0	68	38.6470588235294
A_PA	377	69	A	0	0	68	38.0294117647059
A_PA	378	69	A	0	0	69	38.5217391304348
A_PA	379	69	G	0	0	69	39.1449275362319
A_PA	380	69	T	0	0	69	38.768115942029
A_PA	381	69	C	0	0	69	37.9710144927536
A_PA	382	68	C	1	0	68	38.5441176470588
A_PA	383	68	A	1	0	67	37.7611940298507
A_PA	384	68	C	1	0	68	38.2941176470588
A_PA	385	68	A	1	0	68	39.7205882352941
A_PA	386	66	T	3	0	66	39.8333333333333
A_PA	387	67	A	2	0	66	40.1212121212121
A_PA	388	67	T	2	0	67	39.6716417910448
A_PA	389	68	A	1	0	68	39.8970588235294
A_PA	390	68	T	1	0	68	38.2352941176471
A_PA	391	69	T	0	0	68	40.9117647058824
A_PA	392	69	A	0	0	69	38.9565217391304
A_PA	393	69	C	0	0	69	39.7971014492754
A_PA	394	69	C	0	0	69	38.7391304347826
A_PA	395	69	T	0	0	69	39.5072463768116
A_PA	396	69	T	0	0	68	38.8676470588235
A_PA	397	69	G	0	0	69	36.5942028985507
A_PA	398	69	A	0	0	69	36.4057971014493
A_PA	399	69	A	0	0	69	38.4782608695652
A_PA	400	69	A	0	0	69	40.5797101449275
A_PA	401	69	A	0	0	69	40.9855072463768
A_PA	402	69	G	0	0	68	41.3382352941176
A_PA	403	69	G	0	0	69	41.3333333333333
A_PA	404	69	C	1	0	69	40.695652173913
A_PA	405	70	C	0	0	70	38.5142857142857
A_PA	406	69	A	1	0	69	36.2028985507246
A_PA	407	69	A	1	0	69	35.8115942028985
A_PA	408	69	T	1	0	69	35.536231884058
A_PA	409	69	A	1	0	69	35.3333333333333
A_PA	410	70	A	0	0	70	36.4142857142857
A_PA	411	70	G	0	0	70	36.7
A_PA	412	70	A	0	0	70	36.4
A_PA	413	70	T	0	0	70	36.8142857142857
A_PA	414	70	T	0	0	70	36.9428571428571
A_PA	415	70	A	0	0	70	34.6285714285714
A_PA	416	70	A	0	0	70	35.1285714285714
A_PA	417	70	A	0	0	70	34.8285714285714
A_PA	418	70	T	0	0	69	35.9275362318841
A_PA	419	70	C	0	0	69	35.7536231884058
A_PA	420	70	T	0	0	69	36.1304347826087
A_PA	421	70	G	0	0	70	35.2714285714286
A_PA	422	70	A	0	0	70	35.8142857142857
A_PA	423	67	G	0	0	67	36.4626865671642
A_PA	424	67	A	0	0	67	38.3731343283582
A_PA	425	67	A	0	0	66	39.1818181818182
A_PA	426	67	A	0	0	67	40.3880597014925
A_PA	427	66	A	1	0	66	40.5606060606061
A_PA	428	66	C	1	0	65	39.9538461538462
A_PA	429	66	A	1	0	66	39.7878787878788
A_PA	430	66	C	1	0	66	41.1666666666667
A_PA	431	67	A	0	0	67	40.8955223880597
A_PA	432	67	C	0	0	67	40.0746268656716
A_PA	433	67	A	0	0	67	38.8358208955224
A_PA	434	67	T	0	0	67	39.2388059701493
A_PA	435	67	T	0	0	67	39.2089552238806
A_PA	436	67	C	0	0	67	38.4925373134328
A_PA	437	67	A	0	0	67	37.7313432835821
A_PA	438	67	C	0	0	67	38.955223880597
A_PA	439	67	A	0	0	67	38.2388059701493
A_PA	440	67	T	0	0	66	38.9393939393939
A_PA	441	67	T	0	0	67	38.8208955223881
A_PA	442	67	T	0	0	67	38.8059701492537
A_PA	443	67	T	0	0	67	39.089552238806
A_PA	444	67	T	0	0	67	40.3283582089552
A_PA	445	66	T	1	0	66	41.8333333333333
A_PA	446	66	C	1	0	65	40.1846153846154
A_PA	447	67	A	0	0	67	38.3432835820896
A_PA	448	67	T	0	0	67	39.1194029850746
A_PA	449	67	T	0	0	67	38.2388059701493
A_PA	450	67	C	0	0	66	38.8484848484849
A_PA	451	67	A	0	0	66	38.5151515151515
A_PA	452	67	C	0	0	67	37.2686567164179
A_PA	453	67	T	0	0	67	37.3731343283582
A_PA	454	62	G	5	0	62	36.9193548387097
A_PA	455	66	G	1	0	66	38.2575757575758
A_PA	456	67	G	0	0	67	40.0746268656716
A_PA	457	67	G	0	0	66	40.0454545454545
A_PA	458	67	A	0	0	67	39.6417910447761
A_PA	459	67	G	0	0	66	40.8939393939394
A_PA	460	67	G	0	0	67	39.4179104477612
A_PA	461	67	A	0	0	66	40.6666666666667
A_PA	462	67	A	0	0	67	39.5820895522388
A_PA	463	67	A	0	0	65	41.6923076923077
A_PA	464	67	T	0	0	67	41.4179104477612
A_PA	465	67	G	0	0	67	40.3432835820896
A_PA	466	67	G	0	0	67	39.8208955223881
A_PA	467	67	C	0	0	67	40.8059701492537
A_PA	468	67	C	0	0	67	39.7462686567164
A_PA	469	67	A	0	0	67	39.1194029850746
A_PA	470	67	C	0	0	67	40.0597014925373
A_PA	471	67	A	0	0	67	38.6716417910448
A_PA	472	67	A	0	0	67	38.4029850746269
A_PA	473	67	G	0	0	67	38.3283582089552
A_PA	474	67	G	0	0	67	38.9253731343284
A_PA	475	67	G	0	0	67	39.1492537313433
A_PA	476	67	C	0	0	67	39.7313432835821
A_PA	477	67	A	0	0	66	40.4848484848485
A_PA	478	65	G	0	0	65	40.1538461538462
A_PA	479	65	A	0	0	65	39.4615384615385
A_PA	480	65	C	0	0	65	39.1692307692308
A_PA	481	65	T	0	0	65	38.9384615384615
A_PA	482	65	A	0	0	65	38.7692307692308
A_PA	483	65	C	0	0	65	39.2923076923077
A_PA	484	65	A	0	0	65	40.0307692307692
A_PA	485	65	C	0	0	65	40.2307692307692
A_PA	486	65	T	0	0	65	39.4615384615385
A_PA	487	65	C	0	0	65	38.7846153846154
A_PA	488	65	T	0	0	65	37.6615384615385
A_PA	489	64	C	1	0	63	38.2857142857143
A_PA	490	64	G	1	0	64	37.171875
A_PA	491	65	A	0	0	65	36.3384615384615
A_PA	492	65	T	0	0	65	35.8307692307692
A_PA	493	63	G	2	0	63	36.1428571428571
A_PA	494	63	A	2	0	63	37.1269841269841
A_PA	495	64	G	1	0	64	37.3125
A_PA	496	65	G	0	0	65	35.5076923076923
A_PA	497	65	A	0	0	65	36.4923076923077
A_PA	498	65	G	0	0	65	36.7076923076923
A_PA	499	65	A	0	0	65	37.8923076923077
A_PA	500	65	G	0	0	65	38.9076923076923
A_PA	501	65	C	0	0	65	40.6461538461538
A_PA	502	65	A	0	0	65	40.6
A_PA	503	65	G	0	0	65	39.8153846153846
A_PA	504	65	G	0	0	65	38.6307692307692
A_PA	505	65	G	0	0	65	39.5230769230769
A_PA	506	65	C	0	0	65	38.1692307692308
A_PA	507	65	T	0	0	64	37.78125
A_PA	508	65	A	0	0	65	37.2923076923077
A_PA	509	66	G	0	0	65	36.8461538461538
A_PA	510	66	G	0	0	65	35.6615384615385
A_PA	511	66	A	0	0	66	34.6818181818182
A_PA	512	66	T	0	0	65	35.5230769230769
A_PA	513	66	C	0	0	66	34
A_PA	514	66	A	0	0	66	33.2424242424242
A_PA	515	66	A	0	0	66	33.8181818181818
A_PA	516	66	A	0	0	66	34.2727272727273
A_PA	517	66	A	0	0	66	36.030303030303
A_PA	518	66	C	0	0	65	35.7846153846154
A_PA	519	66	C	0	0	66	38.6969696969697
A_PA	520	66	A	0	0	66	38.030303030303
A_PA	521	66	G	0	0	66	37.1818181818182
A_PA	522	66	G	0	0	66	36.2878787878788
A_PA	523	66	C	0	0	66	37.0909090909091
A_PA	524	66	T	0	0	66	36.6363636363636
A_PA	525	66	G	0	0	66	37.7272727272727
A_PA	526	65	T	1	0	65	38.2
A_PA	527	66	T	0	0	66	37.4545454545455
A_PA	528	66	T	0	0	66	37.8939393939394
A_PA	529	66	A	0	0	65	33.4923076923077
A_PA	530	65	C	1	0	64	36.421875
A_PA	531	65	C	1	0	64	36.765625
A_PA	532	66	A	0	0	65	36.2461538461538
A_PA	533	66	T	0	0	65	36.5846153846154
A_PA	534	65	A	1	0	65	35.2307692307692
A_PA	535	64	A	2	0	64	35.546875
A_PA	536	64	G	2	0	64	35.1875
A_PA	537	65	A	1	0	63	35.6507936507937
A_PA	538	65	C	1	0	64	36.875
A_PA	539	65	A	1	0	64	38.96875
A_PA	540	65	A	1	0	65	38.5692307692308
A_PA	541	65	G	1	0	64	38.5
A_PA	542	65	A	1	0	65	39.4307692307692
A_PA	543	65	A	1	0	65	40.4461538461538
A_PA	544	66	A	0	0	66	41.1818181818182
A_PA	545	66	T	0	0	66	40.3939393939394
A_PA	546	66	G	0	0	66	39.0606060606061
A_PA	547	66	G	0	0	66	38.7878787878788
A_PA	548	66	C	0	0	66	39.2272727272727
A_PA	549	65	C	1	0	65	39.9692307692308
A_PA	550	65	A	1	0	65	39.6307692307692
A_PA	551	64	A	2	0	64	40.09375
A_PA	552	65	C	1	0	64	40.5
A_PA	553	65	A	1	0	65	40.1384615384615
A_PA	554	65	G	1	0	65	39.0769230769231
A_PA	555	65	A	1	0	65	39.8615384615385
A_PA	556	65	G	1	0	65	39.9846153846154
A_PA	557	66	G	0	0	66	38.8333333333333
A_PA	558	66	C	0	0	65	39.4
A_PA	559	66	C	0	0	66	38.6515151515151
A_PA	560	66	T	0	0	66	38.8636363636364
A_PA	561	66	C	0	0	65	37.7384615384615
A_PA	562	62	T	4	0	62	38.741935483871
A_PA	563	66	G	0	0	66	37.030303030303
A_PA	564	66	G	0	0	66	37.7727272727273
A_PA	565	66	G	0	0	66	37.9393939393939
A_PA	566	66	A	0	0	66	38.3181818181818
A_PA	567	66	T	0	0	66	39.2272727272727
A_PA	568	66	T	0	0	66	39.1363636363636
A_PA	569	66	C	0	0	66	38.6515151515151
A_PA	570	66	C	0	0	66	38.2727272727273
A_PA	571	66	T	0	0	66	39.7878787878788
A_PA	572	66	T	0	0	66	39.3333333333333
A_PA	573	66	T	0	0	66	39
A_PA	574	66	C	0	0	65	36.3384615384615
A_PA	575	66	G	0	0	66	35.8484848484849
A_PA	576	66	T	0	0	66	36.2121212121212
A_PA	577	66	C	0	0	65	35.3384615384615
A_PA	578	65	A	1	0	63	34.6190476190476
A_PA	579	66	G	0	0	66	32.8787878787879
A_PA	580	66	T	0	0	66	33.0757575757576
A_PA	581	66	C	0	0	66	33.5151515151515
A_PA	582	66	C	0	0	66	33.5757575757576
A_PA	583	65	G	1	0	64	33.265625
A_PA	584	65	A	1	0	65	33.7384615384615
A_PA	585	66	A	0	0	66	35.0909090909091
A_PA	586	66	A	0	0	66	34.3939393939394
A_PA	587	65	G	1	0	64	34.25
A_PA	588	66	A	0	0	66	37.9393939393939
A_PA	589	65	G	1	0	65	38.2153846153846
A_PA	590	65	G	1	0	64	37.578125
A_PA	591	64	C	2	0	64	36.53125
A_PA	592	66	G	0	0	65	35.4769230769231
A_PA	593	66	A	0	0	65	34.7230769230769
A_PA	594	66	A	0	0	66	34.1515151515151
A_PA	595	66	G	0	0	65	34.3384615384615
A_PA	596	65	A	1	0	64	36.484375
A_PA	597	66	A	0	0	66	37.8636363636364
A_PA	598	66	A	0	0	66	39.4242424242424
A_PA	599	66	C	0	0	66	38.1363636363636
A_PA	600	66	A	0	0	59	35.7796610169492
A_PA	601	66	A	0	0	66	37.2424242424242
A_PA	602	66	T	0	0	66	36.4242424242424
A_PA	603	66	T	0	0	66	36.1666666666667
A_PA	604	66	G	0	0	66	36.469696969697
A_PA	605	66	A	0	0	66	39.2575757575758
A_PA	606	66	A	0	0	66	38.9393939393939
A_PA	607	66	G	0	0	66	39.7272727272727
A_PA	608	66	A	0	0	66	38.5151515151515
A_PA	609	66	A	0	0	66	38.3333333333333
A_PA	610	66	A	0	0	66	38.0909090909091
A_PA	611	67	A	0	0	67	40.6716417910448
A_PA	612	67	A	0	0	67	39.0597014925373
A_PA	613	67	T	0	0	67	37.9701492537313
A_PA	614	67	T	0	0	67	38.4029850746269
A_PA	615	67	T	0	0	67	39.3283582089552
A_PA	616	66	G	1	0	66	38.1666666666667
A_PA	617	67	A	0	0	67	39.5223880597015
A_PA	618	67	A	0	0	67	40.3134328358209
A_PA	619	67	A	0	0	67	41.6865671641791
A_PA	620	67	T	0	0	67	41.4477611940299
A_PA	621	67	C	0	0	66	41.7878787878788
A_PA	622	67	A	0	0	67	40.0746268656716
A_PA	623	67	C	0	0	67	38.9701492537313
A_PA	624	66	A	1	0	66	38.5151515151515
A_PA	625	66	G	1	0	66	38.1212121212121
A_PA	626	67	G	0	0	67	37.7462686567164
A_PA	627	67	G	0	0	66	38.8181818181818
A_PA	628	67	A	0	0	67	40.4776119402985
A_PA	629	67	C	0	0	66	41.7121212121212
A_PA	630	67	T	0	0	67	40.4029850746269
A_PA	631	67	A	0	0	66	40.5606060606061
A_PA	632	67	T	0	0	67	40.5970149253731
A_PA	633	67	G	0	0	67	39.6119402985075
A_PA	634	67	C	0	0	66	39.3484848484849
A_PA	635	66	G	1	0	66	39.1515151515151
A_PA	636	64	C	3	0	64	40.21875
A_PA	637	65	A	2	0	65	38.4307692307692
A_PA	638	66	G	1	0	66	37.3484848484849
A_PA	639	67	G	0	0	67	37.3582089552239
A_PA	640	67	C	0	0	66	38.1212121212121
A_PA	641	67	T	0	0	67	37.7611940298507
A_PA	642	67	T	0	0	67	38.1194029850746
A_PA	643	67	G	0	0	66	37.1818181818182
A_PA	644	67	C	0	0	67	38.2537313432836
A_PA	645	67	C	0	0	67	38.5373134328358
A_PA	646	66	G	1	0	66	38.030303030303
A_PA	647	67	A	0	0	67	36.7313432835821
A_PA	648	67	C	0	0	67	37.1940298507463
A_PA	649	67	C	0	0	67	37.4477611940299
A_PA	650	63	A	4	0	63	37.015873015873
A_PA	651	67	A	0	0	67	37
A_PA	652	67	A	0	0	67	39.3582089552239
A_PA	653	66	G	1	0	62	39.2096774193548
A_PA	654	67	T	0	0	64	39.171875
A_PA	655	66	C	1	0	66	38.5606060606061
A_PA	656	65	T	2	0	65	39.6461538461538
A_PA	657	65	C	2	0	65	38.3230769230769
A_PA	658	67	C	0	0	67	37.044776119403
A_PA	659	67	C	0	0	66	36.7575757575758
A_PA	660	67	A	0	0	67	34.8805970149254
A_PA	661	67	C	0	0	67	34.910447761194
A_PA	662	67	C	0	0	67	34.4477611940299
A_PA	663	67	G	0	0	64	33.03125
A_PA	664	67	A	0	0	67	31.865671641791
A_PA	665	67	A	0	0	67	32.6119402985075
A_PA	666	67	C	0	0	67	33.6268656716418
A_PA	667	67	T	0	0	67	33.6716417910448
A_PA	668	66	T	1	0	66	34.5
A_PA	669	66	C	1	0	66	34.5151515151515
A_PA	670	67	T	0	0	67	35.6268656716418
A_PA	671	67	C	0	0	66	36.1515151515151
A_PA	672	67	C	0	0	67	35.5522388059701
A_PA	673	66	T	1	0	66	35.3030303030303
A_PA	674	66	G	1	0	66	35.8787878787879
A_PA	675	67	C	0	0	67	35.4328358208955
A_PA	676	67	C	0	0	67	36.2238805970149
A_PA	677	67	T	0	0	67	35.865671641791
A_PA	678	67	T	0	0	64	33.421875
A_PA	679	67	G	0	0	65	29.9692307692308
A_PA	680	67	A	0	0	67	31.1492537313433
A_PA	681	67	G	0	0	66	33.7878787878788
A_PA	682	67	A	0	0	67	35.3880597014925
A_PA	683	67	A	0	0	67	35.8507462686567
A_PA	684	67	T	0	0	65	37.2153846153846
A_PA	685	67	T	0	0	67	36.865671641791
A_PA	686	67	T	0	0	67	37.2686567164179
A_PA	687	67	T	0	0	67	37.089552238806
A_PA	688	67	A	0	0	64	36.03125
A_PA	689	67	G	0	0	65	35.3692307692308
A_PA	690	67	A	0	0	66	34.7878787878788
A_PA	691	67	G	0	0	67	34.5522388059701
A_PA	692	67	C	0	0	67	35.2686567164179
A_PA	693	67	C	0	0	67	34.3582089552239
A_PA	694	67	T	0	0	67	35.3432835820896
A_PA	695	67	A	0	0	67	35.7462686567164
A_PA	696	67	T	0	0	67	35.8059701492537
A_PA	697	67	G	0	0	67	36.3283582089552
A_PA	698	67	T	0	0	67	38.4179104477612
A_PA	699	67	G	0	0	67	37.2686567164179
A_PA	700	67	G	0	0	67	38.089552238806
A_PA	701	67	A	0	0	67	37.7313432835821
A_PA	702	67	T	0	0	67	36.7014925373134
A_PA	703	67	G	0	0	67	35.5074626865672
A_PA	704	68	G	0	0	68	35.5294117647059
A_PA	705	68	A	0	0	68	35.4411764705882
A_PA	706	67	T	0	0	67	37.5373134328358
A_PA	707	67	T	0	0	67	37.7014925373134
A_PA	708	67	C	0	0	67	38.2537313432836
A_PA	709	67	G	0	0	67	37.0746268656716
A_PA	710	67	A	0	0	67	37.3880597014925
A_PA	711	67	A	0	0	67	37.2835820895522
A_PA	712	67	C	0	0	66	36.6666666666667
A_PA	713	67	C	0	0	67	33.9850746268657
A_PA	714	67	G	0	0	66	33.3939393939394
A_PA	715	67	A	0	0	67	33.0746268656716
A_PA	716	67	A	0	0	67	33.4029850746269
A_PA	717	67	C	0	0	67	34.3731343283582
A_PA	718	67	G	0	0	66	36.1212121212121
A_PA	719	67	G	0	0	67	37.4029850746269
A_PA	720	67	C	0	0	67	38.6268656716418
A_PA	721	67	T	0	0	67	38.7611940298507
A_PA	722	67	G	0	0	66	38.7424242424242
A_PA	723	67	C	0	0	66	39.6666666666667
A_PA	724	67	A	0	0	65	38.3076923076923
A_PA	725	67	T	0	0	66	37.8636363636364
A_PA	726	65	T	2	0	65	38.0153846153846
A_PA	727	65	G	2	0	65	38.4615384615385
A_PA	728	66	A	1	0	65	39.5846153846154
A_PA	729	66	G	1	0	65	39.3538461538462
A_PA	730	67	G	0	0	67	38.4626865671642
A_PA	731	66	G	1	0	66	39.1969696969697
A_PA	732	66	C	1	0	66	38.4848484848485
A_PA	733	66	A	1	0	66	38.1969696969697
A_PA	734	67	A	0	0	67	39.910447761194
A_PA	735	67	G	0	0	66	39.5909090909091
A_PA	736	66	C	1	0	65	38.8923076923077
A_PA	737	66	T	1	0	66	39.1060606060606
A_PA	738	67	T	0	0	67	39.2388059701493
A_PA	739	67	T	0	0	65	39.2461538461538
A_PA	740	67	C	0	0	66	36.9090909090909
A_PA	741	67	T	0	0	66	37.0606060606061
A_PA	742	67	C	0	0	66	36.0909090909091
A_PA	743	66	A	1	0	66	34.5
A_PA	744	66	A	1	0	66	35.1818181818182
A_PA	745	67	A	0	0	67	34.6268656716418
A_PA	746	67	T	0	0	67	34.6119402985075
A_PA	747	67	G	0	0	67	37.0746268656716
A_PA	748	67	T	0	0	67	38.5074626865672
A_PA	749	67	C	0	0	65	37
A_PA	750	67	C	0	0	67	37.6268656716418
A_PA	751	66	A	1	0	66	36.5151515151515
A_PA	752	67	A	0	0	67	37.7761194029851
A_PA	753	67	A	0	0	67	38.044776119403
A_PA	754	67	G	0	0	67	38.9402985074627
A_PA	755	67	A	0	0	67	40.0597014925373
A_PA	756	67	A	0	0	67	40.4029850746269
A_PA	757	67	G	0	0	67	39.955223880597
A_PA	758	67	T	0	0	66	39.1363636363636
A_PA	759	67	G	0	0	67	35.9253731343284
A_PA	760	67	A	0	0	67	37.7910447761194
A_PA	761	67	A	0	0	67	37.2835820895522
A_PA	762	67	T	0	0	67	39.0149253731343
A_PA	763	67	G	0	0	66	39.030303030303
A_PA	764	67	C	0	0	66	40.5151515151515
A_PA	765	67	C	0	0	67	40.5970149253731
A_PA	766	67	C	0	0	67	40.2835820895522
A_PA	767	67	A	0	0	67	40.4328358208955
A_PA	768	67	A	0	0	67	40.5223880597015
A_PA	769	67	A	0	0	67	40.7313432835821
A_PA	770	67	T	0	0	67	39.7313432835821
A_PA	771	67	T	0	0	67	39.2089552238806
A_PA	772	67	G	0	0	67	38.7313432835821
A_PA	773	67	A	0	0	67	38.3432835820896
A_PA	774	67	A	0	0	67	38.9402985074627
A_PA	775	67	C	0	0	67	37.6417910447761
A_PA	776	67	C	0	0	67	37.0298507462687
A_PA	777	65	T	2	0	65	37.5384615384615
A_PA	778	67	T	0	0	67	37.3432835820896
A_PA	779	67	T	0	0	67	37.9253731343284
A_PA	780	66	T	1	0	66	39.6212121212121
A_PA	781	65	C	2	0	65	38.3538461538462
A_PA	782	66	T	1	0	66	38.9242424242424
A_PA	783	64	A	3	0	64	35.890625
A_PA	784	67	A	0	0	66	36.3636363636364
A_PA	785	67	A	0	0	67	36.2388059701493
A_PA	786	67	G	0	0	67	37.7462686567164
A_PA	787	67	A	0	0	67	37.8955223880597
A_PA	788	67	C	0	0	67	38.4626865671642
A_PA	789	67	A	0	0	67	39.5223880597015
A_PA	790	67	A	0	0	67	39.0746268656716
A_PA	791	67	C	0	0	67	39.7761194029851
A_PA	792	67	A	0	0	67	40.2537313432836
A_PA	793	66	C	1	0	66	40.0606060606061
A_PA	794	67	C	0	0	67	39.2238805970149
A_PA	795	67	A	0	0	67	37.9402985074627
A_PA	796	67	A	0	0	67	37.2835820895522
A_PA	797	67	G	0	0	67	37.4179104477612
A_PA	798	67	A	0	0	67	38.2835820895522
A_PA	799	67	C	0	0	66	39.0909090909091
A_PA	800	67	C	0	0	67	39
A_PA	801	67	A	0	0	67	39.5522388059701
A_PA	802	67	A	0	0	67	40.4328358208955
A_PA	803	67	T	0	0	67	40.6716417910448
A_PA	804	67	C	0	0	67	39.5820895522388
A_PA	805	67	A	0	0	67	39.910447761194
A_PA	806	67	A	0	0	67	40.2835820895522
A_PA	807	67	A	0	0	67	39.6716417910448
A_PA	808	67	C	0	0	67	39.6567164179104
A_PA	809	67	T	0	0	67	40.1492537313433
A_PA	810	67	T	0	0	67	40.3880597014925
A_PA	811	67	C	0	0	67	39.3283582089552
A_PA	812	67	C	0	0	67	39.0746268656716
A_PA	813	67	T	0	0	67	39.5373134328358
A_PA	814	66	A	1	0	66	38.6969696969697
A_PA	815	67	A	0	0	67	39.7611940298507
A_PA	816	67	T	0	0	67	40.1044776119403
A_PA	817	67	G	0	0	67	39.4328358208955
A_PA	818	67	G	0	0	67	39.7761194029851
A_PA	819	67	A	0	0	67	40.5820895522388
A_PA	820	67	C	0	0	67	40.5223880597015
A_PA	821	67	C	0	0	67	39.5074626865672
A_PA	822	67	T	0	0	67	40.0149253731343
A_PA	823	67	C	0	0	67	39.910447761194
A_PA	824	67	C	0	0	67	39.6567164179104
A_PA	825	67	T	0	0	67	40.5373134328358
A_PA	826	67	T	0	0	67	41.6716417910448
A_PA	827	67	G	0	0	67	41.3134328358209
A_PA	828	67	T	0	0	67	41.0298507462687
A_PA	829	67	T	0	0	67	42.3432835820896
A_PA	830	67	A	0	0	67	40.9253731343284
A_PA	831	67	T	0	0	67	40.8955223880597
A_PA	832	67	C	0	0	67	40.089552238806
A_PA	833	67	A	0	0	67	40.5223880597015
A_PA	834	67	G	0	0	67	39.9850746268657
A_PA	835	67	C	0	0	67	39.5970149253731
A_PA	836	67	G	0	0	66	38.1666666666667
A_PA	837	67	A	0	0	67	38.8059701492537
A_PA	838	67	T	0	0	67	39.3731343283582
A_PA	839	67	C	0	0	67	38.5820895522388
A_PA	840	67	C	0	0	67	40.134328358209
A_PA	841	67	A	0	0	67	39.0149253731343
A_PA	842	67	A	0	0	67	38.2985074626866
A_PA	843	67	A	0	0	67	39.5522388059701
A_PA	844	67	T	0	0	67	39.1492537313433
A_PA	845	67	T	0	0	67	39.1044776119403
A_PA	846	67	C	0	0	67	38.9402985074627
A_PA	847	67	C	0	0	67	39.2238805970149
A_PA	848	67	T	0	0	67	39.5820895522388
A_PA	849	67	C	0	0	67	39.7462686567164
A_PA	850	67	C	0	0	67	39.7462686567164
A_PA	851	67	T	0	0	67	40.1492537313433
A_PA	852	67	G	0	0	67	40.0149253731343
A_PA	853	67	A	0	0	67	40
A_PA	854	67	T	0	0	67	41.3283582089552
A_PA	855	67	G	0	0	67	40.4328358208955
A_PA	856	68	G	0	0	68	39.8823529411765
A_PA	857	67	A	1	0	67	40.2089552238806
A_PA	858	67	T	1	0	67	41
A_PA	859	67	G	1	0	67	40.5522388059701
A_PA	860	67	C	1	0	67	40.7761194029851
A_PA	861	68	T	0	0	68	39.2058823529412
A_PA	862	68	T	0	0	68	40.3529411764706
A_PA	863	68	T	0	0	68	40.3529411764706
A_PA	864	68	G	0	0	67	36.8955223880597
A_PA	865	68	A	0	0	68	40.0588235294118
A_PA	866	68	A	0	0	68	41.6617647058824
A_PA	867	68	A	0	0	68	40.3970588235294
A_PA	868	68	T	0	0	68	41.6323529411765
A_PA	869	68	T	0	0	68	41.3235294117647
A_PA	870	68	G	0	0	67	40.4776119402985
A_PA	871	68	A	0	0	68	39.1323529411765
A_PA	872	69	G	0	0	69	38.7246376811594
A_PA	873	69	C	0	0	69	38.695652173913
A_PA	874	69	A	0	0	69	38.4782608695652
A_PA	875	69	T	0	0	69	39.9275362318841
A_PA	876	69	T	0	0	69	40.0724637681159
A_PA	877	69	G	0	0	69	39.3478260869565
A_PA	878	69	A	0	0	69	40.536231884058
A_PA	879	69	A	0	0	69	40.8260869565217
A_PA	880	69	G	0	0	69	40.2463768115942
A_PA	881	69	A	0	0	69	40.7536231884058
A_PA	882	69	C	0	0	69	39.5217391304348
A_PA	883	69	C	0	0	69	40.7246376811594
A_PA	884	69	C	0	0	69	40.0289855072464
A_PA	885	69	A	0	0	69	39.6086956521739
A_PA	886	69	A	0	0	68	40.8529411764706
A_PA	887	69	G	0	0	69	39.8695652173913
A_PA	888	69	T	0	0	69	40.4202898550725
A_PA	889	69	C	0	0	69	38.7971014492754
A_PA	890	69	A	0	0	69	40.2608695652174
A_PA	891	69	C	0	0	69	40.5797101449275
A_PA	892	68	G	1	0	67	36.5373134328358
A_PA	893	69	A	0	0	69	36.8115942028985
A_PA	894	69	A	0	0	68	36.9705882352941
A_PA	895	69	G	0	0	69	36.9420289855072
A_PA	896	68	G	1	0	68	37.2794117647059
A_PA	897	68	A	1	0	68	39.4558823529412
A_PA	898	69	G	0	0	69	37.8405797101449
A_PA	899	69	A	0	0	69	37.5217391304348
A_PA	900	69	A	0	0	69	37.5797101449275
A_PA	901	69	G	0	0	69	36.8985507246377
A_PA	902	69	G	0	0	69	38.231884057971
A_PA	903	69	G	0	0	69	39.463768115942
A_PA	904	69	A	0	0	69	39.8695652173913
A_PA	905	69	T	0	0	69	39.7391304347826
A_PA	906	68	C	1	0	68	37.1617647058824
A_PA	907	69	C	0	0	69	37.0579710144928
A_PA	908	69	C	0	0	69	37.0144927536232
A_PA	909	69	A	0	0	69	35.231884057971
A_PA	910	69	T	0	0	69	35.9130434782609
A_PA	911	69	T	0	0	69	37.1449275362319
A_PA	912	68	A	0	0	68	36.4264705882353
A_PA	913	68	T	0	0	68	37.0588235294118
A_PA	914	68	A	0	0	68	37.7647058823529
A_PA	915	68	T	0	0	68	36.9558823529412
A_PA	916	68	G	0	0	67	38.1641791044776
A_PA	917	68	A	0	0	68	38.6029411764706
A_PA	918	68	T	0	0	68	39.7647058823529
A_PA	919	68	G	0	0	68	39.8529411764706
A_PA	920	68	C	0	0	68	41.5
A_PA	921	68	A	0	0	68	40.8382352941176
A_PA	922	68	A	0	0	68	41.25
A_PA	923	68	T	0	0	68	42.0441176470588
A_PA	924	68	C	0	0	68	39.2647058823529
A_PA	925	68	A	0	0	68	39.5735294117647
A_PA	926	68	A	0	0	68	39.5
A_PA	927	69	G	0	0	69	38.0869565217391
A_PA	928	69	T	0	0	69	38.1159420289855
A_PA	929	69	G	0	0	69	37.2608695652174
A_PA	930	70	C	0	0	70	38.2142857142857
A_PA	931	70	A	0	0	69	37.1304347826087
A_PA	932	70	T	0	0	70	38.5142857142857
A_PA	933	70	G	0	0	70	37.2428571428571
A_PA	934	70	A	0	0	70	38.2714285714286
A_PA	935	70	A	0	0	70	38.7714285714286
A_PA	936	70	A	0	0	70	40.1571428571429
A_PA	937	70	A	0	0	70	40.5142857142857
A_PA	938	70	C	0	0	70	40
A_PA	939	70	A	0	0	70	38.6571428571429
A_PA	940	70	T	0	0	70	38.4428571428571
A_PA	941	70	T	0	0	70	37.3857142857143
A_PA	942	70	C	0	0	70	36.5714285714286
A_PA	943	70	T	0	0	70	36.1
A_PA	944	70	T	0	0	70	37.4571428571429
A_PA	945	70	T	0	0	70	36.5
A_PA	946	70	G	0	0	69	33.1304347826087
A_PA	947	70	G	0	0	70	34.0142857142857
A_PA	948	70	A	0	0	70	36.1142857142857
A_PA	949	70	T	0	0	70	37.1
A_PA	950	70	G	0	0	68	37.4852941176471
A_PA	951	70	G	0	0	70	36.7
A_PA	952	70	A	0	0	69	37.5072463768116
A_PA	953	70	A	0	0	70	38.3142857142857
A_PA	954	70	A	0	0	70	38.2857142857143
A_PA	955	70	G	0	0	69	38.4782608695652
A_PA	956	70	A	0	0	69	39.5797101449275
A_PA	957	70	A	0	0	70	38.5285714285714
A_PA	958	70	C	0	0	70	38.0571428571429
A_PA	959	70	C	0	0	70	37.8857142857143
A_PA	960	70	T	0	0	70	39.1571428571429
A_PA	961	69	T	1	0	69	39.6521739130435
A_PA	962	69	G	1	0	69	38.6231884057971
A_PA	963	70	T	0	0	70	38.1285714285714
A_PA	964	70	A	0	0	70	39.0142857142857
A_PA	965	70	T	0	0	70	39.7428571428571
A_PA	966	70	A	0	0	70	38.6714285714286
A_PA	967	70	G	0	0	70	39.3428571428571
A_PA	968	70	T	0	0	70	39.0142857142857
A_PA	969	70	C	0	0	69	39.1014492753623
A_PA	970	70	A	0	0	70	39.1285714285714
A_PA	971	70	A	0	0	70	39.1142857142857
A_PA	972	70	A	0	0	70	38.9142857142857
A_PA	973	70	C	0	0	70	39.9571428571429
A_PA	974	70	C	0	0	70	39.5
A_PA	975	70	A	0	0	70	39.3714285714286
A_PA	976	70	C	0	0	70	39.9571428571429
A_PA	977	70	A	0	0	70	38.8857142857143
A_PA	978	70	C	0	0	70	38.9857142857143
A_PA	979	68	G	2	0	66	37.3939393939394
A_PA	980	65	A	5	0	64	36.125
A_PA	981	69	A	1	0	69	35.3623188405797
A_PA	982	70	A	0	0	70	36.8142857142857
A_PA	983	70	A	0	0	70	38.2571428571429
A_PA	984	70	G	0	0	70	38.3285714285714
A_PA	985	70	G	0	0	70	40.4142857142857
A_PA	986	70	G	0	0	69	38.6231884057971
A_PA	987	70	A	0	0	69	38.1449275362319
A_PA	988	70	A	0	0	70	40.5142857142857
A_PA	989	70	T	0	0	70	39.9714285714286
A_PA	990	70	A	0	0	69	39.536231884058
A_PA	991	70	A	0	0	70	39.8285714285714
A_PA	992	69	A	1	0	69	39.9130434782609
A_PA	993	69	T	1	0	69	38.6811594202899
A_PA	994	70	T	0	0	70	39.7
A_PA	995	70	C	0	0	69	38.9420289855072
A_PA	996	70	A	0	0	70	38.9714285714286
A_PA	997	70	A	0	0	70	39.7714285714286
A_PA	998	70	A	0	0	70	40.7428571428571
A_PA	999	70	T	0	0	70	40.2285714285714
A_PA	1000	70	T	0	0	69	41.304347826087
A_PA	1001	70	A	0	0	69	39.6521739130435
A_PA	1002	70	C	0	0	70	39.8285714285714
A_PA	1003	70	C	0	0	70	38.7857142857143
A_PA	1004	70	T	0	0	70	39.5142857142857
A_PA	1005	70	G	0	0	70	39.1142857142857
A_PA	1006	70	C	0	0	70	40.8428571428571
A_PA	1007	70	T	0	0	70	40.9571428571429
A_PA	1008	70	G	0	0	70	40.8
A_PA	1009	70	T	0	0	70	41.4571428571429
A_PA	1010	70	C	0	0	70	39.9857142857143
A_PA	1011	70	A	0	0	70	39.3428571428571
A_PA	1012	70	T	0	0	70	39.3428571428571
A_PA	1013	70	G	0	0	69	38.4202898550725
A_PA	1014	70	G	0	0	70	39.6285714285714
A_PA	1015	70	A	0	0	70	39.2857142857143
A_PA	1016	70	A	0	0	69	40.2463768115942
A_PA	1017	70	G	0	0	69	40.5942028985507
A_PA	1018	70	C	0	0	70	39.6714285714286
A_PA	1019	69	A	1	0	69	37.7101449275362
A_PA	1020	70	A	0	0	70	37.8
A_PA	1021	70	G	0	0	69	36.9420289855072
A_PA	1022	70	T	0	0	70	38.4571428571429
A_PA	1023	70	A	0	0	69	38.7391304347826
A_PA	1024	69	C	1	0	68	39.4411764705882
A_PA	1025	70	T	0	0	70	39.7857142857143
A_PA	1026	70	G	0	0	68	39.3088235294118
A_PA	1027	69	T	1	0	69	38.9710144927536
A_PA	1028	68	C	2	0	68	39.4558823529412
A_PA	1029	68	A	2	0	67	39.3880597014925
A_PA	1030	68	G	2	0	67	39.5223880597015
A_PA	1031	68	A	2	0	68	38.8529411764706
A_PA	1032	69	A	1	0	68	39.7205882352941
A_PA	1033	69	T	1	0	69	40.1449275362319
A_PA	1034	69	T	1	0	69	41.8695652173913
A_PA	1035	69	G	1	0	69	40.6666666666667
A_PA	1036	68	C	2	0	68	41.8970588235294
A_PA	1037	67	A	3	0	66	41.7121212121212
A_PA	1038	68	G	2	0	68	39.8823529411765
A_PA	1039	68	G	2	0	68	38.8823529411765
A_PA	1040	68	A	2	0	68	39.0735294117647
A_PA	1041	68	C	2	0	68	39.7647058823529
A_PA	1042	69	A	1	0	69	37.6376811594203
A_PA	1043	69	T	1	0	69	38.463768115942
A_PA	1044	70	T	0	0	70	39.1
A_PA	1045	70	G	0	0	70	39.0571428571429
A_PA	1046	70	A	0	0	70	39.1285714285714
A_PA	1047	70	A	0	0	70	40.4142857142857
A_PA	1048	70	A	0	0	66	41.1060606060606
A_PA	1049	69	A	1	0	69	40.5507246376812
A_PA	1050	69	T	1	0	69	40.0434782608696
A_PA	1051	69	G	1	0	69	37.0579710144928
A_PA	1052	70	A	0	0	67	37.1791044776119
A_PA	1053	70	G	0	0	69	38.2173913043478
A_PA	1054	68	G	2	0	68	38.1764705882353
A_PA	1055	68	A	2	0	67	39
A_PA	1056	69	G	1	0	69	38.3478260869565
A_PA	1057	69	A	1	0	69	41.2608695652174
A_PA	1058	70	A	0	0	69	40.768115942029
A_PA	1059	69	G	1	0	67	40.865671641791
A_PA	1060	70	A	0	0	70	39.8142857142857
A_PA	1061	71	T	0	0	71	38.830985915493
A_PA	1062	71	T	0	0	71	38.3802816901408
A_PA	1063	71	C	0	0	69	37.4347826086956
A_PA	1064	71	C	0	0	70	37.1
A_PA	1065	70	A	1	0	70	36.8285714285714
A_PA	1066	71	A	0	0	71	36.0281690140845
A_PA	1067	71	G	0	0	71	38.6056338028169
A_PA	1068	70	A	1	0	70	39.7714285714286
A_PA	1069	70	A	1	0	70	40.6428571428571
A_PA	1070	71	C	0	0	71	39.3098591549296
A_PA	1071	71	T	0	0	71	38.8450704225352
A_PA	1072	71	A	0	0	71	38.7183098591549
A_PA	1073	71	A	0	0	70	39.2428571428571
A_PA	1074	71	A	0	0	71	38.7746478873239
A_PA	1075	71	A	0	0	71	39.8450704225352
A_PA	1076	71	A	0	0	70	40.6571428571429
A_PA	1077	71	C	0	0	71	39.9154929577465
A_PA	1078	71	A	0	0	71	38.5915492957746
A_PA	1079	71	T	0	0	70	38.4
A_PA	1080	71	G	0	0	71	37.0281690140845
A_PA	1081	71	A	0	0	71	38.4225352112676
A_PA	1082	70	A	1	0	70	39.0142857142857
A_PA	1083	70	G	1	0	70	38.9142857142857
A_PA	1084	71	A	0	0	71	40.3802816901408
A_PA	1085	71	A	0	0	71	39.3802816901408
A_PA	1086	71	A	0	0	71	39.9295774647887
A_PA	1087	71	A	0	0	69	41.5507246376812
A_PA	1088	71	C	0	0	71	39.830985915493
A_PA	1089	71	G	0	0	69	37.6376811594203
A_PA	1090	71	A	0	0	69	38.2173913043478
A_PA	1091	71	G	0	0	70	37.3571428571429
A_PA	1092	71	T	0	0	71	36.5070422535211
A_PA	1093	71	C	0	0	68	36.1470588235294
A_PA	1094	71	A	0	0	70	36.4857142857143
A_PA	1095	71	A	0	0	71	36.4225352112676
A_PA	1096	71	C	0	0	71	36.9577464788732
A_PA	1097	71	T	0	0	71	37.6056338028169
A_PA	1098	71	G	0	0	71	38.8591549295775
A_PA	1099	71	A	0	0	71	39.4507042253521
A_PA	1100	71	A	0	0	71	40.1267605633803
A_PA	1101	71	G	0	0	71	41.2253521126761
A_PA	1102	71	T	0	0	71	40.9718309859155
A_PA	1103	71	G	0	0	71	40.5492957746479
A_PA	1104	71	G	0	0	71	41.2253521126761
A_PA	1105	71	G	0	0	71	40.4647887323944
A_PA	1106	71	C	0	0	71	40.9859154929577
A_PA	1107	71	T	0	0	71	41.0845070422535
A_PA	1108	71	C	0	0	70	40.9142857142857
A_PA	1109	71	T	0	0	71	41.5352112676056
A_PA	1110	71	T	0	0	70	41.6142857142857
A_PA	1111	71	G	0	0	71	39.8450704225352
A_PA	1112	71	G	0	0	71	39.943661971831
A_PA	1113	71	T	0	0	71	40.8732394366197
A_PA	1114	71	G	0	0	71	40.6056338028169
A_PA	1115	70	A	1	0	70	41.5428571428571
A_PA	1116	71	G	0	0	70	41.1857142857143
A_PA	1117	70	A	1	0	69	41.4927536231884
A_PA	1118	70	A	1	0	69	42
A_PA	1119	70	C	1	0	69	41.2753623188406
A_PA	1120	70	A	1	0	69	40.2898550724638
A_PA	1121	70	T	1	0	70	39.7142857142857
A_PA	1122	70	G	1	0	69	38.1159420289855
A_PA	1123	69	G	2	0	67	38.089552238806
A_PA	1124	69	C	2	0	69	37.536231884058
A_PA	1125	69	A	2	0	68	39.0735294117647
A_PA	1126	68	C	3	0	67	39.5522388059701
A_PA	1127	69	C	2	0	69	38.5942028985507
A_PA	1128	70	A	1	0	70	37.7571428571429
A_PA	1129	70	G	1	0	70	38.1
A_PA	1130	71	A	0	0	71	37.2816901408451
A_PA	1131	71	G	0	0	71	38.7323943661972
A_PA	1132	71	A	0	0	71	39
A_PA	1133	71	A	0	0	71	40.4225352112676
A_PA	1134	71	G	0	0	71	41.2816901408451
A_PA	1135	71	G	0	0	71	41.2112676056338
A_PA	1136	71	T	0	0	71	41.0985915492958
A_PA	1137	71	A	0	0	71	39.3098591549296
A_PA	1138	71	G	0	0	71	38.9295774647887
A_PA	1139	71	A	0	0	71	39.6760563380282
A_PA	1140	71	C	0	0	71	38.5774647887324
A_PA	1141	71	T	0	0	71	39.4084507042254
A_PA	1142	71	T	0	0	71	38.0422535211268
A_PA	1143	69	T	2	0	69	38.8550724637681
A_PA	1144	69	G	2	0	69	36
A_PA	1145	70	A	1	0	70	36.0714285714286
A_PA	1146	71	A	0	0	70	38.1571428571429
A_PA	1147	71	A	0	0	71	39.2394366197183
A_PA	1148	71	A	0	0	71	39.6478873239437
A_PA	1149	71	C	0	0	70	39.7428571428571
A_PA	1150	71	T	0	0	71	39.3661971830986
A_PA	1151	71	G	0	0	71	37.5774647887324
A_PA	1152	71	C	0	0	71	37.8028169014084
A_PA	1153	71	A	0	0	71	36.9295774647887
A_PA	1154	71	G	0	0	71	37.4507042253521
A_PA	1155	71	A	0	0	71	37.6056338028169
A_PA	1156	71	G	0	0	71	38.4788732394366
A_PA	1157	71	A	0	0	71	38.1971830985916
A_PA	1158	71	C	0	0	71	38.887323943662
A_PA	1159	71	A	0	0	71	39.5070422535211
A_PA	1160	71	T	0	0	71	38.8450704225352
A_PA	1161	71	A	0	0	71	37.4647887323944
A_PA	1162	71	A	0	0	70	37.6285714285714
A_PA	1163	71	G	0	0	71	38.7887323943662
A_PA	1164	71	C	0	0	70	38.9142857142857
A_PA	1165	71	G	0	0	69	38.1739130434783
A_PA	1166	71	A	0	0	71	37.4647887323944
A_PA	1167	71	T	0	0	71	38.0845070422535
A_PA	1168	71	T	0	0	71	38.0422535211268
A_PA	1169	71	T	0	0	71	40.2676056338028
A_PA	1170	70	G	1	0	70	42.0142857142857
A_PA	1171	71	A	0	0	71	42.7887323943662
A_PA	1172	71	A	0	0	71	42.6619718309859
A_PA	1173	71	G	0	0	70	42.1
A_PA	1174	71	C	0	0	71	41.4084507042254
A_PA	1175	70	A	1	0	70	41.2142857142857
A_PA	1176	71	A	0	0	71	42.2535211267606
A_PA	1177	71	T	0	0	71	42.6760563380282
A_PA	1178	71	A	0	0	71	41.7746478873239
A_PA	1179	71	T	0	0	71	42.7746478873239
A_PA	1180	71	G	0	0	71	41.5070422535211
A_PA	1181	71	A	0	0	71	41.2676056338028
A_PA	1182	71	T	0	0	71	41.0140845070423
A_PA	1183	71	A	0	0	70	40.4428571428571
A_PA	1184	71	G	0	0	70	41.1428571428571
A_PA	1185	71	T	0	0	71	42.112676056338
A_PA	1186	71	G	0	0	71	40.7042253521127
A_PA	1187	71	A	0	0	71	40.943661971831
A_PA	1188	71	A	0	0	71	42.2816901408451
A_PA	1189	71	G	0	0	70	42.1571428571429
A_PA	1190	71	A	0	0	70	41.9857142857143
A_PA	1191	71	A	0	0	71	41.7183098591549
A_PA	1192	71	C	0	0	71	41.169014084507
A_PA	1193	71	C	0	0	71	40.0140845070423
A_PA	1194	71	T	0	0	71	40.0704225352113
A_PA	1195	71	G	0	0	71	39.9014084507042
A_PA	1196	72	A	0	0	72	39.7777777777778
A_PA	1197	72	A	0	0	72	40.9444444444444
A_PA	1198	72	T	0	0	72	41.5416666666667
A_PA	1199	72	T	0	0	71	41.5492957746479
A_PA	1200	72	A	0	0	72	41.3194444444444
A_PA	1201	72	A	0	0	71	41.3802816901408
A_PA	1202	72	G	0	0	72	41.2638888888889
A_PA	1203	72	G	0	0	72	40.5833333333333
A_PA	1204	72	T	0	0	72	40.8472222222222
A_PA	1205	72	C	0	0	72	40.625
A_PA	1206	72	A	0	0	72	39.5555555555556
A_PA	1207	72	C	0	0	72	39.1527777777778
A_PA	1208	72	T	0	0	72	39.7222222222222
A_PA	1209	72	C	0	0	72	39.5277777777778
A_PA	1210	70	T	2	0	70	40.2142857142857
A_PA	1211	72	C	0	0	72	39.2361111111111
A_PA	1212	72	A	0	0	71	38.0140845070423
A_PA	1213	72	A	0	0	72	38.1111111111111
A_PA	1214	72	G	0	0	72	37.4027777777778
A_PA	1215	72	C	0	0	72	38.9027777777778
A_PA	1216	72	T	0	0	72	38.75
A_PA	1217	71	G	0	0	71	39.4929577464789
A_PA	1218	71	G	0	0	71	39.0281690140845
A_PA	1219	71	A	0	0	71	39.1549295774648
A_PA	1220	71	T	0	0	71	39.0985915492958
A_PA	1221	71	A	0	0	71	39.1830985915493
A_PA	1222	71	C	0	0	71	39.056338028169
A_PA	1223	70	A	1	0	70	39
A_PA	1224	70	G	1	0	70	38.1714285714286
A_PA	1225	71	A	0	0	70	38.2857142857143
A_PA	1226	71	G	0	0	71	38.112676056338
A_PA	1227	71	T	0	0	71	40.2957746478873
A_PA	1228	71	G	0	0	71	39.1408450704225
A_PA	1229	71	A	0	0	70	39.8
A_PA	1230	71	G	0	0	70	38.9571428571429
A_PA	1231	70	T	1	0	70	40.4857142857143
A_PA	1232	71	T	0	0	70	40.9571428571429
A_PA	1233	71	C	0	0	70	39.8857142857143
A_PA	1234	71	A	0	0	71	39.7605633802817
A_PA	1235	71	A	0	0	71	39.4084507042254
A_PA	1236	71	C	0	0	71	38.056338028169
A_PA	1237	71	A	0	0	71	38.6197183098592
A_PA	1238	71	A	0	0	71	38.3661971830986
A_PA	1239	71	G	0	0	71	40.112676056338
A_PA	1240	71	G	0	0	71	38.5915492957746
A_PA	1241	71	C	0	0	71	40.887323943662
A_PA	1242	71	C	0	0	71	40
A_PA	1243	71	T	0	0	71	39.5352112676056
A_PA	1244	71	G	0	0	71	40.2535211267606
A_PA	1245	71	T	0	0	71	40.8169014084507
A_PA	1246	71	G	0	0	71	40.5492957746479
A_PA	1247	71	A	0	0	71	40.5633802816901
A_PA	1248	71	G	0	0	71	40.6760563380282
A_PA	1249	71	C	0	0	71	40.6338028169014
A_PA	1250	71	T	0	0	71	39.3661971830986
A_PA	1251	71	A	0	0	71	38.9718309859155
A_PA	1252	71	A	0	0	71	38.8732394366197
A_PA	1253	71	C	0	0	70	37.9428571428571
A_PA	1254	71	T	0	0	71	38.2394366197183
A_PA	1255	71	G	0	0	70	38.2142857142857
A_PA	1256	71	A	0	0	71	37.5633802816901
A_PA	1257	71	T	0	0	71	37.4084507042254
A_PA	1258	71	T	0	0	71	39.7746478873239
A_PA	1259	71	C	0	0	71	38.7605633802817
A_PA	1260	70	A	1	0	70	39.6571428571429
A_PA	1261	71	G	0	0	71	39.2112676056338
A_PA	1262	71	T	0	0	71	39.2676056338028
A_PA	1263	71	C	0	0	71	37.8450704225352
A_PA	1264	71	T	0	0	71	38.0985915492958
A_PA	1265	71	G	0	0	71	35.0704225352113
A_PA	1266	71	G	0	0	71	35.9295774647887
A_PA	1267	71	A	0	0	71	35.5070422535211
A_PA	1268	71	T	0	0	71	37.0985915492958
A_PA	1269	71	A	0	0	71	36.5774647887324
A_PA	1270	71	G	0	0	70	38.1714285714286
A_PA	1271	70	A	1	0	70	38.0714285714286
A_PA	1272	71	A	0	0	71	38.1830985915493
A_PA	1273	71	C	0	0	71	38.3943661971831
A_PA	1274	71	T	0	0	71	38.3943661971831
A_PA	1275	70	C	1	0	69	36.9855072463768
A_PA	1276	71	G	0	0	70	36.7714285714286
A_PA	1277	71	A	0	0	71	36.7323943661972
A_PA	1278	71	T	0	0	70	38.0285714285714
A_PA	1279	71	G	0	0	70	38
A_PA	1280	71	A	0	0	70	39.7
A_PA	1281	71	A	0	0	71	41.2957746478873
A_PA	1282	71	A	0	0	71	40.6901408450704
A_PA	1283	71	T	0	0	71	42.0422535211268
A_PA	1284	71	T	0	0	70	41.1285714285714
A_PA	1285	71	G	0	0	71	39.6901408450704
A_PA	1286	71	G	0	0	71	40.5492957746479
A_PA	1287	71	A	0	0	70	39.7714285714286
A_PA	1288	71	G	0	0	71	40.3380281690141
A_PA	1289	71	A	0	0	71	40.5633802816901
A_PA	1290	71	G	0	0	71	39.4929577464789
A_PA	1291	71	G	0	0	71	39.9859154929577
A_PA	1292	71	A	0	0	70	40.1285714285714
A_PA	1293	71	C	0	0	69	39.3768115942029
A_PA	1294	71	G	0	0	71	37.4507042253521
A_PA	1295	71	T	0	0	71	37.4929577464789
A_PA	1296	71	A	0	0	70	36.7428571428571
A_PA	1297	71	G	0	0	71	37.112676056338
A_PA	1298	70	C	1	0	70	37.7428571428571
A_PA	1299	71	C	0	0	70	38.0285714285714
A_PA	1300	71	C	0	0	71	39.7464788732394
A_PA	1301	71	C	0	0	71	37.0140845070423
A_PA	1302	71	A	0	0	71	36.0985915492958
A_PA	1303	71	A	0	0	71	39.9014084507042
A_PA	1304	72	T	0	0	72	37.3888888888889
A_PA	1305	72	T	0	0	70	38.4857142857143
A_PA	1306	72	G	0	0	71	39.830985915493
A_PA	1307	71	A	1	0	71	40.8169014084507
A_PA	1308	72	A	0	0	72	40.4166666666667
A_PA	1309	72	C	0	0	71	40.9295774647887
A_PA	1310	72	A	0	0	72	39.125
A_PA	1311	72	C	0	0	72	38.6527777777778
A_PA	1312	72	A	0	0	72	37.9861111111111
A_PA	1313	72	T	0	0	71	38.3802816901408
A_PA	1314	72	T	0	0	72	38.5277777777778
A_PA	1315	72	G	0	0	72	38.5416666666667
A_PA	1316	72	C	0	0	72	39.0972222222222
A_PA	1317	72	A	0	0	72	38.4861111111111
A_PA	1318	72	A	0	0	72	38.375
A_PA	1319	72	G	0	0	72	38.125
A_PA	1320	72	C	0	0	72	38.375
A_PA	1321	72	A	0	0	72	37.3472222222222
A_PA	1322	72	T	0	0	72	38.9305555555556
A_PA	1323	72	G	0	0	72	34.5833333333333
A_PA	1324	72	A	0	0	72	35.0416666666667
A_PA	1325	72	G	0	0	72	35.1111111111111
A_PA	1326	72	G	0	0	72	34.4861111111111
A_PA	1327	72	A	0	0	72	37.0277777777778
A_PA	1328	72	G	0	0	72	37.4583333333333
A_PA	1329	72	G	0	0	72	38.4444444444444
A_PA	1330	72	A	0	0	72	38.8194444444444
A_PA	1331	72	A	0	0	71	38.9859154929577
A_PA	1332	71	T	1	0	71	40.0845070422535
A_PA	1333	72	T	0	0	72	39.7222222222222
A_PA	1334	72	A	0	0	72	40.2083333333333
A_PA	1335	72	T	0	0	72	39.6944444444444
A_PA	1336	72	T	0	0	72	39.2361111111111
A_PA	1337	72	T	0	0	71	40.6901408450704
A_PA	1338	72	C	0	0	71	38.9154929577465
A_PA	1339	72	A	0	0	72	38.7361111111111
A_PA	1340	73	C	0	0	73	38.4109589041096
A_PA	1341	73	A	0	0	73	38.013698630137
A_PA	1342	73	G	0	0	73	38.3561643835616
A_PA	1343	73	C	0	0	73	38.4246575342466
A_PA	1344	73	A	0	0	72	38.4583333333333
A_PA	1345	73	G	0	0	72	40.5972222222222
A_PA	1346	73	A	0	0	73	39.9041095890411
A_PA	1347	72	G	0	0	72	39.875
A_PA	1348	72	G	0	0	72	39.9861111111111
A_PA	1349	72	T	0	0	71	40.830985915493
A_PA	1350	71	G	1	0	69	41.1594202898551
A_PA	1351	72	T	0	0	70	40.1571428571429
A_PA	1352	71	C	1	0	70	37.5142857142857
A_PA	1353	72	C	0	0	71	37.3661971830986
A_PA	1354	72	C	0	0	72	37.1666666666667
A_PA	1355	72	A	0	0	71	35.4084507042254
A_PA	1356	72	T	0	0	72	36.2361111111111
A_PA	1357	72	T	0	0	72	37.6666666666667
A_PA	1358	72	G	0	0	71	37.2816901408451
A_PA	1359	72	T	0	0	71	37.056338028169
A_PA	1360	72	A	0	0	72	37.9861111111111
A_PA	1361	72	G	0	0	72	38.5833333333333
A_PA	1362	72	A	0	0	72	38.8472222222222
A_PA	1363	72	G	0	0	72	39.4861111111111
A_PA	1364	72	C	0	0	72	39.0972222222222
A_PA	1365	72	T	0	0	72	39
A_PA	1366	72	A	0	0	71	38.7605633802817
A_PA	1367	72	C	0	0	72	39.0694444444444
A_PA	1368	72	T	0	0	72	39.9444444444444
A_PA	1369	72	G	0	0	71	39.4647887323944
A_PA	1370	72	A	0	0	72	39.7916666666667
A_PA	1371	72	A	0	0	72	39.9305555555556
A_PA	1372	72	T	0	0	72	40.6388888888889
A_PA	1373	72	A	0	0	72	39.9722222222222
A_PA	1374	72	C	0	0	72	40.5972222222222
A_PA	1375	72	A	0	0	72	40.9166666666667
A_PA	1376	72	T	0	0	72	40.6111111111111
A_PA	1377	72	A	0	0	72	39.7638888888889
A_PA	1378	72	A	0	0	72	39.8888888888889
A_PA	1379	72	T	0	0	72	40.5972222222222
A_PA	1380	72	G	0	0	72	40.3055555555556
A_PA	1381	72	A	0	0	71	39.0845070422535
A_PA	1382	72	A	0	0	72	41.2222222222222
A_PA	1383	72	A	0	0	72	41.375
A_PA	1384	72	G	0	0	72	40.1666666666667
A_PA	1385	72	G	0	0	72	41.1527777777778
A_PA	1386	72	G	0	0	72	42.4583333333333
A_PA	1387	72	G	0	0	72	41
A_PA	1388	72	T	0	0	72	41
A_PA	1389	72	A	0	0	72	40.6111111111111
A_PA	1390	72	T	0	0	72	40.0416666666667
A_PA	1391	72	A	0	0	72	38.5416666666667
A_PA	1392	72	C	0	0	72	37.7638888888889
A_PA	1393	72	A	0	0	72	36.8194444444444
A_PA	1394	72	T	0	0	72	36.875
A_PA	1395	72	T	0	0	72	36.6111111111111
A_PA	1396	71	A	1	0	70	35.4428571428571
A_PA	1397	72	A	0	0	70	36.2285714285714
A_PA	1398	72	T	0	0	71	36.8450704225352
A_PA	1399	72	A	0	0	71	37.1830985915493
A_PA	1400	72	C	0	0	71	37.6901408450704
A_PA	1401	72	T	0	0	72	37.8194444444444
A_PA	1402	72	G	0	0	71	36.4366197183099
A_PA	1403	72	C	0	0	71	37.6760563380282
A_PA	1404	72	C	0	0	71	35.8732394366197
A_PA	1405	72	C	0	0	72	36.1388888888889
A_PA	1406	72	T	0	0	72	34.1805555555556
A_PA	1407	72	G	0	0	72	35.3611111111111
A_PA	1408	72	C	0	0	72	37.5833333333333
A_PA	1409	72	T	0	0	72	38.3333333333333
A_PA	1410	72	C	0	0	70	37.3714285714286
A_PA	1411	72	A	0	0	71	36.8591549295775
A_PA	1412	72	A	0	0	72	36.375
A_PA	1413	72	T	0	0	72	36.75
A_PA	1414	72	G	0	0	72	36.6388888888889
A_PA	1415	72	C	0	0	71	38.943661971831
A_PA	1416	72	A	0	0	72	37.75
A_PA	1417	72	T	0	0	72	38.8472222222222
A_PA	1418	72	C	0	0	72	37.6388888888889
A_PA	1419	72	C	0	0	72	37.9861111111111
A_PA	1420	71	T	1	0	71	38.2676056338028
A_PA	1421	71	G	1	0	71	39.2535211267606
A_PA	1422	72	T	0	0	72	39.1944444444444
A_PA	1423	72	G	0	0	72	37.9861111111111
A_PA	1424	72	C	0	0	71	38.3521126760563
A_PA	1425	72	A	0	0	72	37.2916666666667
A_PA	1426	72	G	0	0	71	39.9154929577465
A_PA	1427	72	C	0	0	71	40.1971830985916
A_PA	1428	72	A	0	0	71	40.2535211267606
A_PA	1429	72	A	0	0	72	39.6666666666667
A_PA	1430	72	T	0	0	72	40.3333333333333
A_PA	1431	71	G	1	0	69	41.2173913043478
A_PA	1432	72	G	0	0	69	40.2173913043478
A_PA	1433	71	A	1	0	71	39.7323943661972
A_PA	1434	71	C	1	0	68	38.25
A_PA	1435	71	G	1	0	69	33.8840579710145
A_PA	1436	72	A	0	0	71	32.169014084507
A_PA	1437	71	T	1	0	70	31.7714285714286
A_PA	1438	71	T	1	0	71	32.2112676056338
A_PA	1439	72	T	0	0	72	33.3055555555556
A_PA	1440	72	T	0	0	71	35.0704225352113
A_PA	1441	72	C	0	0	72	33.4027777777778
A_PA	1442	72	A	0	0	72	35.1388888888889
A_PA	1443	72	A	0	0	72	35.1666666666667
A_PA	1444	72	C	0	0	71	35.6056338028169
A_PA	1445	72	T	0	0	71	37.5070422535211
A_PA	1446	71	A	1	0	71	37.5352112676056
A_PA	1447	72	A	0	0	72	36.6666666666667
A_PA	1448	72	T	0	0	72	37.5555555555556
A_PA	1449	72	T	0	0	71	38.3661971830986
A_PA	1450	72	C	0	0	70	36.3
A_PA	1451	72	C	0	0	72	35.4305555555556
A_PA	1452	72	C	0	0	72	36.1666666666667
A_PA	1453	72	A	0	0	72	34.4583333333333
A_PA	1454	72	T	0	0	71	35.4225352112676
A_PA	1455	72	G	0	0	71	36.6338028169014
A_PA	1456	72	A	0	0	72	38.6388888888889
A_PA	1457	72	T	0	0	72	39
A_PA	1458	71	A	1	0	71	40.4225352112676
A_PA	1459	72	A	0	0	72	39.7083333333333
A_PA	1460	73	G	0	0	73	39.7397260273973
A_PA	1461	73	C	0	0	73	39.4246575342466
A_PA	1462	73	A	0	0	73	39.3972602739726
A_PA	1463	74	A	0	0	74	38.7297297297297
A_PA	1464	74	G	0	0	74	38.2567567567568
A_PA	1465	74	T	0	0	74	38.4594594594595
A_PA	1466	74	G	0	0	74	37.5
A_PA	1467	74	C	0	0	73	39.3150684931507
A_PA	1468	74	A	0	0	74	38.3513513513514
A_PA	1469	74	G	0	0	74	39.2027027027027
A_PA	1470	74	A	0	0	74	39.3783783783784
A_PA	1471	73	A	1	0	73	39.3424657534247
A_PA	1472	73	C	1	0	73	39.4931506849315
A_PA	1473	73	T	1	0	73	38.8767123287671
A_PA	1474	69	A	5	0	68	36.4705882352941
A_PA	1475	74	A	0	0	73	36.4383561643836
A_PA	1476	74	A	0	0	74	35.1486486486486
A_PA	1477	73	G	1	0	73	35.3424657534247
A_PA	1478	73	A	1	0	73	35.4383561643836
A_PA	1479	72	G	2	0	72	37.2916666666667
A_PA	1480	73	G	1	0	73	37.2328767123288
A_PA	1481	73	G	1	0	73	37.2465753424658
A_PA	1482	74	A	0	0	73	36.7945205479452
A_PA	1483	74	A	0	0	74	37.6756756756757
A_PA	1484	74	G	0	0	73	38.1917808219178
A_PA	1485	74	G	0	0	74	38.4189189189189
A_PA	1486	74	C	0	0	72	37.6944444444444
A_PA	1487	74	G	0	0	73	36.4246575342466
A_PA	1488	74	A	0	0	73	36.958904109589
A_PA	1489	74	A	0	0	74	36.7972972972973
A_PA	1490	74	A	0	0	73	36.4246575342466
A_PA	1491	74	A	0	0	73	37.986301369863
A_PA	1492	74	A	0	0	73	40.0821917808219
A_PA	1493	74	C	0	0	73	39.1232876712329
A_PA	1494	74	C	0	0	74	37.3378378378378
A_PA	1495	74	A	0	0	74	37.9594594594595
A_PA	1496	74	A	0	0	74	37.0135135135135
A_PA	1497	74	T	0	0	73	38.8904109589041
A_PA	1498	74	T	0	0	74	39.4054054054054
A_PA	1499	74	T	0	0	74	38.3513513513514
A_PA	1500	74	A	0	0	74	38.3108108108108
A_PA	1501	74	T	0	0	74	38.4054054054054
A_PA	1502	74	A	0	0	74	38.0810810810811
A_PA	1503	74	T	0	0	74	38.1756756756757
A_PA	1504	74	G	0	0	74	39.0810810810811
A_PA	1505	74	G	0	0	74	39.8918918918919
A_PA	1506	74	A	0	0	74	40.4864864864865
A_PA	1507	74	T	0	0	74	39.6216216216216
A_PA	1508	73	T	1	0	72	39.7777777777778
A_PA	1509	73	C	1	0	72	38.7222222222222
A_PA	1510	73	A	1	0	73	38.1232876712329
A_PA	1511	74	T	0	0	74	38.2837837837838
A_PA	1512	74	C	0	0	73	36.6027397260274
A_PA	1513	74	A	0	0	73	36.7534246575342
A_PA	1514	74	T	0	0	74	36.5945945945946
A_PA	1515	73	A	1	0	73	35.4657534246575
A_PA	1516	74	A	0	0	74	36.7702702702703
A_PA	1517	74	A	0	0	74	37.4864864864865
A_PA	1518	74	G	0	0	73	36.3424657534247
A_PA	1519	74	G	0	0	74	39.0945945945946
A_PA	1520	74	G	0	0	72	40.3055555555556
A_PA	1521	73	A	1	0	73	38.986301369863
A_PA	1522	74	A	0	0	74	38.9594594594595
A_PA	1523	74	G	0	0	74	38.1621621621622
A_PA	1524	74	A	0	0	74	37.5675675675676
A_PA	1525	74	T	0	0	74	37.6891891891892
A_PA	1526	74	C	0	0	74	37.6756756756757
A_PA	1527	74	T	0	0	74	38.1351351351351
A_PA	1528	74	C	0	0	74	36.3783783783784
A_PA	1529	74	A	0	0	74	36.5405405405405
A_PA	1530	74	C	1	0	74	37.1621621621622
A_PA	1531	75	C	0	0	75	36.7733333333333
A_PA	1532	75	T	0	0	75	36.0666666666667
A_PA	1533	75	G	0	0	75	36
A_PA	1534	75	A	0	0	75	37.0533333333333
A_PA	1535	74	G	1	0	74	39.2567567567568
A_PA	1536	75	G	0	0	74	37.8513513513514
A_PA	1537	75	A	0	0	75	38.9866666666667
A_PA	1538	75	A	0	0	75	38.0933333333333
A_PA	1539	75	T	0	0	75	37.5733333333333
A_PA	1540	75	G	0	0	72	37.5
A_PA	1541	74	A	1	0	74	37.7837837837838
A_PA	1542	74	C	1	0	74	37.0405405405405
A_PA	1543	75	A	0	0	74	36.6081081081081
A_PA	1544	75	C	0	0	75	38.6133333333333
A_PA	1545	75	A	0	0	75	38.4
A_PA	1546	75	G	0	0	74	39.6351351351351
A_PA	1547	75	A	0	0	75	39.0266666666667
A_PA	1548	75	T	0	0	75	40.2133333333333
A_PA	1549	75	G	0	0	75	40.0666666666667
A_PA	1550	75	T	0	0	75	40.1066666666667
A_PA	1551	74	G	1	0	74	38.2837837837838
A_PA	1552	75	G	0	0	75	39.0933333333333
A_PA	1553	75	T	0	0	74	38.9459459459459
A_PA	1554	75	A	0	0	75	38.3466666666667
A_PA	1555	75	A	0	0	75	39.04
A_PA	1556	75	A	0	0	74	39.4459459459459
A_PA	1557	75	C	0	0	74	39.7297297297297
A_PA	1558	75	T	0	0	75	39.0933333333333
A_PA	1559	75	T	0	0	75	39.2933333333333
A_PA	1560	75	T	0	0	75	39.4133333333333
A_PA	1561	75	G	0	0	74	39.1756756756757
A_PA	1562	75	T	0	0	72	38.3888888888889
A_PA	1563	75	G	0	0	74	36.7162162162162
A_PA	1564	74	A	1	0	73	37.2876712328767
A_PA	1565	75	G	0	0	75	36.4
A_PA	1566	75	C	0	0	75	36.96
A_PA	1567	75	A	0	0	75	37.12
A_PA	1568	75	T	0	0	75	37.4933333333333
A_PA	1569	74	G	1	0	74	36.3783783783784
A_PA	1570	75	G	0	0	74	36.7432432432432
A_PA	1571	75	A	0	0	75	36.24
A_PA	1572	74	G	1	0	73	36.2602739726027
A_PA	1573	72	T	3	0	72	36.0138888888889
A_PA	1574	73	T	2	0	73	35.8904109589041
A_PA	1575	73	T	2	0	73	35.8219178082192
A_PA	1576	71	T	4	0	70	33.2714285714286
A_PA	1577	70	C	5	0	70	32.6428571428571
A_PA	1578	74	T	1	0	74	34.7432432432432
A_PA	1579	72	C	3	0	71	32.887323943662
A_PA	1580	75	T	0	0	75	32.4266666666667
A_PA	1581	75	C	0	0	75	31.0266666666667
A_PA	1582	75	A	0	0	75	33.6266666666667
A_PA	1583	75	C	0	0	75	34.12
A_PA	1584	75	A	0	0	75	36.7066666666667
A_PA	1585	75	G	0	0	73	37.8219178082192
A_PA	1586	75	A	0	0	75	36.52
A_PA	1587	75	T	0	0	75	37.5333333333333
A_PA	1588	74	C	1	0	74	37.3243243243243
A_PA	1589	74	C	1	0	74	37.527027027027
A_PA	1590	72	G	3	0	71	36.830985915493
A_PA	1591	74	A	1	0	74	35.9189189189189
A_PA	1592	74	G	1	0	72	36.9305555555556
A_PA	1593	74	A	1	0	74	35.6081081081081
A_PA	1594	74	C	1	0	73	36.4520547945205
A_PA	1595	75	T	0	0	74	37.3243243243243
A_PA	1596	76	T	0	0	75	36.6666666666667
A_PA	1597	76	G	0	0	76	34.0789473684211
A_PA	1598	76	A	0	0	75	35.5066666666667
A_PA	1599	76	A	0	0	76	35.4736842105263
A_PA	1600	76	C	0	0	76	37.4605263157895
A_PA	1601	76	C	0	0	75	39.0533333333333
A_PA	1602	76	A	0	0	74	39.2972972972973
A_PA	1603	76	C	0	0	76	38.9078947368421
A_PA	1604	76	A	0	0	75	39.4133333333333
A_PA	1605	76	T	0	0	74	39.1891891891892
A_PA	1606	77	A	0	0	76	38.3815789473684
A_PA	1607	77	A	0	0	77	38.4545454545455
A_PA	1608	76	A	1	0	76	38.6842105263158
A_PA	1609	76	T	1	0	75	38.0666666666667
A_PA	1610	77	G	0	0	75	37.4
A_PA	1611	77	G	0	0	77	36.7402597402597
A_PA	1612	77	G	0	0	77	37.012987012987
A_PA	1613	77	A	0	0	77	37.7532467532468
A_PA	1614	77	G	0	0	77	38.6883116883117
A_PA	1615	77	A	0	0	77	39.5584415584416
A_PA	1616	77	A	0	0	77	39.1428571428571
A_PA	1617	77	A	0	0	77	39.4025974025974
A_PA	1618	76	T	1	0	76	40.4473684210526
A_PA	1619	76	A	1	0	76	40.1052631578947
A_PA	1620	76	T	1	0	76	40.1315789473684
A_PA	1621	77	T	0	0	77	39.4415584415584
A_PA	1622	77	G	0	0	77	39.1298701298701
A_PA	1623	75	T	2	0	75	39.2533333333333
A_PA	1624	76	G	1	0	76	39.4605263157895
A_PA	1625	76	T	1	0	76	39.7894736842105
A_PA	1626	76	C	1	0	76	39.3421052631579
A_PA	1627	76	C	1	0	76	39.1973684210526
A_PA	1628	77	T	0	0	77	40.6233766233766
A_PA	1629	77	T	0	0	77	39.5714285714286
A_PA	1630	77	G	0	0	76	37.8421052631579
A_PA	1631	75	A	2	0	75	39.6533333333333
A_PA	1632	77	G	0	0	77	39.7402597402597
A_PA	1633	77	A	0	0	77	39.8831168831169
A_PA	1634	77	T	0	0	77	39.7012987012987
A_PA	1635	77	A	0	0	77	37.1038961038961
A_PA	1636	77	G	0	0	77	36.8831168831169
A_PA	1637	76	G	1	0	76	36.3815789473684
A_PA	1638	76	A	1	0	76	36.5131578947368
A_PA	1639	77	G	0	0	76	38.8421052631579
A_PA	1640	77	A	0	0	77	39.2207792207792
A_PA	1641	77	T	0	0	76	39.1710526315789
A_PA	1642	77	A	0	0	77	38.7012987012987
A_PA	1643	77	T	0	0	76	39.0263157894737
A_PA	1644	76	G	1	0	76	38.5394736842105
A_PA	1645	75	T	2	0	75	37.6133333333333
A_PA	1646	76	T	1	0	75	36.6933333333333
A_PA	1647	76	A	1	0	75	33.4133333333333
A_PA	1648	77	C	0	0	75	32.7733333333333
A_PA	1649	77	T	0	0	75	32.9733333333333
A_PA	1650	78	A	0	0	77	33.1298701298701
A_PA	1651	78	A	0	0	78	32.9871794871795
A_PA	1652	78	G	0	0	77	34.6883116883117
A_PA	1653	77	G	1	0	77	37.1948051948052
A_PA	1654	77	A	1	0	76	37.9868421052632
A_PA	1655	78	G	0	0	78	37.1538461538462
A_PA	1656	77	T	1	0	77	37.6883116883117
A_PA	1657	77	G	1	0	77	38.038961038961
A_PA	1658	77	C	1	0	76	38.7763157894737
A_PA	1659	78	C	0	0	77	37.8831168831169
A_PA	1660	78	A	0	0	77	37.8441558441558
A_PA	1661	78	T	0	0	78	37.8846153846154
A_PA	1662	77	A	1	0	76	36.1315789473684
A_PA	1663	78	G	0	0	77	36.8311688311688
A_PA	1664	78	G	0	0	78	37.1410256410256
A_PA	1665	78	C	0	0	78	36.5769230769231
A_PA	1666	78	C	0	0	78	36.2692307692308
A_PA	1667	77	A	1	0	77	37.4935064935065
A_PA	1668	78	A	0	0	78	37.3205128205128
A_PA	1669	78	A	0	0	78	36.2948717948718
A_PA	1670	78	T	0	0	78	36.1794871794872
A_PA	1671	78	T	0	0	78	37.6794871794872
A_PA	1672	78	T	0	0	78	37.9358974358974
A_PA	1673	78	C	0	0	77	37.5194805194805
A_PA	1674	78	A	0	0	78	38.0128205128205
A_PA	1675	78	A	0	0	78	37.6538461538462
A_PA	1676	78	G	0	0	77	37.4545454545455
A_PA	1677	78	G	0	0	78	38.4487179487179
A_PA	1678	78	C	0	0	78	37.6025641025641
A_PA	1679	78	C	0	0	78	36.8461538461538
A_PA	1680	78	A	0	0	78	37.5769230769231
A_PA	1681	78	A	0	0	78	36.6538461538462
A_PA	1682	78	T	0	0	78	37.7051282051282
A_PA	1683	78	G	0	0	78	36.6538461538462
A_PA	1684	77	T	1	0	77	37.7792207792208
A_PA	1685	77	T	1	0	77	37.4545454545455
A_PA	1686	77	C	1	0	77	36.9090909090909
A_PA	1687	78	T	0	0	77	37.4285714285714
A_PA	1688	79	T	0	0	79	37.7974683544304
A_PA	1689	79	G	0	0	79	37.0886075949367
A_PA	1690	79	T	0	0	79	38.2025316455696
A_PA	1691	79	A	0	0	79	37.4430379746835
A_PA	1692	79	T	0	0	79	38.0379746835443
A_PA	1693	79	G	0	0	79	37.253164556962
A_PA	1694	79	T	0	0	79	37.7088607594937
A_PA	1695	79	G	0	0	78	38.5641025641026
A_PA	1696	79	A	0	0	78	38.8846153846154
A_PA	1697	79	G	0	0	78	38.9230769230769
A_PA	1698	78	G	1	0	78	38.7820512820513
A_PA	1699	78	A	1	0	78	38.0512820512821
A_PA	1700	78	C	1	0	77	38.4545454545455
A_PA	1701	78	A	1	0	77	38.2727272727273
A_PA	1702	79	A	0	0	78	38.1025641025641
A_PA	1703	79	A	0	0	79	40.0506329113924
A_PA	1704	79	C	0	0	77	37.8831168831169
A_PA	1705	79	G	0	0	77	38.8831168831169
A_PA	1706	79	G	0	0	78	38.4358974358974
A_PA	1707	79	A	0	0	78	38.7435897435897
A_PA	1708	79	A	0	0	79	38.3544303797468
A_PA	1709	79	C	0	0	79	38.8227848101266
A_PA	1710	79	A	0	0	79	39.1392405063291
A_PA	1711	79	T	0	0	79	39.5949367088608
A_PA	1712	79	C	0	0	78	38.1153846153846
A_PA	1713	79	A	0	0	79	38.379746835443
A_PA	1714	79	A	0	0	78	39.0128205128205
A_PA	1715	79	A	0	0	79	39.4556962025316
A_PA	1716	79	A	0	0	79	39.8354430379747
A_PA	1717	79	G	0	0	79	40.1012658227848
A_PA	1718	79	T	0	0	79	40.0759493670886
A_PA	1719	79	C	0	0	77	38.3376623376623
A_PA	1720	78	A	1	0	78	37.0769230769231
A_PA	1721	79	A	0	0	78	38.4358974358974
A_PA	1722	79	A	0	0	79	39.1898734177215
A_PA	1723	79	A	0	0	79	39.3670886075949
A_PA	1724	78	T	1	0	78	39.1282051282051
A_PA	1725	79	G	0	0	79	36.5696202531646
A_PA	1726	79	A	0	0	79	35.9493670886076
A_PA	1727	79	A	0	0	78	38.5384615384615
A_PA	1728	79	A	0	0	79	38.4556962025316
A_PA	1729	79	T	0	0	78	38.8461538461538
A_PA	1730	78	G	1	0	77	38.4805194805195
A_PA	1731	79	G	0	0	78	37.2564102564103
A_PA	1732	79	G	0	0	78	38.8076923076923
A_PA	1733	79	G	0	0	75	39.8266666666667
A_PA	1734	79	A	0	0	79	40.1518987341772
A_PA	1735	79	A	0	0	78	39.0897435897436
A_PA	1736	79	T	0	0	79	39.2151898734177
A_PA	1737	79	G	0	0	79	38.126582278481
A_PA	1738	79	G	0	0	79	36.7215189873418
A_PA	1739	79	A	0	0	77	35.4415584415584
A_PA	1740	79	G	0	0	78	34.8076923076923
A_PA	1741	79	A	0	0	78	36.5
A_PA	1742	79	T	0	0	79	36.6582278481013
A_PA	1743	79	G	0	0	78	34.5128205128205
A_PA	1744	78	A	1	0	78	35.1794871794872
A_PA	1745	79	G	0	0	77	34.3766233766234
A_PA	1746	79	A	0	0	78	34.7435897435897
A_PA	1747	79	C	0	0	77	36.6753246753247
A_PA	1748	79	G	0	0	79	34.2025316455696
A_PA	1749	79	T	0	0	79	34.3291139240506
A_PA	1750	78	T	1	0	78	34.2820512820513
A_PA	1751	77	G	2	0	76	34.2105263157895
A_PA	1752	79	C	0	0	78	33.5897435897436
A_PA	1753	79	C	0	0	79	34.7341772151899
A_PA	1754	79	T	0	0	78	34.6666666666667
A_PA	1755	79	C	0	0	78	33.9487179487179
A_PA	1756	79	C	0	0	79	36.4556962025316
A_PA	1757	77	T	2	0	77	34.3376623376623
A_PA	1758	79	T	0	0	78	33.7307692307692
A_PA	1759	79	C	0	0	79	32.8481012658228
A_PA	1760	79	A	0	0	79	33.2405063291139
A_PA	1761	78	G	1	0	78	33.7564102564103
A_PA	1762	77	T	2	0	76	36.5263157894737
A_PA	1763	78	C	1	0	78	36.7564102564103
A_PA	1764	79	A	0	0	79	37.3924050632911
A_PA	1765	79	C	0	0	79	38.620253164557
A_PA	1766	79	T	0	0	79	39.0126582278481
A_PA	1767	78	C	1	0	78	38.5512820512821
A_PA	1768	79	C	0	0	79	37.0632911392405
A_PA	1769	79	A	0	0	79	36.0886075949367
A_PA	1770	79	G	0	0	79	36.6075949367089
A_PA	1771	80	C	0	0	80	36.775
A_PA	1772	80	A	0	0	80	36.2125
A_PA	1773	80	G	0	0	80	36.2875
A_PA	1774	80	A	0	0	80	36.2375
A_PA	1775	80	T	0	0	80	37.0625
A_PA	1776	79	C	1	0	78	34.6282051282051
A_PA	1777	78	G	2	0	78	34.6923076923077
A_PA	1778	79	A	2	0	79	35.1139240506329
A_PA	1779	81	G	0	0	78	35.3589743589744
A_PA	1780	81	A	0	0	80	35.725
A_PA	1781	81	G	0	0	80	36.775
A_PA	1782	81	C	0	0	80	37.725
A_PA	1783	84	A	0	0	84	37.6666666666667
A_PA	1784	87	T	0	0	87	38.0689655172414
A_PA	1785	87	G	0	0	87	36.9540229885057
A_PA	1786	87	A	0	0	87	37.8620689655172
A_PA	1787	87	T	0	0	87	38.4942528735632
A_PA	1788	90	T	0	0	90	38.9444444444444
A_PA	1789	90	G	0	0	90	38.4111111111111
A_PA	1790	90	A	0	0	90	38.7111111111111
A_PA	1791	89	A	1	0	89	39.0224719101124
A_PA	1792	89	G	1	0	89	38.9662921348315
A_PA	1793	90	C	0	0	89	39.4494382022472
A_PA	1794	90	C	0	0	89	38.0337078651685
A_PA	1795	88	G	2	0	87	37.2528735632184
A_PA	1796	90	A	0	0	90	35.2444444444444
A_PA	1797	90	G	0	0	89	35.0112359550562
A_PA	1798	90	T	0	0	90	35.3111111111111
A_PA	1799	89	C	1	0	89	36.4044943820225
A_PA	1800	89	C	1	0	88	37.7954545454545
A_PA	1801	89	T	1	0	88	37.25
A_PA	1802	89	C	1	0	88	36.5795454545455
A_PA	1803	90	A	0	0	89	36.8202247191011
A_PA	1804	90	G	0	0	89	36.4157303370786
A_PA	1805	90	T	0	0	89	36.6067415730337
A_PA	1806	95	T	0	0	95	36.1684210526316
A_PA	1807	90	A	5	0	89	35.5280898876404
A_PA	1808	94	A	1	0	93	35.5483870967742
A_PA	1809	88	A	7	0	88	36.0227272727273
A_PA	1810	88	G	7	0	88	36.1136363636364
A_PA	1811	96	A	0	0	96	36.1666666666667
A_PA	1812	95	G	1	0	95	35.5789473684211
A_PA	1813	96	A	0	0	96	35.6041666666667
A_PA	1814	96	G	0	0	95	34.3473684210526
A_PA	1815	97	A	0	0	96	36.71875
A_PA	1816	97	G	0	0	96	36.8333333333333
A_PA	1817	97	A	0	0	97	37.2474226804124
A_PA	1818	97	C	0	0	96	37.7916666666667
A_PA	1819	97	A	0	0	97	38.5773195876289
A_PA	1820	97	T	0	0	97	39.5670103092784
A_PA	1821	97	G	0	0	97	37.2577319587629
A_PA	1822	97	A	0	0	97	37.1855670103093
A_PA	1823	97	C	0	0	96	37.8854166666667
A_PA	1824	97	C	0	0	97	36.9278350515464
A_PA	1825	97	A	0	0	97	36.5360824742268
A_PA	1826	97	A	0	0	97	36.6288659793814
A_PA	1827	97	A	0	0	97	37.1649484536082
A_PA	1828	97	G	0	0	97	37.8453608247423
A_PA	1829	97	A	0	0	97	39.1649484536082
A_PA	1830	97	G	0	0	97	39.0927835051546
A_PA	1831	94	T	3	0	93	38.1397849462366
A_PA	1832	95	T	2	0	95	34.9684210526316
A_PA	1833	97	T	0	0	97	34.8350515463918
A_PA	1834	97	T	0	0	97	34.659793814433
A_PA	1835	95	T	2	0	95	35.2947368421053
A_PA	1836	95	T	2	0	95	37.2105263157895
A_PA	1837	94	G	3	0	94	36.0106382978723
A_PA	1838	97	A	0	0	95	35.2315789473684
A_PA	1839	97	G	0	0	97	35.7216494845361
A_PA	1840	100	A	0	0	100	37.44
A_PA	1841	100	A	0	0	100	38.25
A_PA	1842	100	T	0	0	100	37.54
A_PA	1843	106	A	0	0	104	37.1346153846154
A_PA	1844	106	A	0	0	106	36.3301886792453
A_PA	1845	106	A	0	0	106	36.0283018867925
A_PA	1846	106	T	0	0	106	36.122641509434
A_PA	1847	105	C	1	0	105	35.552380952381
A_PA	1848	106	A	0	0	106	36.1132075471698
A_PA	1849	106	G	0	0	106	36.0471698113208
A_PA	1850	107	A	0	0	107	35.8971962616822
A_PA	1851	107	A	0	0	106	37.377358490566
A_PA	1852	107	G	1	0	106	37.2924528301887
A_PA	1853	108	C	0	0	108	37.7592592592593
A_PA	1854	108	A	0	0	108	37.9814814814815
A_PA	1855	108	T	0	0	108	38.8240740740741
A_PA	1856	107	G	1	0	106	38.0377358490566
A_PA	1857	107	G	1	0	106	38.2358490566038
A_PA	1858	107	C	1	0	106	37.4339622641509
A_PA	1859	108	C	0	0	108	36.962962962963
A_PA	1860	108	C	0	0	107	36.981308411215
A_PA	1861	107	A	1	0	107	36.5700934579439
A_PA	1862	108	T	0	0	108	36.1574074074074
A_PA	1863	108	T	0	0	107	36.1682242990654
A_PA	1864	107	G	1	0	107	34.785046728972
A_PA	1865	108	G	0	0	108	35.9907407407407
A_PA	1866	108	G	0	0	108	35.8796296296296
A_PA	1867	107	G	1	0	106	36.7358490566038
A_PA	1868	108	A	1	0	107	39.2990654205607
A_PA	1869	108	A	1	0	108	38.0555555555556
A_PA	1870	108	T	1	0	108	38.3148148148148
A_PA	1871	106	C	3	0	106	37.9811320754717
A_PA	1872	108	C	1	0	106	37.7641509433962
A_PA	1873	108	C	1	0	108	38.6111111111111
A_PA	1874	108	C	1	0	108	38.8796296296296
A_PA	1875	109	C	0	0	109	38.4862385321101
A_PA	1876	108	A	1	0	108	36.1203703703704
A_PA	1877	109	A	0	0	109	36.5229357798165
A_PA	1878	108	A	1	0	108	36.5648148148148
A_PA	1879	108	G	1	0	108	36.7037037037037
A_PA	1880	108	G	1	0	108	37.1388888888889
A_PA	1881	109	A	1	0	109	39.2385321100917
A_PA	1882	108	G	2	0	108	38.9444444444444
A_PA	1883	109	T	2	0	109	38.1651376146789
A_PA	1884	110	G	1	0	110	36.9181818181818
A_PA	1885	111	G	0	0	110	35.6
A_PA	1886	111	A	0	0	111	36.1171171171171
A_PA	1887	111	A	0	0	110	38
A_PA	1888	111	G	0	0	111	37.3873873873874
A_PA	1889	110	A	1	0	110	39.7727272727273
A_PA	1890	111	A	0	0	109	38.9082568807339
A_PA	1891	111	G	0	0	111	39.2612612612613
A_PA	1892	111	G	0	0	111	38.8108108108108
A_PA	1893	111	T	0	0	111	39.1531531531532
A_PA	1894	111	T	0	0	111	38.8198198198198
A_PA	1895	111	C	0	0	111	37.1801801801802
A_PA	1896	111	C	0	0	110	38.1727272727273
A_PA	1897	109	A	2	0	109	37.9724770642202
A_PA	1898	110	T	1	0	110	37.6909090909091
A_PA	1899	116	T	0	0	116	38.0862068965517
A_PA	1900	113	G	3	0	113	38.9469026548673
A_PA	1901	116	G	0	0	116	39.2672413793103
A_PA	1902	115	G	1	0	115	39.4434782608696
A_PA	1903	108	A	8	0	107	40.5981308411215
A_PA	1904	115	A	1	0	115	41.7478260869565
A_PA	1905	116	A	0	0	115	41.6
A_PA	1906	115	G	1	0	115	39.1304347826087
A_PA	1907	115	T	1	0	115	39.6695652173913
A_PA	1908	116	C	0	0	114	38.280701754386
A_PA	1909	108	T	8	0	107	37.7570093457944
A_PA	1910	110	G	6	0	108	37.1851851851852
A_PA	1911	111	T	10	0	110	37.8090909090909
A_PA	1912	112	A	14	0	110	35.5454545454545
A_PA	1913	112	G	14	0	111	35.9189189189189
A_PA	1914	112	G	14	0	107	36.1682242990654
A_PA	1915	112	A	14	0	109	36.4311926605505
A_PA	1916	112	C	14	0	108	37.2685185185185
A_PA	1917	112	T	14	0	109	36.4862385321101
A_PA	1918	109	C	17	0	107	35.7570093457944
A_PA	1919	112	T	15	0	110	35.9909090909091
A_PA	1920	114	A	17	0	112	37.1875
A_PA	1921	117	T	16	0	113	36.8495575221239
A_PA	1922	120	T	15	0	118	36.4576271186441
A_PA	1923	120	G	15	0	118	35.7372881355932
A_PA	1924	122	G	15	0	122	36.3032786885246
A_PA	1925	124	C	13	0	123	37.7967479674797
A_PA	1926	126	T	14	0	121	39.2727272727273
A_PA	1927	126	A	15	0	125	39.4
A_PA	1928	127	A	14	0	127	38.9291338582677
A_PA	1929	125	G	16	0	125	38.072
A_PA	1930	125	T	16	0	125	39.376
A_PA	1931	125	C	16	0	123	38.3008130081301
A_PA	1932	125	A	16	0	123	39.5040650406504
A_PA	1933	124	G	17	0	124	38.491935483871
A_PA	1934	125	T	16	0	125	38.904
A_PA	1935	126	A	16	0	125	39.32
A_PA	1936	126	T	16	0	124	40.4516129032258
A_PA	1937	128	T	14	0	128	40.171875
A_PA	1938	128	C	14	0	126	39.5634920634921
A_PA	1939	128	A	14	0	128	39.21875
A_PA	1940	128	A	14	0	128	39.15625
A_PA	1941	129	T	13	0	129	39.2868217054264
A_PA	1942	129	A	13	0	129	38.4031007751938
A_PA	1943	129	G	13	0	129	38.4186046511628
A_PA	1944	127	C	15	0	127	38.7874015748031
A_PA	1945	127	C	15	0	127	37.6850393700787
A_PA	1946	128	T	16	0	128	37.53125
A_PA	1947	325	A	16	0	325	37.6646153846154
A_PA	1948	339	T	12	0	338	37.8668639053254
A_PA	1949	348	A	12	0	347	37.5331412103746
A_PA	1950	357	T	6	0	357	38.6106442577031
A_PA	1951	359	G	6	0	358	38.3826815642458
A_PA	1952	359	C	6	0	358	39.3659217877095
A_PA	1953	358	A	7	0	357	39.9971988795518
A_PA	1954	359	T	7	0	357	40.0448179271709
A_PA	1955	370	C	6	0	369	39.2710027100271
A_PA	1956	372	A	5	0	372	39.7177419354839
A_PA	1957	372	C	5	0	372	39.4811827956989
A_PA	1958	372	C	6	0	372	39.3225806451613
A_PA	1959	377	A	2	0	377	39.4694960212202
A_PA	1960	381	C	0	0	380	39.2763157894737
A_PA	1961	387	A	1	0	385	39.2649350649351
A_PA	1962	388	A	0	0	388	40.6443298969072
A_PA	1963	388	T	0	0	388	40.4896907216495
A_PA	1964	390	T	0	0	390	40.6794871794872
A_PA	1965	390	G	1	0	389	40.6298200514139
A_PA	1966	391	G	0	0	391	40.0306905370844
A_PA	1967	390	A	1	0	389	40.254498714653
A_PA	1968	391	A	0	0	391	39.7442455242967
A_PA	1969	391	G	0	0	391	39.8132992327366
A_PA	1970	391	G	0	0	391	39.1048593350384
A_PA	1971	391	A	0	0	390	38.7974358974359
A_PA	1972	389	T	2	0	389	39.1568123393316
A_PA	1973	390	T	1	0	389	37.8303341902314
A_PA	1974	391	T	0	0	391	39.0664961636829
A_PA	1975	392	T	0	0	391	38.2915601023018
A_PA	1976	391	C	1	0	388	36.9123711340206
A_PA	1977	390	A	2	0	388	37.319587628866
A_PA	1978	389	G	3	0	388	36.7963917525773
A_PA	1979	391	C	1	0	390	36.6897435897436
A_PA	1980	391	A	1	0	391	36.0843989769821
A_PA	1981	391	G	3	0	390	35.3179487179487
A_PA	1982	394	A	1	0	393	34.9949109414758
A_PA	1983	394	G	1	0	394	35.1421319796954
A_PA	1984	394	T	1	0	394	35.5761421319797
A_PA	1985	391	C	4	0	390	33.9666666666667
A_PA	1986	395	A	3	0	395	33.346835443038
A_PA	1987	397	A	3	0	396	33.8106060606061
A_PA	1988	397	G	3	0	396	34.3333333333333
A_PA	1989	397	A	5	0	396	35.8611111111111
A_PA	1990	399	A	3	0	398	36.9246231155779
A_PA	1991	404	A	3	0	404	38.8712871287129
A_PA	1992	404	A	3	0	402	38.8009950248756
A_PA	1993	406	C	3	0	404	37.5618811881188
A_PA	1994	482	T	6	0	482	38.9834024896266
A_PA	1995	483	G	6	0	483	38.815734989648
A_PA	1996	485	C	4	0	485	38.3340206185567
A_PA	1997	483	T	6	0	483	38.8136645962733
A_PA	1998	484	C	6	0	484	38.7768595041322
A_PA	1999	483	C	7	0	481	38.4948024948025
A_PA	2000	478	T	12	0	477	38.1425576519916
A_PA	2001	484	T	7	0	484	38.0289256198347
A_PA	2002	485	A	6	0	483	37.0828157349897
A_PA	2003	487	T	5	0	482	37.051867219917
A_PA	2004	487	T	5	0	484	37.2665289256198
A_PA	2005	485	A	10	0	484	37.146694214876
A_PA	2006	491	T	4	0	488	37.4364754098361
A_PA	2007	491	T	4	0	490	37.8204081632653
A_PA	2008	490	C	5	0	488	37.702868852459
A_PA	2009	493	A	2	0	488	37.4836065573771
A_PA	2010	489	G	6	0	487	37.5112936344969
A_PA	2011	491	G	4	0	490	37.3897959183673
A_PA	2012	491	C	4	0	490	36.7265306122449
A_PA	2013	492	T	3	0	488	37.2663934426229
A_PA	2014	493	C	2	0	488	37.3381147540984
A_PA	2015	488	T	7	0	484	38.5185950413223
A_PA	2016	492	T	3	0	488	38.0532786885246
A_PA	2017	493	A	2	0	488	35.9426229508197
A_PA	2018	486	G	9	0	479	35.8183716075157
A_PA	2019	495	G	1	0	493	36.5496957403651
A_PA	2020	495	G	1	0	494	36.9716599190283
A_PA	2021	493	A	3	0	491	37.5600814663951
A_PA	2022	487	C	9	0	482	38.0580912863071
A_PA	2023	489	A	13	0	482	38.0248962655602
A_PA	2024	501	A	1	0	498	37.6345381526104
A_PA	2025	504	A	1	0	500	38.012
A_PA	2026	503	C	2	0	502	37.3067729083665
A_PA	2027	503	T	2	0	502	38.0059760956175
A_PA	2028	500	C	5	0	494	37.3076923076923
A_PA	2029	500	G	5	0	491	36.7393075356416
A_PA	2030	502	A	3	0	499	37.3687374749499
A_PA	2031	502	A	3	0	502	37.894422310757
A_PA	2032	502	C	3	0	501	37.5668662674651
A_PA	2033	502	C	3	0	501	38.6706586826347
A_PA	2034	502	T	3	0	502	39.9143426294821
A_PA	2035	500	G	5	0	498	38.1345381526104
A_PA	2036	501	G	4	0	501	38.1377245508982
A_PA	2037	503	G	2	0	502	37.8466135458167
A_PA	2038	505	A	1	0	505	38.3504950495049
A_PA	2039	505	C	1	0	502	38.0219123505976
A_PA	2040	503	T	2	0	501	37.7345309381238
A_PA	2041	504	T	1	0	503	36.20675944334
A_PA	2042	504	T	1	0	502	37.9362549800797
A_PA	2043	504	T	1	0	504	40.4345238095238
A_PA	2044	505	G	0	0	502	38.4860557768924
A_PA	2045	505	A	0	0	505	39.0534653465347
A_PA	2046	504	T	1	0	504	39.1904761904762
A_PA	2047	505	C	0	0	504	36.8968253968254
A_PA	2048	502	T	3	0	499	38.5711422845691
A_PA	2049	506	T	1	0	504	38.0515873015873
A_PA	2050	475	G	32	0	472	34.5635593220339
A_PA	2051	499	G	8	0	497	34.4386317907445
A_PA	2052	515	G	6	0	510	36.4529411764706
A_PA	2053	520	G	1	0	516	37.1027131782946
A_PA	2054	521	G	0	0	518	38.9324324324324
A_PA	2055	519	G	2	0	515	38.5106796116505
A_PA	2056	518	C	3	0	513	37.9259259259259
A_PA	2057	517	T	4	0	514	38.2237354085603
A_PA	2058	518	A	3	0	516	38.0445736434108
A_PA	2059	520	T	1	0	517	38.6943907156673
A_PA	2060	519	A	2	0	518	37.6196911196911
A_PA	2061	521	T	1	0	520	38.3365384615385
A_PA	2062	519	G	3	0	514	36.7665369649805
A_PA	2063	521	A	1	0	517	36.5299806576402
A_PA	2064	521	A	1	0	521	36.4069097888676
A_PA	2065	521	G	1	0	520	36.6557692307692
A_PA	2066	522	C	0	0	520	36.7730769230769
A_PA	2067	522	A	0	0	520	37.1519230769231
A_PA	2068	521	A	1	0	521	37.3109404990403
A_PA	2069	521	T	1	0	519	38.3487475915222
A_PA	2070	522	T	1	0	522	38.6149425287356
A_PA	2071	521	G	2	0	520	38.7807692307692
A_PA	2072	523	A	1	0	522	38.9099616858238
A_PA	2073	522	G	2	0	522	39.0938697318008
A_PA	2074	523	G	1	0	523	38.3460803059273
A_PA	2075	524	A	1	0	523	38.3499043977055
A_PA	2076	523	G	2	0	522	38.4501915708812
A_PA	2077	524	T	1	0	524	39.1793893129771
A_PA	2078	525	G	0	0	524	38.9332061068702
A_PA	2079	524	C	1	0	524	39.280534351145
A_PA	2080	525	C	0	0	524	39.1641221374046
A_PA	2081	525	T	0	0	522	39.4386973180077
A_PA	2082	525	G	0	0	522	37.6819923371648
A_PA	2083	525	A	0	0	525	37.6438095238095
A_PA	2084	525	T	0	0	525	37.4590476190476
A_PA	2085	525	T	0	0	524	37.4160305343511
A_PA	2086	525	A	0	0	523	37.5066921606119
A_PA	2087	525	A	0	0	525	38.1219047619048
A_PA	2088	525	T	0	0	524	38.8511450381679
A_PA	2089	524	G	1	0	522	38.6628352490421
A_PA	2090	525	A	0	0	524	39.3034351145038
A_PA	2091	524	T	1	0	523	39.527724665392
A_PA	2092	522	C	3	0	518	37.7741312741313
A_PA	2093	523	C	2	0	523	38.3690248565966
A_PA	2094	527	C	0	0	526	37.7756653992395
A_PA	2095	527	T	0	0	527	36.7628083491461
A_PA	2096	526	G	1	0	526	37.106463878327
A_PA	2097	527	G	0	0	524	38.4732824427481
A_PA	2098	527	G	0	0	526	38.4714828897338
A_PA	2099	527	T	1	0	527	39.5673624288425
A_PA	2100	528	T	0	0	527	40.741935483871
A_PA	2101	528	T	0	0	528	40.780303030303
A_PA	2102	528	T	0	0	526	40.8954372623574
A_PA	2103	528	G	0	0	526	39.9752851711027
A_PA	2104	527	C	0	0	526	38.9714828897338
A_PA	2105	527	T	0	0	527	38.673624288425
A_PA	2106	526	C	1	0	519	36.878612716763
A_PA	2107	524	A	3	0	521	36.2879078694818
A_PA	2108	525	A	2	0	525	36.0514285714286
A_PA	2109	525	T	2	0	522	36.5593869731801
A_PA	2110	525	G	2	0	522	36.6666666666667
A_PA	2111	524	C	3	0	516	37.3720930232558
A_PA	2112	524	G	3	0	523	35.7189292543021
A_PA	2113	524	T	3	0	522	36.0344827586207
A_PA	2114	527	C	0	0	523	35.6271510516252
A_PA	2115	525	T	2	0	519	35.4701348747592
A_PA	2116	527	T	0	0	526	35.541825095057
A_PA	2117	527	G	0	0	527	35.4914611005693
A_PA	2118	527	G	0	0	525	35.2857142857143
A_PA	2119	527	T	0	0	526	35.6673003802281
A_PA	2120	527	T	0	0	524	36.7461832061069
A_PA	2121	527	C	0	0	520	36.7673076923077
A_PA	2122	526	A	1	0	522	37.4214559386973
A_PA	2123	527	A	0	0	523	37.6845124282983
A_PA	2124	526	C	1	0	522	37.2873563218391
A_PA	2125	526	T	1	0	525	37.872380952381
A_PA	2126	526	C	1	0	525	38.1752380952381
A_PA	2127	525	C	2	0	523	38.263862332696
A_PA	2128	525	T	2	0	525	38.4495238095238
A_PA	2129	527	T	0	0	523	38.4741873804971
A_PA	2130	524	C	3	0	522	38.2164750957854
A_PA	2131	527	C	0	0	526	38.6083650190114
A_PA	2132	523	T	4	0	520	38.7826923076923
A_PA	2133	518	G	8	0	514	38.5233463035019
A_PA	2134	523	A	3	0	522	39.588122605364
A_PA	2135	524	C	2	0	522	39.6340996168582
A_PA	2136	526	A	0	0	526	39.6520912547529
A_PA	2137	526	C	0	0	525	39.7257142857143
A_PA	2138	525	A	1	0	525	39.5847619047619
A_PA	2139	525	T	1	0	525	40.1009523809524
A_PA	2140	525	G	1	0	524	40.0114503816794
A_PA	2141	526	C	0	0	525	40.52
A_PA	2142	526	A	0	0	524	39.9236641221374
A_PA	2143	526	C	0	0	526	40.1292775665399
A_PA	2144	526	T	0	0	526	40.0874524714829
A_PA	2145	524	A	0	0	524	38.9446564885496
A_PA	2146	523	G	0	0	523	39.208413001912
A_PA	2147	523	A	0	0	522	39.5210727969349
A_PA	2148	523	A	0	0	523	39.093690248566
A_PA	2149	523	T	0	0	523	39.5449330783939
A_PA	2150	523	A	0	0	523	38.7782026768642
A_PA	2151	522	G	0	0	522	39.0287356321839
