Reference_Name	Position	Coverage Depth	Consensus	Deletions	Ambiguous	Consensus_Count	Consensus_Average_Quality
A_MP	1	605	A	0	0	605	38.8561983471074
A_MP	2	605	T	0	0	605	39.0347107438017
A_MP	3	605	G	0	0	605	34.5553719008264
A_MP	4	616	A	0	0	614	33.3729641693811
A_MP	5	616	G	0	0	615	33.0406504065041
A_MP	6	618	T	0	0	617	33.0097244732577
A_MP	7	618	C	0	0	618	33.3592233009709
A_MP	8	616	T	4	0	615	36.2178861788618
A_MP	9	622	T	0	0	622	36.2009646302251
A_MP	10	617	C	5	0	617	35.708265802269
A_MP	11	624	T	1	0	619	35.7932148626817
A_MP	12	627	A	0	0	626	35.8801916932907
A_MP	13	626	A	1	0	626	36.4744408945687
A_MP	14	626	C	1	0	626	36.6309904153355
A_MP	15	627	C	0	0	625	36.944
A_MP	16	626	G	2	0	614	36.8127035830619
A_MP	17	628	A	0	0	628	36.1831210191083
A_MP	18	628	G	0	0	628	36.3391719745223
A_MP	19	628	G	0	0	627	36.2264752791069
A_MP	20	628	T	0	0	625	37.4464
A_MP	21	629	C	0	0	628	35.1958598726115
A_MP	22	616	G	13	0	600	34.8333333333333
A_MP	23	629	A	1	0	628	33.5859872611465
A_MP	24	630	A	0	0	630	33.8349206349206
A_MP	25	629	A	1	0	627	34.5566188197767
A_MP	26	629	C	1	0	621	35.2463768115942
A_MP	27	629	G	1	0	609	36.328407224959
A_MP	28	629	T	1	0	628	35.75
A_MP	29	630	A	0	0	620	34.9145161290323
A_MP	30	625	C	5	0	619	35.3424878836834
A_MP	31	630	G	2	0	619	35.2213247172859
A_MP	32	623	T	9	0	622	35.3360128617363
A_MP	33	624	T	8	0	623	35.4943820224719
A_MP	34	625	C	7	0	615	36.1268292682927
A_MP	35	628	T	4	0	626	36.2859424920128
A_MP	36	631	T	2	0	630	36.5698412698413
A_MP	37	631	T	2	0	627	35.7783094098884
A_MP	38	632	C	1	0	629	32.9936406995231
A_MP	39	629	T	4	0	627	35.5023923444976
A_MP	40	632	A	1	0	628	35.6066878980892
A_MP	41	634	T	0	0	634	36.2365930599369
A_MP	42	634	C	0	0	630	36.815873015873
A_MP	43	634	A	0	0	630	39.1825396825397
A_MP	44	634	T	0	0	634	39.0457413249211
A_MP	45	631	C	3	0	630	37.9285714285714
A_MP	46	634	C	0	0	634	37.7460567823344
A_MP	47	634	C	0	0	632	36.9509493670886
A_MP	48	634	G	0	0	633	36.5418641390205
A_MP	49	633	T	1	0	633	37.3981042654028
A_MP	50	631	C	3	0	631	38.2218700475436
A_MP	51	633	A	1	0	632	38.1867088607595
A_MP	52	632	G	2	0	632	39.0996835443038
A_MP	53	632	G	2	0	631	38.364500792393
A_MP	54	618	C	16	0	617	38.6304700162075
A_MP	55	632	C	2	0	629	38.5055643879173
A_MP	56	632	C	2	0	632	39.0680379746835
A_MP	57	633	C	1	0	633	39.7045813586098
A_MP	58	627	C	7	0	625	39.0016
A_MP	59	627	T	7	0	626	38.2747603833866
A_MP	60	633	C	1	0	629	35.1764705882353
A_MP	61	634	A	0	0	630	35.3793650793651
A_MP	62	634	A	0	0	633	36.4834123222749
A_MP	63	634	A	0	0	634	37.7334384858044
A_MP	64	634	G	0	0	633	38.9763033175355
A_MP	65	634	C	0	0	634	39.2492113564669
A_MP	66	634	C	0	0	633	39.1674565560822
A_MP	67	633	G	1	0	630	38.8063492063492
A_MP	68	633	A	1	0	632	38.4303797468354
A_MP	69	634	G	0	0	629	38.8569157392687
A_MP	70	634	A	0	0	631	38.743264659271
A_MP	71	634	T	0	0	633	39.998420221169
A_MP	72	633	C	1	0	629	39.4880763116057
A_MP	73	632	G	2	0	629	39.1685214626391
A_MP	74	632	C	2	0	632	39.1313291139241
A_MP	75	633	A	1	0	632	38.8971518987342
A_MP	76	633	C	1	0	632	39.5316455696203
A_MP	77	633	A	1	0	632	39.628164556962
A_MP	78	632	G	2	0	629	40.7456279809221
A_MP	79	633	A	1	0	633	39.7867298578199
A_MP	80	633	G	1	0	632	39.7610759493671
A_MP	81	633	A	1	0	631	39.3676703645008
A_MP	82	633	C	1	0	630	39.4380952380952
A_MP	83	633	T	1	0	633	39.2890995260664
A_MP	84	633	G	1	0	633	38.8609794628752
A_MP	85	633	G	1	0	633	38.1548183254344
A_MP	86	631	A	3	0	630	38.552380952381
A_MP	87	634	A	1	0	633	39.2906793048973
A_MP	88	635	A	0	0	631	40.0871632329635
A_MP	89	635	G	0	0	633	39.5497630331754
A_MP	90	636	T	0	0	633	40.0126382306477
A_MP	91	635	G	1	0	635	40.1275590551181
A_MP	92	635	T	1	0	634	41.5536277602524
A_MP	93	637	C	0	0	636	41.0172955974843
A_MP	94	632	T	5	0	632	41.5237341772152
A_MP	95	636	T	1	0	636	41.1132075471698
A_MP	96	635	T	2	0	633	40.3396524486572
A_MP	97	636	G	1	0	629	39.1399046104928
A_MP	98	637	C	0	0	632	39.3591772151899
A_MP	99	636	A	1	0	633	37.3570300157978
A_MP	100	636	G	1	0	634	37.0678233438486
A_MP	101	617	G	20	0	617	36.1555915721232
A_MP	102	606	A	31	0	602	37.031561461794
A_MP	103	622	A	15	0	621	36.4895330112721
A_MP	104	626	A	11	0	622	36.9099678456592
A_MP	105	627	A	10	0	623	38.0674157303371
A_MP	106	629	A	8	0	623	38.884430176565
A_MP	107	632	A	5	0	630	37.847619047619
A_MP	108	631	C	6	0	619	37.5476575121163
A_MP	109	636	A	1	0	632	35.3386075949367
A_MP	110	634	C	3	0	632	36.4177215189873
A_MP	111	635	A	2	0	633	35.7314375987362
A_MP	112	634	G	3	0	633	36.2890995260664
A_MP	113	634	A	3	0	631	36.7955625990491
A_MP	114	635	T	2	0	634	37.7965299684543
A_MP	115	636	C	1	0	635	36.9653543307087
A_MP	116	634	T	3	0	632	37.5189873417722
A_MP	117	636	T	1	0	633	37.4012638230648
A_MP	118	636	G	1	0	636	36.0676100628931
A_MP	119	637	A	0	0	637	35.1978021978022
A_MP	120	635	G	2	0	635	36.6834645669291
A_MP	121	637	G	0	0	637	37.5918367346939
A_MP	122	637	C	0	0	637	38.9450549450549
A_MP	123	637	T	0	0	637	38.956043956044
A_MP	124	638	A	0	0	637	39.0627943485086
A_MP	125	639	T	0	0	639	39.9358372456964
A_MP	126	639	C	0	0	633	38.8451816745656
A_MP	127	639	A	0	0	638	38.7601880877743
A_MP	128	638	T	1	0	635	38.6803149606299
A_MP	129	636	G	3	0	632	37.6598101265823
A_MP	130	638	G	1	0	635	37.8267716535433
A_MP	131	638	A	1	0	636	38.1367924528302
A_MP	132	638	A	1	0	636	39.0094339622642
A_MP	133	637	T	1	0	635	39.1448818897638
A_MP	134	638	G	0	0	635	38.807874015748
A_MP	135	638	G	0	0	637	38.7252747252747
A_MP	136	637	C	1	0	635	37.7291338582677
A_MP	137	633	T	4	0	619	38.2794830371567
A_MP	138	636	A	1	0	631	37.4437400950872
A_MP	139	636	A	1	0	635	37.8456692913386
A_MP	140	636	A	2	0	634	37.782334384858
A_MP	141	635	G	3	0	631	39.8177496038035
A_MP	142	637	A	1	0	635	40.8755905511811
A_MP	143	638	C	1	0	637	41.0753532182104
A_MP	144	639	A	0	0	638	40.6442006269592
A_MP	145	639	A	0	0	639	40.2003129890454
A_MP	146	639	G	0	0	638	39.987460815047
A_MP	147	639	A	0	0	638	40.4811912225705
A_MP	148	639	C	0	0	639	40.170579029734
A_MP	149	638	C	0	0	637	39.7990580847724
A_MP	150	637	A	1	0	635	39.6283464566929
A_MP	151	638	A	0	0	638	39.448275862069
A_MP	152	637	T	1	0	637	40.3469387755102
A_MP	153	637	C	1	0	636	39.5393081761006
A_MP	154	634	T	4	0	634	39.7192429022082
A_MP	155	638	T	0	0	637	39.7817896389325
A_MP	156	638	G	0	0	638	39.3009404388715
A_MP	157	638	T	0	0	634	39.7586750788643
A_MP	158	638	C	0	0	638	39.7680250783699
A_MP	159	638	A	0	0	637	39.8571428571429
A_MP	160	637	C	0	0	637	39.7503924646782
A_MP	161	637	C	0	0	637	39.6938775510204
A_MP	162	637	T	0	0	635	40.6566929133858
A_MP	163	638	C	0	0	637	39.7032967032967
A_MP	164	638	T	0	0	636	39.8301886792453
A_MP	165	636	G	2	0	634	38.0173501577287
A_MP	166	637	A	1	0	635	37.9543307086614
A_MP	167	637	C	1	0	634	37.192429022082
A_MP	168	636	T	2	0	635	37.044094488189
A_MP	169	636	A	2	0	634	36.1324921135647
A_MP	170	637	A	1	0	636	35.6776729559748
A_MP	171	638	G	0	0	638	36.6347962382445
A_MP	172	638	G	0	0	638	38.9326018808777
A_MP	173	638	G	0	0	637	39.8524332810047
A_MP	174	639	A	0	0	637	40.2590266875981
A_MP	175	638	A	1	0	638	39.9608150470219
A_MP	176	638	T	1	0	638	39.9984326018809
A_MP	177	639	T	0	0	639	39.7715179968701
A_MP	178	639	T	0	0	639	40.0579029733959
A_MP	179	639	T	0	0	638	40.1990595611285
A_MP	180	638	A	1	0	635	34.5984251968504
A_MP	181	638	G	1	0	638	34.2539184952978
A_MP	182	639	G	0	0	635	33.792125984252
A_MP	183	639	A	0	0	632	34.629746835443
A_MP	184	638	T	1	0	634	38.6687697160883
A_MP	185	639	T	0	0	639	38.3990610328638
A_MP	186	638	T	1	0	631	38.8938193343899
A_MP	187	638	G	1	0	635	37.8377952755906
A_MP	188	639	T	0	0	633	38.9036334913112
A_MP	189	639	G	0	0	634	38.9684542586751
A_MP	190	632	T	7	0	630	38.9587301587302
A_MP	191	639	T	0	0	633	37.4375987361769
A_MP	192	639	C	0	0	632	36.0712025316456
A_MP	193	639	A	0	0	637	34.7378335949765
A_MP	194	638	C	1	0	631	34.6973058637084
A_MP	195	638	G	1	0	637	35.723704866562
A_MP	196	635	C	3	0	635	36.4692913385827
A_MP	197	636	T	2	0	635	36.9196850393701
A_MP	198	637	C	1	0	637	38.2370486656201
A_MP	199	638	A	0	0	637	39.0926216640502
A_MP	200	637	C	1	0	637	39.7111459968603
A_MP	201	637	C	1	0	634	39.3154574132492
A_MP	202	637	G	1	0	636	39.4968553459119
A_MP	203	637	T	1	0	637	39.6153846153846
A_MP	204	638	G	0	0	637	38.87284144427
A_MP	205	638	C	0	0	637	40.1915227629513
A_MP	206	638	C	0	0	638	40.4169278996865
A_MP	207	637	C	1	0	637	40.0973312401884
A_MP	208	634	A	4	0	633	38.9368088467615
A_MP	209	638	G	0	0	635	39.4929133858268
A_MP	210	638	T	0	0	636	39.5471698113208
A_MP	211	638	G	0	0	634	37.6261829652997
A_MP	212	636	A	2	0	635	37.6724409448819
A_MP	213	638	G	0	0	638	37.1175548589342
A_MP	214	638	C	0	0	635	36.9007874015748
A_MP	215	635	G	3	0	629	35.489666136725
A_MP	216	636	A	2	0	636	35.6635220125786
A_MP	217	636	G	2	0	633	36.3775671406003
A_MP	218	637	G	1	0	633	36.2685624012638
A_MP	219	636	A	2	0	635	37.2566929133858
A_MP	220	637	C	1	0	637	37.6718995290424
A_MP	221	637	T	1	0	637	37.6875981161695
A_MP	222	635	G	3	0	632	36.6708860759494
A_MP	223	637	C	1	0	637	35.5039246467818
A_MP	224	636	A	2	0	630	34.268253968254
A_MP	225	637	G	1	0	637	34.8885400313972
A_MP	226	638	C	0	0	638	35.0783699059561
A_MP	227	637	G	1	0	637	36.1946624803768
A_MP	228	638	T	0	0	638	37.2445141065831
A_MP	229	637	A	1	0	635	36.3685039370079
A_MP	230	637	G	1	0	633	37.1642969984202
A_MP	231	637	A	1	0	637	36.9136577708006
A_MP	232	637	C	1	0	633	36.9241706161137
A_MP	233	637	G	1	0	635	37.7622047244095
A_MP	234	637	C	1	0	636	37.8584905660377
A_MP	235	636	T	2	0	635	38.9763779527559
A_MP	236	638	T	0	0	638	38.9012539184953
A_MP	237	638	T	0	0	638	39.141065830721
A_MP	238	638	A	0	0	638	38.9341692789969
A_MP	239	638	T	0	0	638	39.1489028213166
A_MP	240	638	C	0	0	636	38.7279874213836
A_MP	241	638	C	0	0	638	40.0172413793103
A_MP	242	636	A	2	0	636	38.6713836477987
A_MP	243	638	A	0	0	638	39.5846394984326
A_MP	244	638	A	0	0	637	40.7535321821036
A_MP	245	638	A	0	0	637	41.032967032967
A_MP	246	638	T	0	0	637	41.3155416012559
A_MP	247	638	G	0	0	636	40.0566037735849
A_MP	248	637	C	1	0	637	39.4882260596546
A_MP	249	638	C	0	0	637	39.3328100470958
A_MP	250	638	C	0	0	637	39.3453689167975
A_MP	251	638	T	0	0	635	38.7779527559055
A_MP	252	637	A	1	0	635	36.8251968503937
A_MP	253	638	A	0	0	636	37.0094339622642
A_MP	254	638	A	0	0	637	36.276295133438
A_MP	255	638	T	0	0	638	36.6677115987461
A_MP	256	637	G	1	0	637	36.1302982731554
A_MP	257	637	G	0	0	635	34.7244094488189
A_MP	258	637	A	0	0	632	33.6598101265823
A_MP	259	637	A	0	0	637	35.5761381475667
A_MP	260	636	A	1	0	630	35.2888888888889
A_MP	261	636	T	1	0	634	35.0914826498423
A_MP	262	626	G	11	0	623	34.4414125200642
A_MP	263	635	G	2	0	628	34.6576433121019
A_MP	264	635	G	2	0	631	33.4738510301109
A_MP	265	635	G	2	0	621	34.9339774557166
A_MP	266	634	A	3	0	629	34.3052464228935
A_MP	267	631	C	6	0	618	34.1407766990291
A_MP	268	632	C	5	0	627	33.7368421052632
A_MP	269	631	C	6	0	627	33.2057416267943
A_MP	270	625	G	12	0	599	32.7161936560935
A_MP	271	633	A	4	0	633	32.2922590837283
A_MP	272	636	A	1	0	636	32.9103773584906
A_MP	273	634	C	3	0	634	34.0047318611987
A_MP	274	637	A	0	0	629	36.120826709062
A_MP	275	637	A	0	0	636	39.0440251572327
A_MP	276	637	C	0	0	637	39.8571428571429
A_MP	277	637	A	0	0	636	39.8459119496855
A_MP	278	636	T	1	0	636	40.687106918239
A_MP	279	636	G	1	0	633	39.9352290679305
A_MP	280	636	G	1	0	632	40.2167721518987
A_MP	281	636	A	1	0	635	40.0614173228346
A_MP	282	635	T	2	0	635	41.6236220472441
A_MP	283	631	A	6	0	630	40.2206349206349
A_MP	284	634	G	3	0	633	41.3586097946288
A_MP	285	637	A	0	0	632	41.3892405063291
A_MP	286	637	G	0	0	637	41.1585557299843
A_MP	287	635	C	2	0	634	41.7350157728707
A_MP	288	636	A	1	0	635	41.8566929133858
A_MP	289	636	G	1	0	635	41.5212598425197
A_MP	290	636	T	1	0	633	41.7598736176935
A_MP	291	637	T	0	0	636	40.8569182389937
A_MP	292	636	A	1	0	632	39.9398734177215
A_MP	293	637	G	0	0	636	39.4323899371069
A_MP	294	637	A	0	0	635	39.3275590551181
A_MP	295	637	C	0	0	636	39.2264150943396
A_MP	296	636	T	1	0	635	39.3322834645669
A_MP	297	636	A	1	0	634	39.2523659305994
A_MP	298	637	T	0	0	637	39.1114599686028
A_MP	299	629	A	7	0	629	38.724960254372
A_MP	300	636	C	0	0	635	38.5685039370079
A_MP	301	632	A	4	0	632	37.9414556962025
A_MP	302	633	A	2	0	631	37.8589540412044
A_MP	303	635	G	1	0	633	38.1642969984202
A_MP	304	635	A	1	0	634	39.4416403785489
A_MP	305	635	A	1	0	635	39.4787401574803
A_MP	306	635	A	1	0	633	37.7567140600316
A_MP	307	634	C	2	0	631	37.0015847860539
A_MP	308	634	T	2	0	634	37.2082018927445
A_MP	309	629	C	7	0	626	36.2571884984026
A_MP	310	598	A	38	0	591	36.3434856175973
A_MP	311	630	A	6	0	627	35.9904306220096
A_MP	312	634	A	2	0	634	35.897476340694
A_MP	313	633	A	3	0	632	37.5284810126582
A_MP	314	633	G	3	0	631	38.973058637084
A_MP	315	632	A	4	0	631	40.0158478605388
A_MP	316	634	G	3	0	629	39.7980922098569
A_MP	317	634	A	3	0	630	39.668253968254
A_MP	318	636	A	1	0	634	40.4700315457413
A_MP	319	637	A	0	0	635	39.9212598425197
A_MP	320	637	T	0	0	633	40.1943127962085
A_MP	321	633	A	4	0	630	40.115873015873
A_MP	322	633	A	4	0	632	40.5522151898734
A_MP	323	634	C	3	0	629	39.3163751987281
A_MP	324	637	G	1	0	633	38.6271721958926
A_MP	325	634	T	4	0	631	39.4484944532488
A_MP	326	637	T	1	0	634	39.0820189274448
A_MP	327	636	C	2	0	633	38.4834123222749
A_MP	328	639	C	0	0	636	39.0172955974843
A_MP	329	639	A	0	0	637	39.1507064364207
A_MP	330	639	T	0	0	639	39.1017214397496
A_MP	331	629	G	10	0	627	37.4338118022329
A_MP	332	637	G	2	0	636	39.5880503144654
A_MP	333	637	G	2	0	635	39.0677165354331
A_MP	334	638	G	1	0	637	38.7032967032967
A_MP	335	639	C	1	0	639	39.5070422535211
A_MP	336	640	C	1	0	639	38.6071987480438
A_MP	337	638	A	3	0	632	36.3512658227848
A_MP	338	638	A	3	0	637	36.1883830455259
A_MP	339	639	A	2	0	637	36.4395604395604
A_MP	340	640	G	1	0	639	36.8325508607199
A_MP	341	641	A	0	0	641	38.5132605304212
A_MP	342	641	A	0	0	640	39.3296875
A_MP	343	640	G	1	0	636	39.4339622641509
A_MP	344	641	T	0	0	637	40.1664050235479
A_MP	345	641	G	0	0	639	40.0203442879499
A_MP	346	640	T	1	0	640	40.2984375
A_MP	347	640	C	1	0	637	40.3610675039246
A_MP	348	640	A	1	0	638	41.4498432601881
A_MP	349	639	C	2	0	638	40.9514106583072
A_MP	350	639	T	2	0	639	40.3802816901408
A_MP	351	637	A	4	0	635	40.4157480314961
A_MP	352	639	A	2	0	635	40.1527559055118
A_MP	353	641	G	0	0	639	39.8450704225352
A_MP	354	641	C	0	0	639	40.3145539906103
A_MP	355	641	T	0	0	641	39.8034321372855
A_MP	356	641	A	0	0	638	39.5391849529781
A_MP	357	641	T	0	0	638	39.7915360501567
A_MP	358	641	T	0	0	641	39.3322932917317
A_MP	359	640	C	1	0	637	39.5981161695447
A_MP	360	640	A	1	0	640	40.109375
A_MP	361	640	A	1	0	638	40.5626959247649
A_MP	362	641	C	0	0	641	41.2090483619345
A_MP	363	640	T	1	0	637	42.1899529042386
A_MP	364	640	G	1	0	640	42.1625
A_MP	365	641	G	0	0	640	41.7625
A_MP	366	641	T	0	0	640	41.834375
A_MP	367	640	G	1	0	638	41.8949843260188
A_MP	368	640	C	1	0	639	42.1987480438185
A_MP	369	640	A	1	0	635	41.2850393700787
A_MP	370	640	C	1	0	639	41.1424100156495
A_MP	371	637	T	4	0	636	40.4889937106918
A_MP	372	640	T	1	0	638	40.4905956112853
A_MP	373	642	G	0	0	638	39.384012539185
A_MP	374	642	C	0	0	641	40.3759750390016
A_MP	375	640	A	2	0	640	40.5984375
A_MP	376	641	A	1	0	639	41.471048513302
A_MP	377	640	G	1	0	639	41.5915492957746
A_MP	378	640	T	1	0	638	42.628526645768
A_MP	379	640	T	1	0	639	42.566510172144
A_MP	380	640	G	1	0	636	42.1650943396226
A_MP	381	641	C	0	0	640	42.0390625
A_MP	382	641	A	0	0	640	41.9421875
A_MP	383	641	T	0	0	641	42.4836193447738
A_MP	384	639	G	1	0	639	40.9014084507042
A_MP	385	640	G	0	0	640	42.1453125
A_MP	386	640	G	0	0	639	41.7120500782473
A_MP	387	640	C	0	0	638	41.6238244514107
A_MP	388	640	C	0	0	638	42.0454545454545
A_MP	389	640	T	0	0	639	42.2284820031299
A_MP	390	640	C	0	0	633	41.2290679304897
A_MP	391	639	A	1	0	633	41.1879936808847
A_MP	392	639	T	1	0	639	41.2112676056338
A_MP	393	639	A	1	0	637	40.7095761381476
A_MP	394	639	T	1	0	639	40.924882629108
A_MP	395	639	A	2	0	633	40.2764612954186
A_MP	396	640	C	1	0	639	40.5430359937402
A_MP	397	640	A	1	0	640	40.0171875
A_MP	398	641	A	0	0	641	40.7597503900156
A_MP	399	641	C	0	0	641	40.9095163806552
A_MP	400	641	A	0	0	639	41.6510172143975
A_MP	401	640	G	1	0	639	42.1596244131455
A_MP	402	641	G	0	0	639	42.1189358372457
A_MP	403	641	A	0	0	640	41.7578125
A_MP	404	641	T	0	0	640	41.5140625
A_MP	405	639	G	2	0	636	40.3317610062893
A_MP	406	641	G	0	0	640	39.2921875
A_MP	407	641	G	0	0	636	38.9968553459119
A_MP	408	640	A	1	0	640	40.3828125
A_MP	409	641	A	0	0	640	41.453125
A_MP	410	641	C	0	0	641	40.8658346333853
A_MP	411	641	A	0	0	641	41.2386895475819
A_MP	412	641	G	0	0	640	41.68125
A_MP	413	640	T	1	0	639	42.0344287949922
A_MP	414	640	G	1	0	634	40.1940063091483
A_MP	415	640	A	1	0	635	40.103937007874
A_MP	416	640	C	1	0	640	40.515625
A_MP	417	639	C	2	0	639	40.1549295774648
A_MP	418	640	A	1	0	639	39.6510172143975
A_MP	419	640	C	1	0	638	39.5956112852665
A_MP	420	641	A	1	0	640	40.6265625
A_MP	421	641	G	1	0	640	40.5625
A_MP	422	641	A	1	0	641	40.3151326053042
A_MP	423	642	A	0	0	642	40.4968847352025
A_MP	424	642	G	0	0	641	40.5600624024961
A_MP	425	642	C	0	0	642	41.0109034267913
A_MP	426	642	T	0	0	641	41.0842433697348
A_MP	427	642	G	0	0	641	40.9578783151326
A_MP	428	642	C	0	0	640	40.534375
A_MP	429	641	T	1	0	640	40.3
A_MP	430	640	T	2	0	640	41.6734375
A_MP	431	640	T	2	0	638	39.8683385579937
A_MP	432	638	C	4	0	633	38
A_MP	433	638	G	4	0	636	37.4433962264151
A_MP	434	639	G	3	0	638	37.7257053291536
A_MP	435	639	T	3	0	634	37.313880126183
A_MP	436	638	C	4	0	621	37.085346215781
A_MP	437	639	T	3	0	627	37.9585326953748
A_MP	438	640	A	2	0	637	36.7770800627943
A_MP	439	642	G	0	0	640	36.7046875
A_MP	440	639	T	3	0	636	37.5
A_MP	441	642	T	0	0	642	37.9704049844237
A_MP	442	642	T	0	0	634	39.3832807570978
A_MP	443	641	G	1	0	639	39.7871674491393
A_MP	444	641	T	1	0	640	40.315625
A_MP	445	641	G	1	0	641	39.9672386895476
A_MP	446	641	C	1	0	640	41.440625
A_MP	447	641	C	1	0	639	41.4021909233177
A_MP	448	640	A	2	0	637	41.6405023547881
A_MP	449	641	C	1	0	639	41.472613458529
A_MP	450	641	T	1	0	639	41.2034428794992
A_MP	451	642	T	0	0	641	41.5709828393136
A_MP	452	642	G	0	0	641	40.6848673946958
A_MP	453	642	T	0	0	641	41.0546021840874
A_MP	454	642	G	0	0	638	40.0047021943574
A_MP	455	639	A	3	0	636	40.2720125786164
A_MP	456	642	A	0	0	639	39.9295774647887
A_MP	457	642	C	0	0	640	40.31875
A_MP	458	642	A	0	0	641	40.5273010920437
A_MP	459	642	G	0	0	637	41.7268445839874
A_MP	460	641	A	0	0	640	40.7
A_MP	461	641	T	0	0	641	40.7067082683307
A_MP	462	641	T	0	0	641	40.4539781591264
A_MP	463	640	G	1	0	639	40.6291079812207
A_MP	464	640	C	1	0	637	39.9434850863422
A_MP	465	640	T	1	0	638	39.3087774294671
A_MP	466	641	G	0	0	624	38.8141025641026
A_MP	467	642	A	0	0	641	38.4836193447738
A_MP	468	642	T	0	0	641	38.6255850234009
A_MP	469	642	T	0	0	641	39.3619344773791
A_MP	470	642	C	0	0	640	39.96875
A_MP	471	642	A	0	0	640	40.4078125
A_MP	472	640	C	1	0	640	40.7
A_MP	473	641	A	0	0	639	40.8200312989045
A_MP	474	641	G	0	0	639	41.4491392801252
A_MP	475	641	C	0	0	641	41.1903276131045
A_MP	476	640	A	1	0	639	40.943661971831
A_MP	477	640	T	1	0	639	41.2848200312989
A_MP	478	639	C	2	0	638	39.2257053291536
A_MP	479	640	G	1	0	636	38.6761006289308
A_MP	480	640	G	1	0	640	38.1484375
A_MP	481	639	T	2	0	636	38.4638364779874
A_MP	482	639	C	2	0	636	38.3805031446541
A_MP	483	641	T	0	0	636	40.0581761006289
A_MP	484	641	C	0	0	635	40.5700787401575
A_MP	485	641	A	0	0	638	40.7884012539185
A_MP	486	641	C	0	0	640	40.9390625
A_MP	487	640	A	1	0	639	40.6150234741784
A_MP	488	638	G	3	0	631	40.2551505546751
A_MP	489	641	A	0	0	630	40.2809523809524
A_MP	490	640	C	1	0	637	40.6703296703297
A_MP	491	640	A	1	0	638	40.1645768025078
A_MP	492	641	A	0	0	641	40.402496099844
A_MP	493	640	A	1	0	640	40.7453125
A_MP	494	640	T	1	0	640	40.2796875
A_MP	495	640	G	1	0	640	41.4984375
A_MP	496	641	G	0	0	641	42.1279251170047
A_MP	497	639	C	2	0	638	41.7993730407524
A_MP	498	639	T	2	0	639	41.2034428794992
A_MP	499	638	A	3	0	630	40.2904761904762
A_MP	500	641	C	0	0	639	39.5915492957746
A_MP	501	638	T	3	0	638	39.1708463949843
A_MP	502	636	A	5	0	630	38.7380952380952
A_MP	503	638	C	3	0	638	38.1065830721003
A_MP	504	639	C	2	0	638	38.153605015674
A_MP	505	641	A	0	0	640	38.7609375
A_MP	506	641	C	0	0	640	39.4
A_MP	507	641	A	0	0	639	39.8513302034429
A_MP	508	641	A	0	0	641	40.393135725429
A_MP	509	641	A	0	0	641	40.8283931357254
A_MP	510	641	T	0	0	641	40.8985959438378
A_MP	511	641	C	0	0	638	41.4592476489028
A_MP	512	641	C	0	0	640	42.0421875
A_MP	513	641	A	0	0	640	41.04375
A_MP	514	641	C	0	0	640	40.7546875
A_MP	515	641	T	0	0	639	40.3474178403756
A_MP	516	641	A	0	0	640	40.3171875
A_MP	517	641	A	0	0	641	40.1996879875195
A_MP	518	641	T	0	0	641	40.2386895475819
A_MP	519	641	C	0	0	641	40.4290171606864
A_MP	520	641	A	0	0	641	39.984399375975
A_MP	521	640	G	1	0	640	40.575
A_MP	522	641	G	0	0	640	39.725
A_MP	523	641	C	0	0	641	40.0468018720749
A_MP	524	641	A	0	0	641	39.0686427457098
A_MP	525	641	T	0	0	641	39.6630265210608
A_MP	526	640	G	1	0	637	37.1224489795918
A_MP	527	631	A	9	0	626	37.8738019169329
A_MP	528	636	A	4	0	633	36.9178515007899
A_MP	529	640	A	0	0	640	38.08125
A_MP	530	640	A	0	0	639	38.9718309859155
A_MP	531	640	C	0	0	637	39.6923076923077
A_MP	532	640	A	0	0	640	39.775
A_MP	533	640	G	0	0	635	39.3606299212598
A_MP	534	640	A	0	0	640	40.2625
A_MP	535	639	A	1	0	638	40.9780564263323
A_MP	536	639	T	1	0	638	40.8448275862069
A_MP	537	639	G	1	0	639	41.4381846635368
A_MP	538	639	G	1	0	638	42.1175548589342
A_MP	539	639	T	2	0	639	42.1846635367762
A_MP	540	640	G	1	0	640	41.9453125
A_MP	541	639	C	2	0	639	41.9029733959311
A_MP	542	640	T	2	0	638	41.6050156739812
A_MP	543	640	G	2	0	638	41.1880877742947
A_MP	544	640	G	2	0	640	41.3640625
A_MP	545	639	C	3	0	635	41.3133858267717
A_MP	546	641	T	2	0	637	41.331240188383
A_MP	547	642	A	1	0	642	40.4953271028037
A_MP	548	642	G	1	0	641	40.5241809672387
A_MP	549	642	C	1	0	642	40.297507788162
A_MP	550	642	A	1	0	641	39.5709828393136
A_MP	551	641	C	2	0	637	39.6153846153846
A_MP	552	642	T	1	0	637	39.7299843014129
A_MP	553	642	A	1	0	642	38.4205607476636
A_MP	554	641	C	2	0	636	37.7814465408805
A_MP	555	643	G	1	0	640	36.746875
A_MP	556	643	G	1	0	643	37.5769828926905
A_MP	557	643	C	1	0	642	37.6744548286604
A_MP	558	642	A	2	0	642	38.7866043613707
A_MP	559	644	A	0	0	644	41.611801242236
A_MP	560	643	A	1	0	643	41.542768273717
A_MP	561	643	G	1	0	642	42.1230529595016
A_MP	562	644	G	0	0	643	42.054432348367
A_MP	563	644	C	0	0	642	42.1105919003115
A_MP	564	643	T	1	0	639	41.6885758998435
A_MP	565	644	A	0	0	644	40.5947204968944
A_MP	566	644	T	0	0	643	41.2255054432348
A_MP	567	640	G	4	0	640	38.965625
A_MP	568	644	G	0	0	644	38.8400621118012
A_MP	569	643	A	1	0	642	39.0295950155763
A_MP	570	644	A	0	0	640	39.496875
A_MP	571	644	C	0	0	641	39.6864274570983
A_MP	572	645	A	0	0	642	40.3644859813084
A_MP	573	645	G	0	0	645	40.9472868217054
A_MP	574	645	G	0	0	645	40.768992248062
A_MP	575	645	T	0	0	644	40.804347826087
A_MP	576	646	G	0	0	646	40.1052631578947
A_MP	577	646	G	0	0	645	40.6325581395349
A_MP	578	646	C	0	0	645	40.3829457364341
A_MP	579	646	T	0	0	646	40.5665634674923
A_MP	580	645	G	1	0	642	38.9688473520249
A_MP	581	646	G	0	0	643	39.5007776049767
A_MP	582	647	A	0	0	646	38.4876160990712
A_MP	583	647	T	0	0	647	38.4976816074189
A_MP	584	640	C	7	0	637	36.2731554160126
A_MP	585	643	G	4	0	639	36.1611893583725
A_MP	586	646	A	1	0	642	35.7881619937695
A_MP	587	647	G	0	0	646	35.8065015479876
A_MP	588	647	T	0	0	645	36.4077519379845
A_MP	589	645	G	2	0	643	38.2923794712286
A_MP	590	643	A	4	0	642	38.8302180685358
A_MP	591	646	A	1	0	641	38.99375975039
A_MP	592	647	C	0	0	646	39.312693498452
A_MP	593	647	A	0	0	645	39.5906976744186
A_MP	594	646	G	0	0	645	40.2573643410853
A_MP	595	646	G	0	0	646	39.9256965944272
A_MP	596	643	C	3	0	641	39.8939157566303
A_MP	597	645	A	1	0	643	39.2830482115086
A_MP	598	645	G	1	0	645	39.553488372093
A_MP	599	645	C	1	0	643	38.7200622083981
A_MP	600	646	G	1	0	644	37.2065217391304
A_MP	601	646	G	1	0	645	37.2093023255814
A_MP	602	646	A	1	0	645	37.093023255814
A_MP	603	645	G	2	0	644	37.7934782608696
A_MP	604	646	G	1	0	645	39.1085271317829
A_MP	605	647	C	0	0	645	40.8077519379845
A_MP	606	648	C	0	0	648	39.5725308641975
A_MP	607	647	A	1	0	644	39.9549689440994
A_MP	608	648	T	0	0	646	40.2801857585139
A_MP	609	648	G	0	0	647	38.0200927357032
A_MP	610	648	G	0	0	645	38.9860465116279
A_MP	611	647	A	1	0	647	39.0448222565688
A_MP	612	647	G	1	0	646	39.5665634674923
A_MP	613	645	G	3	0	642	39.708722741433
A_MP	614	643	T	5	0	642	40.1573208722741
A_MP	615	647	T	2	0	646	39.5170278637771
A_MP	616	646	G	3	0	642	39.5591900311526
A_MP	617	646	C	3	0	645	39.6604651162791
A_MP	618	648	C	1	0	645	38.7612403100775
A_MP	619	648	A	1	0	640	37.0421875
A_MP	620	649	A	0	0	646	36.0696594427245
A_MP	621	649	T	0	0	643	36.7636080870918
A_MP	622	644	A	4	0	631	35.8684627575277
A_MP	623	647	A	1	0	645	36.0325581395349
A_MP	624	647	G	1	0	641	35.9360374414977
A_MP	625	647	A	1	0	643	35.7169517884914
A_MP	626	647	C	1	0	645	35.3550387596899
A_MP	627	647	T	1	0	646	36.0340557275542
A_MP	628	648	A	0	0	646	35.4241486068111
A_MP	629	647	G	1	0	647	35.9134466769706
A_MP	630	647	G	1	0	647	36.177743431221
A_MP	631	646	C	2	0	644	39.8431677018634
A_MP	632	647	A	1	0	646	40.390092879257
A_MP	633	648	G	0	0	645	41.4356589147287
A_MP	634	648	A	0	0	648	41.0833333333333
A_MP	635	647	T	1	0	646	41.1006191950464
A_MP	636	647	G	1	0	646	40.6130030959752
A_MP	637	648	G	0	0	646	40.812693498452
A_MP	638	646	T	2	0	645	40.646511627907
A_MP	639	645	A	3	0	644	40.2298136645963
A_MP	640	645	C	3	0	645	40.846511627907
A_MP	641	646	A	2	0	645	40.5457364341085
A_MP	642	646	T	2	0	645	41.2806201550388
A_MP	643	648	G	0	0	647	41.0540958268934
A_MP	644	648	C	0	0	646	41.766253869969
A_MP	645	648	A	0	0	647	40.6228748068006
A_MP	646	648	A	0	0	646	41.3869969040248
A_MP	647	648	T	0	0	646	41.0185758513932
A_MP	648	646	G	2	0	644	39.8509316770186
A_MP	649	647	A	1	0	646	39.5123839009288
A_MP	650	647	G	1	0	645	39.3209302325581
A_MP	651	645	A	3	0	644	38.9316770186335
A_MP	652	646	A	2	0	645	39.3596899224806
A_MP	653	647	C	1	0	643	39.0264385692068
A_MP	654	646	T	1	0	643	39.4183514774495
A_MP	655	643	A	4	0	640	39.3234375
A_MP	656	647	T	0	0	641	39.2152886115445
A_MP	657	646	T	1	0	645	38.9488372093023
A_MP	658	646	G	1	0	646	38.890092879257
A_MP	659	647	G	0	0	645	38.9023255813953
A_MP	660	646	A	1	0	646	39.5278637770898
A_MP	661	647	A	0	0	645	40.1643410852713
A_MP	662	645	C	1	0	643	39.7589424572317
A_MP	663	646	T	0	0	643	39.0839813374806
A_MP	664	642	C	4	0	633	38.9636650868878
A_MP	665	646	A	0	0	643	38.7636080870918
A_MP	666	647	T	0	0	647	38.7913446676971
A_MP	667	646	C	1	0	644	39.3555900621118
A_MP	668	647	C	0	0	647	40.6676970633694
A_MP	669	646	T	1	0	644	40.8431677018634
A_MP	670	647	A	0	0	646	39.8328173374613
A_MP	671	647	G	0	0	646	40.1037151702786
A_MP	672	647	C	0	0	646	40.5185758513932
A_MP	673	647	T	0	0	647	40.9953632148377
A_MP	674	647	C	0	0	647	41.3647604327666
A_MP	675	648	C	0	0	648	41.3163580246914
A_MP	676	648	A	0	0	648	40.4737654320988
A_MP	677	648	G	0	0	648	40.4151234567901
A_MP	678	648	T	0	0	646	41.3993808049536
A_MP	679	648	G	0	0	648	41.7932098765432
A_MP	680	648	C	0	0	648	41.8333333333333
A_MP	681	648	T	0	0	648	41.8256172839506
A_MP	682	648	G	0	0	642	39.7538940809969
A_MP	683	648	G	0	0	647	39.1329211746522
A_MP	684	648	T	0	0	646	38.5139318885449
A_MP	685	645	C	3	0	643	37.4463452566096
A_MP	686	638	T	10	0	637	37.5808477237049
A_MP	687	627	A	21	0	625	36.8448
A_MP	688	642	A	6	0	637	35.9827315541601
A_MP	689	645	G	3	0	638	36.1833855799373
A_MP	690	648	A	0	0	641	37.2854914196568
A_MP	691	647	G	1	0	642	39.214953271028
A_MP	692	648	A	0	0	647	39.5564142194745
A_MP	693	648	T	0	0	643	40.3919129082426
A_MP	694	648	G	0	0	643	39.9860031104199
A_MP	695	648	A	0	0	647	40.5595054095827
A_MP	696	648	C	0	0	647	40.7511591962906
A_MP	697	644	C	4	0	641	39.8252730109204
A_MP	698	639	T	9	0	638	41.5156739811912
A_MP	699	641	T	7	0	641	40.5226209048362
A_MP	700	645	C	3	0	642	38.6728971962617
A_MP	701	646	T	2	0	645	38.415503875969
A_MP	702	647	T	1	0	646	37.6083591331269
A_MP	703	642	G	6	0	640	35.0421875
A_MP	704	646	A	2	0	643	35.3608087091757
A_MP	705	648	A	0	0	648	38.5462962962963
A_MP	706	647	A	1	0	646	40.9040247678019
A_MP	707	647	A	1	0	643	41.8289269051322
A_MP	708	646	T	2	0	644	42.6164596273292
A_MP	709	648	T	0	0	644	41.7919254658385
A_MP	710	648	T	0	0	646	40.7987616099071
A_MP	711	648	A	0	0	648	38.8611111111111
A_MP	712	648	C	0	0	647	38.8531684698609
A_MP	713	648	A	0	0	646	38.3839009287926
A_MP	714	647	G	1	0	647	40.0216383307573
A_MP	715	648	G	0	0	648	39.587962962963
A_MP	716	646	C	2	0	644	40.5248447204969
A_MP	717	647	C	1	0	645	40.0759689922481
A_MP	718	646	T	2	0	643	40.5178849144635
A_MP	719	646	A	2	0	645	39.8790697674419
A_MP	720	646	C	2	0	646	40.4752321981424
A_MP	721	646	C	2	0	645	40.2201550387597
A_MP	722	644	A	4	0	643	40.3576982892691
A_MP	723	643	G	5	0	642	40.3208722741433
A_MP	724	645	A	3	0	645	40.4294573643411
A_MP	725	647	A	1	0	647	40.7217928902627
A_MP	726	647	G	1	0	647	40.1978361669243
A_MP	727	647	C	1	0	644	39.7934782608696
A_MP	728	648	G	0	0	642	36.6666666666667
A_MP	729	647	A	1	0	644	36.9611801242236
A_MP	730	647	A	1	0	646	36.6083591331269
A_MP	731	646	T	1	0	644	36.6537267080745
A_MP	732	646	G	1	0	644	37.2593167701863
A_MP	733	647	G	0	0	647	38.9366306027821
A_MP	734	647	G	0	0	637	38.1883830455259
A_MP	735	647	A	0	0	643	38.5194401244168
A_MP	736	647	G	0	0	646	38.7647058823529
A_MP	737	648	T	0	0	647	38.2812982998454
A_MP	738	648	G	0	0	647	38.8624420401855
A_MP	739	647	C	1	0	647	40.1360123647604
A_MP	740	647	A	1	0	647	39.5193199381762
A_MP	741	648	G	0	0	645	40.6248062015504
A_MP	742	647	A	1	0	644	39.7562111801242
A_MP	743	648	T	0	0	647	39.4667697063369
A_MP	744	647	G	1	0	646	38.8854489164087
A_MP	745	648	C	0	0	644	39.6878881987578
A_MP	746	648	A	0	0	646	38.4798761609907
A_MP	747	648	G	0	0	645	39.4480620155039
A_MP	748	648	C	0	0	646	38.4272445820433
A_MP	749	648	G	0	0	643	37.6049766718507
A_MP	750	648	G	0	0	646	37.3622291021672
A_MP	751	648	T	0	0	647	37.7635239567233
A_MP	752	648	T	1	0	647	38.1823802163833
A_MP	753	648	C	1	0	645	37.9488372093023
A_MP	754	645	A	4	0	644	38.0791925465838
A_MP	755	648	A	1	0	647	38.5440494590417
A_MP	756	648	A	1	0	645	38.1565891472868
A_MP	757	649	T	0	0	647	37.9768160741886
A_MP	758	649	G	0	0	644	38.8555900621118
A_MP	759	649	A	0	0	644	38.9285714285714
A_MP	760	649	T	0	0	647	38.8330757341577
A_MP	761	648	C	1	0	644	37.7267080745342
A_MP	762	625	C	24	0	622	37.9051446945338
A_MP	763	622	T	27	0	621	37.8550724637681
A_MP	764	647	C	2	0	643	35.9860031104199
A_MP	765	648	T	1	0	642	35.6183800623053
A_MP	766	644	C	5	0	635	34.7023622047244
A_MP	767	647	G	2	0	642	34.7772585669782
A_MP	768	649	T	0	0	647	36.0030911901082
A_MP	769	649	C	0	0	649	37.175654853621
A_MP	770	649	A	0	0	648	39.5231481481481
A_MP	771	648	T	0	0	648	41.212962962963
A_MP	772	648	T	0	0	644	42.167701863354
A_MP	773	646	G	2	0	644	42.139751552795
A_MP	774	644	C	4	0	643	42.6656298600311
A_MP	775	645	A	3	0	643	42.1026438569207
A_MP	776	647	G	1	0	644	42.3307453416149
A_MP	777	646	C	2	0	645	41.6713178294574
A_MP	778	646	A	2	0	646	40.7585139318885
A_MP	779	648	A	0	0	648	41.0385802469136
A_MP	780	648	A	0	0	647	41.0571870170015
A_MP	781	648	C	0	0	646	41.5743034055728
A_MP	782	648	A	0	0	644	40.0760869565217
A_MP	783	648	T	0	0	648	40.0401234567901
A_MP	784	648	C	0	0	647	39.1746522411128
A_MP	785	648	A	0	0	648	39.7191358024691
A_MP	786	646	T	2	0	646	39.9597523219814
A_MP	787	647	T	1	0	645	40.2217054263566
A_MP	788	644	G	4	0	643	39.9082426127527
A_MP	789	648	G	0	0	643	38.9720062208398
A_MP	790	648	G	0	0	644	38.7624223602485
A_MP	791	648	A	0	0	645	39.1317829457364
A_MP	792	648	T	0	0	647	39.6367851622875
A_MP	793	647	C	1	0	642	38.9766355140187
A_MP	794	644	T	4	0	641	40.3728549141966
A_MP	795	648	T	0	0	647	40.2766615146832
A_MP	796	648	G	0	0	648	39.6697530864198
A_MP	797	648	C	0	0	648	39.7283950617284
A_MP	798	648	A	0	0	646	39.0123839009288
A_MP	799	648	C	0	0	648	40.2530864197531
A_MP	800	648	C	0	0	648	38.6604938271605
A_MP	801	644	T	4	0	643	38.8678071539658
A_MP	802	645	G	3	0	644	38.1490683229814
A_MP	803	648	A	0	0	648	39.1033950617284
A_MP	804	648	T	0	0	647	40.2117465224111
A_MP	805	648	A	0	0	647	39.9860896445131
A_MP	806	647	T	1	0	646	40.7848297213622
A_MP	807	647	T	1	0	646	40.515479876161
A_MP	808	647	G	1	0	646	40.1517027863777
A_MP	809	647	T	1	0	643	40.2566096423017
A_MP	810	647	G	1	0	644	39.4953416149068
A_MP	811	647	G	1	0	643	39.8833592534992
A_MP	812	647	A	1	0	646	39.2600619195046
A_MP	813	647	T	1	0	645	39.0961240310078
A_MP	814	647	T	1	0	644	38.7655279503106
A_MP	815	645	A	3	0	640	37.7875
A_MP	816	645	C	3	0	641	35.8159126365055
A_MP	817	640	T	8	0	640	34.5
A_MP	818	644	G	4	0	630	33.4873015873016
A_MP	819	646	A	2	0	643	33.4712286158631
A_MP	820	646	T	2	0	644	33.9611801242236
A_MP	821	644	C	4	0	634	34.1309148264984
A_MP	822	645	G	3	0	639	35.18779342723
A_MP	823	646	T	2	0	644	35.6909937888199
A_MP	824	643	C	5	0	640	34.825
A_MP	825	622	T	26	0	618	36.0064724919094
A_MP	826	642	T	6	0	641	35.9422776911076
A_MP	827	645	T	3	0	644	37.5885093167702
A_MP	828	648	T	0	0	647	39.4219474497682
A_MP	829	647	T	1	0	647	39.2874806800618
A_MP	830	647	T	1	0	647	40.6089644513138
A_MP	831	646	T	2	0	645	40.7240310077519
A_MP	832	646	C	2	0	646	37.8173374613003
A_MP	833	643	A	5	0	643	36.6080870917574
A_MP	834	648	A	0	0	646	37.1811145510836
A_MP	835	647	A	0	0	646	37.5743034055728
A_MP	836	647	T	0	0	646	38.843653250774
A_MP	837	647	G	0	0	646	39.4829721362229
A_MP	838	646	C	0	0	646	41.2383900928793
A_MP	839	646	A	0	0	644	39.8260869565217
A_MP	840	646	T	0	0	645	41.1937984496124
A_MP	841	646	T	0	0	645	40.4682170542636
A_MP	842	645	T	1	0	641	40.2730109204368
A_MP	843	645	A	1	0	644	40.0046583850932
A_MP	844	645	T	1	0	645	40.0682170542636
A_MP	845	645	C	1	0	641	37.9391575663027
A_MP	846	645	G	1	0	642	37.5295950155763
A_MP	847	646	T	0	0	645	36.9891472868217
A_MP	848	646	C	0	0	642	37.1760124610592
A_MP	849	646	G	0	0	645	36.9271317829457
A_MP	850	646	C	0	0	645	37.8883720930233
A_MP	851	645	T	1	0	644	38.610248447205
A_MP	852	646	T	0	0	644	39.1537267080745
A_MP	853	645	T	1	0	644	39.6925465838509
A_MP	854	644	A	2	0	642	39.9158878504673
A_MP	855	645	A	1	0	643	40.1881804043546
A_MP	856	646	A	0	0	646	39.8730650154799
A_MP	857	646	T	0	0	646	40.1950464396285
A_MP	858	645	A	1	0	643	39.7916018662519
A_MP	859	645	C	1	0	645	39.7178294573643
A_MP	860	646	G	0	0	643	38.4012441679627
A_MP	861	646	G	0	0	643	37.7604976671851
A_MP	862	646	T	0	0	644	38.1708074534162
A_MP	863	646	T	0	0	646	38.0789473684211
A_MP	864	646	T	0	0	646	38.233746130031
A_MP	865	645	G	1	0	643	36.4245723172628
A_MP	866	632	A	14	0	631	35.8304278922345
A_MP	867	644	A	2	0	644	35.3726708074534
A_MP	868	645	A	1	0	645	35.8728682170543
A_MP	869	644	A	3	0	641	35.8205928237129
A_MP	870	641	G	6	0	636	35.3081761006289
A_MP	871	647	A	0	0	642	37.1043613707165
A_MP	872	646	G	1	0	643	36.4743390357698
A_MP	873	644	G	3	0	641	37.2433697347894
A_MP	874	644	G	3	0	642	37.6869158878505
A_MP	875	644	C	3	0	641	36.9953198127925
A_MP	876	643	C	4	0	637	38.0094191522763
A_MP	877	645	T	2	0	642	37.7554517133956
A_MP	878	644	T	3	0	639	36.8184663536776
A_MP	879	642	C	5	0	632	35.3259493670886
A_MP	880	646	T	1	0	641	35.0577223088924
A_MP	881	644	A	3	0	637	34.3437990580848
A_MP	882	645	C	2	0	641	34.3666146645866
A_MP	883	644	G	3	0	641	32.9859594383775
A_MP	884	647	G	0	0	644	33.7344720496894
A_MP	885	646	A	1	0	644	33.9301242236025
A_MP	886	647	A	0	0	647	36.258114374034
A_MP	887	642	G	5	0	642	38.0295950155763
A_MP	888	644	G	3	0	642	38.5965732087227
A_MP	889	647	G	0	0	646	39.250773993808
A_MP	890	647	G	0	0	646	38.5185758513932
A_MP	891	646	T	1	0	641	38.4399375975039
A_MP	892	645	G	2	0	639	37.6948356807512
A_MP	893	644	C	3	0	641	37.8673946957878
A_MP	894	647	C	0	0	644	36.195652173913
A_MP	895	639	T	8	0	635	36.2661417322835
A_MP	896	647	G	1	0	637	33.7896389324961
A_MP	897	647	A	1	0	646	34.1578947368421
A_MP	898	647	G	1	0	645	34.4263565891473
A_MP	899	647	T	1	0	645	36.5643410852713
A_MP	900	645	C	3	0	633	36.9020537124803
A_MP	901	646	C	2	0	634	37.6261829652997
A_MP	902	648	A	2	0	647	36.4945904173107
A_MP	903	649	T	1	0	647	37.1267387944359
A_MP	904	650	G	0	0	647	35.3601236476043
A_MP	905	649	A	1	0	646	36.1222910216718
A_MP	906	635	G	15	0	634	36.5457413249211
A_MP	907	649	G	1	0	648	36.7916666666667
A_MP	908	649	G	1	0	646	38.3529411764706
A_MP	909	648	A	2	0	647	37.6970633693972
A_MP	910	649	A	1	0	648	38.9722222222222
A_MP	911	648	G	2	0	648	39.6450617283951
A_MP	912	649	A	1	0	648	40.3055555555556
A_MP	913	648	A	2	0	648	40.5694444444444
A_MP	914	648	T	2	0	646	39.6300309597523
A_MP	915	648	A	2	0	645	39.1426356589147
A_MP	916	648	T	2	0	648	38.4444444444444
A_MP	917	647	C	3	0	642	36.917445482866
A_MP	918	650	A	0	0	644	37.4006211180124
A_MP	919	649	A	1	0	648	37.554012345679
A_MP	920	648	C	1	0	646	39.1826625386997
A_MP	921	648	A	1	0	647	39.6584234930448
A_MP	922	649	G	0	0	648	41.5802469135802
A_MP	923	649	G	0	0	649	41.3836671802773
A_MP	924	649	A	0	0	648	41.6435185185185
A_MP	925	649	G	0	0	649	40.8736517719569
A_MP	926	649	C	0	0	649	40.9953775038521
A_MP	927	649	A	0	0	649	40.8998459167951
A_MP	928	648	G	1	0	648	40.9228395061728
A_MP	929	649	C	0	0	649	41.1171032357473
A_MP	930	647	A	1	0	647	41.1530139103555
A_MP	931	644	G	4	0	644	41.1490683229814
A_MP	932	646	A	2	0	645	40.2945736434108
A_MP	933	646	G	2	0	644	39.9037267080745
A_MP	934	645	T	3	0	643	39.8429237947123
A_MP	935	646	G	2	0	646	39.297213622291
A_MP	936	645	C	3	0	644	40.0605590062112
A_MP	937	647	T	1	0	644	40.7965838509317
A_MP	938	647	G	1	0	645	40.9023255813953
A_MP	939	647	T	1	0	645	41.2093023255814
A_MP	940	645	G	3	0	643	39.9206842923795
A_MP	941	646	G	2	0	645	39.9984496124031
A_MP	942	648	A	0	0	648	39.162037037037
A_MP	943	647	T	1	0	645	39.7813953488372
A_MP	944	647	G	1	0	646	38.5650154798762
A_MP	945	645	T	3	0	642	40.3457943925234
A_MP	946	648	T	0	0	645	39.6790697674419
A_MP	947	644	G	4	0	642	39.4781931464174
A_MP	948	644	A	4	0	643	39.194401244168
A_MP	949	644	C	4	0	643	37.5847589424572
A_MP	950	647	G	1	0	640	36.309375
A_MP	951	647	A	1	0	647	36.5208655332303
A_MP	952	647	T	1	0	646	36.6811145510836
A_MP	953	647	G	1	0	645	36.6651162790698
A_MP	954	647	G	0	0	647	38.9428129829985
A_MP	955	647	T	0	0	645	39.7565891472868
A_MP	956	647	C	0	0	640	38.63125
A_MP	957	647	A	0	0	644	38.472049689441
A_MP	958	646	T	1	0	646	38.5650154798762
A_MP	959	647	T	0	0	646	38.3978328173375
A_MP	960	646	T	1	0	646	39.3978328173375
A_MP	961	645	T	1	0	644	41.5993788819876
A_MP	962	643	G	1	0	639	41.3302034428795
A_MP	963	642	T	2	0	642	40.3769470404984
A_MP	964	640	C	3	0	637	37.9748822605965
A_MP	965	642	A	1	0	637	37.6734693877551
A_MP	966	643	A	0	0	643	36.7496111975117
A_MP	967	643	C	0	0	642	37.2881619937695
A_MP	968	643	A	0	0	641	37.5085803432137
A_MP	969	640	T	0	0	640	38.74375
A_MP	970	637	A	3	0	635	37.1354330708661
A_MP	971	638	G	2	0	637	36.8100470957614
A_MP	972	640	A	0	0	639	36.7183098591549
A_MP	973	640	G	0	0	639	36.8435054773083
A_MP	974	639	C	0	0	639	37.8513302034429
A_MP	975	639	T	0	0	638	38.8009404388715
A_MP	976	632	A	2	0	632	37.2009493670886
A_MP	977	632	G	0	0	631	36.7749603803487
A_MP	978	626	A	0	0	625	35.5216
A_MP	979	625	G	0	0	624	35.375
A_MP	980	619	T	0	0	619	36.6316639741519
A_MP	981	619	A	0	0	619	35.3376413570275
A_MP	982	619	A	0	0	619	36.2455573505654
