Reference_Name	Position	Coverage Depth	Consensus	Deletions	Ambiguous	Consensus_Count	Consensus_Average_Quality
A_NP	1	120	A	0	0	120	37.025
A_NP	2	120	T	0	0	120	38.4
A_NP	3	120	G	0	0	120	36.1166666666667
A_NP	4	121	G	0	0	121	36.6694214876033
A_NP	5	121	C	0	0	121	37.0661157024793
A_NP	6	121	G	0	0	121	36.3719008264463
A_NP	7	120	T	1	0	120	36.55
A_NP	8	120	C	1	0	120	35.8083333333333
A_NP	9	124	T	0	0	124	34.7983870967742
A_NP	10	124	C	0	0	124	34.7822580645161
A_NP	11	126	A	0	0	126	34.1587301587302
A_NP	12	126	A	0	0	126	34.3174603174603
A_NP	13	126	G	0	0	125	36.352
A_NP	14	126	G	0	0	126	36.9920634920635
A_NP	15	126	C	0	0	126	36.9206349206349
A_NP	16	126	A	0	0	126	37.3253968253968
A_NP	17	126	C	0	0	126	37.1746031746032
A_NP	18	126	C	0	0	126	37.1746031746032
A_NP	19	126	A	0	0	126	36.9047619047619
A_NP	20	126	A	0	0	126	37.0714285714286
A_NP	21	126	A	0	0	126	37.9920634920635
A_NP	22	126	C	0	0	125	37.672
A_NP	23	126	G	0	0	125	35.584
A_NP	24	126	A	0	0	126	35.8650793650794
A_NP	25	126	T	0	0	126	35.3095238095238
A_NP	26	126	C	0	0	125	35.216
A_NP	27	125	A	1	0	125	35.816
A_NP	28	126	T	1	0	124	37.0725806451613
A_NP	29	127	A	0	0	127	35.740157480315
A_NP	30	127	T	0	0	126	36.3730158730159
A_NP	31	127	G	0	0	126	37.1904761904762
A_NP	32	127	A	0	0	126	37.3174603174603
A_NP	33	127	G	0	0	126	38.4126984126984
A_NP	34	127	C	0	0	127	39.1259842519685
A_NP	35	127	A	0	0	127	38.8897637795276
A_NP	36	127	A	0	0	127	40.1732283464567
A_NP	37	127	A	0	0	127	40.0787401574803
A_NP	38	127	T	0	0	127	39.6692913385827
A_NP	39	127	G	0	0	127	38.1259842519685
A_NP	40	127	G	0	0	126	38.1269841269841
A_NP	41	127	A	0	0	127	37.7007874015748
A_NP	42	127	T	0	0	127	38.5984251968504
A_NP	43	125	A	2	0	125	37.96
A_NP	44	125	C	2	0	125	39.56
A_NP	45	127	T	0	0	125	38.248
A_NP	46	127	G	0	0	127	37.3228346456693
A_NP	47	127	G	0	0	127	38.2204724409449
A_NP	48	127	T	0	0	127	38.0551181102362
A_NP	49	125	G	2	0	125	38.704
A_NP	50	127	G	0	0	127	38.1496062992126
A_NP	51	127	G	0	0	127	39.244094488189
A_NP	52	127	G	0	0	126	39.4365079365079
A_NP	53	127	A	0	0	127	39.992125984252
A_NP	54	127	G	0	0	127	39.5669291338583
A_NP	55	127	C	0	0	126	38.8809523809524
A_NP	56	127	G	0	0	125	35.672
A_NP	57	125	C	2	0	124	34.7016129032258
A_NP	58	126	C	1	0	126	34.0714285714286
A_NP	59	126	A	1	0	126	33.0079365079365
A_NP	60	127	G	0	0	125	32.984
A_NP	61	126	G	1	0	126	35.3492063492063
A_NP	62	124	A	3	0	124	36.3225806451613
A_NP	63	126	T	1	0	126	35.9761904761905
A_NP	64	127	G	0	0	126	35.9761904761905
A_NP	65	125	C	2	0	124	36.2822580645161
A_NP	66	127	C	0	0	125	35.704
A_NP	67	127	A	0	0	124	33.5725806451613
A_NP	68	127	C	0	0	127	32.3385826771654
A_NP	69	126	A	1	0	124	32.3306451612903
A_NP	70	127	G	0	0	126	32.015873015873
A_NP	71	127	A	0	0	127	31.5826771653543
A_NP	72	127	A	0	0	127	32.8582677165354
A_NP	73	127	A	0	0	126	34.5396825396825
A_NP	74	127	T	0	0	127	36.1102362204724
A_NP	75	127	C	0	0	126	36.5793650793651
A_NP	76	127	A	0	0	127	37.5275590551181
A_NP	77	126	G	1	0	125	38.552
A_NP	78	127	A	0	0	127	39.4409448818898
A_NP	79	127	G	0	0	126	40.4047619047619
A_NP	80	127	C	0	0	127	40.5669291338583
A_NP	81	127	A	0	0	127	39.8031496062992
A_NP	82	127	T	0	0	127	40.5905511811024
A_NP	83	126	C	1	0	125	39.896
A_NP	84	126	T	1	0	126	40.3412698412698
A_NP	85	126	G	1	0	126	40.1825396825397
A_NP	86	127	T	0	0	126	40.8095238095238
A_NP	87	127	T	0	0	127	40.1417322834646
A_NP	88	126	G	1	0	125	40.296
A_NP	89	126	G	0	0	126	40.0793650793651
A_NP	90	126	A	0	0	126	40.3650793650794
A_NP	91	126	A	0	0	122	41.5327868852459
A_NP	92	126	G	0	0	123	40.8373983739837
A_NP	93	126	A	0	0	126	41.1031746031746
A_NP	94	126	A	0	0	126	40.7777777777778
A_NP	95	126	T	0	0	125	40.664
A_NP	96	126	G	0	0	126	40.1269841269841
A_NP	97	126	G	0	0	125	40.296
A_NP	98	126	T	0	0	126	39.0634920634921
A_NP	99	126	T	0	0	123	38.609756097561
A_NP	100	126	G	0	0	125	37.736
A_NP	101	126	G	0	0	124	37.6451612903226
A_NP	102	125	T	0	0	125	37.672
A_NP	103	124	G	1	0	124	38.1532258064516
A_NP	104	125	G	0	0	123	38.4471544715447
A_NP	105	125	A	0	0	125	39.288
A_NP	106	123	A	2	0	122	38.9180327868852
A_NP	107	123	T	2	0	122	38.5409836065574
A_NP	108	124	C	1	0	116	37.5
A_NP	109	120	G	5	0	119	35.546218487395
A_NP	110	124	G	1	0	124	36.258064516129
A_NP	111	123	G	2	0	119	35.7058823529412
A_NP	112	123	A	2	0	122	34.9262295081967
A_NP	113	123	G	2	0	121	37.2396694214876
A_NP	114	124	A	1	0	122	36.8032786885246
A_NP	115	124	T	1	0	122	36.7540983606557
A_NP	116	125	T	0	0	122	37.2377049180328
A_NP	117	125	C	0	0	123	35.7723577235772
A_NP	118	124	T	1	0	122	36.5163934426229
A_NP	119	121	A	4	0	119	35.9663865546218
A_NP	120	124	C	1	0	124	35.0161290322581
A_NP	121	125	A	0	0	124	33.758064516129
A_NP	122	125	T	0	0	125	33.72
A_NP	123	125	C	0	0	125	33.488
A_NP	124	125	C	0	0	124	33.3548387096774
A_NP	125	125	A	0	0	124	32.3145161290323
A_NP	126	125	A	0	0	125	32.728
A_NP	127	125	A	0	0	125	30.68
A_NP	128	125	T	0	0	125	30.848
A_NP	129	125	G	0	0	125	33.2
A_NP	130	125	T	0	0	125	36.144
A_NP	131	125	G	0	0	125	36.768
A_NP	132	125	C	0	0	125	37.424
A_NP	133	125	A	0	0	125	36.92
A_NP	134	125	C	0	0	125	36.68
A_NP	135	125	T	0	0	125	37.048
A_NP	136	125	G	0	0	125	36.32
A_NP	137	125	A	0	0	125	37.48
A_NP	138	125	A	0	0	124	37.7258064516129
A_NP	139	125	C	0	0	125	39.312
A_NP	140	125	T	0	0	125	37.928
A_NP	141	125	A	0	0	125	36.904
A_NP	142	125	A	0	0	125	37.808
A_NP	143	125	A	0	0	125	38.472
A_NP	144	125	A	0	0	125	39.968
A_NP	145	126	C	0	0	125	40.184
A_NP	146	126	T	0	0	126	39.3888888888889
A_NP	147	126	C	0	0	126	38.1349206349206
A_NP	148	126	A	0	0	126	37.9206349206349
A_NP	149	126	G	0	0	126	37.8730158730159
A_NP	150	126	T	0	0	126	38.6825396825397
A_NP	151	126	G	0	0	126	39.7857142857143
A_NP	152	126	A	0	0	126	40.1507936507937
A_NP	153	126	T	0	0	126	41.3412698412698
A_NP	154	126	T	0	0	126	41.6349206349206
A_NP	155	126	A	0	0	126	41.9603174603175
A_NP	156	126	T	0	0	125	41.24
A_NP	157	126	G	0	0	126	38.2857142857143
A_NP	158	126	A	0	0	126	37.9444444444444
A_NP	159	126	T	0	0	125	38.432
A_NP	160	126	G	0	0	125	37.784
A_NP	161	126	G	0	0	126	38.5714285714286
A_NP	162	126	A	0	0	126	39.4603174603175
A_NP	163	126	C	0	0	125	37.36
A_NP	164	126	G	0	0	124	36.1048387096774
A_NP	165	126	A	0	0	125	35.728
A_NP	166	126	C	0	0	126	36.1746031746032
A_NP	167	126	T	0	0	124	36.7903225806452
A_NP	168	126	A	0	0	126	38.2142857142857
A_NP	169	126	A	0	0	126	40.1825396825397
A_NP	170	126	T	0	0	126	40.9206349206349
A_NP	171	126	T	0	0	126	40.3888888888889
A_NP	172	126	C	0	0	126	40.4523809523809
A_NP	173	126	A	0	0	126	39.8253968253968
A_NP	174	126	G	0	0	126	39.2539682539683
A_NP	175	126	A	0	0	125	39.552
A_NP	176	126	A	0	0	125	39.992
A_NP	177	126	C	0	0	126	39.7698412698413
A_NP	178	126	A	0	0	126	38.8174603174603
A_NP	179	126	G	0	0	126	38.7857142857143
A_NP	180	125	T	1	0	125	38.712
A_NP	181	126	A	0	0	126	37.6746031746032
A_NP	182	126	T	0	0	126	38.8174603174603
A_NP	183	126	A	0	0	126	38.4206349206349
A_NP	184	126	A	0	0	126	38.6507936507937
A_NP	185	126	C	0	0	125	39.368
A_NP	186	126	A	0	0	126	38.8809523809524
A_NP	187	126	A	0	0	126	39.9523809523809
A_NP	188	126	T	0	0	126	40.2619047619048
A_NP	189	125	A	1	0	125	38.88
A_NP	190	126	G	0	0	126	38.1984126984127
A_NP	191	126	A	0	0	126	38.2301587301587
A_NP	192	126	G	0	0	126	37.5952380952381
A_NP	193	126	A	0	0	126	39.5555555555556
A_NP	194	126	G	0	0	126	41.2142857142857
A_NP	195	126	G	0	0	126	40.968253968254
A_NP	196	126	A	0	0	126	41.2619047619048
A_NP	197	126	T	0	0	126	41.1507936507937
A_NP	198	126	G	0	0	126	41.2619047619048
A_NP	199	126	G	0	0	126	41.6507936507937
A_NP	200	126	T	0	0	126	42.6349206349206
A_NP	201	126	G	0	0	126	42.7063492063492
A_NP	202	126	C	0	0	125	42.784
A_NP	203	126	T	0	0	125	42.168
A_NP	204	126	T	0	0	126	42.0555555555556
A_NP	205	126	T	0	0	125	42.584
A_NP	206	126	C	0	0	126	41.6428571428571
A_NP	207	126	T	0	0	126	41.6904761904762
A_NP	208	126	G	0	0	125	41.608
A_NP	209	126	C	0	0	125	40.96
A_NP	210	124	T	2	0	123	40.7560975609756
A_NP	211	125	T	1	0	125	40.688
A_NP	212	126	T	0	0	126	41.0555555555556
A_NP	213	126	T	0	0	125	40.216
A_NP	214	126	G	0	0	126	39.4761904761905
A_NP	215	126	A	0	0	126	39.6666666666667
A_NP	216	126	T	0	0	126	39.9285714285714
A_NP	217	125	G	1	0	125	36.232
A_NP	218	125	A	1	0	125	35.52
A_NP	219	126	G	0	0	126	33.7222222222222
A_NP	220	126	A	0	0	126	33.4523809523809
A_NP	221	126	G	0	0	126	36.1587301587302
A_NP	222	126	A	0	0	125	35.688
A_NP	223	126	A	0	0	125	40.48
A_NP	224	126	G	0	0	126	39.031746031746
A_NP	225	126	A	0	0	126	38.968253968254
A_NP	226	125	A	1	0	125	40.816
A_NP	227	125	A	1	0	124	42.3870967741936
A_NP	228	125	T	1	0	125	42.472
A_NP	229	124	A	2	0	124	42.0645161290323
A_NP	230	124	A	2	0	123	43.0162601626016
A_NP	231	124	A	2	0	124	42.3145161290323
A_NP	232	124	T	2	0	123	42.2357723577236
A_NP	233	124	A	2	0	124	40.4354838709677
A_NP	234	124	C	2	0	124	40.4032258064516
A_NP	235	124	C	2	0	124	40.1370967741936
A_NP	236	125	T	1	0	125	39.28
A_NP	237	124	A	2	0	124	37.7741935483871
A_NP	238	123	G	3	0	122	39.2540983606557
A_NP	239	124	A	2	0	123	38.7560975609756
A_NP	240	125	A	1	0	124	40.0967741935484
A_NP	241	124	G	2	0	124	41.2822580645161
A_NP	242	123	A	3	0	122	41.6639344262295
A_NP	243	123	G	3	0	123	41.3739837398374
A_NP	244	124	C	2	0	122	41.2459016393443
A_NP	245	123	A	3	0	122	40.827868852459
A_NP	246	124	T	2	0	124	40.5645161290323
A_NP	247	124	C	2	0	124	39.1129032258064
A_NP	248	123	C	3	0	122	40.4262295081967
A_NP	249	125	A	1	0	125	39.584
A_NP	250	126	A	0	0	125	39.744
A_NP	251	125	G	1	0	125	39.76
A_NP	252	125	T	1	0	124	39.5483870967742
A_NP	253	126	G	1	0	125	39.224
A_NP	254	126	C	1	0	126	38.2619047619048
A_NP	255	126	T	1	0	126	38.1746031746032
A_NP	256	126	G	1	0	125	36.592
A_NP	257	126	G	1	0	126	37.0714285714286
A_NP	258	126	G	1	0	124	38.008064516129
A_NP	259	127	A	0	0	127	39.3464566929134
A_NP	260	127	A	0	0	126	41.015873015873
A_NP	261	127	G	0	0	127	40.7086614173228
A_NP	262	127	G	0	0	126	41.2301587301587
A_NP	263	127	A	0	0	126	40.6825396825397
A_NP	264	126	C	1	0	126	39.8730158730159
A_NP	265	127	C	0	0	127	38.8661417322835
A_NP	266	127	C	0	0	126	38.5555555555556
A_NP	267	127	T	0	0	126	38.0634920634921
A_NP	268	127	A	0	0	126	35.968253968254
A_NP	269	126	A	1	0	124	36.258064516129
A_NP	270	126	G	1	0	121	35.8264462809917
A_NP	271	123	A	4	0	121	37.4049586776859
A_NP	272	126	A	1	0	125	36.64
A_NP	273	127	A	0	0	127	38.2283464566929
A_NP	274	127	A	0	0	126	37.1984126984127
A_NP	275	127	C	0	0	127	33.755905511811
A_NP	276	126	A	1	0	126	37.0714285714286
A_NP	277	127	G	0	0	127	37.251968503937
A_NP	278	127	G	0	0	127	36.9606299212598
A_NP	279	127	A	0	0	125	37.752
A_NP	280	127	G	0	0	125	38.088
A_NP	281	126	G	1	0	125	38.464
A_NP	282	126	A	1	0	126	36.6666666666667
A_NP	283	127	C	0	0	126	34.6349206349206
A_NP	284	127	C	0	0	126	33.2301587301587
A_NP	285	127	C	0	0	126	33.0793650793651
A_NP	286	127	A	0	0	127	31.3937007874016
A_NP	287	127	T	0	0	126	32.968253968254
A_NP	288	127	C	0	0	126	34.8333333333333
A_NP	289	127	T	0	0	125	35.8
A_NP	290	127	A	0	0	127	34.6692913385827
A_NP	291	127	T	0	0	127	34.7874015748031
A_NP	292	127	A	0	0	126	35.3095238095238
A_NP	293	127	G	0	0	126	35.6984126984127
A_NP	294	127	A	0	0	126	36.4126984126984
A_NP	295	127	A	0	0	127	37.1732283464567
A_NP	296	127	G	0	0	127	38.8031496062992
A_NP	297	127	A	0	0	127	39.496062992126
A_NP	298	127	A	0	0	127	40.3307086614173
A_NP	299	127	T	0	0	127	39.8188976377953
A_NP	300	127	A	0	0	127	39.5748031496063
A_NP	301	127	G	0	0	126	38.7698412698413
A_NP	302	127	A	0	0	127	39.3858267716535
A_NP	303	127	C	0	0	126	38.0714285714286
A_NP	304	127	G	0	0	127	38.2677165354331
A_NP	305	127	G	0	0	127	37.0314960629921
A_NP	306	127	A	0	0	126	38.1190476190476
A_NP	307	127	A	0	0	127	37.9291338582677
A_NP	308	127	A	0	0	126	41.1269841269841
A_NP	309	127	A	0	0	126	41.8809523809524
A_NP	310	127	T	0	0	126	42.515873015873
A_NP	311	126	G	1	0	126	41.6031746031746
A_NP	312	127	G	0	0	127	41.8346456692913
A_NP	313	127	A	0	0	127	41.3385826771654
A_NP	314	126	C	0	0	126	40.9285714285714
A_NP	315	124	A	2	0	124	40.3306451612903
A_NP	316	126	A	0	0	126	39.3333333333333
A_NP	317	126	G	0	0	126	38.2222222222222
A_NP	318	126	A	0	0	126	37.7142857142857
A_NP	319	126	G	0	0	126	37.7222222222222
A_NP	320	125	A	1	0	125	37.712
A_NP	321	124	A	2	0	124	37.4516129032258
A_NP	322	124	C	2	0	124	35.1935483870968
A_NP	323	125	T	1	0	124	35.7177419354839
A_NP	324	125	C	1	0	124	37.9758064516129
A_NP	325	125	A	1	0	124	39.4112903225806
A_NP	326	125	T	1	0	124	38.9838709677419
A_NP	327	124	C	2	0	124	39.5241935483871
A_NP	328	124	C	2	0	124	39.1854838709677
A_NP	329	125	T	1	0	125	38.32
A_NP	330	125	T	1	0	125	38.304
A_NP	331	125	T	1	0	124	39.9354838709677
A_NP	332	125	A	1	0	125	38.592
A_NP	333	125	T	1	0	125	39.536
A_NP	334	125	G	1	0	124	39.1451612903226
A_NP	335	125	A	1	0	124	40.1290322580645
A_NP	336	125	C	1	0	125	39.904
A_NP	337	123	A	3	0	123	38.5934959349593
A_NP	338	124	A	2	0	124	39.7177419354839
A_NP	339	124	A	2	0	124	38.9677419354839
A_NP	340	125	G	1	0	125	37.552
A_NP	341	123	A	3	0	123	39.4227642276423
A_NP	342	124	A	2	0	124	39.2661290322581
A_NP	343	125	G	1	0	125	38.632
A_NP	344	126	A	0	0	126	38.7857142857143
A_NP	345	126	A	0	0	126	40.1507936507937
A_NP	346	125	A	1	0	124	41.0806451612903
A_NP	347	125	T	1	0	125	40
A_NP	348	125	A	1	0	122	38.9672131147541
A_NP	349	126	A	0	0	124	36.8629032258064
A_NP	350	126	G	0	0	125	37.664
A_NP	351	125	G	1	0	122	37.0737704918033
A_NP	352	124	A	2	0	122	39.4180327868852
A_NP	353	125	G	1	0	122	38.8770491803279
A_NP	354	125	A	1	0	125	38.6
A_NP	355	125	G	1	0	122	38.0573770491803
A_NP	356	125	T	1	0	121	38.6776859504132
A_NP	357	126	T	0	0	125	39.04
A_NP	358	125	T	1	0	125	38.696
A_NP	359	124	G	2	0	123	36.219512195122
A_NP	360	123	G	3	0	123	37.4227642276423
A_NP	361	124	C	2	0	121	37.0743801652893
A_NP	362	123	G	3	0	121	36.702479338843
A_NP	363	123	C	3	0	122	36.3524590163934
A_NP	364	126	C	0	0	124	36.9435483870968
A_NP	365	126	A	0	0	124	34.8548387096774
A_NP	366	126	A	0	0	125	35.216
A_NP	367	126	G	0	0	125	35.08
A_NP	368	126	C	0	0	123	36.6910569105691
A_NP	369	126	A	0	0	126	34.5476190476191
A_NP	370	126	A	0	0	126	36.1031746031746
A_NP	371	126	A	0	0	126	35.9761904761905
A_NP	372	125	C	1	0	124	37.8064516129032
A_NP	373	126	A	0	0	124	36.8790322580645
A_NP	374	126	A	0	0	126	37.1349206349206
A_NP	375	126	T	0	0	126	36.6904761904762
A_NP	376	126	G	0	0	126	35.984126984127
A_NP	377	126	G	0	0	126	36.0793650793651
A_NP	378	126	C	0	0	124	37.6370967741936
A_NP	379	125	G	0	0	124	36.4274193548387
A_NP	380	124	A	1	0	124	36.8709677419355
A_NP	381	125	A	0	0	125	36.816
A_NP	382	125	G	0	0	124	36.8306451612903
A_NP	383	125	A	0	0	124	37.4112903225806
A_NP	384	125	T	0	0	125	38.128
A_NP	385	125	G	0	0	124	38.5967741935484
A_NP	386	125	C	0	0	124	39.0725806451613
A_NP	387	125	A	0	0	125	37.776
A_NP	388	124	A	1	0	124	38.4677419354839
A_NP	389	123	C	1	0	122	39.1147540983607
A_NP	390	123	G	1	0	123	38.5447154471545
A_NP	391	124	G	0	0	123	39.349593495935
A_NP	392	124	C	0	0	123	39.6422764227642
A_NP	393	124	A	0	0	124	38.9516129032258
A_NP	394	124	G	0	0	124	39.0967741935484
A_NP	395	123	G	1	0	122	40.0983606557377
A_NP	396	124	T	1	0	123	40.2357723577236
A_NP	397	124	C	1	0	124	39.6774193548387
A_NP	398	124	T	1	0	124	40.4274193548387
A_NP	399	124	T	1	0	123	40.6260162601626
A_NP	400	124	A	1	0	124	39.3306451612903
A_NP	401	124	C	1	0	124	38.7983870967742
A_NP	402	125	C	0	0	125	38.408
A_NP	403	125	C	0	0	125	39.912
A_NP	404	125	A	0	0	125	37.056
A_NP	405	125	T	0	0	124	40.3467741935484
A_NP	406	124	C	1	0	124	39.1209677419355
A_NP	407	125	T	0	0	125	39.064
A_NP	408	125	C	0	0	125	38.216
A_NP	409	125	A	0	0	125	37.992
A_NP	410	125	T	0	0	125	39.192
A_NP	411	125	G	0	0	125	39.768
A_NP	412	125	A	0	0	125	39.952
A_NP	413	125	T	0	0	125	40.848
A_NP	414	126	T	0	0	126	40.3730158730159
A_NP	415	126	T	0	0	126	40.9047619047619
A_NP	416	126	G	0	0	126	41.1428571428571
A_NP	417	126	G	0	0	126	40.8809523809524
A_NP	418	126	C	0	0	126	41.0079365079365
A_NP	419	126	A	0	0	126	40.7777777777778
A_NP	420	126	T	0	0	126	41.3333333333333
A_NP	421	126	T	0	0	126	40.9126984126984
A_NP	422	126	C	0	0	126	40.968253968254
A_NP	423	126	C	0	0	126	40.9761904761905
A_NP	424	126	A	0	0	126	40.9285714285714
A_NP	425	126	A	0	0	126	40.6746031746032
A_NP	426	126	T	0	0	126	41.0079365079365
A_NP	427	126	C	0	0	126	41.7460317460317
A_NP	428	126	T	0	0	126	41.6031746031746
A_NP	429	126	G	0	0	126	41.484126984127
A_NP	430	126	A	0	0	126	42
A_NP	431	126	A	0	0	126	41.6587301587302
A_NP	432	126	T	0	0	126	41.7698412698413
A_NP	433	126	G	0	0	126	42.0714285714286
A_NP	434	126	A	0	0	126	43.468253968254
A_NP	435	126	T	0	0	126	41.9365079365079
A_NP	436	126	G	0	0	126	42.5555555555556
A_NP	437	125	C	0	0	125	42.064
A_NP	438	125	C	0	0	125	41.176
A_NP	439	125	A	0	0	125	41.368
A_NP	440	125	C	0	0	125	41.2
A_NP	441	125	A	0	0	124	40.1774193548387
A_NP	442	125	T	0	0	125	40.688
A_NP	443	125	A	0	0	125	39.808
A_NP	444	125	T	0	0	125	39.568
A_NP	445	125	C	0	0	125	38.816
A_NP	446	125	A	0	0	125	39.16
A_NP	447	125	G	0	0	125	39.6
A_NP	448	125	A	0	0	125	40.128
A_NP	449	125	G	0	0	125	40.864
A_NP	450	125	A	0	0	125	41.544
A_NP	451	125	A	0	0	124	41.4032258064516
A_NP	452	125	C	0	0	125	41.944
A_NP	453	124	A	1	0	124	41.2741935483871
A_NP	454	125	A	0	0	125	40.608
A_NP	455	125	G	0	0	125	40.68
A_NP	456	125	A	0	0	125	41.824
A_NP	457	124	G	1	0	124	41.9112903225806
A_NP	458	125	C	0	0	125	43.784
A_NP	459	124	A	0	0	124	42.9596774193548
A_NP	460	124	C	0	0	124	42.9032258064516
A_NP	461	123	T	1	0	122	43.2786885245902
A_NP	462	123	A	1	0	122	41.1475409836066
A_NP	463	124	G	0	0	124	40.3790322580645
A_NP	464	124	T	0	0	123	40.0081300813008
A_NP	465	123	C	1	0	122	39.9426229508197
A_NP	466	123	C	1	0	121	40.5950413223141
A_NP	467	123	G	1	0	123	40.3170731707317
A_NP	468	124	C	0	0	124	41.0725806451613
A_NP	469	124	A	0	0	124	40.6774193548387
A_NP	470	124	C	0	0	124	41.3145161290323
A_NP	471	124	T	0	0	124	41.9516129032258
A_NP	472	124	G	0	0	124	41.5564516129032
A_NP	473	124	G	0	0	124	41.3870967741936
A_NP	474	124	A	0	0	124	42.1854838709677
A_NP	475	124	A	0	0	124	41.9516129032258
A_NP	476	124	T	0	0	123	41.6178861788618
A_NP	477	124	G	0	0	124	39.741935483871
A_NP	478	124	G	0	0	124	40.1370967741936
A_NP	479	124	A	0	0	124	39.0241935483871
A_NP	480	124	T	0	0	124	38.4758064516129
A_NP	481	123	C	1	0	122	36.1803278688525
A_NP	482	124	C	0	0	124	36.4516129032258
A_NP	483	124	C	0	0	123	36.3658536585366
A_NP	484	125	A	0	0	125	34.64
A_NP	485	125	G	0	0	125	36.192
A_NP	486	125	A	0	0	125	38.6
A_NP	487	125	A	0	0	125	39
A_NP	488	125	T	0	0	124	39.8870967741936
A_NP	489	125	G	0	0	125	40.04
A_NP	490	125	T	0	0	125	40.512
A_NP	491	125	G	0	0	125	40.216
A_NP	492	125	C	0	0	124	40.9354838709677
A_NP	493	124	T	1	0	124	40.7338709677419
A_NP	494	124	C	1	0	124	40.0887096774194
A_NP	495	124	T	1	0	124	40.258064516129
A_NP	496	124	C	1	0	123	39.9105691056911
A_NP	497	123	T	2	0	122	40.7459016393443
A_NP	498	124	A	1	0	124	39.0887096774194
A_NP	499	124	A	1	0	124	38.9112903225806
A_NP	500	124	T	1	0	124	38.25
A_NP	501	124	G	1	0	124	38.241935483871
A_NP	502	125	C	0	0	124	38.8467741935484
A_NP	503	125	A	0	0	125	38.28
A_NP	504	125	A	0	0	125	38.232
A_NP	505	125	G	0	0	125	38.616
A_NP	506	125	G	0	0	124	39.491935483871
A_NP	507	125	T	0	0	125	39.552
A_NP	508	125	T	0	0	125	39.896
A_NP	509	125	C	0	0	125	39.8
A_NP	510	125	A	0	0	125	39.2
A_NP	511	125	A	0	0	124	39.3951612903226
A_NP	512	125	C	0	0	125	39.12
A_NP	513	125	A	0	0	124	38.5806451612903
A_NP	514	125	C	0	0	125	37.984
A_NP	515	125	T	0	0	125	38.176
A_NP	516	125	T	0	0	124	37.4032258064516
A_NP	517	123	C	2	0	122	36.7213114754098
A_NP	518	125	C	0	0	124	37.7822580645161
A_NP	519	125	C	0	0	125	37.64
A_NP	520	125	A	0	0	125	33.376
A_NP	521	124	G	1	0	124	36.5
A_NP	522	125	G	0	0	125	40.544
A_NP	523	125	A	0	0	125	40.696
A_NP	524	125	G	0	0	123	41.2682926829268
A_NP	525	125	G	0	0	124	39.9758064516129
A_NP	526	125	T	0	0	125	40.52
A_NP	527	125	C	0	0	123	40.2764227642276
A_NP	528	124	T	1	0	124	40.2661290322581
A_NP	529	124	G	1	0	124	40.3629032258064
A_NP	530	125	G	0	0	124	41.008064516129
A_NP	531	125	T	0	0	123	41.1544715447154
A_NP	532	125	G	0	0	124	40.7338709677419
A_NP	533	125	C	0	0	123	41.7642276422764
A_NP	534	125	C	0	0	122	41.2459016393443
A_NP	535	125	G	0	0	124	40.8064516129032
A_NP	536	124	C	1	0	124	40.1935483870968
A_NP	537	125	A	0	0	125	39.08
A_NP	538	125	G	0	0	125	39.32
A_NP	539	125	G	0	0	125	39.672
A_NP	540	125	T	0	0	123	40.520325203252
A_NP	541	125	G	0	0	124	40.1854838709677
A_NP	542	125	C	0	0	125	39.832
A_NP	543	125	T	0	0	125	39.48
A_NP	544	125	G	0	0	124	38.6612903225806
A_NP	545	125	C	0	0	124	38.1693548387097
A_NP	546	124	A	1	0	124	36.7822580645161
A_NP	547	125	G	0	0	125	35.704
A_NP	548	124	T	1	0	124	36.3387096774194
A_NP	549	121	A	4	0	121	36.3057851239669
A_NP	550	123	A	2	0	122	36.2622950819672
A_NP	551	123	A	2	0	123	36.3983739837398
A_NP	552	124	A	1	0	124	37.3790322580645
A_NP	553	125	G	0	0	125	37.84
A_NP	554	125	G	0	0	124	39.3064516129032
A_NP	555	125	A	0	0	124	39.9274193548387
A_NP	556	125	G	1	0	125	38.384
A_NP	557	126	T	0	0	125	38.84
A_NP	558	126	T	0	0	126	38.3650793650794
A_NP	559	126	G	0	0	126	37.1507936507937
A_NP	560	126	G	0	0	126	38.2063492063492
A_NP	561	126	A	0	0	125	39.6
A_NP	562	126	A	0	0	125	40.144
A_NP	563	126	C	0	0	126	39.9603174603175
A_NP	564	126	A	0	0	126	40.0238095238095
A_NP	565	125	A	1	0	125	40.376
A_NP	566	125	T	1	0	125	40.808
A_NP	567	125	A	1	0	123	38.0650406504065
A_NP	568	125	G	1	0	124	38.5161290322581
A_NP	569	125	C	1	0	125	39.272
A_NP	570	126	T	0	0	124	39.1854838709677
A_NP	571	126	A	0	0	126	38.2619047619048
A_NP	572	126	T	0	0	126	38.2063492063492
A_NP	573	126	G	0	0	126	40.3492063492063
A_NP	574	126	G	0	0	126	40.0634920634921
A_NP	575	126	A	0	0	126	39.5873015873016
A_NP	576	126	A	0	0	126	39.968253968254
A_NP	577	126	T	0	0	126	40.1984126984127
A_NP	578	126	T	0	0	126	39.8809523809524
A_NP	579	126	A	0	0	126	40.0714285714286
A_NP	580	126	A	0	0	126	40.4285714285714
A_NP	581	126	T	0	0	126	41.3253968253968
A_NP	582	126	C	0	0	126	40.984126984127
A_NP	583	126	A	0	0	126	40.1587301587302
A_NP	584	126	G	0	0	125	39.808
A_NP	585	126	A	0	0	126	39.8492063492063
A_NP	586	126	A	0	0	126	39.6984126984127
A_NP	587	126	T	0	0	126	40.3174603174603
A_NP	588	126	G	0	0	126	40.4920634920635
A_NP	589	126	A	0	0	125	41.632
A_NP	590	126	T	0	0	126	41.5634920634921
A_NP	591	124	A	2	0	124	41.0483870967742
A_NP	592	126	A	0	0	126	41.8888888888889
A_NP	593	126	A	0	0	126	42.2698412698413
A_NP	594	126	A	0	0	126	42.5873015873016
A_NP	595	126	C	0	0	126	41.7619047619048
A_NP	596	126	G	0	0	126	42.4206349206349
A_NP	597	126	T	0	0	126	42.3730158730159
A_NP	598	126	G	0	0	126	41.6269841269841
A_NP	599	126	G	0	0	126	41.8809523809524
A_NP	600	126	A	0	0	126	42.5793650793651
A_NP	601	126	A	0	0	126	42.6666666666667
A_NP	602	126	T	0	0	126	41.7777777777778
A_NP	603	126	C	0	0	126	41.515873015873
A_NP	604	126	A	0	0	126	41.8571428571429
A_NP	605	126	A	0	0	126	41.6031746031746
A_NP	606	126	T	0	0	126	42.3412698412698
A_NP	607	126	G	0	0	126	41.7539682539683
A_NP	608	126	A	0	0	125	41.888
A_NP	609	126	C	0	0	126	42.5238095238095
A_NP	610	125	C	1	0	125	40.848
A_NP	611	125	G	1	0	124	40.6209677419355
A_NP	612	125	A	1	0	124	39.3951612903226
A_NP	613	126	A	0	0	126	39.5714285714286
A_NP	614	126	A	0	0	126	39.9920634920635
A_NP	615	126	T	0	0	126	41.2539682539683
A_NP	616	126	T	0	0	125	41.448
A_NP	617	125	T	1	0	125	42.04
A_NP	618	125	C	1	0	125	41.304
A_NP	619	126	T	0	0	126	40.6428571428571
A_NP	620	126	G	0	0	126	40.6507936507937
A_NP	621	126	G	0	0	126	41.0079365079365
A_NP	622	126	A	0	0	125	39.792
A_NP	623	126	G	0	0	126	41.0238095238095
A_NP	624	126	G	0	0	126	39.984126984127
A_NP	625	126	G	0	0	125	40.256
A_NP	626	126	G	0	0	126	39.468253968254
A_NP	627	126	T	0	0	126	39.2539682539683
A_NP	628	123	G	3	0	123	38.520325203252
A_NP	629	125	A	1	0	125	38.192
A_NP	630	125	A	1	0	125	38.736
A_NP	631	126	A	0	0	126	40.1825396825397
A_NP	632	126	A	0	0	124	42.7661290322581
A_NP	633	126	T	0	0	125	42.48
A_NP	634	126	G	0	0	124	41.1532258064516
A_NP	635	127	G	0	0	125	40.776
A_NP	636	127	A	0	0	127	39.3070866141732
A_NP	637	127	C	0	0	127	37.4645669291339
A_NP	638	127	G	0	0	127	34.3464566929134
A_NP	639	127	A	0	0	127	33.5354330708661
A_NP	640	127	A	0	0	127	34.3700787401575
A_NP	641	127	G	0	0	127	34.3070866141732
A_NP	642	127	G	0	0	127	38.1102362204724
A_NP	643	127	A	0	0	126	38.2619047619048
A_NP	644	127	C	0	0	127	39.8897637795276
A_NP	645	127	A	0	0	127	38.5354330708661
A_NP	646	127	A	0	0	126	38.5396825396825
A_NP	647	127	G	0	0	127	37.7795275590551
A_NP	648	127	A	0	0	127	37.8976377952756
A_NP	649	127	A	0	0	127	37.9763779527559
A_NP	650	127	T	0	0	127	38.3464566929134
A_NP	651	127	T	0	0	127	37.9606299212598
A_NP	652	127	G	0	0	127	37.8031496062992
A_NP	653	126	C	1	0	126	37.8095238095238
A_NP	654	127	T	0	0	127	37.740157480315
A_NP	655	127	T	0	0	126	38.4603174603175
A_NP	656	127	A	0	0	127	37.4173228346457
A_NP	657	127	T	0	0	126	38.2063492063492
A_NP	658	126	G	1	0	125	37.888
A_NP	659	127	A	0	0	127	39.2992125984252
A_NP	660	127	A	0	0	126	39.7222222222222
A_NP	661	127	A	0	0	127	40.244094488189
A_NP	662	127	G	0	0	127	40.6535433070866
A_NP	663	127	A	0	0	127	41.5433070866142
A_NP	664	127	A	0	0	127	41.9606299212598
A_NP	665	127	T	0	0	127	41.3070866141732
A_NP	666	127	G	0	0	127	41.1023622047244
A_NP	667	126	T	1	0	126	41.5476190476191
A_NP	668	127	G	0	0	127	41.2125984251969
A_NP	669	127	C	0	0	126	40.7222222222222
A_NP	670	127	A	0	0	127	39.7952755905512
A_NP	671	127	A	0	0	126	39.2460317460317
A_NP	672	127	T	0	0	127	39.1181102362205
A_NP	673	127	A	0	0	127	38.6535433070866
A_NP	674	127	T	0	0	127	39.6141732283465
A_NP	675	127	C	0	0	127	38.4566929133858
A_NP	676	127	C	0	0	127	37.8661417322835
A_NP	677	127	T	0	0	127	38.0472440944882
A_NP	678	127	C	0	0	127	35.8110236220472
A_NP	679	127	A	0	0	125	37.296
A_NP	680	127	A	0	0	127	38.8425196850394
A_NP	681	127	A	0	0	127	39.6141732283465
A_NP	682	127	G	0	0	127	39.4015748031496
A_NP	683	127	G	0	0	127	40.2125984251969
A_NP	684	127	A	0	0	127	40.5984251968504
A_NP	685	127	A	0	0	127	40.2362204724409
A_NP	686	127	A	0	0	126	42.2063492063492
A_NP	687	127	A	0	0	127	40.9133858267717
A_NP	688	127	T	0	0	127	41.8188976377953
A_NP	689	127	T	0	0	127	41.8582677165354
A_NP	690	127	T	0	0	127	42.6377952755905
A_NP	691	127	C	0	0	127	40.7795275590551
A_NP	692	127	A	0	0	127	41.740157480315
A_NP	693	127	A	0	0	127	41.9055118110236
A_NP	694	128	A	0	0	128	41.28125
A_NP	695	128	C	0	0	128	41.453125
A_NP	696	128	A	0	0	127	41.0472440944882
A_NP	697	128	G	1	0	128	40.546875
A_NP	698	128	C	1	0	128	40.46875
A_NP	699	128	T	1	0	127	41.3700787401575
A_NP	700	129	G	0	0	128	40.5859375
A_NP	701	129	C	0	0	128	40.3359375
A_NP	702	129	T	0	0	129	41.7596899224806
A_NP	703	129	C	0	0	129	40.9457364341085
A_NP	704	129	A	0	0	129	40.8682170542636
A_NP	705	129	G	0	0	129	40.8604651162791
A_NP	706	129	A	0	0	129	40.9767441860465
A_NP	707	129	G	0	0	129	41.3488372093023
A_NP	708	130	G	0	0	130	41.3
A_NP	709	130	G	0	0	130	41.7076923076923
A_NP	710	130	C	0	0	130	41.2461538461538
A_NP	711	130	A	0	0	130	40.5846153846154
A_NP	712	130	A	0	0	130	40.9615384615385
A_NP	713	129	T	0	0	129	41.5736434108527
A_NP	714	129	G	0	0	128	41.34375
A_NP	715	130	A	0	0	130	41.8923076923077
A_NP	716	130	T	0	0	130	42.0538461538462
A_NP	717	128	G	1	0	126	40.5476190476191
A_NP	718	128	G	1	0	127	40.0551181102362
A_NP	719	128	A	1	0	128	39.578125
A_NP	720	128	T	1	0	127	40.0944881889764
A_NP	721	126	C	3	0	125	38.816
A_NP	722	128	A	1	0	128	37.859375
A_NP	723	129	A	0	0	128	37.4375
A_NP	724	130	G	0	0	128	38.140625
A_NP	725	130	T	0	0	128	36.8359375
A_NP	726	128	A	2	0	127	36.6692913385827
A_NP	727	129	A	1	0	129	36.1085271317829
A_NP	728	129	G	1	0	129	36.5968992248062
A_NP	729	130	A	0	0	128	37.484375
A_NP	730	130	G	0	0	130	38.8923076923077
A_NP	731	124	A	6	0	124	39.9112903225806
A_NP	732	130	A	0	0	129	39.6201550387597
A_NP	733	130	A	0	0	128	40.578125
A_NP	734	130	G	0	0	129	39.2945736434108
A_NP	735	130	T	0	0	130	38.7538461538462
A_NP	736	130	C	0	0	126	38.8968253968254
A_NP	737	130	G	0	0	127	38.244094488189
A_NP	738	130	A	0	0	130	37.0230769230769
A_NP	739	130	A	0	0	129	38.3023255813954
A_NP	740	130	A	0	0	130	36.8230769230769
A_NP	741	130	C	0	0	130	36.9307692307692
A_NP	742	130	C	0	0	130	38.3307692307692
A_NP	743	130	C	0	0	129	37.8217054263566
A_NP	744	130	A	0	0	129	34.7751937984496
A_NP	745	130	G	0	0	130	35.8461538461538
A_NP	746	130	G	0	0	130	36.3461538461538
A_NP	747	130	A	0	0	130	36.8230769230769
A_NP	748	130	A	0	0	130	37.1307692307692
A_NP	749	130	A	0	0	129	36.7364341085271
A_NP	750	130	C	0	0	129	35.3178294573643
A_NP	751	129	G	1	0	128	35.390625
A_NP	752	130	C	0	0	130	36.8384615384615
A_NP	753	130	T	0	0	130	36.8692307692308
A_NP	754	130	G	0	0	130	36.2
A_NP	755	129	A	1	0	129	38.1550387596899
A_NP	756	129	A	1	0	129	39.7519379844961
A_NP	757	130	A	0	0	130	39.5923076923077
A_NP	758	130	T	0	0	129	41.5116279069767
A_NP	759	130	T	0	0	130	41.1230769230769
A_NP	760	130	G	0	0	130	39.7538461538462
A_NP	761	130	A	0	0	130	39.3769230769231
A_NP	762	130	A	0	0	130	38.9615384615385
A_NP	763	130	G	0	0	128	38.484375
A_NP	764	130	A	0	0	129	39.0542635658915
A_NP	765	130	C	0	0	130	40.1769230769231
A_NP	766	130	C	0	0	128	40.1796875
A_NP	767	130	T	0	0	129	39.6279069767442
A_NP	768	130	C	0	0	130	36.8384615384615
A_NP	769	130	A	0	0	130	36.7538461538462
A_NP	770	130	T	0	0	128	36.859375
A_NP	771	130	T	0	0	130	38.5538461538462
A_NP	772	130	T	0	0	130	40.1846153846154
A_NP	773	130	T	0	0	129	39.7054263565892
A_NP	774	130	C	0	0	130	40.3461538461538
A_NP	775	130	C	0	0	130	42.0615384615385
A_NP	776	130	T	0	0	129	41.3023255813954
A_NP	777	129	G	1	0	128	39.9140625
A_NP	778	130	G	0	0	130	40.7153846153846
A_NP	779	130	C	0	0	130	41.1692307692308
A_NP	780	130	A	0	0	130	41.5384615384615
A_NP	781	130	C	0	0	130	42.6076923076923
A_NP	782	130	G	0	0	127	40.5433070866142
A_NP	783	130	G	0	0	128	39.8125
A_NP	784	130	T	0	0	127	39.244094488189
A_NP	785	130	C	0	0	129	39.2945736434108
A_NP	786	130	A	0	0	130	39.9307692307692
A_NP	787	130	G	0	0	129	40.2093023255814
A_NP	788	130	C	0	0	128	40.28125
A_NP	789	130	A	0	0	130	40.2538461538462
A_NP	790	129	C	1	0	129	40.6589147286822
A_NP	791	129	T	1	0	129	40.6589147286822
A_NP	792	128	C	2	0	128	39.3203125
A_NP	793	129	A	1	0	127	38.0629921259843
A_NP	794	130	T	0	0	128	38.5
A_NP	795	130	T	0	0	128	39.40625
A_NP	796	130	C	0	0	129	38.4883720930233
A_NP	797	130	T	0	0	129	39.015503875969
A_NP	798	130	G	0	0	129	37.2558139534884
A_NP	799	130	A	0	0	130	36.5615384615385
A_NP	800	128	G	2	0	128	36.359375
A_NP	801	129	G	1	0	129	36.2170542635659
A_NP	802	129	G	1	0	129	38.3720930232558
A_NP	803	130	G	0	0	128	39.1171875
A_NP	804	130	A	0	0	130	39.2923076923077
A_NP	805	130	T	0	0	130	40.1384615384615
A_NP	806	130	C	0	0	130	38.6615384615385
A_NP	807	130	A	0	0	129	38.1550387596899
A_NP	808	130	G	0	0	129	37.5891472868217
A_NP	809	130	T	0	0	128	38.296875
A_NP	810	130	T	0	0	129	38.4341085271318
A_NP	811	130	G	0	0	130	38.5615384615385
A_NP	812	130	C	0	0	130	39.1923076923077
A_NP	813	130	A	0	0	130	39.8076923076923
A_NP	814	130	C	0	0	130	39.7307692307692
A_NP	815	130	A	0	0	130	38.9230769230769
A_NP	816	130	T	0	0	130	38.2
A_NP	817	130	A	0	0	130	37.5076923076923
A_NP	818	130	A	0	0	130	37.9153846153846
A_NP	819	130	A	0	0	130	37.5153846153846
A_NP	820	130	T	0	0	130	38.6461538461538
A_NP	821	130	C	0	0	130	38.3692307692308
A_NP	822	130	C	0	0	130	38.9846153846154
A_NP	823	130	T	0	0	130	38.7692307692308
A_NP	824	129	G	1	0	128	41.21875
A_NP	825	130	C	0	0	130	41.5153846153846
A_NP	826	130	C	0	0	130	40.6538461538462
A_NP	827	130	T	0	0	130	41.2153846153846
A_NP	828	130	G	0	0	130	40.3230769230769
A_NP	829	130	C	0	0	130	42.0384615384615
A_NP	830	130	C	0	0	130	41.8
A_NP	831	130	T	0	0	130	42.7153846153846
A_NP	832	130	G	0	0	130	41.6769230769231
A_NP	833	130	C	0	0	130	41.7
A_NP	834	130	T	0	0	129	42.6899224806202
A_NP	835	128	T	1	0	128	42.9765625
A_NP	836	128	G	1	0	128	42.375
A_NP	837	129	T	0	0	129	43.0542635658915
A_NP	838	129	G	0	0	129	43.8217054263566
A_NP	839	129	T	0	0	128	43.6875
A_NP	840	129	G	0	0	129	42.0387596899225
A_NP	841	129	T	0	0	129	42.8759689922481
A_NP	842	129	A	0	0	129	43
A_NP	843	130	T	0	0	129	42.7751937984496
A_NP	844	130	G	0	0	130	42.3
A_NP	845	129	G	0	0	129	42.7519379844961
A_NP	846	129	G	0	0	129	42.7209302325581
A_NP	847	129	C	0	0	129	42.3100775193798
A_NP	848	129	T	0	0	129	42.1085271317829
A_NP	849	129	T	0	0	129	42.5116279069767
A_NP	850	129	G	0	0	129	42.1937984496124
A_NP	851	129	C	0	0	129	41.9922480620155
A_NP	852	129	A	0	0	129	41.8372093023256
A_NP	853	129	G	0	0	129	41.6356589147287
A_NP	854	129	T	0	0	128	41.53125
A_NP	855	129	A	0	0	129	40.4806201550388
A_NP	856	129	G	0	0	129	39.7906976744186
A_NP	857	130	C	0	0	130	40.6923076923077
A_NP	858	130	A	0	0	130	39.4461538461538
A_NP	859	130	A	0	0	129	40.5271317829457
A_NP	860	130	G	0	0	130	40.3
A_NP	861	130	T	0	0	130	40.1769230769231
A_NP	862	130	G	0	0	130	40.4769230769231
A_NP	863	130	G	0	0	129	40.4883720930233
A_NP	864	130	C	0	0	130	41.1923076923077
A_NP	865	130	C	0	0	130	41.0384615384615
A_NP	866	130	A	0	0	130	40.9846153846154
A_NP	867	130	T	0	0	129	41.2015503875969
A_NP	868	130	G	0	0	129	40.2403100775194
A_NP	869	130	A	0	0	129	41.031007751938
A_NP	870	130	C	0	0	128	40.5390625
A_NP	871	130	T	0	0	130	38.9461538461538
A_NP	872	130	T	0	0	130	38.9615384615385
A_NP	873	130	T	0	0	130	39.9
A_NP	874	130	G	0	0	130	38.3692307692308
A_NP	875	130	A	0	0	130	38.5769230769231
A_NP	876	130	G	0	0	130	37.9615384615385
A_NP	877	130	A	0	0	130	37.6846153846154
A_NP	878	129	G	1	0	129	38.7984496124031
A_NP	879	129	G	1	0	129	39.9457364341085
A_NP	880	129	G	1	0	128	41.4609375
A_NP	881	129	A	1	0	129	41.4418604651163
A_NP	882	130	A	0	0	130	41.4153846153846
A_NP	883	130	G	0	0	130	40.6
A_NP	884	130	G	0	0	130	41.0923076923077
A_NP	885	130	G	0	0	130	41.8076923076923
A_NP	886	129	T	1	0	129	42.3333333333333
A_NP	887	128	A	2	0	128	41.71875
A_NP	888	128	C	2	0	127	41.2125984251969
A_NP	889	129	T	1	0	129	41.5813953488372
A_NP	890	129	C	1	0	128	40.5546875
A_NP	891	129	A	1	0	129	40.6744186046512
A_NP	892	129	C	1	0	129	39.9147286821705
A_NP	893	129	T	1	0	129	39.7519379844961
A_NP	894	130	G	0	0	129	34.6589147286822
A_NP	895	130	G	0	0	130	34.5307692307692
A_NP	896	130	T	0	0	130	33.8692307692308
A_NP	897	130	C	0	0	128	32.6171875
A_NP	898	128	G	2	0	125	32.664
A_NP	899	128	G	2	0	126	32.8015873015873
A_NP	900	129	A	1	0	128	32.3359375
A_NP	901	129	A	1	0	129	32.5426356589147
A_NP	902	129	T	1	0	127	34.259842519685
A_NP	903	129	A	1	0	125	34.536
A_NP	904	129	G	1	0	128	34.03125
A_NP	905	127	A	3	0	126	34.2380952380952
A_NP	906	129	C	1	0	128	34.40625
A_NP	907	130	C	0	0	129	35.3023255813954
A_NP	908	130	C	0	0	129	37
A_NP	909	130	A	0	0	130	36
A_NP	910	130	T	0	0	130	39.2230769230769
A_NP	911	130	T	0	0	130	39.4
A_NP	912	128	C	2	0	128	37.9375
A_NP	913	130	A	0	0	129	37.2480620155039
A_NP	914	130	A	0	0	129	37.2170542635659
A_NP	915	130	A	0	0	130	36.8384615384615
A_NP	916	130	T	0	0	130	37.1923076923077
A_NP	917	130	T	0	0	130	37.6923076923077
A_NP	918	130	A	0	0	130	37.1615384615385
A_NP	919	129	C	1	0	129	37.6976744186046
A_NP	920	130	T	0	0	130	37.7692307692308
A_NP	921	130	C	0	0	129	37.3178294573643
A_NP	922	130	C	0	0	130	38.1615384615385
A_NP	923	129	A	1	0	128	39
A_NP	924	130	A	0	0	130	39.8461538461538
A_NP	925	130	A	0	0	130	41.5307692307692
A_NP	926	130	A	0	0	130	41.6615384615385
A_NP	927	130	C	0	0	130	42.2692307692308
A_NP	928	130	A	0	0	130	41.5153846153846
A_NP	929	130	G	0	0	130	41.3384615384615
A_NP	930	130	T	0	0	130	41.3923076923077
A_NP	931	130	C	0	0	130	41.3692307692308
A_NP	932	128	A	2	0	128	40.9921875
A_NP	933	130	A	0	0	130	41.5692307692308
A_NP	934	130	G	0	0	130	40.7923076923077
A_NP	935	130	T	0	0	130	40.9923076923077
A_NP	936	130	G	0	0	130	40.2153846153846
A_NP	937	130	G	0	0	130	41.3384615384615
A_NP	938	130	T	0	0	130	41.2076923076923
A_NP	939	130	C	0	0	130	40.0461538461538
A_NP	940	130	A	0	0	130	41.0307692307692
A_NP	941	130	G	0	0	130	41.5461538461538
A_NP	942	130	C	0	0	130	41.0846153846154
A_NP	943	130	C	0	0	130	41.4692307692308
A_NP	944	130	T	0	0	129	42.031007751938
A_NP	945	130	G	0	0	130	40.7307692307692
A_NP	946	130	A	0	0	130	40.8769230769231
A_NP	947	130	T	0	0	130	40.9923076923077
A_NP	948	130	G	0	0	130	40.2384615384615
A_NP	949	130	A	0	0	127	40.9055118110236
A_NP	950	130	G	0	0	127	40.4330708661417
A_NP	951	130	A	0	0	128	40.3125
A_NP	952	130	C	0	0	129	41.1937984496124
A_NP	953	130	C	0	0	129	40.8837209302326
A_NP	954	117	A	13	0	116	40.7586206896552
A_NP	955	130	A	0	0	130	40.7769230769231
A_NP	956	130	A	0	0	130	41.2923076923077
A_NP	957	130	T	0	0	129	40.2403100775194
A_NP	958	130	G	0	0	129	40.9147286821705
A_NP	959	129	A	1	0	129	40.3953488372093
A_NP	960	129	A	1	0	129	40.5736434108527
A_NP	961	130	A	0	0	130	40.4
A_NP	962	130	A	0	0	130	41.1153846153846
A_NP	963	130	T	0	0	130	41.8307692307692
A_NP	964	130	C	0	0	130	40.9538461538462
A_NP	965	130	C	0	0	130	41.1461538461538
A_NP	966	129	A	0	0	129	40.5271317829457
A_NP	967	129	G	0	0	129	40.5426356589147
A_NP	968	129	C	0	0	129	40.5658914728682
A_NP	969	129	T	0	0	129	40.8062015503876
A_NP	970	129	C	0	0	129	38.7674418604651
A_NP	971	129	A	0	0	129	38.046511627907
A_NP	972	129	C	0	0	129	35.3488372093023
A_NP	973	129	A	0	0	129	33.5038759689922
A_NP	974	129	A	0	0	129	35.1705426356589
A_NP	975	129	G	0	0	110	36.2636363636364
A_NP	976	129	A	0	0	129	37.7441860465116
A_NP	977	129	G	0	0	129	38.5193798449612
A_NP	978	129	T	0	0	129	39.9147286821705
A_NP	979	129	C	0	0	129	39.3875968992248
A_NP	980	129	A	0	0	129	40.2248062015504
A_NP	981	129	A	0	0	129	39.8759689922481
A_NP	982	129	C	0	0	129	41.1395348837209
A_NP	983	129	T	0	0	129	40.8992248062016
A_NP	984	129	G	0	0	129	41.8682170542636
A_NP	985	129	G	0	0	129	42.3410852713178
A_NP	986	129	T	0	0	128	43.1640625
A_NP	987	129	A	0	0	129	42.3100775193798
A_NP	988	129	T	0	0	129	43.4418604651163
A_NP	989	129	G	0	0	129	42.5116279069767
A_NP	990	129	G	0	0	129	43.046511627907
A_NP	991	129	A	0	0	129	42.3643410852713
A_NP	992	129	T	0	0	129	43.5891472868217
A_NP	993	129	G	0	0	129	42.6434108527132
A_NP	994	129	G	0	0	129	42.6201550387597
A_NP	995	129	C	0	0	129	41.4263565891473
A_NP	996	129	A	0	0	129	41.7674418604651
A_NP	997	129	T	0	0	129	41.3488372093023
A_NP	998	129	G	0	0	129	41.3643410852713
A_NP	999	129	C	0	0	129	41.2558139534884
A_NP	1000	129	C	0	0	128	41.390625
A_NP	1001	129	A	0	0	129	40.9302325581395
A_NP	1002	129	C	0	0	129	40.968992248062
A_NP	1003	129	T	0	0	129	40.5348837209302
A_NP	1004	129	C	0	0	128	40.6796875
A_NP	1005	129	C	0	0	129	39.7906976744186
A_NP	1006	129	G	0	0	128	38.3515625
A_NP	1007	129	C	0	0	128	38.2421875
A_NP	1008	129	T	0	0	129	37.3953488372093
A_NP	1009	129	G	0	0	128	38.328125
A_NP	1010	130	C	0	0	130	39.3846153846154
A_NP	1011	130	A	0	0	130	40.4384615384615
A_NP	1012	130	T	0	0	130	40.8538461538462
A_NP	1013	130	T	0	0	130	40.3307692307692
A_NP	1014	130	T	0	0	130	40.8846153846154
A_NP	1015	130	G	0	0	130	39.6461538461538
A_NP	1016	130	A	0	0	130	40.4769230769231
A_NP	1017	130	A	0	0	130	39.9230769230769
A_NP	1018	130	G	0	0	129	39.6899224806202
A_NP	1019	130	A	0	0	130	39.1538461538462
A_NP	1020	130	T	0	0	130	39.3230769230769
A_NP	1021	130	T	0	0	128	39.0390625
A_NP	1022	130	T	0	0	130	37.5615384615385
A_NP	1023	130	G	0	0	130	36.2846153846154
A_NP	1024	130	A	0	0	130	36.6769230769231
A_NP	1025	130	G	0	0	129	37.1860465116279
A_NP	1026	130	A	0	0	130	39.3692307692308
A_NP	1027	130	G	0	0	129	40.9457364341085
A_NP	1028	130	T	0	0	130	40.8615384615385
A_NP	1029	130	A	0	0	130	41.2153846153846
A_NP	1030	130	T	0	0	128	40.7890625
A_NP	1031	129	C	1	0	127	39.5433070866142
A_NP	1032	130	A	0	0	130	39.0384615384615
A_NP	1033	129	A	1	0	128	38.9453125
A_NP	1034	130	G	1	0	129	37.9147286821705
A_NP	1035	130	T	1	0	129	38.6434108527132
A_NP	1036	130	T	1	0	130	39.3307692307692
A_NP	1037	130	T	1	0	129	40.3798449612403
A_NP	1038	131	C	0	0	130	38.4307692307692
A_NP	1039	131	A	0	0	130	38.0307692307692
A_NP	1040	131	T	0	0	131	38.3206106870229
A_NP	1041	131	A	0	0	130	37.5076923076923
A_NP	1042	131	A	0	0	131	36.8854961832061
A_NP	1043	115	G	16	0	115	35.3304347826087
A_NP	1044	132	G	0	0	132	36.5454545454545
A_NP	1045	132	G	0	0	132	37.5757575757576
A_NP	1046	132	G	0	0	131	36.1832061068702
A_NP	1047	132	A	0	0	132	37.1363636363636
A_NP	1048	132	A	0	0	131	39.2519083969466
A_NP	1049	132	A	0	0	131	40.3740458015267
A_NP	1050	132	G	0	0	132	38.8030303030303
A_NP	1051	132	A	0	0	132	39.469696969697
A_NP	1052	132	A	0	0	132	39.6363636363636
A_NP	1053	132	A	0	0	132	39.5757575757576
A_NP	1054	132	G	0	0	132	37.9848484848485
A_NP	1055	131	T	1	0	131	38.7022900763359
A_NP	1056	132	G	0	0	130	38.3615384615385
A_NP	1057	132	A	0	0	132	37.8484848484849
A_NP	1058	132	T	0	0	132	36.8409090909091
A_NP	1059	131	C	1	0	131	34.6641221374046
A_NP	1060	131	C	1	0	131	35.3511450381679
A_NP	1061	131	C	1	0	131	35.412213740458
A_NP	1062	132	A	0	0	132	32.1363636363636
A_NP	1063	131	A	1	0	130	32.7384615384615
A_NP	1064	131	G	1	0	130	34.7538461538462
A_NP	1065	132	A	0	0	131	33.0763358778626
A_NP	1066	131	G	1	0	131	33.4961832061069
A_NP	1067	132	G	0	0	132	36.9772727272727
A_NP	1068	132	A	0	0	132	37.0530303030303
A_NP	1069	132	A	0	0	132	37.4166666666667
A_NP	1070	132	A	0	0	132	38.5378787878788
A_NP	1071	132	G	0	0	131	37.8320610687023
A_NP	1072	132	C	0	0	132	38.5909090909091
A_NP	1073	133	T	0	0	133	39.0751879699248
A_NP	1074	133	T	0	0	133	39.0526315789474
A_NP	1075	133	T	0	0	133	40.2781954887218
A_NP	1076	132	C	1	0	132	39.2651515151515
A_NP	1077	132	C	1	0	132	39.1590909090909
A_NP	1078	132	A	1	0	132	36.5227272727273
A_NP	1079	133	C	0	0	133	36.1428571428571
A_NP	1080	131	A	2	0	131	34.7786259541985
A_NP	1081	131	A	1	0	131	33.0916030534351
A_NP	1082	132	G	0	0	132	33.5530303030303
A_NP	1083	132	A	0	0	132	33.8409090909091
A_NP	1084	132	G	0	0	132	33.6439393939394
A_NP	1085	132	G	0	0	132	36.1515151515151
A_NP	1086	132	G	0	0	132	38.9772727272727
A_NP	1087	132	G	0	0	132	39.9469696969697
A_NP	1088	132	T	0	0	132	40.3106060606061
A_NP	1089	132	T	0	0	130	40.9384615384615
A_NP	1090	131	C	1	0	130	40.2307692307692
A_NP	1091	132	A	0	0	131	40.2442748091603
A_NP	1092	132	G	0	0	131	40.2671755725191
A_NP	1093	132	A	0	0	131	40.7022900763359
A_NP	1094	132	T	0	0	131	41.5267175572519
A_NP	1095	132	T	0	0	132	41.5227272727273
A_NP	1096	131	G	1	0	131	41.1450381679389
A_NP	1097	131	C	1	0	131	40.9236641221374
A_NP	1098	130	T	2	0	130	41.2153846153846
A_NP	1099	131	T	1	0	131	40.9236641221374
A_NP	1100	131	C	1	0	131	39.5801526717557
A_NP	1101	131	A	1	0	130	40.1923076923077
A_NP	1102	131	A	0	0	131	40.7480916030534
A_NP	1103	131	A	0	0	131	40.5496183206107
A_NP	1104	131	T	0	0	131	39.2595419847328
A_NP	1105	131	G	0	0	131	39.5954198473282
A_NP	1106	131	A	0	0	131	40.0076335877863
A_NP	1107	131	G	0	0	131	39.8091603053435
A_NP	1108	131	A	0	0	131	40.412213740458
A_NP	1109	131	A	0	0	131	40.6564885496183
A_NP	1110	131	T	0	0	131	40.0076335877863
A_NP	1111	131	G	0	0	131	40.206106870229
A_NP	1112	131	T	0	0	131	41.8625954198473
A_NP	1113	131	G	0	0	131	41.1984732824427
A_NP	1114	131	G	0	0	131	41.3969465648855
A_NP	1115	131	A	0	0	131	41.8320610687023
A_NP	1116	131	A	0	0	131	43.2900763358779
A_NP	1117	131	A	0	0	131	43.7099236641221
A_NP	1118	131	C	0	0	131	43.7786259541985
A_NP	1119	131	C	0	0	131	43.8015267175573
A_NP	1120	131	A	0	0	131	42.5725190839695
A_NP	1121	131	T	0	0	131	42.5801526717557
A_NP	1122	131	G	0	0	131	41.2824427480916
A_NP	1123	131	G	0	0	131	41.3358778625954
A_NP	1124	131	A	0	0	131	40.6793893129771
A_NP	1125	130	C	1	0	130	40.3538461538462
A_NP	1126	130	T	1	0	129	41.0232558139535
A_NP	1127	131	C	0	0	130	41.3692307692308
A_NP	1128	131	C	0	0	131	41.2900763358779
A_NP	1129	131	A	0	0	129	40.8139534883721
A_NP	1130	131	A	0	0	131	40.8549618320611
A_NP	1131	131	C	0	0	131	40.8778625954198
A_NP	1132	131	A	0	0	131	40.2137404580153
A_NP	1133	132	C	0	0	132	40.4469696969697
A_NP	1134	132	C	0	0	132	40.0075757575758
A_NP	1135	137	C	0	0	137	40.3065693430657
A_NP	1136	137	T	0	0	137	39.1751824817518
A_NP	1137	137	G	0	0	137	39.0802919708029
A_NP	1138	137	G	0	0	137	39.1678832116788
A_NP	1139	137	A	0	0	137	39.029197080292
A_NP	1140	137	A	0	0	137	38.8905109489051
A_NP	1141	137	C	0	0	137	39.7956204379562
A_NP	1142	137	T	0	0	137	40.1313868613139
A_NP	1143	137	A	0	0	136	38.6029411764706
A_NP	1144	137	A	0	0	136	38.4044117647059
A_NP	1145	137	G	0	0	136	37.8308823529412
A_NP	1146	137	A	0	0	137	39.2408759124088
A_NP	1147	137	A	0	0	137	40.3138686131387
A_NP	1148	137	G	0	0	137	40.8467153284672
A_NP	1149	137	C	1	0	137	41.8175182481752
A_NP	1150	138	A	0	0	138	41.8913043478261
A_NP	1151	138	G	0	0	138	41.4347826086956
A_NP	1152	138	A	0	0	138	40.8188405797101
A_NP	1153	138	T	0	0	138	41.5869565217391
A_NP	1154	138	A	0	0	137	40.2700729927007
A_NP	1155	138	C	0	0	138	38.9492753623188
A_NP	1156	138	T	0	0	138	38.3768115942029
A_NP	1157	137	G	1	0	136	37.25
A_NP	1158	138	G	0	0	137	36.7007299270073
A_NP	1159	138	G	0	0	138	35.8913043478261
A_NP	1160	138	C	0	0	138	36.4492753623188
A_NP	1161	138	C	0	0	137	37.1897810218978
A_NP	1162	138	A	0	0	137	39.0656934306569
A_NP	1163	138	T	0	0	138	40.1376811594203
A_NP	1164	135	A	3	0	135	38.2962962962963
A_NP	1165	138	A	0	0	138	37.1304347826087
A_NP	1166	138	G	0	0	138	36.4782608695652
A_NP	1167	138	A	0	0	138	36.7898550724638
A_NP	1168	138	A	0	0	138	36.4202898550725
A_NP	1169	137	C	1	0	137	38.1240875912409
A_NP	1170	138	C	0	0	138	38.0797101449275
A_NP	1171	138	A	0	0	138	37.6304347826087
A_NP	1172	138	G	0	0	138	38.8478260869565
A_NP	1173	138	G	0	0	138	38.6594202898551
A_NP	1174	138	A	0	0	138	39.1304347826087
A_NP	1175	138	G	0	0	138	39.036231884058
A_NP	1176	138	T	0	0	138	40.0507246376812
A_NP	1177	138	G	0	0	138	38.8840579710145
A_NP	1178	138	G	0	0	138	38.1594202898551
A_NP	1179	138	A	0	0	138	38.036231884058
A_NP	1180	138	G	0	0	138	38.4855072463768
A_NP	1181	137	G	1	0	137	39.1678832116788
A_NP	1182	137	A	1	0	137	38.1459854014599
A_NP	1183	137	A	1	0	137	39.6934306569343
A_NP	1184	138	A	0	0	138	40.7391304347826
A_NP	1185	138	T	0	0	138	40.0072463768116
A_NP	1186	138	A	0	0	138	39.4420289855072
A_NP	1187	138	C	0	0	138	40.0217391304348
A_NP	1188	138	C	0	0	138	38.7173913043478
A_NP	1189	138	A	0	0	137	38.0948905109489
A_NP	1190	138	A	0	0	138	37.5144927536232
A_NP	1191	138	T	0	0	138	39.4565217391304
A_NP	1192	138	C	0	0	138	39.4130434782609
A_NP	1193	138	A	0	0	138	39.0144927536232
A_NP	1194	138	A	0	0	138	39.4782608695652
A_NP	1195	138	C	0	0	138	38.5869565217391
A_NP	1196	138	A	0	0	138	37.7101449275362
A_NP	1197	138	G	0	0	138	40.4130434782609
A_NP	1198	138	A	0	0	138	41.7101449275362
A_NP	1199	138	A	0	0	138	41.9710144927536
A_NP	1200	138	G	0	0	138	41.6376811594203
A_NP	1201	138	G	0	0	138	41.304347826087
A_NP	1202	138	C	0	0	138	41.7898550724638
A_NP	1203	138	A	0	0	138	40.7971014492754
A_NP	1204	138	T	0	0	138	42.1594202898551
A_NP	1205	138	C	0	0	138	42.0144927536232
A_NP	1206	138	T	0	0	138	43.0434782608696
A_NP	1207	138	G	0	0	138	41.9347826086956
A_NP	1208	138	C	0	0	138	41.9130434782609
A_NP	1209	138	A	0	0	138	40.2391304347826
A_NP	1210	138	G	0	0	138	40.3840579710145
A_NP	1211	138	G	0	0	138	39.6376811594203
A_NP	1212	138	T	0	0	138	40.5144927536232
A_NP	1213	137	C	1	0	135	40.7111111111111
A_NP	1214	138	A	0	0	138	40.9275362318841
A_NP	1215	137	G	1	0	137	39.8248175182482
A_NP	1216	137	A	1	0	136	40.8088235294118
A_NP	1217	138	T	0	0	138	39.1521739130435
A_NP	1218	138	C	0	0	137	38.1970802919708
A_NP	1219	138	A	0	0	138	38.4130434782609
A_NP	1220	138	G	0	0	138	38.4420289855072
A_NP	1221	138	T	0	0	138	38.9710144927536
A_NP	1222	138	G	0	0	138	38.7898550724638
A_NP	1223	138	T	0	0	138	40.9565217391304
A_NP	1224	138	G	0	0	138	40.3333333333333
A_NP	1225	138	C	0	0	138	40.7971014492754
A_NP	1226	138	A	0	0	138	41.0507246376812
A_NP	1227	138	G	0	0	138	41.4275362318841
A_NP	1228	138	C	0	0	138	41.6086956521739
A_NP	1229	138	C	0	0	138	40.6376811594203
A_NP	1230	137	T	1	0	136	41.7720588235294
A_NP	1231	138	A	0	0	137	41.5985401459854
A_NP	1232	138	C	0	0	138	42.5217391304348
A_NP	1233	138	A	0	0	138	41.7463768115942
A_NP	1234	138	T	0	0	137	42.8394160583942
A_NP	1235	138	T	0	0	138	42.768115942029
A_NP	1236	138	C	0	0	138	42.3985507246377
A_NP	1237	138	T	0	0	137	42.2116788321168
A_NP	1238	138	C	0	0	138	41.2536231884058
A_NP	1239	138	A	0	0	138	41.3623188405797
A_NP	1240	138	G	0	0	138	41.1594202898551
A_NP	1241	138	T	0	0	138	41.1666666666667
A_NP	1242	138	G	0	0	138	41.4347826086956
A_NP	1243	138	C	0	0	138	41.8840579710145
A_NP	1244	138	A	0	0	138	42.304347826087
A_NP	1245	138	G	0	0	138	41.7536231884058
A_NP	1246	138	C	0	0	138	41.0652173913044
A_NP	1247	138	G	0	0	138	39.9275362318841
A_NP	1248	138	A	0	0	138	39.9855072463768
A_NP	1249	138	A	0	0	138	39.7608695652174
A_NP	1250	138	A	0	0	138	40.1086956521739
A_NP	1251	138	T	0	0	138	41.6014492753623
A_NP	1252	138	C	0	0	137	42.7591240875912
A_NP	1253	138	T	0	0	137	42.7007299270073
A_NP	1254	138	C	0	0	136	41.6838235294118
A_NP	1255	138	C	0	0	138	41.0289855072464
A_NP	1256	138	C	0	0	138	39.6521739130435
A_NP	1257	134	T	4	0	133	38.8496240601504
A_NP	1258	138	T	0	0	138	38.8333333333333
A_NP	1259	138	T	0	0	138	41.6086956521739
A_NP	1260	138	T	0	0	137	40.0948905109489
A_NP	1261	138	G	0	0	137	35.6277372262774
A_NP	1262	138	A	0	0	138	39.2898550724638
A_NP	1263	138	A	0	0	138	39.3623188405797
A_NP	1264	138	A	0	0	138	39.9710144927536
A_NP	1265	138	G	0	0	136	40.2205882352941
A_NP	1266	138	A	0	0	137	40.9197080291971
A_NP	1267	138	G	0	0	137	40.963503649635
A_NP	1268	138	C	0	0	137	41.0510948905109
A_NP	1269	138	A	0	0	137	41.2262773722628
A_NP	1270	138	A	0	0	138	40.9202898550725
A_NP	1271	138	C	0	0	138	41.1304347826087
A_NP	1272	138	C	0	0	138	40.9855072463768
A_NP	1273	138	A	0	0	138	40.4420289855072
A_NP	1274	138	T	0	0	138	41.731884057971
A_NP	1275	138	T	0	0	138	42.3623188405797
A_NP	1276	138	A	0	0	138	40.9420289855072
A_NP	1277	138	T	0	0	137	40.5547445255474
A_NP	1278	138	G	0	0	138	39.8333333333333
A_NP	1279	138	G	0	0	138	39.0217391304348
A_NP	1280	138	C	0	0	138	38.9492753623188
A_NP	1281	138	A	0	0	138	37.3478260869565
A_NP	1282	138	G	0	0	138	40.804347826087
A_NP	1283	138	C	0	0	138	41.2898550724638
A_NP	1284	138	A	0	0	138	41.6521739130435
A_NP	1285	138	T	0	0	138	42.3333333333333
A_NP	1286	138	T	0	0	138	42.1159420289855
A_NP	1287	137	C	0	0	137	41.4817518248175
A_NP	1288	137	A	0	0	137	41.2189781021898
A_NP	1289	137	G	0	0	137	41.3065693430657
A_NP	1290	137	C	0	0	137	39.6861313868613
A_NP	1291	137	G	0	0	137	38.3722627737226
A_NP	1292	137	G	0	0	137	38.4817518248175
A_NP	1293	137	A	0	0	137	39
A_NP	1294	136	A	0	0	136	39.2720588235294
A_NP	1295	136	A	0	0	136	40.7426470588235
A_NP	1296	136	C	0	0	136	42.9558823529412
A_NP	1297	136	A	0	0	136	41.1397058823529
A_NP	1298	136	A	0	0	136	41.9926470588235
A_NP	1299	136	T	0	0	136	42.3970588235294
A_NP	1300	136	G	0	0	136	40.4926470588235
A_NP	1301	136	A	0	0	135	40.2592592592593
A_NP	1302	136	A	0	0	136	40.4485294117647
A_NP	1303	135	G	1	0	135	39.8444444444444
A_NP	1304	135	G	1	0	135	40.5481481481482
A_NP	1305	135	A	1	0	135	40.3703703703704
A_NP	1306	135	C	1	0	135	39.0222222222222
A_NP	1307	136	G	0	0	136	37.1323529411765
A_NP	1308	136	G	0	0	136	37.2794117647059
A_NP	1309	136	A	0	0	136	36.8529411764706
A_NP	1310	136	C	0	0	136	37.5588235294118
A_NP	1311	136	A	0	0	136	39.4191176470588
A_NP	1312	136	T	0	0	136	41.6544117647059
A_NP	1313	136	C	0	0	135	41.2666666666667
A_NP	1314	136	C	0	0	136	40.8529411764706
A_NP	1315	136	G	0	0	136	40.5735294117647
A_NP	1316	136	A	0	0	136	40.2720588235294
A_NP	1317	137	C	0	0	137	40.043795620438
A_NP	1318	137	A	0	0	137	39.3503649635037
A_NP	1319	137	T	0	0	137	40.0875912408759
A_NP	1320	137	G	0	0	137	40.5985401459854
A_NP	1321	137	C	0	0	137	39.7372262773723
A_NP	1322	137	G	0	0	136	38.5661764705882
A_NP	1323	138	A	0	0	138	37.6811594202899
A_NP	1324	138	A	0	0	138	37.9275362318841
A_NP	1325	138	C	0	0	138	37.8695652173913
A_NP	1326	138	A	0	0	137	37.956204379562
A_NP	1327	138	G	0	0	138	39.4710144927536
A_NP	1328	138	A	0	0	137	41.2481751824818
A_NP	1329	138	A	0	0	138	40.4492753623188
A_NP	1330	138	G	0	0	136	39.7794117647059
A_NP	1331	138	T	0	0	138	39.8478260869565
A_NP	1332	138	T	0	0	137	39.2189781021898
A_NP	1333	138	A	0	0	138	39.2028985507246
A_NP	1334	138	T	0	0	138	39.7826086956522
A_NP	1335	135	A	3	0	135	40.6592592592593
A_NP	1336	136	A	2	0	136	41.4411764705882
A_NP	1337	137	G	1	0	136	40.0588235294118
A_NP	1338	138	A	0	0	138	39.5652173913044
A_NP	1339	138	A	0	0	138	40.3333333333333
A_NP	1340	138	T	0	0	138	41.536231884058
A_NP	1341	138	G	0	0	137	40.4817518248175
A_NP	1342	138	A	0	0	138	41.5217391304348
A_NP	1343	138	T	0	0	138	41.8188405797101
A_NP	1344	138	G	0	0	138	41.2826086956522
A_NP	1345	138	G	0	0	138	40.9782608695652
A_NP	1346	138	A	0	0	137	41.2554744525547
A_NP	1347	138	A	0	0	138	40.6666666666667
A_NP	1348	138	A	0	0	138	42.3550724637681
A_NP	1349	138	G	0	0	138	40.1739130434783
A_NP	1350	138	T	0	0	138	39.7608695652174
A_NP	1351	138	G	0	0	138	39.4927536231884
A_NP	1352	138	C	0	0	138	39.9855072463768
A_NP	1353	138	A	0	0	138	38.6521739130435
A_NP	1354	138	A	0	0	138	39.5
A_NP	1355	138	A	0	0	138	41.1159420289855
A_NP	1356	138	G	0	0	138	40.8188405797101
A_NP	1357	137	C	1	0	137	41.0948905109489
A_NP	1358	138	C	0	0	138	41.5579710144928
A_NP	1359	138	A	0	0	138	40.9565217391304
A_NP	1360	138	G	0	0	138	40.3985507246377
A_NP	1361	138	A	0	0	138	39.4855072463768
A_NP	1362	138	G	0	0	138	37.6521739130435
A_NP	1363	138	G	0	0	137	37.6715328467153
A_NP	1364	138	A	0	0	137	38.7445255474453
A_NP	1365	138	T	0	0	138	37.9782608695652
A_NP	1366	138	T	0	0	138	38.8478260869565
A_NP	1367	138	T	0	0	138	39.7536231884058
A_NP	1368	138	G	0	0	137	39.7883211678832
A_NP	1369	138	T	0	0	138	40.4927536231884
A_NP	1370	138	C	0	0	137	39.7226277372263
A_NP	1371	138	C	0	0	138	38.9855072463768
A_NP	1372	138	T	0	0	137	38.9270072992701
A_NP	1373	138	T	0	0	138	39.2028985507246
A_NP	1374	139	C	0	0	139	37.1726618705036
A_NP	1375	139	C	0	0	139	36.9568345323741
A_NP	1376	139	A	0	0	139	34.3956834532374
A_NP	1377	138	G	1	0	138	34.7971014492754
A_NP	1378	139	G	0	0	139	37.3453237410072
A_NP	1379	139	G	0	0	139	39.0359712230216
A_NP	1380	139	G	0	0	139	38.4244604316547
A_NP	1381	139	C	0	0	139	38.3884892086331
A_NP	1382	130	G	9	0	130	35.9615384615385
A_NP	1383	137	G	2	0	137	36.1094890510949
A_NP	1384	139	G	0	0	139	36.4820143884892
A_NP	1385	139	G	0	0	136	35.2058823529412
A_NP	1386	139	A	0	0	139	37.3237410071942
A_NP	1387	139	G	0	0	137	36.8029197080292
A_NP	1388	138	T	1	0	137	37.7080291970803
A_NP	1389	138	C	1	0	136	37.2867647058824
A_NP	1390	138	T	1	0	138	37.5579710144928
A_NP	1391	139	T	0	0	138	37.8260869565217
A_NP	1392	139	C	0	0	136	35.9852941176471
A_NP	1393	136	G	3	0	134	35
A_NP	1394	139	A	0	0	139	34.0431654676259
A_NP	1395	139	G	0	0	139	34.7338129496403
A_NP	1396	139	C	0	0	138	34.6086956521739
A_NP	1397	139	T	0	0	137	35.0656934306569
A_NP	1398	138	C	1	0	138	35.7101449275362
A_NP	1399	138	T	1	0	138	35.2536231884058
A_NP	1400	138	C	1	0	138	33.3333333333333
A_NP	1401	138	G	1	0	137	31.3649635036496
A_NP	1402	138	G	1	0	137	31.6423357664234
A_NP	1403	139	A	0	0	139	31.0791366906475
A_NP	1404	139	C	0	0	139	30.6906474820144
A_NP	1405	136	G	3	0	131	26.9618320610687
A_NP	1406	138	A	2	0	138	27.7463768115942
A_NP	1407	140	A	0	0	139	28.7769784172662
A_NP	1408	140	A	0	0	139	29.294964028777
A_NP	1409	140	A	0	0	139	29.589928057554
A_NP	1410	140	G	0	0	140	34.3
A_NP	1411	140	G	0	0	139	35.4028776978417
A_NP	1412	139	C	1	0	139	34.1510791366906
A_NP	1413	138	A	2	0	137	34.0802919708029
A_NP	1414	138	A	2	0	138	33.768115942029
A_NP	1415	138	C	2	0	138	34.4057971014493
A_NP	1416	137	G	3	0	135	32.9925925925926
A_NP	1417	140	A	0	0	140	32.1857142857143
A_NP	1418	140	A	0	0	139	32.726618705036
A_NP	1419	140	C	0	0	138	32.7101449275362
A_NP	1420	140	C	0	0	140	32.95
A_NP	1421	140	C	0	0	140	33.5857142857143
A_NP	1422	140	G	0	0	139	33.0719424460432
A_NP	1423	139	A	1	0	139	33.6043165467626
A_NP	1424	140	T	0	0	140	34.5214285714286
A_NP	1425	140	C	0	0	138	34.8260869565217
A_NP	1426	140	G	0	0	140	36.7928571428571
A_NP	1427	140	T	0	0	139	37.3309352517986
A_NP	1428	140	G	0	0	140	36.3857142857143
A_NP	1429	140	C	0	0	140	36.6714285714286
A_NP	1430	140	C	0	0	140	37.35
A_NP	1431	140	T	0	0	140	37.7714285714286
A_NP	1432	140	T	0	0	140	37.5
A_NP	1433	140	C	0	0	140	36.1571428571429
A_NP	1434	140	C	0	0	140	35.7
A_NP	1435	140	T	0	0	139	36.4964028776978
A_NP	1436	140	T	0	0	140	37.1285714285714
A_NP	1437	140	T	0	0	140	37.9785714285714
A_NP	1438	140	G	0	0	140	34.8142857142857
A_NP	1439	140	A	0	0	140	35.7285714285714
A_NP	1440	140	C	0	0	140	38.3
A_NP	1441	140	A	0	0	140	37.7714285714286
A_NP	1442	140	T	0	0	140	38.85
A_NP	1443	140	G	0	0	139	38.863309352518
A_NP	1444	139	A	1	0	138	38.4565217391304
A_NP	1445	139	G	1	0	137	38.9051094890511
A_NP	1446	138	T	2	0	136	39.9411764705882
A_NP	1447	140	A	0	0	140	39.3642857142857
A_NP	1448	140	A	0	0	140	40.8857142857143
A_NP	1449	140	T	0	0	139	40.6258992805755
A_NP	1450	140	G	0	0	139	40.5251798561151
A_NP	1451	138	A	2	0	138	40.8260869565217
A_NP	1452	137	A	3	0	134	40.7985074626866
A_NP	1453	138	G	2	0	138	40.1014492753623
A_NP	1454	140	G	0	0	139	39.6258992805755
A_NP	1455	140	G	0	0	140	40.1857142857143
A_NP	1456	140	T	0	0	139	40.7482014388489
A_NP	1457	140	C	0	0	139	39.1007194244604
A_NP	1458	138	T	2	0	138	39.1666666666667
A_NP	1459	140	T	0	0	137	40.1678832116788
A_NP	1460	140	A	0	0	140	39.2357142857143
A_NP	1461	140	T	0	0	140	39.95
A_NP	1462	140	T	0	0	137	40.4744525547445
A_NP	1463	140	T	0	0	139	39.4604316546763
A_NP	1464	140	C	0	0	140	38.0357142857143
A_NP	1465	140	T	0	0	140	38.6
A_NP	1466	139	T	1	0	138	38.5072463768116
A_NP	1467	138	C	2	0	135	37.6814814814815
A_NP	1468	139	G	1	0	139	36.2517985611511
A_NP	1469	140	G	0	0	140	36.3714285714286
A_NP	1470	140	A	0	0	140	35.9214285714286
A_NP	1471	140	G	0	0	140	36.0357142857143
A_NP	1472	140	A	0	0	140	36.6785714285714
A_NP	1473	140	C	0	0	140	37.55
A_NP	1474	140	A	0	0	139	35.4244604316547
A_NP	1475	140	A	0	0	140	35.6714285714286
A_NP	1476	140	T	0	0	139	35.7194244604317
A_NP	1477	140	G	0	0	140	35.4928571428571
A_NP	1478	140	C	0	0	140	36.4357142857143
A_NP	1479	139	A	1	0	139	37.6690647482014
A_NP	1480	140	G	0	0	140	36.7571428571429
A_NP	1481	140	A	0	0	140	36.5928571428571
A_NP	1482	140	G	0	0	140	36.15
A_NP	1483	140	G	0	0	140	36.7857142857143
A_NP	1484	140	A	0	0	140	36.9928571428571
A_NP	1485	140	G	0	0	140	36.1571428571429
A_NP	1486	140	T	0	0	140	35.1214285714286
A_NP	1487	140	A	0	0	140	35.1428571428571
A_NP	1488	140	T	0	0	140	37.4428571428571
A_NP	1489	140	G	0	0	140	38.0214285714286
A_NP	1490	140	A	0	0	140	39.2642857142857
A_NP	1491	140	C	0	0	140	40.6285714285714
A_NP	1492	140	A	0	0	140	39.1214285714286
A_NP	1493	140	A	0	0	140	38.9285714285714
A_NP	1494	140	T	0	0	140	39.1642857142857
A_NP	1495	140	T	0	0	140	38.65
A_NP	1496	137	G	0	0	137	37.4379562043796
A_NP	1497	137	A	0	0	137	38.5255474452555
