Reference_Name	Position	Coverage Depth	Consensus	Deletions	Ambiguous	Consensus_Count	Consensus_Average_Quality
A_NS	1	880	A	0	0	880	40.1420454545455
A_NS	2	880	T	0	0	880	40.0056818181818
A_NS	3	882	G	0	0	882	39.7528344671202
A_NS	4	882	G	0	0	881	39.7457434733258
A_NS	5	884	A	0	0	883	39.242355605889
A_NS	6	884	A	0	0	883	39.1812004530011
A_NS	7	884	T	0	0	884	39.316742081448
A_NS	8	884	C	0	0	883	39.2117780294451
A_NS	9	885	C	0	0	884	39.2658371040724
A_NS	10	886	A	0	0	885	38.6011299435028
A_NS	11	887	A	0	0	887	38.4058624577227
A_NS	12	887	C	0	0	886	38.8871331828442
A_NS	13	887	A	0	0	885	38.8610169491525
A_NS	14	887	C	0	0	887	39.4904171364149
A_NS	15	887	C	0	0	885	39.6553672316384
A_NS	16	888	A	0	0	887	39.749718151071
A_NS	17	889	T	0	0	888	39.7747747747748
A_NS	18	889	G	0	0	888	40.2567567567568
A_NS	19	889	T	0	0	888	40.920045045045
A_NS	20	889	C	0	0	886	40.3656884875846
A_NS	21	889	A	0	0	885	40.6553672316384
A_NS	22	889	A	0	0	889	40.7919010123735
A_NS	23	892	G	0	0	889	41.066366704162
A_NS	24	894	C	0	0	891	41.2188552188552
A_NS	25	888	T	6	0	887	40.0958286358512
A_NS	26	892	T	2	0	892	40.1804932735426
A_NS	27	892	T	2	0	892	39.4495515695067
A_NS	28	892	C	3	0	888	36.0146396396396
A_NS	29	892	A	3	0	886	37.0361173814898
A_NS	30	894	G	1	0	893	37.2082866741321
A_NS	31	893	G	2	0	891	37.7979797979798
A_NS	32	892	T	3	0	890	38.2101123595506
A_NS	33	895	A	0	0	891	39.8103254769921
A_NS	34	893	G	2	0	890	40.3842696629213
A_NS	35	895	A	2	0	890	40.5752808988764
A_NS	36	895	C	2	0	894	40.4798657718121
A_NS	37	897	T	0	0	895	40.8167597765363
A_NS	38	899	G	0	0	896	40.296875
A_NS	39	895	T	4	0	892	40.3217488789238
A_NS	40	898	T	1	0	896	39.2254464285714
A_NS	41	898	T	1	0	898	39.2238307349666
A_NS	42	898	T	1	0	895	38.7754189944134
A_NS	43	898	C	1	0	891	36.8473625140292
A_NS	44	853	T	46	0	848	37.3408018867925
A_NS	45	900	T	0	0	900	37.6422222222222
A_NS	46	900	T	0	0	898	36.4944320712695
A_NS	47	899	G	1	0	896	33.0457589285714
A_NS	48	900	G	0	0	900	34.5188888888889
A_NS	49	899	C	1	0	898	40.0902004454343
A_NS	50	900	A	0	0	900	39.8122222222222
A_NS	51	900	T	0	0	898	40.9008908685969
A_NS	52	898	A	2	0	896	40.6863839285714
A_NS	53	898	T	2	0	898	40.7093541202673
A_NS	54	898	T	2	0	897	41.1204013377926
A_NS	55	895	C	5	0	892	40.4955156950673
A_NS	56	896	G	4	0	891	40.3254769921437
A_NS	57	898	C	2	0	892	40.5616591928251
A_NS	58	897	A	3	0	896	40.3515625
A_NS	59	897	A	3	0	897	40.0078037904125
A_NS	60	898	G	2	0	898	40.760579064588
A_NS	61	898	C	2	0	893	40.0022396416573
A_NS	62	898	G	2	0	891	38.8900112233446
A_NS	63	899	A	1	0	897	38.422519509476
A_NS	64	899	T	1	0	895	38.8122905027933
A_NS	65	899	T	1	0	896	38.7075892857143
A_NS	66	899	T	1	0	898	40.2383073496659
A_NS	67	899	G	1	0	896	40.3370535714286
A_NS	68	897	C	3	0	893	40.5139977603583
A_NS	69	898	A	2	0	897	39.7435897435897
A_NS	70	898	G	2	0	896	39.4508928571429
A_NS	71	897	A	3	0	896	39.0502232142857
A_NS	72	898	C	2	0	889	39.1124859392576
A_NS	73	899	A	1	0	899	37.4082313681869
A_NS	74	900	A	0	0	899	36.4171301446051
A_NS	75	901	T	0	0	900	36.0211111111111
A_NS	76	901	G	0	0	901	35.5837957824639
A_NS	77	901	G	0	0	899	36.4838709677419
A_NS	78	902	A	0	0	902	36.7605321507761
A_NS	79	902	T	0	0	902	38.7949002217295
A_NS	80	902	T	0	0	879	39.4232081911263
A_NS	81	895	G	7	0	891	38.6015712682379
A_NS	82	903	G	0	0	902	38.860310421286
A_NS	83	903	G	0	0	901	38.6681465038846
A_NS	84	903	T	0	0	898	38.8708240534521
A_NS	85	901	G	2	0	899	38.5684093437152
A_NS	86	903	A	0	0	902	39.4356984478936
A_NS	87	903	T	0	0	899	39.6384872080089
A_NS	88	902	G	1	0	899	38.9532814238042
A_NS	89	875	C	28	0	869	38.7767548906789
A_NS	90	902	C	1	0	900	37.9522222222222
A_NS	91	903	C	0	0	903	38.1317829457364
A_NS	92	903	C	0	0	898	35.239420935412
A_NS	93	903	A	0	0	900	32.4911111111111
A_NS	94	903	T	0	0	902	34.1419068736142
A_NS	95	902	T	1	0	901	34.3751387347392
A_NS	96	901	C	2	0	901	34.1642619311876
A_NS	97	902	C	1	0	900	35.6788888888889
A_NS	98	902	T	1	0	898	36.9409799554566
A_NS	99	903	C	0	0	899	36.6218020022247
A_NS	100	879	G	24	0	866	36.3879907621247
A_NS	101	903	A	1	0	902	36.2871396895787
A_NS	102	904	T	0	0	901	37.684794672586
A_NS	103	904	C	0	0	896	38.3716517857143
A_NS	104	904	G	0	0	904	39.3196902654867
A_NS	105	904	G	0	0	903	39.8527131782946
A_NS	106	903	C	1	0	903	40.2414174972315
A_NS	107	903	T	1	0	901	39.6403995560488
A_NS	108	903	A	1	0	902	39.5609756097561
A_NS	109	904	C	0	0	903	39.6234772978959
A_NS	110	904	G	0	0	903	38.4640088593577
A_NS	111	903	C	1	0	901	39.1165371809101
A_NS	112	904	C	0	0	902	39.2427937915743
A_NS	113	903	G	1	0	899	38.8131256952169
A_NS	114	903	A	1	0	901	38.8745837957825
A_NS	115	904	G	1	0	903	38.5736434108527
A_NS	116	903	A	2	0	903	38.0498338870432
A_NS	117	903	T	2	0	903	39.0055370985604
A_NS	118	904	C	1	0	902	37.8891352549889
A_NS	119	898	A	6	0	896	36.296875
A_NS	120	903	A	1	0	897	36.4816053511706
A_NS	121	903	A	1	0	902	38.0254988913525
A_NS	122	902	A	2	0	901	38.8479467258602
A_NS	123	901	G	3	0	896	40.1484375
A_NS	124	901	T	3	0	897	40.3199554069119
A_NS	125	902	C	2	0	896	39.1729910714286
A_NS	126	901	C	3	0	901	37.5394006659267
A_NS	127	895	T	9	0	893	39.2597984322508
A_NS	128	900	T	4	0	898	39.9922048997773
A_NS	129	871	A	33	0	870	37.6770114942529
A_NS	130	901	A	3	0	898	37.9164810690423
A_NS	131	903	A	1	0	903	38.6267995570321
A_NS	132	904	A	1	0	897	39.0468227424749
A_NS	133	905	G	1	0	905	38.7425414364641
A_NS	134	905	G	1	0	901	41.1376248612653
A_NS	135	905	A	1	0	905	41.4707182320442
A_NS	136	905	A	1	0	902	42.0831485587583
A_NS	137	905	G	1	0	905	42.1370165745856
A_NS	138	906	A	0	0	903	42.5337763012182
A_NS	139	907	G	0	0	904	42.6692477876106
A_NS	140	907	G	0	0	906	42.6512141280353
A_NS	141	905	C	2	0	904	42.9192477876106
A_NS	142	905	A	2	0	904	42.0221238938053
A_NS	143	904	A	3	0	897	42.2965440356745
A_NS	144	903	C	4	0	900	42.1633333333333
A_NS	145	903	A	4	0	902	40.7871396895787
A_NS	146	903	C	4	0	902	40.7827050997783
A_NS	147	906	C	1	0	903	41.093023255814
A_NS	148	906	C	1	0	906	40.7726269315673
A_NS	149	900	T	7	0	896	39.7488839285714
A_NS	150	907	T	0	0	903	39.3410852713178
A_NS	151	908	G	0	0	902	36.4534368070953
A_NS	152	908	G	0	0	907	36.6714443219405
A_NS	153	908	C	0	0	906	37.2483443708609
A_NS	154	907	C	0	0	906	37.7450331125828
A_NS	155	907	T	0	0	906	39.5298013245033
A_NS	156	906	C	1	0	904	40.3163716814159
A_NS	157	904	G	3	0	901	38.1209766925638
A_NS	158	906	A	1	0	904	38.3296460176991
A_NS	159	907	C	0	0	907	38.664829106946
A_NS	160	907	A	0	0	907	37.7431091510474
A_NS	161	907	T	0	0	907	39.1190738699008
A_NS	162	907	C	0	0	905	39.6917127071823
A_NS	163	903	A	4	0	899	38.8909899888765
A_NS	164	907	A	0	0	902	39.8370288248337
A_NS	165	907	A	0	0	906	40.7538631346578
A_NS	166	907	A	0	0	904	41.2245575221239
A_NS	167	906	C	1	0	903	41.8305647840532
A_NS	168	906	A	1	0	904	41.7345132743363
A_NS	169	906	G	1	0	905	41.2895027624309
A_NS	170	906	C	1	0	905	41.767955801105
A_NS	171	906	C	1	0	905	40.6276243093923
A_NS	172	907	A	0	0	906	40.2362030905077
A_NS	173	906	C	1	0	904	40.4590707964602
A_NS	174	906	T	1	0	904	40.6327433628319
A_NS	175	906	C	1	0	902	40.669623059867
A_NS	176	905	T	2	0	902	41.529933481153
A_NS	177	906	T	1	0	906	41.5761589403973
A_NS	178	906	G	1	0	904	40.5132743362832
A_NS	179	907	T	0	0	906	41.6578366445916
A_NS	180	907	T	0	0	906	42.1456953642384
A_NS	181	904	G	3	0	903	40.9745293466224
A_NS	182	907	G	0	0	905	41.6331491712707
A_NS	183	907	G	0	0	906	41.9426048565121
A_NS	184	907	A	0	0	904	41.6449115044248
A_NS	185	907	A	0	0	906	43.2969094922737
A_NS	186	907	A	0	0	906	43.0673289183223
A_NS	187	907	C	0	0	906	41.7693156732892
A_NS	188	907	A	0	0	907	40.625137816979
A_NS	189	907	A	0	0	906	41.8134657836645
A_NS	190	907	A	0	0	907	41.3450937155458
A_NS	191	906	T	1	0	905	40.5127071823204
A_NS	192	906	T	1	0	904	40.9037610619469
A_NS	193	905	G	2	0	903	41.1063122923588
A_NS	194	906	T	1	0	905	41.4254143646409
A_NS	195	905	G	1	0	904	42.0320796460177
A_NS	196	907	G	0	0	905	42.507182320442
A_NS	197	907	A	0	0	906	42.3653421633554
A_NS	198	907	A	0	0	907	42.9173098125689
A_NS	199	907	T	0	0	906	41.8763796909492
A_NS	200	907	G	0	0	904	40.5
A_NS	201	907	G	0	0	907	39.7177508269019
A_NS	202	907	A	0	0	906	37.5573951434879
A_NS	203	902	T	5	0	901	37.4306326304107
A_NS	204	907	T	0	0	905	34.6475138121547
A_NS	205	907	T	0	0	906	34.5353200883002
A_NS	206	905	T	2	0	904	35.9856194690265
A_NS	207	902	G	4	0	896	36.9799107142857
A_NS	208	833	A	73	0	832	38.4615384615385
A_NS	209	902	A	4	0	902	39.5133037694013
A_NS	210	903	A	4	0	900	39.9511111111111
A_NS	211	904	G	3	0	901	39.9500554938957
A_NS	212	907	A	0	0	905	40.5281767955801
A_NS	213	903	G	5	0	902	40.3647450110865
A_NS	214	903	G	4	0	898	38.8418708240535
A_NS	215	907	A	0	0	906	38.6103752759382
A_NS	216	907	A	0	0	904	38.6559734513274
A_NS	217	907	T	0	0	906	38.5927152317881
A_NS	218	901	C	5	0	893	39.1926091825308
A_NS	219	903	C	3	0	901	39.5205327413984
A_NS	220	903	A	3	0	898	38.6213808463252
A_NS	221	905	G	2	0	903	38.7951273532669
A_NS	222	905	C	2	0	902	38.1507760532151
A_NS	223	898	G	9	0	893	37.0380739081747
A_NS	224	901	A	6	0	900	37.1777777777778
A_NS	225	907	G	0	0	902	36.2572062084257
A_NS	226	907	A	0	0	903	36.2558139534884
A_NS	227	905	C	2	0	903	37.7718715393134
A_NS	228	906	A	1	0	901	37.4006659267481
A_NS	229	906	C	1	0	902	38.1341463414634
A_NS	230	902	T	5	0	900	38.7066666666667
A_NS	231	907	T	0	0	905	38.3292817679558
A_NS	232	901	A	6	0	894	37.082774049217
A_NS	233	906	G	1	0	900	37.3844444444444
A_NS	234	907	A	0	0	905	37.9790055248619
A_NS	235	907	A	0	0	904	37.9203539823009
A_NS	236	907	T	0	0	906	39.051876379691
A_NS	237	906	G	1	0	905	38.9812154696133
A_NS	238	907	G	0	0	906	41.1699779249448
A_NS	239	907	C	0	0	905	41.9922651933702
A_NS	240	906	A	1	0	903	41.3709856035437
A_NS	241	906	A	1	0	904	41.1637168141593
A_NS	242	906	T	1	0	903	41.609080841639
A_NS	243	906	T	1	0	905	40.2099447513812
A_NS	244	905	G	2	0	903	40.3875968992248
A_NS	245	906	C	1	0	905	41.3281767955801
A_NS	246	906	A	1	0	906	39.9105960264901
A_NS	247	905	T	2	0	902	40.4822616407982
A_NS	248	906	C	1	0	902	39.7184035476718
A_NS	249	904	T	3	0	898	39.4554565701559
A_NS	250	906	A	1	0	902	39.5986696230599
A_NS	251	907	T	0	0	905	40.1823204419889
A_NS	252	907	A	0	0	907	39.8985667034179
A_NS	253	907	C	0	0	907	40.1863285556781
A_NS	254	907	C	0	0	905	40.7337016574586
A_NS	255	908	T	0	0	902	40.6064301552106
A_NS	256	908	A	0	0	907	39.3076074972437
A_NS	257	903	C	3	0	899	38.6407119021135
A_NS	258	904	T	2	0	902	38.1019955654102
A_NS	259	906	T	0	0	905	38.2441988950276
A_NS	260	906	C	0	0	904	35.7887168141593
A_NS	261	905	G	1	0	903	36.1982281284607
A_NS	262	905	C	1	0	904	39.0674778761062
A_NS	263	905	G	1	0	902	39.0920177383592
A_NS	264	904	T	2	0	899	39.9877641824249
A_NS	265	906	T	0	0	905	39.967955801105
A_NS	266	904	A	2	0	902	39.2516629711752
A_NS	267	906	C	0	0	903	39.6688815060908
A_NS	268	906	A	0	0	902	39.4878048780488
A_NS	269	906	T	0	0	905	40.9425414364641
A_NS	270	906	T	0	0	905	40.9160220994475
A_NS	271	903	T	3	0	900	41.9977777777778
A_NS	272	902	C	4	0	901	41.5260821309656
A_NS	273	904	T	2	0	901	42.2341842397336
A_NS	274	904	G	2	0	898	41.4086859688196
A_NS	275	906	A	0	0	906	41.8885209713024
A_NS	276	906	C	0	0	905	41.4640883977901
A_NS	277	906	A	0	0	905	40.7911602209945
A_NS	278	906	T	0	0	902	41.440133037694
A_NS	279	906	G	0	0	900	40.6877777777778
A_NS	280	906	A	0	0	904	39.8849557522124
A_NS	281	906	C	0	0	905	39.7690607734807
A_NS	282	906	C	0	0	906	39.9293598233996
A_NS	283	906	C	0	0	905	40.3491712707182
A_NS	284	906	T	0	0	906	40.3951434878587
A_NS	285	903	C	3	0	900	40.2866666666667
A_NS	286	905	G	1	0	905	39.832044198895
A_NS	287	904	A	1	0	904	39.2378318584071
A_NS	288	905	G	0	0	905	40.0629834254144
A_NS	289	905	G	0	0	905	39.9093922651934
A_NS	290	905	A	0	0	903	40.8582502768549
A_NS	291	905	A	0	0	903	40.7408637873754
A_NS	292	903	A	1	0	902	41.6574279379157
A_NS	293	901	T	3	0	901	40.9822419533851
A_NS	294	901	G	3	0	898	39.6046770601336
A_NS	295	903	T	0	0	899	39.9977753058954
A_NS	296	892	C	11	0	887	37.2074408117249
A_NS	297	893	A	10	0	880	36.1125
A_NS	298	897	C	6	0	890	36.1056179775281
A_NS	299	886	G	17	0	870	33.7988505747126
A_NS	300	885	A	18	0	874	33.8741418764302
A_NS	301	896	G	7	0	880	33.4806818181818
A_NS	302	901	A	2	0	894	33.082774049217
A_NS	303	902	C	1	0	889	33.007874015748
A_NS	304	903	T	0	0	901	33.2053274139845
A_NS	305	902	G	1	0	897	32.8807134894091
A_NS	306	903	G	0	0	901	33.6093229744728
A_NS	307	897	T	6	0	896	34.0122767857143
A_NS	308	902	T	1	0	888	36.9707207207207
A_NS	309	903	C	1	0	889	36.3014623172104
A_NS	310	903	A	1	0	900	36.0366666666667
A_NS	311	903	T	0	0	899	35.7842046718576
A_NS	312	903	G	0	0	902	35.9223946784922
A_NS	313	903	C	1	0	897	37.1471571906355
A_NS	314	903	T	1	0	899	38.8631813125695
A_NS	315	904	T	0	0	903	38.4075304540421
A_NS	316	904	A	0	0	904	37.8628318584071
A_NS	317	904	T	0	0	904	37.5575221238938
A_NS	318	904	G	0	0	904	37.5840707964602
A_NS	319	902	C	2	0	902	38.4678492239468
A_NS	320	904	C	0	0	901	38.4295227524972
A_NS	321	904	T	0	0	901	39.0366259711432
A_NS	322	904	A	0	0	904	35.7057522123894
A_NS	323	904	G	1	0	903	35.1483942414175
A_NS	324	905	G	0	0	904	35.7046460176991
A_NS	325	894	C	11	0	890	37.2977528089888
A_NS	326	880	A	25	0	879	36.292377701934
A_NS	327	886	A	19	0	885	37.3016949152542
A_NS	328	892	A	13	0	887	37.5851183765502
A_NS	329	891	A	14	0	888	38.2972972972973
A_NS	330	889	G	16	0	878	39.871298405467
A_NS	331	892	A	13	0	887	40.293122886133
A_NS	332	892	T	13	0	875	40.4502857142857
A_NS	333	892	A	13	0	889	39.2373453318335
A_NS	334	899	A	6	0	897	39.6889632107023
A_NS	335	902	T	3	0	892	39.7544843049327
A_NS	336	904	A	1	0	902	38.8725055432373
A_NS	337	904	G	1	0	904	39.5276548672566
A_NS	338	905	G	0	0	904	39.5840707964602
A_NS	339	902	C	3	0	896	38.8761160714286
A_NS	340	905	C	0	0	905	37.7436464088398
A_NS	341	903	C	2	0	902	37.089800443459
A_NS	342	902	T	3	0	899	36.7842046718576
A_NS	343	905	C	0	0	904	35.4988938053097
A_NS	344	903	T	2	0	900	35.4433333333333
A_NS	345	904	T	1	0	904	35.4402654867257
A_NS	346	902	T	3	0	902	35.2949002217295
A_NS	347	899	G	6	0	898	34.0267260579065
A_NS	348	902	C	3	0	892	36.8452914798206
A_NS	349	903	G	2	0	900	37.4688888888889
A_NS	350	903	T	2	0	892	38.0986547085202
A_NS	351	905	A	0	0	902	37.3270509977827
A_NS	352	905	C	0	0	901	38.8523862375139
A_NS	353	904	G	1	0	869	36.482163406214
A_NS	354	904	A	1	0	903	36.3344407530454
A_NS	355	903	T	2	0	902	36.2150776053215
A_NS	356	903	T	2	0	900	35.8622222222222
A_NS	357	902	G	2	0	896	35.5122767857143
A_NS	358	903	G	1	0	901	38.0788013318535
A_NS	359	903	A	1	0	900	37.8844444444444
A_NS	360	902	C	2	0	900	39.3633333333333
A_NS	361	903	C	1	0	894	39.244966442953
A_NS	362	903	A	1	0	901	39.5149833518313
A_NS	363	907	G	1	0	907	39.9393605292172
A_NS	364	907	G	1	0	902	40.4523281596452
A_NS	365	907	C	1	0	902	40.1884700665188
A_NS	366	908	G	0	0	907	38.9029768467475
A_NS	367	908	G	0	0	906	39.2494481236203
A_NS	368	908	T	0	0	902	39.2261640798226
A_NS	369	907	C	1	0	902	38.4789356984479
A_NS	370	908	A	1	0	908	39.7599118942731
A_NS	371	907	T	2	0	907	40.3417861080485
A_NS	372	908	G	1	0	897	38.1549609810479
A_NS	373	909	G	0	0	906	37.7560706401766
A_NS	374	910	A	0	0	909	37.990099009901
A_NS	375	910	T	0	0	908	37.5044052863436
A_NS	376	904	A	6	0	901	37.0122086570477
A_NS	377	908	A	2	0	904	38.9745575221239
A_NS	378	910	G	2	0	901	38.8290788013319
A_NS	379	908	A	4	0	906	39.0253863134658
A_NS	380	910	A	2	0	907	40.0242557883131
A_NS	381	910	C	1	0	910	39.9604395604396
A_NS	382	911	A	0	0	907	39.6979051819184
A_NS	383	911	T	0	0	911	39.8375411635565
A_NS	384	910	A	1	0	901	37.6859045504994
A_NS	385	910	G	1	0	900	37.3055555555556
A_NS	386	909	T	2	0	907	36.5997794928335
A_NS	387	909	A	2	0	906	36.4602649006623
A_NS	388	905	C	6	0	901	36.8768035516093
A_NS	389	910	T	1	0	907	37.4619625137817
A_NS	390	907	G	4	0	903	39.8704318936877
A_NS	391	910	G	1	0	906	39.939293598234
A_NS	392	908	A	3	0	907	40.0760749724366
A_NS	393	910	A	1	0	908	41.9052863436123
A_NS	394	910	G	1	0	908	41.6784140969163
A_NS	395	908	C	3	0	907	41.2116868798236
A_NS	396	907	A	4	0	907	39.8169790518192
A_NS	397	911	A	1	0	910	39.8186813186813
A_NS	398	911	A	1	0	909	39.7348734873487
A_NS	399	911	C	1	0	909	40.006600660066
A_NS	400	911	T	1	0	909	40.4114411441144
A_NS	401	912	T	0	0	911	40.6443468715697
A_NS	402	909	C	3	0	906	39.0220750551876
A_NS	403	912	A	0	0	910	38.5912087912088
A_NS	404	911	G	1	0	909	39.6699669966997
A_NS	405	910	T	2	0	909	39.1232123212321
A_NS	406	911	G	1	0	909	39.8107810781078
A_NS	407	911	T	1	0	908	41.5616740088106
A_NS	408	912	A	0	0	912	41.2390350877193
A_NS	409	911	A	1	0	910	40.9340659340659
A_NS	410	911	T	1	0	908	41.1916299559471
A_NS	411	911	C	0	0	907	40.1014332965821
A_NS	412	911	T	0	0	910	40.2021978021978
A_NS	413	910	T	0	0	909	39.7491749174918
A_NS	414	910	C	0	0	908	38.5528634361233
A_NS	415	909	A	1	0	906	38.3278145695364
A_NS	416	910	A	0	0	907	39.1234840132304
A_NS	417	909	C	1	0	908	40.2786343612335
A_NS	418	909	C	1	0	906	41.0209713024283
A_NS	419	907	G	3	0	888	40.4144144144144
A_NS	420	910	A	1	0	907	39.5589856670342
A_NS	421	910	T	1	0	910	39.6857142857143
A_NS	422	910	T	1	0	909	38.983498349835
A_NS	423	908	A	2	0	904	39.0320796460177
A_NS	424	909	G	1	0	906	39.1666666666667
A_NS	425	910	A	0	0	909	39.3751375137514
A_NS	426	910	G	0	0	910	39.3835164835165
A_NS	427	906	A	4	0	905	39.8088397790055
A_NS	428	907	C	2	0	906	39.448123620309
A_NS	429	908	C	1	0	907	38.7364939360529
A_NS	430	905	T	4	0	902	38.8325942350333
A_NS	431	909	T	0	0	907	38.244762954796
A_NS	432	908	G	1	0	908	36.1806167400881
A_NS	433	907	A	2	0	907	36.6207276736494
A_NS	434	905	T	4	0	904	38.429203539823
A_NS	435	905	A	4	0	905	39.0685082872928
A_NS	436	904	C	5	0	900	39.4455555555556
A_NS	437	908	T	1	0	897	39.4693422519509
A_NS	438	906	A	3	0	905	39.0839779005525
A_NS	439	907	C	2	0	901	39.645948945616
A_NS	440	909	T	0	0	898	40.1759465478842
A_NS	441	909	A	0	0	909	40.2090209020902
A_NS	442	909	A	0	0	907	40.3517089305402
A_NS	443	909	G	0	0	908	40.6596916299559
A_NS	444	909	G	0	0	908	41.2984581497797
A_NS	445	909	G	0	0	909	41.8789878987899
A_NS	446	909	C	0	0	909	41.5654565456546
A_NS	447	908	T	1	0	904	40.4015486725664
A_NS	448	909	T	0	0	908	40.874449339207
A_NS	449	909	T	0	0	907	41.2987872105843
A_NS	450	908	C	1	0	906	40.2560706401766
A_NS	451	908	A	1	0	903	39.2303433001107
A_NS	452	910	C	0	0	903	38.8936877076412
A_NS	453	909	T	1	0	908	38.3006607929515
A_NS	454	903	G	7	0	902	35.2128603104213
A_NS	455	903	A	7	0	902	33.1031042128603
A_NS	456	905	G	5	0	905	33.3082872928177
A_NS	457	909	G	1	0	908	35.4284140969163
A_NS	458	909	A	1	0	908	36.3050660792952
A_NS	459	900	G	10	0	900	36.2
A_NS	460	905	G	5	0	904	38.5011061946903
A_NS	461	902	G	8	0	895	38.7541899441341
A_NS	462	899	A	11	0	895	37.2446927374302
A_NS	463	905	A	5	0	901	38.0788013318535
A_NS	464	909	C	3	0	905	39.2839779005525
A_NS	465	908	A	4	0	905	38.6519337016575
A_NS	466	908	A	4	0	902	39.370288248337
A_NS	467	907	T	5	0	898	39.804008908686
A_NS	468	908	A	4	0	903	37.0808416389812
A_NS	469	910	G	2	0	901	36.4062153163152
A_NS	470	909	T	3	0	904	37.0752212389381
A_NS	471	911	T	1	0	906	37.3520971302428
A_NS	472	912	G	3	0	908	38.1784140969163
A_NS	473	913	G	2	0	908	39.2874449339207
A_NS	474	913	A	2	0	909	41.042904290429
A_NS	475	914	G	1	0	910	41.3406593406593
A_NS	476	911	A	4	0	910	41.9769230769231
A_NS	477	913	A	2	0	910	42.2362637362637
A_NS	478	914	A	1	0	911	42.2096597145993
A_NS	479	915	T	0	0	913	41.9671412924425
A_NS	480	913	T	2	0	912	41.7916666666667
A_NS	481	913	T	2	0	911	42.2535675082327
A_NS	482	913	C	2	0	910	41.5054945054945
A_NS	483	915	A	0	0	915	40.6688524590164
A_NS	484	915	C	0	0	915	41.0612021857923
A_NS	485	915	C	0	0	912	40.9594298245614
A_NS	486	915	A	0	0	914	40.8949671772429
A_NS	487	915	T	0	0	914	41.5601750547046
A_NS	488	915	T	0	0	911	42.0504939626784
A_NS	489	915	A	1	0	914	41.5328227571116
A_NS	490	916	C	0	0	915	41.4808743169399
A_NS	491	915	C	1	0	915	40.3650273224044
A_NS	492	914	T	2	0	913	40.8116100766703
A_NS	493	914	T	2	0	914	40.6684901531729
A_NS	494	915	C	1	0	914	39.4595185995624
A_NS	495	915	T	1	0	914	39.0733041575492
A_NS	496	914	C	2	0	911	38.3984632272228
A_NS	497	914	T	2	0	912	38.1030701754386
A_NS	498	915	T	1	0	914	37.617067833698
A_NS	499	915	C	1	0	915	36.7650273224044
A_NS	500	916	C	0	0	916	36.971615720524
A_NS	501	916	A	0	0	915	37.9650273224044
A_NS	502	914	G	2	0	913	39.5498357064622
A_NS	503	915	G	1	0	914	40.4321663019694
A_NS	504	911	A	5	0	911	41.5795828759605
A_NS	505	912	C	4	0	907	41.5865490628445
A_NS	506	912	A	4	0	911	40.9637760702525
A_NS	507	914	T	2	0	901	41.9045504994451
A_NS	508	915	A	1	0	912	40.6940789473684
A_NS	509	915	C	1	0	911	40.4632272228321
A_NS	510	908	T	8	0	901	41.0976692563818
A_NS	511	910	T	6	0	900	40.8955555555556
A_NS	512	910	A	6	0	908	40.1431718061674
A_NS	513	912	T	4	0	903	40.8815060908084
A_NS	514	912	G	4	0	908	41.0550660792952
A_NS	515	916	A	0	0	915	41.4185792349727
A_NS	516	915	G	1	0	915	41.9071038251366
A_NS	517	916	G	0	0	916	41.4770742358079
A_NS	518	917	A	0	0	917	41.9323882224646
A_NS	519	917	T	0	0	915	42.0448087431694
A_NS	520	917	G	0	0	914	42.2067833698031
A_NS	521	916	T	1	0	914	43.4091903719912
A_NS	522	917	C	0	0	915	41.0469945355191
A_NS	523	914	A	3	0	914	40.2921225382932
A_NS	524	917	A	0	0	917	39.8211559432933
A_NS	525	916	A	1	0	914	39.7111597374179
A_NS	526	915	A	2	0	910	40.3252747252747
A_NS	527	915	A	2	0	910	41.2879120879121
A_NS	528	915	T	2	0	915	40.5311475409836
A_NS	529	914	G	3	0	907	39.710033076075
A_NS	530	913	C	4	0	908	39.4030837004405
A_NS	531	915	A	2	0	914	37.664113785558
A_NS	532	915	G	2	0	911	36.8594950603732
A_NS	533	913	T	4	0	911	37.2612513721186
A_NS	534	915	T	2	0	907	37.8577728776185
A_NS	535	903	G	14	0	898	37.5423162583519
A_NS	536	915	G	2	0	911	37.8781558726674
A_NS	537	916	G	1	0	916	39.2063318777293
A_NS	538	914	G	3	0	912	39.3037280701754
A_NS	539	914	T	3	0	909	40.0836083608361
A_NS	540	914	C	3	0	904	40.4314159292035
A_NS	541	916	C	1	0	911	40.4687156970362
A_NS	542	916	T	1	0	914	40.398249452954
A_NS	543	915	C	2	0	911	39.615806805708
A_NS	544	916	A	1	0	915	39.3256830601093
A_NS	545	917	T	0	0	917	40.1428571428571
A_NS	546	916	C	1	0	909	39.3553355335534
A_NS	547	910	G	7	0	909	39.7909790979098
A_NS	548	913	G	4	0	910	39.4703296703297
A_NS	549	914	A	3	0	914	39.3118161925602
A_NS	550	913	G	4	0	912	39.8245614035088
A_NS	551	917	G	0	0	912	39.9133771929825
A_NS	552	917	A	0	0	911	39.3754116355653
A_NS	553	916	C	1	0	913	38.2278203723987
A_NS	554	908	T	9	0	908	39.2621145374449
A_NS	555	915	T	2	0	911	38.2974753018661
A_NS	556	915	G	2	0	905	34.7867403314917
A_NS	557	915	A	2	0	912	34.7730263157895
A_NS	558	914	G	3	0	913	35.2464403066813
A_NS	559	915	T	2	0	914	35.1706783369803
A_NS	560	915	G	2	0	915	34.9366120218579
A_NS	561	917	G	0	0	914	37.117067833698
A_NS	562	917	A	0	0	913	38.0251916757941
A_NS	563	917	A	0	0	913	38.8718510405257
A_NS	564	917	T	0	0	915	38.8185792349727
A_NS	565	916	G	1	0	913	38.2015334063527
A_NS	566	908	G	9	0	907	38.7056229327453
A_NS	567	907	T	10	0	904	38.6769911504425
A_NS	568	910	A	7	0	905	37.0408839779005
A_NS	569	915	A	2	0	913	37.1763417305586
A_NS	570	915	C	2	0	905	37.6729281767956
A_NS	571	916	A	1	0	911	36.4829857299671
A_NS	572	914	C	3	0	904	37.2488938053097
A_NS	573	915	G	2	0	908	36.7786343612335
A_NS	574	916	G	1	0	915	36.4939890710382
A_NS	575	914	T	3	0	908	36.8392070484581
A_NS	576	916	T	1	0	912	37.3980263157895
A_NS	577	916	C	1	0	907	37.96802646086
A_NS	578	915	G	2	0	900	37.7733333333333
A_NS	579	914	A	3	0	914	37.7702407002188
A_NS	580	914	G	3	0	911	37.8298572996707
A_NS	581	913	T	4	0	909	38.1639163916392
A_NS	582	914	C	3	0	906	38.4911699779249
A_NS	583	917	T	0	0	913	38.4304490690033
A_NS	584	912	C	5	0	909	37.4070407040704
A_NS	585	913	T	4	0	913	38.2267250821468
A_NS	586	912	G	5	0	911	37.5411635565313
A_NS	587	903	A	13	0	900	38.8755555555556
A_NS	588	910	A	6	0	909	38.7920792079208
A_NS	589	913	A	3	0	911	39.9637760702525
A_NS	590	912	A	4	0	912	39.8004385964912
A_NS	591	910	T	6	0	905	39.4453038674033
A_NS	592	915	A	1	0	905	38.6209944751381
A_NS	593	913	T	2	0	913	38.118291347207
A_NS	594	912	A	3	0	906	37.3068432671082
A_NS	595	911	C	4	0	909	37.1353135313531
A_NS	596	912	A	3	0	908	36.023127753304
A_NS	597	908	G	7	0	903	35.6810631229236
A_NS	598	915	A	0	0	914	35.0634573304158
A_NS	599	915	G	2	0	908	35.8447136563877
A_NS	600	916	A	1	0	912	37.1030701754386
A_NS	601	914	T	3	0	909	38.1133113311331
A_NS	602	914	T	3	0	913	39.0887185104053
A_NS	603	914	C	3	0	910	38.4637362637363
A_NS	604	914	G	3	0	908	36.5121145374449
A_NS	605	914	C	3	0	913	36.5038335158817
A_NS	606	910	T	7	0	909	37.2365236523652
A_NS	607	916	T	1	0	914	36.9573304157549
A_NS	608	914	G	3	0	913	36.5246440306681
A_NS	609	916	G	1	0	913	37.4315443592552
A_NS	610	917	A	0	0	917	37.7928026172301
A_NS	611	917	G	0	0	916	39.1135371179039
A_NS	612	914	A	3	0	913	40.2683461117196
A_NS	613	917	A	0	0	915	40.3486338797814
A_NS	614	917	G	0	0	917	39.9432933478735
A_NS	615	917	C	0	0	915	40.6142076502732
A_NS	616	917	T	0	0	916	40.0436681222707
A_NS	617	917	G	0	0	917	40.5321701199564
A_NS	618	918	T	0	0	918	40.3888888888889
A_NS	619	918	G	0	0	917	39.2693565976009
A_NS	620	918	A	0	0	918	39.5065359477124
A_NS	621	918	T	0	0	916	39.5
A_NS	622	917	G	1	0	911	36.9275521405049
A_NS	623	916	A	2	0	914	37.5842450765864
A_NS	624	917	G	1	0	911	36.4127332601537
A_NS	625	915	A	3	0	911	36.3457738748628
A_NS	626	918	A	0	0	918	38.0708061002179
A_NS	627	917	T	1	0	908	38.852422907489
A_NS	628	903	G	15	0	899	38.3437152391546
A_NS	629	915	G	3	0	913	39.2957283680175
A_NS	630	914	G	4	0	907	38.9327453142227
A_NS	631	915	A	3	0	912	38.4857456140351
A_NS	632	914	G	4	0	907	39.7232635060639
A_NS	633	913	A	5	0	908	39.2103524229075
A_NS	634	915	C	3	0	904	39.3827433628319
A_NS	635	918	C	0	0	914	37.9310722100656
A_NS	636	915	T	3	0	907	38.3020948180816
A_NS	637	917	T	1	0	914	38.0087527352298
A_NS	638	917	C	2	0	915	36.5573770491803
A_NS	639	918	A	1	0	916	36.1069868995633
A_NS	640	919	C	0	0	917	37.587786259542
A_NS	641	919	T	0	0	912	39.1809210526316
A_NS	642	914	A	5	0	913	38.2825848849945
A_NS	643	919	C	0	0	918	38.2342047930283
A_NS	644	919	C	0	0	918	38.3420479302832
A_NS	645	919	T	0	0	919	39.1284004352557
A_NS	646	917	C	2	0	916	38.2390829694323
A_NS	647	918	C	1	0	916	39.5796943231441
A_NS	648	915	A	5	0	915	38.0765027322404
A_NS	649	915	G	5	0	911	38.8594950603732
A_NS	650	919	A	1	0	916	40.438864628821
A_NS	651	920	G	1	0	917	40.6215921483097
A_NS	652	920	C	1	0	918	40.0773420479303
A_NS	653	921	A	0	0	919	39.1686615886833
A_NS	654	920	G	1	0	917	39.247546346783
A_NS	655	917	A	4	0	915	38.7693989071038
A_NS	656	918	A	3	0	918	39.2407407407407
A_NS	657	919	A	2	0	919	39.7083786724701
A_NS	658	919	T	2	0	919	40.6245919477693
A_NS	659	918	G	3	0	916	38.0524017467249
A_NS	660	917	A	3	0	914	39.0503282275711
A_NS	661	918	G	2	0	915	38.7978142076503
A_NS	662	919	A	1	0	915	38.4743169398907
A_NS	663	920	A	0	0	920	38.5086956521739
A_NS	664	926	A	0	0	926	38.5064794816415
A_NS	665	926	T	0	0	926	37.4730021598272
A_NS	666	926	G	0	0	925	36.3156756756757
A_NS	667	925	G	1	0	925	38.1664864864865
A_NS	668	925	C	1	0	924	38.0075757575758
A_NS	669	909	G	18	0	907	37.6306504961411
A_NS	670	925	G	2	0	922	38.7429501084599
A_NS	671	924	G	3	0	914	38.718818380744
A_NS	672	925	A	2	0	919	38.0348204570185
A_NS	673	925	A	2	0	923	38.5092091007584
A_NS	674	924	C	3	0	917	38.9040348964013
A_NS	675	926	A	1	0	922	37.0759219088937
A_NS	676	926	A	1	0	924	37.2272727272727
A_NS	677	926	T	1	0	924	38.5919913419913
A_NS	678	926	T	1	0	925	38.9621621621622
A_NS	679	922	G	5	0	911	39.006586169045
A_NS	680	925	G	2	0	920	40.2271739130435
A_NS	681	925	G	2	0	907	40.1312017640573
A_NS	682	925	A	2	0	921	40.0314875135722
A_NS	683	926	C	0	0	917	40.4972737186478
A_NS	684	923	A	3	0	919	40.2611534276387
A_NS	685	919	G	7	0	911	39.5367727771679
A_NS	686	922	A	4	0	921	38.9315960912052
A_NS	687	923	A	3	0	916	39.1331877729258
A_NS	688	923	A	3	0	919	39.550598476605
A_NS	689	921	T	5	0	917	39.6684841875682
A_NS	690	923	T	3	0	922	40.0357917570499
A_NS	691	926	T	1	0	923	41.3001083423619
A_NS	692	923	G	4	0	919	39.5799782372144
A_NS	693	924	A	3	0	923	39.2134344528711
A_NS	694	923	G	4	0	923	40.6110509209101
A_NS	695	926	G	1	0	925	40.8140540540541
A_NS	696	923	A	4	0	921	41.3539630836048
A_NS	697	926	A	0	0	924	41.9231601731602
A_NS	698	926	A	0	0	922	42.6908893709328
A_NS	699	926	T	0	0	926	42.6976241900648
A_NS	700	925	A	1	0	920	41.7380434782609
A_NS	701	926	A	0	0	926	41.488120950324
A_NS	702	926	G	0	0	924	40.8528138528139
A_NS	703	925	A	1	0	924	40.7878787878788
A_NS	704	924	T	2	0	920	40.975
A_NS	705	925	G	1	0	924	41.1331168831169
A_NS	706	924	G	2	0	924	41.3961038961039
A_NS	707	924	T	2	0	923	41.6673889490791
A_NS	708	925	T	2	0	925	41.4918918918919
A_NS	709	927	A	0	0	927	40.6289104638619
A_NS	710	927	A	0	0	927	41.1984897518878
A_NS	711	926	T	1	0	926	41.2343412526998
A_NS	712	927	T	0	0	927	41.6947141316073
A_NS	713	925	G	2	0	924	40.0995670995671
A_NS	714	925	A	2	0	925	40.4205405405405
A_NS	715	925	A	2	0	922	40.1312364425163
A_NS	716	926	G	1	0	921	39.728555917481
A_NS	717	921	A	6	0	920	39.779347826087
A_NS	718	921	A	5	0	916	40.2150655021834
A_NS	719	921	A	5	0	921	40.7372421281216
A_NS	720	921	T	5	0	920	40.9097826086957
A_NS	721	919	A	7	0	917	41.1886586695747
A_NS	722	917	C	9	0	913	41.710843373494
A_NS	723	923	G	3	0	917	40.7688113413304
A_NS	724	925	A	1	0	924	40.4502164502165
A_NS	725	926	C	0	0	922	40.0227765726681
A_NS	726	926	A	0	0	922	39.9761388286334
A_NS	727	925	C	1	0	921	40.6623235613464
A_NS	728	925	A	1	0	922	40.855748373102
A_NS	729	925	G	1	0	920	40.6065217391304
A_NS	730	924	A	2	0	920	40.5891304347826
A_NS	731	925	T	1	0	924	40.5324675324675
A_NS	732	926	T	0	0	926	40.8995680345572
A_NS	733	926	G	0	0	925	39.0572972972973
A_NS	734	925	A	1	0	923	40.1397616468039
A_NS	735	926	A	0	0	926	41.1781857451404
A_NS	736	926	A	0	0	926	41.8142548596112
A_NS	737	926	G	0	0	924	41.4632034632035
A_NS	738	925	C	0	0	922	41.5097613882863
A_NS	739	926	G	0	0	924	39.3311688311688
A_NS	740	923	A	3	0	922	39.4967462039046
A_NS	741	924	C	2	0	924	38.7424242424242
A_NS	742	921	A	5	0	918	38.7483660130719
A_NS	743	919	G	7	0	918	39.6960784313725
A_NS	744	915	A	11	0	915	39.7781420765027
A_NS	745	924	A	2	0	922	39.5965292841649
A_NS	746	924	A	2	0	922	39.9305856832972
A_NS	747	926	A	1	0	924	40.7348484848485
A_NS	748	926	T	1	0	921	40.157437567861
A_NS	749	927	A	0	0	917	38.2202835332606
A_NS	750	927	G	0	0	919	37.59521218716
A_NS	751	926	T	1	0	925	37.3005405405405
A_NS	752	925	T	2	0	923	37.9122426868906
A_NS	753	922	T	5	0	920	39.129347826087
A_NS	754	920	C	7	0	908	40.068281938326
A_NS	755	921	G	6	0	918	39.4509803921569
A_NS	756	925	A	2	0	924	39.6006493506493
A_NS	757	925	G	2	0	923	39.7345612134345
A_NS	758	926	C	1	0	926	39.9503239740821
A_NS	759	926	A	1	0	925	41.1848648648649
A_NS	760	927	A	0	0	925	42.1178378378378
A_NS	761	926	A	1	0	922	42.4989154013015
A_NS	762	926	T	1	0	925	42.3405405405405
A_NS	763	926	A	1	0	924	41.4534632034632
A_NS	764	927	A	0	0	924	41.1093073593074
A_NS	765	927	C	0	0	926	40.5140388768898
A_NS	766	927	A	0	0	925	40.1751351351351
A_NS	767	927	T	0	0	927	40.3797195253506
A_NS	768	927	T	0	0	924	40.9188311688312
A_NS	769	926	T	1	0	926	41.2699784017279
A_NS	770	926	A	1	0	926	41.4330453563715
A_NS	771	926	T	1	0	925	41.4821621621622
A_NS	772	924	G	3	0	923	42.1213434452871
A_NS	773	916	C	10	0	913	42.5564074479737
A_NS	774	922	A	4	0	920	41.6989130434783
A_NS	775	924	A	2	0	923	41.6489707475623
A_NS	776	926	G	0	0	924	41.9361471861472
A_NS	777	925	C	1	0	922	41.79284164859
A_NS	778	923	C	2	0	920	40.8315217391304
A_NS	779	924	T	1	0	920	41.4065217391304
A_NS	780	924	T	1	0	920	40.7771739130435
A_NS	781	922	A	3	0	919	39.1273122959739
A_NS	782	922	C	3	0	919	39.341675734494
A_NS	783	921	A	4	0	920	40.0902173913043
A_NS	784	924	A	1	0	924	40.7305194805195
A_NS	785	925	C	0	0	923	41.442036836403
A_NS	786	925	T	0	0	918	41.8921568627451
A_NS	787	923	A	1	0	923	41.2784398699892
A_NS	788	924	C	0	0	924	41.3506493506493
A_NS	789	924	T	0	0	921	41.4842562432139
A_NS	790	924	G	0	0	923	40.4637053087757
A_NS	791	924	C	0	0	923	39.9230769230769
A_NS	792	923	T	1	0	921	39.9598262757872
A_NS	793	924	T	0	0	923	40.8905742145179
A_NS	794	923	G	1	0	921	39.4668838219327
A_NS	795	924	A	0	0	923	40.1343445287107
A_NS	796	924	A	0	0	924	41.2683982683983
A_NS	797	924	G	0	0	924	41.4069264069264
A_NS	798	924	T	0	0	923	41.5135427952329
A_NS	799	923	A	1	0	922	39.9360086767896
A_NS	800	916	G	8	0	914	39.6728665207877
A_NS	801	922	A	2	0	920	38.7989130434783
A_NS	802	922	G	2	0	919	38.164309031556
A_NS	803	921	C	3	0	920	38.1565217391304
A_NS	804	918	A	5	0	918	37.6437908496732
A_NS	805	919	A	4	0	916	37.485807860262
A_NS	806	920	G	3	0	917	37.73173391494
A_NS	807	922	A	1	0	920	37.6815217391304
A_NS	808	919	G	4	0	917	38.8233369683751
A_NS	809	920	A	3	0	915	38.7092896174863
A_NS	810	920	T	3	0	920	38.7304347826087
A_NS	811	913	A	10	0	911	37.9110867178924
A_NS	812	919	A	4	0	918	38.3605664488017
A_NS	813	919	G	4	0	913	37.5158817086528
A_NS	814	921	A	2	0	919	37.4591947769314
A_NS	815	922	G	1	0	918	38.1111111111111
A_NS	816	920	C	3	0	912	39.0142543859649
A_NS	817	916	T	7	0	910	38.7835164835165
A_NS	818	921	T	2	0	918	39.4150326797386
A_NS	819	919	T	4	0	918	39.2647058823529
A_NS	820	919	C	4	0	915	38.9803278688525
A_NS	821	921	T	2	0	920	40.4782608695652
A_NS	822	918	C	5	0	907	38.9834619625138
A_NS	823	922	G	1	0	921	37.8371335504886
A_NS	824	922	T	1	0	921	37.3170466883822
A_NS	825	923	T	0	0	922	37.1648590021692
A_NS	826	923	T	0	0	922	37.8351409978308
A_NS	827	922	C	0	0	919	39.2622415669206
A_NS	828	922	A	0	0	920	39.8608695652174
A_NS	829	921	G	0	0	921	40.3203040173724
A_NS	830	921	C	0	0	920	39.354347826087
A_NS	831	921	T	0	0	919	39.4537540805223
A_NS	832	920	T	0	0	919	39.8041349292709
A_NS	833	920	A	0	0	918	38.6666666666667
A_NS	834	920	T	0	0	920	37.7228260869565
A_NS	835	920	T	0	0	920	39.1967391304348
A_NS	836	916	T	0	0	916	39.0327510917031
A_NS	837	912	A	0	0	912	38.4013157894737
A_NS	838	912	A	0	0	912	39.2752192982456
