Reference_Name	Position	Coverage Depth	Consensus	Deletions	Ambiguous	Consensus_Count	Consensus_Average_Quality
A_PA	1	46	A	0	0	46	39.1739130434783
A_PA	2	46	T	0	0	46	39.6304347826087
A_PA	3	48	G	0	0	48	40.4791666666667
A_PA	4	48	G	0	0	48	39.2916666666667
A_PA	5	48	A	0	0	48	40.8958333333333
A_PA	6	48	A	0	0	48	41.8958333333333
A_PA	7	48	G	0	0	48	41.9791666666667
A_PA	8	48	A	0	0	48	40.75
A_PA	9	48	C	0	0	48	38.5625
A_PA	10	48	T	0	0	48	38.6458333333333
A_PA	11	48	T	0	0	48	37.5625
A_PA	12	48	T	0	0	48	38.8541666666667
A_PA	13	48	G	0	0	48	36.9375
A_PA	14	48	T	0	0	48	39.875
A_PA	15	48	G	0	0	48	40.3958333333333
A_PA	16	48	C	0	0	48	40.2916666666667
A_PA	17	48	G	0	0	48	39.9166666666667
A_PA	18	49	A	0	0	48	39.75
A_PA	19	49	C	0	0	49	39.2857142857143
A_PA	20	49	A	0	0	49	39.8163265306122
A_PA	21	49	A	0	0	49	38.734693877551
A_PA	22	49	T	0	0	49	40.4489795918367
A_PA	23	49	G	0	0	49	40.0612244897959
A_PA	24	49	C	0	0	49	40.3265306122449
A_PA	25	49	T	0	0	49	40.5714285714286
A_PA	26	49	T	0	0	49	40.2448979591837
A_PA	27	49	C	0	0	49	38.7755102040816
A_PA	28	49	A	0	0	49	37.6938775510204
A_PA	29	49	A	0	0	49	36.8979591836735
A_PA	30	49	T	0	0	49	36.5918367346939
A_PA	31	49	C	0	0	49	37.3265306122449
A_PA	32	49	C	0	0	49	39.9591836734694
A_PA	33	49	A	0	0	49	40.1836734693878
A_PA	34	49	A	0	0	49	40.6122448979592
A_PA	35	49	T	0	0	49	40.8163265306122
A_PA	36	49	G	0	0	49	41.0816326530612
A_PA	37	49	A	0	0	49	40.8775510204082
A_PA	38	49	T	0	0	49	42.4285714285714
A_PA	39	49	C	0	0	49	40.5714285714286
A_PA	40	49	A	0	0	49	40.6938775510204
A_PA	41	49	T	0	0	49	41.2857142857143
A_PA	42	49	C	0	0	49	40.7142857142857
A_PA	43	49	G	0	0	49	39.8367346938776
A_PA	44	49	A	0	0	49	39.6122448979592
A_PA	45	49	G	0	0	49	38.7755102040816
A_PA	46	49	C	0	0	49	38.7142857142857
A_PA	47	49	T	0	0	49	39.7959183673469
A_PA	48	49	T	0	0	49	39.8775510204082
A_PA	49	49	G	0	0	49	40.6938775510204
A_PA	50	49	C	0	0	49	41.4489795918367
A_PA	51	49	G	0	0	49	40.5918367346939
A_PA	52	49	G	0	0	49	40.7959183673469
A_PA	53	49	A	0	0	49	40.1020408163265
A_PA	54	49	A	0	0	49	41.8775510204082
A_PA	55	49	A	0	0	49	41.4285714285714
A_PA	56	49	A	0	0	49	43.2244897959184
A_PA	57	49	G	0	0	49	42.0204081632653
A_PA	58	49	G	0	0	49	40.5510204081633
A_PA	59	49	C	0	0	49	40.0612244897959
A_PA	60	49	A	0	0	48	38.3541666666667
A_PA	61	49	A	0	0	48	38.4791666666667
A_PA	62	49	T	0	0	49	38.2040816326531
A_PA	63	49	G	0	0	49	36.7755102040816
A_PA	64	49	A	0	0	49	37.3061224489796
A_PA	65	49	A	0	0	48	39.0208333333333
A_PA	66	49	A	0	0	49	40.7142857142857
A_PA	67	49	G	0	0	49	39.6326530612245
A_PA	68	48	A	1	0	48	41.3125
A_PA	69	48	A	1	0	48	41.8541666666667
A_PA	70	48	T	1	0	48	40.875
A_PA	71	46	A	3	0	45	40.8
A_PA	72	46	T	3	0	46	40.2173913043478
A_PA	73	45	G	4	0	45	39.2
A_PA	74	46	G	3	0	46	38.9347826086956
A_PA	75	46	G	3	0	46	39.6521739130435
A_PA	76	46	G	3	0	46	38.6304347826087
A_PA	77	46	A	3	0	46	40.1739130434783
A_PA	78	46	A	3	0	46	39.6521739130435
A_PA	79	46	G	3	0	45	40.2222222222222
A_PA	80	48	A	1	0	48	39.6041666666667
A_PA	81	48	C	1	0	48	39.1875
A_PA	82	48	C	1	0	47	39.5106382978723
A_PA	83	48	C	1	0	48	38.9583333333333
A_PA	84	48	C	1	0	47	38.2553191489362
A_PA	85	48	A	1	0	48	36.3541666666667
A_PA	86	48	A	1	0	48	39.1041666666667
A_PA	87	48	A	1	0	48	40.0208333333333
A_PA	88	48	G	1	0	48	39.2291666666667
A_PA	89	48	T	1	0	48	41.5625
A_PA	90	48	T	1	0	48	41.5416666666667
A_PA	91	48	G	1	0	48	41.1041666666667
A_PA	92	47	A	2	0	47	41.8510638297872
A_PA	93	48	A	1	0	48	41.9375
A_PA	94	48	A	1	0	48	42.3125
A_PA	95	48	C	1	0	48	42.1875
A_PA	96	48	T	1	0	46	42.5
A_PA	97	49	A	0	0	49	40.0204081632653
A_PA	98	49	A	0	0	49	39.4285714285714
A_PA	99	49	T	0	0	49	40.1020408163265
A_PA	100	49	A	0	0	48	39.9583333333333
A_PA	101	49	A	0	0	49	40.1020408163265
A_PA	102	49	G	0	0	49	39.3877551020408
A_PA	103	48	T	1	0	47	39.9787234042553
A_PA	104	48	T	1	0	47	41.3829787234043
A_PA	105	49	T	0	0	48	39.6458333333333
A_PA	106	49	G	0	0	46	40.2608695652174
A_PA	107	49	C	0	0	48	37.5833333333333
A_PA	108	49	T	0	0	49	37.8979591836735
A_PA	109	49	G	0	0	49	37.2857142857143
A_PA	110	49	C	0	0	49	36.7959183673469
A_PA	111	49	A	0	0	49	37.2040816326531
A_PA	112	49	A	0	0	49	38.5714285714286
A_PA	113	49	T	0	0	49	37.7959183673469
A_PA	114	49	T	0	0	49	38.5510204081633
A_PA	115	49	T	0	0	49	38.9387755102041
A_PA	116	49	G	0	0	49	39.0612244897959
A_PA	117	49	C	0	0	49	39.0408163265306
A_PA	118	49	A	0	0	49	39.7959183673469
A_PA	119	49	C	0	0	49	40.9183673469388
A_PA	120	49	A	0	0	49	39
A_PA	121	49	C	0	0	49	39.8571428571429
A_PA	122	49	A	0	0	49	39.469387755102
A_PA	123	49	T	0	0	49	39.4489795918367
A_PA	124	49	T	0	0	49	40.5510204081633
A_PA	125	49	T	0	0	49	42.1428571428571
A_PA	126	49	G	0	0	49	40.4081632653061
A_PA	127	49	G	0	0	49	40.8979591836735
A_PA	128	49	A	0	0	49	41.1428571428571
A_PA	129	49	A	0	0	49	41.9591836734694
A_PA	130	49	G	0	0	49	41.2040816326531
A_PA	131	49	T	0	0	49	42.7551020408163
A_PA	132	49	T	0	0	49	43.3673469387755
A_PA	133	49	T	0	0	49	43.3061224489796
A_PA	134	49	G	0	0	49	42.3469387755102
A_PA	135	49	T	0	0	49	40.7142857142857
A_PA	136	49	T	0	0	49	41.7755102040816
A_PA	137	49	T	0	0	49	40.0408163265306
A_PA	138	49	C	0	0	49	35.9183673469388
A_PA	139	49	A	0	0	49	38.9795918367347
A_PA	140	49	T	0	0	49	43.1632653061224
A_PA	141	49	G	0	0	49	41.9387755102041
A_PA	142	47	T	0	0	47	43.5531914893617
A_PA	143	47	A	0	0	47	42.0212765957447
A_PA	144	47	T	0	0	47	41.6808510638298
A_PA	145	47	T	0	0	47	41.936170212766
A_PA	146	47	C	0	0	47	40.3829787234043
A_PA	147	47	G	0	0	47	41.7872340425532
A_PA	148	47	G	0	0	47	42.4042553191489
A_PA	149	47	A	0	0	47	41.6170212765957
A_PA	150	47	T	0	0	47	41.5106382978723
A_PA	151	47	T	0	0	47	42.2553191489362
A_PA	152	47	T	0	0	47	42.5957446808511
A_PA	153	47	T	0	0	47	41.9148936170213
A_PA	154	47	C	0	0	47	41.4468085106383
A_PA	155	47	A	0	0	47	41.1276595744681
A_PA	156	47	T	0	0	47	40.2340425531915
A_PA	157	47	T	0	0	47	39.468085106383
A_PA	158	47	T	0	0	46	40.9130434782609
A_PA	159	47	C	0	0	47	39.3404255319149
A_PA	160	47	A	0	0	47	39.0851063829787
A_PA	161	47	T	0	0	47	40.4042553191489
A_PA	162	47	T	0	0	47	39.9574468085106
A_PA	163	47	G	0	0	47	39.3617021276596
A_PA	164	47	A	0	0	47	40.1063829787234
A_PA	165	47	T	0	0	47	41.7234042553191
A_PA	166	46	G	0	0	46	41.0217391304348
A_PA	167	46	A	0	0	46	40.7391304347826
A_PA	168	46	A	0	0	46	40.695652173913
A_PA	169	46	C	0	0	46	41.3260869565217
A_PA	170	46	G	0	0	46	39.9347826086956
A_PA	171	46	G	0	0	46	40.9782608695652
A_PA	172	46	G	0	0	46	40.3260869565217
A_PA	173	46	G	0	0	46	40.8260869565217
A_PA	174	46	T	0	0	46	40.3260869565217
A_PA	175	46	G	0	0	46	39.8260869565217
A_PA	176	46	A	0	0	46	39.8695652173913
A_PA	177	45	A	0	0	45	40.0666666666667
A_PA	178	45	T	0	0	45	40.8222222222222
A_PA	179	45	C	0	0	45	39.4888888888889
A_PA	180	45	A	0	0	45	39.4222222222222
A_PA	181	45	A	0	0	45	39.6222222222222
A_PA	182	45	T	0	0	45	39.0666666666667
A_PA	183	43	A	0	0	43	39.4651162790698
A_PA	184	36	A	0	0	35	39.8857142857143
A_PA	185	36	T	0	0	36	39.3611111111111
A_PA	186	36	T	0	0	35	39.5714285714286
A_PA	187	36	A	0	0	35	39.6
A_PA	188	36	T	0	0	36	41.0555555555556
A_PA	189	36	A	0	0	36	40.4166666666667
A_PA	190	36	G	0	0	35	40.2571428571429
A_PA	191	36	A	0	0	36	39.3055555555556
A_PA	192	36	A	0	0	36	39.0555555555556
A_PA	193	36	T	0	0	36	38.8333333333333
A_PA	194	36	C	0	0	36	38.4166666666667
A_PA	195	36	T	0	0	36	38.9444444444444
A_PA	196	36	G	0	0	36	39.3888888888889
A_PA	197	36	G	0	0	36	39.4722222222222
A_PA	198	36	T	0	0	36	39.3333333333333
A_PA	199	36	G	0	0	36	40.8333333333333
A_PA	200	36	A	0	0	36	39.6944444444444
A_PA	201	36	C	0	0	36	39.6944444444444
A_PA	202	36	C	0	0	36	38.5833333333333
A_PA	203	36	C	0	0	36	38.3611111111111
A_PA	204	36	A	0	0	36	38.4722222222222
A_PA	205	36	A	0	0	36	39.25
A_PA	206	36	A	0	0	36	40.5833333333333
A_PA	207	36	T	0	0	36	39.8888888888889
A_PA	208	36	G	0	0	36	41.9722222222222
A_PA	209	36	C	0	0	36	41.2222222222222
A_PA	210	36	A	0	0	36	41.5833333333333
A_PA	211	36	C	0	0	36	40.2777777777778
A_PA	212	36	T	0	0	36	41.8333333333333
A_PA	213	36	A	0	0	36	41.75
A_PA	214	36	T	0	0	36	40.3888888888889
A_PA	215	36	T	0	0	36	40.4722222222222
A_PA	216	36	G	0	0	36	42.0555555555556
A_PA	217	36	A	0	0	36	41.3055555555556
A_PA	218	36	A	0	0	36	41.3611111111111
A_PA	219	36	G	0	0	36	42.1666666666667
A_PA	220	36	C	0	0	36	41.6111111111111
A_PA	221	36	A	0	0	36	40.2777777777778
A_PA	222	36	C	0	0	36	40.4444444444444
A_PA	223	36	C	0	0	36	40.4722222222222
A_PA	224	36	G	0	0	36	38.75
A_PA	225	36	A	0	0	36	39.5555555555556
A_PA	226	36	T	0	0	36	39.2777777777778
A_PA	227	36	T	0	0	35	38.0285714285714
A_PA	228	36	T	0	0	36	37.6666666666667
A_PA	229	36	G	0	0	36	37.1388888888889
A_PA	230	36	A	0	0	36	39.3333333333333
A_PA	231	36	G	0	0	36	38.7777777777778
A_PA	232	36	A	0	0	36	39.4166666666667
A_PA	233	36	T	0	0	36	39.9722222222222
A_PA	234	36	A	0	0	36	39.6388888888889
A_PA	235	36	A	0	0	36	40.3055555555556
A_PA	236	36	T	0	0	36	40.1388888888889
A_PA	237	36	T	0	0	36	41.5833333333333
A_PA	238	36	G	0	0	36	41.3611111111111
A_PA	239	36	A	0	0	36	41.3888888888889
A_PA	240	36	A	0	0	36	42.2777777777778
A_PA	241	36	G	0	0	36	41
A_PA	242	36	G	0	0	36	40.3055555555556
A_PA	243	36	A	0	0	36	41.3333333333333
A_PA	244	36	A	0	0	36	40.75
A_PA	245	36	G	0	0	36	40.2777777777778
A_PA	246	36	A	0	0	36	40.8055555555556
A_PA	247	36	G	0	0	36	39.5555555555556
A_PA	248	36	A	0	0	36	38.9444444444444
A_PA	249	36	C	0	0	36	39.1388888888889
A_PA	250	36	C	0	0	36	38.3888888888889
A_PA	251	36	G	0	0	36	38.8333333333333
A_PA	252	36	A	0	0	36	38.8611111111111
A_PA	253	36	A	0	0	36	39.0833333333333
A_PA	254	36	T	0	0	36	39.6111111111111
A_PA	255	36	C	0	0	36	38.9166666666667
A_PA	256	36	A	0	0	36	39.8333333333333
A_PA	257	36	T	0	0	36	39.0277777777778
A_PA	258	36	G	0	0	36	37.4444444444444
A_PA	259	36	G	0	0	36	38.3611111111111
A_PA	260	36	C	0	0	36	37.6388888888889
A_PA	261	36	C	0	0	36	37.8333333333333
A_PA	262	36	T	0	0	36	38.0833333333333
A_PA	263	36	G	0	0	36	38.3611111111111
A_PA	264	36	G	0	0	36	39.6666666666667
A_PA	265	36	A	0	0	36	39.6666666666667
A_PA	266	36	C	0	0	36	39.4444444444444
A_PA	267	35	A	1	0	35	39.9428571428571
A_PA	268	35	G	1	0	35	40.8285714285714
A_PA	269	35	T	1	0	35	39.2285714285714
A_PA	270	36	G	0	0	36	37.6944444444444
A_PA	271	36	G	0	0	36	39.8888888888889
A_PA	272	36	T	0	0	36	39.4166666666667
A_PA	273	36	G	0	0	36	38.4166666666667
A_PA	274	36	A	0	0	36	39.8333333333333
A_PA	275	36	A	0	0	36	39.9444444444444
A_PA	276	35	C	0	0	35	40.6285714285714
A_PA	277	35	A	0	0	35	39.4
A_PA	278	35	G	0	0	35	39.0571428571429
A_PA	279	34	T	1	0	34	39.7352941176471
A_PA	280	34	A	1	0	34	38.3235294117647
A_PA	281	35	T	0	0	35	38.6571428571429
A_PA	282	35	A	0	0	35	38.6
A_PA	283	35	T	0	0	35	37.7428571428571
A_PA	284	35	G	0	0	35	37.9142857142857
A_PA	285	35	T	0	0	35	37.4285714285714
A_PA	286	35	A	0	0	35	37.6
A_PA	287	35	A	0	0	34	37.6764705882353
A_PA	288	35	C	0	0	35	38.8285714285714
A_PA	289	35	A	0	0	35	37.8
A_PA	290	35	C	0	0	35	38.0571428571429
A_PA	291	35	A	0	0	35	38
A_PA	292	35	A	0	0	35	38.5142857142857
A_PA	293	35	C	0	0	35	38.4571428571429
A_PA	294	35	A	0	0	35	39.4857142857143
A_PA	295	33	G	1	0	33	38.8181818181818
A_PA	296	34	G	0	0	34	39.2647058823529
A_PA	297	34	G	0	0	34	38.9411764705882
A_PA	298	34	A	0	0	34	38.5588235294118
A_PA	299	34	T	0	0	34	36.8529411764706
A_PA	300	33	A	1	0	32	36.71875
A_PA	301	33	G	1	0	33	36.7575757575758
A_PA	302	34	A	0	0	34	36.7647058823529
A_PA	303	34	G	0	0	34	35.8529411764706
A_PA	304	34	A	0	0	34	36.5882352941176
A_PA	305	34	A	0	0	34	38.0294117647059
A_PA	306	34	G	0	0	33	37.3939393939394
A_PA	307	34	C	0	0	34	36
A_PA	308	34	C	0	0	34	37.1470588235294
A_PA	309	34	C	0	0	34	36.6764705882353
A_PA	310	34	A	0	0	34	36.0294117647059
A_PA	311	34	A	0	0	34	37.1470588235294
A_PA	312	34	A	0	0	34	37.5882352941176
A_PA	313	34	T	0	0	34	38.5588235294118
A_PA	314	34	T	0	0	34	39.4705882352941
A_PA	315	34	T	0	0	34	39.2352941176471
A_PA	316	34	C	0	0	34	39.2941176470588
A_PA	317	34	T	0	0	34	37.7352941176471
A_PA	318	34	T	0	0	34	38.0882352941176
A_PA	319	34	C	0	0	34	37.7352941176471
A_PA	320	34	C	0	0	34	38.6176470588235
A_PA	321	34	T	0	0	34	39.2058823529412
A_PA	322	34	G	0	0	34	39.7647058823529
A_PA	323	34	A	0	0	34	40
A_PA	324	33	T	0	0	33	41.8181818181818
A_PA	325	33	T	0	0	33	41.5151515151515
A_PA	326	33	T	0	0	33	41.3030303030303
A_PA	327	33	G	0	0	33	40.7272727272727
A_PA	328	32	T	0	0	32	40.96875
A_PA	329	32	A	0	0	32	40.5
A_PA	330	32	T	0	0	32	41.1875
A_PA	331	32	G	0	0	32	40.28125
A_PA	332	32	A	0	0	32	40.34375
A_PA	333	32	T	0	0	32	40.71875
A_PA	334	32	T	0	0	32	40.3125
A_PA	335	32	A	0	0	32	39.09375
A_PA	336	32	C	0	0	32	39.21875
A_PA	337	31	A	1	0	31	37.0967741935484
A_PA	338	32	A	0	0	32	39.21875
A_PA	339	32	A	0	0	32	37.65625
A_PA	340	32	G	0	0	32	37.65625
A_PA	341	32	A	0	0	32	38.625
A_PA	342	32	G	0	0	32	38.90625
A_PA	343	32	A	0	0	32	39.375
A_PA	344	32	A	0	0	32	38.5
A_PA	345	32	C	0	0	32	38.21875
A_PA	346	32	C	0	0	31	37.9032258064516
A_PA	347	32	G	0	0	31	39.4193548387097
A_PA	348	32	G	0	0	32	39.125
A_PA	349	32	T	0	0	32	38.71875
A_PA	350	32	T	0	0	32	39.3125
A_PA	351	32	C	0	0	32	40.78125
A_PA	352	32	A	0	0	32	40.3125
A_PA	353	32	T	0	0	32	41.40625
A_PA	354	32	T	0	0	32	40.875
A_PA	355	32	G	0	0	32	41.28125
A_PA	356	32	A	0	0	32	39.25
A_PA	357	32	A	0	0	31	38.2903225806452
A_PA	358	32	A	0	0	32	38.96875
A_PA	359	32	T	0	0	32	38.4375
A_PA	360	32	T	0	0	32	38.8125
A_PA	361	32	G	0	0	32	37.75
A_PA	362	32	G	0	0	32	39.40625
A_PA	363	32	A	0	0	32	40.0625
A_PA	364	32	G	0	0	31	40.8387096774194
A_PA	365	32	T	0	0	31	39.1935483870968
A_PA	366	32	A	0	0	32	39.84375
A_PA	367	32	A	0	0	32	39.40625
A_PA	368	32	C	0	0	32	38.25
A_PA	369	32	A	0	0	32	38.625
A_PA	370	32	C	0	0	32	40
A_PA	371	32	G	0	0	32	37.59375
A_PA	372	32	G	0	0	32	37.09375
A_PA	373	32	A	0	0	32	37.40625
A_PA	374	32	G	0	0	32	38.59375
A_PA	375	32	G	0	0	32	37.6875
A_PA	376	32	G	0	0	32	37.5625
A_PA	377	32	A	0	0	32	35.875
A_PA	378	32	A	0	0	32	36.9375
A_PA	379	32	G	0	0	31	38.3870967741936
A_PA	380	32	T	0	0	31	39.3870967741936
A_PA	381	32	C	0	0	32	38.15625
A_PA	382	32	C	0	0	32	37.625
A_PA	383	32	A	0	0	32	37.75
A_PA	384	32	C	0	0	31	37.3870967741936
A_PA	385	32	A	0	0	32	38.28125
A_PA	386	32	T	0	0	32	39.28125
A_PA	387	29	A	3	0	29	40.7931034482759
A_PA	388	29	T	3	0	29	40.0689655172414
A_PA	389	29	A	3	0	29	38.2068965517241
A_PA	390	29	T	3	0	29	38.6551724137931
A_PA	391	29	T	3	0	29	39.6896551724138
A_PA	392	29	A	3	0	29	40.7241379310345
A_PA	393	29	C	3	0	29	39.9310344827586
A_PA	394	29	C	3	0	29	39.551724137931
A_PA	395	29	T	3	0	29	40.3448275862069
A_PA	396	29	A	3	0	29	37.7586206896552
A_PA	397	29	G	3	0	29	38.9655172413793
A_PA	398	29	A	3	0	29	37.7586206896552
A_PA	399	29	G	3	0	29	38.3448275862069
A_PA	400	29	A	3	0	29	38.8965517241379
A_PA	401	29	A	3	0	29	40.0689655172414
A_PA	402	29	A	3	0	29	40.4137931034483
A_PA	403	29	G	3	0	29	40.1379310344828
A_PA	404	29	C	3	0	29	39
A_PA	405	29	C	3	0	29	38.6896551724138
A_PA	406	29	A	3	0	29	39.5862068965517
A_PA	407	29	A	3	0	29	39.4827586206897
A_PA	408	29	C	3	0	29	39.6206896551724
A_PA	409	29	A	3	0	29	39.5862068965517
A_PA	410	29	A	3	0	29	39
A_PA	411	29	A	3	0	29	39.6206896551724
A_PA	412	32	A	0	0	32	37.4375
A_PA	413	32	T	0	0	32	38.09375
A_PA	414	32	A	0	0	32	37.8125
A_PA	415	32	A	0	0	32	36.375
A_PA	416	32	A	0	0	32	38.25
A_PA	417	32	A	0	0	32	38.65625
A_PA	418	32	T	0	0	32	39.875
A_PA	419	32	C	0	0	32	40.25
A_PA	420	32	T	0	0	32	41
A_PA	421	32	G	0	0	32	39.84375
A_PA	422	32	A	0	0	32	40.46875
A_PA	423	32	A	0	0	32	41.375
A_PA	424	32	A	0	0	32	40.53125
A_PA	425	32	A	0	0	32	41.40625
A_PA	426	32	G	0	0	32	41.15625
A_PA	427	31	A	0	0	31	41.3870967741936
A_PA	428	31	C	0	0	31	40
A_PA	429	31	A	0	0	31	40.1935483870968
A_PA	430	30	C	0	0	30	39.4
A_PA	431	30	A	0	0	30	40.0333333333333
A_PA	432	30	C	0	0	30	38.5666666666667
A_PA	433	30	A	0	0	30	38.7
A_PA	434	30	T	0	0	30	38.7333333333333
A_PA	435	30	T	0	0	30	37.6
A_PA	436	30	C	0	0	30	38.2333333333333
A_PA	437	30	A	0	0	30	38.2
A_PA	438	30	C	0	0	30	39
A_PA	439	30	A	0	0	30	39
A_PA	440	30	T	0	0	30	39.4333333333333
A_PA	441	30	C	0	0	30	37.6666666666667
A_PA	442	29	T	1	0	29	39.8620689655172
A_PA	443	30	T	0	0	30	38.2
A_PA	444	30	T	0	0	30	38.6
A_PA	445	30	T	0	0	30	37.4333333333333
A_PA	446	30	C	0	0	30	36.1666666666667
A_PA	447	30	A	0	0	30	39.2
A_PA	448	30	T	0	0	30	40.2666666666667
A_PA	449	30	T	0	0	30	39.5333333333333
A_PA	450	30	C	0	0	30	40.5666666666667
A_PA	451	30	A	0	0	30	39.6666666666667
A_PA	452	30	C	0	0	30	40.3666666666667
A_PA	453	30	T	0	0	30	40.9666666666667
A_PA	454	29	G	1	0	29	40.6206896551724
A_PA	455	29	G	1	0	29	40.4827586206897
A_PA	456	29	A	1	0	29	40.3103448275862
A_PA	457	28	G	1	0	28	39.6428571428571
A_PA	458	28	A	1	0	28	39.9642857142857
A_PA	459	29	G	0	0	29	37.7586206896552
A_PA	460	29	G	0	0	29	36.4137931034483
A_PA	461	29	A	0	0	29	38.0344827586207
A_PA	462	29	G	0	0	28	39.4642857142857
A_PA	463	29	A	0	0	29	40.6896551724138
A_PA	464	29	T	0	0	29	41.0689655172414
A_PA	465	29	G	0	0	29	40.551724137931
A_PA	466	28	G	0	0	27	42.1851851851852
A_PA	467	28	C	0	0	28	41.3571428571429
A_PA	468	28	C	0	0	27	43.0740740740741
A_PA	469	28	A	0	0	28	41.8571428571429
A_PA	470	28	C	0	0	28	42.0714285714286
A_PA	471	28	C	0	0	28	41.0714285714286
A_PA	472	28	A	0	0	28	40.7857142857143
A_PA	473	28	A	0	0	28	41.2857142857143
A_PA	474	28	A	0	0	28	42.3928571428571
A_PA	475	28	G	0	0	28	42.1071428571429
A_PA	476	28	C	0	0	28	41.8214285714286
A_PA	477	28	A	0	0	28	41.8214285714286
A_PA	478	28	G	0	0	28	40.0357142857143
A_PA	479	28	A	0	0	27	41.6666666666667
A_PA	480	28	C	0	0	28	40.8571428571429
A_PA	481	28	T	0	0	28	40.2857142857143
A_PA	482	28	A	0	0	28	40.8214285714286
A_PA	483	28	C	0	0	28	42.1071428571429
A_PA	484	28	A	0	0	28	40
A_PA	485	28	C	0	0	28	39.8928571428571
A_PA	486	28	C	0	0	28	41
A_PA	487	28	C	0	0	28	41.2142857142857
A_PA	488	28	T	0	0	28	41.6071428571429
A_PA	489	28	T	0	0	28	42.7142857142857
A_PA	490	28	G	0	0	28	42.9642857142857
A_PA	491	28	A	0	0	28	44.3928571428571
A_PA	492	28	C	0	0	28	43.5714285714286
A_PA	493	28	G	0	0	27	42.3703703703704
A_PA	494	28	A	0	0	28	42.2857142857143
A_PA	495	28	A	0	0	28	41.7142857142857
A_PA	496	28	G	0	0	28	41.7857142857143
A_PA	497	27	A	0	0	27	40.7037037037037
A_PA	498	27	A	0	0	27	43.4444444444444
A_PA	499	27	A	0	0	27	42.3703703703704
A_PA	500	27	G	0	0	26	42
A_PA	501	27	C	0	0	25	40.8
A_PA	502	27	A	0	0	26	41.1538461538462
A_PA	503	27	G	0	0	27	40.5925925925926
A_PA	504	27	A	0	0	27	40.0740740740741
A_PA	505	26	G	0	0	26	39.1923076923077
A_PA	506	26	C	0	0	26	39.3461538461538
A_PA	507	26	A	0	0	26	40.0384615384615
A_PA	508	25	A	1	0	25	40.88
A_PA	509	25	G	1	0	25	40.6
A_PA	510	26	A	0	0	26	39.6538461538462
A_PA	511	26	A	0	0	26	39.5
A_PA	512	26	T	0	0	25	39.24
A_PA	513	26	C	0	0	25	39.76
A_PA	514	26	A	0	0	26	39.0769230769231
A_PA	515	26	A	0	0	26	39.9230769230769
A_PA	516	26	A	0	0	26	40.2692307692308
A_PA	517	26	A	0	0	26	40.8076923076923
A_PA	518	26	C	0	0	26	42.5384615384615
A_PA	519	26	T	0	0	26	41.9230769230769
A_PA	520	25	A	0	0	25	39.6
A_PA	521	25	G	0	0	25	39.48
A_PA	522	25	G	0	0	25	40.2
A_PA	523	25	C	0	0	25	41.16
A_PA	524	25	T	0	0	25	39.96
A_PA	525	25	T	0	0	25	42.36
A_PA	526	25	T	0	0	25	41.96
A_PA	527	25	T	0	0	25	41.6
A_PA	528	25	C	0	0	25	40.28
A_PA	529	25	A	0	0	25	40.44
A_PA	530	25	C	0	0	25	40.68
A_PA	531	25	T	0	0	24	39.3333333333333
A_PA	532	25	A	0	0	25	41.16
A_PA	533	23	T	0	0	23	41.5217391304348
A_PA	534	20	A	3	0	20	41.05
A_PA	535	20	A	3	0	20	38.15
A_PA	536	20	G	3	0	20	37.45
A_PA	537	20	A	3	0	20	37.45
A_PA	538	20	C	3	0	20	36.5
A_PA	539	22	A	1	0	22	38.9545454545455
A_PA	540	23	A	0	0	23	40.9130434782609
A_PA	541	23	G	0	0	23	39.9130434782609
A_PA	542	23	A	0	0	23	42.3913043478261
A_PA	543	23	A	0	0	22	43.4090909090909
A_PA	544	22	A	0	0	22	43.8181818181818
A_PA	545	22	T	0	0	22	42.9090909090909
A_PA	546	20	G	0	0	20	43.2
A_PA	547	20	G	0	0	20	43.6
A_PA	548	20	C	0	0	20	43.35
A_PA	549	20	C	0	0	20	41.8
A_PA	550	19	A	1	0	19	42.4736842105263
A_PA	551	19	G	1	0	19	42.2631578947368
A_PA	552	20	T	0	0	20	42.85
A_PA	553	20	A	0	0	20	42.45
A_PA	554	17	G	0	0	17	41.8235294117647
A_PA	555	17	G	0	0	17	40.8235294117647
A_PA	556	17	A	0	0	17	41.6470588235294
A_PA	557	17	G	0	0	17	40.7647058823529
A_PA	558	17	T	0	0	16	41.5
A_PA	559	17	C	0	0	17	40.4705882352941
A_PA	560	16	T	1	0	16	39.875
A_PA	561	17	A	0	0	17	41.1176470588235
A_PA	562	17	T	0	0	17	43.1176470588235
A_PA	563	17	G	0	0	17	42.2352941176471
A_PA	564	17	G	0	0	17	42.4117647058824
A_PA	565	17	G	0	0	17	42.9411764705882
A_PA	566	17	A	0	0	17	43.4705882352941
A_PA	567	17	T	0	0	17	42.1764705882353
A_PA	568	17	T	0	0	17	42.2352941176471
A_PA	569	17	C	0	0	17	41.0588235294118
A_PA	570	17	C	0	0	17	41.5882352941176
A_PA	571	17	T	0	0	17	42.0588235294118
A_PA	572	17	T	0	0	17	42.2941176470588
A_PA	573	17	T	0	0	17	41.8823529411765
A_PA	574	17	C	0	0	16	38.5625
A_PA	575	17	G	0	0	16	38.8125
A_PA	576	17	T	0	0	16	38.625
A_PA	577	17	C	0	0	16	39.25
A_PA	578	17	A	0	0	17	39.7058823529412
A_PA	579	17	G	0	0	17	37.6470588235294
A_PA	580	17	T	0	0	17	38.9411764705882
A_PA	581	17	C	0	0	17	38.0588235294118
A_PA	582	17	C	0	0	17	39.1764705882353
A_PA	583	16	G	1	0	16	36.5
A_PA	584	17	A	0	0	17	35.6470588235294
A_PA	585	17	A	0	0	17	35.7647058823529
A_PA	586	17	A	0	0	17	36.1176470588235
A_PA	587	17	G	0	0	16	35.5625
A_PA	588	17	A	0	0	17	39.5882352941176
A_PA	589	17	G	0	0	17	38.2941176470588
A_PA	590	17	G	0	0	17	39.2941176470588
A_PA	591	17	C	0	0	17	38.5294117647059
A_PA	592	16	G	1	0	16	38.8125
A_PA	593	16	A	1	0	16	39.375
A_PA	594	16	A	1	0	16	38.625
A_PA	595	17	G	0	0	16	34.625
A_PA	596	17	A	0	0	17	35.8823529411765
A_PA	597	17	A	0	0	16	36.75
A_PA	598	17	A	0	0	17	37.3529411764706
A_PA	599	17	C	0	0	17	39.3529411764706
A_PA	600	17	A	0	0	17	37.9411764705882
A_PA	601	17	A	0	0	17	38.2352941176471
A_PA	602	17	T	0	0	17	38.8235294117647
A_PA	603	17	T	0	0	17	39.0588235294118
A_PA	604	16	G	1	0	16	38.625
A_PA	605	16	A	1	0	16	39.3125
A_PA	606	16	A	1	0	16	39.6875
A_PA	607	17	G	0	0	17	40.1764705882353
A_PA	608	17	A	0	0	17	38.0588235294118
A_PA	609	17	A	0	0	17	37.2941176470588
A_PA	610	17	A	0	0	17	36.1764705882353
A_PA	611	17	A	0	0	17	37.2941176470588
A_PA	612	17	G	0	0	17	35.8235294117647
A_PA	613	17	T	0	0	17	37.0588235294118
A_PA	614	17	T	0	0	17	38.8823529411765
A_PA	615	16	T	1	0	16	39.1875
A_PA	616	16	G	1	0	16	40.0625
A_PA	617	16	A	1	0	16	38.875
A_PA	618	16	A	1	0	16	41.5
A_PA	619	16	A	1	0	16	40.5625
A_PA	620	16	T	1	0	16	41.4375
A_PA	621	16	T	1	0	16	43.75
A_PA	622	16	A	1	0	16	41.8125
A_PA	623	16	C	1	0	16	39.3125
A_PA	624	16	A	1	0	16	36.125
A_PA	625	16	G	1	0	16	34.875
A_PA	626	16	G	1	0	16	34.25
A_PA	627	16	A	1	0	16	35.375
A_PA	628	16	A	1	0	15	37.9333333333333
A_PA	629	16	C	1	0	16	39.9375
A_PA	630	16	T	1	0	16	39.0625
A_PA	631	16	A	1	0	15	39.4666666666667
A_PA	632	16	T	1	0	16	38.375
A_PA	633	16	G	1	0	16	38.875
A_PA	634	16	C	1	0	16	39.5
A_PA	635	16	G	1	0	16	36.8125
A_PA	636	16	C	1	0	16	40.1875
A_PA	637	16	A	1	0	16	40.75
A_PA	638	16	A	1	0	16	42.5625
A_PA	639	16	G	1	0	16	42.3125
A_PA	640	16	C	1	0	16	42
A_PA	641	16	T	1	0	16	41.75
A_PA	642	16	T	1	0	16	41.125
A_PA	643	16	G	1	0	16	41.125
A_PA	644	16	C	1	0	16	42.1875
A_PA	645	16	C	1	0	16	39.5
A_PA	646	16	G	1	0	16	38.8125
A_PA	647	16	A	1	0	16	39.375
A_PA	648	16	C	1	0	16	38.75
A_PA	649	16	C	1	0	16	38.625
A_PA	650	16	A	1	0	16	38.875
A_PA	651	16	A	1	0	16	36.375
A_PA	652	16	A	1	0	16	36.8125
A_PA	653	16	G	1	0	16	36.75
A_PA	654	16	T	1	0	16	37
A_PA	655	16	C	1	0	16	37.1875
A_PA	656	16	T	1	0	16	39.5625
A_PA	657	15	C	2	0	15	38.5333333333333
A_PA	658	16	C	1	0	16	37.9375
A_PA	659	16	C	1	0	16	35.9375
A_PA	660	16	A	1	0	16	35.375
A_PA	661	16	C	1	0	16	36.125
A_PA	662	16	C	1	0	16	37.375
A_PA	663	16	A	1	0	16	37.625
A_PA	664	16	A	1	0	16	37.9375
A_PA	665	16	A	1	0	16	37.625
A_PA	666	16	C	1	0	16	38.375
A_PA	667	16	T	1	0	16	38.0625
A_PA	668	16	T	1	0	16	37.8125
A_PA	669	16	C	1	0	16	37.125
A_PA	670	16	T	1	0	16	36.9375
A_PA	671	16	C	1	0	16	37.9375
A_PA	672	16	C	1	0	16	38.25
A_PA	673	16	T	1	0	16	37
A_PA	674	16	G	1	0	16	38.1875
A_PA	675	16	C	1	0	16	39.1875
A_PA	676	16	C	1	0	16	38.375
A_PA	677	16	T	1	0	16	39.5
A_PA	678	16	T	1	0	16	37.75
A_PA	679	16	G	1	0	16	37.0625
A_PA	680	16	A	1	0	16	36.875
A_PA	681	16	A	1	0	16	39.0625
A_PA	682	16	A	1	0	16	40.5
A_PA	683	16	A	1	0	16	42.4375
A_PA	684	16	C	1	0	16	40.4375
A_PA	685	16	T	1	0	16	40.5
A_PA	686	16	T	1	0	16	43.375
A_PA	687	16	C	1	0	16	41.1875
A_PA	688	16	A	1	0	16	41.4375
A_PA	689	16	G	1	0	16	41.5
A_PA	690	16	A	1	0	16	41.9375
A_PA	691	16	G	1	0	16	41.75
A_PA	692	16	C	1	0	16	43.0625
A_PA	693	16	C	1	0	16	40.9375
A_PA	694	16	T	1	0	16	39.5625
A_PA	695	16	A	1	0	16	39.9375
A_PA	696	16	T	1	0	16	40.4375
A_PA	697	13	G	1	0	13	40.7692307692308
A_PA	698	13	T	1	0	13	40.3846153846154
A_PA	699	13	A	1	0	13	39.1538461538462
A_PA	700	13	G	1	0	13	37.9230769230769
A_PA	701	13	A	1	0	13	38.1538461538462
A_PA	702	13	T	1	0	13	39.8461538461538
A_PA	703	13	G	1	0	13	37.8461538461538
A_PA	704	13	G	1	0	13	38.7692307692308
A_PA	705	13	A	1	0	13	39.9230769230769
A_PA	706	13	T	1	0	13	39.3076923076923
A_PA	707	13	T	1	0	13	39.7692307692308
A_PA	708	13	C	1	0	12	40.0833333333333
A_PA	709	13	G	1	0	13	36.6153846153846
A_PA	710	13	A	1	0	13	35.6153846153846
A_PA	711	13	G	1	0	13	35.9230769230769
A_PA	712	13	C	1	0	13	37.0769230769231
A_PA	713	12	C	2	0	12	40.9166666666667
A_PA	714	12	G	2	0	12	40.0833333333333
A_PA	715	13	A	1	0	13	37.1538461538462
A_PA	716	13	A	1	0	13	37.6153846153846
A_PA	717	13	C	1	0	13	37.6153846153846
A_PA	718	13	G	1	0	13	36.6153846153846
A_PA	719	13	G	1	0	13	36.2307692307692
A_PA	720	13	C	1	0	13	35.8461538461538
A_PA	721	13	T	1	0	13	35.6923076923077
A_PA	722	13	G	1	0	13	35.2307692307692
A_PA	723	13	C	1	0	13	34
A_PA	724	13	A	1	0	13	35
A_PA	725	13	T	1	0	13	34.3846153846154
A_PA	726	12	T	2	0	12	33.4166666666667
A_PA	727	12	G	2	0	12	36.6666666666667
A_PA	728	12	A	2	0	12	34.8333333333333
A_PA	729	13	G	1	0	12	33.6666666666667
A_PA	730	13	G	1	0	11	36.6363636363636
A_PA	731	13	G	1	0	13	32.2307692307692
A_PA	732	12	C	2	0	12	30.6666666666667
A_PA	733	13	A	1	0	13	34.0769230769231
A_PA	734	13	A	1	0	13	32.8461538461538
A_PA	735	13	G	1	0	12	32.5
A_PA	736	13	C	1	0	13	29.9230769230769
A_PA	737	13	T	1	0	13	31.7692307692308
A_PA	738	13	T	1	0	13	32.6923076923077
A_PA	739	13	T	1	0	12	32.75
A_PA	740	13	C	1	0	13	30
A_PA	741	13	C	1	0	13	31.8461538461538
A_PA	742	13	C	1	0	12	34.5
A_PA	743	13	A	1	0	13	29.6923076923077
A_PA	744	13	A	1	0	13	32
A_PA	745	13	A	1	0	13	33.1538461538462
A_PA	746	13	T	1	0	13	35.7692307692308
A_PA	747	13	G	1	0	13	37.3846153846154
A_PA	748	13	T	1	0	13	38.9230769230769
A_PA	749	13	C	1	0	13	34
A_PA	750	13	A	1	0	13	34.8461538461538
A_PA	751	13	A	1	0	13	35.8461538461538
A_PA	752	13	A	1	0	13	36.2307692307692
A_PA	753	13	A	1	0	13	38.7692307692308
A_PA	754	13	G	1	0	13	39.9230769230769
A_PA	755	13	A	1	0	13	38.6153846153846
A_PA	756	13	A	1	0	13	41.0769230769231
A_PA	757	13	G	1	0	13	40.7692307692308
A_PA	758	13	T	1	0	13	38.9230769230769
A_PA	759	12	A	2	0	12	40.3333333333333
A_PA	760	13	A	1	0	13	38.4615384615385
A_PA	761	13	A	1	0	13	39.3076923076923
A_PA	762	13	C	1	0	13	38.8461538461538
A_PA	763	13	G	1	0	13	37.7692307692308
A_PA	764	13	C	1	0	13	36.1538461538462
A_PA	765	13	C	1	0	13	35.4615384615385
A_PA	766	13	A	1	0	13	34.7692307692308
A_PA	767	13	A	1	0	12	36.0833333333333
A_PA	768	13	A	1	0	13	35.3846153846154
A_PA	769	13	A	1	0	13	38.4615384615385
A_PA	770	13	T	1	0	13	38.1538461538462
A_PA	771	13	T	1	0	13	36.4615384615385
A_PA	772	13	G	1	0	13	36.5384615384615
A_PA	773	13	A	1	0	13	35.5384615384615
A_PA	774	13	A	1	0	13	36.6153846153846
A_PA	775	13	C	1	0	13	36.6923076923077
A_PA	776	13	C	1	0	13	38.3846153846154
A_PA	777	13	A	1	0	13	40.5384615384615
A_PA	778	13	T	1	0	13	41.3076923076923
A_PA	779	13	T	1	0	13	39.8461538461538
A_PA	780	13	C	1	0	13	38.8461538461538
A_PA	781	13	T	1	0	13	38.6923076923077
A_PA	782	13	T	1	0	13	40.5384615384615
A_PA	783	13	G	1	0	13	38
A_PA	784	13	A	1	0	13	37.9230769230769
A_PA	785	13	A	1	0	13	38.0769230769231
A_PA	786	13	G	1	0	13	39.1538461538462
A_PA	787	13	A	1	0	13	37.5384615384615
A_PA	788	13	C	1	0	13	37.3076923076923
A_PA	789	12	G	2	0	12	38.8333333333333
A_PA	790	12	A	2	0	12	37.0833333333333
A_PA	791	13	C	1	0	13	35.4615384615385
A_PA	792	13	A	1	0	13	35.6153846153846
A_PA	793	13	C	1	0	13	35.3076923076923
A_PA	794	13	C	1	0	13	37.2307692307692
A_PA	795	13	A	1	0	13	36.3076923076923
A_PA	796	13	C	1	0	13	35.8461538461538
A_PA	797	13	G	1	0	13	34.9230769230769
A_PA	798	13	C	1	0	12	34.9166666666667
A_PA	799	13	C	1	0	13	35.6923076923077
A_PA	800	13	C	1	0	13	34.2307692307692
A_PA	801	13	C	1	0	12	33.5833333333333
A_PA	802	13	C	1	0	13	33.4615384615385
A_PA	803	12	T	2	0	12	31.0833333333333
A_PA	804	13	C	1	0	13	34.5384615384615
A_PA	805	13	A	1	0	13	34.4615384615385
A_PA	806	13	G	1	0	13	36.4615384615385
A_PA	807	13	A	1	0	13	35.3076923076923
A_PA	808	13	T	1	0	13	36.6923076923077
A_PA	809	13	T	1	0	13	35.6923076923077
A_PA	810	13	A	1	0	13	35.2307692307692
A_PA	811	13	C	1	0	13	36.6923076923077
A_PA	812	13	C	1	0	13	36.7692307692308
A_PA	813	13	T	1	0	13	37.0769230769231
A_PA	814	13	G	1	0	13	39.0769230769231
A_PA	815	13	A	1	0	13	39.6923076923077
A_PA	816	13	T	1	0	13	40.6153846153846
A_PA	817	13	G	1	0	13	41.9230769230769
A_PA	818	13	G	1	0	13	42
A_PA	819	13	A	1	0	13	44
A_PA	820	13	C	1	0	13	42.1538461538462
A_PA	821	13	C	1	0	13	42.4615384615385
A_PA	822	13	T	1	0	13	42.7692307692308
A_PA	823	13	C	1	0	13	42
A_PA	824	13	T	1	0	13	39.2307692307692
A_PA	825	13	T	1	0	13	38.8461538461538
A_PA	826	13	T	1	0	13	39.5384615384615
A_PA	827	13	G	1	0	13	40.8461538461538
A_PA	828	13	C	1	0	13	41.8461538461538
A_PA	829	13	C	1	0	13	41.3846153846154
A_PA	830	13	A	1	0	13	41.0769230769231
A_PA	831	13	C	1	0	13	41.0769230769231
A_PA	832	13	C	1	0	13	40.9230769230769
A_PA	833	13	A	1	0	13	41.6153846153846
A_PA	834	13	G	1	0	13	41.6153846153846
A_PA	835	13	C	1	0	13	41.6153846153846
A_PA	836	13	G	1	0	13	40.1538461538462
A_PA	837	13	G	1	0	13	37.9230769230769
A_PA	838	13	T	1	0	13	37.6153846153846
A_PA	839	13	C	1	0	13	36.0769230769231
A_PA	840	13	A	1	0	13	37.4615384615385
A_PA	841	13	A	1	0	13	38.6153846153846
A_PA	842	13	A	1	0	13	36.6923076923077
A_PA	843	13	G	1	0	13	36.4615384615385
A_PA	844	13	T	1	0	12	37.75
A_PA	845	13	T	1	0	13	34.3846153846154
A_PA	846	13	C	1	0	13	32.0769230769231
A_PA	847	13	C	1	0	13	32.6923076923077
A_PA	848	12	T	2	0	12	35.3333333333333
A_PA	849	13	G	1	0	13	34.3076923076923
A_PA	850	13	C	1	0	13	35.3846153846154
A_PA	851	13	T	1	0	13	35.5384615384615
A_PA	852	13	G	1	0	13	35.6153846153846
A_PA	853	13	A	1	0	13	36.2307692307692
A_PA	854	13	T	1	0	13	36.5384615384615
A_PA	855	13	G	1	0	13	36.4615384615385
A_PA	856	13	G	1	0	13	36.2307692307692
A_PA	857	13	A	1	0	13	37.5384615384615
A_PA	858	13	T	1	0	13	39.6153846153846
A_PA	859	13	G	1	0	13	38.5384615384615
A_PA	860	13	C	1	0	13	37.2307692307692
A_PA	861	13	T	1	0	13	39.7692307692308
A_PA	862	13	C	1	0	13	41
A_PA	863	13	T	1	0	13	42.2307692307692
A_PA	864	13	G	1	0	13	41.3076923076923
A_PA	865	13	A	1	0	13	41
A_PA	866	13	A	1	0	13	42.5384615384615
A_PA	867	13	A	1	0	13	43.0769230769231
A_PA	868	13	T	1	0	13	42.0769230769231
A_PA	869	13	T	1	0	13	42.7692307692308
A_PA	870	13	A	1	0	13	40.8461538461538
A_PA	871	13	A	1	0	13	41.3846153846154
A_PA	872	13	G	1	0	13	40.6923076923077
A_PA	873	13	C	1	0	13	41.0769230769231
A_PA	874	13	A	1	0	13	40.4615384615385
A_PA	875	13	T	1	0	13	43
A_PA	876	13	T	1	0	13	41.6923076923077
A_PA	877	13	G	1	0	13	41.7692307692308
A_PA	878	13	A	1	0	13	41.7692307692308
A_PA	879	13	A	1	0	13	43.1538461538462
A_PA	880	13	G	1	0	13	41.0769230769231
A_PA	881	13	A	1	0	13	41.4615384615385
A_PA	882	13	C	1	0	13	41.9230769230769
A_PA	883	13	C	1	0	13	41.9230769230769
A_PA	884	13	C	1	0	13	43.0769230769231
A_PA	885	13	G	1	0	13	42.2307692307692
A_PA	886	13	A	1	0	13	42.9230769230769
A_PA	887	13	G	1	0	13	41.2307692307692
A_PA	888	13	T	1	0	13	43.4615384615385
A_PA	889	13	C	1	0	13	42
A_PA	890	13	A	1	0	13	42.3076923076923
A_PA	891	13	C	1	0	13	41.9230769230769
A_PA	892	13	G	1	0	13	41
A_PA	893	13	A	1	0	13	38.5384615384615
A_PA	894	11	G	3	0	11	37.8181818181818
A_PA	895	13	G	1	0	13	38.3076923076923
A_PA	896	13	G	1	0	13	38.2307692307692
A_PA	897	13	G	1	0	13	36.4615384615385
A_PA	898	13	G	1	0	13	36.1538461538462
A_PA	899	13	A	1	0	13	36.9230769230769
A_PA	900	13	A	1	0	13	34.5384615384615
A_PA	901	13	G	1	0	13	34.3846153846154
A_PA	902	13	G	1	0	13	34.6923076923077
A_PA	903	13	A	1	0	13	34.2307692307692
A_PA	904	13	A	1	0	13	37.9230769230769
A_PA	905	13	T	1	0	13	39.9230769230769
A_PA	906	13	A	1	0	13	38.7692307692308
A_PA	907	13	C	1	0	13	38.3076923076923
A_PA	908	13	C	1	0	13	38.4615384615385
A_PA	909	13	A	1	0	13	39.2307692307692
A_PA	910	13	C	1	0	13	38.6923076923077
A_PA	911	12	T	2	0	12	40.3333333333333
A_PA	912	12	A	2	0	12	40.9166666666667
A_PA	913	13	T	1	0	13	39.3846153846154
A_PA	914	13	A	1	0	13	40.4615384615385
A_PA	915	13	T	1	0	13	41.7692307692308
A_PA	916	13	G	1	0	13	39.5384615384615
A_PA	917	13	A	1	0	13	40
A_PA	918	13	T	1	0	13	40.6153846153846
A_PA	919	13	G	1	0	13	41.2307692307692
A_PA	920	13	C	1	0	13	42
A_PA	921	13	A	1	0	13	41.3076923076923
A_PA	922	13	A	1	0	13	42.3846153846154
A_PA	923	13	T	1	0	13	41.1538461538462
A_PA	924	13	C	1	0	13	40.4615384615385
A_PA	925	13	A	1	0	13	39.6153846153846
A_PA	926	13	A	1	0	13	41.8461538461538
A_PA	927	13	A	1	0	13	42.6923076923077
A_PA	928	13	T	1	0	13	41.4615384615385
A_PA	929	13	G	1	0	13	41
A_PA	930	13	C	1	0	13	41
A_PA	931	13	A	1	0	13	40
A_PA	932	13	T	1	0	13	39.6153846153846
A_PA	933	13	G	1	0	12	38.4166666666667
A_PA	934	13	A	1	0	13	37.6153846153846
A_PA	935	13	A	1	0	13	36.6923076923077
A_PA	936	13	G	1	0	13	36.5384615384615
A_PA	937	13	A	1	0	13	36.9230769230769
A_PA	938	13	C	1	0	12	39.6666666666667
A_PA	939	13	A	1	0	13	34.8461538461538
A_PA	940	12	T	2	0	12	36.4166666666667
A_PA	941	12	T	2	0	12	38.5833333333333
A_PA	942	12	C	2	0	12	37.8333333333333
A_PA	943	13	T	1	0	13	39.5384615384615
A_PA	944	13	T	1	0	13	38.6153846153846
A_PA	945	13	T	1	0	13	37.0769230769231
A_PA	946	13	G	1	0	13	36.3846153846154
A_PA	947	13	G	1	0	13	36.7692307692308
A_PA	948	13	C	1	0	13	36
A_PA	949	13	T	1	0	13	33.6923076923077
A_PA	950	12	G	2	0	12	36.5
A_PA	951	13	G	1	0	12	36.25
A_PA	952	13	A	1	0	13	36
A_PA	953	13	A	1	0	13	36.8461538461538
A_PA	954	13	A	1	0	13	36.1538461538462
A_PA	955	13	G	1	0	13	36.1538461538462
A_PA	956	13	A	1	0	13	36.4615384615385
A_PA	957	13	G	1	0	13	36.4615384615385
A_PA	958	13	C	1	0	13	37.0769230769231
A_PA	959	13	C	1	0	13	38
A_PA	960	13	T	1	0	13	37.6923076923077
A_PA	961	13	A	1	0	13	38.1538461538462
A_PA	962	13	A	1	0	13	37.4615384615385
A_PA	963	13	A	1	0	13	37.5384615384615
A_PA	964	13	A	1	0	13	39.3846153846154
A_PA	965	13	T	1	0	13	37.3846153846154
A_PA	966	13	A	1	0	12	35.75
A_PA	967	13	G	1	0	13	33.3846153846154
A_PA	968	13	T	1	0	13	36.3076923076923
A_PA	969	13	C	1	0	13	35.6153846153846
A_PA	970	13	A	1	0	13	34.6923076923077
A_PA	971	13	A	1	0	13	36.1538461538462
A_PA	972	13	A	1	0	13	38.3846153846154
A_PA	973	13	C	1	0	13	39.6153846153846
A_PA	974	13	C	1	0	13	40.3076923076923
A_PA	975	13	A	1	0	13	40.6153846153846
A_PA	976	13	C	1	0	13	42.4615384615385
A_PA	977	13	A	1	0	13	41.5384615384615
A_PA	978	13	T	1	0	13	42.3076923076923
A_PA	979	13	G	1	0	13	41.3076923076923
A_PA	980	13	A	1	0	13	40.6153846153846
A_PA	981	13	G	1	0	13	40.7692307692308
A_PA	982	13	A	1	0	13	41.3846153846154
A_PA	983	13	A	1	0	13	41
A_PA	984	13	A	1	0	13	42.3076923076923
A_PA	985	13	G	1	0	13	41.7692307692308
A_PA	986	12	G	2	0	12	42.6666666666667
A_PA	987	12	C	2	0	12	41.9166666666667
A_PA	988	13	G	1	0	13	38.6153846153846
A_PA	989	13	T	1	0	12	37.8333333333333
A_PA	990	13	A	1	0	13	38.9230769230769
A_PA	991	13	A	1	0	13	37.3846153846154
A_PA	992	13	A	1	0	13	37.8461538461538
A_PA	993	13	T	1	0	13	40.6923076923077
A_PA	994	13	C	1	0	12	39.6666666666667
A_PA	995	13	C	1	0	13	39.5384615384615
A_PA	996	13	C	1	0	13	37.4615384615385
A_PA	997	13	A	1	0	13	37.2307692307692
A_PA	998	13	A	1	0	13	34.8461538461538
A_PA	999	13	T	1	0	13	39
A_PA	1000	13	T	1	0	13	37.6923076923077
A_PA	1001	13	A	1	0	13	38.3846153846154
A_PA	1002	13	C	1	0	13	38.0769230769231
A_PA	1003	13	C	1	0	13	38
A_PA	1004	13	T	1	0	13	43.6923076923077
A_PA	1005	13	C	1	0	13	41.2307692307692
A_PA	1006	13	A	1	0	13	41.7692307692308
A_PA	1007	13	T	1	0	13	42.1538461538462
A_PA	1008	13	G	1	0	13	40.0769230769231
A_PA	1009	13	A	1	0	13	37.4615384615385
A_PA	1010	13	C	1	0	13	37.2307692307692
A_PA	1011	13	T	1	0	13	36.5384615384615
A_PA	1012	13	T	1	0	13	34.4615384615385
A_PA	1013	13	G	1	0	13	36.0769230769231
A_PA	1014	13	G	1	0	13	33.2307692307692
A_PA	1015	13	A	1	0	13	32.0769230769231
A_PA	1016	13	A	1	0	13	36.0769230769231
A_PA	1017	13	T	1	0	13	36.3076923076923
A_PA	1018	13	C	1	0	13	36.3076923076923
A_PA	1019	13	A	1	0	13	37.3846153846154
A_PA	1020	13	G	1	0	13	40.3846153846154
A_PA	1021	13	G	1	0	13	41
A_PA	1022	13	T	1	0	13	38
A_PA	1023	13	G	1	0	13	39.9230769230769
A_PA	1024	13	C	1	0	13	42.9230769230769
A_PA	1025	14	T	1	0	14	42.1428571428571
A_PA	1026	14	A	1	0	14	38.5
A_PA	1027	14	G	1	0	14	39.0714285714286
A_PA	1028	14	C	1	0	14	39.2857142857143
A_PA	1029	14	A	1	0	14	41.7142857142857
A_PA	1030	14	G	1	0	14	40.7142857142857
A_PA	1031	14	A	1	0	14	39
A_PA	1032	14	G	1	0	14	39.2857142857143
A_PA	1033	14	C	1	0	14	40.6428571428571
A_PA	1034	14	T	1	0	14	40.2857142857143
A_PA	1035	14	A	1	0	14	37.2142857142857
A_PA	1036	14	C	1	0	14	37.6428571428571
A_PA	1037	14	A	1	0	14	37.5714285714286
A_PA	1038	14	G	1	0	14	38.1428571428571
A_PA	1039	14	G	1	0	14	38.1428571428571
A_PA	1040	14	A	1	0	14	39.9285714285714
A_PA	1041	14	C	1	0	14	39.3571428571429
A_PA	1042	14	A	1	0	14	40.7857142857143
A_PA	1043	14	T	1	0	14	39.7857142857143
A_PA	1044	14	T	1	0	14	40.6428571428571
A_PA	1045	14	G	1	0	14	37.8571428571429
A_PA	1046	14	A	1	0	14	38.8571428571429
A_PA	1047	14	A	1	0	14	38.5
A_PA	1048	14	A	1	0	14	42.0714285714286
A_PA	1049	14	A	1	0	14	42.9285714285714
A_PA	1050	14	T	1	0	14	40.8571428571429
A_PA	1051	14	G	1	0	14	39.7857142857143
A_PA	1052	14	A	1	0	14	39.4285714285714
A_PA	1053	14	A	1	0	14	40
A_PA	1054	14	G	1	0	14	37.9285714285714
A_PA	1055	14	A	1	0	14	38.5
A_PA	1056	14	G	1	0	14	37.8571428571429
A_PA	1057	14	A	1	0	14	38.2142857142857
A_PA	1058	14	A	1	0	14	38.5714285714286
A_PA	1059	14	A	1	0	14	43.2857142857143
A_PA	1060	14	A	1	0	14	41.8571428571429
A_PA	1061	14	T	1	0	14	42.4285714285714
A_PA	1062	14	C	1	0	14	35.7857142857143
A_PA	1063	14	C	1	0	14	36
A_PA	1064	14	C	1	0	14	37.6428571428571
A_PA	1065	14	A	1	0	14	37.7857142857143
A_PA	1066	14	A	1	0	14	38.6428571428571
A_PA	1067	14	G	1	0	14	40.6428571428571
A_PA	1068	14	G	1	0	14	36.9285714285714
A_PA	1069	14	A	1	0	14	39.2857142857143
A_PA	1070	14	C	1	0	14	40
A_PA	1071	14	A	1	0	14	41.3571428571429
A_PA	1072	14	A	1	0	14	42.4285714285714
A_PA	1073	14	A	1	0	14	41
A_PA	1074	14	G	1	0	14	39.5714285714286
A_PA	1075	14	A	1	0	14	40.2142857142857
A_PA	1076	14	A	1	0	14	41.7857142857143
A_PA	1077	14	C	1	0	14	42.7142857142857
A_PA	1078	14	A	1	0	14	41.2142857142857
A_PA	1079	14	T	1	0	14	42.2857142857143
A_PA	1080	14	G	1	0	14	41.5
A_PA	1081	14	A	1	0	14	41.4285714285714
A_PA	1082	14	A	1	0	14	42.5714285714286
A_PA	1083	14	G	1	0	14	41.4285714285714
A_PA	1084	14	A	1	0	14	40.4285714285714
A_PA	1085	14	A	1	0	14	41.7857142857143
A_PA	1086	14	G	1	0	14	41.2857142857143
A_PA	1087	14	A	1	0	13	43.0769230769231
A_PA	1088	14	C	1	0	14	41.8571428571429
A_PA	1089	14	A	1	0	14	40.9285714285714
A_PA	1090	14	A	1	0	14	43.0714285714286
A_PA	1091	14	G	1	0	14	41.7142857142857
A_PA	1092	14	C	1	0	14	40.5
A_PA	1093	14	C	1	0	14	41.2142857142857
A_PA	1094	14	A	1	0	14	41.7142857142857
A_PA	1095	14	A	1	0	14	43
A_PA	1096	14	T	1	0	14	42.7142857142857
A_PA	1097	14	T	1	0	14	41.5
A_PA	1098	14	G	1	0	14	40
A_PA	1099	14	A	1	0	14	41.8571428571429
A_PA	1100	14	A	1	0	14	40.1428571428571
A_PA	1101	14	G	1	0	14	39.1428571428571
A_PA	1102	14	T	1	0	14	40.9285714285714
A_PA	1103	14	G	1	0	14	41.1428571428571
A_PA	1104	14	G	1	0	14	42.1428571428571
A_PA	1105	14	G	1	0	14	42.2142857142857
A_PA	1106	14	C	1	0	14	42.0714285714286
A_PA	1107	14	A	1	0	14	38.8571428571429
A_PA	1108	14	C	1	0	14	38.4285714285714
A_PA	1109	14	T	1	0	14	39.8571428571429
A_PA	1110	14	C	1	0	14	36.8571428571429
A_PA	1111	14	G	1	0	13	35.5384615384615
A_PA	1112	14	G	1	0	14	33.2857142857143
A_PA	1113	14	T	1	0	14	33
A_PA	1114	14	G	1	0	14	34.2857142857143
A_PA	1115	14	A	1	0	14	35.9285714285714
A_PA	1116	14	A	1	0	14	35.1428571428571
A_PA	1117	14	A	1	0	14	36.7142857142857
A_PA	1118	14	A	1	0	14	37.5
A_PA	1119	14	T	1	0	14	38.7857142857143
A_PA	1120	14	A	1	0	14	37.4285714285714
A_PA	1121	14	T	1	0	14	36.4285714285714
A_PA	1122	14	G	1	0	14	38.3571428571429
A_PA	1123	14	G	1	0	14	37.4285714285714
A_PA	1124	14	C	1	0	14	38.6428571428571
A_PA	1125	14	A	1	0	13	40.1538461538462
A_PA	1126	14	C	1	0	14	40.8571428571429
A_PA	1127	14	C	1	0	14	41.3571428571429
A_PA	1128	14	T	1	0	14	39.9285714285714
A_PA	1129	13	G	2	0	13	39.6923076923077
A_PA	1130	14	A	1	0	14	40.2857142857143
A_PA	1131	14	A	1	0	14	41.8571428571429
A_PA	1132	14	A	1	0	14	41.2857142857143
A_PA	1133	14	A	1	0	14	42.7142857142857
A_PA	1134	14	A	1	0	14	42.3571428571429
A_PA	1135	14	G	1	0	14	40.8571428571429
A_PA	1136	14	T	1	0	14	39.3571428571429
A_PA	1137	14	G	1	0	14	39.7142857142857
A_PA	1138	14	G	1	0	14	41.5714285714286
A_PA	1139	14	A	1	0	14	40.5
A_PA	1140	14	C	1	0	14	41
A_PA	1141	14	T	1	0	14	40.5
A_PA	1142	14	T	1	0	14	41.0714285714286
A_PA	1143	14	T	1	0	14	41.2142857142857
A_PA	1144	14	G	1	0	14	36.5714285714286
A_PA	1145	14	A	1	0	14	33.6428571428571
A_PA	1146	14	T	1	0	14	33.9285714285714
A_PA	1147	14	G	1	0	14	35.6428571428571
A_PA	1148	14	A	1	0	14	35.5714285714286
A_PA	1149	14	C	1	0	14	36.5
A_PA	1150	14	T	1	0	14	36.8571428571429
A_PA	1151	14	G	1	0	14	35.5
A_PA	1152	14	T	1	0	14	37.7857142857143
A_PA	1153	14	A	1	0	14	34.0714285714286
A_PA	1154	14	A	1	0	14	35.7142857142857
A_PA	1155	14	A	1	0	14	34.9285714285714
A_PA	1156	14	G	1	0	14	35.9285714285714
A_PA	1157	14	A	1	0	14	37.7142857142857
A_PA	1158	14	T	1	0	14	39.9285714285714
A_PA	1159	14	G	1	0	14	39.2142857142857
A_PA	1160	14	T	1	0	14	40.7857142857143
A_PA	1161	14	T	1	0	14	38.0714285714286
A_PA	1162	14	G	1	0	14	38.1428571428571
A_PA	1163	14	G	1	0	14	37.4285714285714
A_PA	1164	14	A	1	0	14	37.9285714285714
A_PA	1165	14	G	1	0	14	39.8571428571429
A_PA	1166	14	A	1	0	14	40.4285714285714
A_PA	1167	14	C	1	0	14	41.0714285714286
A_PA	1168	14	C	1	0	14	38.5714285714286
A_PA	1169	14	T	1	0	14	38.2857142857143
A_PA	1170	14	T	1	0	14	37.3571428571429
A_PA	1171	13	A	2	0	13	37.6153846153846
A_PA	1172	13	A	2	0	13	37.3076923076923
A_PA	1173	14	A	1	0	14	38.3571428571429
A_PA	1174	14	C	1	0	13	39.6153846153846
A_PA	1175	14	A	1	0	14	41.4285714285714
A_PA	1176	14	G	1	0	14	41.1428571428571
A_PA	1177	14	T	1	0	14	43.6428571428571
A_PA	1178	14	A	1	0	14	42.4285714285714
A_PA	1179	14	T	1	0	14	42.6428571428571
A_PA	1180	14	G	1	0	14	41.1428571428571
A_PA	1181	14	A	1	0	14	41.2857142857143
A_PA	1182	14	C	1	0	14	43.0714285714286
A_PA	1183	14	A	1	0	14	42.7857142857143
A_PA	1184	14	G	1	0	14	44.5
A_PA	1185	14	T	1	0	14	43.3571428571429
A_PA	1186	14	G	1	0	14	42.7142857142857
A_PA	1187	14	A	1	0	14	44.6428571428571
A_PA	1188	14	T	1	0	14	44.7142857142857
A_PA	1189	14	G	1	0	14	40.7142857142857
A_PA	1190	14	A	1	0	14	40.1428571428571
A_PA	1191	14	G	1	0	14	41.7857142857143
A_PA	1192	14	C	1	0	14	40.4285714285714
A_PA	1193	14	C	1	0	14	43.9285714285714
A_PA	1194	14	A	1	0	14	42.6428571428571
A_PA	1195	14	G	1	0	14	41.0714285714286
A_PA	1196	14	A	1	0	14	38.3571428571429
A_PA	1197	14	G	1	0	14	38.9285714285714
A_PA	1198	14	C	1	0	14	40.0714285714286
A_PA	1199	14	C	1	0	14	38.6428571428571
A_PA	1200	14	C	1	0	14	39
A_PA	1201	14	A	1	0	14	40.9285714285714
A_PA	1202	14	G	1	0	14	42.2142857142857
A_PA	1203	14	A	1	0	14	42.6428571428571
A_PA	1204	14	T	1	0	14	44.4285714285714
A_PA	1205	14	C	1	0	14	43.3571428571429
A_PA	1206	14	T	1	0	14	43.2142857142857
A_PA	1207	14	C	1	0	12	42.5833333333333
A_PA	1208	13	T	2	0	12	39.6666666666667
A_PA	1209	14	A	1	0	13	38.8461538461538
A_PA	1210	14	G	1	0	13	38.6923076923077
A_PA	1211	14	C	1	0	14	38.7857142857143
A_PA	1212	14	A	1	0	14	40.2857142857143
A_PA	1213	14	A	1	0	14	40.5
A_PA	1214	14	G	1	0	14	42.5
A_PA	1215	14	C	1	0	14	40
A_PA	1216	14	T	1	0	14	40.2857142857143
A_PA	1217	14	G	1	0	14	38.7142857142857
A_PA	1218	14	G	1	0	14	41.7142857142857
A_PA	1219	14	G	1	0	14	39.1428571428571
A_PA	1220	14	T	1	0	14	38.2857142857143
A_PA	1221	14	C	1	0	14	37.7857142857143
A_PA	1222	14	C	1	0	14	38.7142857142857
A_PA	1223	14	A	1	0	14	39.2857142857143
A_PA	1224	14	G	1	0	14	37.7142857142857
A_PA	1225	14	A	1	0	14	37.6428571428571
A_PA	1226	14	A	1	0	14	37.7857142857143
A_PA	1227	14	T	1	0	14	37.5714285714286
A_PA	1228	14	G	1	0	14	36.7142857142857
A_PA	1229	14	A	1	0	14	38.7857142857143
A_PA	1230	14	A	1	0	14	38.5
A_PA	1231	14	T	1	0	14	39.5
A_PA	1232	14	T	1	0	14	40.4285714285714
A_PA	1233	14	C	1	0	14	38.9285714285714
A_PA	1234	14	A	1	0	14	38.5714285714286
A_PA	1235	14	A	1	0	14	38.5
A_PA	1236	14	T	1	0	14	39
A_PA	1237	14	A	1	0	14	37
A_PA	1238	14	A	1	0	14	37.9285714285714
A_PA	1239	14	G	1	0	14	38.2142857142857
A_PA	1240	14	G	1	0	14	37.5714285714286
A_PA	1241	14	C	1	0	14	39.8571428571429
A_PA	1242	14	A	1	0	14	39.0714285714286
A_PA	1243	14	T	1	0	13	41.6923076923077
A_PA	1244	14	G	1	0	14	40.3571428571429
A_PA	1245	14	T	1	0	14	40.0714285714286
A_PA	1246	14	G	1	0	14	39
A_PA	1247	14	A	1	0	14	38.3571428571429
A_PA	1248	14	A	1	0	14	38.9285714285714
A_PA	1249	14	T	1	0	14	37.7142857142857
A_PA	1250	14	T	1	0	14	38.8571428571429
A_PA	1251	14	G	1	0	14	36.5
A_PA	1252	14	A	1	0	14	34.7857142857143
A_PA	1253	14	C	1	0	14	36.5714285714286
A_PA	1254	14	T	1	0	14	37
A_PA	1255	14	G	1	0	14	36.3571428571429
A_PA	1256	14	A	1	0	14	38
A_PA	1257	14	T	1	0	14	38.6428571428571
A_PA	1258	14	T	1	0	14	40
A_PA	1259	14	C	1	0	13	42.2307692307692
A_PA	1260	14	A	1	0	13	41.7692307692308
A_PA	1261	14	A	1	0	14	42.2857142857143
A_PA	1262	14	G	1	0	14	41
A_PA	1263	14	C	1	0	14	42.2142857142857
A_PA	1264	14	T	1	0	14	40.2857142857143
A_PA	1265	14	G	1	0	14	42.0714285714286
A_PA	1266	14	G	1	0	14	41.5714285714286
A_PA	1267	14	A	1	0	14	41.3571428571429
A_PA	1268	14	T	1	0	14	43.2857142857143
A_PA	1269	14	A	1	0	14	40.6428571428571
A_PA	1270	14	G	1	0	14	42.0714285714286
A_PA	1271	14	A	1	0	14	42.7857142857143
A_PA	1272	14	A	1	0	14	40.8571428571429
A_PA	1273	14	C	1	0	14	40.4285714285714
A_PA	1274	14	T	1	0	14	41.8571428571429
A_PA	1275	14	T	1	0	14	40.5714285714286
A_PA	1276	14	G	1	0	14	41.5
A_PA	1277	14	A	1	0	14	41.2142857142857
A_PA	1278	14	T	1	0	14	43.5714285714286
A_PA	1279	14	G	1	0	14	41.4285714285714
A_PA	1280	13	A	2	0	13	41
A_PA	1281	13	A	2	0	13	41.0769230769231
A_PA	1282	14	A	1	0	14	40.2142857142857
A_PA	1283	14	T	1	0	13	40.6153846153846
A_PA	1284	14	A	1	0	14	34.6428571428571
A_PA	1285	14	G	1	0	14	36.4285714285714
A_PA	1286	14	G	1	0	14	34.7857142857143
A_PA	1287	14	A	1	0	14	35.0714285714286
A_PA	1288	14	G	1	0	14	34.5714285714286
A_PA	1289	13	A	2	0	13	36.6923076923077
A_PA	1290	14	A	1	0	14	35.5714285714286
A_PA	1291	14	G	1	0	14	35.5
A_PA	1292	14	A	1	0	13	31.6153846153846
A_PA	1293	14	T	1	0	14	30.6428571428571
A_PA	1294	14	G	1	0	14	30.6428571428571
A_PA	1295	14	T	1	0	14	31.2857142857143
A_PA	1296	14	T	1	0	14	30.6428571428571
A_PA	1297	14	G	1	0	14	29.5
A_PA	1298	14	C	1	0	14	30.2142857142857
A_PA	1299	14	C	1	0	14	30.5714285714286
A_PA	1300	14	C	1	0	14	32.5
A_PA	1301	14	C	1	0	14	32.1428571428571
A_PA	1302	14	G	1	0	12	31.4166666666667
A_PA	1303	14	A	1	0	14	34.5714285714286
A_PA	1304	14	T	1	0	14	34.7142857142857
A_PA	1305	14	T	1	0	14	35.7857142857143
A_PA	1306	14	G	1	0	14	37.6428571428571
A_PA	1307	14	A	1	0	14	40.2142857142857
A_PA	1308	14	A	1	0	14	40.1428571428571
A_PA	1309	14	C	1	0	14	40.5
A_PA	1310	13	A	2	0	13	42.6923076923077
A_PA	1311	14	T	1	0	13	41.2307692307692
A_PA	1312	14	G	1	0	13	42.4615384615385
A_PA	1313	14	T	1	0	14	40
A_PA	1314	14	A	1	0	14	39
A_PA	1315	14	G	1	0	14	38.7857142857143
A_PA	1316	14	C	1	0	14	40.2142857142857
A_PA	1317	14	A	1	0	14	39.7142857142857
A_PA	1318	14	A	1	0	14	43.2142857142857
A_PA	1319	14	G	1	0	14	42.2857142857143
A_PA	1320	14	C	1	0	14	40.5714285714286
A_PA	1321	14	A	1	0	14	40.6428571428571
A_PA	1322	14	T	1	0	14	41.6428571428571
A_PA	1323	14	G	1	0	14	39.5
A_PA	1324	14	A	1	0	14	38.7857142857143
A_PA	1325	14	G	1	0	14	39.7142857142857
A_PA	1326	14	G	1	0	14	41.1428571428571
A_PA	1327	14	A	1	0	14	43.5714285714286
A_PA	1328	14	G	1	0	14	43.5
A_PA	1329	14	G	1	0	14	43.7857142857143
A_PA	1330	14	A	1	0	14	43.7142857142857
A_PA	1331	14	A	1	0	14	44.6428571428571
A_PA	1332	14	C	1	0	14	43.1428571428571
A_PA	1333	14	T	1	0	14	42.2142857142857
A_PA	1334	14	A	1	0	14	43.5
A_PA	1335	14	T	1	0	14	43.4285714285714
A_PA	1336	14	T	1	0	14	41.4285714285714
A_PA	1337	14	T	1	0	14	42
A_PA	1338	14	C	1	0	14	42.2142857142857
A_PA	1339	14	A	1	0	14	42.2142857142857
A_PA	1340	14	C	1	0	14	44.5
A_PA	1341	14	A	1	0	14	41.2142857142857
A_PA	1342	14	G	1	0	14	43.6428571428571
A_PA	1343	14	C	1	0	14	41.1428571428571
A_PA	1344	14	A	1	0	14	43.6428571428571
A_PA	1345	14	G	1	0	14	43.6428571428571
A_PA	1346	14	A	1	0	14	42.1428571428571
A_PA	1347	14	A	1	0	13	43.6923076923077
A_PA	1348	14	G	1	0	14	44.8571428571429
A_PA	1349	14	T	1	0	14	43.7142857142857
A_PA	1350	13	G	2	0	13	43.3076923076923
A_PA	1351	14	T	1	0	14	42.7857142857143
A_PA	1352	14	C	1	0	14	41.2142857142857
A_PA	1353	14	C	1	0	14	42.2142857142857
A_PA	1354	14	C	1	0	13	39.6923076923077
A_PA	1355	14	A	1	0	14	41.2857142857143
A_PA	1356	14	C	1	0	14	40.7857142857143
A_PA	1357	14	T	1	0	14	43
A_PA	1358	14	G	1	0	14	43
A_PA	1359	14	C	1	0	14	42.4285714285714
A_PA	1360	14	A	1	0	14	42.8571428571429
A_PA	1361	14	G	1	0	14	43.0714285714286
A_PA	1362	14	G	1	0	14	43.3571428571429
A_PA	1363	14	G	1	0	14	43.9285714285714
A_PA	1364	14	C	1	0	14	42.5
A_PA	1365	14	T	1	0	14	42.5
A_PA	1366	14	A	1	0	14	42.5
A_PA	1367	14	C	1	0	14	41.5
A_PA	1368	14	T	1	0	14	42.4285714285714
A_PA	1369	14	G	1	0	14	40.5714285714286
A_PA	1370	14	A	1	0	14	40.9285714285714
A_PA	1371	14	A	1	0	14	41.1428571428571
A_PA	1372	14	T	1	0	14	41.0714285714286
A_PA	1373	14	A	1	0	14	41.0714285714286
A_PA	1374	14	C	1	0	14	41.7142857142857
A_PA	1375	14	A	1	0	14	42.2857142857143
A_PA	1376	14	T	1	0	14	43
A_PA	1377	14	A	1	0	14	41.9285714285714
A_PA	1378	14	A	1	0	14	42.8571428571429
A_PA	1379	14	T	1	0	14	42.5714285714286
A_PA	1380	14	G	1	0	14	40.5
A_PA	1381	14	A	1	0	14	42.2142857142857
A_PA	1382	14	A	1	0	14	41.7142857142857
A_PA	1383	14	G	1	0	14	40.1428571428571
A_PA	1384	14	G	1	0	14	41.0714285714286
A_PA	1385	14	G	1	0	14	42.8571428571429
A_PA	1386	14	A	1	0	14	41.5714285714286
A_PA	1387	14	G	1	0	14	42.1428571428571
A_PA	1388	14	T	1	0	14	42.5714285714286
A_PA	1389	14	G	1	0	14	41
A_PA	1390	14	T	1	0	14	40.8571428571429
A_PA	1391	14	A	1	0	14	39.7857142857143
A_PA	1392	14	C	1	0	14	41.8571428571429
A_PA	1393	14	A	1	0	14	39.4285714285714
A_PA	1394	14	T	1	0	14	39.7142857142857
A_PA	1395	14	A	1	0	14	41.0714285714286
A_PA	1396	14	A	1	0	14	40.5714285714286
A_PA	1397	14	A	1	0	14	39.8571428571429
A_PA	1398	14	T	1	0	14	38.9285714285714
A_PA	1399	14	A	1	0	14	40.9285714285714
A_PA	1400	14	C	1	0	14	41.5714285714286
A_PA	1401	14	G	1	0	14	39.8571428571429
A_PA	1402	14	G	1	0	14	40.2857142857143
A_PA	1403	14	C	1	0	14	39.3571428571429
A_PA	1404	14	C	1	0	14	40
A_PA	1405	14	T	1	0	14	40.0714285714286
A_PA	1406	14	T	1	0	14	41.6428571428571
A_PA	1407	14	G	1	0	14	40.0714285714286
A_PA	1408	14	C	1	0	14	40.2857142857143
A_PA	1409	14	T	1	0	14	39.3571428571429
A_PA	1410	14	T	1	0	14	39.7857142857143
A_PA	1411	14	A	1	0	14	39.5
A_PA	1412	14	A	1	0	14	38.2857142857143
A_PA	1413	14	T	1	0	14	37.4285714285714
A_PA	1414	14	G	1	0	14	37.7857142857143
A_PA	1415	14	C	1	0	14	39.2142857142857
A_PA	1416	14	A	1	0	14	38.8571428571429
A_PA	1417	14	T	1	0	14	39.2857142857143
A_PA	1418	14	C	1	0	14	38.5714285714286
A_PA	1419	14	C	1	0	14	41.1428571428571
A_PA	1420	14	T	1	0	14	39.5
A_PA	1421	14	G	1	0	14	38.5
A_PA	1422	14	T	1	0	14	37.8571428571429
A_PA	1423	14	G	1	0	14	39.4285714285714
A_PA	1424	14	C	1	0	14	39.8571428571429
A_PA	1425	14	A	1	0	14	38
A_PA	1426	14	G	1	0	14	38.2857142857143
A_PA	1427	14	C	1	0	14	37
A_PA	1428	14	C	1	0	14	38.6428571428571
A_PA	1429	14	A	1	0	14	35.9285714285714
A_PA	1430	14	T	1	0	14	36
A_PA	1431	14	G	1	0	14	36
A_PA	1432	14	G	1	0	14	35.9285714285714
A_PA	1433	14	A	1	0	14	35.8571428571429
A_PA	1434	14	T	1	0	14	34.7857142857143
A_PA	1435	14	G	1	0	14	37.2142857142857
A_PA	1436	14	A	1	0	14	38.6428571428571
A_PA	1437	14	C	1	0	14	39.4285714285714
A_PA	1438	14	T	1	0	14	39.2142857142857
A_PA	1439	14	T	1	0	14	42.2857142857143
A_PA	1440	14	T	1	0	14	40.0714285714286
A_PA	1441	14	C	1	0	14	39.3571428571429
A_PA	1442	14	A	1	0	14	39.8571428571429
A_PA	1443	14	G	1	0	14	40.8571428571429
A_PA	1444	14	C	1	0	14	39.2857142857143
A_PA	1445	14	T	1	0	14	40.4285714285714
A_PA	1446	14	G	1	0	14	39.0714285714286
A_PA	1447	14	A	1	0	14	37.3571428571429
A_PA	1448	14	T	1	0	14	37.6428571428571
A_PA	1449	14	T	1	0	14	37.2142857142857
A_PA	1450	14	C	1	0	14	36
A_PA	1451	14	C	1	0	14	37.9285714285714
A_PA	1452	14	A	1	0	14	37.4285714285714
A_PA	1453	14	A	1	0	14	37.8571428571429
A_PA	1454	15	T	0	0	15	36.8
A_PA	1455	15	G	0	0	15	36.2666666666667
A_PA	1456	15	A	0	0	15	39.4666666666667
A_PA	1457	15	T	0	0	15	40.2
A_PA	1458	15	A	0	0	15	41.3333333333333
A_PA	1459	15	A	0	0	15	41.1333333333333
A_PA	1460	15	G	0	0	15	41.0666666666667
A_PA	1461	15	C	0	0	15	41.6
A_PA	1462	15	A	0	0	15	39.8666666666667
A_PA	1463	15	A	0	0	15	40
A_PA	1464	15	A	0	0	15	39
A_PA	1465	15	T	0	0	15	40.3333333333333
A_PA	1466	15	G	0	0	15	37.4
A_PA	1467	15	T	0	0	15	40.2
A_PA	1468	15	A	0	0	15	37.4
A_PA	1469	15	G	0	0	15	36.6
A_PA	1470	15	A	0	0	15	37.4666666666667
A_PA	1471	15	A	0	0	15	35.4
A_PA	1472	15	C	0	0	15	35.3333333333333
A_PA	1473	15	C	0	0	15	37.3333333333333
A_PA	1474	15	A	0	0	15	37.9333333333333
A_PA	1475	15	A	0	0	15	39.4666666666667
A_PA	1476	15	A	0	0	15	39.4
A_PA	1477	15	G	0	0	15	39.7333333333333
A_PA	1478	15	A	0	0	15	37.2666666666667
A_PA	1479	15	A	0	0	15	40.2
A_PA	1480	15	G	0	0	15	39.4666666666667
A_PA	1481	15	G	0	0	15	38.6
A_PA	1482	15	A	0	0	15	39.6
A_PA	1483	15	A	0	0	15	38.9333333333333
A_PA	1484	15	G	0	0	15	38.4
A_PA	1485	15	A	0	0	15	41.1333333333333
A_PA	1486	15	C	0	0	15	40.6666666666667
A_PA	1487	15	G	0	0	15	39.7333333333333
A_PA	1488	15	G	0	0	15	39.5333333333333
A_PA	1489	15	A	0	0	15	39.2
A_PA	1490	15	A	0	0	15	40.1333333333333
A_PA	1491	15	A	0	0	15	41
A_PA	1492	15	A	0	0	15	41.6666666666667
A_PA	1493	15	C	0	0	15	39.0666666666667
A_PA	1494	15	A	0	0	15	39.7333333333333
A_PA	1495	15	A	0	0	15	39
A_PA	1496	15	A	0	0	15	40.9333333333333
A_PA	1497	15	C	0	0	14	37.2857142857143
A_PA	1498	15	C	0	0	15	39.0666666666667
A_PA	1499	15	T	0	0	15	39.3333333333333
A_PA	1500	15	G	0	0	15	38.3333333333333
A_PA	1501	15	T	0	0	15	38.9333333333333
A_PA	1502	15	A	0	0	15	40.0666666666667
A_PA	1503	15	T	0	0	15	40.5333333333333
A_PA	1504	15	G	0	0	15	40.1333333333333
A_PA	1505	15	G	0	0	15	41.3333333333333
A_PA	1506	15	G	0	0	15	40.8666666666667
A_PA	1507	15	T	0	0	15	42.1333333333333
A_PA	1508	15	T	0	0	15	39.7333333333333
A_PA	1509	15	C	0	0	15	38.8666666666667
A_PA	1510	15	A	0	0	15	38.9333333333333
A_PA	1511	15	T	0	0	15	39.3333333333333
A_PA	1512	15	T	0	0	15	38.8
A_PA	1513	15	G	0	0	15	38.8
A_PA	1514	15	T	0	0	15	41.4
A_PA	1515	15	A	0	0	15	39.0666666666667
A_PA	1516	15	A	0	0	15	41.0666666666667
A_PA	1517	14	A	1	0	13	39.6153846153846
A_PA	1518	14	G	1	0	14	39.7142857142857
A_PA	1519	15	G	0	0	15	41.9333333333333
A_PA	1520	15	G	0	0	15	41.2
A_PA	1521	15	A	0	0	15	42.2
A_PA	1522	15	A	0	0	15	43.5333333333333
A_PA	1523	15	G	0	0	15	41.5333333333333
A_PA	1524	15	A	0	0	15	43.0666666666667
A_PA	1525	15	T	0	0	15	42.2
A_PA	1526	15	C	0	0	15	40.4666666666667
A_PA	1527	15	T	0	0	15	40.4
A_PA	1528	15	C	0	0	15	41.2
A_PA	1529	15	A	0	0	15	39.8
A_PA	1530	15	T	0	0	15	40.6
A_PA	1531	15	T	0	0	15	42.8666666666667
A_PA	1532	15	T	0	0	15	41.4666666666667
A_PA	1533	15	G	0	0	15	41.5333333333333
A_PA	1534	15	A	0	0	15	40.9333333333333
A_PA	1535	15	G	0	0	15	40.8
A_PA	1536	15	A	0	0	15	40.2666666666667
A_PA	1537	15	A	0	0	15	40.2666666666667
A_PA	1538	15	A	0	0	15	40
A_PA	1539	15	T	0	0	15	40.7333333333333
A_PA	1540	15	G	0	0	15	40.2666666666667
A_PA	1541	15	A	0	0	15	38.8666666666667
A_PA	1542	15	T	0	0	15	37.5333333333333
A_PA	1543	15	A	0	0	15	38
A_PA	1544	15	C	0	0	15	38.9333333333333
A_PA	1545	15	C	0	0	15	38.8
A_PA	1546	15	G	0	0	15	37.1333333333333
A_PA	1547	15	A	0	0	15	38.0666666666667
A_PA	1548	15	T	0	0	15	40.6666666666667
A_PA	1549	15	G	0	0	15	40
A_PA	1550	15	T	0	0	15	41.1333333333333
A_PA	1551	15	A	0	0	15	38.8666666666667
A_PA	1552	15	G	0	0	15	37
A_PA	1553	15	T	0	0	15	38.4
A_PA	1554	15	G	0	0	15	37
A_PA	1555	15	A	0	0	15	37.0666666666667
A_PA	1556	15	A	0	0	15	36.8666666666667
A_PA	1557	15	C	0	0	15	32.8
A_PA	1558	15	T	0	0	15	33.2
A_PA	1559	15	T	0	0	15	34.9333333333333
A_PA	1560	15	T	0	0	15	36.6
A_PA	1561	15	G	0	0	15	35.7333333333333
A_PA	1562	15	T	0	0	15	34.3333333333333
A_PA	1563	15	A	0	0	15	33.4666666666667
A_PA	1564	15	A	0	0	14	34.4285714285714
A_PA	1565	15	G	0	0	15	31.1333333333333
A_PA	1566	15	T	0	0	15	33.8666666666667
A_PA	1567	15	A	0	0	14	38.7857142857143
A_PA	1568	16	T	0	0	16	36.5625
A_PA	1569	16	G	0	0	16	37.9375
A_PA	1570	16	G	0	0	16	36.625
A_PA	1571	16	A	0	0	16	37
A_PA	1572	16	G	0	0	16	37.8125
A_PA	1573	16	T	0	0	16	38.1875
A_PA	1574	16	T	0	0	15	40.7333333333333
A_PA	1575	16	C	0	0	16	40.375
A_PA	1576	16	T	0	0	16	40.5625
A_PA	1577	16	C	0	0	16	40.3125
A_PA	1578	16	A	0	0	16	40.9375
A_PA	1579	16	C	0	0	16	40.125
A_PA	1580	16	T	0	0	16	40.4375
A_PA	1581	16	C	0	0	16	41.0625
A_PA	1582	16	A	0	0	16	40.9375
A_PA	1583	16	C	0	0	16	41.625
A_PA	1584	16	T	0	0	16	41.5625
A_PA	1585	16	G	0	0	16	39.25
A_PA	1586	16	A	0	0	16	40.125
A_PA	1587	16	T	0	0	16	40.3125
A_PA	1588	16	C	0	0	16	42
A_PA	1589	16	C	0	0	16	42.125
A_PA	1590	16	A	0	0	16	41.1875
A_PA	1591	16	A	0	0	16	40.1875
A_PA	1592	16	G	0	0	16	40.1875
A_PA	1593	16	A	0	0	16	39.25
A_PA	1594	16	C	0	0	16	37.875
A_PA	1595	16	T	0	0	16	40.75
A_PA	1596	16	G	0	0	16	39
A_PA	1597	16	G	0	0	16	40.125
A_PA	1598	16	A	0	0	16	38.9375
A_PA	1599	16	A	0	0	16	40.25
A_PA	1600	16	C	0	0	16	39.625
A_PA	1601	16	C	0	0	16	40.8125
A_PA	1602	17	A	0	0	17	38.7058823529412
A_PA	1603	17	C	0	0	17	37.9411764705882
A_PA	1604	17	A	0	0	17	37.9411764705882
A_PA	1605	17	C	0	0	17	37.2941176470588
A_PA	1606	17	A	0	0	17	36.1176470588235
A_PA	1607	17	A	0	0	17	36.3529411764706
A_PA	1608	17	A	0	0	17	37.7058823529412
A_PA	1609	17	T	0	0	17	37.8235294117647
A_PA	1610	15	G	2	0	15	37.0666666666667
A_PA	1611	17	G	0	0	17	39.4117647058824
A_PA	1612	17	G	0	0	17	36.8235294117647
A_PA	1613	17	A	0	0	17	38.8235294117647
A_PA	1614	17	A	0	0	17	37.4117647058824
A_PA	1615	17	A	0	0	17	38.6470588235294
A_PA	1616	17	A	0	0	17	38.1176470588235
A_PA	1617	17	A	0	0	17	37.8235294117647
A_PA	1618	17	T	0	0	17	39.1176470588235
A_PA	1619	17	A	0	0	17	37.9411764705882
A_PA	1620	17	C	0	0	16	36.9375
A_PA	1621	17	T	0	0	17	37.5882352941176
A_PA	1622	17	G	0	0	17	36.7647058823529
A_PA	1623	17	T	0	0	16	36.5
A_PA	1624	17	G	0	0	17	37.2352941176471
A_PA	1625	16	T	1	0	16	38.5625
A_PA	1626	16	T	1	0	16	40.375
A_PA	1627	17	C	0	0	17	36.8235294117647
A_PA	1628	17	T	0	0	17	35.5294117647059
A_PA	1629	17	T	0	0	17	36.1176470588235
A_PA	1630	17	G	0	0	17	34.7647058823529
A_PA	1631	17	A	0	0	17	34.6470588235294
A_PA	1632	17	A	0	0	17	35.5294117647059
A_PA	1633	17	A	0	0	17	35.5882352941176
A_PA	1634	17	T	0	0	17	37.1764705882353
A_PA	1635	19	A	0	0	19	36.5789473684211
A_PA	1636	19	G	0	0	19	36.1052631578947
A_PA	1637	19	G	0	0	19	34.5263157894737
A_PA	1638	19	A	0	0	19	36.0526315789474
A_PA	1639	19	G	0	0	19	36.4210526315789
A_PA	1640	19	A	0	0	19	39.4736842105263
A_PA	1641	19	C	0	0	19	39.7368421052632
A_PA	1642	19	A	0	0	19	39.6842105263158
A_PA	1643	19	T	0	0	19	40.4736842105263
A_PA	1644	19	G	0	0	19	40.3157894736842
A_PA	1645	20	C	0	0	20	41.45
A_PA	1646	20	T	0	0	20	41.45
A_PA	1647	21	A	0	0	21	39.6666666666667
A_PA	1648	21	T	0	0	21	40.4285714285714
A_PA	1649	21	T	0	0	21	39.3809523809524
A_PA	1650	22	G	0	0	22	39.2272727272727
A_PA	1651	22	A	0	0	22	37.0909090909091
A_PA	1652	22	G	0	0	22	37.6363636363636
A_PA	1653	22	G	0	0	22	36.8636363636364
A_PA	1654	22	A	0	0	22	38.4090909090909
A_PA	1655	22	C	0	0	22	37.4090909090909
A_PA	1656	22	T	0	0	22	38.5454545454545
A_PA	1657	22	G	0	0	22	37.9090909090909
A_PA	1658	22	C	0	0	22	37.7272727272727
A_PA	1659	22	G	0	0	22	36.3636363636364
A_PA	1660	22	A	0	0	22	36.7727272727273
A_PA	1661	22	T	0	0	22	37.5
A_PA	1662	22	A	0	0	22	37
A_PA	1663	22	G	0	0	22	38.9090909090909
A_PA	1664	22	G	0	0	22	38.6818181818182
A_PA	1665	22	T	0	0	22	37.7727272727273
A_PA	1666	22	C	0	0	21	37.2380952380952
A_PA	1667	22	A	0	0	22	36.8636363636364
A_PA	1668	22	A	0	0	22	38.5909090909091
A_PA	1669	22	G	0	0	21	39.0476190476191
A_PA	1670	22	T	0	0	22	38.2272727272727
A_PA	1671	23	G	0	0	23	38.0869565217391
A_PA	1672	23	T	0	0	23	39.8260869565217
A_PA	1673	23	C	0	0	23	37.3913043478261
A_PA	1674	22	G	1	0	22	37.7272727272727
A_PA	1675	22	A	1	0	22	38.5909090909091
A_PA	1676	23	G	0	0	23	36.3478260869565
A_PA	1677	23	G	0	0	23	36
A_PA	1678	23	C	0	0	23	40.0434782608696
A_PA	1679	23	C	0	0	22	41.7727272727273
A_PA	1680	23	T	0	0	21	42.4285714285714
A_PA	1681	23	A	0	0	23	42.304347826087
A_PA	1682	25	T	0	0	25	41.4
A_PA	1683	25	G	0	0	25	40.4
A_PA	1684	25	T	0	0	25	41.36
A_PA	1685	25	T	0	0	25	38.16
A_PA	1686	25	C	0	0	25	38.2
A_PA	1687	25	C	0	0	25	37.84
A_PA	1688	25	T	0	0	25	37.12
A_PA	1689	25	A	0	0	25	37.2
A_PA	1690	25	T	0	0	25	40
A_PA	1691	25	A	0	0	25	40.28
A_PA	1692	25	T	0	0	25	41.08
A_PA	1693	25	G	0	0	25	39.6
A_PA	1694	25	T	0	0	25	42.6
A_PA	1695	25	G	0	0	25	41.36
A_PA	1696	25	A	0	0	25	41.32
A_PA	1697	25	G	0	0	25	42.44
A_PA	1698	25	A	0	0	25	40.36
A_PA	1699	25	A	0	0	25	40.96
A_PA	1700	25	C	0	0	25	41.08
A_PA	1701	25	C	0	0	25	42.36
A_PA	1702	25	A	0	0	25	39.16
A_PA	1703	25	A	0	0	25	39.68
A_PA	1704	25	T	0	0	25	37.96
A_PA	1705	25	G	0	0	25	37
A_PA	1706	25	G	0	0	25	38.04
A_PA	1707	25	A	0	0	25	39.76
A_PA	1708	25	A	0	0	25	39.8
A_PA	1709	25	C	0	0	25	39.72
A_PA	1710	25	C	0	0	25	39.24
A_PA	1711	25	T	0	0	24	39.5
A_PA	1712	25	C	0	0	25	38.08
A_PA	1713	26	C	0	0	26	37.6923076923077
A_PA	1714	26	A	0	0	26	37.5769230769231
A_PA	1715	26	A	0	0	25	36.84
A_PA	1716	26	A	0	0	26	37.2307692307692
A_PA	1717	26	A	0	0	26	35.9230769230769
A_PA	1718	26	T	0	0	26	36.5
A_PA	1719	26	C	0	0	26	35.6538461538462
A_PA	1720	26	A	0	0	26	38.0769230769231
A_PA	1721	26	A	0	0	26	38.7307692307692
A_PA	1722	26	G	0	0	26	37.5384615384615
A_PA	1723	26	A	0	0	26	37.5
A_PA	1724	26	T	0	0	26	37.8461538461538
A_PA	1725	26	G	0	0	26	37.0384615384615
A_PA	1726	26	A	0	0	26	37.8461538461538
A_PA	1727	26	A	0	0	26	39.7307692307692
A_PA	1728	26	A	0	0	26	40.1153846153846
A_PA	1729	26	T	0	0	26	40.6923076923077
A_PA	1730	25	G	1	0	25	43.08
A_PA	1731	26	G	0	0	26	41.2307692307692
A_PA	1732	26	G	0	0	26	42.1538461538462
A_PA	1733	26	G	0	0	26	42.7307692307692
A_PA	1734	25	C	0	0	25	42.56
A_PA	1735	25	A	0	0	25	42.2
A_PA	1736	25	T	0	0	25	41.28
A_PA	1737	26	G	0	0	26	41.4230769230769
A_PA	1738	26	G	0	0	26	41.7307692307692
A_PA	1739	26	A	0	0	26	40.6923076923077
A_PA	1740	26	A	0	0	26	41.2307692307692
A_PA	1741	26	A	0	0	26	42.5769230769231
A_PA	1742	26	T	0	0	26	42.1538461538462
A_PA	1743	26	G	0	0	26	41.3076923076923
A_PA	1744	26	A	0	0	26	40.9230769230769
A_PA	1745	26	G	0	0	26	38.6153846153846
A_PA	1746	26	G	0	0	26	38.8076923076923
A_PA	1747	26	C	0	0	26	38.6923076923077
A_PA	1748	26	G	0	0	26	36.9615384615385
A_PA	1749	26	C	0	0	26	36.6538461538462
A_PA	1750	26	T	0	0	26	34.9230769230769
A_PA	1751	26	G	0	0	26	35.5
A_PA	1752	26	C	0	0	26	35.0769230769231
A_PA	1753	25	C	1	0	25	35.44
A_PA	1754	25	T	1	0	25	34.04
A_PA	1755	26	T	0	0	26	33.5769230769231
A_PA	1756	26	C	0	0	24	32.1666666666667
A_PA	1757	26	T	0	0	24	33.625
A_PA	1758	26	T	0	0	26	32.7307692307692
A_PA	1759	26	C	0	0	26	33.8846153846154
A_PA	1760	26	A	0	0	26	34.9615384615385
A_PA	1761	26	A	0	0	26	35.4230769230769
A_PA	1762	26	T	0	0	26	37.0769230769231
A_PA	1763	26	C	0	0	25	38.8
A_PA	1764	26	T	0	0	26	37.1923076923077
A_PA	1765	26	C	0	0	25	38.76
A_PA	1766	26	T	0	0	26	38.4230769230769
A_PA	1767	26	T	0	0	26	38.2307692307692
A_PA	1768	26	C	0	0	26	38.5384615384615
A_PA	1769	26	A	0	0	26	37.3846153846154
A_PA	1770	26	A	0	0	26	36.8461538461538
A_PA	1771	26	C	0	0	26	39.6153846153846
A_PA	1772	26	A	0	0	26	40.1153846153846
A_PA	1773	26	G	0	0	26	39.5384615384615
A_PA	1774	26	A	0	0	26	40.7692307692308
A_PA	1775	26	T	0	0	26	40.7692307692308
A_PA	1776	26	T	0	0	26	39.1538461538462
A_PA	1777	26	G	0	0	26	38.1153846153846
A_PA	1778	26	A	0	0	26	38.4230769230769
A_PA	1779	26	G	0	0	26	39.5
A_PA	1780	26	A	0	0	26	40.4615384615385
A_PA	1781	26	G	0	0	26	39.8461538461538
A_PA	1782	26	C	0	0	26	41.0769230769231
A_PA	1783	26	A	0	0	26	40.1923076923077
A_PA	1784	26	T	0	0	26	39.3461538461538
A_PA	1785	26	G	0	0	26	39.7692307692308
A_PA	1786	26	A	0	0	26	40.0769230769231
A_PA	1787	26	T	0	0	26	39.8076923076923
A_PA	1788	30	T	0	0	30	39.5666666666667
A_PA	1789	30	G	0	0	30	40.2
A_PA	1790	30	A	0	0	30	41.5
A_PA	1791	30	A	0	0	29	41.1724137931034
A_PA	1792	33	G	0	0	33	41.6363636363636
A_PA	1793	33	C	0	0	33	43.2727272727273
A_PA	1794	33	C	0	0	33	41.9090909090909
A_PA	1795	33	G	0	0	33	40.9393939393939
A_PA	1796	33	A	0	0	33	41.3333333333333
A_PA	1797	33	G	0	0	33	39.7878787878788
A_PA	1798	32	T	1	0	32	41.5
A_PA	1799	32	C	1	0	32	40.03125
A_PA	1800	32	T	1	0	32	40.71875
A_PA	1801	33	T	0	0	33	40.3030303030303
A_PA	1802	33	C	0	0	32	38.375
A_PA	1803	34	T	0	0	34	38.7941176470588
A_PA	1804	34	G	0	0	34	38.5882352941176
A_PA	1805	34	T	0	0	34	37.6470588235294
A_PA	1806	34	C	0	0	34	34.2647058823529
A_PA	1807	34	A	0	0	34	35
A_PA	1808	34	A	0	0	34	35.2647058823529
A_PA	1809	34	A	0	0	34	35.6470588235294
A_PA	1810	34	G	0	0	34	35.6470588235294
A_PA	1811	34	A	0	0	34	38.9411764705882
A_PA	1812	34	G	0	0	34	37.4705882352941
A_PA	1813	34	A	0	0	34	37.7647058823529
A_PA	1814	34	A	0	0	34	38.4705882352941
A_PA	1815	34	A	0	0	34	37.7941176470588
A_PA	1816	33	G	1	0	33	37.0909090909091
A_PA	1817	34	A	0	0	34	37.4411764705882
A_PA	1818	34	C	0	0	34	38.7647058823529
A_PA	1819	34	A	0	0	34	37.1764705882353
A_PA	1820	34	T	0	0	34	37.5
A_PA	1821	34	G	0	0	34	38.0294117647059
A_PA	1822	34	A	0	0	34	39.1764705882353
A_PA	1823	34	C	0	0	34	39.0588235294118
A_PA	1824	34	C	0	0	34	37.8823529411765
A_PA	1825	44	A	0	0	44	37.1818181818182
A_PA	1826	44	A	0	0	44	36.2954545454545
A_PA	1827	44	G	0	0	44	38.9545454545455
A_PA	1828	44	G	0	0	44	38.2727272727273
A_PA	1829	44	A	0	0	44	39.25
A_PA	1830	44	A	0	0	44	39.25
A_PA	1831	45	T	0	0	45	40.8666666666667
A_PA	1832	45	T	0	0	45	39.3111111111111
A_PA	1833	45	C	0	0	45	39.0666666666667
A_PA	1834	45	T	0	0	45	39.0888888888889
A_PA	1835	45	T	0	0	45	39.6666666666667
A_PA	1836	45	T	0	0	45	41.2888888888889
A_PA	1837	45	G	0	0	45	39.1777777777778
A_PA	1838	45	A	0	0	45	39.0666666666667
A_PA	1839	45	A	0	0	45	41.3555555555556
A_PA	1840	45	A	0	0	45	41.2
A_PA	1841	45	A	0	0	45	41.4
A_PA	1842	45	C	0	0	45	41.5111111111111
A_PA	1843	45	A	0	0	45	39.4666666666667
A_PA	1844	45	A	0	0	45	38.8222222222222
A_PA	1845	44	G	1	0	44	38.3863636363636
A_PA	1846	44	T	1	0	44	37.8181818181818
A_PA	1847	44	C	1	0	43	37.6046511627907
A_PA	1848	44	G	1	0	44	39.75
A_PA	1849	45	G	0	0	45	39.4444444444444
A_PA	1850	44	A	1	0	43	40.1395348837209
A_PA	1851	45	A	0	0	45	40.8888888888889
A_PA	1852	45	A	0	0	45	42.4888888888889
A_PA	1853	45	C	0	0	45	42.6666666666667
A_PA	1854	45	A	0	0	45	41.4444444444444
A_PA	1855	45	T	0	0	45	41.0222222222222
A_PA	1856	45	G	0	0	45	40.8888888888889
A_PA	1857	45	G	0	0	45	41.8222222222222
A_PA	1858	45	C	0	0	45	40.6666666666667
A_PA	1859	45	C	0	0	45	41.0888888888889
A_PA	1860	45	A	0	0	45	39.2
A_PA	1861	45	A	0	0	45	39.5777777777778
A_PA	1862	45	T	0	0	45	39.5777777777778
A_PA	1863	44	C	1	0	44	37.9545454545455
A_PA	1864	44	G	1	0	44	38.3409090909091
A_PA	1865	45	G	0	0	44	37.0227272727273
A_PA	1866	45	A	0	0	45	37.2
A_PA	1867	45	G	0	0	43	37.3953488372093
A_PA	1868	45	A	0	0	45	38.2444444444444
A_PA	1869	45	G	0	0	44	37.4545454545455
A_PA	1870	45	T	0	0	44	37.5227272727273
A_PA	1871	45	C	0	0	43	36.6279069767442
A_PA	1872	45	A	0	0	45	36.6888888888889
A_PA	1873	44	C	1	0	43	37.0232558139535
A_PA	1874	45	C	0	0	45	36.0444444444444
A_PA	1875	45	C	0	0	43	36.1162790697674
A_PA	1876	45	A	0	0	45	30.0888888888889
A_PA	1877	42	G	3	0	42	32.7857142857143
A_PA	1878	45	G	0	0	45	35.1555555555556
A_PA	1879	45	G	0	0	45	35
A_PA	1880	45	G	0	0	45	36.7333333333333
A_PA	1881	45	A	0	0	45	39.5111111111111
A_PA	1882	45	G	0	0	45	39.8888888888889
A_PA	1883	45	T	0	0	45	38.1777777777778
A_PA	1884	45	A	0	0	45	36.2444444444444
A_PA	1885	46	G	0	0	46	32.7391304347826
A_PA	1886	46	A	0	0	46	33.695652173913
A_PA	1887	46	A	0	0	46	33.0869565217391
A_PA	1888	46	G	0	0	45	34.4444444444444
A_PA	1889	46	A	0	0	46	34.6086956521739
A_PA	1890	46	A	0	0	45	36.4
A_PA	1891	46	G	0	0	46	38.7173913043478
A_PA	1892	46	G	0	0	44	36.7954545454545
A_PA	1893	46	A	0	0	46	38.5
A_PA	1894	46	T	0	0	46	38.0217391304348
A_PA	1895	46	C	0	0	46	35.804347826087
A_PA	1896	46	C	0	0	45	36.6
A_PA	1897	47	A	0	0	47	35.5744680851064
A_PA	1898	47	T	0	0	47	36.6808510638298
A_PA	1899	47	T	0	0	47	38.5957446808511
A_PA	1900	47	G	0	0	47	36.5957446808511
A_PA	1901	47	G	0	0	47	36.936170212766
A_PA	1902	48	A	0	0	48	37.2291666666667
A_PA	1903	48	A	0	0	48	38.7291666666667
A_PA	1904	48	A	0	0	48	40.9791666666667
A_PA	1905	48	A	0	0	48	40.3125
A_PA	1906	48	G	0	0	47	40.9787234042553
A_PA	1907	48	T	0	0	48	40.25
A_PA	1908	48	A	0	0	48	39.1875
A_PA	1909	48	T	0	0	48	38.375
A_PA	1910	48	G	0	0	48	36.5208333333333
A_PA	1911	48	C	0	0	48	36.1666666666667
A_PA	1912	48	A	0	0	48	35.75
A_PA	1913	47	G	1	0	47	36.468085106383
A_PA	1914	48	A	0	0	48	36.0208333333333
A_PA	1915	48	A	0	0	48	37.9166666666667
A_PA	1916	48	C	0	0	36	38.3055555555556
A_PA	1917	48	C	0	0	36	37.8611111111111
A_PA	1918	48	T	0	0	47	40.8085106382979
A_PA	1919	48	T	0	0	48	40.3958333333333
A_PA	1920	37	A	11	0	37	37
A_PA	1921	37	C	11	0	37	36.2972972972973
A_PA	1922	48	T	0	0	48	38.1041666666667
A_PA	1923	48	G	0	0	48	37.2291666666667
A_PA	1924	37	G	11	0	37	36.3243243243243
A_PA	1925	36	C	12	0	36	37.25
A_PA	1926	37	A	11	0	37	38.4594594594595
A_PA	1927	37	A	11	0	36	39.8055555555556
A_PA	1928	37	A	11	0	37	39.8918918918919
A_PA	1929	37	A	11	0	37	39.7837837837838
A_PA	1930	37	T	11	0	37	40.7837837837838
A_PA	1931	48	C	0	0	48	40.125
A_PA	1932	48	T	0	0	48	40
A_PA	1933	48	G	0	0	48	39.5416666666667
A_PA	1934	37	T	11	0	37	39.972972972973
A_PA	1935	37	G	11	0	37	40.2702702702703
A_PA	1936	37	T	11	0	37	40.3243243243243
A_PA	1937	37	T	11	0	37	39.3243243243243
A_PA	1938	37	C	11	0	37	39.1351351351351
A_PA	1939	37	A	11	0	37	39.5135135135135
A_PA	1940	37	A	11	0	37	39.6486486486486
A_PA	1941	37	C	11	0	37	40.2972972972973
A_PA	1942	37	A	11	0	37	39.4054054054054
A_PA	1943	37	G	11	0	37	40.6216216216216
A_PA	1944	37	T	11	0	37	41.0810810810811
A_PA	1945	48	C	0	0	48	39.5625
A_PA	1946	48	T	0	0	36	39.5555555555556
A_PA	1947	48	A	0	0	48	40.1875
A_PA	1948	48	T	0	0	47	41.1489361702128
A_PA	1949	48	A	0	0	37	38.6216216216216
A_PA	1950	48	T	0	0	48	40.5
A_PA	1951	48	G	0	0	48	41.5
A_PA	1952	48	C	0	0	48	41.7291666666667
A_PA	1953	37	T	11	0	37	41.4594594594595
A_PA	1954	37	T	11	0	37	41.2972972972973
A_PA	1955	37	C	11	0	37	39.7567567567568
A_PA	1956	37	T	11	0	37	41.1081081081081
A_PA	1957	48	C	0	0	37	40.1621621621622
A_PA	1958	47	C	1	0	47	42.5106382978723
A_PA	1959	47	A	1	0	47	41.1914893617021
A_PA	1960	48	C	0	0	48	41.625
A_PA	1961	48	A	0	0	48	41.25
A_PA	1962	37	A	11	0	37	41.2702702702703
A_PA	1963	37	C	11	0	37	40.7027027027027
A_PA	1964	37	T	11	0	37	39.7027027027027
A_PA	1965	37	T	11	0	37	39.5675675675676
A_PA	1966	38	G	11	0	38	38.5263157894737
A_PA	1967	38	A	11	0	38	39.0263157894737
A_PA	1968	38	G	11	0	38	39.1578947368421
A_PA	1969	55	G	11	0	55	40.2363636363636
A_PA	1970	55	G	11	0	55	41.7272727272727
A_PA	1971	55	G	11	0	55	41.5818181818182
A_PA	1972	66	T	0	0	66	40.8333333333333
A_PA	1973	66	T	0	0	66	40.8484848484849
A_PA	1974	66	T	0	0	66	41.1969696969697
A_PA	1975	55	T	11	0	55	41.4909090909091
A_PA	1976	55	C	11	0	55	40.2545454545455
A_PA	1977	54	A	12	0	53	39.5660377358491
A_PA	1978	55	G	11	0	55	39.1818181818182
A_PA	1979	55	C	11	0	55	38.6727272727273
A_PA	1980	55	T	11	0	55	38.9636363636364
A_PA	1981	54	G	12	0	52	37.1538461538462
A_PA	1982	55	A	11	0	54	36.7407407407407
A_PA	1983	55	A	11	0	54	37.2592592592593
A_PA	1984	55	T	11	0	55	36.3818181818182
A_PA	1985	54	C	12	0	53	35.8490566037736
A_PA	1986	55	A	11	0	55	35.2545454545455
A_PA	1987	55	A	11	0	55	35.2181818181818
A_PA	1988	66	G	0	0	66	35.530303030303
A_PA	1989	66	A	0	0	55	34.9454545454545
A_PA	1990	66	A	0	0	66	37.8787878787879
A_PA	1991	66	A	0	0	66	38.0454545454545
A_PA	1992	66	A	0	0	55	38.6727272727273
A_PA	1993	66	T	0	0	66	38.7575757575758
A_PA	1994	66	T	0	0	66	39.969696969697
A_PA	1995	65	A	1	0	54	38.1111111111111
A_PA	1996	65	C	1	0	53	36.9056603773585
A_PA	1997	66	T	0	0	66	37.969696969697
A_PA	1998	66	T	0	0	64	37.109375
A_PA	1999	56	C	10	0	54	35.6296296296296
A_PA	2000	66	T	0	0	66	35.7575757575758
A_PA	2001	66	C	0	0	66	36.7878787878788
A_PA	2002	66	A	0	0	66	36.3787878787879
A_PA	2003	66	T	0	0	66	37.4848484848485
A_PA	2004	66	T	0	0	65	37.4153846153846
A_PA	2005	66	G	0	0	66	38.2272727272727
A_PA	2006	66	T	0	0	66	38.3636363636364
A_PA	2007	66	T	0	0	66	38.4545454545455
A_PA	2008	66	C	0	0	66	37.9393939393939
A_PA	2009	66	A	0	0	66	37.8181818181818
A_PA	2010	66	A	0	0	66	39.1212121212121
A_PA	2011	66	G	0	0	66	39.3939393939394
A_PA	2012	66	C	0	0	66	39.2878787878788
A_PA	2013	66	A	0	0	66	37.8636363636364
A_PA	2014	66	C	0	0	66	36.9545454545455
A_PA	2015	66	T	0	0	66	37
A_PA	2016	66	T	0	0	66	37.9848484848485
A_PA	2017	66	A	0	0	65	34.9692307692308
A_PA	2018	66	G	0	0	64	35.53125
A_PA	2019	66	G	0	0	66	34.7727272727273
A_PA	2020	66	G	0	0	65	34.9692307692308
A_PA	2021	66	A	0	0	66	37.0757575757576
A_PA	2022	66	C	0	0	66	39.9242424242424
A_PA	2023	66	A	0	0	66	38.7727272727273
A_PA	2024	66	A	0	0	66	39.4393939393939
A_PA	2025	66	C	0	0	66	38.9090909090909
A_PA	2026	66	C	0	0	66	38.0454545454545
A_PA	2027	49	T	17	0	49	37.7959183673469
A_PA	2028	49	G	17	0	49	37.3469387755102
A_PA	2029	49	G	17	0	49	38.1428571428571
A_PA	2030	49	A	17	0	49	38.8571428571429
A_PA	2031	49	A	17	0	49	39.2857142857143
A_PA	2032	49	C	17	0	49	39.6326530612245
A_PA	2033	49	C	17	0	48	39.6875
A_PA	2034	49	T	17	0	49	37.9183673469388
A_PA	2035	49	G	17	0	49	37.4081632653061
A_PA	2036	49	G	17	0	49	36.9387755102041
A_PA	2037	49	A	17	0	49	36.2448979591837
A_PA	2038	49	A	17	0	49	36.8979591836735
A_PA	2039	49	C	17	0	49	37.0612244897959
A_PA	2040	49	C	17	0	49	37.6122448979592
A_PA	2041	48	T	18	0	48	38.875
A_PA	2042	49	T	17	0	49	37.6122448979592
A_PA	2043	49	T	17	0	49	39.4897959183673
A_PA	2044	49	G	17	0	49	36.1836734693878
A_PA	2045	49	A	17	0	49	37.7142857142857
A_PA	2046	49	T	17	0	49	40.6326530612245
A_PA	2047	49	C	17	0	49	37.8775510204082
A_PA	2048	49	T	17	0	49	39.7755102040816
A_PA	2049	49	T	17	0	49	39.3877551020408
A_PA	2050	48	G	18	0	48	34.7083333333333
A_PA	2051	49	G	17	0	49	35.6122448979592
A_PA	2052	49	G	17	0	49	36.2448979591837
A_PA	2053	49	G	17	0	49	38.0204081632653
A_PA	2054	49	G	17	0	49	39.8367346938776
A_PA	2055	49	G	17	0	48	38.6875
A_PA	2056	49	C	17	0	48	37.6875
A_PA	2057	49	T	17	0	48	37.8958333333333
A_PA	2058	49	A	17	0	49	37.0408163265306
A_PA	2059	51	T	17	0	51	37.4705882352941
A_PA	2060	51	A	17	0	51	36.5294117647059
A_PA	2061	68	T	0	0	68	37.7205882352941
A_PA	2062	68	G	0	0	68	34.7058823529412
A_PA	2063	68	A	0	0	68	34.4117647058824
A_PA	2064	68	A	0	0	68	34.5735294117647
A_PA	2065	68	G	0	0	68	34.1323529411765
A_PA	2066	68	C	0	0	68	34.2647058823529
A_PA	2067	68	A	0	0	68	35.0735294117647
A_PA	2068	68	A	0	0	68	35.2352941176471
A_PA	2069	68	T	0	0	68	35.7058823529412
A_PA	2070	68	C	0	0	67	34.2686567164179
A_PA	2071	68	G	0	0	68	32.5588235294118
A_PA	2072	68	A	0	0	68	33.2058823529412
A_PA	2073	68	G	0	0	68	33.3970588235294
A_PA	2074	68	G	0	0	68	33.4558823529412
A_PA	2075	68	A	0	0	68	36.1323529411765
A_PA	2076	68	G	0	0	68	36.4705882352941
A_PA	2077	68	T	0	0	68	37.1911764705882
A_PA	2078	68	G	0	0	68	36.8529411764706
A_PA	2079	68	C	0	0	68	36.6911764705882
A_PA	2080	68	T	0	0	68	36.5588235294118
A_PA	2081	68	T	0	0	68	36.4117647058824
A_PA	2082	68	G	0	0	68	34.4705882352941
A_PA	2083	68	A	0	0	68	34.7647058823529
A_PA	2084	68	T	0	0	68	36.5147058823529
A_PA	2085	68	T	0	0	68	36.2205882352941
A_PA	2086	68	A	0	0	68	37.2058823529412
A_PA	2087	68	A	0	0	68	38.4852941176471
A_PA	2088	68	T	0	0	68	38.8235294117647
A_PA	2089	68	G	0	0	68	39.3823529411765
A_PA	2090	68	A	0	0	68	39.4558823529412
A_PA	2091	68	T	0	0	68	39.6029411764706
A_PA	2092	68	C	0	0	68	38.5588235294118
A_PA	2093	68	C	0	0	68	39.5147058823529
A_PA	2094	68	C	0	0	68	38.9852941176471
A_PA	2095	68	T	0	0	68	38.5441176470588
A_PA	2096	68	G	0	0	68	38.4558823529412
A_PA	2097	68	G	0	0	68	39.5147058823529
A_PA	2098	68	G	0	0	68	39.4705882352941
A_PA	2099	68	T	0	0	68	40.3970588235294
A_PA	2100	68	T	0	0	68	41.7794117647059
A_PA	2101	68	T	0	0	68	41.2647058823529
A_PA	2102	68	T	0	0	68	40.6764705882353
A_PA	2103	68	G	0	0	68	40.8970588235294
A_PA	2104	68	C	0	0	68	38.7205882352941
A_PA	2105	68	T	0	0	68	39.0294117647059
A_PA	2106	68	T	0	0	68	38.5
A_PA	2107	68	A	0	0	68	37.2794117647059
A_PA	2108	68	A	0	0	68	37.2205882352941
A_PA	2109	68	T	0	0	68	38.8970588235294
A_PA	2110	68	G	0	0	68	38.8676470588235
A_PA	2111	68	C	0	0	68	40.2941176470588
A_PA	2112	68	A	0	0	68	39.3529411764706
A_PA	2113	68	T	0	0	68	39.4705882352941
A_PA	2114	68	C	0	0	68	39.1176470588235
A_PA	2115	68	T	0	0	68	40.0147058823529
A_PA	2116	68	T	0	0	68	41.5
A_PA	2117	68	G	0	0	67	39.7761194029851
A_PA	2118	68	G	0	0	68	39.0147058823529
A_PA	2119	68	T	0	0	68	38.7941176470588
A_PA	2120	68	T	0	0	68	39.0441176470588
A_PA	2121	68	C	0	0	67	39.3283582089552
A_PA	2122	68	A	0	0	68	39.9558823529412
A_PA	2123	68	A	0	0	68	41.0735294117647
A_PA	2124	65	C	3	0	65	39.7230769230769
A_PA	2125	67	T	1	0	66	40.7121212121212
A_PA	2126	67	C	1	0	67	40.4776119402985
A_PA	2127	67	C	1	0	67	39.5522388059701
A_PA	2128	67	T	1	0	67	40.3731343283582
A_PA	2129	68	T	0	0	67	40.2238805970149
A_PA	2130	68	C	0	0	67	38.9701492537313
A_PA	2131	68	C	0	0	68	40.5294117647059
A_PA	2132	68	T	0	0	67	40.0746268656716
A_PA	2133	68	C	0	0	67	40.9402985074627
A_PA	2134	68	A	0	0	67	39.910447761194
A_PA	2135	68	C	0	0	68	40.6029411764706
A_PA	2136	68	A	0	0	68	39.8676470588235
A_PA	2137	68	C	0	0	68	40.3382352941176
A_PA	2138	68	A	0	0	68	39.1029411764706
A_PA	2139	68	T	0	0	68	40.6176470588235
A_PA	2140	68	G	0	0	68	39.5
A_PA	2141	68	C	0	0	68	40.0294117647059
A_PA	2142	68	A	0	0	68	39.5
A_PA	2143	68	C	0	0	68	40.8529411764706
A_PA	2144	68	T	0	0	68	41.2352941176471
A_PA	2145	68	G	0	0	68	39.7647058823529
A_PA	2146	68	A	0	0	68	39.3529411764706
A_PA	2147	68	A	0	0	68	40.3676470588235
A_PA	2148	67	G	0	0	67	38.089552238806
A_PA	2149	67	T	0	0	67	38.3134328358209
A_PA	2150	67	A	0	0	67	36.6716417910448
A_PA	2151	67	G	0	0	67	36.7761194029851
