Reference_Name	Position	Coverage Depth	Consensus	Deletions	Ambiguous	Consensus_Count	Consensus_Average_Quality
A_PB2	1	74	A	0	0	74	38.0135135135135
A_PB2	2	75	T	0	0	75	37.7466666666667
A_PB2	3	75	G	0	0	75	36.6
A_PB2	4	75	G	0	0	75	35.6666666666667
A_PB2	5	77	A	0	0	77	35.3376623376623
A_PB2	6	78	G	0	0	78	35.9102564102564
A_PB2	7	78	A	0	0	78	37.4102564102564
A_PB2	8	79	G	0	0	78	36.474358974359
A_PB2	9	79	A	0	0	79	35.9240506329114
A_PB2	10	79	A	0	0	79	35.4430379746835
A_PB2	11	79	T	0	0	79	35.1518987341772
A_PB2	12	78	A	1	0	77	33.6233766233766
A_PB2	13	79	A	0	0	79	34.4303797468354
A_PB2	14	79	A	0	0	77	34.6753246753247
A_PB2	15	79	A	0	0	78	36.525641025641
A_PB2	16	79	G	0	0	78	37.3717948717949
A_PB2	17	78	A	1	0	78	37.8717948717949
A_PB2	18	78	G	1	0	78	36.6153846153846
A_PB2	19	79	C	1	0	79	35.1898734177215
A_PB2	20	78	T	2	0	78	34.8461538461538
A_PB2	21	80	G	0	0	80	32.575
A_PB2	22	80	A	0	0	80	32.325
A_PB2	23	79	G	1	0	79	31.9367088607595
A_PB2	24	80	A	0	0	80	32.4
A_PB2	25	79	G	1	0	79	35.3544303797468
A_PB2	26	80	A	0	0	79	35.379746835443
A_PB2	27	80	T	0	0	80	37.375
A_PB2	28	80	C	0	0	77	37.3766233766234
A_PB2	29	80	T	0	0	79	37.0253164556962
A_PB2	30	80	A	0	0	80	35.3375
A_PB2	31	80	A	0	0	79	35.126582278481
A_PB2	32	80	T	0	0	80	34.7375
A_PB2	33	80	G	0	0	80	36.1
A_PB2	34	80	T	0	0	80	36.1125
A_PB2	35	79	C	1	0	79	37.6962025316456
A_PB2	36	79	G	1	0	79	36.620253164557
A_PB2	37	79	C	1	0	79	36.3544303797468
A_PB2	38	80	A	0	0	80	36.65
A_PB2	39	80	G	0	0	79	36.6962025316456
A_PB2	40	80	T	0	0	80	38.4
A_PB2	41	78	C	2	0	78	37.2307692307692
A_PB2	42	80	C	0	0	80	37.75
A_PB2	43	80	C	0	0	80	37.3
A_PB2	44	79	G	1	0	79	36.9367088607595
A_PB2	45	80	C	0	0	79	36.7341772151899
A_PB2	46	80	A	0	0	79	38.8860759493671
A_PB2	47	80	C	0	0	80	37.6375
A_PB2	48	80	T	0	0	80	36.625
A_PB2	49	80	C	0	0	78	36.6666666666667
A_PB2	50	80	G	0	0	79	34.8607594936709
A_PB2	51	80	C	0	0	78	34.5
A_PB2	52	80	G	0	0	80	34.4625
A_PB2	53	79	A	1	0	79	34.8227848101266
A_PB2	54	80	G	0	0	80	34.1375
A_PB2	55	80	A	0	0	80	34.4125
A_PB2	56	80	T	0	0	80	36.0625
A_PB2	57	79	A	1	0	78	35.6153846153846
A_PB2	58	80	C	0	0	80	35.5
A_PB2	59	80	T	0	0	80	35.1
A_PB2	60	80	C	0	0	80	34.75
A_PB2	61	80	A	0	0	78	33.8589743589744
A_PB2	62	80	C	0	0	78	33.6666666666667
A_PB2	63	80	T	0	0	79	34.7088607594937
A_PB2	64	80	A	0	0	80	34.6
A_PB2	65	80	A	0	0	80	35.05
A_PB2	66	80	A	0	0	80	36.0375
A_PB2	67	80	A	0	0	80	36.875
A_PB2	68	80	C	0	0	80	38.7625
A_PB2	69	80	C	0	0	80	39.625
A_PB2	70	80	A	0	0	80	38.375
A_PB2	71	79	C	0	0	79	38.7721518987342
A_PB2	72	79	T	0	0	79	38.5189873417722
A_PB2	73	79	G	0	0	79	39.0886075949367
A_PB2	74	79	T	0	0	79	38.7088607594937
A_PB2	75	79	G	0	0	79	38.8607594936709
A_PB2	76	79	G	0	0	79	38.4556962025316
A_PB2	77	79	A	0	0	79	39.6582278481013
A_PB2	78	79	C	0	0	79	39.3291139240506
A_PB2	79	79	C	0	0	79	38.3164556962025
A_PB2	80	78	A	1	0	78	39.2051282051282
A_PB2	81	78	T	1	0	78	39.5384615384615
A_PB2	82	79	A	0	0	79	38.9746835443038
A_PB2	83	79	T	0	0	79	39.4683544303797
A_PB2	84	79	G	0	0	79	39.3037974683544
A_PB2	85	79	G	0	0	79	39.1392405063291
A_PB2	86	79	C	0	0	79	40.7721518987342
A_PB2	87	79	C	0	0	78	40.4487179487179
A_PB2	88	79	A	0	0	79	40.620253164557
A_PB2	89	79	T	0	0	78	41.0897435897436
A_PB2	90	79	C	0	0	79	40.4936708860759
A_PB2	91	79	A	0	0	79	40.746835443038
A_PB2	92	79	T	0	0	79	40.0886075949367
A_PB2	93	79	C	0	0	79	38.9367088607595
A_PB2	94	79	A	0	0	79	39.3164556962025
A_PB2	95	79	A	0	0	79	39.8607594936709
A_PB2	96	79	G	0	0	79	39.1518987341772
A_PB2	97	79	A	0	0	79	38.1518987341772
A_PB2	98	78	A	1	0	78	38.4102564102564
A_PB2	99	77	G	2	0	77	38.4675324675325
A_PB2	100	77	T	2	0	77	38.6493506493507
A_PB2	101	78	A	1	0	78	37.1410256410256
A_PB2	102	78	C	1	0	77	38.8961038961039
A_PB2	103	79	A	0	0	77	38.012987012987
A_PB2	104	79	C	0	0	78	38.5384615384615
A_PB2	105	79	A	0	0	79	38.0886075949367
A_PB2	106	79	T	0	0	79	38.0126582278481
A_PB2	107	79	C	0	0	78	37.525641025641
A_PB2	108	79	G	0	0	78	36.8717948717949
A_PB2	109	79	G	0	0	79	37.6455696202532
A_PB2	110	79	G	0	0	79	37.5822784810127
A_PB2	111	79	A	0	0	79	37.6708860759494
A_PB2	112	79	A	0	0	79	39.3670886075949
A_PB2	113	79	G	0	0	79	39.873417721519
A_PB2	114	79	G	0	0	79	39.253164556962
A_PB2	115	79	C	0	0	79	39.1645569620253
A_PB2	116	79	A	0	0	79	38.0632911392405
A_PB2	117	79	A	0	0	79	37.3544303797468
A_PB2	118	79	G	0	0	79	36.8607594936709
A_PB2	119	79	A	0	0	79	35.9746835443038
A_PB2	120	79	G	0	0	79	35.7721518987342
A_PB2	121	79	A	0	0	79	35.8481012658228
A_PB2	122	78	A	1	0	78	35.4102564102564
A_PB2	123	78	G	1	0	78	35.8461538461538
A_PB2	124	79	A	0	0	79	36.126582278481
A_PB2	125	79	A	0	0	79	37.253164556962
A_PB2	126	79	C	0	0	79	35.1772151898734
A_PB2	127	79	C	0	0	79	34.9620253164557
A_PB2	128	79	C	0	0	79	34.6582278481013
A_PB2	129	79	C	0	0	79	34.2911392405063
A_PB2	130	79	G	0	0	79	33.3164556962025
A_PB2	131	79	C	0	0	79	35.6835443037975
A_PB2	132	79	G	0	0	79	36.6075949367089
A_PB2	133	79	C	0	0	79	36.9746835443038
A_PB2	134	79	T	0	0	79	36.3164556962025
A_PB2	135	79	C	0	0	79	36.4177215189873
A_PB2	136	79	A	0	0	79	37.9240506329114
A_PB2	137	79	G	0	0	79	38.7341772151899
A_PB2	138	79	G	0	0	79	38.9746835443038
A_PB2	139	79	A	0	0	79	40
A_PB2	140	79	T	0	0	79	38.7974683544304
A_PB2	141	79	G	0	0	79	40.0126582278481
A_PB2	142	79	A	0	0	79	40.4936708860759
A_PB2	143	79	A	0	0	79	40.620253164557
A_PB2	144	79	G	0	0	79	40.1645569620253
A_PB2	145	79	T	0	0	78	39.8589743589744
A_PB2	146	79	G	0	0	79	39.5063291139241
A_PB2	147	79	G	0	0	79	39.0506329113924
A_PB2	148	79	A	0	0	79	39.6708860759494
A_PB2	149	79	T	0	0	79	39.7594936708861
A_PB2	150	79	G	0	0	79	40.0886075949367
A_PB2	151	79	A	0	0	79	40.6962025316456
A_PB2	152	79	T	0	0	79	40.1772151898734
A_PB2	153	79	G	0	0	79	39.5822784810127
A_PB2	154	77	G	0	0	77	40
A_PB2	155	77	C	0	0	77	40.3636363636364
A_PB2	156	77	G	0	0	77	38.6493506493507
A_PB2	157	77	A	0	0	77	38.2857142857143
A_PB2	158	77	T	0	0	77	38.8571428571429
A_PB2	159	77	G	0	0	77	38.5324675324675
A_PB2	160	77	A	0	0	77	38.2727272727273
A_PB2	161	77	A	0	0	77	39.5064935064935
A_PB2	162	77	A	0	0	77	38.961038961039
A_PB2	163	77	T	0	0	77	38.961038961039
A_PB2	164	75	A	2	0	75	38.7466666666667
A_PB2	165	75	C	2	0	75	38.6133333333333
A_PB2	166	75	C	2	0	75	37.68
A_PB2	167	75	C	2	0	75	38.8
A_PB2	168	77	A	0	0	77	37.7272727272727
A_PB2	169	77	A	0	0	77	39.4545454545455
A_PB2	170	77	T	0	0	77	39.6103896103896
A_PB2	171	77	T	0	0	77	38.6623376623377
A_PB2	172	77	A	0	0	77	38.3896103896104
A_PB2	173	77	C	0	0	77	39.5194805194805
A_PB2	174	77	G	0	0	77	39.1298701298701
A_PB2	175	77	G	0	0	77	39.2337662337662
A_PB2	176	76	C	1	0	76	39.7105263157895
A_PB2	177	77	A	0	0	77	39.025974025974
A_PB2	178	77	G	0	0	77	39.7142857142857
A_PB2	179	77	A	0	0	77	38.9090909090909
A_PB2	180	77	C	0	0	77	39.1818181818182
A_PB2	181	77	A	0	0	77	38.7402597402597
A_PB2	182	77	A	0	0	77	37.9350649350649
A_PB2	183	77	G	0	0	77	36.1688311688312
A_PB2	184	77	A	0	0	76	37.4078947368421
A_PB2	185	77	G	0	0	77	36.8051948051948
A_PB2	186	77	A	0	0	77	38.1298701298701
A_PB2	187	77	A	0	0	77	37.5584415584416
A_PB2	188	77	T	0	0	77	38.7402597402597
A_PB2	189	77	A	0	0	77	38.4675324675325
A_PB2	190	77	A	0	0	77	39.4285714285714
A_PB2	191	69	T	0	0	69	39.4347826086956
A_PB2	192	69	G	0	0	69	39.2028985507246
A_PB2	193	69	G	0	0	69	39.1014492753623
A_PB2	194	69	A	0	0	69	39.0579710144928
A_PB2	195	69	C	0	0	69	38.6086956521739
A_PB2	196	69	A	0	0	69	38.4492753623188
A_PB2	197	69	T	0	0	69	39.6231884057971
A_PB2	198	67	A	0	0	67	37.7611940298507
A_PB2	199	67	A	0	0	67	37.8507462686567
A_PB2	200	66	T	0	0	66	38.3030303030303
A_PB2	201	66	C	0	0	66	37.5
A_PB2	202	66	C	0	0	66	37.8484848484849
A_PB2	203	66	C	0	0	66	36.1818181818182
A_PB2	204	65	A	1	0	65	33.9076923076923
A_PB2	205	65	G	1	0	65	35.0769230769231
A_PB2	206	66	A	0	0	66	36.5454545454545
A_PB2	207	66	G	0	0	66	34.030303030303
A_PB2	208	66	A	0	0	66	36.3030303030303
A_PB2	209	66	G	0	0	66	37.3484848484849
A_PB2	210	66	G	0	0	66	39.7272727272727
A_PB2	211	66	A	0	0	66	39.3030303030303
A_PB2	212	66	A	0	0	66	40.3181818181818
A_PB2	213	66	T	0	0	66	40.1969696969697
A_PB2	214	66	G	0	0	66	38.7878787878788
A_PB2	215	66	A	0	0	66	38.4393939393939
A_PB2	216	66	A	0	0	66	38.1818181818182
A_PB2	217	66	C	0	0	66	38.6060606060606
A_PB2	218	66	A	0	0	66	36.7272727272727
A_PB2	219	65	A	0	0	65	37.6615384615385
A_PB2	220	65	G	0	0	65	38.0307692307692
A_PB2	221	65	G	0	0	65	37.6615384615385
A_PB2	222	65	A	0	0	65	38.4769230769231
A_PB2	223	65	C	0	0	65	38.3230769230769
A_PB2	224	65	A	0	0	65	37.9076923076923
A_PB2	225	65	G	0	0	65	37
A_PB2	226	65	A	0	0	65	37.7384615384615
A_PB2	227	65	C	0	0	65	37.3846153846154
A_PB2	228	65	C	0	0	65	38.0615384615385
A_PB2	229	65	C	0	0	65	38.4923076923077
A_PB2	230	65	T	0	0	65	38.5076923076923
A_PB2	231	65	C	0	0	65	38.8153846153846
A_PB2	232	65	T	0	0	65	38.8769230769231
A_PB2	233	65	G	0	0	65	37.6307692307692
A_PB2	234	65	G	0	0	65	38.4
A_PB2	235	65	A	0	0	65	38.8769230769231
A_PB2	236	65	G	0	0	64	38.78125
A_PB2	237	65	C	0	0	64	39.328125
A_PB2	238	65	A	0	0	65	38.4461538461538
A_PB2	239	65	A	0	0	65	37.4153846153846
A_PB2	240	65	A	0	0	65	38.1846153846154
A_PB2	241	65	A	0	0	65	37.6615384615385
A_PB2	242	65	T	0	0	65	38.3230769230769
A_PB2	243	65	G	0	0	65	36.3230769230769
A_PB2	244	65	A	0	0	65	38.1230769230769
A_PB2	245	65	A	0	0	65	39.2461538461538
A_PB2	246	65	C	0	0	65	38.8769230769231
A_PB2	247	65	G	0	0	65	38.5692307692308
A_PB2	248	65	A	0	0	65	38.4923076923077
A_PB2	249	65	T	0	0	65	38.7076923076923
A_PB2	250	65	G	0	0	65	37.7384615384615
A_PB2	251	65	C	0	0	65	38.8
A_PB2	252	65	T	0	0	65	39.7846153846154
A_PB2	253	65	G	0	0	65	37.8153846153846
A_PB2	254	65	G	0	0	65	38.4307692307692
A_PB2	255	65	A	0	0	65	37.4153846153846
A_PB2	256	65	T	0	0	63	38.2698412698413
A_PB2	257	65	C	0	0	64	38.640625
A_PB2	258	65	A	0	0	64	38.25
A_PB2	259	65	G	0	0	64	38.265625
A_PB2	260	65	A	0	0	64	37.53125
A_PB2	261	65	C	0	0	65	37.0153846153846
A_PB2	262	65	C	0	0	65	36.5846153846154
A_PB2	263	65	G	0	0	65	35.7384615384615
A_PB2	264	65	A	0	0	65	36.8615384615385
A_PB2	265	65	G	0	0	65	37.8153846153846
A_PB2	266	65	T	0	0	65	38.0461538461538
A_PB2	267	65	G	0	0	65	39.6307692307692
A_PB2	268	65	A	0	0	65	41.4615384615385
A_PB2	269	65	T	0	0	65	41.8461538461538
A_PB2	270	65	G	0	0	65	41.9692307692308
A_PB2	271	65	G	0	0	65	41.4769230769231
A_PB2	272	65	T	0	0	64	40.28125
A_PB2	273	65	A	0	0	65	39.1846153846154
A_PB2	274	65	T	0	0	65	38.8
A_PB2	275	65	C	0	0	65	38.1076923076923
A_PB2	276	65	A	0	0	64	38.25
A_PB2	277	65	C	0	0	65	39.2307692307692
A_PB2	278	65	C	0	0	65	38.6307692307692
A_PB2	279	65	T	0	0	65	39.9076923076923
A_PB2	280	65	C	0	0	65	39.6307692307692
A_PB2	281	65	T	0	0	65	39.7384615384615
A_PB2	282	64	G	0	0	64	39.921875
A_PB2	283	11	G	0	0	11	40.3636363636364
A_PB2	284	11	C	0	0	11	41.1818181818182
A_PB2	285	11	A	0	0	11	40
A_PB2	286	11	G	0	0	11	38.5454545454545
A_PB2	287	11	T	0	0	11	38.0909090909091
A_PB2	288	11	A	0	0	11	36.5454545454545
A_PB2	289	11	A	0	0	11	37.8181818181818
A_PB2	290	11	C	0	0	11	38.1818181818182
A_PB2	291	10	G	0	0	10	36.8
A_PB2	292	10	T	0	0	10	38
A_PB2	293	10	G	0	0	10	33.9
A_PB2	294	10	G	0	0	10	35.2
A_PB2	295	10	T	0	0	10	35.5
A_PB2	296	10	G	0	0	10	36.7
A_PB2	297	10	G	0	0	10	36.8
A_PB2	298	8	A	2	0	8	40.75
A_PB2	299	9	A	1	0	9	36.3333333333333
A_PB2	300	9	T	1	0	8	38.5
A_PB2	301	10	A	0	0	9	35.8888888888889
A_PB2	302	10	G	0	0	10	33.3
A_PB2	303	10	G	0	0	10	36.2
A_PB2	304	10	A	0	0	9	40.2222222222222
A_PB2	305	10	A	0	0	10	35.7
A_PB2	306	10	T	0	0	10	39.3
A_PB2	307	10	G	0	0	10	33.8
A_PB2	308	10	G	0	0	10	32.3
A_PB2	309	10	T	0	0	10	33.9
A_PB2	310	10	C	0	0	10	33.2
A_PB2	311	10	C	0	0	10	33.3
A_PB2	312	10	A	0	0	10	35.3
A_PB2	313	10	A	0	0	10	36.7
A_PB2	314	10	C	0	0	10	35.6
A_PB2	315	10	A	0	0	10	35.1
A_PB2	316	10	A	0	0	10	34.4
A_PB2	317	10	C	0	0	10	31.8
A_PB2	318	10	A	0	0	10	34.6
A_PB2	319	10	A	0	0	10	37.2
A_PB2	320	10	G	0	0	10	39.6
A_PB2	321	10	T	0	0	10	40
A_PB2	322	10	A	0	0	10	36.9
A_PB2	323	10	C	0	0	10	40.7
A_PB2	324	10	A	0	0	10	38.1
A_PB2	325	10	G	0	0	10	35.1
A_PB2	326	10	T	0	0	10	28.2
A_PB2	327	10	T	0	0	10	27.8
A_PB2	328	10	C	0	0	9	35.3333333333333
A_PB2	329	10	A	0	0	10	39.8
A_PB2	330	10	T	0	0	10	38.3
A_PB2	331	10	T	0	0	10	39.7
A_PB2	332	10	A	0	0	10	39.6
A_PB2	333	10	C	0	0	10	40.9
A_PB2	334	10	C	0	0	10	40.2
A_PB2	335	10	C	0	0	9	43.8888888888889
A_PB2	336	10	T	0	0	9	43
A_PB2	337	10	A	0	0	10	40.3
A_PB2	338	10	A	0	0	10	41
A_PB2	339	10	G	0	0	10	37.1
A_PB2	340	11	G	0	0	11	37.4545454545455
A_PB2	341	11	T	0	0	11	37.1818181818182
A_PB2	342	11	A	0	0	11	38.4545454545455
A_PB2	343	11	T	0	0	11	38.1818181818182
A_PB2	344	11	A	0	0	11	39.5454545454545
A_PB2	345	11	T	0	0	11	38.5454545454545
A_PB2	346	11	A	0	0	11	35.8181818181818
A_PB2	347	11	A	0	0	11	36.6363636363636
A_PB2	348	11	A	0	0	11	40.4545454545455
A_PB2	349	11	A	0	0	11	41.1818181818182
A_PB2	350	11	C	0	0	11	41.6363636363636
A_PB2	351	11	T	0	0	11	42
A_PB2	352	11	T	0	0	11	41.0909090909091
A_PB2	353	11	A	0	0	11	41.5454545454545
A_PB2	354	11	T	0	0	11	39.9090909090909
A_PB2	355	11	T	0	0	11	39.4545454545455
A_PB2	356	11	T	0	0	11	37
A_PB2	357	11	C	0	0	11	34.1818181818182
A_PB2	358	11	G	0	0	11	33.5454545454545
A_PB2	359	11	A	0	0	11	38.0909090909091
A_PB2	360	11	A	0	0	11	40.1818181818182
A_PB2	361	11	A	0	0	11	42.2727272727273
A_PB2	362	11	A	0	0	11	42.9090909090909
A_PB2	363	11	G	0	0	11	43
A_PB2	364	11	G	0	0	11	41.8181818181818
A_PB2	365	11	T	0	0	11	34.5454545454545
A_PB2	366	11	C	0	0	11	34
A_PB2	367	11	G	0	0	11	38.2727272727273
A_PB2	368	11	A	0	0	11	36
A_PB2	369	11	A	0	0	11	37.4545454545455
A_PB2	370	11	A	0	0	11	38.7272727272727
A_PB2	371	11	G	0	0	11	35.6363636363636
A_PB2	372	11	G	0	0	11	37.5454545454545
A_PB2	373	11	T	0	0	11	40.1818181818182
A_PB2	374	11	T	0	0	11	38.3636363636364
A_PB2	375	10	A	1	0	10	36.4
A_PB2	376	11	A	0	0	11	40.6363636363636
A_PB2	377	11	A	0	0	11	39.0909090909091
A_PB2	378	11	A	0	0	11	36.6363636363636
A_PB2	379	11	C	0	0	11	37.9090909090909
A_PB2	380	11	A	0	0	11	38.6363636363636
A_PB2	381	11	T	0	0	11	37.9090909090909
A_PB2	382	11	G	0	0	11	39.0909090909091
A_PB2	383	11	G	0	0	11	37.5454545454545
A_PB2	384	11	T	0	0	11	36.5454545454545
A_PB2	385	11	A	0	0	11	35.8181818181818
A_PB2	386	11	C	0	0	11	36.8181818181818
A_PB2	387	11	C	0	0	11	36.8181818181818
A_PB2	388	11	T	0	0	11	37.7272727272727
A_PB2	389	11	T	0	0	11	37.7272727272727
A_PB2	390	11	C	0	0	11	40.7272727272727
A_PB2	391	11	G	0	0	11	38.9090909090909
A_PB2	392	11	G	0	0	11	39.6363636363636
A_PB2	393	11	C	0	0	11	39.5454545454545
A_PB2	394	11	C	0	0	11	39.3636363636364
A_PB2	395	11	C	0	0	11	38.1818181818182
A_PB2	396	11	T	0	0	11	38.1818181818182
A_PB2	397	11	G	0	0	11	39
A_PB2	398	11	T	0	0	11	38.6363636363636
A_PB2	399	11	C	0	0	11	38.6363636363636
A_PB2	400	11	C	0	0	11	39.8181818181818
A_PB2	401	11	A	0	0	11	40.3636363636364
A_PB2	402	11	C	0	0	11	38
A_PB2	403	11	T	0	0	11	35.8181818181818
A_PB2	404	11	T	0	0	11	36.0909090909091
A_PB2	405	11	C	0	0	11	36.5454545454545
A_PB2	406	11	A	0	0	11	37.6363636363636
A_PB2	407	11	G	0	0	11	39.6363636363636
A_PB2	408	11	A	0	0	11	38.0909090909091
A_PB2	409	11	A	0	0	11	37.9090909090909
A_PB2	410	11	A	0	0	11	40
A_PB2	411	11	T	0	0	11	37.4545454545455
A_PB2	412	11	C	0	0	11	33.3636363636364
A_PB2	413	11	A	0	0	11	32.3636363636364
A_PB2	414	11	A	0	0	11	34.3636363636364
A_PB2	415	11	G	0	0	11	33.2727272727273
A_PB2	416	11	T	0	0	11	35.0909090909091
A_PB2	417	11	T	0	0	11	35.4545454545455
A_PB2	418	10	A	1	0	10	37.3
A_PB2	419	10	A	1	0	10	38
A_PB2	420	11	A	0	0	11	37.9090909090909
A_PB2	421	11	A	0	0	11	38.0909090909091
A_PB2	422	11	T	0	0	10	41.5
A_PB2	423	11	A	0	0	11	38.9090909090909
A_PB2	424	11	A	0	0	10	38.3
A_PB2	425	11	G	0	0	11	38.4545454545455
A_PB2	426	11	G	0	0	11	36
A_PB2	427	11	A	0	0	11	36.3636363636364
A_PB2	428	11	G	0	0	11	39.1818181818182
A_PB2	429	11	G	0	0	11	37.9090909090909
A_PB2	430	11	A	0	0	11	39.5454545454545
A_PB2	431	11	G	0	0	11	39.9090909090909
A_PB2	432	11	A	0	0	11	39.6363636363636
A_PB2	433	11	G	0	0	11	38.4545454545455
A_PB2	434	11	T	0	0	11	40.4545454545455
A_PB2	435	11	T	0	0	11	39.8181818181818
A_PB2	436	11	G	0	0	11	39.9090909090909
A_PB2	437	11	A	0	0	11	41
A_PB2	438	11	T	0	0	11	42.1818181818182
A_PB2	439	11	A	0	0	11	42.9090909090909
A_PB2	440	11	C	0	0	11	41
A_PB2	441	11	G	0	0	11	40.5454545454545
A_PB2	442	11	A	0	0	11	36.8181818181818
A_PB2	443	11	A	0	0	11	36
A_PB2	444	11	C	0	0	11	35.5454545454545
A_PB2	445	11	C	0	0	11	37.8181818181818
A_PB2	446	11	C	0	0	11	36.5454545454545
A_PB2	447	11	T	0	0	11	35.3636363636364
A_PB2	448	11	G	0	0	11	36.7272727272727
A_PB2	449	11	G	0	0	11	37.7272727272727
A_PB2	450	11	T	0	0	11	36.4545454545455
A_PB2	451	11	C	0	0	11	38.5454545454545
A_PB2	452	11	A	0	0	11	39.2727272727273
A_PB2	453	11	T	0	0	11	39.8181818181818
A_PB2	454	11	G	0	0	11	41.8181818181818
A_PB2	455	11	C	0	0	11	42.9090909090909
A_PB2	456	11	A	0	0	11	40.0909090909091
A_PB2	457	11	G	0	0	11	39.5454545454545
A_PB2	458	11	A	0	0	11	41.2727272727273
A_PB2	459	11	T	0	0	11	39.4545454545455
A_PB2	460	11	C	0	0	11	43.0909090909091
A_PB2	461	11	T	0	0	11	42.7272727272727
A_PB2	462	11	C	0	0	11	42.6363636363636
A_PB2	463	11	A	0	0	11	41.9090909090909
A_PB2	464	11	G	0	0	11	40.4545454545455
A_PB2	465	11	T	0	0	11	40.8181818181818
A_PB2	466	11	G	0	0	11	41.6363636363636
A_PB2	467	11	C	0	0	11	40.4545454545455
A_PB2	468	11	C	0	0	11	40.4545454545455
A_PB2	469	11	A	0	0	11	43
A_PB2	470	11	A	0	0	11	40.8181818181818
A_PB2	471	11	G	0	0	11	40.6363636363636
A_PB2	472	11	G	0	0	11	41.5454545454545
A_PB2	473	11	A	0	0	11	42.8181818181818
A_PB2	474	11	G	0	0	11	42.0909090909091
A_PB2	475	11	G	0	0	11	44.4545454545455
A_PB2	476	11	C	0	0	11	41.9090909090909
A_PB2	477	11	A	0	0	11	42.3636363636364
A_PB2	478	11	C	0	0	11	40.8181818181818
A_PB2	479	11	A	0	0	11	42.3636363636364
A_PB2	480	11	G	0	0	11	41.0909090909091
A_PB2	481	11	G	0	0	11	41
A_PB2	482	11	A	0	0	11	41
A_PB2	483	11	T	0	0	11	41.9090909090909
A_PB2	484	11	G	0	0	11	42.5454545454545
A_PB2	485	11	T	0	0	11	40.4545454545455
A_PB2	486	11	G	0	0	11	41
A_PB2	487	11	A	0	0	11	40.5454545454545
A_PB2	488	11	T	0	0	11	41.2727272727273
A_PB2	489	11	T	0	0	11	41.3636363636364
A_PB2	490	11	A	0	0	11	42
A_PB2	491	11	T	0	0	11	42.9090909090909
A_PB2	492	11	G	0	0	11	43.5454545454545
A_PB2	493	11	G	0	0	11	42.8181818181818
A_PB2	494	11	A	0	0	11	43.6363636363636
A_PB2	495	11	A	0	0	11	43.2727272727273
A_PB2	496	11	G	0	0	11	40.9090909090909
A_PB2	497	11	T	0	0	11	37.1818181818182
A_PB2	498	11	T	0	0	11	38.6363636363636
A_PB2	499	11	G	0	0	11	39.0909090909091
A_PB2	500	11	T	0	0	11	39.2727272727273
A_PB2	501	11	T	0	0	11	37.1818181818182
A_PB2	502	11	T	0	0	11	34.4545454545455
A_PB2	503	11	T	0	0	11	35.9090909090909
A_PB2	504	11	C	0	0	11	34.0909090909091
A_PB2	505	11	C	0	0	11	33.6363636363636
A_PB2	506	11	C	0	0	11	32.5454545454545
A_PB2	507	11	A	0	0	11	29.6363636363636
A_PB2	508	11	A	0	0	11	33.2727272727273
A_PB2	509	11	A	0	0	11	34.6363636363636
A_PB2	510	11	T	0	0	11	33.1818181818182
A_PB2	511	11	G	0	0	11	31.4545454545455
A_PB2	512	11	A	0	0	11	33.4545454545455
A_PB2	513	11	A	0	0	11	36.6363636363636
A_PB2	514	11	G	0	0	11	36
A_PB2	515	11	T	0	0	11	36.2727272727273
A_PB2	516	9	G	2	0	9	37.7777777777778
A_PB2	517	10	G	1	0	10	44.9
A_PB2	518	11	G	0	0	11	38.5454545454545
A_PB2	519	11	G	0	0	11	41.1818181818182
A_PB2	520	11	G	0	0	11	41.4545454545455
A_PB2	521	11	C	0	0	11	39.5454545454545
A_PB2	522	11	A	0	0	11	38.7272727272727
A_PB2	523	11	A	0	0	11	38.8181818181818
A_PB2	524	11	G	0	0	11	41.3636363636364
A_PB2	525	11	A	0	0	11	42.1818181818182
A_PB2	526	11	A	0	0	11	41.3636363636364
A_PB2	527	11	T	0	0	11	38.4545454545455
A_PB2	528	11	A	0	0	11	37.3636363636364
A_PB2	529	11	C	0	0	10	35.7
A_PB2	530	11	T	0	0	11	37.7272727272727
A_PB2	531	11	G	0	0	11	39.1818181818182
A_PB2	532	11	A	0	0	11	37.4545454545455
A_PB2	533	11	C	0	0	11	38.5454545454545
A_PB2	534	11	A	0	0	11	39.9090909090909
A_PB2	535	11	T	0	0	11	40.2727272727273
A_PB2	536	11	C	0	0	11	41.4545454545455
A_PB2	537	11	A	0	0	11	40
A_PB2	538	11	G	0	0	11	39.7272727272727
A_PB2	539	11	A	0	0	11	35.1818181818182
A_PB2	540	11	G	0	0	11	33.1818181818182
A_PB2	541	11	T	0	0	11	36
A_PB2	542	11	C	0	0	11	34.5454545454545
A_PB2	543	11	A	0	0	11	36
A_PB2	544	11	C	0	0	11	37.2727272727273
A_PB2	545	11	A	0	0	11	36.2727272727273
A_PB2	546	11	G	0	0	10	36.9
A_PB2	547	11	C	0	0	11	38.4545454545455
A_PB2	548	11	T	0	0	11	37.0909090909091
A_PB2	549	11	G	0	0	11	34
A_PB2	550	11	G	0	0	11	36.4545454545455
A_PB2	551	11	C	0	0	11	38.3636363636364
A_PB2	552	11	A	0	0	11	38.7272727272727
A_PB2	553	11	A	0	0	10	40
A_PB2	554	11	T	0	0	10	42.4
A_PB2	555	11	A	0	0	11	43
A_PB2	556	11	A	0	0	10	42.5
A_PB2	557	11	C	0	0	11	41.9090909090909
A_PB2	558	11	A	0	0	11	34.7272727272727
A_PB2	559	11	A	0	0	11	38.3636363636364
A_PB2	560	11	A	0	0	11	39.7272727272727
A_PB2	561	11	A	0	0	11	35.7272727272727
A_PB2	562	11	G	0	0	11	38.5454545454545
A_PB2	563	11	A	0	0	11	42.8181818181818
A_PB2	564	11	G	0	0	11	43.2727272727273
A_PB2	565	11	A	0	0	11	42
A_PB2	566	11	A	0	0	11	43
A_PB2	567	11	G	0	0	11	41.9090909090909
A_PB2	568	11	A	0	0	11	42.5454545454545
A_PB2	569	11	A	0	0	11	44
A_PB2	570	11	A	0	0	11	45.4545454545455
A_PB2	571	11	G	0	0	11	44.0909090909091
A_PB2	572	11	A	0	0	11	44.9090909090909
A_PB2	573	11	A	0	0	11	43
A_PB2	574	11	G	0	0	11	42.1818181818182
A_PB2	575	11	A	0	0	11	41.5454545454545
A_PB2	576	11	G	0	0	11	41.6363636363636
A_PB2	577	11	C	0	0	11	41.0909090909091
A_PB2	578	11	T	0	0	11	40.5454545454545
A_PB2	579	11	C	0	0	11	39.7272727272727
A_PB2	580	11	C	0	0	11	40.0909090909091
A_PB2	581	11	A	0	0	11	40.4545454545455
A_PB2	582	11	G	0	0	11	38.4545454545455
A_PB2	583	11	A	0	0	11	40.6363636363636
A_PB2	584	11	A	0	0	11	40.5454545454545
A_PB2	585	11	T	0	0	11	41.1818181818182
A_PB2	586	11	T	0	0	11	39.6363636363636
A_PB2	587	11	G	0	0	11	38
A_PB2	588	11	T	0	0	10	41.4
A_PB2	589	11	A	0	0	11	37.9090909090909
A_PB2	590	11	A	0	0	11	37.9090909090909
A_PB2	591	11	A	0	0	11	40.3636363636364
A_PB2	592	11	A	0	0	11	38.2727272727273
A_PB2	593	11	T	0	0	11	38.6363636363636
A_PB2	594	11	T	0	0	11	37.5454545454545
A_PB2	595	11	G	0	0	11	38
A_PB2	596	11	C	0	0	11	40.2727272727273
A_PB2	597	11	T	0	0	11	38.9090909090909
A_PB2	598	11	C	0	0	11	38.8181818181818
A_PB2	599	11	C	0	0	11	38
A_PB2	600	11	A	0	0	11	36.7272727272727
A_PB2	601	11	T	0	0	11	38.7272727272727
A_PB2	602	11	T	0	0	11	38.1818181818182
A_PB2	603	11	G	0	0	11	42
A_PB2	604	11	A	0	0	11	42.0909090909091
A_PB2	605	11	T	0	0	11	43
A_PB2	606	11	G	0	0	11	41.6363636363636
A_PB2	607	11	G	0	0	11	41.7272727272727
A_PB2	608	11	T	0	0	11	41
A_PB2	609	11	G	0	0	11	41
A_PB2	610	11	G	0	0	11	41.2727272727273
A_PB2	611	11	C	0	0	11	40.3636363636364
A_PB2	612	11	G	0	0	11	38.7272727272727
A_PB2	613	11	T	0	0	11	40.6363636363636
A_PB2	614	11	A	0	0	11	39.4545454545455
A_PB2	615	11	C	0	0	11	39.5454545454545
A_PB2	616	11	A	0	0	11	39.6363636363636
A_PB2	617	11	T	0	0	11	41.4545454545455
A_PB2	618	11	G	0	0	11	42.7272727272727
A_PB2	619	11	T	0	0	11	41.3636363636364
A_PB2	620	11	T	0	0	11	40.7272727272727
A_PB2	621	11	A	0	0	11	37
A_PB2	622	11	G	0	0	11	36.7272727272727
A_PB2	623	11	A	0	0	11	35.6363636363636
A_PB2	624	11	A	0	0	11	35.1818181818182
A_PB2	625	11	A	0	0	11	35.3636363636364
A_PB2	626	11	G	0	0	11	34.8181818181818
A_PB2	627	11	A	0	0	11	37.1818181818182
A_PB2	628	11	G	0	0	11	37.2727272727273
A_PB2	629	11	A	0	0	11	41.4545454545455
A_PB2	630	11	A	0	0	11	39.7272727272727
A_PB2	631	11	T	0	0	11	39.7272727272727
A_PB2	632	11	T	0	0	11	39.6363636363636
A_PB2	633	11	G	0	0	11	39.1818181818182
A_PB2	634	11	G	0	0	11	38.2727272727273
A_PB2	635	11	T	0	0	11	39.1818181818182
A_PB2	636	11	C	0	0	11	40.0909090909091
A_PB2	637	11	C	0	0	11	40.3636363636364
A_PB2	638	12	G	0	0	12	38.5
A_PB2	639	12	T	0	0	12	38
A_PB2	640	12	A	0	0	12	37.25
A_PB2	641	12	A	0	0	12	37.25
A_PB2	642	13	A	0	0	13	37.5384615384615
A_PB2	643	14	A	0	0	14	37.7142857142857
A_PB2	644	14	C	0	0	14	38.7142857142857
A_PB2	645	14	A	0	0	14	36.3571428571429
A_PB2	646	14	A	0	0	14	36.3571428571429
A_PB2	647	14	G	0	0	14	34.5714285714286
A_PB2	648	14	G	0	0	14	35.2142857142857
A_PB2	649	14	T	0	0	14	35.2857142857143
A_PB2	650	14	T	0	0	14	35
A_PB2	651	14	T	0	0	14	34.2857142857143
A_PB2	652	14	C	0	0	14	35.8571428571429
A_PB2	653	14	T	0	0	14	35.7142857142857
A_PB2	654	14	C	0	0	14	36.4285714285714
A_PB2	655	14	C	0	0	14	35.8571428571429
A_PB2	656	14	C	0	0	14	36.5714285714286
A_PB2	657	14	A	0	0	14	34.2142857142857
A_PB2	658	14	G	0	0	14	36.2142857142857
A_PB2	659	13	T	1	0	13	35.9230769230769
A_PB2	660	14	A	0	0	14	38.6428571428571
A_PB2	661	14	G	0	0	13	38.2307692307692
A_PB2	662	14	C	0	0	14	39.5714285714286
A_PB2	663	14	C	0	0	13	37.6153846153846
A_PB2	664	14	G	0	0	14	38.0714285714286
A_PB2	665	14	G	0	0	14	36.8571428571429
A_PB2	666	14	T	0	0	14	35.4285714285714
A_PB2	667	14	G	0	0	14	36.5
A_PB2	668	14	G	0	0	14	35.8571428571429
A_PB2	669	14	G	0	0	14	36.7142857142857
A_PB2	670	14	A	0	0	14	39.2857142857143
A_PB2	671	13	C	1	0	13	40.9230769230769
A_PB2	672	13	A	1	0	13	41.3076923076923
A_PB2	673	13	A	1	0	13	41.0769230769231
A_PB2	674	13	G	1	0	13	40.1538461538462
A_PB2	675	14	C	0	0	14	38.2142857142857
A_PB2	676	14	A	0	0	14	37.1428571428571
A_PB2	677	14	G	0	0	14	35.9285714285714
A_PB2	678	14	T	0	0	14	35.5714285714286
A_PB2	679	14	G	0	0	14	35.5
A_PB2	680	14	T	0	0	14	36.9285714285714
A_PB2	681	14	T	0	0	14	36
A_PB2	682	14	T	0	0	14	36.7142857142857
A_PB2	683	14	A	0	0	14	36.5
A_PB2	684	14	T	0	0	14	36.9285714285714
A_PB2	685	14	A	0	0	14	33.2142857142857
A_PB2	686	14	T	0	0	14	33.2857142857143
A_PB2	687	14	T	0	0	14	32.8571428571429
A_PB2	688	14	G	0	0	13	31.1538461538462
A_PB2	689	14	A	0	0	14	31.1428571428571
A_PB2	690	14	G	0	0	14	31.2142857142857
A_PB2	691	14	G	0	0	14	31.1428571428571
A_PB2	692	14	T	0	0	13	34.0769230769231
A_PB2	693	14	G	0	0	14	32.7857142857143
A_PB2	694	14	T	0	0	14	31.4285714285714
A_PB2	695	14	T	0	0	14	32.2142857142857
A_PB2	696	14	G	0	0	14	32.2857142857143
A_PB2	697	14	C	0	0	13	35.1538461538462
A_PB2	698	14	A	0	0	14	35.2142857142857
A_PB2	699	14	C	0	0	14	36.2857142857143
A_PB2	700	14	T	0	0	13	36.1538461538462
A_PB2	701	14	T	0	0	14	35.1428571428571
A_PB2	702	14	G	0	0	14	34.0714285714286
A_PB2	703	14	A	0	0	14	34.3571428571429
A_PB2	704	14	C	0	0	14	35
A_PB2	705	14	C	0	0	14	36.0714285714286
A_PB2	706	14	C	0	0	14	36.5714285714286
A_PB2	707	14	A	0	0	14	37.9285714285714
A_PB2	708	14	A	0	0	14	39
A_PB2	709	14	G	0	0	14	36.0714285714286
A_PB2	710	14	G	0	0	14	37.5714285714286
A_PB2	711	14	G	0	0	14	38.3571428571429
A_PB2	712	14	A	0	0	14	39.3571428571429
A_PB2	713	13	C	1	0	12	40.3333333333333
A_PB2	714	13	G	1	0	13	41.2307692307692
A_PB2	715	13	T	1	0	13	39.5384615384615
A_PB2	716	15	G	0	0	15	36.7333333333333
A_PB2	717	15	C	0	0	15	35.3333333333333
A_PB2	718	15	T	0	0	14	34.4285714285714
A_PB2	719	15	G	0	0	14	35.5714285714286
A_PB2	720	15	G	0	0	15	36
A_PB2	721	14	G	1	0	14	37
A_PB2	722	14	A	1	0	14	37.1428571428571
A_PB2	723	14	G	1	0	14	38.8571428571429
A_PB2	724	14	C	1	0	14	38.3571428571429
A_PB2	725	15	A	0	0	15	38.2666666666667
A_PB2	726	15	G	0	0	14	40.1428571428571
A_PB2	727	15	A	0	0	15	40.0666666666667
A_PB2	728	14	T	1	0	13	41.9230769230769
A_PB2	729	15	G	0	0	15	39.5333333333333
A_PB2	730	15	T	0	0	14	39.8571428571429
A_PB2	731	15	A	0	0	15	39.4666666666667
A_PB2	732	15	C	0	0	15	40.2666666666667
A_PB2	733	15	A	0	0	15	40.5333333333333
A_PB2	734	15	C	0	0	15	40.4
A_PB2	735	15	T	0	0	15	39.4
A_PB2	736	15	C	0	0	15	38.4666666666667
A_PB2	737	15	C	0	0	15	39.5333333333333
A_PB2	738	15	A	0	0	15	37.9333333333333
A_PB2	739	15	G	0	0	15	37.3333333333333
A_PB2	740	15	G	0	0	15	38
A_PB2	741	15	A	0	0	15	37.6
A_PB2	742	15	G	0	0	15	39.6666666666667
A_PB2	743	15	G	0	0	15	38.9333333333333
A_PB2	744	15	A	0	0	15	37.8
A_PB2	745	15	G	0	0	15	37.6
A_PB2	746	15	A	0	0	15	37.4
A_PB2	747	15	A	0	0	15	36.6
A_PB2	748	15	G	0	0	15	35.0666666666667
A_PB2	749	15	T	0	0	15	35.7333333333333
A_PB2	750	15	G	0	0	15	35.4666666666667
A_PB2	751	15	A	0	0	15	34.8666666666667
A_PB2	752	15	G	0	0	15	35.6
A_PB2	753	15	A	0	0	15	32.8
A_PB2	754	15	A	0	0	14	36.0714285714286
A_PB2	755	15	A	0	0	15	33.3333333333333
A_PB2	756	15	T	0	0	15	32
A_PB2	757	15	G	0	0	15	32.8
A_PB2	758	15	A	0	0	15	31.5333333333333
A_PB2	759	15	T	0	0	15	31.2666666666667
A_PB2	760	15	G	0	0	15	33
A_PB2	761	15	A	0	0	15	33.9333333333333
A_PB2	762	15	T	0	0	15	33
A_PB2	763	15	G	0	0	15	33.8
A_PB2	764	15	T	0	0	15	34.0666666666667
A_PB2	765	15	T	0	0	15	32.0666666666667
A_PB2	766	15	G	0	0	15	32.8666666666667
A_PB2	767	15	A	0	0	15	32.0666666666667
A_PB2	768	15	C	0	0	15	34.7333333333333
A_PB2	769	15	C	0	0	15	33.9333333333333
A_PB2	770	15	A	0	0	15	33.6
A_PB2	771	15	A	0	0	15	32.7333333333333
A_PB2	772	15	A	0	0	15	33.6
A_PB2	773	15	G	0	0	15	35
A_PB2	774	15	C	0	0	15	35.1333333333333
A_PB2	775	15	T	0	0	15	35.8
A_PB2	776	15	T	0	0	15	36.5333333333333
A_PB2	777	15	G	0	0	15	36.4
A_PB2	778	15	A	0	0	15	36.8
A_PB2	779	15	T	0	0	15	36
A_PB2	780	15	T	0	0	15	35.8
A_PB2	781	15	A	0	0	15	35.8666666666667
A_PB2	782	15	T	0	0	15	37.2
A_PB2	783	15	C	0	0	15	35.8
A_PB2	784	15	G	0	0	15	34.7333333333333
A_PB2	785	15	C	0	0	15	34.1333333333333
A_PB2	786	15	T	0	0	15	33.8
A_PB2	787	15	G	0	0	15	35.1333333333333
A_PB2	788	15	C	0	0	15	35.6666666666667
A_PB2	789	15	T	0	0	15	39.2666666666667
A_PB2	790	15	A	0	0	15	36.0666666666667
A_PB2	791	15	G	0	0	15	35.4666666666667
A_PB2	792	15	A	0	0	15	36
A_PB2	793	15	A	0	0	15	34.1333333333333
A_PB2	794	15	A	0	0	15	35.4666666666667
A_PB2	795	15	C	0	0	15	36.8
A_PB2	796	15	A	0	0	15	34.8
A_PB2	797	15	T	0	0	15	35.1333333333333
A_PB2	798	15	A	0	0	15	35.2
A_PB2	799	15	G	0	0	15	34.5333333333333
A_PB2	800	15	T	0	0	15	37.5333333333333
A_PB2	801	15	A	0	0	15	37.5333333333333
A_PB2	802	15	A	0	0	15	35.8
A_PB2	803	15	G	0	0	15	35.8
A_PB2	804	15	A	0	0	15	34.8666666666667
A_PB2	805	15	A	0	0	15	36.6
A_PB2	806	15	G	0	0	15	36.5333333333333
A_PB2	807	15	A	0	0	14	38.8571428571429
A_PB2	808	15	G	0	0	15	38.0666666666667
A_PB2	809	15	C	0	0	15	40.4666666666667
A_PB2	810	15	A	0	0	14	39.6428571428571
A_PB2	811	15	G	0	0	15	40.9333333333333
A_PB2	812	15	C	0	0	15	40.2666666666667
A_PB2	813	15	A	0	0	15	39.4666666666667
A_PB2	814	15	G	0	0	15	40.6
A_PB2	815	15	T	0	0	15	42.2
A_PB2	816	15	G	0	0	15	39.4666666666667
A_PB2	817	15	T	0	0	15	40.0666666666667
A_PB2	818	15	C	0	0	15	38
A_PB2	819	15	A	0	0	15	39.8
A_PB2	820	16	G	0	0	16	39
A_PB2	821	16	C	0	0	16	36.875
A_PB2	822	16	A	0	0	16	38.625
A_PB2	823	16	G	0	0	16	38.125
A_PB2	824	16	A	0	0	16	36.875
A_PB2	825	16	C	0	0	16	37
A_PB2	826	16	C	0	0	16	34.875
A_PB2	827	16	C	0	0	16	34
A_PB2	828	16	A	0	0	16	35.3125
A_PB2	829	16	T	0	0	16	38
A_PB2	830	16	T	0	0	16	36.75
A_PB2	831	16	A	0	0	16	36.3125
A_PB2	832	16	G	0	0	16	35.6875
A_PB2	833	16	C	0	0	16	35.625
A_PB2	834	16	A	0	0	16	36.75
A_PB2	835	15	T	1	0	15	39.2
A_PB2	836	15	C	1	0	15	38.7333333333333
A_PB2	837	15	T	1	0	15	37.4
A_PB2	838	15	C	1	0	15	38.9333333333333
A_PB2	839	14	T	2	0	14	38.9285714285714
A_PB2	840	14	C	2	0	14	38.8571428571429
A_PB2	841	15	T	1	0	15	39.8
A_PB2	842	16	T	0	0	16	40.3125
A_PB2	843	16	G	0	0	16	38.6875
A_PB2	844	16	G	0	0	16	38.5625
A_PB2	845	16	A	0	0	16	41.0625
A_PB2	846	16	G	0	0	16	42.5
A_PB2	847	16	A	0	0	16	41.125
A_PB2	848	16	T	0	0	16	42.5625
A_PB2	849	16	G	0	0	16	42
A_PB2	850	16	T	0	0	16	42.5625
A_PB2	851	16	G	0	0	16	40.6875
A_PB2	852	16	C	0	0	16	40.9375
A_PB2	853	16	C	0	0	16	41.125
A_PB2	854	16	A	0	0	16	40.875
A_PB2	855	16	C	0	0	16	39.625
A_PB2	856	16	A	0	0	16	40.3125
A_PB2	857	16	G	0	0	16	41.1875
A_PB2	858	16	C	0	0	16	40.3125
A_PB2	859	16	A	0	0	16	38.875
A_PB2	860	16	C	0	0	16	40
A_PB2	861	16	A	0	0	16	39.625
A_PB2	862	16	C	0	0	16	39.5625
A_PB2	863	16	A	0	0	16	39.375
A_PB2	864	16	G	0	0	16	39.6875
A_PB2	865	16	A	0	0	16	39.75
A_PB2	866	16	T	0	0	16	39.0625
A_PB2	867	16	T	0	0	16	39.125
A_PB2	868	16	G	0	0	16	38.875
A_PB2	869	16	G	0	0	16	39.75
A_PB2	870	16	A	0	0	16	39.75
A_PB2	871	16	G	0	0	16	38
A_PB2	872	16	G	0	0	16	39.125
A_PB2	873	16	T	0	0	16	40.375
A_PB2	874	16	G	0	0	16	38.375
A_PB2	875	16	T	0	0	16	37.125
A_PB2	876	16	G	0	0	16	39.6875
A_PB2	877	16	A	0	0	16	40
A_PB2	878	16	A	0	0	16	41.5
A_PB2	879	16	G	0	0	16	40.1875
A_PB2	880	16	A	0	0	16	41.5625
A_PB2	881	16	T	0	0	16	42.4375
A_PB2	882	16	G	0	0	16	41.1875
A_PB2	883	16	G	0	0	16	42.125
A_PB2	884	16	T	0	0	16	40.5625
A_PB2	885	16	G	0	0	16	39.375
A_PB2	886	16	G	0	0	16	41.8125
A_PB2	887	16	A	0	0	16	43.75
A_PB2	888	16	C	0	0	16	41.5625
A_PB2	889	16	A	0	0	16	42.5
A_PB2	890	16	T	0	0	16	42.5625
A_PB2	891	16	C	0	0	16	42.8125
A_PB2	892	16	C	0	0	16	42.5
A_PB2	893	16	T	0	0	16	44.25
A_PB2	894	16	T	0	0	16	41
A_PB2	895	16	A	0	0	16	41.6875
A_PB2	896	16	A	0	0	16	42.0625
A_PB2	897	16	A	0	0	16	41.4375
A_PB2	898	16	C	0	0	16	42.4375
A_PB2	899	16	A	0	0	16	42
A_PB2	900	16	G	0	0	16	40.125
A_PB2	901	16	A	0	0	16	41.3125
A_PB2	902	16	A	0	0	16	40.625
A_PB2	903	16	T	0	0	16	40.3125
A_PB2	904	16	C	0	0	16	41.0625
A_PB2	905	16	C	0	0	16	41.6875
A_PB2	906	16	A	0	0	16	40.375
A_PB2	907	16	A	0	0	16	42.5
A_PB2	908	16	C	0	0	16	41.9375
A_PB2	909	16	T	0	0	16	41.875
A_PB2	910	16	G	0	0	16	40.0625
A_PB2	911	16	A	0	0	16	41.6875
A_PB2	912	16	G	0	0	16	40.0625
A_PB2	913	16	G	0	0	16	39.4375
A_PB2	914	16	A	0	0	16	38.4375
A_PB2	915	16	G	0	0	16	39.5
A_PB2	916	16	C	0	0	16	38.625
A_PB2	917	16	A	0	0	16	38.5
A_PB2	918	16	A	0	0	16	37.6875
A_PB2	919	16	G	0	0	16	36.8125
A_PB2	920	16	C	0	0	16	38.375
A_PB2	921	16	C	0	0	16	38.25
A_PB2	922	16	G	0	0	16	36.8125
A_PB2	923	16	T	0	0	15	39.3333333333333
A_PB2	924	16	A	0	0	15	38.6666666666667
A_PB2	925	16	G	0	0	16	36.4375
A_PB2	926	16	A	0	0	16	35.875
A_PB2	927	16	C	0	0	16	38.1875
A_PB2	928	16	A	0	0	16	40.125
A_PB2	929	16	T	0	0	16	38.875
A_PB2	930	16	A	0	0	16	39.8125
A_PB2	931	16	T	0	0	16	40.0625
A_PB2	932	16	G	0	0	16	39.0625
A_PB2	933	17	C	0	0	17	41.1764705882353
A_PB2	934	17	A	0	0	17	40
A_PB2	935	17	A	0	0	17	40.8823529411765
A_PB2	936	17	G	0	0	16	42.5
A_PB2	937	17	G	0	0	17	41.5882352941176
A_PB2	938	17	C	0	0	17	42
A_PB2	939	17	A	0	0	17	42.3529411764706
A_PB2	940	17	G	0	0	17	41.4705882352941
A_PB2	941	17	C	0	0	17	41
A_PB2	942	17	A	0	0	17	40.4705882352941
A_PB2	943	17	A	0	0	17	40.7647058823529
A_PB2	944	17	T	0	0	17	40.4705882352941
A_PB2	945	17	A	0	0	17	39.7058823529412
A_PB2	946	17	G	0	0	17	40.2352941176471
A_PB2	947	17	G	0	0	17	38.8235294117647
A_PB2	948	17	G	0	0	17	38.9411764705882
A_PB2	949	17	T	0	0	17	38.7647058823529
A_PB2	950	17	T	0	0	17	40.4117647058824
A_PB2	951	17	G	0	0	17	38
A_PB2	952	17	A	0	0	17	39.9411764705882
A_PB2	953	17	G	0	0	17	40.3529411764706
A_PB2	954	17	G	0	0	17	43.1764705882353
A_PB2	955	17	A	0	0	17	41.8235294117647
A_PB2	956	17	T	0	0	17	40.2941176470588
A_PB2	957	17	T	0	0	17	39.2352941176471
A_PB2	958	17	A	0	0	17	38.4117647058824
A_PB2	959	17	G	0	0	17	38.4117647058824
A_PB2	960	17	C	0	0	17	36.8823529411765
A_PB2	961	18	T	0	0	18	38.5
A_PB2	962	18	C	0	0	18	36.8888888888889
A_PB2	963	18	A	0	0	18	37.2777777777778
A_PB2	964	18	T	0	0	18	36.2777777777778
A_PB2	965	18	C	0	0	18	36.6111111111111
A_PB2	966	18	T	0	0	18	36.3888888888889
A_PB2	967	18	T	0	0	18	36.2777777777778
A_PB2	968	18	T	0	0	18	35.9444444444444
A_PB2	969	18	C	0	0	17	35.4117647058824
A_PB2	970	18	A	0	0	18	34.8333333333333
A_PB2	971	18	G	0	0	18	34.4444444444444
A_PB2	972	18	T	0	0	17	36.1176470588235
A_PB2	973	18	T	0	0	18	35.6666666666667
A_PB2	974	18	T	0	0	18	36.1111111111111
A_PB2	975	18	T	0	0	18	36.2222222222222
A_PB2	976	18	G	0	0	17	37.2941176470588
A_PB2	977	18	G	0	0	18	38
A_PB2	978	18	T	0	0	18	37.4444444444444
A_PB2	979	18	G	0	0	18	36.3888888888889
A_PB2	980	18	G	0	0	18	37.8888888888889
A_PB2	981	18	G	0	0	18	35.5555555555556
A_PB2	982	18	T	0	0	18	37.2222222222222
A_PB2	983	18	T	0	0	17	40.9411764705882
A_PB2	984	18	C	0	0	18	36.3888888888889
A_PB2	985	18	A	0	0	18	37.7222222222222
A_PB2	986	18	C	0	0	18	37.6666666666667
A_PB2	987	17	T	1	0	17	40.2352941176471
A_PB2	988	18	T	0	0	18	37.3888888888889
A_PB2	989	18	T	0	0	18	35.8888888888889
A_PB2	990	18	C	0	0	18	33.7777777777778
A_PB2	991	18	A	0	0	18	33.6666666666667
A_PB2	992	18	A	0	0	18	34
A_PB2	993	18	A	0	0	18	33.6666666666667
A_PB2	994	18	A	0	0	18	35
A_PB2	995	18	G	0	0	18	36.2222222222222
A_PB2	996	18	A	0	0	18	38.3333333333333
A_PB2	997	18	A	0	0	18	37.2222222222222
A_PB2	998	18	C	0	0	18	37.7222222222222
A_PB2	999	18	A	0	0	18	37.3888888888889
A_PB2	1000	18	A	0	0	18	38.3333333333333
A_PB2	1001	18	G	0	0	18	38.8888888888889
A_PB2	1002	18	C	0	0	18	40.2777777777778
A_PB2	1003	18	G	0	0	18	38.2777777777778
A_PB2	1004	18	G	0	0	18	37.8888888888889
A_PB2	1005	18	A	0	0	18	37.3333333333333
A_PB2	1006	18	T	0	0	18	38.6111111111111
A_PB2	1007	18	C	0	0	17	37.0588235294118
A_PB2	1008	18	A	0	0	18	33.3333333333333
A_PB2	1009	18	T	0	0	18	34.1666666666667
A_PB2	1010	18	C	0	0	18	35.2777777777778
A_PB2	1011	18	A	0	0	17	37.5882352941176
A_PB2	1012	18	G	0	0	18	38.8888888888889
A_PB2	1013	18	T	0	0	18	39.1111111111111
A_PB2	1014	18	C	0	0	18	39.2222222222222
A_PB2	1015	17	A	1	0	17	39.0588235294118
A_PB2	1016	18	A	0	0	18	37.3333333333333
A_PB2	1017	18	G	0	0	18	37.6111111111111
A_PB2	1018	18	A	0	0	18	36.3888888888889
A_PB2	1019	18	A	0	0	18	37.3333333333333
A_PB2	1020	18	A	0	0	18	36.1666666666667
A_PB2	1021	18	G	0	0	17	37.8823529411765
A_PB2	1022	18	A	0	0	18	36.2222222222222
A_PB2	1023	18	A	0	0	17	40.5294117647059
A_PB2	1024	18	G	0	0	18	36.9444444444444
A_PB2	1025	18	A	0	0	18	35.1111111111111
A_PB2	1026	17	G	1	0	17	38.4705882352941
A_PB2	1027	17	G	1	0	17	36.8823529411765
A_PB2	1028	18	A	0	0	18	33.6111111111111
A_PB2	1029	18	A	0	0	18	35.1111111111111
A_PB2	1030	18	A	0	0	18	36.9444444444444
A_PB2	1031	18	T	0	0	18	38.5
A_PB2	1032	18	G	0	0	18	37.1666666666667
A_PB2	1033	18	C	0	0	17	40.4705882352941
A_PB2	1034	18	T	0	0	18	40.7777777777778
A_PB2	1035	18	A	0	0	18	39.4444444444444
A_PB2	1036	18	A	0	0	18	39.2222222222222
A_PB2	1037	18	C	0	0	18	37.8888888888889
A_PB2	1038	18	G	0	0	18	36.9444444444444
A_PB2	1039	18	G	0	0	18	36.5555555555556
A_PB2	1040	18	G	0	0	18	37.3888888888889
A_PB2	1041	18	C	0	0	18	38.1666666666667
A_PB2	1042	18	A	0	0	17	34.3529411764706
A_PB2	1043	18	A	0	0	18	34.9444444444444
A_PB2	1044	18	C	0	0	18	33.6666666666667
A_PB2	1045	18	C	0	0	18	33.4444444444444
A_PB2	1046	18	T	0	0	18	35.6666666666667
A_PB2	1047	18	C	0	0	18	32.7777777777778
A_PB2	1048	18	C	0	0	18	32.3333333333333
A_PB2	1049	18	A	0	0	18	32.5555555555556
A_PB2	1050	18	A	0	0	18	36.0555555555556
A_PB2	1051	18	A	0	0	18	36.6666666666667
A_PB2	1052	18	C	0	0	18	37.6666666666667
A_PB2	1053	18	A	0	0	18	37.6111111111111
A_PB2	1054	18	C	0	0	18	38.4444444444444
A_PB2	1055	18	T	0	0	17	38.1176470588235
A_PB2	1056	18	G	0	0	18	37.0555555555556
A_PB2	1057	18	A	0	0	18	38.6111111111111
A_PB2	1058	18	A	0	0	18	39.4444444444444
A_PB2	1059	18	A	0	0	18	40.1666666666667
A_PB2	1060	18	T	0	0	18	39.3888888888889
A_PB2	1061	18	T	0	0	18	38.5555555555556
A_PB2	1062	18	A	0	0	18	37.2222222222222
A_PB2	1063	18	A	0	0	18	37.4444444444444
A_PB2	1064	18	G	0	0	18	38.5555555555556
A_PB2	1065	18	A	0	0	18	38.5555555555556
A_PB2	1066	18	G	0	0	18	39.2777777777778
A_PB2	1067	18	T	0	0	18	39.5
A_PB2	1068	18	A	0	0	18	40.3888888888889
A_PB2	1069	18	C	0	0	18	39.5555555555556
A_PB2	1070	18	A	0	0	18	38.9444444444444
A_PB2	1071	18	T	0	0	18	38.0555555555556
A_PB2	1072	18	G	0	0	18	37.5
A_PB2	1073	18	A	0	0	18	36.7222222222222
A_PB2	1074	18	A	0	0	18	37.2777777777778
A_PB2	1075	18	G	0	0	18	36.8333333333333
A_PB2	1076	18	G	0	0	18	37.5
A_PB2	1077	18	G	0	0	18	35.9444444444444
A_PB2	1078	18	T	0	0	18	35.5
A_PB2	1079	18	A	0	0	18	32.9444444444444
A_PB2	1080	18	T	0	0	18	33.5
A_PB2	1081	18	G	0	0	18	31.9444444444444
A_PB2	1082	18	A	0	0	18	33.5555555555556
A_PB2	1083	18	A	0	0	18	34.4444444444444
A_PB2	1084	18	G	0	0	18	35.7777777777778
A_PB2	1085	18	A	0	0	18	33.5555555555556
A_PB2	1086	18	A	0	0	18	35.5
A_PB2	1087	18	T	0	0	18	36.2222222222222
A_PB2	1088	18	T	0	0	18	34.2777777777778
A_PB2	1089	18	C	0	0	18	34.9444444444444
A_PB2	1090	18	A	0	0	18	35.2777777777778
A_PB2	1091	18	C	0	0	18	35.4444444444444
A_PB2	1092	18	A	0	0	18	35.3888888888889
A_PB2	1093	18	A	0	0	18	36.5
A_PB2	1094	18	T	0	0	18	37.6666666666667
A_PB2	1095	18	G	0	0	18	38.6111111111111
A_PB2	1096	18	G	0	0	18	37.7777777777778
A_PB2	1097	18	T	0	0	18	38.1666666666667
A_PB2	1098	18	T	0	0	18	37.6666666666667
A_PB2	1099	17	G	1	0	17	37.4117647058824
A_PB2	1100	18	G	0	0	18	35.3888888888889
A_PB2	1101	18	G	0	0	18	35
A_PB2	1102	18	A	0	0	18	36.5555555555556
A_PB2	1103	18	G	0	0	18	37.1111111111111
A_PB2	1104	18	A	0	0	18	37.2777777777778
A_PB2	1105	18	A	0	0	18	41.0555555555556
A_PB2	1106	18	G	0	0	18	39.2222222222222
A_PB2	1107	18	A	0	0	18	39.2222222222222
A_PB2	1108	18	G	0	0	18	37.5
A_PB2	1109	18	C	0	0	18	38
A_PB2	1110	18	A	0	0	18	36.3888888888889
A_PB2	1111	18	A	0	0	18	36.1666666666667
A_PB2	1112	18	C	0	0	18	35.6111111111111
A_PB2	1113	18	A	0	0	18	37.5
A_PB2	1114	18	G	0	0	18	37.7777777777778
A_PB2	1115	18	C	0	0	18	37.8333333333333
A_PB2	1116	18	T	0	0	17	41.7058823529412
A_PB2	1117	18	A	0	0	18	39.1111111111111
A_PB2	1118	18	T	0	0	18	37.9444444444444
A_PB2	1119	18	T	0	0	18	37.5555555555556
A_PB2	1120	18	C	0	0	18	37.8888888888889
A_PB2	1121	17	T	1	0	17	37
A_PB2	1122	18	C	0	0	18	38.8888888888889
A_PB2	1123	18	A	0	0	18	36.5
A_PB2	1124	18	G	0	0	18	35.6111111111111
A_PB2	1125	18	A	0	0	18	35.4444444444444
A_PB2	1126	18	A	0	0	18	36.7777777777778
A_PB2	1127	18	A	0	0	18	36.4444444444444
A_PB2	1128	18	G	0	0	18	35.0555555555556
A_PB2	1129	18	G	0	0	18	35.5
A_PB2	1130	18	C	0	0	18	37.0555555555556
A_PB2	1131	18	A	0	0	18	34.9444444444444
A_PB2	1132	18	A	0	0	18	37.1111111111111
A_PB2	1133	18	C	0	0	18	37.1111111111111
A_PB2	1134	18	A	0	0	18	35.8888888888889
A_PB2	1135	18	A	0	0	18	35.6111111111111
A_PB2	1136	18	G	0	0	18	37.5555555555556
A_PB2	1137	18	G	0	0	18	38.0555555555556
A_PB2	1138	18	A	0	0	18	35.7222222222222
A_PB2	1139	18	G	0	0	18	39.3333333333333
A_PB2	1140	18	A	0	0	18	40.1666666666667
A_PB2	1141	18	T	0	0	18	40.5
A_PB2	1142	18	T	0	0	18	40.4444444444444
A_PB2	1143	18	G	0	0	18	40.2222222222222
A_PB2	1144	18	A	0	0	18	40.2777777777778
A_PB2	1145	18	T	0	0	18	39.1666666666667
A_PB2	1146	18	C	0	0	18	38.5
A_PB2	1147	18	C	0	0	18	39.0555555555556
A_PB2	1148	18	A	0	0	18	39.1111111111111
A_PB2	1149	18	A	0	0	18	39.9444444444444
A_PB2	1150	18	T	0	0	18	39.8333333333333
A_PB2	1151	18	T	0	0	18	37
A_PB2	1152	18	A	0	0	18	35.4444444444444
A_PB2	1153	18	A	0	0	18	36.8333333333333
A_PB2	1154	18	T	0	0	18	35.8888888888889
A_PB2	1155	18	A	0	0	18	35.3888888888889
A_PB2	1156	18	G	0	0	18	36.8333333333333
A_PB2	1157	18	T	0	0	18	36.6666666666667
A_PB2	1158	18	A	0	0	18	36.7777777777778
A_PB2	1159	18	A	0	0	18	35.7222222222222
A_PB2	1160	18	G	0	0	18	36.0555555555556
A_PB2	1161	18	C	0	0	18	36.5
A_PB2	1162	18	G	0	0	18	36.1111111111111
A_PB2	1163	18	G	0	0	18	36.6111111111111
A_PB2	1164	18	G	0	0	18	36.5555555555556
A_PB2	1165	18	A	0	0	18	37.3333333333333
A_PB2	1166	18	G	0	0	18	38.1666666666667
A_PB2	1167	18	A	0	0	18	37.8333333333333
A_PB2	1168	18	G	0	0	18	37.5
A_PB2	1169	17	A	1	0	17	38.1176470588235
A_PB2	1170	17	C	1	0	17	38.3529411764706
A_PB2	1171	18	G	0	0	18	35.5555555555556
A_PB2	1172	18	A	0	0	18	35.7222222222222
A_PB2	1173	18	G	0	0	18	35.5555555555556
A_PB2	1174	18	C	0	0	18	36.8888888888889
A_PB2	1175	18	A	0	0	18	35.2222222222222
A_PB2	1176	18	G	0	0	18	37.5
A_PB2	1177	18	T	0	0	18	37.6111111111111
A_PB2	1178	18	C	0	0	18	38.5555555555556
A_PB2	1179	18	A	0	0	18	37.1111111111111
A_PB2	1180	18	A	0	0	18	36.2222222222222
A_PB2	1181	18	T	0	0	18	36.6666666666667
A_PB2	1182	18	A	0	0	18	37.1111111111111
A_PB2	1183	18	G	0	0	18	38.5555555555556
A_PB2	1184	18	C	0	0	18	39.1111111111111
A_PB2	1185	18	T	0	0	18	39.3888888888889
A_PB2	1186	18	G	0	0	18	42.5
A_PB2	1187	18	A	0	0	18	41.0555555555556
A_PB2	1188	18	A	0	0	18	39.5555555555556
A_PB2	1189	18	G	0	0	18	41.6111111111111
A_PB2	1190	18	C	0	0	18	39.8888888888889
A_PB2	1191	18	A	0	0	18	38.8333333333333
A_PB2	1192	18	A	0	0	18	39.6666666666667
A_PB2	1193	18	T	0	0	18	38.8333333333333
A_PB2	1194	18	A	0	0	18	37.7222222222222
A_PB2	1195	18	A	0	0	18	38.6666666666667
A_PB2	1196	18	T	0	0	18	38.4444444444444
A_PB2	1197	18	T	0	0	18	41.6666666666667
A_PB2	1198	18	G	0	0	18	40.8333333333333
A_PB2	1199	18	T	0	0	18	41.3333333333333
A_PB2	1200	18	G	0	0	18	40.6666666666667
A_PB2	1201	18	G	0	0	18	40.8888888888889
A_PB2	1202	18	C	0	0	18	39.7222222222222
A_PB2	1203	18	C	0	0	18	38.2222222222222
A_PB2	1204	18	A	0	0	18	40.3888888888889
A_PB2	1205	18	T	0	0	18	41.5
A_PB2	1206	18	G	0	0	18	40.3333333333333
A_PB2	1207	18	G	0	0	18	41.6111111111111
A_PB2	1208	18	T	0	0	18	40.8888888888889
A_PB2	1209	18	T	0	0	18	40.3888888888889
A_PB2	1210	18	T	0	0	18	40.7777777777778
A_PB2	1211	18	T	0	0	18	40.8333333333333
A_PB2	1212	18	C	0	0	18	40.4444444444444
A_PB2	1213	18	T	0	0	18	39.7222222222222
A_PB2	1214	18	C	0	0	18	40.2222222222222
A_PB2	1215	18	A	0	0	18	38.5555555555556
A_PB2	1216	18	C	0	0	18	39.2777777777778
A_PB2	1217	18	A	0	0	18	40.1111111111111
A_PB2	1218	18	A	0	0	18	39.7222222222222
A_PB2	1219	18	G	0	0	18	40.5
A_PB2	1220	18	A	0	0	18	41.1111111111111
A_PB2	1221	18	G	0	0	18	40.5
A_PB2	1222	18	G	0	0	18	41.2777777777778
A_PB2	1223	18	A	0	0	18	42.1111111111111
A_PB2	1224	18	T	0	0	18	40.9444444444444
A_PB2	1225	18	T	0	0	18	41.8333333333333
A_PB2	1226	18	G	0	0	18	41.4444444444444
A_PB2	1227	18	C	0	0	18	42.2222222222222
A_PB2	1228	18	A	0	0	18	40.9444444444444
A_PB2	1229	18	T	0	0	18	40.2222222222222
A_PB2	1230	18	G	0	0	18	42.4444444444444
A_PB2	1231	18	A	0	0	18	41.6111111111111
A_PB2	1232	18	T	0	0	18	39.9444444444444
A_PB2	1233	18	C	0	0	18	40.2777777777778
A_PB2	1234	18	A	0	0	18	42.2222222222222
A_PB2	1235	18	A	0	0	18	39.5
A_PB2	1236	18	A	0	0	18	41.3333333333333
A_PB2	1237	18	G	0	0	18	40.1111111111111
A_PB2	1238	18	C	0	0	18	40.2777777777778
A_PB2	1239	18	A	0	0	18	38.3888888888889
A_PB2	1240	18	G	0	0	18	38.7222222222222
A_PB2	1241	18	T	0	0	18	40.6666666666667
A_PB2	1242	18	T	0	0	18	39.5
A_PB2	1243	18	A	0	0	18	41.0555555555556
A_PB2	1244	18	G	0	0	18	38.6666666666667
A_PB2	1245	18	G	0	0	18	40.3333333333333
A_PB2	1246	18	G	0	0	18	41.6666666666667
A_PB2	1247	18	G	0	0	17	41.2941176470588
A_PB2	1248	18	C	0	0	17	39.4117647058824
A_PB2	1249	18	G	0	0	17	38.2352941176471
A_PB2	1250	18	A	0	0	18	36.2222222222222
A_PB2	1251	18	T	0	0	18	34.6666666666667
A_PB2	1252	18	C	0	0	18	35.3888888888889
A_PB2	1253	17	T	1	0	17	36.4117647058824
A_PB2	1254	17	G	1	0	17	36
A_PB2	1255	18	A	0	0	18	35.0555555555556
A_PB2	1256	18	A	0	0	18	37
A_PB2	1257	18	C	0	0	18	37.0555555555556
A_PB2	1258	18	T	0	0	18	36.2777777777778
A_PB2	1259	18	T	0	0	18	37.2777777777778
A_PB2	1260	18	T	0	0	18	35.3888888888889
A_PB2	1261	18	G	0	0	18	36.3333333333333
A_PB2	1262	18	T	0	0	18	37.2222222222222
A_PB2	1263	18	C	0	0	18	37.4444444444444
A_PB2	1264	18	A	0	0	18	38.1666666666667
A_PB2	1265	18	A	0	0	18	38.1666666666667
A_PB2	1266	18	T	0	0	18	38.9444444444444
A_PB2	1267	18	A	0	0	18	39.8333333333333
A_PB2	1268	18	G	0	0	18	41
A_PB2	1269	18	G	0	0	18	39.8888888888889
A_PB2	1270	18	G	0	0	18	39.2777777777778
A_PB2	1271	18	C	0	0	18	38.8888888888889
A_PB2	1272	18	A	0	0	18	39.1666666666667
A_PB2	1273	18	A	0	0	18	38.4444444444444
A_PB2	1274	18	A	0	0	18	36.9444444444444
A_PB2	1275	18	T	0	0	18	40.1666666666667
A_PB2	1276	18	C	0	0	18	40.3333333333333
A_PB2	1277	18	A	0	0	18	40.5555555555556
A_PB2	1278	18	G	0	0	18	39.7777777777778
A_PB2	1279	18	A	0	0	18	41.2777777777778
A_PB2	1280	18	G	0	0	18	41.1111111111111
A_PB2	1281	18	A	0	0	18	39.6666666666667
A_PB2	1282	18	C	0	0	18	38.6666666666667
A_PB2	1283	18	T	0	0	18	40.1111111111111
A_PB2	1284	18	G	0	0	18	39.3333333333333
A_PB2	1285	18	A	0	0	18	38.5555555555556
A_PB2	1286	18	A	0	0	18	37.7777777777778
A_PB2	1287	18	T	0	0	18	39.3888888888889
A_PB2	1288	18	C	0	0	18	39
A_PB2	1289	18	C	0	0	18	41.5555555555556
A_PB2	1290	18	C	0	0	18	42.2222222222222
A_PB2	1291	18	A	0	0	18	41.2222222222222
A_PB2	1292	18	T	0	0	18	40
A_PB2	1293	18	G	0	0	18	40
A_PB2	1294	18	C	0	0	18	38.6666666666667
A_PB2	1295	18	A	0	0	18	38
A_PB2	1296	18	C	0	0	18	38.8888888888889
A_PB2	1297	18	C	0	0	18	40.7222222222222
A_PB2	1298	18	A	0	0	18	41.5
A_PB2	1299	18	A	0	0	18	41.5555555555556
A_PB2	1300	18	C	0	0	18	42.5555555555556
A_PB2	1301	18	T	0	0	18	42
A_PB2	1302	18	C	0	0	18	39.2222222222222
A_PB2	1303	18	T	0	0	18	39.4444444444444
A_PB2	1304	18	T	0	0	18	40.4444444444444
A_PB2	1305	18	G	0	0	18	35.9444444444444
A_PB2	1306	18	A	0	0	18	36.2222222222222
A_PB2	1307	18	G	0	0	18	36.2222222222222
A_PB2	1308	18	G	0	0	18	38.6111111111111
A_PB2	1309	18	C	0	0	18	35.3333333333333
A_PB2	1310	18	A	0	0	18	34.6666666666667
A_PB2	1311	18	T	0	0	18	34.8333333333333
A_PB2	1312	18	T	0	0	18	36.5555555555556
A_PB2	1313	18	T	0	0	18	37.2222222222222
A_PB2	1314	18	C	0	0	18	36.1111111111111
A_PB2	1315	18	C	0	0	18	35.5
A_PB2	1316	18	A	0	0	18	30
A_PB2	1317	18	A	0	0	18	32.8333333333333
A_PB2	1318	18	A	0	0	18	31.2222222222222
A_PB2	1319	18	A	0	0	18	30.8333333333333
A_PB2	1320	18	A	0	0	18	34.4444444444444
A_PB2	1321	18	G	0	0	18	39.5
A_PB2	1322	18	A	0	0	18	38.1111111111111
A_PB2	1323	18	T	0	0	18	38.3333333333333
A_PB2	1324	17	G	1	0	17	38.3529411764706
A_PB2	1325	18	C	0	0	18	38.3888888888889
A_PB2	1326	18	A	0	0	17	37.7647058823529
A_PB2	1327	18	A	0	0	18	35.7222222222222
A_PB2	1328	18	A	0	0	18	36.8333333333333
A_PB2	1329	18	G	0	0	17	35.0588235294118
A_PB2	1330	18	G	0	0	18	35.4444444444444
A_PB2	1331	18	T	0	0	18	35.9444444444444
A_PB2	1332	18	G	0	0	18	36.6111111111111
A_PB2	1333	18	C	0	0	18	36
A_PB2	1334	18	T	0	0	18	35.6111111111111
A_PB2	1335	18	T	0	0	18	36.4444444444444
A_PB2	1336	18	T	0	0	18	32.2777777777778
A_PB2	1337	18	T	0	0	18	32.7222222222222
A_PB2	1338	18	C	0	0	18	31.5555555555556
A_PB2	1339	18	C	0	0	18	29.7777777777778
A_PB2	1340	18	A	0	0	18	26.4444444444444
A_PB2	1341	18	G	0	0	18	27.5555555555556
A_PB2	1342	18	A	0	0	18	33.1666666666667
A_PB2	1343	18	A	0	0	18	34
A_PB2	1344	18	C	0	0	18	33.1666666666667
A_PB2	1345	18	T	0	0	18	35.6111111111111
A_PB2	1346	17	G	1	0	17	35.4705882352941
A_PB2	1347	18	G	0	0	18	34.5
A_PB2	1348	18	G	0	0	18	34.6666666666667
A_PB2	1349	18	G	0	0	18	33.7222222222222
A_PB2	1350	18	A	0	0	18	35.5
A_PB2	1351	18	A	0	0	18	36.8333333333333
A_PB2	1352	18	T	0	0	18	35.8888888888889
A_PB2	1353	18	T	0	0	18	36.6666666666667
A_PB2	1354	18	G	0	0	18	38.3333333333333
A_PB2	1355	18	A	0	0	18	38.4444444444444
A_PB2	1356	18	A	0	0	18	40.0555555555556
A_PB2	1357	18	A	0	0	18	38.1111111111111
A_PB2	1358	18	C	0	0	18	37.7222222222222
A_PB2	1359	18	C	0	0	17	39.0588235294118
A_PB2	1360	18	A	0	0	18	36.8333333333333
A_PB2	1361	18	T	0	0	18	37.8333333333333
A_PB2	1362	18	C	0	0	18	38.1111111111111
A_PB2	1363	17	G	1	0	16	37.6875
A_PB2	1364	18	A	0	0	18	34.3333333333333
A_PB2	1365	18	C	0	0	18	34.4444444444444
A_PB2	1366	18	A	0	0	18	33.6666666666667
A_PB2	1367	18	A	0	0	18	33.3333333333333
A_PB2	1368	18	T	0	0	18	38.1111111111111
A_PB2	1369	18	G	0	0	18	36.6666666666667
A_PB2	1370	18	T	0	0	18	38.3888888888889
A_PB2	1371	18	G	0	0	18	37.3333333333333
A_PB2	1372	18	A	0	0	18	36.9444444444444
A_PB2	1373	18	T	0	0	18	34.2777777777778
A_PB2	1374	18	G	0	0	18	32.6666666666667
A_PB2	1375	18	G	0	0	18	32.3888888888889
A_PB2	1376	18	G	0	0	17	32.8235294117647
A_PB2	1377	18	A	0	0	18	31.7777777777778
A_PB2	1378	18	A	0	0	18	33.3888888888889
A_PB2	1379	18	T	0	0	18	33.3333333333333
A_PB2	1380	18	G	0	0	18	31.3333333333333
A_PB2	1381	18	A	0	0	18	31.0555555555556
A_PB2	1382	18	T	0	0	18	31.1111111111111
A_PB2	1383	18	C	0	0	18	31.2777777777778
A_PB2	1384	18	G	0	0	18	31.9444444444444
A_PB2	1385	18	G	0	0	18	31.2777777777778
A_PB2	1386	17	A	1	0	16	34.0625
A_PB2	1387	18	A	0	0	17	31.9411764705882
A_PB2	1388	18	T	0	0	18	34
A_PB2	1389	18	A	0	0	18	34.1111111111111
A_PB2	1390	17	C	1	0	17	36.1176470588235
A_PB2	1391	18	T	0	0	18	35.2222222222222
A_PB2	1392	18	G	0	0	18	36.6666666666667
A_PB2	1393	18	C	0	0	17	35.5294117647059
A_PB2	1394	18	C	0	0	18	36.3888888888889
A_PB2	1395	18	C	0	0	18	36.7222222222222
A_PB2	1396	18	G	0	0	17	36.7647058823529
A_PB2	1397	18	A	0	0	18	36.7222222222222
A_PB2	1398	18	C	0	0	18	36.7222222222222
A_PB2	1399	18	A	0	0	18	36.5
A_PB2	1400	18	T	0	0	18	38
A_PB2	1401	18	G	0	0	18	37.6666666666667
A_PB2	1402	18	A	0	0	18	37.2222222222222
A_PB2	1403	17	C	1	0	16	38.875
A_PB2	1404	18	C	0	0	18	37.1111111111111
A_PB2	1405	18	C	0	0	18	38.2222222222222
A_PB2	1406	18	C	0	0	18	35.9444444444444
A_PB2	1407	18	A	0	0	18	35.1111111111111
A_PB2	1408	18	A	0	0	18	35.8888888888889
A_PB2	1409	18	G	0	0	17	34.7058823529412
A_PB2	1410	18	C	0	0	17	36
A_PB2	1411	18	A	0	0	18	36.0555555555556
A_PB2	1412	18	C	0	0	17	37.4705882352941
A_PB2	1413	18	G	0	0	18	37.0555555555556
A_PB2	1414	18	G	0	0	18	35.5555555555556
A_PB2	1415	18	A	0	0	18	34.4444444444444
A_PB2	1416	18	G	0	0	18	35.7777777777778
A_PB2	1417	18	A	0	0	18	38.1666666666667
A_PB2	1418	18	T	0	0	18	39.2222222222222
A_PB2	1419	18	G	0	0	18	38.5
A_PB2	1420	18	T	0	0	18	38.2222222222222
A_PB2	1421	18	C	0	0	18	38.5
A_PB2	1422	18	A	0	0	18	37.1111111111111
A_PB2	1423	18	A	0	0	18	36.9444444444444
A_PB2	1424	18	T	0	0	18	35.4444444444444
A_PB2	1425	18	G	0	0	18	36.8888888888889
A_PB2	1426	18	A	0	0	18	39.3888888888889
A_PB2	1427	18	G	0	0	18	41.8888888888889
A_PB2	1428	18	A	0	0	18	41.8333333333333
A_PB2	1429	18	G	0	0	18	40.8333333333333
A_PB2	1430	18	G	0	0	18	41.2777777777778
A_PB2	1431	18	A	0	0	18	40.7222222222222
A_PB2	1432	18	A	0	0	18	40.3333333333333
A_PB2	1433	18	T	0	0	18	40.3888888888889
A_PB2	1434	18	A	0	0	18	41.1111111111111
A_PB2	1435	18	A	0	0	18	40.6111111111111
A_PB2	1436	18	G	0	0	18	40.3333333333333
A_PB2	1437	18	A	0	0	18	39.4444444444444
A_PB2	1438	18	G	0	0	18	36.9444444444444
A_PB2	1439	18	T	0	0	18	36.9444444444444
A_PB2	1440	18	C	0	0	18	35.8888888888889
A_PB2	1441	18	A	0	0	18	35.6666666666667
A_PB2	1442	18	G	0	0	18	35.8333333333333
A_PB2	1443	18	C	0	0	18	36.5
A_PB2	1444	18	A	0	0	18	35.6666666666667
A_PB2	1445	18	A	0	0	18	37.8888888888889
A_PB2	1446	18	G	0	0	18	39.4444444444444
A_PB2	1447	18	A	0	0	18	39.3333333333333
A_PB2	1448	18	T	0	0	18	39.8333333333333
A_PB2	1449	18	G	0	0	18	41.1111111111111
A_PB2	1450	18	G	0	0	18	41.3888888888889
A_PB2	1451	18	G	0	0	18	40
A_PB2	1452	18	A	0	0	18	40
A_PB2	1453	18	G	0	0	17	41.0588235294118
A_PB2	1454	18	T	0	0	18	39.1111111111111
A_PB2	1455	18	A	0	0	18	38.7777777777778
A_PB2	1456	18	G	0	0	18	40.7777777777778
A_PB2	1457	18	A	0	0	18	40.7777777777778
A_PB2	1458	18	T	0	0	18	40.5
A_PB2	1459	18	G	0	0	18	41.7777777777778
A_PB2	1460	18	A	0	0	18	40.3888888888889
A_PB2	1461	18	A	0	0	18	40.0555555555556
A_PB2	1462	18	T	0	0	18	38.7777777777778
A_PB2	1463	18	A	0	0	18	37.9444444444444
A_PB2	1464	18	C	0	0	18	39.7777777777778
A_PB2	1465	18	T	0	0	18	40.4444444444444
A_PB2	1466	18	C	0	0	18	40.6111111111111
A_PB2	1467	18	C	0	0	18	38.2777777777778
A_PB2	1468	18	A	0	0	18	37.3333333333333
A_PB2	1469	18	G	0	0	18	37.6111111111111
A_PB2	1470	18	C	0	0	18	39.3888888888889
A_PB2	1471	18	A	0	0	18	37.3333333333333
A_PB2	1472	18	C	0	0	18	37.5
A_PB2	1473	18	G	0	0	18	37.1666666666667
A_PB2	1474	18	G	0	0	18	36.1111111111111
A_PB2	1475	18	A	0	0	18	35.5
A_PB2	1476	18	G	0	0	18	33.4444444444444
A_PB2	1477	18	A	0	0	18	33.3333333333333
A_PB2	1478	18	G	0	0	18	35.8333333333333
A_PB2	1479	18	A	0	0	18	34.7777777777778
A_PB2	1480	18	G	0	0	18	34.9444444444444
A_PB2	1481	18	T	0	0	18	36.0555555555556
A_PB2	1482	18	G	0	0	18	36.9444444444444
A_PB2	1483	18	G	0	0	18	37.2222222222222
A_PB2	1484	18	T	0	0	18	37.9444444444444
A_PB2	1485	18	A	0	0	18	36.7222222222222
A_PB2	1486	18	G	0	0	18	35.2222222222222
A_PB2	1487	18	T	0	0	18	33.5555555555556
A_PB2	1488	18	G	0	0	18	32.6666666666667
A_PB2	1489	18	A	0	0	18	33.8333333333333
A_PB2	1490	18	G	0	0	18	35.7222222222222
A_PB2	1491	18	T	0	0	17	40.5294117647059
A_PB2	1492	18	A	0	0	18	38.3333333333333
A_PB2	1493	18	T	0	0	18	38.1111111111111
A_PB2	1494	18	T	0	0	17	37.4705882352941
A_PB2	1495	18	G	0	0	17	36.8235294117647
A_PB2	1496	18	A	0	0	18	35.8888888888889
A_PB2	1497	18	C	0	0	18	35.9444444444444
A_PB2	1498	18	C	0	0	17	36.6470588235294
A_PB2	1499	16	G	2	0	15	37.8
A_PB2	1500	18	A	0	0	18	34.3333333333333
A_PB2	1501	18	T	0	0	16	35.625
A_PB2	1502	18	T	0	0	18	33.6111111111111
A_PB2	1503	18	T	0	0	18	34.8333333333333
A_PB2	1504	18	T	0	0	18	40.0555555555556
A_PB2	1505	18	T	0	0	18	39.8333333333333
A_PB2	1506	18	G	0	0	18	39.1666666666667
A_PB2	1507	18	A	0	0	18	37.8888888888889
A_PB2	1508	18	G	0	0	18	39.5
A_PB2	1509	18	G	0	0	18	36.1111111111111
A_PB2	1510	18	G	0	0	18	36.7222222222222
A_PB2	1511	18	T	0	0	18	38.6666666666667
A_PB2	1512	18	T	0	0	18	39.7222222222222
A_PB2	1513	18	A	0	0	18	38.2222222222222
A_PB2	1514	18	G	0	0	18	38
A_PB2	1515	18	A	0	0	18	36.9444444444444
A_PB2	1516	18	G	0	0	18	37.3888888888889
A_PB2	1517	18	A	0	0	18	37.1111111111111
A_PB2	1518	18	T	0	0	18	38.2222222222222
A_PB2	1519	18	C	0	0	18	36.7777777777778
A_PB2	1520	18	A	0	0	18	35.9444444444444
A_PB2	1521	18	A	0	0	18	35.3888888888889
A_PB2	1522	18	A	0	0	18	35.7222222222222
A_PB2	1523	18	G	0	0	18	35.7777777777778
A_PB2	1524	18	A	0	0	18	38.7777777777778
A_PB2	1525	18	G	0	0	18	37.0555555555556
A_PB2	1526	18	G	0	0	18	36.8888888888889
A_PB2	1527	18	A	0	0	17	40.4117647058824
A_PB2	1528	18	A	0	0	18	39.5
A_PB2	1529	18	A	0	0	18	38.3888888888889
A_PB2	1530	18	C	0	0	18	39.2777777777778
A_PB2	1531	18	G	0	0	17	38.2352941176471
A_PB2	1532	18	T	0	0	18	37.0555555555556
A_PB2	1533	18	A	0	0	18	36.7222222222222
A_PB2	1534	18	C	0	0	17	37.5882352941176
A_PB2	1535	18	T	0	0	17	38.5882352941176
A_PB2	1536	18	A	0	0	18	38.3333333333333
A_PB2	1537	18	T	0	0	18	36.1111111111111
A_PB2	1538	18	T	0	0	18	38.2222222222222
A_PB2	1539	18	G	0	0	18	39.2777777777778
A_PB2	1540	18	T	0	0	17	40.4117647058824
A_PB2	1541	18	C	0	0	18	38.8888888888889
A_PB2	1542	18	T	0	0	18	38.8888888888889
A_PB2	1543	18	C	0	0	18	38.7222222222222
A_PB2	1544	18	C	0	0	18	38.7222222222222
A_PB2	1545	18	T	0	0	18	40.1111111111111
A_PB2	1546	18	G	0	0	18	39
A_PB2	1547	18	A	0	0	18	41.3333333333333
A_PB2	1548	18	A	0	0	18	38.2777777777778
A_PB2	1549	18	G	0	0	18	37.4444444444444
A_PB2	1550	18	A	0	0	18	36.8888888888889
A_PB2	1551	18	A	0	0	18	36.1666666666667
A_PB2	1552	18	G	0	0	18	36.3333333333333
A_PB2	1553	18	T	0	0	18	35.6666666666667
A_PB2	1554	18	C	0	0	18	36.4444444444444
A_PB2	1555	18	A	0	0	18	36.7777777777778
A_PB2	1556	18	G	0	0	18	36.8888888888889
A_PB2	1557	18	T	0	0	18	36.2777777777778
A_PB2	1558	18	G	0	0	18	36.7777777777778
A_PB2	1559	18	A	0	0	18	36.8333333333333
A_PB2	1560	18	A	0	0	18	38.3333333333333
A_PB2	1561	18	A	0	0	18	35.7777777777778
A_PB2	1562	18	C	0	0	18	34.5555555555556
A_PB2	1563	18	G	0	0	18	34.6666666666667
A_PB2	1564	18	C	0	0	18	34.5
A_PB2	1565	18	A	0	0	18	32.8333333333333
A_PB2	1566	18	A	0	0	18	33.3888888888889
A_PB2	1567	18	G	0	0	18	35.2777777777778
A_PB2	1568	18	G	0	0	18	36.8333333333333
A_PB2	1569	18	A	0	0	18	35.3888888888889
A_PB2	1570	18	A	0	0	18	34.1111111111111
A_PB2	1571	18	C	0	0	18	36.6666666666667
A_PB2	1572	18	T	0	0	18	36.4444444444444
A_PB2	1573	18	G	0	0	18	35.5555555555556
A_PB2	1574	18	A	0	0	18	35.3888888888889
A_PB2	1575	18	G	0	0	18	35.5555555555556
A_PB2	1576	18	A	0	0	18	35.1111111111111
A_PB2	1577	18	A	0	0	18	35.1111111111111
A_PB2	1578	18	G	0	0	18	36.7222222222222
A_PB2	1579	18	T	0	0	18	36.7222222222222
A_PB2	1580	18	T	0	0	18	35.8333333333333
A_PB2	1581	18	G	0	0	18	36.6666666666667
A_PB2	1582	18	A	0	0	18	34.7222222222222
A_PB2	1583	18	C	0	0	18	33
A_PB2	1584	18	A	0	0	18	34.4444444444444
A_PB2	1585	18	A	0	0	18	35.1111111111111
A_PB2	1586	18	T	0	0	17	35.5294117647059
A_PB2	1587	18	A	0	0	18	37.2222222222222
A_PB2	1588	18	A	0	0	18	37.2222222222222
A_PB2	1589	18	C	0	0	18	38.7777777777778
A_PB2	1590	18	T	0	0	18	37
A_PB2	1591	18	T	0	0	17	39.2352941176471
A_PB2	1592	18	A	0	0	18	38.3888888888889
A_PB2	1593	18	T	0	0	18	39.1666666666667
A_PB2	1594	18	T	0	0	17	40.2352941176471
A_PB2	1595	18	C	0	0	18	37.3888888888889
A_PB2	1596	18	G	0	0	18	36.7222222222222
A_PB2	1597	18	T	0	0	18	36.7777777777778
A_PB2	1598	18	C	0	0	18	36.4444444444444
A_PB2	1599	18	A	0	0	18	33.7222222222222
A_PB2	1600	18	T	0	0	18	34.3333333333333
A_PB2	1601	18	C	0	0	18	36.4444444444444
A_PB2	1602	18	A	0	0	18	37.3888888888889
A_PB2	1603	18	A	0	0	18	35.2777777777778
A_PB2	1604	18	T	0	0	18	36.5555555555556
A_PB2	1605	18	G	0	0	18	37.9444444444444
A_PB2	1606	18	A	0	0	18	37.9444444444444
A_PB2	1607	18	T	0	0	18	39.3333333333333
A_PB2	1608	18	G	0	0	18	36.8333333333333
A_PB2	1609	18	T	0	0	18	37.4444444444444
A_PB2	1610	18	G	0	0	18	37.1666666666667
A_PB2	1611	18	G	0	0	18	37.4444444444444
A_PB2	1612	18	G	0	0	18	37.4444444444444
A_PB2	1613	18	A	0	0	17	36.8235294117647
A_PB2	1614	18	A	0	0	18	38.7222222222222
A_PB2	1615	18	A	0	0	18	36.1666666666667
A_PB2	1616	18	T	0	0	18	35.1666666666667
A_PB2	1617	18	C	0	0	18	34.3888888888889
A_PB2	1618	18	A	0	0	18	34
A_PB2	1619	18	A	0	0	18	35.5555555555556
A_PB2	1620	18	C	0	0	18	34.2777777777778
A_PB2	1621	18	G	0	0	18	32.8888888888889
A_PB2	1622	18	G	0	0	18	34.7777777777778
A_PB2	1623	18	C	0	0	18	34.7222222222222
A_PB2	1624	18	C	0	0	18	35.5555555555556
A_PB2	1625	18	C	0	0	18	33.5555555555556
A_PB2	1626	18	T	0	0	17	34
A_PB2	1627	18	G	0	0	17	34.6470588235294
A_PB2	1628	18	A	0	0	18	38.7222222222222
A_PB2	1629	18	G	0	0	18	36.1111111111111
A_PB2	1630	18	T	0	0	18	38.1666666666667
A_PB2	1631	18	C	0	0	18	39.7777777777778
A_PB2	1632	18	A	0	0	18	37.8333333333333
A_PB2	1633	17	G	1	0	17	38
A_PB2	1634	18	T	0	0	18	40.1111111111111
A_PB2	1635	18	G	0	0	18	39.3333333333333
A_PB2	1636	18	C	0	0	18	39.5
A_PB2	1637	18	T	0	0	18	40.0555555555556
A_PB2	1638	18	A	0	0	18	39.2222222222222
A_PB2	1639	18	G	0	0	18	40.1111111111111
A_PB2	1640	18	T	0	0	18	38.5
A_PB2	1641	18	C	0	0	18	38.2222222222222
A_PB2	1642	18	A	0	0	18	36.6666666666667
A_PB2	1643	18	A	0	0	18	39.2777777777778
A_PB2	1644	18	C	0	0	18	37.9444444444444
A_PB2	1645	18	A	0	0	18	39.1666666666667
A_PB2	1646	18	C	0	0	18	37.6111111111111
A_PB2	1647	18	T	0	0	18	38
A_PB2	1648	18	T	0	0	18	36.7222222222222
A_PB2	1649	18	A	0	0	18	37.3888888888889
A_PB2	1650	18	T	0	0	18	38.1111111111111
A_PB2	1651	18	C	0	0	18	36.8888888888889
A_PB2	1652	18	A	0	0	18	39.3888888888889
A_PB2	1653	18	A	0	0	18	40.5555555555556
A_PB2	1654	18	T	0	0	18	39.6111111111111
A_PB2	1655	18	G	0	0	18	39.9444444444444
A_PB2	1656	18	G	0	0	18	39.3333333333333
A_PB2	1657	18	A	0	0	18	39.7222222222222
A_PB2	1658	18	T	0	0	18	39.6666666666667
A_PB2	1659	18	A	0	0	18	35.6111111111111
A_PB2	1660	18	A	0	0	18	34.5555555555556
A_PB2	1661	18	T	0	0	18	38.3333333333333
A_PB2	1662	18	A	0	0	18	41.3333333333333
A_PB2	1663	18	A	0	0	18	36.6111111111111
A_PB2	1664	18	G	0	0	17	39
A_PB2	1665	18	A	0	0	18	39.2222222222222
A_PB2	1666	18	A	0	0	18	37.2777777777778
A_PB2	1667	18	A	0	0	18	37.3333333333333
A_PB2	1668	18	C	0	0	18	34.5555555555556
A_PB2	1669	18	T	0	0	18	34.8888888888889
A_PB2	1670	16	G	2	0	16	33.5625
A_PB2	1671	18	G	0	0	18	34.7222222222222
A_PB2	1672	18	G	0	0	18	36
A_PB2	1673	18	A	0	0	18	39.1111111111111
A_PB2	1674	18	A	0	0	18	39.8333333333333
A_PB2	1675	18	A	0	0	18	40.7777777777778
A_PB2	1676	18	T	0	0	18	39.7777777777778
A_PB2	1677	18	T	0	0	18	42
A_PB2	1678	18	G	0	0	18	40.8333333333333
A_PB2	1679	18	T	0	0	17	41.8823529411765
A_PB2	1680	18	G	0	0	17	42.7058823529412
A_PB2	1681	18	A	0	0	18	42.6666666666667
A_PB2	1682	18	A	0	0	18	40.2222222222222
A_PB2	1683	18	A	0	0	18	40.7222222222222
A_PB2	1684	18	A	0	0	18	43
A_PB2	1685	18	T	0	0	18	42.7222222222222
A_PB2	1686	18	T	0	0	18	42.7222222222222
A_PB2	1687	18	C	0	0	18	41.1111111111111
A_PB2	1688	18	A	0	0	18	41.8888888888889
A_PB2	1689	18	A	0	0	18	41.8333333333333
A_PB2	1690	18	T	0	0	18	40.3888888888889
A_PB2	1691	18	G	0	0	18	40.1111111111111
A_PB2	1692	18	G	0	0	18	40.1111111111111
A_PB2	1693	18	T	0	0	18	41
A_PB2	1694	18	C	0	0	18	42.0555555555556
A_PB2	1695	18	A	0	0	18	40.6111111111111
A_PB2	1696	18	C	0	0	18	40.6111111111111
A_PB2	1697	17	A	1	0	17	41.4705882352941
A_PB2	1698	18	A	0	0	18	39.6666666666667
A_PB2	1699	18	G	0	0	18	37.0555555555556
A_PB2	1700	18	A	0	0	18	36.7777777777778
A_PB2	1701	18	C	0	0	18	37.0555555555556
A_PB2	1702	18	C	0	0	18	36.3888888888889
A_PB2	1703	18	C	0	0	18	38.2777777777778
A_PB2	1704	18	C	0	0	18	37.2222222222222
A_PB2	1705	18	A	0	0	17	39.2352941176471
A_PB2	1706	18	C	0	0	18	38.6111111111111
A_PB2	1707	17	A	1	0	17	39.8235294117647
A_PB2	1708	17	A	1	0	17	39.8823529411765
A_PB2	1709	18	T	0	0	17	41.2941176470588
A_PB2	1710	18	G	0	0	18	36.7777777777778
A_PB2	1711	18	T	0	0	18	36.7777777777778
A_PB2	1712	18	T	0	0	17	40.7058823529412
A_PB2	1713	18	A	0	0	17	37.5882352941176
A_PB2	1714	18	T	0	0	18	37.2222222222222
A_PB2	1715	18	A	0	0	18	36.3888888888889
A_PB2	1716	18	C	0	0	18	37
A_PB2	1717	18	A	0	0	18	36.6666666666667
A_PB2	1718	18	A	0	0	18	37.8333333333333
A_PB2	1719	18	C	0	0	18	37.2777777777778
A_PB2	1720	18	A	0	0	18	36.6111111111111
A_PB2	1721	18	A	0	0	18	37.8333333333333
A_PB2	1722	18	A	0	0	18	37.6111111111111
A_PB2	1723	18	A	0	0	18	37.5
A_PB2	1724	18	T	0	0	18	38.8333333333333
A_PB2	1725	18	G	0	0	18	39.2777777777778
A_PB2	1726	18	G	0	0	18	38.9444444444444
A_PB2	1727	18	A	0	0	18	39.2222222222222
A_PB2	1728	18	A	0	0	18	39.3888888888889
A_PB2	1729	18	T	0	0	18	38.5
A_PB2	1730	18	T	0	0	18	38.5
A_PB2	1731	18	T	0	0	18	37.2777777777778
A_PB2	1732	18	G	0	0	18	35
A_PB2	1733	18	A	0	0	18	35.8333333333333
A_PB2	1734	18	A	0	0	18	33.5555555555556
A_PB2	1735	18	C	0	0	18	32.2777777777778
A_PB2	1736	18	C	0	0	18	32.6666666666667
A_PB2	1737	18	A	0	0	18	33.2222222222222
A_PB2	1738	18	T	0	0	18	33.7777777777778
A_PB2	1739	18	T	0	0	18	33.1666666666667
A_PB2	1740	18	T	0	0	18	34.7222222222222
A_PB2	1741	18	C	0	0	18	35.0555555555556
A_PB2	1742	18	A	0	0	18	34.0555555555556
A_PB2	1743	18	A	0	0	18	34.1666666666667
A_PB2	1744	18	T	0	0	18	34.8888888888889
A_PB2	1745	17	C	1	0	17	35.1176470588235
A_PB2	1746	18	T	0	0	18	36.0555555555556
A_PB2	1747	18	C	0	0	18	36.5
A_PB2	1748	18	T	0	0	18	37.2777777777778
A_PB2	1749	18	T	0	0	18	35.4444444444444
A_PB2	1750	18	G	0	0	18	35.5555555555556
A_PB2	1751	18	T	0	0	18	35.8888888888889
A_PB2	1752	18	T	0	0	18	36.2777777777778
A_PB2	1753	18	C	0	0	18	34.6666666666667
A_PB2	1754	18	C	0	0	18	34.3333333333333
A_PB2	1755	18	T	0	0	18	35.8333333333333
A_PB2	1756	17	A	1	0	17	36.9411764705882
A_PB2	1757	17	A	1	0	17	38.2352941176471
A_PB2	1758	17	G	1	0	17	41.2352941176471
A_PB2	1759	18	G	0	0	18	36.6111111111111
A_PB2	1760	18	C	0	0	17	39
A_PB2	1761	18	A	0	0	17	38.8235294117647
A_PB2	1762	18	A	0	0	18	37.1111111111111
A_PB2	1763	18	C	0	0	18	36.6111111111111
A_PB2	1764	18	C	0	0	18	38.6111111111111
A_PB2	1765	18	A	0	0	18	38.0555555555556
A_PB2	1766	18	G	0	0	17	39.1764705882353
A_PB2	1767	18	A	0	0	18	38.5
A_PB2	1768	18	A	0	0	18	37.1666666666667
A_PB2	1769	18	G	0	0	18	37.5
A_PB2	1770	17	C	1	0	17	39.0588235294118
A_PB2	1771	18	C	0	0	18	37.5555555555556
A_PB2	1772	18	G	0	0	17	38.5882352941176
A_PB2	1773	18	G	0	0	18	35.8888888888889
A_PB2	1774	18	T	0	0	18	35.2777777777778
A_PB2	1775	18	A	0	0	18	35.8333333333333
A_PB2	1776	18	C	0	0	18	35.4444444444444
A_PB2	1777	18	A	0	0	18	37.7777777777778
A_PB2	1778	18	G	0	0	18	36.3333333333333
A_PB2	1779	18	T	0	0	18	36.4444444444444
A_PB2	1780	18	G	0	0	18	36.2222222222222
A_PB2	1781	18	G	0	0	18	35.9444444444444
A_PB2	1782	18	A	0	0	18	37.7777777777778
A_PB2	1783	18	T	0	0	18	38.0555555555556
A_PB2	1784	18	T	0	0	18	38.8888888888889
A_PB2	1785	18	C	0	0	18	37.3333333333333
A_PB2	1786	18	G	0	0	18	36.8888888888889
A_PB2	1787	19	T	0	0	19	37.3157894736842
A_PB2	1788	19	A	0	0	19	35.3157894736842
A_PB2	1789	19	A	0	0	19	37.4210526315789
A_PB2	1790	19	G	0	0	19	37.7368421052632
A_PB2	1791	19	G	0	0	19	37.5263157894737
A_PB2	1792	23	A	0	0	22	38.5
A_PB2	1793	24	C	0	0	24	38.7916666666667
A_PB2	1794	26	A	0	0	26	38.7692307692308
A_PB2	1795	26	C	0	0	26	38.5769230769231
A_PB2	1796	27	T	0	0	27	38.8148148148148
A_PB2	1797	27	G	0	0	27	38.037037037037
A_PB2	1798	27	T	0	0	27	39.037037037037
A_PB2	1799	27	T	0	0	27	38.1481481481481
A_PB2	1800	26	C	1	0	26	37.8076923076923
A_PB2	1801	27	C	0	0	27	37.1111111111111
A_PB2	1802	27	A	0	0	27	37.4444444444444
A_PB2	1803	27	G	0	0	27	37.5555555555556
A_PB2	1804	27	C	0	0	26	37.5769230769231
A_PB2	1805	27	A	0	0	27	37.1111111111111
A_PB2	1806	27	A	0	0	27	36.8888888888889
A_PB2	1807	27	A	0	0	27	37.1481481481481
A_PB2	1808	27	T	0	0	27	37.2222222222222
A_PB2	1809	27	G	0	0	27	37.5555555555556
A_PB2	1810	27	A	0	0	26	36.9230769230769
A_PB2	1811	27	G	0	0	27	34.962962962963
A_PB2	1812	27	G	0	0	27	35.4814814814815
A_PB2	1813	27	G	0	0	27	37.8518518518519
A_PB2	1814	27	A	0	0	27	38
A_PB2	1815	27	T	0	0	27	38.3703703703704
A_PB2	1816	27	G	0	0	27	39.2962962962963
A_PB2	1817	27	T	0	0	27	38.3333333333333
A_PB2	1818	33	A	0	0	33	38.5454545454545
A_PB2	1819	33	C	0	0	32	38.1875
A_PB2	1820	33	T	0	0	32	38.25
A_PB2	1821	33	T	0	0	33	37.3939393939394
A_PB2	1822	32	G	1	0	32	39
A_PB2	1823	33	G	0	0	33	38
A_PB2	1824	33	G	0	0	33	38.7878787878788
A_PB2	1825	33	A	0	0	33	38.7272727272727
A_PB2	1826	33	C	0	0	33	40.2727272727273
A_PB2	1827	33	A	0	0	33	39.3636363636364
A_PB2	1828	33	T	0	0	33	39.7878787878788
A_PB2	1829	33	T	0	0	33	39.3333333333333
A_PB2	1830	33	T	0	0	33	40.7878787878788
A_PB2	1831	33	G	0	0	33	39.8181818181818
A_PB2	1832	33	A	0	0	33	40.6969696969697
A_PB2	1833	33	C	0	0	33	40
A_PB2	1834	33	A	0	0	33	39.3030303030303
A_PB2	1835	33	C	0	0	33	39.1818181818182
A_PB2	1836	33	T	0	0	33	39.2424242424242
A_PB2	1837	33	G	0	0	33	39.3030303030303
A_PB2	1838	33	T	0	0	33	39.6060606060606
A_PB2	1839	33	C	0	0	33	39.7272727272727
A_PB2	1840	33	C	0	0	33	40.3333333333333
A_PB2	1841	33	A	0	0	32	38.875
A_PB2	1842	33	A	0	0	33	39.4545454545455
A_PB2	1843	33	A	0	0	33	38.5151515151515
A_PB2	1844	33	T	0	0	33	39.969696969697
A_PB2	1845	33	A	0	0	33	39.7575757575758
A_PB2	1846	33	A	0	0	33	40.5454545454545
A_PB2	1847	33	T	0	0	33	38.6060606060606
A_PB2	1848	33	A	0	0	33	38.4848484848485
A_PB2	1849	33	A	0	0	33	39.1212121212121
A_PB2	1850	33	A	0	0	33	40.3030303030303
A_PB2	1851	36	A	0	0	36	39.3888888888889
A_PB2	1852	36	C	0	0	36	37.9444444444444
A_PB2	1853	36	T	0	0	36	36.8611111111111
A_PB2	1854	36	T	0	0	36	36.0555555555556
A_PB2	1855	36	C	0	0	36	36.4166666666667
A_PB2	1856	36	T	0	0	36	35.8333333333333
A_PB2	1857	36	C	0	0	36	35.4722222222222
A_PB2	1858	36	C	0	0	36	37.9166666666667
A_PB2	1859	36	C	0	0	36	38.8055555555556
A_PB2	1860	36	C	0	0	36	37.0277777777778
A_PB2	1861	34	T	2	0	34	39.9705882352941
A_PB2	1862	35	T	1	0	35	39.5142857142857
A_PB2	1863	35	T	1	0	35	37.1714285714286
A_PB2	1864	35	G	1	0	35	32.5714285714286
A_PB2	1865	35	C	1	0	35	34.8571428571429
A_PB2	1866	35	C	1	0	35	38.9428571428571
A_PB2	1867	36	G	0	0	36	38.6944444444444
A_PB2	1868	36	C	0	0	36	39.6666666666667
A_PB2	1869	36	T	0	0	36	39.9166666666667
A_PB2	1870	36	G	0	0	36	39.6944444444444
A_PB2	1871	36	C	0	0	36	41.2777777777778
A_PB2	1872	36	T	0	0	36	41.6388888888889
A_PB2	1873	36	C	0	0	36	40.6111111111111
A_PB2	1874	36	C	0	0	36	38.8611111111111
A_PB2	1875	36	A	0	0	36	38.1111111111111
A_PB2	1876	36	C	0	0	36	37.7777777777778
A_PB2	1877	36	C	0	0	36	38.5555555555556
A_PB2	1878	36	A	0	0	36	37.4166666666667
A_PB2	1879	36	G	0	0	36	38.5833333333333
A_PB2	1880	36	A	0	0	36	38.8888888888889
A_PB2	1881	36	A	0	0	36	39.1388888888889
A_PB2	1882	36	C	0	0	36	39.0833333333333
A_PB2	1883	36	A	0	0	36	38.75
A_PB2	1884	36	G	0	0	36	37.6944444444444
A_PB2	1885	37	A	0	0	37	37.4324324324324
A_PB2	1886	37	G	0	0	37	37.972972972973
A_PB2	1887	37	C	0	0	37	38.4054054054054
A_PB2	1888	37	A	0	0	37	38.7837837837838
A_PB2	1889	40	G	0	0	40	37.9
A_PB2	1890	40	G	0	0	40	38.725
A_PB2	1891	40	A	0	0	40	39.15
A_PB2	1892	40	T	0	0	40	39.2
A_PB2	1893	40	G	0	0	40	39.95
A_PB2	1894	40	C	0	0	40	40.5
A_PB2	1895	41	A	0	0	41	39.4146341463415
A_PB2	1896	44	A	0	0	44	40.4772727272727
A_PB2	1897	43	T	1	0	43	40.2093023255814
A_PB2	1898	42	T	2	0	42	39.5
A_PB2	1899	42	C	2	0	42	37
A_PB2	1900	43	T	1	0	43	36.953488372093
A_PB2	1901	43	C	1	0	43	36.5813953488372
A_PB2	1902	43	T	1	0	43	36.4651162790698
A_PB2	1903	44	T	0	0	44	36.9090909090909
A_PB2	1904	46	C	0	0	46	37.2826086956522
A_PB2	1905	46	A	0	0	46	36.9782608695652
A_PB2	1906	46	T	0	0	46	39.0652173913044
A_PB2	1907	46	T	0	0	46	39.5652173913044
A_PB2	1908	46	A	0	0	46	40.4130434782609
A_PB2	1909	46	A	0	0	46	41.2173913043478
A_PB2	1910	46	C	0	0	46	41.195652173913
A_PB2	1911	46	T	0	0	46	41.8913043478261
A_PB2	1912	46	G	0	0	46	41.5217391304348
A_PB2	1913	46	T	0	0	46	41.5869565217391
A_PB2	1914	46	G	0	0	46	41.4565217391304
A_PB2	1915	46	A	0	0	46	41.1086956521739
A_PB2	1916	46	A	0	0	46	41.7173913043478
A_PB2	1917	46	T	0	0	46	42.1086956521739
A_PB2	1918	46	G	0	0	46	41.7391304347826
A_PB2	1919	46	T	0	0	46	42.7608695652174
A_PB2	1920	46	G	0	0	46	41.804347826087
A_PB2	1921	46	A	0	0	46	42.2608695652174
A_PB2	1922	46	G	0	0	46	40.1739130434783
A_PB2	1923	46	A	0	0	46	39.2391304347826
A_PB2	1924	46	G	0	0	46	37.8478260869565
A_PB2	1925	46	G	0	0	46	37.8913043478261
A_PB2	1926	46	A	0	0	46	37.4565217391304
A_PB2	1927	46	T	0	0	46	38.7391304347826
A_PB2	1928	46	C	0	0	46	37.304347826087
A_PB2	1929	46	A	0	0	46	38.1739130434783
A_PB2	1930	46	G	0	0	46	39
A_PB2	1931	46	G	0	0	46	40.7826086956522
A_PB2	1932	46	G	0	0	46	39.5434782608696
A_PB2	1933	46	T	0	0	46	39.7608695652174
A_PB2	1934	46	T	0	0	46	40.8913043478261
A_PB2	1935	45	A	1	0	45	40.1777777777778
A_PB2	1936	46	A	0	0	45	39.0222222222222
A_PB2	1937	46	G	0	0	46	39.3260869565217
A_PB2	1938	46	G	0	0	45	40
A_PB2	1939	46	A	0	0	45	40.8888888888889
A_PB2	1940	47	T	0	0	47	40.8936170212766
A_PB2	1941	47	A	0	0	46	42.0434782608696
A_PB2	1942	46	C	1	0	45	39.6444444444444
A_PB2	1943	47	T	0	0	47	39.2553191489362
A_PB2	1944	47	G	0	0	47	39.7021276595745
A_PB2	1945	47	G	0	0	47	38.8723404255319
A_PB2	1946	47	T	0	0	47	40.468085106383
A_PB2	1947	46	A	1	0	46	41.6304347826087
A_PB2	1948	47	A	0	0	47	41.8723404255319
A_PB2	1949	47	G	0	0	46	41.2173913043478
A_PB2	1950	47	A	0	0	47	40.7446808510638
A_PB2	1951	47	G	0	0	47	41
A_PB2	1952	47	G	0	0	47	41.1063829787234
A_PB2	1953	46	C	1	0	46	41.7826086956522
A_PB2	1954	46	A	1	0	46	40.2391304347826
A_PB2	1955	46	A	1	0	46	40.2608695652174
A_PB2	1956	47	T	0	0	46	41.2173913043478
A_PB2	1957	47	T	0	0	47	41.1063829787234
A_PB2	1958	47	C	0	0	46	40.8913043478261
A_PB2	1959	47	T	0	0	47	40.5531914893617
A_PB2	1960	47	C	0	0	47	40.2978723404255
A_PB2	1961	47	C	0	0	47	40.2765957446809
A_PB2	1962	47	A	0	0	47	39.5957446808511
A_PB2	1963	47	G	0	0	47	38.8936170212766
A_PB2	1964	47	T	0	0	47	39.531914893617
A_PB2	1965	47	A	0	0	47	40.7446808510638
A_PB2	1966	47	T	0	0	47	41.3191489361702
A_PB2	1967	47	T	0	0	47	42.468085106383
A_PB2	1968	47	C	0	0	46	42.0869565217391
A_PB2	1969	47	A	0	0	47	42.1276595744681
A_PB2	1970	47	A	0	0	47	42.1063829787234
A_PB2	1971	47	T	0	0	47	41.8510638297872
A_PB2	1972	47	T	0	0	47	41.8297872340426
A_PB2	1973	47	A	0	0	47	41.3404255319149
A_PB2	1974	50	T	0	0	50	41.66
A_PB2	1975	50	A	0	0	50	39.72
A_PB2	1976	50	A	0	0	50	40.92
A_PB2	1977	50	C	0	0	50	41.4
A_PB2	1978	50	A	0	0	50	40.54
A_PB2	1979	51	A	0	0	51	40.7450980392157
A_PB2	1980	51	G	0	0	51	40.0588235294118
A_PB2	1981	51	G	0	0	51	40.0980392156863
A_PB2	1982	51	C	0	0	51	39.9411764705882
A_PB2	1983	51	A	0	0	51	39.1176470588235
A_PB2	1984	51	A	0	0	51	38.921568627451
A_PB2	1985	51	C	0	0	51	39.5882352941176
A_PB2	1986	51	C	0	0	50	38.08
A_PB2	1987	51	A	0	0	51	38.8235294117647
A_PB2	1988	51	A	0	0	51	39.0980392156863
A_PB2	1989	51	A	0	0	51	38.8627450980392
A_PB2	1990	51	C	0	0	51	38.6862745098039
A_PB2	1991	51	G	0	0	51	36.8235294117647
A_PB2	1992	51	A	0	0	51	36.9019607843137
A_PB2	1993	51	C	0	0	51	36.1372549019608
A_PB2	1994	51	T	0	0	51	36.0588235294118
A_PB2	1995	55	T	0	0	55	36.4545454545455
A_PB2	1996	55	A	0	0	55	36.7818181818182
A_PB2	1997	55	C	0	0	55	37.1090909090909
A_PB2	1998	55	G	0	0	55	36.4727272727273
A_PB2	1999	56	A	0	0	56	37.5178571428571
A_PB2	2000	56	T	0	0	56	37.6785714285714
A_PB2	2001	56	T	0	0	56	38.3035714285714
A_PB2	2002	55	C	1	0	55	38.3818181818182
A_PB2	2003	56	T	0	0	55	37.7454545454545
A_PB2	2004	56	T	0	0	56	37.125
A_PB2	2005	56	G	0	0	56	35.9285714285714
A_PB2	2006	57	G	0	0	57	36.9298245614035
A_PB2	2007	57	A	0	0	57	38.3157894736842
A_PB2	2008	57	A	0	0	56	39.2321428571429
A_PB2	2009	57	A	0	0	57	40.6315789473684
A_PB2	2010	57	G	0	0	57	40.3508771929825
A_PB2	2011	57	G	0	0	57	41.4210526315789
A_PB2	2012	57	A	0	0	57	40.3684210526316
A_PB2	2013	65	T	0	0	65	40.5538461538462
A_PB2	2014	68	G	0	0	68	39.5
A_PB2	2015	68	C	0	0	68	40.1911764705882
A_PB2	2016	68	A	0	0	68	39.3529411764706
A_PB2	2017	68	G	0	0	68	40.0588235294118
A_PB2	2018	68	G	0	0	68	39.4852941176471
A_PB2	2019	68	T	0	0	68	39.7205882352941
A_PB2	2020	68	G	0	0	68	39.6911764705882
A_PB2	2021	68	C	0	0	68	41.8676470588235
A_PB2	2022	68	A	0	0	68	41.0147058823529
A_PB2	2023	68	T	0	0	68	41.1176470588235
A_PB2	2024	68	T	0	0	68	41.4411764705882
A_PB2	2025	68	G	0	0	66	40.3636363636364
A_PB2	2026	68	A	0	0	68	39.7058823529412
A_PB2	2027	68	C	0	0	68	39.9558823529412
A_PB2	2028	68	T	0	0	68	39.4852941176471
A_PB2	2029	67	G	1	0	66	39.1818181818182
A_PB2	2030	67	A	1	0	67	39.910447761194
A_PB2	2031	67	A	1	0	67	40.2089552238806
A_PB2	2032	67	G	1	0	67	39.6716417910448
A_PB2	2033	68	A	0	0	68	40.0147058823529
A_PB2	2034	68	T	0	0	68	40.4117647058824
A_PB2	2035	68	C	0	0	68	39.9264705882353
A_PB2	2036	68	C	0	0	68	40.1617647058824
A_PB2	2037	92	A	0	0	92	38.9130434782609
A_PB2	2038	92	G	0	0	92	38.5326086956522
A_PB2	2039	92	A	0	0	91	38.5604395604396
A_PB2	2040	92	T	0	0	91	39.5164835164835
A_PB2	2041	92	G	0	0	91	39.2967032967033
A_PB2	2042	92	A	0	0	92	39.4021739130435
A_PB2	2043	92	A	0	0	92	38.9891304347826
A_PB2	2044	92	G	0	0	92	39.8913043478261
A_PB2	2045	92	G	0	0	92	40.4782608695652
A_PB2	2046	92	C	0	0	92	38.9565217391304
A_PB2	2047	101	A	0	0	101	38.3663366336634
A_PB2	2048	101	C	0	0	101	38.1782178217822
A_PB2	2049	101	A	0	0	101	38.3663366336634
A_PB2	2050	101	T	0	0	101	39.019801980198
A_PB2	2051	101	C	0	0	101	38.8613861386139
A_PB2	2052	101	T	0	0	101	39.2970297029703
A_PB2	2053	100	G	1	0	99	38.8383838383838
A_PB2	2054	101	G	0	0	101	38.4653465346535
A_PB2	2055	101	G	0	0	101	38.4356435643564
A_PB2	2056	100	G	1	0	100	38.41
A_PB2	2057	100	T	1	0	100	38.77
A_PB2	2058	101	G	0	0	100	38.91
A_PB2	2059	101	G	0	0	101	38.1188118811881
A_PB2	2060	101	A	0	0	101	37.5148514851485
A_PB2	2061	101	G	0	0	101	37.2673267326733
A_PB2	2062	101	T	0	0	101	37.9009900990099
A_PB2	2063	101	C	0	0	101	36.3168316831683
A_PB2	2064	101	T	0	0	101	37.2475247524753
A_PB2	2065	102	G	0	0	102	37.3921568627451
A_PB2	2066	102	C	0	0	102	37.5980392156863
A_PB2	2067	102	T	0	0	101	38.6435643564356
A_PB2	2068	102	G	0	0	102	38.4509803921569
A_PB2	2069	102	T	0	0	102	38.1470588235294
A_PB2	2070	102	C	0	0	102	36.8137254901961
A_PB2	2071	102	C	0	0	102	36.7941176470588
A_PB2	2072	102	T	0	0	102	35.0882352941176
A_PB2	2073	100	G	2	0	100	33.73
A_PB2	2074	102	A	0	0	102	34.3823529411765
A_PB2	2075	99	G	3	0	99	35.1919191919192
A_PB2	2076	102	G	0	0	102	35.078431372549
A_PB2	2077	101	G	1	0	101	38.4257425742574
A_PB2	2078	101	G	1	0	101	39.039603960396
A_PB2	2079	101	A	1	0	100	38.47
A_PB2	2080	101	T	1	0	101	39
A_PB2	2081	101	T	1	0	101	38.2475247524753
A_PB2	2082	100	C	2	0	100	38.81
A_PB2	2083	101	C	1	0	101	39.1584158415842
A_PB2	2084	101	T	1	0	101	39.2673267326733
A_PB2	2085	102	C	0	0	100	38.32
A_PB2	2086	80	A	22	0	78	38.4487179487179
A_PB2	2087	80	T	22	0	79	38.2784810126582
A_PB2	2088	80	T	22	0	79	38.1012658227848
A_PB2	2089	80	T	22	0	79	38.1518987341772
A_PB2	2090	79	T	23	0	78	37.8589743589744
A_PB2	2091	78	A	24	0	78	36.9871794871795
A_PB2	2092	78	G	24	0	78	37.8717948717949
A_PB2	2093	78	G	24	0	78	37.7307692307692
A_PB2	2094	79	C	23	0	78	37.6794871794872
A_PB2	2095	79	A	23	0	79	37.4303797468354
A_PB2	2096	78	A	24	0	78	37.8846153846154
A_PB2	2097	80	A	23	0	80	38.3125
A_PB2	2098	80	G	23	0	80	38.05
A_PB2	2099	80	A	23	0	79	39.8860759493671
A_PB2	2100	80	A	23	0	80	39.8125
A_PB2	2101	80	G	23	0	80	40.6
A_PB2	2102	79	A	24	0	79	41.0886075949367
A_PB2	2103	79	C	24	0	79	39.8607594936709
A_PB2	2104	78	A	25	0	78	40.4615384615385
A_PB2	2105	79	A	24	0	78	39.2820512820513
A_PB2	2106	79	G	24	0	79	39.4683544303797
A_PB2	2107	79	A	24	0	79	38.8354430379747
A_PB2	2108	79	G	24	0	79	38.8101265822785
A_PB2	2109	79	G	24	0	79	39.253164556962
A_PB2	2110	79	T	25	0	79	39.8860759493671
A_PB2	2111	97	A	7	0	96	39.4791666666667
A_PB2	2112	97	T	7	0	97	39.7835051546392
A_PB2	2113	97	G	7	0	97	39.020618556701
A_PB2	2114	97	G	7	0	96	39.7708333333333
A_PB2	2115	97	C	7	0	96	38.9791666666667
A_PB2	2116	97	C	7	0	97	39.8247422680412
A_PB2	2117	98	C	6	0	97	39.4742268041237
A_PB2	2118	103	A	1	0	103	39.5825242718447
A_PB2	2119	103	G	1	0	103	39.7087378640777
A_PB2	2120	103	C	1	0	103	39.621359223301
A_PB2	2121	102	A	2	0	102	40.8039215686275
A_PB2	2122	102	T	2	0	102	40.6470588235294
A_PB2	2123	104	T	0	0	104	40.3076923076923
A_PB2	2124	104	A	0	0	104	39.3269230769231
A_PB2	2125	104	A	0	0	104	39.3365384615385
A_PB2	2126	104	G	0	0	104	38.8269230769231
A_PB2	2127	104	C	0	0	104	39.3461538461538
A_PB2	2128	104	A	0	0	104	38.7980769230769
A_PB2	2129	104	T	0	0	104	40.4230769230769
A_PB2	2130	104	C	0	0	104	39.6730769230769
A_PB2	2131	104	A	0	0	104	40.9903846153846
A_PB2	2132	104	A	0	0	104	40.3173076923077
A_PB2	2133	104	T	0	0	104	40.5288461538462
A_PB2	2134	104	G	0	0	104	40.3461538461538
A_PB2	2135	104	A	0	0	104	41.0384615384615
A_PB2	2136	104	A	0	0	104	41.0384615384615
A_PB2	2137	104	C	0	0	103	39.7961165048544
A_PB2	2138	104	T	0	0	103	39.6019417475728
A_PB2	2139	104	G	0	0	102	38.6176470588235
A_PB2	2140	104	A	0	0	104	38.3461538461538
A_PB2	2141	104	G	0	0	104	37.75
A_PB2	2142	104	C	0	0	103	38.4757281553398
A_PB2	2143	104	A	0	0	104	37.3942307692308
A_PB2	2144	104	A	0	0	104	37.5
A_PB2	2145	104	T	0	0	104	38.6153846153846
A_PB2	2146	104	C	0	0	104	38.1057692307692
A_PB2	2147	104	T	0	0	104	39.3557692307692
A_PB2	2148	104	T	0	0	104	40.4134615384615
A_PB2	2149	104	G	0	0	104	39.25
A_PB2	2150	104	C	0	0	104	39.3942307692308
A_PB2	2151	103	T	1	0	103	39.0873786407767
A_PB2	2152	104	A	1	0	103	38.621359223301
A_PB2	2153	105	A	0	0	105	39.8666666666667
A_PB2	2154	105	A	0	0	105	40.0285714285714
A_PB2	2155	105	G	0	0	105	39.7428571428571
A_PB2	2156	105	G	0	0	105	40.1714285714286
A_PB2	2157	105	A	0	0	105	40.352380952381
A_PB2	2158	106	G	0	0	106	40.0660377358491
A_PB2	2159	106	A	0	0	106	39.2735849056604
A_PB2	2160	106	G	0	0	106	39.6132075471698
A_PB2	2161	106	A	0	0	106	40.0660377358491
A_PB2	2162	106	A	0	0	106	41.5943396226415
A_PB2	2163	106	A	0	0	106	40.3962264150943
A_PB2	2164	106	G	0	0	106	39.8396226415094
A_PB2	2165	106	C	0	0	106	39.622641509434
A_PB2	2166	106	T	0	0	106	40.4811320754717
A_PB2	2167	105	A	1	0	105	40.5714285714286
A_PB2	2168	106	A	0	0	106	40.4622641509434
A_PB2	2169	106	T	0	0	106	40.9433962264151
A_PB2	2170	106	G	0	0	106	41.3207547169811
A_PB2	2171	106	T	0	0	106	41.3018867924528
A_PB2	2172	106	G	0	0	106	40.8490566037736
A_PB2	2173	106	C	0	0	106	40.5660377358491
A_PB2	2174	106	T	0	0	106	40.4150943396226
A_PB2	2175	106	A	0	0	106	39.2075471698113
A_PB2	2176	106	A	0	0	106	39.7830188679245
A_PB2	2177	106	T	0	0	106	39.7358490566038
A_PB2	2178	106	T	0	0	105	39.2857142857143
A_PB2	2179	105	G	1	0	105	38.3809523809524
A_PB2	2180	106	G	0	0	106	39.7924528301887
A_PB2	2181	111	G	0	0	111	38.7387387387387
A_PB2	2182	111	C	0	0	111	38.3243243243243
A_PB2	2183	112	A	0	0	112	36.5803571428571
A_PB2	2184	109	G	3	0	109	36.3119266055046
A_PB2	2185	113	G	0	0	112	35.9553571428571
A_PB2	2186	113	G	0	0	113	36.1238938053097
A_PB2	2187	112	G	1	0	112	38.1071428571429
A_PB2	2188	112	G	1	0	110	38.6545454545455
A_PB2	2189	112	A	1	0	111	38.954954954955
A_PB2	2190	112	C	1	0	111	38.8108108108108
A_PB2	2191	111	A	2	0	111	38.4594594594595
A_PB2	2192	112	T	1	0	112	38.8303571428571
A_PB2	2193	113	A	0	0	109	35.8440366972477
A_PB2	2194	113	G	0	0	111	36.009009009009
A_PB2	2195	113	T	0	0	112	34.8482142857143
A_PB2	2196	113	G	0	0	111	35.1801801801802
A_PB2	2197	113	T	0	0	112	35.2053571428571
A_PB2	2198	113	T	0	0	112	38.2232142857143
A_PB2	2199	113	G	0	0	113	38.1504424778761
A_PB2	2200	112	G	1	0	112	37.8839285714286
A_PB2	2201	112	T	1	0	112	38.3214285714286
A_PB2	2202	112	A	1	0	111	38.4954954954955
A_PB2	2203	112	A	1	0	112	38.9553571428571
A_PB2	2204	112	T	1	0	112	38.5535714285714
A_PB2	2205	113	G	0	0	113	37.3008849557522
A_PB2	2206	114	A	0	0	113	37.1681415929204
A_PB2	2207	114	A	0	0	114	38.640350877193
A_PB2	2208	114	A	0	0	114	38.859649122807
A_PB2	2209	114	C	0	0	114	38.1578947368421
A_PB2	2210	114	G	0	0	112	37.5714285714286
A_PB2	2211	113	A	1	0	113	36.0265486725664
A_PB2	2212	114	A	0	0	113	37.6814159292035
A_PB2	2213	114	A	0	0	114	37.1052631578947
A_PB2	2214	114	A	0	0	114	39.359649122807
A_PB2	2215	114	C	0	0	114	38.5789473684211
A_PB2	2216	113	G	1	0	113	37.8761061946903
A_PB2	2217	114	G	0	0	114	38.3859649122807
A_PB2	2218	114	G	0	0	113	37.1858407079646
A_PB2	2219	114	A	0	0	113	37.7079646017699
A_PB2	2220	113	C	1	0	113	37.3628318584071
A_PB2	2221	114	T	0	0	114	37.2368421052632
A_PB2	2222	114	C	0	0	113	37.646017699115
A_PB2	2223	114	T	0	0	114	37.4736842105263
A_PB2	2224	113	A	1	0	113	38.2389380530973
A_PB2	2225	114	G	1	0	114	39.1052631578947
A_PB2	2226	115	C	0	0	114	38.5350877192982
A_PB2	2227	115	A	0	0	115	38.7565217391304
A_PB2	2228	115	T	0	0	114	39.2105263157895
A_PB2	2229	115	A	0	0	114	39.3333333333333
A_PB2	2230	115	C	0	0	114	39.0789473684211
A_PB2	2231	115	T	0	0	115	38.8434782608696
A_PB2	2232	115	T	0	0	114	39.0438596491228
A_PB2	2233	115	A	0	0	115	37.4086956521739
A_PB2	2234	115	C	0	0	115	38.0521739130435
A_PB2	2235	115	T	0	0	114	37.8771929824561
A_PB2	2236	115	G	0	0	115	37.1478260869565
A_PB2	2237	114	A	1	0	113	37.6637168141593
A_PB2	2238	115	C	0	0	115	37.9478260869565
A_PB2	2239	115	A	0	0	115	38.104347826087
A_PB2	2240	115	G	0	0	115	38.6782608695652
A_PB2	2241	115	C	0	0	115	38.9913043478261
A_PB2	2242	115	C	0	0	115	38.495652173913
A_PB2	2243	115	A	0	0	115	38.1304347826087
A_PB2	2244	115	G	0	0	115	37.9826086956522
A_PB2	2245	115	A	0	0	115	38.2
A_PB2	2246	115	C	0	0	115	38.6173913043478
A_PB2	2247	115	A	0	0	113	37.9469026548673
A_PB2	2248	115	G	0	0	115	37.7913043478261
A_PB2	2249	115	C	0	0	115	38.0695652173913
A_PB2	2250	115	G	0	0	115	36.4695652173913
A_PB2	2251	115	A	0	0	115	36.7304347826087
A_PB2	2252	115	C	0	0	115	37.0086956521739
A_PB2	2253	115	C	0	0	114	36.7105263157895
A_PB2	2254	115	A	0	0	114	37
A_PB2	2255	115	A	0	0	115	37.9391304347826
A_PB2	2256	115	A	0	0	115	38.295652173913
A_PB2	2257	115	A	0	0	115	39.9217391304348
A_PB2	2258	115	G	0	0	115	40.6869565217391
A_PB2	2259	115	A	0	0	115	40.8347826086957
A_PB2	2260	115	A	0	0	115	40.5304347826087
A_PB2	2261	115	T	0	0	115	40.8782608695652
A_PB2	2262	115	T	0	0	115	40.2695652173913
A_PB2	2263	115	C	0	0	115	40.2695652173913
A_PB2	2264	115	G	0	0	115	39.6521739130435
A_PB2	2265	115	A	0	0	115	39.4782608695652
A_PB2	2266	115	A	0	0	115	39.2347826086957
A_PB2	2267	115	T	0	0	115	38.704347826087
A_PB2	2268	115	G	0	0	115	38.6434782608696
A_PB2	2269	115	G	0	0	115	39.4173913043478
A_PB2	2270	115	C	0	0	115	39.5391304347826
A_PB2	2271	114	C	0	0	114	38.8245614035088
A_PB2	2272	114	A	0	0	114	38.9122807017544
A_PB2	2273	114	T	0	0	114	39.6315789473684
A_PB2	2274	114	C	0	0	114	38.2017543859649
A_PB2	2275	114	A	0	0	114	38.3508771929825
A_PB2	2276	114	A	0	0	114	38.8333333333333
A_PB2	2277	114	T	0	0	114	39.6666666666667
A_PB2	2278	114	T	0	0	114	39.3421052631579
A_PB2	2279	114	A	0	0	114	39.1228070175439
A_PB2	2280	114	G	0	0	114	39.8684210526316
