Reference_Name	Position	Coverage Depth	Consensus	Deletions	Ambiguous	Consensus_Count	Consensus_Average_Quality
A_HA_H3	1	208	A	0	0	208	37.8269230769231
A_HA_H3	2	208	T	0	0	208	39.1057692307692
A_HA_H3	3	208	G	0	0	208	37.9423076923077
A_HA_H3	4	210	A	0	0	210	38.7714285714286
A_HA_H3	5	210	A	0	0	210	39.7904761904762
A_HA_H3	6	210	G	0	0	210	40.5571428571429
A_HA_H3	7	210	G	0	0	210	40.3047619047619
A_HA_H3	8	210	C	0	0	209	40.7607655502392
A_HA_H3	9	210	T	0	0	209	40.2631578947368
A_HA_H3	10	210	A	0	0	210	39.7190476190476
A_HA_H3	11	210	T	0	0	210	41.5809523809524
A_HA_H3	12	210	C	0	0	210	39.9761904761905
A_HA_H3	13	210	A	0	0	210	39.9095238095238
A_HA_H3	14	210	T	0	0	210	40.0476190476191
A_HA_H3	15	210	T	0	0	210	39.7571428571429
A_HA_H3	16	210	G	0	0	210	39.5952380952381
A_HA_H3	17	210	C	0	0	210	40.0190476190476
A_HA_H3	18	210	T	0	0	210	41.1
A_HA_H3	19	210	T	0	0	210	42.1238095238095
A_HA_H3	20	210	T	0	0	210	42.4857142857143
A_HA_H3	21	210	G	0	0	209	41.0334928229665
A_HA_H3	22	211	A	0	0	210	40.4666666666667
A_HA_H3	23	210	G	1	0	208	40.8942307692308
A_HA_H3	24	211	C	0	0	210	39.7809523809524
A_HA_H3	25	211	A	0	0	211	38.5118483412322
A_HA_H3	26	211	A	0	0	211	38.7488151658768
A_HA_H3	27	211	C	0	0	209	39.0909090909091
A_HA_H3	28	230	A	0	0	229	38.825327510917
A_HA_H3	29	229	T	1	0	228	39.9166666666667
A_HA_H3	30	229	T	1	0	229	40.5152838427948
A_HA_H3	31	229	C	1	0	229	39.3668122270742
A_HA_H3	32	230	T	0	0	230	39.6130434782609
A_HA_H3	33	230	A	0	0	230	38.904347826087
A_HA_H3	34	230	T	0	0	229	39.4847161572052
A_HA_H3	35	230	G	0	0	230	39.5173913043478
A_HA_H3	36	230	T	0	0	229	39.5545851528384
A_HA_H3	37	230	C	0	0	229	37.0698689956332
A_HA_H3	38	230	T	0	0	230	37.4217391304348
A_HA_H3	39	229	T	1	0	228	38.0657894736842
A_HA_H3	40	229	G	1	0	229	37.3493449781659
A_HA_H3	41	229	T	1	0	228	37.969298245614
A_HA_H3	42	230	T	0	0	229	39.8122270742358
A_HA_H3	43	229	T	1	0	228	41.0614035087719
A_HA_H3	44	228	T	2	0	227	41.9471365638767
A_HA_H3	45	227	C	3	0	226	41.6504424778761
A_HA_H3	46	230	G	0	0	229	40.4541484716157
A_HA_H3	47	230	C	0	0	228	38.6885964912281
A_HA_H3	48	230	T	0	0	229	38.235807860262
A_HA_H3	49	229	C	1	0	228	35.7675438596491
A_HA_H3	50	228	A	2	0	227	35.6651982378855
A_HA_H3	51	230	A	0	0	230	34.8304347826087
A_HA_H3	52	230	A	0	0	230	37.8086956521739
A_HA_H3	53	230	A	0	0	230	37.8782608695652
A_HA_H3	54	229	A	1	0	229	41.3624454148472
A_HA_H3	55	229	A	1	0	229	41.0524017467249
A_HA_H3	56	229	T	1	0	229	41.6506550218341
A_HA_H3	57	230	A	0	0	229	39.410480349345
A_HA_H3	58	230	C	0	0	230	39.8304347826087
A_HA_H3	59	230	C	0	0	230	38.5217391304348
A_HA_H3	60	229	T	1	0	229	38.8165938864629
A_HA_H3	61	228	G	2	0	228	37.9166666666667
A_HA_H3	62	230	G	0	0	228	38.5789473684211
A_HA_H3	63	230	A	0	0	230	40.0826086956522
A_HA_H3	64	230	A	0	0	230	41.0434782608696
A_HA_H3	65	230	A	0	0	229	41.4148471615721
A_HA_H3	66	230	T	0	0	229	41.82096069869
A_HA_H3	67	229	G	1	0	228	41.0570175438597
A_HA_H3	68	229	A	1	0	229	41.764192139738
A_HA_H3	69	229	C	1	0	229	40.4628820960699
A_HA_H3	70	228	A	2	0	227	39.1894273127753
A_HA_H3	71	230	A	0	0	228	39.5570175438597
A_HA_H3	72	230	T	0	0	228	39.6184210526316
A_HA_H3	73	230	A	0	0	230	39.3521739130435
A_HA_H3	74	230	G	0	0	230	39.8173913043478
A_HA_H3	75	230	C	0	0	230	40.2695652173913
A_HA_H3	76	230	A	0	0	230	39.995652173913
A_HA_H3	77	229	C	1	0	228	39.75
A_HA_H3	78	229	G	1	0	227	39.079295154185
A_HA_H3	79	229	G	2	0	229	39.0917030567686
A_HA_H3	80	229	C	2	0	228	39.6578947368421
A_HA_H3	81	230	A	1	0	229	40.0873362445415
A_HA_H3	82	230	A	1	0	230	41.0913043478261
A_HA_H3	83	230	C	1	0	229	42.4803493449782
A_HA_H3	84	230	G	1	0	230	41.6826086956522
A_HA_H3	85	231	C	0	0	231	42.5887445887446
A_HA_H3	86	231	T	0	0	230	43.6434782608696
A_HA_H3	87	231	G	0	0	231	42.7835497835498
A_HA_H3	88	231	T	0	0	231	43.2467532467532
A_HA_H3	89	231	G	0	0	231	42.5108225108225
A_HA_H3	90	231	C	0	0	231	42.9523809523809
A_HA_H3	91	231	C	0	0	231	41.969696969697
A_HA_H3	92	230	T	1	0	230	42.295652173913
A_HA_H3	93	230	T	1	0	230	41.6347826086957
A_HA_H3	94	230	G	1	0	230	39.8173913043478
A_HA_H3	95	230	G	1	0	230	40.5521739130435
A_HA_H3	96	230	G	1	0	229	40.0655021834061
A_HA_H3	97	232	C	0	0	232	39.8793103448276
A_HA_H3	98	232	A	0	0	230	40.1869565217391
A_HA_H3	99	231	C	1	0	230	39.4869565217391
A_HA_H3	100	232	C	0	0	232	38.8534482758621
A_HA_H3	101	231	A	1	0	231	39.017316017316
A_HA_H3	102	231	T	1	0	231	39.3419913419913
A_HA_H3	103	231	G	1	0	229	40.1004366812227
A_HA_H3	104	232	C	0	0	231	41.025974025974
A_HA_H3	105	232	A	0	0	231	38.9177489177489
A_HA_H3	106	232	G	0	0	232	38.8362068965517
A_HA_H3	107	232	T	0	0	230	38.0739130434783
A_HA_H3	108	232	A	0	0	230	37.0913043478261
A_HA_H3	109	232	C	0	0	232	36.8318965517241
A_HA_H3	110	232	C	0	0	232	36.6896551724138
A_HA_H3	111	234	A	0	0	234	36.8504273504274
A_HA_H3	112	234	A	0	0	234	38.1709401709402
A_HA_H3	113	234	A	0	0	233	39.0815450643777
A_HA_H3	114	234	C	0	0	232	39.1681034482759
A_HA_H3	115	234	G	0	0	233	39.6137339055794
A_HA_H3	116	234	G	0	0	231	41.5108225108225
A_HA_H3	117	234	A	0	0	234	42.1025641025641
A_HA_H3	118	234	A	0	0	233	40.9227467811159
A_HA_H3	119	234	C	0	0	233	41.4549356223176
A_HA_H3	120	234	G	0	0	232	39.9224137931034
A_HA_H3	121	234	A	0	0	233	39.6137339055794
A_HA_H3	122	233	T	1	0	233	39.725321888412
A_HA_H3	123	234	A	0	0	233	38.9055793991416
A_HA_H3	124	234	G	0	0	233	39.4248927038627
A_HA_H3	125	234	T	0	0	234	41.034188034188
A_HA_H3	126	234	G	0	0	234	40.2863247863248
A_HA_H3	127	234	A	0	0	234	40.6923076923077
A_HA_H3	128	234	A	0	0	234	42.1923076923077
A_HA_H3	129	234	A	0	0	234	43.0726495726496
A_HA_H3	130	234	A	0	0	234	42.9615384615385
A_HA_H3	131	234	C	0	0	233	43.1330472103004
A_HA_H3	132	234	A	0	0	234	42.2478632478633
A_HA_H3	133	234	A	0	0	233	41.9484978540773
A_HA_H3	134	233	T	1	0	233	42.1502145922747
A_HA_H3	135	234	C	0	0	234	41.017094017094
A_HA_H3	136	234	A	0	0	233	39.9699570815451
A_HA_H3	137	234	C	0	0	233	39.7596566523605
A_HA_H3	138	233	A	1	0	233	39.2875536480687
A_HA_H3	139	234	A	0	0	234	39.3974358974359
A_HA_H3	140	234	A	0	0	233	39.9957081545064
A_HA_H3	141	234	T	0	0	233	41.1502145922747
A_HA_H3	142	234	G	0	0	232	41.8405172413793
A_HA_H3	143	234	A	0	0	234	41.1367521367521
A_HA_H3	144	234	C	0	0	234	41.1837606837607
A_HA_H3	145	234	C	0	0	234	39.9273504273504
A_HA_H3	146	234	G	0	0	228	38.9210526315789
A_HA_H3	147	234	A	0	0	234	38.5598290598291
A_HA_H3	148	234	A	0	0	234	38.1324786324786
A_HA_H3	149	233	T	1	0	233	38.6351931330472
A_HA_H3	150	234	T	0	0	233	38.2532188841202
A_HA_H3	151	234	G	0	0	233	38.6781115879828
A_HA_H3	152	234	A	0	0	234	39.8760683760684
A_HA_H3	153	234	A	0	0	233	39.9699570815451
A_HA_H3	154	234	G	0	0	234	39.7606837606838
A_HA_H3	155	234	T	0	0	234	41.1111111111111
A_HA_H3	156	234	T	0	0	233	41.1244635193133
A_HA_H3	157	234	A	0	0	234	40.2264957264957
A_HA_H3	158	234	C	0	0	234	40.4273504273504
A_HA_H3	159	234	T	0	0	232	39.7198275862069
A_HA_H3	160	233	A	1	0	233	39.1201716738197
A_HA_H3	161	234	A	0	0	234	38.9786324786325
A_HA_H3	162	234	T	0	0	234	39.0683760683761
A_HA_H3	163	234	G	0	0	233	40.1287553648069
A_HA_H3	164	234	C	0	0	234	40.9529914529915
A_HA_H3	165	234	T	0	0	232	41.8103448275862
A_HA_H3	166	234	A	0	0	233	40.8497854077253
A_HA_H3	167	234	C	0	0	234	39.9059829059829
A_HA_H3	168	234	T	0	0	232	39.8577586206897
A_HA_H3	169	234	G	0	0	233	38.1716738197425
A_HA_H3	170	233	A	1	0	232	37.676724137931
A_HA_H3	171	234	G	0	0	234	37.2051282051282
A_HA_H3	172	234	T	0	0	234	38.1923076923077
A_HA_H3	173	234	T	0	0	234	38.0940170940171
A_HA_H3	174	234	G	0	0	233	37.0815450643777
A_HA_H3	175	234	G	0	0	233	37.3047210300429
A_HA_H3	176	234	T	0	0	234	39.4700854700855
A_HA_H3	177	234	T	0	0	234	39.7393162393162
A_HA_H3	178	233	C	1	0	232	37.6810344827586
A_HA_H3	179	233	A	1	0	233	38.3047210300429
A_HA_H3	180	234	G	0	0	234	38.0470085470085
A_HA_H3	181	233	A	1	0	232	39.0560344827586
A_HA_H3	182	234	A	0	0	232	38.1681034482759
A_HA_H3	183	234	T	0	0	233	38
A_HA_H3	184	234	T	0	0	233	38.5021459227468
A_HA_H3	185	234	C	0	0	231	37.982683982684
A_HA_H3	186	234	A	0	0	233	37.5364806866953
A_HA_H3	187	234	T	0	0	233	38.4034334763949
A_HA_H3	188	234	C	0	0	233	38.7167381974249
A_HA_H3	189	234	A	0	0	233	38.7210300429185
A_HA_H3	190	234	A	0	0	234	37.5683760683761
A_HA_H3	191	234	T	0	0	232	39.1206896551724
A_HA_H3	192	234	A	0	0	231	37.7662337662338
A_HA_H3	193	233	G	1	0	232	38.1293103448276
A_HA_H3	194	234	G	0	0	233	38.8497854077253
A_HA_H3	195	233	T	1	0	232	38.3362068965517
A_HA_H3	196	232	A	2	0	231	37.6103896103896
A_HA_H3	197	234	A	0	0	234	38.8888888888889
A_HA_H3	198	234	A	0	0	234	39.5213675213675
A_HA_H3	199	233	A	1	0	233	39.8283261802575
A_HA_H3	200	233	T	1	0	233	40.6051502145923
A_HA_H3	201	233	A	1	0	233	40.4463519313305
A_HA_H3	202	233	T	2	0	233	40.2918454935622
A_HA_H3	203	233	G	2	0	231	40.0952380952381
A_HA_H3	204	229	C	6	0	229	39.4585152838428
A_HA_H3	205	234	A	1	0	233	38.6266094420601
A_HA_H3	206	235	A	0	0	233	39.0386266094421
A_HA_H3	207	234	C	1	0	233	39.9356223175966
A_HA_H3	208	235	A	0	0	232	40.3534482758621
A_HA_H3	209	235	G	0	0	235	40.7234042553191
A_HA_H3	210	234	T	1	0	234	40.9316239316239
A_HA_H3	211	234	C	1	0	234	40.0299145299145
A_HA_H3	212	234	C	1	0	234	40.2863247863248
A_HA_H3	213	234	T	1	0	233	40.7339055793991
A_HA_H3	214	233	C	2	0	232	40.4870689655172
A_HA_H3	215	234	A	1	0	233	40.862660944206
A_HA_H3	216	234	T	1	0	233	40.1716738197425
A_HA_H3	217	234	C	1	0	233	39.9227467811159
A_HA_H3	218	234	A	1	0	234	40.3205128205128
A_HA_H3	219	233	G	2	0	231	39.6450216450216
A_HA_H3	220	234	A	1	0	234	39.7692307692308
A_HA_H3	221	233	T	2	0	233	39.2832618025751
A_HA_H3	222	233	C	2	0	232	37.823275862069
A_HA_H3	223	233	C	2	0	232	38.6293103448276
A_HA_H3	224	234	T	1	0	231	39.4935064935065
A_HA_H3	225	235	T	0	0	235	39.7106382978723
A_HA_H3	226	235	G	0	0	234	38.7179487179487
A_HA_H3	227	235	A	0	0	234	39.8760683760684
A_HA_H3	228	235	T	0	0	235	40.0170212765957
A_HA_H3	229	234	G	1	0	233	38.7854077253219
A_HA_H3	230	234	G	1	0	232	39.6681034482759
A_HA_H3	231	234	A	1	0	234	39.6025641025641
A_HA_H3	232	235	G	0	0	235	39.8297872340426
A_HA_H3	233	235	G	0	0	234	40.5683760683761
A_HA_H3	234	235	G	0	0	234	41.2863247863248
A_HA_H3	235	235	A	0	0	234	39.4871794871795
A_HA_H3	236	235	A	0	0	234	39.9188034188034
A_HA_H3	237	235	C	0	0	235	40.1574468085106
A_HA_H3	238	234	T	1	0	234	39.8162393162393
A_HA_H3	239	234	G	1	0	234	39.6794871794872
A_HA_H3	240	234	C	1	0	233	40.0643776824034
A_HA_H3	241	233	A	2	0	232	39.2025862068966
A_HA_H3	242	234	C	1	0	233	40.4763948497854
A_HA_H3	243	234	A	1	0	234	38.8632478632479
A_HA_H3	244	235	C	0	0	235	39.4255319148936
A_HA_H3	245	234	T	1	0	233	39.2103004291845
A_HA_H3	246	234	A	1	0	233	39.7982832618026
A_HA_H3	247	234	A	1	0	234	39.0470085470085
A_HA_H3	248	234	T	1	0	233	39.8969957081545
A_HA_H3	249	235	A	0	0	233	38.4892703862661
A_HA_H3	250	235	G	0	0	232	38.2801724137931
A_HA_H3	251	235	A	0	0	235	38.1744680851064
A_HA_H3	252	235	T	0	0	235	37.7957446808511
A_HA_H3	253	234	G	1	0	233	37.9442060085837
A_HA_H3	254	234	C	1	0	234	38.5555555555556
A_HA_H3	255	235	T	0	0	235	39.1446808510638
A_HA_H3	256	234	C	1	0	231	39.4329004329004
A_HA_H3	257	235	T	0	0	234	38.9188034188034
A_HA_H3	258	234	A	1	0	233	38.3562231759657
A_HA_H3	259	235	T	0	0	234	38.0213675213675
A_HA_H3	260	235	T	0	0	235	38.5617021276596
A_HA_H3	261	231	G	4	0	231	37.2510822510823
A_HA_H3	262	234	G	1	0	234	37.2692307692308
A_HA_H3	263	235	G	0	0	235	38.8893617021277
A_HA_H3	264	235	G	0	0	235	39.1659574468085
A_HA_H3	265	235	G	0	0	235	41.4723404255319
A_HA_H3	266	235	A	0	0	234	41.6965811965812
A_HA_H3	267	235	C	0	0	234	40.482905982906
A_HA_H3	268	235	C	0	0	235	40.6723404255319
A_HA_H3	269	235	C	0	0	234	40.517094017094
A_HA_H3	270	235	T	0	0	233	40.4463519313305
A_HA_H3	271	235	C	0	0	230	37.3739130434783
A_HA_H3	272	235	A	0	0	233	34.9871244635193
A_HA_H3	273	234	G	1	0	233	34.9656652360515
A_HA_H3	274	234	T	1	0	234	34.965811965812
A_HA_H3	275	235	G	0	0	235	36.136170212766
A_HA_H3	276	235	T	0	0	235	39.6085106382979
A_HA_H3	277	235	G	0	0	234	41.0299145299145
A_HA_H3	278	235	A	0	0	235	41.4978723404255
A_HA_H3	279	235	C	0	0	235	40.8936170212766
A_HA_H3	280	234	G	1	0	234	39.982905982906
A_HA_H3	281	235	G	0	0	235	39.8042553191489
A_HA_H3	282	235	C	0	0	232	39.6077586206897
A_HA_H3	283	235	T	0	0	233	39.5708154506438
A_HA_H3	284	235	T	0	0	234	40.2264957264957
A_HA_H3	285	235	T	0	0	235	41.4170212765957
A_HA_H3	286	235	C	0	0	234	37.7136752136752
A_HA_H3	287	234	A	1	0	234	38.2735042735043
A_HA_H3	288	234	G	1	0	234	37.2863247863248
A_HA_H3	289	234	A	1	0	234	37.8803418803419
A_HA_H3	290	234	A	1	0	234	38.2948717948718
A_HA_H3	291	234	T	1	0	234	39.4059829059829
A_HA_H3	292	233	A	2	0	232	38.6724137931034
A_HA_H3	293	235	A	0	0	235	38.3787234042553
A_HA_H3	294	235	G	0	0	235	40.1957446808511
A_HA_H3	295	235	G	0	0	235	39.7957446808511
A_HA_H3	296	235	A	0	0	235	40.1021276595745
A_HA_H3	297	235	A	0	0	234	41.0726495726496
A_HA_H3	298	235	T	0	0	232	41.7931034482759
A_HA_H3	299	235	G	0	0	235	41.1872340425532
A_HA_H3	300	235	G	0	0	235	41.5063829787234
A_HA_H3	301	235	G	0	0	234	40.4401709401709
A_HA_H3	302	235	A	0	0	234	38.7136752136752
A_HA_H3	303	235	C	0	0	235	38.2553191489362
A_HA_H3	304	235	C	0	0	233	36.6480686695279
A_HA_H3	305	230	T	5	0	227	34.9647577092511
A_HA_H3	306	231	T	4	0	231	34.4761904761905
A_HA_H3	307	235	T	0	0	235	36.0085106382979
A_HA_H3	308	234	T	1	0	234	36.3504273504274
A_HA_H3	309	234	T	1	0	232	36.3577586206897
A_HA_H3	310	234	G	1	0	233	34.6695278969957
A_HA_H3	311	235	T	0	0	235	35.2255319148936
A_HA_H3	312	235	T	0	0	235	35.0170212765957
A_HA_H3	313	235	G	0	0	235	37.0553191489362
A_HA_H3	314	235	A	0	0	235	37.863829787234
A_HA_H3	315	235	A	0	0	235	39.468085106383
A_HA_H3	316	235	C	0	0	234	40.0299145299145
A_HA_H3	317	233	G	2	0	230	39.6608695652174
A_HA_H3	318	235	A	0	0	233	40.1115879828326
A_HA_H3	319	235	A	0	0	234	39.7008547008547
A_HA_H3	320	235	G	0	0	234	39.3034188034188
A_HA_H3	321	235	C	0	0	235	39.6382978723404
A_HA_H3	322	235	A	0	0	235	39.7787234042553
A_HA_H3	323	235	G	0	0	235	39.3787234042553
A_HA_H3	324	234	A	1	0	234	40.0213675213675
A_HA_H3	325	235	G	0	0	235	39.9787234042553
A_HA_H3	326	235	C	0	0	235	39.9489361702128
A_HA_H3	327	234	C	1	0	232	40.6853448275862
A_HA_H3	328	233	A	2	0	233	40.9699570815451
A_HA_H3	329	234	A	1	0	232	41.5172413793103
A_HA_H3	330	235	C	0	0	235	41.663829787234
A_HA_H3	331	235	A	0	0	235	41.5234042553192
A_HA_H3	332	235	G	0	0	234	42.1923076923077
A_HA_H3	333	235	C	0	0	234	43.3931623931624
A_HA_H3	334	235	A	0	0	235	42.7702127659574
A_HA_H3	335	235	G	0	0	234	42.3717948717949
A_HA_H3	336	235	C	0	0	233	42.1158798283262
A_HA_H3	337	235	T	0	0	233	42.7510729613734
A_HA_H3	338	235	G	0	0	234	41.5811965811966
A_HA_H3	339	235	T	0	0	235	41.7702127659574
A_HA_H3	340	235	T	0	0	235	41.3191489361702
A_HA_H3	341	235	A	0	0	235	40.4723404255319
A_HA_H3	342	235	C	0	0	235	41.1148936170213
A_HA_H3	343	235	C	0	0	235	41.4
A_HA_H3	344	235	C	0	0	235	40.6936170212766
A_HA_H3	345	235	T	0	0	235	39.5659574468085
A_HA_H3	346	235	T	0	0	235	41.8297872340426
A_HA_H3	347	235	A	0	0	235	38.8553191489362
A_HA_H3	348	234	T	1	0	233	38.2403433476395
A_HA_H3	349	235	G	0	0	234	38.8076923076923
A_HA_H3	350	235	A	0	0	235	39.8255319148936
A_HA_H3	351	235	T	0	0	235	39.3659574468085
A_HA_H3	352	235	G	0	0	235	39.0382978723404
A_HA_H3	353	235	T	0	0	235	39.463829787234
A_HA_H3	354	235	G	0	0	235	39.7234042553191
A_HA_H3	355	235	C	0	0	235	39.7404255319149
A_HA_H3	356	234	C	1	0	234	39.3076923076923
A_HA_H3	357	234	G	1	0	233	38.9484978540773
A_HA_H3	358	235	G	0	0	234	38.9529914529915
A_HA_H3	359	235	A	0	0	235	40.0042553191489
A_HA_H3	360	235	T	0	0	235	40.1914893617021
A_HA_H3	361	235	T	0	0	234	41.7905982905983
A_HA_H3	362	235	A	0	0	234	41.3162393162393
A_HA_H3	363	235	T	0	0	233	41.5922746781116
A_HA_H3	364	234	G	1	0	232	40.3146551724138
A_HA_H3	365	233	C	2	0	231	41.6493506493507
A_HA_H3	366	234	C	1	0	233	40.8197424892704
A_HA_H3	367	234	T	1	0	232	40.9827586206897
A_HA_H3	368	233	C	2	0	232	40.0172413793103
A_HA_H3	369	234	C	1	0	234	40.6623931623932
A_HA_H3	370	234	C	1	0	234	39.965811965812
A_HA_H3	371	234	T	1	0	233	36.9699570815451
A_HA_H3	372	235	T	0	0	235	38.2723404255319
A_HA_H3	373	235	A	0	0	234	35.8162393162393
A_HA_H3	374	235	G	0	0	234	35.8675213675214
A_HA_H3	375	235	G	0	0	235	36.5234042553192
A_HA_H3	376	235	T	0	0	235	40.4723404255319
A_HA_H3	377	235	C	0	0	235	40.5446808510638
A_HA_H3	378	235	A	0	0	234	41.0726495726496
A_HA_H3	379	235	C	0	0	235	41.068085106383
A_HA_H3	380	235	T	0	0	235	41.3617021276596
A_HA_H3	381	235	A	0	0	234	40.0384615384615
A_HA_H3	382	235	G	0	0	235	39.8893617021277
A_HA_H3	383	235	T	0	0	235	40.3659574468085
A_HA_H3	384	235	T	0	0	235	39.7914893617021
A_HA_H3	385	235	G	0	0	235	38.8382978723404
A_HA_H3	386	235	C	0	0	235	39.9234042553191
A_HA_H3	387	234	C	1	0	234	39.5512820512821
A_HA_H3	388	233	T	2	0	233	39.1158798283262
A_HA_H3	389	234	C	1	0	234	38.2435897435897
A_HA_H3	390	234	A	1	0	234	39.3675213675214
A_HA_H3	391	235	T	0	0	234	40.1752136752137
A_HA_H3	392	235	C	0	0	232	39.7456896551724
A_HA_H3	393	235	C	0	0	234	39.6068376068376
A_HA_H3	394	235	G	0	0	232	39.0431034482759
A_HA_H3	395	235	G	0	0	234	38.6153846153846
A_HA_H3	396	234	A	1	0	234	38.8205128205128
A_HA_H3	397	235	A	0	0	235	39.4170212765957
A_HA_H3	398	235	C	0	0	233	40.9656652360515
A_HA_H3	399	234	A	1	0	234	39.982905982906
A_HA_H3	400	234	C	1	0	234	39.974358974359
A_HA_H3	401	234	T	1	0	232	40.1422413793103
A_HA_H3	402	235	G	0	0	234	36.9230769230769
A_HA_H3	403	235	G	0	0	233	35.175965665236
A_HA_H3	404	235	A	0	0	235	34.9617021276596
A_HA_H3	405	233	G	2	0	213	34.7605633802817
A_HA_H3	406	229	T	6	0	229	35.1135371179039
A_HA_H3	407	234	T	1	0	234	34.4615384615385
A_HA_H3	408	234	T	1	0	234	35.2222222222222
A_HA_H3	409	233	A	2	0	232	33.6551724137931
A_HA_H3	410	235	A	0	0	235	33.2936170212766
A_HA_H3	411	235	A	0	0	235	37.6170212765957
A_HA_H3	412	235	G	0	0	233	39.0042918454936
A_HA_H3	413	234	A	1	0	234	39.6623931623932
A_HA_H3	414	234	T	1	0	233	40.0815450643777
A_HA_H3	415	234	G	1	0	234	38.8333333333333
A_HA_H3	416	234	A	1	0	234	38.2735042735043
A_HA_H3	417	235	A	0	0	234	39.4358974358974
A_HA_H3	418	234	A	1	0	233	40.3733905579399
A_HA_H3	419	234	G	1	0	234	40.3717948717949
A_HA_H3	420	235	C	0	0	234	39.517094017094
A_HA_H3	421	234	T	1	0	233	39.3004291845494
A_HA_H3	422	235	T	0	0	235	38.7787234042553
A_HA_H3	423	234	C	1	0	232	37.2672413793103
A_HA_H3	424	233	A	2	0	232	33.4956896551724
A_HA_H3	425	235	A	0	0	234	34.2606837606838
A_HA_H3	426	235	T	0	0	235	34.1148936170213
A_HA_H3	427	235	T	0	0	232	34.9439655172414
A_HA_H3	428	235	G	0	0	235	38.0595744680851
A_HA_H3	429	235	G	0	0	234	38.7008547008547
A_HA_H3	430	235	A	0	0	235	38.0340425531915
A_HA_H3	431	235	C	0	0	235	38.0425531914894
A_HA_H3	432	235	C	0	0	235	34.4212765957447
A_HA_H3	433	234	G	1	0	234	34.3888888888889
A_HA_H3	434	235	G	0	0	233	35.5922746781116
A_HA_H3	435	235	A	0	0	234	35.2649572649573
A_HA_H3	436	233	G	2	0	233	35.7381974248927
A_HA_H3	437	234	T	1	0	234	37.9017094017094
A_HA_H3	438	234	C	1	0	233	37.2703862660944
A_HA_H3	439	229	A	6	0	229	36.5633187772926
A_HA_H3	440	232	A	3	0	232	36.3922413793103
A_HA_H3	441	232	A	3	0	230	36.2478260869565
A_HA_H3	442	232	C	3	0	232	36.2931034482759
A_HA_H3	443	230	A	5	0	230	36.6
A_HA_H3	444	234	A	1	0	234	37.4316239316239
A_HA_H3	445	235	A	0	0	235	38.1617021276596
A_HA_H3	446	235	A	0	0	234	39.7478632478633
A_HA_H3	447	235	C	0	0	235	38.7276595744681
A_HA_H3	448	233	G	2	0	230	38.5608695652174
A_HA_H3	449	233	G	2	0	231	37.5367965367965
A_HA_H3	450	234	A	1	0	232	37.1206896551724
A_HA_H3	451	234	A	1	0	232	37.3448275862069
A_HA_H3	452	233	C	2	0	231	37.2943722943723
A_HA_H3	453	233	A	2	0	231	37.1212121212121
A_HA_H3	454	233	A	2	0	232	36.0258620689655
A_HA_H3	455	233	G	2	0	229	37.1004366812227
A_HA_H3	456	234	T	1	0	234	36.9444444444444
A_HA_H3	457	235	T	0	0	233	37.6137339055794
A_HA_H3	458	235	C	0	0	232	34.926724137931
A_HA_H3	459	235	T	0	0	235	35.1106382978723
A_HA_H3	460	234	G	1	0	232	35.8448275862069
A_HA_H3	461	235	C	0	0	233	36.6824034334764
A_HA_H3	462	235	G	0	0	232	35.75
A_HA_H3	463	235	T	0	0	233	35.8369098712446
A_HA_H3	464	235	G	0	0	233	35.0643776824034
A_HA_H3	465	235	C	0	0	231	35.4588744588745
A_HA_H3	466	233	A	2	0	232	35.4137931034483
A_HA_H3	467	235	A	0	0	235	35.7914893617021
A_HA_H3	468	235	A	0	0	234	36.1153846153846
A_HA_H3	469	235	A	1	0	234	36.9230769230769
A_HA_H3	470	232	G	4	0	231	37.4848484848485
A_HA_H3	471	235	G	1	0	235	38.1063829787234
A_HA_H3	472	235	G	1	0	235	37.9404255319149
A_HA_H3	473	236	G	0	0	236	38.364406779661
A_HA_H3	474	236	A	0	0	235	38.2553191489362
A_HA_H3	475	236	T	0	0	235	39.736170212766
A_HA_H3	476	235	C	1	0	233	39.0515021459227
A_HA_H3	477	235	T	1	0	234	39.9615384615385
A_HA_H3	478	234	A	2	0	233	40.2660944206009
A_HA_H3	479	235	G	1	0	232	40.948275862069
A_HA_H3	480	234	T	2	0	231	40.7402597402597
A_HA_H3	481	235	A	1	0	235	41.3191489361702
A_HA_H3	482	236	A	0	0	234	41.6495726495726
A_HA_H3	483	236	T	0	0	235	41.9531914893617
A_HA_H3	484	236	A	0	0	235	40.8212765957447
A_HA_H3	485	236	G	0	0	236	39.0889830508475
A_HA_H3	486	224	T	12	0	224	39.5535714285714
A_HA_H3	487	233	T	3	0	233	38.3090128755365
A_HA_H3	488	235	T	1	0	235	40.8893617021277
A_HA_H3	489	236	T	0	0	236	39.6864406779661
A_HA_H3	490	236	T	0	0	236	40.5042372881356
A_HA_H3	491	236	T	0	0	236	42.4237288135593
A_HA_H3	492	236	T	0	0	234	42.3376068376068
A_HA_H3	493	236	A	0	0	235	40.0765957446809
A_HA_H3	494	236	G	0	0	235	38.9276595744681
A_HA_H3	495	235	T	1	0	235	39.1021276595745
A_HA_H3	496	235	A	1	0	234	38.7094017094017
A_HA_H3	497	236	G	0	0	236	39.271186440678
A_HA_H3	498	236	A	0	0	236	39.2584745762712
A_HA_H3	499	236	T	0	0	236	39.4406779661017
A_HA_H3	500	236	T	0	0	236	39.8389830508475
A_HA_H3	501	236	A	0	0	236	39.2754237288136
A_HA_H3	502	236	A	0	0	235	40.268085106383
A_HA_H3	503	236	A	0	0	236	40.9406779661017
A_HA_H3	504	236	T	0	0	236	40.8686440677966
A_HA_H3	505	236	T	0	0	234	40.9230769230769
A_HA_H3	506	236	G	0	0	236	40.1949152542373
A_HA_H3	507	236	G	0	0	236	39.521186440678
A_HA_H3	508	235	T	1	0	235	40.0382978723404
A_HA_H3	509	236	T	0	0	236	39.7076271186441
A_HA_H3	510	236	G	0	0	234	39.491452991453
A_HA_H3	511	236	A	0	0	235	39.7148936170213
A_HA_H3	512	236	C	0	0	236	39.6059322033898
A_HA_H3	513	236	C	0	0	236	38.3601694915254
A_HA_H3	514	236	A	0	0	236	39.4745762711864
A_HA_H3	515	236	G	0	0	236	40.1779661016949
A_HA_H3	516	235	C	1	0	235	39.468085106383
A_HA_H3	517	236	T	0	0	236	39.1652542372881
A_HA_H3	518	236	T	0	0	236	39.4745762711864
A_HA_H3	519	236	A	0	0	235	39.1872340425532
A_HA_H3	520	236	A	0	0	236	39.9025423728814
A_HA_H3	521	236	A	0	0	236	40.7584745762712
A_HA_H3	522	236	C	0	0	235	41.1829787234043
A_HA_H3	523	236	A	0	0	235	42.2340425531915
A_HA_H3	524	236	A	0	0	235	41.6085106382979
A_HA_H3	525	236	C	0	0	235	41.3787234042553
A_HA_H3	526	235	A	1	0	235	40.5659574468085
A_HA_H3	527	235	T	1	0	235	41.0127659574468
A_HA_H3	528	235	A	1	0	235	41.3787234042553
A_HA_H3	529	235	T	1	0	235	41.868085106383
A_HA_H3	530	235	A	1	0	235	39.9787234042553
A_HA_H3	531	235	T	1	0	235	39.8936170212766
A_HA_H3	532	235	C	1	0	235	41.4127659574468
A_HA_H3	533	236	C	0	0	236	41.3559322033898
A_HA_H3	534	236	A	0	0	235	39.9446808510638
A_HA_H3	535	235	G	1	0	235	39.6212765957447
A_HA_H3	536	235	C	1	0	235	39.8553191489362
A_HA_H3	537	235	A	0	0	234	39.5726495726496
A_HA_H3	538	235	C	0	0	235	39.531914893617
A_HA_H3	539	234	A	1	0	233	39.2489270386266
A_HA_H3	540	234	G	1	0	233	38.2103004291845
A_HA_H3	541	235	A	0	0	235	37.7063829787234
A_HA_H3	542	235	A	0	0	235	37.9191489361702
A_HA_H3	543	235	C	0	0	235	37.7063829787234
A_HA_H3	544	235	G	0	0	235	36.5659574468085
A_HA_H3	545	235	T	0	0	235	37.1617021276596
A_HA_H3	546	235	G	0	0	234	37.0555555555556
A_HA_H3	547	235	A	0	0	234	36.3632478632479
A_HA_H3	548	235	C	0	0	234	35.491452991453
A_HA_H3	549	235	T	0	0	235	35.9872340425532
A_HA_H3	550	235	A	0	0	235	36.7659574468085
A_HA_H3	551	235	T	0	0	235	37.1914893617021
A_HA_H3	552	235	G	0	0	235	36.7574468085106
A_HA_H3	553	234	C	1	0	234	38.008547008547
A_HA_H3	554	235	C	0	0	235	36.7404255319149
A_HA_H3	555	234	A	1	0	233	36.0772532188841
A_HA_H3	556	235	A	0	0	235	36.2
A_HA_H3	557	234	A	1	0	232	37.9870689655172
A_HA_H3	558	234	C	1	0	233	37.8841201716738
A_HA_H3	559	234	A	1	0	233	39.1802575107296
A_HA_H3	560	234	A	1	0	233	38.9957081545064
A_HA_H3	561	235	G	0	0	235	38.6297872340426
A_HA_H3	562	235	G	0	0	234	37.1880341880342
A_HA_H3	563	235	A	0	0	229	38.4759825327511
A_HA_H3	564	233	A	2	0	232	38.4181034482759
A_HA_H3	565	233	C	2	0	232	38.4698275862069
A_HA_H3	566	233	A	2	0	233	39.1888412017167
A_HA_H3	567	233	A	2	0	233	40.0729613733906
A_HA_H3	568	230	T	5	0	230	40.5347826086957
A_HA_H3	569	235	T	0	0	234	39.2905982905983
A_HA_H3	570	235	T	0	0	234	40.2094017094017
A_HA_H3	571	235	G	0	0	233	39.0472103004292
A_HA_H3	572	235	A	0	0	235	38.331914893617
A_HA_H3	573	235	C	0	0	233	38.7682403433476
A_HA_H3	574	235	A	0	0	234	37.5128205128205
A_HA_H3	575	235	A	0	0	235	37.8382978723404
A_HA_H3	576	235	A	0	0	233	38.9656652360515
A_HA_H3	577	234	T	1	0	232	38.8879310344828
A_HA_H3	578	235	T	0	0	232	38.8318965517241
A_HA_H3	579	234	G	1	0	230	39.4260869565217
A_HA_H3	580	235	T	0	0	231	39.5151515151515
A_HA_H3	581	235	A	0	0	233	37.6695278969957
A_HA_H3	582	235	C	0	0	234	38.0555555555556
A_HA_H3	583	235	A	0	0	235	36.8595744680851
A_HA_H3	584	234	T	1	0	233	36.6781115879828
A_HA_H3	585	235	T	0	0	235	36.5063829787234
A_HA_H3	586	234	T	1	0	234	35.9316239316239
A_HA_H3	587	221	G	14	0	221	34.0859728506787
A_HA_H3	588	230	G	5	0	229	35.3056768558952
A_HA_H3	589	235	G	0	0	234	36.4230769230769
A_HA_H3	590	235	G	0	0	234	37.0128205128205
A_HA_H3	591	235	G	0	0	234	39.5384615384615
A_HA_H3	592	235	G	0	0	235	39.3446808510638
A_HA_H3	593	235	T	0	0	235	39.0808510638298
A_HA_H3	594	235	T	0	0	235	38.3702127659574
A_HA_H3	595	234	C	1	0	233	37.7296137339056
A_HA_H3	596	234	A	1	0	234	37.2393162393162
A_HA_H3	597	234	T	1	0	234	37.5982905982906
A_HA_H3	598	235	C	0	0	234	36
A_HA_H3	599	235	A	0	0	234	34.3974358974359
A_HA_H3	600	235	T	0	0	235	34.6170212765957
A_HA_H3	601	235	C	0	0	234	34.3931623931624
A_HA_H3	602	235	C	0	0	233	34.4034334763949
A_HA_H3	603	235	G	0	0	235	35.0382978723404
A_HA_H3	604	235	G	0	0	235	36.4297872340425
A_HA_H3	605	235	A	0	0	235	35.9574468085106
A_HA_H3	606	235	T	0	0	235	35.7787234042553
A_HA_H3	607	235	A	0	0	234	35.4487179487179
A_HA_H3	608	233	C	2	0	230	35.7695652173913
A_HA_H3	609	235	G	0	0	232	33.676724137931
A_HA_H3	610	234	G	1	0	230	33.0608695652174
A_HA_H3	611	232	A	3	0	231	33.3506493506493
A_HA_H3	612	228	C	7	0	227	34.2819383259912
A_HA_H3	613	233	A	2	0	227	35.273127753304
A_HA_H3	614	231	A	4	0	229	35.7598253275109
A_HA_H3	615	231	G	4	0	220	35.2545454545455
A_HA_H3	616	233	A	2	0	226	35.2654867256637
A_HA_H3	617	235	A	0	0	233	35.343347639485
A_HA_H3	618	234	C	1	0	232	35.0301724137931
A_HA_H3	619	233	C	2	0	229	34.82096069869
A_HA_H3	620	232	A	3	0	230	34.0260869565217
A_HA_H3	621	234	A	1	0	231	35.0519480519481
A_HA_H3	622	234	T	1	0	233	35.0643776824034
A_HA_H3	623	234	T	1	0	233	35.175965665236
A_HA_H3	624	234	C	1	0	231	34.3463203463203
A_HA_H3	625	235	T	0	0	234	34.7863247863248
A_HA_H3	626	233	C	2	0	230	33.8739130434783
A_HA_H3	627	235	C	0	0	235	33.7021276595745
A_HA_H3	628	235	C	0	0	235	33.5659574468085
A_HA_H3	629	232	T	3	0	231	34.2251082251082
A_HA_H3	630	235	G	0	0	234	35.6452991452991
A_HA_H3	631	235	T	0	0	235	40.136170212766
A_HA_H3	632	235	T	0	0	235	39.8723404255319
A_HA_H3	633	235	T	0	0	232	40.551724137931
A_HA_H3	634	235	G	0	0	235	37.4723404255319
A_HA_H3	635	234	C	1	0	234	38.3461538461538
A_HA_H3	636	235	T	0	0	234	40.8846153846154
A_HA_H3	637	235	C	0	0	234	39.7521367521367
A_HA_H3	638	235	A	0	0	235	39.1659574468085
A_HA_H3	639	235	A	0	0	235	38.6595744680851
A_HA_H3	640	235	T	0	0	235	39.1531914893617
A_HA_H3	641	235	C	0	0	235	38.0297872340426
A_HA_H3	642	235	A	0	0	234	37.6367521367521
A_HA_H3	643	235	T	0	0	235	38.3744680851064
A_HA_H3	644	234	C	1	0	234	36.7307692307692
A_HA_H3	645	234	A	1	0	234	37.0555555555556
A_HA_H3	646	234	G	1	0	234	37.3333333333333
A_HA_H3	647	235	G	0	0	235	37.3404255319149
A_HA_H3	648	235	A	0	0	235	37.6255319148936
A_HA_H3	649	234	A	1	0	233	38.68669527897
A_HA_H3	650	234	G	1	0	233	38.4077253218884
A_HA_H3	651	232	A	3	0	232	38.3879310344828
A_HA_H3	652	235	A	0	0	233	38.1545064377682
A_HA_H3	653	235	T	0	0	235	37.4425531914894
A_HA_H3	654	235	C	0	0	234	36.7307692307692
A_HA_H3	655	235	A	0	0	233	36.7768240343348
A_HA_H3	656	235	C	0	0	234	37.4786324786325
A_HA_H3	657	235	A	0	0	235	37.4893617021277
A_HA_H3	658	234	G	1	0	234	37.0726495726496
A_HA_H3	659	232	T	3	0	230	37.304347826087
A_HA_H3	660	235	A	0	0	235	36.536170212766
A_HA_H3	661	231	T	4	0	227	36.4713656387665
A_HA_H3	662	235	C	0	0	234	36.7350427350427
A_HA_H3	663	235	T	0	0	234	37.0384615384615
A_HA_H3	664	235	A	0	0	235	36.4936170212766
A_HA_H3	665	235	C	0	0	235	37.1276595744681
A_HA_H3	666	235	C	0	0	235	37.0553191489362
A_HA_H3	667	234	A	1	0	234	37.1923076923077
A_HA_H3	668	235	A	0	0	234	36.9401709401709
A_HA_H3	669	235	A	0	0	234	38.6452991452991
A_HA_H3	670	235	A	0	0	235	38.7531914893617
A_HA_H3	671	235	G	0	0	234	39.7222222222222
A_HA_H3	672	235	A	0	0	235	40.8085106382979
A_HA_H3	673	235	A	0	0	235	40.2765957446809
A_HA_H3	674	235	G	0	0	235	38.9531914893617
A_HA_H3	675	235	C	0	0	235	38.6382978723404
A_HA_H3	676	235	C	0	0	235	38.7531914893617
A_HA_H3	677	234	A	1	0	234	38.4615384615385
A_HA_H3	678	235	A	0	0	235	38.3234042553191
A_HA_H3	679	235	C	0	0	234	39.1538461538462
A_HA_H3	680	235	A	0	0	235	38.7744680851064
A_HA_H3	681	235	A	0	0	235	38.9446808510638
A_HA_H3	682	235	G	0	0	235	39.1106382978723
A_HA_H3	683	234	C	1	0	234	39.4059829059829
A_HA_H3	684	235	T	0	0	235	38.9234042553191
A_HA_H3	685	235	G	0	0	235	39.0382978723404
A_HA_H3	686	234	T	1	0	233	39.8454935622318
A_HA_H3	687	235	A	0	0	235	38.1829787234043
A_HA_H3	688	234	A	1	0	234	39.5683760683761
A_HA_H3	689	234	T	1	0	234	40.0769230769231
A_HA_H3	690	233	C	2	0	233	39.2403433476395
A_HA_H3	691	235	C	0	0	234	39.3974358974359
A_HA_H3	692	235	C	0	0	235	40.3787234042553
A_HA_H3	693	235	A	0	0	235	39.0936170212766
A_HA_H3	694	235	A	0	0	232	39.9051724137931
A_HA_H3	695	235	A	0	0	235	40.6212765957447
A_HA_H3	696	235	T	0	0	235	39.3829787234043
A_HA_H3	697	235	A	0	0	235	39.9872340425532
A_HA_H3	698	235	T	0	0	235	40.1446808510638
A_HA_H3	699	233	C	2	0	229	37.5720524017467
A_HA_H3	700	233	G	2	0	231	36.4372294372294
A_HA_H3	701	234	G	1	0	231	37.012987012987
A_HA_H3	702	235	A	0	0	235	36.0425531914894
A_HA_H3	703	233	T	2	0	232	37.0431034482759
A_HA_H3	704	233	C	2	0	231	38.7056277056277
A_HA_H3	705	235	T	0	0	235	39.6765957446809
A_HA_H3	706	234	A	1	0	232	38.8836206896552
A_HA_H3	707	234	G	1	0	230	39.295652173913
A_HA_H3	708	235	A	0	0	235	38.6425531914894
A_HA_H3	709	234	C	1	0	234	38.8076923076923
A_HA_H3	710	234	C	1	0	233	38.68669527897
A_HA_H3	711	234	T	1	0	232	39.9224137931034
A_HA_H3	712	233	A	2	0	233	38.7038626609442
A_HA_H3	713	233	G	2	0	233	38.4935622317597
A_HA_H3	714	233	A	2	0	233	38.755364806867
A_HA_H3	715	234	G	1	0	233	39.1545064377682
A_HA_H3	716	235	T	0	0	234	39.1538461538462
A_HA_H3	717	235	A	0	0	235	38.868085106383
A_HA_H3	718	235	A	0	0	235	39.7659574468085
A_HA_H3	719	235	G	0	0	235	39.5744680851064
A_HA_H3	720	234	G	1	0	233	39.2918454935622
A_HA_H3	721	234	G	1	0	234	40.1196581196581
A_HA_H3	722	234	A	1	0	234	38.7478632478633
A_HA_H3	723	234	T	1	0	234	38.8675213675214
A_HA_H3	724	235	A	0	0	235	38.6723404255319
A_HA_H3	725	235	T	0	0	235	40.5191489361702
A_HA_H3	726	232	C	3	0	232	40.1637931034483
A_HA_H3	727	235	C	0	0	234	40.6666666666667
A_HA_H3	728	235	C	0	0	232	40.3836206896552
A_HA_H3	729	234	T	1	0	233	39.0300429184549
A_HA_H3	730	235	A	0	0	235	37.8893617021277
A_HA_H3	731	235	G	0	0	235	37.6978723404255
A_HA_H3	732	234	C	1	0	234	37.3247863247863
A_HA_H3	733	234	A	1	0	233	38.5236051502146
A_HA_H3	734	235	G	0	0	234	38.6282051282051
A_HA_H3	735	235	A	0	0	234	38.5769230769231
A_HA_H3	736	235	A	0	0	235	38.5914893617021
A_HA_H3	737	235	T	0	0	235	39.0851063829787
A_HA_H3	738	235	A	0	0	235	38.0808510638298
A_HA_H3	739	235	A	0	0	235	38.7106382978723
A_HA_H3	740	233	G	2	0	233	39.1244635193133
A_HA_H3	741	235	C	0	0	234	39.7905982905983
A_HA_H3	742	235	A	0	0	235	39.4553191489362
A_HA_H3	743	235	T	0	0	235	39.9702127659574
A_HA_H3	744	234	C	1	0	233	39.9098712446352
A_HA_H3	745	234	T	1	0	233	40.2274678111588
A_HA_H3	746	235	A	0	0	234	39.5854700854701
A_HA_H3	747	235	T	0	0	235	38.9021276595745
A_HA_H3	748	235	T	0	0	234	39.0598290598291
A_HA_H3	749	235	G	0	0	233	39.6695278969957
A_HA_H3	750	235	G	0	0	235	39.2553191489362
A_HA_H3	751	235	A	0	0	235	39.3446808510638
A_HA_H3	752	235	C	0	0	234	40.5641025641026
A_HA_H3	753	234	A	1	0	234	39.9786324786325
A_HA_H3	754	234	A	1	0	234	40.6538461538462
A_HA_H3	755	233	T	2	0	232	40.9008620689655
A_HA_H3	756	234	A	1	0	233	38.6437768240343
A_HA_H3	757	234	G	1	0	232	37.8103448275862
A_HA_H3	758	233	T	2	0	233	35.9141630901288
A_HA_H3	759	235	A	0	0	233	34.4892703862661
A_HA_H3	760	235	A	0	0	234	35.7863247863248
A_HA_H3	761	235	A	0	0	235	37.5957446808511
A_HA_H3	762	235	A	0	0	235	37.3191489361702
A_HA_H3	763	235	C	0	0	234	38.5470085470085
A_HA_H3	764	235	C	0	0	234	38.2905982905983
A_HA_H3	765	226	G	9	0	225	37.96
A_HA_H3	766	234	G	1	0	234	37.9786324786325
A_HA_H3	767	234	G	1	0	231	37.6623376623377
A_HA_H3	768	235	A	0	0	231	37.9004329004329
A_HA_H3	769	235	G	0	0	232	40.2456896551724
A_HA_H3	770	235	A	0	0	235	40.6255319148936
A_HA_H3	771	235	C	0	0	233	40.9141630901288
A_HA_H3	772	235	A	0	0	235	40.5191489361702
A_HA_H3	773	235	T	0	0	234	40.6111111111111
A_HA_H3	774	233	A	1	0	233	40.4892703862661
A_HA_H3	775	233	C	1	0	232	40.2413793103448
A_HA_H3	776	233	T	1	0	232	39.4181034482759
A_HA_H3	777	234	T	0	0	234	39.3803418803419
A_HA_H3	778	234	T	0	0	234	40.4786324786325
A_HA_H3	779	234	T	0	0	234	40.7991452991453
A_HA_H3	780	234	G	0	0	234	38.2905982905983
A_HA_H3	781	234	A	0	0	234	41.3547008547009
A_HA_H3	782	234	T	0	0	234	42.2435897435897
A_HA_H3	783	234	T	0	0	234	42.008547008547
A_HA_H3	784	234	A	0	0	234	41.2606837606838
A_HA_H3	785	234	A	0	0	232	41.4439655172414
A_HA_H3	786	234	C	0	0	234	40.8247863247863
A_HA_H3	787	234	A	0	0	233	39.8798283261803
A_HA_H3	788	234	G	0	0	234	40.0683760683761
A_HA_H3	789	232	C	2	0	232	39.8706896551724
A_HA_H3	790	232	A	2	0	232	39.0646551724138
A_HA_H3	791	233	C	1	0	233	38.824034334764
A_HA_H3	792	232	A	2	0	231	35.4805194805195
A_HA_H3	793	235	G	0	0	234	35.1837606837607
A_HA_H3	794	235	G	0	0	235	36.5617021276596
A_HA_H3	795	235	G	0	0	233	36.8454935622318
A_HA_H3	796	235	A	0	0	234	36.7735042735043
A_HA_H3	797	235	A	0	0	235	38.7617021276596
A_HA_H3	798	235	T	0	0	235	39.1914893617021
A_HA_H3	799	235	C	0	0	233	38.7339055793991
A_HA_H3	800	235	T	0	0	233	39.3991416309013
A_HA_H3	801	235	A	0	0	235	38.5702127659575
A_HA_H3	802	235	A	0	0	235	38.6340425531915
A_HA_H3	803	235	T	0	0	234	37.1623931623932
A_HA_H3	804	235	T	0	0	234	37.4145299145299
A_HA_H3	805	235	G	0	0	235	37.6170212765957
A_HA_H3	806	235	C	0	0	233	38.5536480686695
A_HA_H3	807	235	T	0	0	235	38.8042553191489
A_HA_H3	808	234	C	1	0	234	38.9230769230769
A_HA_H3	809	234	C	1	0	234	38.7606837606838
A_HA_H3	810	234	T	1	0	234	37.542735042735
A_HA_H3	811	229	A	6	0	228	35.0394736842105
A_HA_H3	812	234	G	1	0	233	33.7639484978541
A_HA_H3	813	235	G	0	0	235	33.9404255319149
A_HA_H3	814	235	G	0	0	234	34.0641025641026
A_HA_H3	815	235	G	0	0	235	34.4042553191489
A_HA_H3	816	235	T	0	0	235	37.2936170212766
A_HA_H3	817	235	T	0	0	233	38.0343347639485
A_HA_H3	818	235	A	0	0	230	33.2478260869565
A_HA_H3	819	235	C	0	0	231	32.3290043290043
A_HA_H3	820	235	T	0	0	234	31.8119658119658
A_HA_H3	821	235	T	0	0	235	31.1489361702128
A_HA_H3	822	235	C	0	0	235	30.3659574468085
A_HA_H3	823	235	A	0	0	235	31.8936170212766
A_HA_H3	824	235	A	0	0	235	34.5872340425532
A_HA_H3	825	235	A	0	0	235	37.0936170212766
A_HA_H3	826	235	A	0	0	235	37.6297872340426
A_HA_H3	827	235	T	0	0	234	37.8931623931624
A_HA_H3	828	235	A	0	0	235	34.0808510638298
A_HA_H3	829	234	C	1	0	234	33.3376068376068
A_HA_H3	830	235	G	0	0	234	33.7521367521367
A_HA_H3	831	234	A	1	0	234	34.6752136752137
A_HA_H3	832	235	A	0	0	235	34.8765957446808
A_HA_H3	833	235	G	0	0	234	36.4401709401709
A_HA_H3	834	235	T	0	0	235	38.068085106383
A_HA_H3	835	225	G	10	0	225	37.7555555555556
A_HA_H3	836	235	G	0	0	235	39.4765957446808
A_HA_H3	837	235	G	0	0	234	39.1666666666667
A_HA_H3	838	235	A	0	0	235	39.8468085106383
A_HA_H3	839	235	A	0	0	235	40.7787234042553
A_HA_H3	840	235	A	0	0	235	40.2042553191489
A_HA_H3	841	235	A	0	0	235	41.0425531914894
A_HA_H3	842	235	G	0	0	235	40.3063829787234
A_HA_H3	843	235	C	0	0	234	40.1923076923077
A_HA_H3	844	233	T	2	0	233	39.1931330472103
A_HA_H3	845	234	C	1	0	232	37.3706896551724
A_HA_H3	846	234	A	1	0	232	36.448275862069
A_HA_H3	847	234	A	1	0	234	36.8034188034188
A_HA_H3	848	235	T	0	0	234	36.4188034188034
A_HA_H3	849	235	A	0	0	234	36.3247863247863
A_HA_H3	850	234	A	1	0	234	37.7991452991453
A_HA_H3	851	234	T	1	0	233	38.381974248927
A_HA_H3	852	235	G	0	0	234	36.6623931623932
A_HA_H3	853	235	A	0	0	233	37.1201716738197
A_HA_H3	854	235	G	0	0	234	37.025641025641
A_HA_H3	855	235	A	0	0	235	36.9914893617021
A_HA_H3	856	235	T	0	0	235	37.6468085106383
A_HA_H3	857	235	C	0	0	234	37.8504273504274
A_HA_H3	858	234	A	1	0	234	37.9401709401709
A_HA_H3	859	234	G	1	0	232	39.1551724137931
A_HA_H3	860	235	A	0	0	235	39.0042553191489
A_HA_H3	861	235	C	0	0	233	38.7982832618026
A_HA_H3	862	235	G	0	0	234	37.1111111111111
A_HA_H3	863	235	C	0	0	234	37.6410256410256
A_HA_H3	864	235	A	0	0	235	37.4382978723404
A_HA_H3	865	234	C	1	0	234	37.1880341880342
A_HA_H3	866	235	C	0	0	234	37.5940170940171
A_HA_H3	867	235	C	0	0	234	38.9487179487179
A_HA_H3	868	235	A	0	0	235	37.8042553191489
A_HA_H3	869	235	T	0	0	235	38.4553191489362
A_HA_H3	870	235	T	0	0	234	38.6153846153846
A_HA_H3	871	235	G	0	0	235	37.6
A_HA_H3	872	235	G	0	0	235	37.6042553191489
A_HA_H3	873	235	C	0	0	235	38.2255319148936
A_HA_H3	874	235	G	0	0	232	35.9612068965517
A_HA_H3	875	235	A	0	0	235	35.8340425531915
A_HA_H3	876	235	A	0	0	235	35.8212765957447
A_HA_H3	877	235	T	0	0	235	35.5744680851064
A_HA_H3	878	235	G	0	0	234	36.1581196581197
A_HA_H3	879	235	T	0	0	235	39.1106382978723
A_HA_H3	880	235	A	0	0	233	38.3090128755365
A_HA_H3	881	235	A	0	0	233	38.8798283261803
A_HA_H3	882	234	G	1	0	231	38.2597402597403
A_HA_H3	883	234	T	1	0	231	38.0606060606061
A_HA_H3	884	235	C	0	0	232	37.7155172413793
A_HA_H3	885	235	T	0	0	234	38.8034188034188
A_HA_H3	886	235	G	0	0	235	38.3106382978723
A_HA_H3	887	235	A	0	0	235	39.7148936170213
A_HA_H3	888	235	A	0	0	235	39.4510638297872
A_HA_H3	889	235	T	0	0	235	39.4510638297872
A_HA_H3	890	235	G	0	0	234	39.6153846153846
A_HA_H3	891	235	C	0	0	235	40.331914893617
A_HA_H3	892	235	A	0	0	235	40.0297872340426
A_HA_H3	893	235	T	0	0	235	39.9276595744681
A_HA_H3	894	234	C	1	0	234	39.4017094017094
A_HA_H3	895	234	A	1	0	234	39.5769230769231
A_HA_H3	896	234	C	1	0	234	38.2478632478633
A_HA_H3	897	235	T	0	0	235	37.4340425531915
A_HA_H3	898	235	C	0	0	235	37.8085106382979
A_HA_H3	899	235	C	0	0	234	39.034188034188
A_HA_H3	900	234	A	1	0	234	39.9615384615385
A_HA_H3	901	235	A	0	0	235	41.3744680851064
A_HA_H3	902	235	A	0	0	235	42.0127659574468
A_HA_H3	903	235	T	0	0	235	41.8553191489362
A_HA_H3	904	235	G	0	0	235	41.9063829787234
A_HA_H3	905	235	G	0	0	234	41.7222222222222
A_HA_H3	906	235	A	0	0	235	41.4851063829787
A_HA_H3	907	235	A	0	0	235	41.1957446808511
A_HA_H3	908	234	G	0	0	234	41.042735042735
A_HA_H3	909	234	C	0	0	232	40.8189655172414
A_HA_H3	910	234	A	0	0	234	38.4401709401709
A_HA_H3	911	235	T	0	0	235	39.5063829787234
A_HA_H3	912	235	T	0	0	235	39.1446808510638
A_HA_H3	913	235	C	0	0	234	37.7692307692308
A_HA_H3	914	235	C	0	0	235	38.4936170212766
A_HA_H3	915	235	C	0	0	233	39.9484978540773
A_HA_H3	916	235	A	0	0	235	38.7787234042553
A_HA_H3	917	235	A	0	0	235	39.1191489361702
A_HA_H3	918	235	T	0	0	234	40.1965811965812
A_HA_H3	919	235	G	0	0	234	39.5598290598291
A_HA_H3	920	235	A	0	0	235	40.0297872340426
A_HA_H3	921	235	C	0	0	235	40.1191489361702
A_HA_H3	922	235	A	0	0	235	38.6510638297872
A_HA_H3	923	235	A	0	0	233	38.4334763948498
A_HA_H3	924	235	A	0	0	235	38.6340425531915
A_HA_H3	925	235	C	0	0	235	38.8382978723404
A_HA_H3	926	234	C	1	0	234	38.7905982905983
A_HA_H3	927	234	G	1	0	233	39.1287553648069
A_HA_H3	928	235	T	0	0	235	39.3574468085106
A_HA_H3	929	235	T	0	0	235	38.7574468085106
A_HA_H3	930	235	C	0	0	235	39.3489361702128
A_HA_H3	931	235	C	0	0	234	40.1880341880342
A_HA_H3	932	232	A	3	0	232	40.073275862069
A_HA_H3	933	235	A	0	0	235	39.7702127659574
A_HA_H3	934	235	A	0	0	233	40.7467811158798
A_HA_H3	935	235	A	0	0	235	40.8553191489362
A_HA_H3	936	235	T	0	0	234	41.4102564102564
A_HA_H3	937	235	G	0	0	234	41.4316239316239
A_HA_H3	938	235	T	0	0	235	41.4170212765957
A_HA_H3	939	235	A	0	0	235	39.6297872340426
A_HA_H3	940	235	A	0	0	235	40.2170212765957
A_HA_H3	941	235	A	0	0	235	40.5404255319149
A_HA_H3	942	235	C	0	0	235	40.8510638297872
A_HA_H3	943	235	A	0	0	234	40.6623931623932
A_HA_H3	944	235	G	0	0	235	40.863829787234
A_HA_H3	945	235	G	0	0	234	40.1880341880342
A_HA_H3	946	235	A	0	0	233	40
A_HA_H3	947	235	T	0	0	235	40.8425531914894
A_HA_H3	948	235	C	0	0	234	39.8076923076923
A_HA_H3	949	235	A	0	0	234	40.2606837606838
A_HA_H3	950	235	C	0	0	235	40.1489361702128
A_HA_H3	951	235	A	0	0	235	40.4425531914894
A_HA_H3	952	235	T	0	0	235	39.8170212765957
A_HA_H3	953	234	A	1	0	233	39.6266094420601
A_HA_H3	954	233	C	2	0	230	39.5913043478261
A_HA_H3	955	234	G	1	0	234	37.7820512820513
A_HA_H3	956	234	G	1	0	233	37.8412017167382
A_HA_H3	957	233	G	1	0	232	37.2068965517241
A_HA_H3	958	233	G	1	0	233	37.5536480686695
A_HA_H3	959	232	C	2	0	232	39.0603448275862
A_HA_H3	960	232	C	2	0	231	38.004329004329
A_HA_H3	961	233	T	1	0	231	37.8181818181818
A_HA_H3	962	231	G	3	0	230	37.6913043478261
A_HA_H3	963	232	T	2	0	229	38.1266375545852
A_HA_H3	964	230	C	4	0	230	35.7391304347826
A_HA_H3	965	231	C	3	0	231	35.8701298701299
A_HA_H3	966	232	C	2	0	230	35.4
A_HA_H3	967	233	A	1	0	231	33.3852813852814
A_HA_H3	968	232	G	2	0	232	34.4655172413793
A_HA_H3	969	233	A	1	0	233	36.1630901287554
A_HA_H3	970	234	T	0	0	229	36.4759825327511
A_HA_H3	971	232	A	2	0	231	36.6017316017316
A_HA_H3	972	228	C	6	0	225	37.4088888888889
A_HA_H3	973	234	G	0	0	233	35.0815450643777
A_HA_H3	974	234	T	0	0	233	35.412017167382
A_HA_H3	975	234	T	0	0	234	34.8418803418803
A_HA_H3	976	232	A	2	0	231	33.0692640692641
A_HA_H3	977	233	A	1	0	233	34.7725321888412
A_HA_H3	978	233	G	1	0	233	37.3648068669528
A_HA_H3	979	233	C	1	0	233	38.343347639485
A_HA_H3	980	233	A	1	0	233	38.1072961373391
A_HA_H3	981	234	A	0	0	234	38.7649572649573
A_HA_H3	982	234	A	0	0	233	38.9270386266094
A_HA_H3	983	234	G	0	0	233	39.0085836909871
A_HA_H3	984	234	C	0	0	233	39.1545064377682
A_HA_H3	985	234	A	0	0	234	37.5811965811966
A_HA_H3	986	233	C	1	0	232	37.5948275862069
A_HA_H3	987	234	C	0	0	233	36.7596566523605
A_HA_H3	988	234	C	0	0	231	35.8311688311688
A_HA_H3	989	234	T	0	0	233	35.4721030042918
A_HA_H3	990	234	G	0	0	233	35.8755364806867
A_HA_H3	991	234	A	0	0	234	36.4444444444444
A_HA_H3	992	234	A	0	0	234	38.0641025641026
A_HA_H3	993	234	A	0	0	233	39.3905579399142
A_HA_H3	994	234	T	0	0	233	41.3175965665236
A_HA_H3	995	234	T	0	0	234	40.7948717948718
A_HA_H3	996	234	G	0	0	234	40.6153846153846
A_HA_H3	997	234	G	0	0	234	40.482905982906
A_HA_H3	998	232	C	2	0	232	41.2370689655172
A_HA_H3	999	232	A	2	0	232	40.3620689655172
A_HA_H3	1000	233	A	1	0	233	39.7596566523605
A_HA_H3	1001	234	C	0	0	234	39.1367521367521
A_HA_H3	1002	234	A	0	0	234	38.2008547008547
A_HA_H3	1003	234	G	0	0	234	38.8333333333333
A_HA_H3	1004	234	G	0	0	234	39.5042735042735
A_HA_H3	1005	233	A	1	0	233	40.1931330472103
A_HA_H3	1006	234	A	0	0	234	41.1410256410256
A_HA_H3	1007	234	T	0	0	234	41.4059829059829
A_HA_H3	1008	234	G	0	0	234	40.7649572649573
A_HA_H3	1009	234	C	0	0	234	40.534188034188
A_HA_H3	1010	232	G	2	0	232	39.3146551724138
A_HA_H3	1011	234	A	0	0	234	37.7777777777778
A_HA_H3	1012	234	A	0	0	234	37.4145299145299
A_HA_H3	1013	234	A	0	0	234	37.6239316239316
A_HA_H3	1014	234	T	0	0	233	38.5064377682403
A_HA_H3	1015	234	G	0	0	234	38.9957264957265
A_HA_H3	1016	234	T	0	0	233	40.1502145922747
A_HA_H3	1017	234	A	0	0	232	37.6077586206897
A_HA_H3	1018	232	C	2	0	232	37.9310344827586
A_HA_H3	1019	234	C	0	0	234	37.4230769230769
A_HA_H3	1020	234	T	0	0	232	36.4568965517241
A_HA_H3	1021	233	G	1	0	231	36.025974025974
A_HA_H3	1022	232	A	2	0	232	37.3103448275862
A_HA_H3	1023	233	G	1	0	233	37.824034334764
A_HA_H3	1024	234	A	0	0	234	38.6965811965812
A_HA_H3	1025	234	A	0	0	234	39.6367521367521
A_HA_H3	1026	234	A	0	0	233	39.3862660944206
A_HA_H3	1027	234	C	0	0	234	39.6581196581197
A_HA_H3	1028	234	A	0	0	234	38.1324786324786
A_HA_H3	1029	233	A	1	0	233	39.2231759656652
A_HA_H3	1030	233	A	1	0	233	39.2961373390558
A_HA_H3	1031	233	C	1	0	233	38.9656652360515
A_HA_H3	1032	233	C	1	0	231	39.4502164502165
A_HA_H3	1033	233	A	1	0	233	37.7982832618026
A_HA_H3	1034	234	G	0	0	234	37.6068376068376
A_HA_H3	1035	234	A	0	0	234	37.3376068376068
A_HA_H3	1036	234	G	0	0	234	38.491452991453
A_HA_H3	1037	234	G	0	0	234	38.525641025641
A_HA_H3	1038	234	C	0	0	234	39.8461538461538
A_HA_H3	1039	234	A	0	0	234	39.5769230769231
A_HA_H3	1040	234	T	0	0	233	40.1545064377682
A_HA_H3	1041	234	A	0	0	234	40.8803418803419
A_HA_H3	1042	234	T	0	0	234	40.9102564102564
A_HA_H3	1043	234	T	0	0	234	41.7393162393162
A_HA_H3	1044	234	T	0	0	234	42.042735042735
A_HA_H3	1045	234	G	0	0	234	41.3205128205128
A_HA_H3	1046	234	G	0	0	233	40.8969957081545
A_HA_H3	1047	234	T	0	0	233	40.1974248927039
A_HA_H3	1048	236	G	0	0	235	39.8808510638298
A_HA_H3	1049	236	C	0	0	235	40.3787234042553
A_HA_H3	1050	236	A	0	0	236	39.8474576271186
A_HA_H3	1051	236	A	0	0	236	40.1652542372881
A_HA_H3	1052	236	T	0	0	234	40.5982905982906
A_HA_H3	1053	246	A	0	0	246	38.1788617886179
A_HA_H3	1054	246	G	0	0	246	38.1382113821138
A_HA_H3	1055	246	C	0	0	246	38.2764227642276
A_HA_H3	1056	246	G	0	0	233	37.1330472103004
A_HA_H3	1057	246	G	0	0	245	36.7469387755102
A_HA_H3	1058	245	G	1	0	244	37.4918032786885
A_HA_H3	1059	244	T	2	0	243	38.1358024691358
A_HA_H3	1060	245	T	1	0	244	40.2745901639344
A_HA_H3	1061	267	T	1	0	266	39.8984962406015
A_HA_H3	1062	267	C	1	0	266	38.4962406015038
A_HA_H3	1063	268	A	0	0	268	38.1492537313433
A_HA_H3	1064	268	T	0	0	268	37.7835820895522
A_HA_H3	1065	266	A	1	0	266	35.484962406015
A_HA_H3	1066	266	G	1	0	266	35.8834586466165
A_HA_H3	1067	265	A	2	0	265	35.7660377358491
A_HA_H3	1068	266	A	1	0	266	34.9436090225564
A_HA_H3	1069	267	A	0	0	267	33.2097378277154
A_HA_H3	1070	267	A	0	0	266	34.9210526315789
A_HA_H3	1071	267	T	0	0	266	36.406015037594
A_HA_H3	1072	267	G	0	0	267	36.8164794007491
A_HA_H3	1073	267	G	0	0	267	37.940074906367
A_HA_H3	1074	267	A	0	0	265	38.2641509433962
A_HA_H3	1075	267	T	0	0	266	39.296992481203
A_HA_H3	1076	247	G	20	0	244	36.9590163934426
A_HA_H3	1077	267	G	0	0	267	37.8426966292135
A_HA_H3	1078	267	G	0	0	266	37.6766917293233
A_HA_H3	1079	267	A	0	0	266	37.6766917293233
A_HA_H3	1080	267	G	2	0	267	38.7303370786517
A_HA_H3	1081	269	G	0	0	269	38.4609665427509
A_HA_H3	1082	269	G	0	0	268	37.4776119402985
A_HA_H3	1083	269	A	0	0	266	37.0751879699248
A_HA_H3	1084	269	A	0	0	268	38.9925373134328
A_HA_H3	1085	269	T	0	0	269	39.4014869888476
A_HA_H3	1086	269	G	0	0	269	38.9814126394052
A_HA_H3	1087	269	G	0	0	269	39.3122676579926
A_HA_H3	1088	269	T	0	0	269	40.1598513011152
A_HA_H3	1089	268	G	1	0	267	37.7078651685393
A_HA_H3	1090	269	G	0	0	269	37.639405204461
A_HA_H3	1091	269	A	0	0	268	37.4291044776119
A_HA_H3	1092	269	T	0	0	269	37.1598513011152
A_HA_H3	1093	269	G	0	0	268	36.5932835820896
A_HA_H3	1094	269	G	0	0	269	37.5576208178439
A_HA_H3	1095	268	T	1	0	268	38.2313432835821
A_HA_H3	1096	268	T	1	0	268	37.8208955223881
A_HA_H3	1097	268	G	1	0	267	37.4943820224719
A_HA_H3	1098	269	G	0	0	269	37.7063197026022
A_HA_H3	1099	269	T	0	0	267	38.4719101123596
A_HA_H3	1100	269	A	0	0	267	37.3483146067416
A_HA_H3	1101	269	C	0	0	267	38.3183520599251
A_HA_H3	1102	268	G	1	0	267	35.4719101123596
A_HA_H3	1103	268	G	1	0	268	35.75
A_HA_H3	1104	267	T	2	0	267	36.2284644194757
A_HA_H3	1105	267	T	2	0	267	36.8164794007491
A_HA_H3	1106	266	T	3	0	266	36.6278195488722
A_HA_H3	1107	268	C	1	0	268	36.9664179104478
A_HA_H3	1108	268	A	1	0	268	37.3134328358209
A_HA_H3	1109	269	G	0	0	268	37.6492537313433
A_HA_H3	1110	269	G	0	0	269	37.7472118959108
A_HA_H3	1111	269	C	0	0	268	37.4328358208955
A_HA_H3	1112	269	A	0	0	268	36.3731343283582
A_HA_H3	1113	269	T	0	0	269	38.2453531598513
A_HA_H3	1114	269	C	0	0	269	37.631970260223
A_HA_H3	1115	269	A	0	0	268	36.5559701492537
A_HA_H3	1116	269	A	0	0	269	35.9553903345725
A_HA_H3	1117	269	A	0	0	266	36.9962406015038
A_HA_H3	1118	269	A	0	0	266	36.5902255639098
A_HA_H3	1119	268	T	1	0	267	37.9138576779026
A_HA_H3	1120	269	T	0	0	267	39.374531835206
A_HA_H3	1121	269	C	0	0	267	38.0149812734082
A_HA_H3	1122	268	T	1	0	267	38.3445692883895
A_HA_H3	1123	269	G	0	0	268	36.2761194029851
A_HA_H3	1124	268	A	1	0	268	36.6529850746269
A_HA_H3	1125	264	G	5	0	264	35.6060606060606
A_HA_H3	1126	269	G	0	0	268	37.0783582089552
A_HA_H3	1127	269	G	0	0	269	38.4200743494424
A_HA_H3	1128	268	A	1	0	267	37.2696629213483
A_HA_H3	1129	267	A	2	0	266	38.4398496240602
A_HA_H3	1130	267	G	2	0	266	38.3007518796992
A_HA_H3	1131	268	A	1	0	267	38.1573033707865
A_HA_H3	1132	268	G	1	0	268	38.205223880597
A_HA_H3	1133	268	G	1	0	268	38.3059701492537
A_HA_H3	1134	268	A	1	0	267	38.3632958801498
A_HA_H3	1135	268	C	1	0	267	39.8501872659176
A_HA_H3	1136	266	A	3	0	266	39.8684210526316
A_HA_H3	1137	267	A	2	0	267	40.1760299625468
A_HA_H3	1138	268	G	1	0	268	39.7350746268657
A_HA_H3	1139	268	C	1	0	268	39.6119402985075
A_HA_H3	1140	269	A	0	0	269	38.3903345724907
A_HA_H3	1141	269	G	0	0	269	38.4832713754647
A_HA_H3	1142	268	C	1	0	268	39.0186567164179
A_HA_H3	1143	268	A	1	0	268	38.1641791044776
A_HA_H3	1144	267	G	2	0	267	38.5805243445693
A_HA_H3	1145	268	A	1	0	267	39.1348314606742
A_HA_H3	1146	268	T	1	0	268	38.7462686567164
A_HA_H3	1147	268	C	1	0	268	37.9141791044776
A_HA_H3	1148	267	T	2	0	266	38.6390977443609
A_HA_H3	1149	269	C	1	0	268	37.25
A_HA_H3	1150	267	A	3	0	267	36.1985018726592
A_HA_H3	1151	269	A	1	0	269	36.1672862453532
A_HA_H3	1152	269	A	1	0	268	36.9141791044776
A_HA_H3	1153	268	A	2	0	268	36.5820895522388
A_HA_H3	1154	267	G	3	0	262	37.6221374045802
A_HA_H3	1155	270	C	0	0	269	39.2788104089219
A_HA_H3	1156	270	A	0	0	270	37.9703703703704
A_HA_H3	1157	268	C	2	0	268	37.7388059701493
A_HA_H3	1158	267	T	3	0	267	37.8426966292135
A_HA_H3	1159	270	C	0	0	266	37.7105263157895
A_HA_H3	1160	277	A	0	0	274	37.6277372262774
A_HA_H3	1161	277	A	0	0	276	38.6159420289855
A_HA_H3	1162	276	G	1	0	272	38.8125
A_HA_H3	1163	276	C	1	0	273	39.3882783882784
A_HA_H3	1164	277	A	0	0	277	38.6823104693141
A_HA_H3	1165	277	G	0	0	276	39.2971014492754
A_HA_H3	1166	277	C	0	0	276	39.695652173913
A_HA_H3	1167	277	A	0	0	277	39.3935018050542
A_HA_H3	1168	277	A	0	0	276	39.036231884058
A_HA_H3	1169	277	T	0	0	277	39.6823104693141
A_HA_H3	1170	277	C	0	0	276	37.7717391304348
A_HA_H3	1171	277	G	0	0	276	36.8985507246377
A_HA_H3	1172	277	A	0	0	276	37.1884057971015
A_HA_H3	1173	277	T	0	0	277	37.3935018050542
A_HA_H3	1174	277	C	0	0	275	36.6472727272727
A_HA_H3	1175	277	A	0	0	275	37.9709090909091
A_HA_H3	1176	277	A	0	0	277	37.797833935018
A_HA_H3	1177	277	A	0	0	277	37.5559566787004
A_HA_H3	1178	277	T	0	0	277	38.5415162454874
A_HA_H3	1179	277	C	0	0	275	37
A_HA_H3	1180	277	A	0	0	277	36.8592057761733
A_HA_H3	1181	277	G	0	0	277	37.0180505415162
A_HA_H3	1182	277	T	0	0	276	37.1992753623188
A_HA_H3	1183	272	G	5	0	272	36.2573529411765
A_HA_H3	1184	277	G	0	0	277	37.8158844765343
A_HA_H3	1185	277	G	0	0	277	38.3718411552347
A_HA_H3	1186	277	A	0	0	277	38.7906137184115
A_HA_H3	1187	276	A	1	0	276	39.5724637681159
A_HA_H3	1188	276	G	1	0	276	38.6594202898551
A_HA_H3	1189	277	C	0	0	277	38.8050541516245
A_HA_H3	1190	277	T	0	0	277	38.1913357400722
A_HA_H3	1191	276	G	1	0	274	36.8686131386861
A_HA_H3	1192	277	A	0	0	276	36.75
A_HA_H3	1193	277	A	0	0	277	36.7400722021661
A_HA_H3	1194	277	T	0	0	277	36.9891696750903
A_HA_H3	1195	277	C	0	0	273	35.1062271062271
A_HA_H3	1196	276	G	1	0	273	34.8095238095238
A_HA_H3	1197	277	A	0	0	277	34.4151624548736
A_HA_H3	1198	277	T	0	0	277	34.4296028880866
A_HA_H3	1199	276	T	0	0	275	35.0327272727273
A_HA_H3	1200	276	G	0	0	275	36.12
A_HA_H3	1201	276	A	0	0	276	36.1920289855072
A_HA_H3	1202	276	T	0	0	276	36.8514492753623
A_HA_H3	1203	276	C	0	0	273	34.6043956043956
A_HA_H3	1204	275	G	1	0	275	34.2436363636364
A_HA_H3	1205	275	G	1	0	275	34.1454545454545
A_HA_H3	1206	269	A	7	0	265	35.0641509433962
A_HA_H3	1207	274	A	2	0	273	35.1172161172161
A_HA_H3	1208	276	A	0	0	276	36.981884057971
A_HA_H3	1209	275	A	1	0	274	37.3832116788321
A_HA_H3	1210	275	A	1	0	274	37.463503649635
A_HA_H3	1211	275	C	1	0	274	37.4014598540146
A_HA_H3	1212	275	C	1	0	271	36.8708487084871
A_HA_H3	1213	275	A	1	0	272	36.8161764705882
A_HA_H3	1214	275	A	1	0	275	37.4327272727273
A_HA_H3	1215	276	C	0	0	274	37.2737226277372
A_HA_H3	1216	276	G	0	0	274	37.1386861313869
A_HA_H3	1217	276	A	0	0	276	37.6775362318841
A_HA_H3	1218	276	G	0	0	275	38.5381818181818
A_HA_H3	1219	276	A	0	0	276	38.6123188405797
A_HA_H3	1220	276	A	0	0	276	40.054347826087
A_HA_H3	1221	275	G	1	0	274	40.2226277372263
A_HA_H3	1222	276	T	0	0	273	41.1282051282051
A_HA_H3	1223	276	T	0	0	275	40.8072727272727
A_HA_H3	1224	276	C	0	0	276	39.4601449275362
A_HA_H3	1225	276	C	0	0	276	38.9710144927536
A_HA_H3	1226	276	A	0	0	276	38.481884057971
A_HA_H3	1227	276	T	0	0	276	38.5471014492754
A_HA_H3	1228	276	C	0	0	276	37.1340579710145
A_HA_H3	1229	276	A	0	0	276	38.4275362318841
A_HA_H3	1230	276	G	0	0	276	38.3985507246377
A_HA_H3	1231	276	A	0	0	276	38.2934782608696
A_HA_H3	1232	275	T	1	0	275	38.0909090909091
A_HA_H3	1233	276	T	0	0	274	37.3905109489051
A_HA_H3	1234	276	G	0	0	275	36.2290909090909
A_HA_H3	1235	272	A	4	0	272	37.9963235294118
A_HA_H3	1236	275	A	1	0	274	38.3211678832117
A_HA_H3	1237	275	A	1	0	272	38.4448529411765
A_HA_H3	1238	275	A	1	0	274	39.2226277372263
A_HA_H3	1239	275	A	1	0	274	40.1386861313869
A_HA_H3	1240	276	G	0	0	275	39.9636363636364
A_HA_H3	1241	275	A	1	0	275	40.4545454545455
A_HA_H3	1242	276	A	0	0	274	40.3978102189781
A_HA_H3	1243	275	T	1	0	274	40.8357664233577
A_HA_H3	1244	275	T	1	0	275	40.5381818181818
A_HA_H3	1245	274	C	2	0	274	39.8138686131387
A_HA_H3	1246	273	T	3	0	273	40.2124542124542
A_HA_H3	1247	274	C	2	0	273	39.5494505494505
A_HA_H3	1248	273	A	3	0	273	39.6336996336996
A_HA_H3	1249	273	G	3	0	272	40.1764705882353
A_HA_H3	1250	275	A	1	0	275	40.36
A_HA_H3	1251	276	A	0	0	276	41.3007246376812
A_HA_H3	1252	276	G	0	0	275	40.5818181818182
A_HA_H3	1253	275	T	1	0	275	41.56
A_HA_H3	1254	274	A	2	0	273	39.6813186813187
A_HA_H3	1255	274	G	2	0	272	40.0477941176471
A_HA_H3	1256	276	A	0	0	276	39.9239130434783
A_HA_H3	1257	276	A	0	0	275	40.1381818181818
A_HA_H3	1258	276	G	0	0	276	40.445652173913
A_HA_H3	1259	276	G	0	0	276	40.8659420289855
A_HA_H3	1260	275	A	1	0	275	42.2109090909091
A_HA_H3	1261	276	A	0	0	276	42.3913043478261
A_HA_H3	1262	276	G	0	0	275	42.3454545454545
A_HA_H3	1263	276	A	0	0	276	42.1304347826087
A_HA_H3	1264	276	G	0	0	275	41.6109090909091
A_HA_H3	1265	276	T	0	0	276	41.3297101449275
A_HA_H3	1266	275	T	1	0	275	40.8690909090909
A_HA_H3	1267	275	C	1	0	275	38.8363636363636
A_HA_H3	1268	276	A	0	0	276	38.768115942029
A_HA_H3	1269	276	A	0	0	276	38.9094202898551
A_HA_H3	1270	276	G	0	0	276	39.0507246376812
A_HA_H3	1271	276	A	0	0	275	39.6509090909091
A_HA_H3	1272	276	C	0	0	275	39.3163636363636
A_HA_H3	1273	276	C	0	0	275	38.5018181818182
A_HA_H3	1274	277	T	0	0	277	39.913357400722
A_HA_H3	1275	278	T	0	0	278	40.9640287769784
A_HA_H3	1276	276	G	2	0	276	39.1521739130435
A_HA_H3	1277	277	A	1	0	276	38.8260869565217
A_HA_H3	1278	277	G	1	0	275	40.5781818181818
A_HA_H3	1279	273	A	5	0	271	40.9594095940959
A_HA_H3	1280	278	A	0	0	278	41.2230215827338
A_HA_H3	1281	278	A	0	0	277	41.2671480144404
A_HA_H3	1282	278	T	0	0	277	40.7184115523466
A_HA_H3	1283	278	A	0	0	277	41.115523465704
A_HA_H3	1284	278	T	0	0	277	40.6895306859206
A_HA_H3	1285	278	G	0	0	278	40.136690647482
A_HA_H3	1286	278	T	0	0	278	40.089928057554
A_HA_H3	1287	278	T	0	0	276	39.4528985507246
A_HA_H3	1288	278	G	0	0	277	37.9169675090253
A_HA_H3	1289	278	A	0	0	277	37.5270758122744
A_HA_H3	1290	278	G	0	0	277	37.9025270758123
A_HA_H3	1291	278	G	0	0	278	37.5935251798561
A_HA_H3	1292	278	A	0	0	277	39.1335740072202
A_HA_H3	1293	278	C	0	0	278	39.1690647482014
A_HA_H3	1294	278	A	0	0	278	38.3345323741007
A_HA_H3	1295	278	C	0	0	277	39.3862815884477
A_HA_H3	1296	278	T	0	0	277	39.7400722021661
A_HA_H3	1297	274	A	4	0	272	38.9044117647059
A_HA_H3	1298	274	A	4	0	272	38.6176470588235
A_HA_H3	1299	273	A	5	0	272	39.1397058823529
A_HA_H3	1300	276	A	2	0	275	38.3709090909091
A_HA_H3	1301	276	T	2	0	271	38.9151291512915
A_HA_H3	1302	277	A	1	0	273	39.4102564102564
A_HA_H3	1303	277	G	1	0	275	39.2072727272727
A_HA_H3	1304	277	A	1	0	277	38.7797833935018
A_HA_H3	1305	277	T	1	0	275	39.4654545454545
A_HA_H3	1306	277	C	1	0	277	37.6895306859206
A_HA_H3	1307	278	T	0	0	278	38.5431654676259
A_HA_H3	1308	278	C	0	0	278	37.4748201438849
A_HA_H3	1309	277	T	1	0	277	37.6534296028881
A_HA_H3	1310	278	G	0	0	278	36.910071942446
A_HA_H3	1311	277	G	0	0	277	39.9061371841155
A_HA_H3	1312	277	T	0	0	276	39.6666666666667
A_HA_H3	1313	277	C	0	0	276	39.9927536231884
A_HA_H3	1314	277	A	0	0	277	39.6137184115523
A_HA_H3	1315	276	T	1	0	275	39.2290909090909
A_HA_H3	1316	277	A	0	0	277	37.9458483754513
A_HA_H3	1317	277	C	0	0	276	37.9746376811594
A_HA_H3	1318	277	A	0	0	275	37.2945454545455
A_HA_H3	1319	277	A	0	0	277	37.7472924187726
A_HA_H3	1320	277	T	0	0	277	38.1046931407942
A_HA_H3	1321	277	G	0	0	277	36.9494584837545
A_HA_H3	1322	277	C	0	0	277	36.9675090252708
A_HA_H3	1323	275	G	2	0	275	36.8981818181818
A_HA_H3	1324	274	G	3	0	270	36.7037037037037
A_HA_H3	1325	276	A	1	0	276	36.4673913043478
A_HA_H3	1326	275	G	1	0	274	36.4744525547445
A_HA_H3	1327	275	C	1	0	272	37.0882352941176
A_HA_H3	1328	274	T	2	0	270	38.0148148148148
A_HA_H3	1329	272	T	4	0	270	37.7444444444444
A_HA_H3	1330	271	C	5	0	269	36.996282527881
A_HA_H3	1331	275	T	1	0	273	36.9047619047619
A_HA_H3	1332	276	T	0	0	274	38.0510948905109
A_HA_H3	1333	276	G	0	0	276	38.6195652173913
A_HA_H3	1334	275	T	0	0	273	37.6923076923077
A_HA_H3	1335	274	T	1	0	272	38.8602941176471
A_HA_H3	1336	274	G	1	0	274	38.456204379562
A_HA_H3	1337	274	C	1	0	273	38.5531135531136
A_HA_H3	1338	275	C	0	0	274	39.7481751824818
A_HA_H3	1339	275	C	0	0	274	40.536496350365
A_HA_H3	1340	275	T	0	0	274	40.5875912408759
A_HA_H3	1341	274	G	1	0	274	39.9671532846715
A_HA_H3	1342	275	G	0	0	275	40.0181818181818
A_HA_H3	1343	275	A	0	0	275	39.8581818181818
A_HA_H3	1344	275	G	0	0	273	39.1868131868132
A_HA_H3	1345	275	A	0	0	275	39.5381818181818
A_HA_H3	1346	275	A	0	0	275	39.7127272727273
A_HA_H3	1347	275	C	0	0	274	38.4270072992701
A_HA_H3	1348	275	C	0	0	274	38.5
A_HA_H3	1349	275	A	0	0	275	39.9854545454545
A_HA_H3	1350	275	A	0	0	275	39.4727272727273
A_HA_H3	1351	275	C	0	0	274	39.5729927007299
A_HA_H3	1352	274	A	1	0	274	40.3211678832117
A_HA_H3	1353	274	T	1	0	271	40.5645756457565
A_HA_H3	1354	274	A	1	0	274	40.4452554744526
A_HA_H3	1355	275	C	0	0	273	40.3663003663004
A_HA_H3	1356	275	G	0	0	272	38.5845588235294
A_HA_H3	1357	275	A	0	0	275	38.4509090909091
A_HA_H3	1358	275	T	0	0	275	39.2290909090909
A_HA_H3	1359	275	T	0	0	273	38.8461538461538
A_HA_H3	1360	275	G	0	0	274	39.0583941605839
A_HA_H3	1361	275	A	0	0	275	40.6181818181818
A_HA_H3	1362	275	C	0	0	275	40.9709090909091
A_HA_H3	1363	274	C	1	0	274	40.2262773722628
A_HA_H3	1364	274	T	1	0	270	40.0925925925926
A_HA_H3	1365	273	A	2	0	273	39.2673992673993
A_HA_H3	1366	273	A	2	0	272	39.2610294117647
A_HA_H3	1367	274	C	1	0	274	39.5948905109489
A_HA_H3	1368	274	T	1	0	272	40.0441176470588
A_HA_H3	1369	275	G	0	0	275	41.1781818181818
A_HA_H3	1370	274	A	1	0	274	41.2883211678832
A_HA_H3	1371	274	C	1	0	273	41.1758241758242
A_HA_H3	1372	273	T	2	0	272	40.2205882352941
A_HA_H3	1373	274	C	1	0	274	39.9197080291971
A_HA_H3	1374	275	A	0	0	275	40.1163636363636
A_HA_H3	1375	275	G	0	0	274	40.6897810218978
A_HA_H3	1376	275	A	0	0	275	41.9672727272727
A_HA_H3	1377	275	A	0	0	275	42.7854545454545
A_HA_H3	1378	275	A	0	0	275	42.5709090909091
A_HA_H3	1379	275	T	0	0	274	43.4197080291971
A_HA_H3	1380	275	G	0	0	271	41.4317343173432
A_HA_H3	1381	274	A	1	0	274	41.7080291970803
A_HA_H3	1382	274	A	1	0	274	41.8394160583942
A_HA_H3	1383	274	C	1	0	274	41.8430656934307
A_HA_H3	1384	275	A	0	0	275	41.2618181818182
A_HA_H3	1385	275	A	0	0	273	41.6336996336996
A_HA_H3	1386	275	G	0	0	275	42.0690909090909
A_HA_H3	1387	275	C	0	0	275	41.4545454545455
A_HA_H3	1388	275	T	0	0	275	41.6945454545455
A_HA_H3	1389	275	G	0	0	275	41.3963636363636
A_HA_H3	1390	274	T	1	0	274	40.8357664233577
A_HA_H3	1391	275	T	0	0	274	39.3357664233577
A_HA_H3	1392	275	T	0	0	275	39.6145454545455
A_HA_H3	1393	275	G	0	0	273	37.4945054945055
A_HA_H3	1394	271	A	4	0	270	37.962962962963
A_HA_H3	1395	274	A	1	0	273	36.6666666666667
A_HA_H3	1396	274	A	1	0	274	37.8832116788321
A_HA_H3	1397	275	A	0	0	274	39.3284671532847
A_HA_H3	1398	275	A	0	0	275	42.5490909090909
A_HA_H3	1399	275	A	0	0	275	42.4509090909091
A_HA_H3	1400	275	C	0	0	275	41.9672727272727
A_HA_H3	1401	273	A	2	0	273	39.6153846153846
A_HA_H3	1402	275	A	0	0	275	40.08
A_HA_H3	1403	275	A	0	0	273	40.7619047619048
A_HA_H3	1404	275	G	0	0	275	40.5927272727273
A_HA_H3	1405	275	A	0	0	275	42.0945454545455
A_HA_H3	1406	275	A	0	0	275	42.0363636363636
A_HA_H3	1407	275	G	0	0	275	41.1490909090909
A_HA_H3	1408	275	C	0	0	275	40.1781818181818
A_HA_H3	1409	275	A	0	0	275	39.1309090909091
A_HA_H3	1410	275	A	0	0	275	40.6327272727273
A_HA_H3	1411	275	C	0	0	275	41.2509090909091
A_HA_H3	1412	275	T	0	0	275	41.2909090909091
A_HA_H3	1413	275	G	0	0	273	39.956043956044
A_HA_H3	1414	275	A	0	0	275	39.3454545454545
A_HA_H3	1415	275	G	0	0	275	39
A_HA_H3	1416	275	G	0	0	275	40.7890909090909
A_HA_H3	1417	275	G	0	0	275	40.3418181818182
A_HA_H3	1418	274	A	1	0	273	40.2271062271062
A_HA_H3	1419	275	A	0	0	275	40.8945454545455
A_HA_H3	1420	275	A	0	0	275	42.0181818181818
A_HA_H3	1421	275	A	0	0	274	41.8649635036496
A_HA_H3	1422	275	T	0	0	275	42.5163636363636
A_HA_H3	1423	275	G	0	0	275	41.9309090909091
A_HA_H3	1424	275	C	0	0	275	41.8109090909091
A_HA_H3	1425	274	T	1	0	273	42.3076923076923
A_HA_H3	1426	275	G	0	0	273	40.3663003663004
A_HA_H3	1427	275	A	0	0	274	38.2773722627737
A_HA_H3	1428	275	G	0	0	273	37.981684981685
A_HA_H3	1429	275	G	0	0	275	39.8872727272727
A_HA_H3	1430	275	A	0	0	275	40.9018181818182
A_HA_H3	1431	275	T	0	0	275	39.8509090909091
A_HA_H3	1432	274	A	1	0	274	40.8357664233577
A_HA_H3	1433	274	T	1	0	274	41.478102189781
A_HA_H3	1434	274	G	1	0	274	40.4671532846715
A_HA_H3	1435	275	G	0	0	275	40.6763636363636
A_HA_H3	1436	275	G	0	0	274	40.2554744525547
A_HA_H3	1437	275	A	0	0	275	40.7672727272727
A_HA_H3	1438	275	A	0	0	275	42.7018181818182
A_HA_H3	1439	275	A	0	0	274	42.7846715328467
A_HA_H3	1440	275	T	0	0	275	41.6690909090909
A_HA_H3	1441	275	G	0	0	275	40.84
A_HA_H3	1442	275	G	0	0	275	40.1636363636364
A_HA_H3	1443	275	T	0	0	274	40.3540145985401
A_HA_H3	1444	277	T	0	0	275	39.9527272727273
A_HA_H3	1445	276	G	1	0	275	39.3381818181818
A_HA_H3	1446	277	T	0	0	277	39.9783393501805
A_HA_H3	1447	277	T	0	0	276	40.0688405797101
A_HA_H3	1448	277	T	0	0	275	39.84
A_HA_H3	1449	277	C	0	0	277	37.1985559566787
A_HA_H3	1450	277	A	0	0	276	39.4094202898551
A_HA_H3	1451	277	A	0	0	276	39.2282608695652
A_HA_H3	1452	277	A	0	0	277	40.3429602888087
A_HA_H3	1453	277	A	0	0	277	40.8953068592058
A_HA_H3	1454	277	T	0	0	276	42.4094202898551
A_HA_H3	1455	277	A	0	0	276	42.4528985507246
A_HA_H3	1456	277	T	0	0	277	41.884476534296
A_HA_H3	1457	276	A	1	0	275	41.0945454545455
A_HA_H3	1458	276	C	1	0	276	40.554347826087
A_HA_H3	1459	276	C	1	0	273	39.974358974359
A_HA_H3	1460	276	A	1	0	276	39.963768115942
A_HA_H3	1461	276	C	1	0	276	40.4673913043478
A_HA_H3	1462	277	A	0	0	277	40.7436823104693
A_HA_H3	1463	278	A	0	0	278	41.8848920863309
A_HA_H3	1464	278	A	0	0	278	42.2158273381295
A_HA_H3	1465	278	T	0	0	278	42.3165467625899
A_HA_H3	1466	278	G	0	0	278	42.9784172661871
A_HA_H3	1467	278	T	0	0	278	42.9352517985612
A_HA_H3	1468	278	G	0	0	278	41.8129496402878
A_HA_H3	1469	278	A	0	0	276	41.481884057971
A_HA_H3	1470	278	C	0	0	278	41.4532374100719
A_HA_H3	1471	278	A	0	0	278	40.4352517985612
A_HA_H3	1472	278	A	0	0	278	40.2913669064748
A_HA_H3	1473	278	T	0	0	278	40.8021582733813
A_HA_H3	1474	278	G	0	0	278	40.3129496402878
A_HA_H3	1475	277	C	1	0	277	41.1624548736462
A_HA_H3	1476	278	C	0	0	276	41.3007246376812
A_HA_H3	1477	278	T	0	0	277	41.7220216606498
A_HA_H3	1478	278	G	0	0	277	41.0794223826715
A_HA_H3	1479	278	C	0	0	275	41.8581818181818
A_HA_H3	1480	278	A	0	0	278	41.6330935251799
A_HA_H3	1481	278	T	0	0	278	41.8381294964029
A_HA_H3	1482	278	A	0	0	278	39.4244604316547
A_HA_H3	1483	278	G	0	0	278	40.0503597122302
A_HA_H3	1484	278	G	0	0	277	39.7436823104693
A_HA_H3	1485	278	A	0	0	278	39.4856115107914
A_HA_H3	1486	278	T	0	0	278	40.0503597122302
A_HA_H3	1487	278	C	0	0	277	38.6064981949458
A_HA_H3	1488	278	A	0	0	278	38.0359712230216
A_HA_H3	1489	278	A	0	0	278	38.2985611510791
A_HA_H3	1490	278	T	0	0	277	37.5884476534296
A_HA_H3	1491	277	A	1	0	277	37.2599277978339
A_HA_H3	1492	278	A	0	0	277	38.5090252707581
A_HA_H3	1493	278	G	0	0	277	38.4981949458484
A_HA_H3	1494	278	A	0	0	278	37.9676258992806
A_HA_H3	1495	278	A	0	0	278	39.7985611510791
A_HA_H3	1496	278	A	0	0	277	42.1480144404332
A_HA_H3	1497	278	T	0	0	277	42.3754512635379
A_HA_H3	1498	278	G	0	0	277	41.1516245487365
A_HA_H3	1499	278	A	0	0	277	40.9097472924188
A_HA_H3	1500	278	A	0	0	278	42.5755395683453
A_HA_H3	1501	279	A	0	0	279	42.7598566308244
A_HA_H3	1502	279	C	0	0	278	42.3812949640288
A_HA_H3	1503	279	T	0	0	278	42.7158273381295
A_HA_H3	1504	279	T	0	0	279	43.1756272401434
A_HA_H3	1505	279	A	0	0	279	41.3620071684588
A_HA_H3	1506	279	T	0	0	279	40.7849462365591
A_HA_H3	1507	279	G	0	0	279	40.5268817204301
A_HA_H3	1508	279	A	0	0	279	41.2365591397849
A_HA_H3	1509	279	C	0	0	279	41.0394265232975
A_HA_H3	1510	279	C	0	0	279	41.6379928315412
A_HA_H3	1511	279	A	0	0	279	41.6451612903226
A_HA_H3	1512	279	C	0	0	279	40.8207885304659
A_HA_H3	1513	279	A	0	0	279	40.3942652329749
A_HA_H3	1514	279	A	0	0	279	40.9641577060932
A_HA_H3	1515	279	T	0	0	278	41.3489208633094
A_HA_H3	1516	279	G	0	0	278	41.0971223021583
A_HA_H3	1517	278	T	1	0	278	41.8093525179856
A_HA_H3	1518	279	G	0	0	277	41.2888086642599
A_HA_H3	1519	278	T	1	0	278	41.2086330935252
A_HA_H3	1520	277	A	2	0	277	40.913357400722
A_HA_H3	1521	278	C	1	0	276	41.2826086956522
A_HA_H3	1522	278	A	1	0	278	39.6942446043165
A_HA_H3	1523	278	G	1	0	278	40.9280575539568
A_HA_H3	1524	279	G	0	0	279	41.3046594982079
A_HA_H3	1525	279	G	0	0	277	41.3249097472924
A_HA_H3	1526	279	A	0	0	279	41.1326164874552
A_HA_H3	1527	279	T	0	0	278	42.2805755395683
A_HA_H3	1528	278	G	1	0	278	40.9388489208633
A_HA_H3	1529	278	A	1	0	277	42.028880866426
A_HA_H3	1530	279	A	0	0	279	41.5161290322581
A_HA_H3	1531	279	G	0	0	278	42.0467625899281
A_HA_H3	1532	279	C	0	0	278	42.2985611510791
A_HA_H3	1533	279	A	0	0	278	40.8920863309352
A_HA_H3	1534	279	T	0	0	279	40.7777777777778
A_HA_H3	1535	279	T	0	0	277	39.2129963898917
A_HA_H3	1536	277	A	2	0	274	38.985401459854
A_HA_H3	1537	279	A	0	0	279	38.8351254480287
A_HA_H3	1538	279	A	0	0	279	39.3870967741936
A_HA_H3	1539	279	C	0	0	279	40.1039426523297
A_HA_H3	1540	279	A	0	0	279	40.4121863799283
A_HA_H3	1541	278	A	1	0	278	40.5719424460432
A_HA_H3	1542	278	C	1	0	278	41.1942446043165
A_HA_H3	1543	279	C	0	0	276	39.1159420289855
A_HA_H3	1544	279	G	0	0	278	37.8848920863309
A_HA_H3	1545	279	G	0	0	278	37.8273381294964
A_HA_H3	1546	278	T	1	0	278	37.9136690647482
A_HA_H3	1547	279	T	0	0	278	37.5143884892086
A_HA_H3	1548	279	C	0	0	279	37.1469534050179
A_HA_H3	1549	279	C	0	0	276	39.0289855072464
A_HA_H3	1550	278	A	1	0	275	39.1345454545455
A_HA_H3	1551	278	G	1	0	277	38.5451263537906
A_HA_H3	1552	279	A	0	0	277	38.6642599277978
A_HA_H3	1553	279	T	0	0	278	40.4388489208633
A_HA_H3	1554	279	C	0	0	278	38.9604316546763
A_HA_H3	1555	278	A	1	0	278	39.5071942446043
A_HA_H3	1556	278	A	1	0	277	38.7689530685921
A_HA_H3	1557	278	G	1	0	278	38.7446043165468
A_HA_H3	1558	278	G	1	0	277	39.158844765343
A_HA_H3	1559	278	G	1	0	277	39.4584837545126
A_HA_H3	1560	279	A	0	0	279	39.8566308243728
A_HA_H3	1561	279	G	0	0	279	39.4516129032258
A_HA_H3	1562	277	T	2	0	275	39.6109090909091
A_HA_H3	1563	279	T	0	0	278	38.4136690647482
A_HA_H3	1564	279	G	0	0	273	36.96336996337
A_HA_H3	1565	279	A	0	0	278	36.8705035971223
A_HA_H3	1566	279	G	0	0	279	37.0752688172043
A_HA_H3	1567	278	C	1	0	278	37.2014388489209
A_HA_H3	1568	279	T	1	0	279	37.5698924731183
A_HA_H3	1569	279	G	1	0	276	37.9166666666667
A_HA_H3	1570	280	A	0	0	276	37.6847826086956
A_HA_H3	1571	273	A	0	0	273	38.1355311355311
A_HA_H3	1572	273	G	0	0	270	37.6296296296296
A_HA_H3	1573	273	T	0	0	273	38.9194139194139
A_HA_H3	1574	305	C	2	0	305	37.0360655737705
A_HA_H3	1575	306	A	1	0	306	36.9575163398693
A_HA_H3	1576	307	G	0	0	305	37.1180327868852
A_HA_H3	1577	307	G	0	0	307	37.6840390879479
A_HA_H3	1578	306	G	1	0	296	37.7972972972973
A_HA_H3	1579	305	T	2	0	304	38.4078947368421
A_HA_H3	1580	306	A	1	0	303	37.4884488448845
A_HA_H3	1581	305	C	2	0	299	37.3946488294314
A_HA_H3	1582	307	A	0	0	306	35.5294117647059
A_HA_H3	1583	307	A	0	0	306	35.3856209150327
A_HA_H3	1584	307	A	0	0	306	36.5588235294118
A_HA_H3	1585	307	G	0	0	305	37.4524590163934
A_HA_H3	1586	307	A	0	0	307	39.7100977198697
A_HA_H3	1587	307	T	0	0	306	40.4705882352941
A_HA_H3	1588	307	T	0	0	306	39.7647058823529
A_HA_H3	1589	307	G	0	0	306	38.3039215686275
A_HA_H3	1590	306	G	1	0	306	38.2581699346405
A_HA_H3	1591	306	A	1	0	305	39.8098360655738
A_HA_H3	1592	306	T	1	0	306	40.3496732026144
A_HA_H3	1593	306	C	1	0	306	40.8562091503268
A_HA_H3	1594	307	C	0	0	305	40.9180327868852
A_HA_H3	1595	305	T	2	0	304	41.5789473684211
A_HA_H3	1596	305	A	2	0	305	40.8196721311475
A_HA_H3	1597	307	T	0	0	307	40.8013029315961
A_HA_H3	1598	307	G	0	0	307	40.4560260586319
A_HA_H3	1599	307	G	0	0	307	41.0618892508143
A_HA_H3	1600	307	A	0	0	307	41.4723127035831
A_HA_H3	1601	307	T	0	0	306	42.5098039215686
A_HA_H3	1602	307	T	0	0	307	42.9218241042345
A_HA_H3	1603	307	T	0	0	306	43.2222222222222
A_HA_H3	1604	307	C	0	0	306	43.5522875816993
A_HA_H3	1605	307	C	0	0	307	41.8534201954397
A_HA_H3	1606	307	T	0	0	307	41.6091205211726
A_HA_H3	1607	307	T	0	0	307	41.4918566775244
A_HA_H3	1608	307	T	0	0	307	41.9250814332248
A_HA_H3	1609	307	G	0	0	306	39.0228758169935
A_HA_H3	1610	307	C	0	0	307	41.1270358306189
A_HA_H3	1611	307	C	0	0	307	42.2377850162866
A_HA_H3	1612	307	A	0	0	307	42.1530944625407
A_HA_H3	1613	307	T	0	0	307	42.185667752443
A_HA_H3	1614	307	G	0	0	307	42
A_HA_H3	1615	307	T	0	0	306	42.4183006535948
A_HA_H3	1616	307	C	0	0	307	41.2345276872964
A_HA_H3	1617	307	A	0	0	307	40.3615635179153
A_HA_H3	1618	307	T	0	0	307	39.9641693811075
A_HA_H3	1619	307	G	0	0	307	38.7557003257329
A_HA_H3	1620	305	T	2	0	304	39.7993421052632
A_HA_H3	1621	307	T	0	0	307	39.4462540716612
A_HA_H3	1622	307	T	0	0	307	40.9120521172638
A_HA_H3	1623	307	T	0	0	307	40.9967426710098
A_HA_H3	1624	307	T	0	0	307	42.0325732899023
A_HA_H3	1625	307	T	0	0	307	41.442996742671
A_HA_H3	1626	307	G	0	0	306	41.2091503267974
A_HA_H3	1627	306	C	1	0	303	40.2607260726073
A_HA_H3	1628	307	T	0	0	306	40.2418300653595
A_HA_H3	1629	307	T	0	0	306	39.6797385620915
A_HA_H3	1630	307	T	0	0	306	40.8071895424837
A_HA_H3	1631	307	G	0	0	306	41.1470588235294
A_HA_H3	1632	307	T	0	0	307	41.2964169381108
A_HA_H3	1633	307	A	0	0	307	41.14332247557
A_HA_H3	1634	307	T	0	0	307	41.0260586319218
A_HA_H3	1635	306	T	1	0	305	40.655737704918
A_HA_H3	1636	306	G	1	0	306	39.7843137254902
A_HA_H3	1637	307	C	0	0	307	39.8241042345277
A_HA_H3	1638	307	T	0	0	307	39.8729641693811
A_HA_H3	1639	308	T	0	0	308	40.3896103896104
A_HA_H3	1640	307	T	0	0	307	40.485342019544
A_HA_H3	1641	307	G	0	0	306	39.7091503267974
A_HA_H3	1642	307	T	0	0	307	40.7687296416938
A_HA_H3	1643	307	T	0	0	306	39.7679738562092
A_HA_H3	1644	303	G	3	0	301	37.5282392026578
A_HA_H3	1645	306	G	0	0	306	37.0980392156863
A_HA_H3	1646	306	G	0	0	304	38.5131578947368
A_HA_H3	1647	306	G	0	0	304	39.0559210526316
A_HA_H3	1648	305	T	1	0	303	39.7557755775578
A_HA_H3	1649	306	T	0	0	302	40.8046357615894
A_HA_H3	1650	306	C	0	0	306	39.4869281045752
A_HA_H3	1651	306	A	0	0	304	40.0690789473684
A_HA_H3	1652	306	T	0	0	306	40.1535947712418
A_HA_H3	1653	306	C	0	0	302	39.6655629139073
A_HA_H3	1654	306	A	0	0	302	39.135761589404
A_HA_H3	1655	305	T	1	0	302	39.387417218543
A_HA_H3	1656	305	G	1	0	305	39.1475409836066
A_HA_H3	1657	304	T	2	0	302	39.6324503311258
A_HA_H3	1658	305	G	1	0	304	38.8289473684211
A_HA_H3	1659	304	G	2	0	303	39.96699669967
A_HA_H3	1660	305	G	1	0	305	39.183606557377
A_HA_H3	1661	305	C	1	0	305	37.2983606557377
A_HA_H3	1662	305	C	1	0	305	38.3573770491803
A_HA_H3	1663	306	T	0	0	305	38.7508196721312
A_HA_H3	1664	306	G	0	0	304	36.9473684210526
A_HA_H3	1665	302	C	4	0	301	37.3953488372093
A_HA_H3	1666	306	C	0	0	306	37.2908496732026
A_HA_H3	1667	297	A	9	0	296	36.9358108108108
A_HA_H3	1668	305	A	1	0	305	36.8590163934426
A_HA_H3	1669	306	A	0	0	305	38.3639344262295
A_HA_H3	1670	302	A	3	0	300	40.5166666666667
A_HA_H3	1671	298	G	7	0	295	41.1728813559322
A_HA_H3	1672	303	G	2	0	303	41.973597359736
A_HA_H3	1673	304	G	1	0	304	40.7467105263158
A_HA_H3	1674	304	C	1	0	300	39.6133333333333
A_HA_H3	1675	303	A	2	0	300	40.0433333333333
A_HA_H3	1676	304	A	1	0	302	40.1523178807947
A_HA_H3	1677	304	C	1	0	302	40.1158940397351
A_HA_H3	1678	303	A	2	0	302	40.3774834437086
A_HA_H3	1679	303	T	2	0	302	40.7119205298013
A_HA_H3	1680	303	T	2	0	300	41.05
A_HA_H3	1681	304	A	0	0	304	40.0822368421053
A_HA_H3	1682	303	G	0	0	303	40.7029702970297
A_HA_H3	1683	303	A	0	0	302	40.682119205298
A_HA_H3	1684	302	T	1	0	300	40.6533333333333
A_HA_H3	1685	303	G	0	0	301	40.2790697674419
A_HA_H3	1686	303	C	0	0	302	40.5331125827815
A_HA_H3	1687	303	A	0	0	302	40.6092715231788
A_HA_H3	1688	303	A	0	0	303	40.4092409240924
A_HA_H3	1689	303	C	0	0	303	40.9009900990099
A_HA_H3	1690	303	A	0	0	303	40.6798679867987
A_HA_H3	1691	303	T	0	0	303	41.4290429042904
A_HA_H3	1692	303	T	0	0	300	41.9033333333333
A_HA_H3	1693	303	T	0	0	303	42.7689768976898
A_HA_H3	1694	303	G	0	0	303	41.7920792079208
A_HA_H3	1695	303	C	0	0	303	41.950495049505
A_HA_H3	1696	303	A	0	0	303	40.6303630363036
A_HA_H3	1697	303	T	0	0	303	39.3795379537954
A_HA_H3	1698	303	T	0	0	303	39.7854785478548
A_HA_H3	1699	303	T	0	0	303	40.3630363036304
A_HA_H3	1700	303	G	0	0	303	38.9471947194719
A_HA_H3	1701	303	A	0	0	303	39.3795379537954
