Reference_Name	Position	Coverage Depth	Consensus	Deletions	Ambiguous	Consensus_Count	Consensus_Average_Quality
A_NP	1	122	A	0	0	122	37.0491803278689
A_NP	2	122	T	0	0	122	38.1065573770492
A_NP	3	122	G	0	0	122	36.2049180327869
A_NP	4	122	G	0	0	122	37.2786885245902
A_NP	5	122	C	0	0	122	37.5081967213115
A_NP	6	122	G	0	0	121	36.8760330578512
A_NP	7	123	T	0	0	123	36.9105691056911
A_NP	8	122	C	1	0	122	36.5655737704918
A_NP	9	123	C	0	0	123	36.7154471544715
A_NP	10	123	C	0	0	123	36.5447154471545
A_NP	11	123	A	0	0	123	36.1463414634146
A_NP	12	124	A	0	0	124	37.4032258064516
A_NP	13	124	G	0	0	124	39.4596774193548
A_NP	14	124	G	0	0	124	39.3790322580645
A_NP	15	124	C	0	0	124	37.6693548387097
A_NP	16	124	A	0	0	123	36.8130081300813
A_NP	17	124	C	0	0	124	37.2096774193548
A_NP	18	125	C	0	0	125	36.336
A_NP	19	127	A	0	0	127	35.3385826771654
A_NP	20	127	A	0	0	127	36.748031496063
A_NP	21	127	A	0	0	127	36.6141732283465
A_NP	22	127	C	0	0	127	36.2362204724409
A_NP	23	127	G	0	0	126	36.6111111111111
A_NP	24	127	G	0	0	127	36.3622047244095
A_NP	25	127	T	0	0	127	37.259842519685
A_NP	26	127	C	0	0	127	37.5590551181102
A_NP	27	126	T	1	0	126	38.8730158730159
A_NP	28	126	T	1	0	125	40.032
A_NP	29	126	A	1	0	125	39.216
A_NP	30	127	T	0	0	126	39.9126984126984
A_NP	31	127	G	0	0	127	38.6220472440945
A_NP	32	127	A	0	0	127	38.6850393700787
A_NP	33	127	A	0	0	127	38.2755905511811
A_NP	34	127	C	0	0	126	38.4603174603175
A_NP	35	127	A	0	0	127	38.488188976378
A_NP	36	127	G	0	0	126	39.2539682539683
A_NP	37	127	A	0	0	126	38.2460317460317
A_NP	38	127	T	0	0	127	36.8031496062992
A_NP	39	127	G	0	0	127	36.8425196850394
A_NP	40	127	G	0	0	127	37.511811023622
A_NP	41	127	A	0	0	127	38.0236220472441
A_NP	42	127	A	0	0	127	38.6771653543307
A_NP	43	127	A	0	0	127	39.7244094488189
A_NP	44	127	C	0	0	127	38.9763779527559
A_NP	45	127	T	0	0	127	38.3779527559055
A_NP	46	127	G	0	0	127	38.8346456692913
A_NP	47	127	A	0	0	127	39.9133858267717
A_NP	48	127	T	0	0	127	39.8503937007874
A_NP	49	127	G	0	0	127	38.9763779527559
A_NP	50	127	G	0	0	127	38.8425196850394
A_NP	51	127	A	0	0	127	38.3228346456693
A_NP	52	127	G	0	0	127	38.6850393700787
A_NP	53	127	A	0	0	127	39.3070866141732
A_NP	54	127	T	0	0	127	39.3228346456693
A_NP	55	127	C	0	0	126	38.0079365079365
A_NP	56	127	G	0	0	127	37.4330708661417
A_NP	57	127	C	0	0	127	37.511811023622
A_NP	58	127	C	0	0	127	37.3070866141732
A_NP	59	127	A	0	0	127	36.5511811023622
A_NP	60	127	G	0	0	127	37.8976377952756
A_NP	61	127	A	0	0	127	38.8818897637795
A_NP	62	127	A	0	0	127	39.007874015748
A_NP	63	127	T	0	0	127	39
A_NP	64	127	G	0	0	127	38.3307086614173
A_NP	65	127	C	0	0	127	38.6377952755905
A_NP	66	127	A	0	0	127	38.1653543307087
A_NP	67	126	A	1	0	126	37.9920634920635
A_NP	68	126	C	1	0	125	38.648
A_NP	69	127	T	0	0	126	38.8333333333333
A_NP	70	127	G	0	0	127	37.5433070866142
A_NP	71	127	A	0	0	127	36.5433070866142
A_NP	72	127	G	0	0	126	36.7301587301587
A_NP	73	127	A	0	0	126	36.1507936507937
A_NP	74	127	T	0	0	127	36.7007874015748
A_NP	75	127	T	0	0	125	36.904
A_NP	76	127	A	0	0	127	35.7322834645669
A_NP	77	126	G	1	0	125	36.2
A_NP	78	127	G	0	0	127	36.9055118110236
A_NP	79	127	G	0	0	125	36.36
A_NP	80	127	C	0	0	125	38.392
A_NP	81	127	A	0	0	127	39
A_NP	82	126	T	1	0	125	38.76
A_NP	83	126	C	1	0	126	37.8730158730159
A_NP	84	127	C	0	0	125	38.448
A_NP	85	127	G	0	0	127	36.2283464566929
A_NP	86	127	T	0	0	127	36.9133858267717
A_NP	87	127	C	0	0	124	36.9758064516129
A_NP	88	126	G	1	0	125	36.992
A_NP	89	127	G	0	0	127	36.8582677165354
A_NP	90	127	G	0	0	126	37.2619047619048
A_NP	91	127	A	0	0	127	36.4094488188976
A_NP	92	127	A	0	0	127	38.8503937007874
A_NP	93	127	G	0	0	127	39.7795275590551
A_NP	94	126	A	1	0	126	39.3174603174603
A_NP	95	127	T	0	0	127	38.3149606299213
A_NP	96	127	G	0	0	127	37.7244094488189
A_NP	97	128	A	0	0	128	37.8828125
A_NP	98	128	T	0	0	127	38.0629921259843
A_NP	99	128	T	0	0	128	37.640625
A_NP	100	128	G	0	0	128	37.671875
A_NP	101	128	A	0	0	128	37.6484375
A_NP	102	128	T	0	0	128	37.765625
A_NP	103	128	G	0	0	127	36.4488188976378
A_NP	104	128	G	0	0	128	37.3671875
A_NP	105	128	A	0	0	128	37.734375
A_NP	106	128	A	0	0	128	37.65625
A_NP	107	127	T	1	0	126	39.9920634920635
A_NP	108	128	T	0	0	127	40
A_NP	109	122	G	6	0	121	38.9752066115703
A_NP	110	128	G	0	0	128	39.40625
A_NP	111	128	G	0	0	123	38.1219512195122
A_NP	112	128	A	0	0	128	37.9140625
A_NP	113	128	G	0	0	128	38.7421875
A_NP	114	128	A	0	0	128	37.6953125
A_NP	115	123	T	5	0	122	38.1311475409836
A_NP	116	128	T	0	0	128	38.140625
A_NP	117	128	C	0	0	128	36.8828125
A_NP	118	127	T	1	0	124	38.2822580645161
A_NP	119	128	A	0	0	127	37.0314960629921
A_NP	120	127	C	1	0	125	37.168
A_NP	121	128	A	0	0	126	36.3809523809524
A_NP	122	128	T	0	0	128	36.34375
A_NP	123	128	C	0	0	128	34.6015625
A_NP	124	128	C	0	0	128	34.3515625
A_NP	125	128	A	0	0	128	33.1796875
A_NP	126	128	A	0	0	128	32.5390625
A_NP	127	128	A	0	0	128	31.515625
A_NP	128	128	T	0	0	128	32.546875
A_NP	129	128	G	0	0	128	35.5
A_NP	130	128	T	0	0	128	36.515625
A_NP	131	128	G	0	0	128	37.890625
A_NP	132	128	T	0	0	128	37.09375
A_NP	133	128	A	0	0	128	36.3515625
A_NP	134	128	C	0	0	128	35.96875
A_NP	135	128	T	0	0	128	37.265625
A_NP	136	128	G	0	0	128	37.859375
A_NP	137	128	A	0	0	128	38.6953125
A_NP	138	128	A	0	0	128	41.1015625
A_NP	139	128	C	0	0	128	40.3671875
A_NP	140	127	T	1	0	127	40.8818897637795
A_NP	141	128	T	0	0	128	41.046875
A_NP	142	128	A	0	0	127	39.6220472440945
A_NP	143	128	A	0	0	128	39.1484375
A_NP	144	128	A	0	0	128	39.5078125
A_NP	145	127	C	1	0	127	38.1811023622047
A_NP	146	128	T	0	0	128	38.3359375
A_NP	147	128	C	0	0	126	38.4603174603175
A_NP	148	128	A	0	0	128	37.8125
A_NP	149	128	G	0	0	128	37.8828125
A_NP	150	128	T	0	0	128	39.65625
A_NP	151	128	G	0	0	128	39.328125
A_NP	152	128	A	0	0	128	40.203125
A_NP	153	128	T	0	0	128	41.21875
A_NP	154	128	C	0	0	128	40.3515625
A_NP	155	127	A	1	0	127	39.8740157480315
A_NP	156	128	T	0	0	128	39.5
A_NP	157	128	G	0	0	128	37.0546875
A_NP	158	128	A	0	0	128	37.7421875
A_NP	159	128	A	0	0	126	37.8571428571429
A_NP	160	128	G	0	0	128	37.921875
A_NP	161	128	G	0	0	127	39.2125984251969
A_NP	162	128	A	0	0	128	39.859375
A_NP	163	128	C	0	0	128	40.5625
A_NP	164	128	G	0	0	128	39.7734375
A_NP	165	128	G	0	0	128	39.9296875
A_NP	166	128	T	0	0	128	40.796875
A_NP	167	128	T	0	0	128	40.796875
A_NP	168	128	G	0	0	128	39.828125
A_NP	169	128	A	0	0	128	40.6328125
A_NP	170	128	T	0	0	128	40.125
A_NP	171	128	C	0	0	128	38.8046875
A_NP	172	128	C	0	0	127	39.3070866141732
A_NP	173	128	A	0	0	128	38.609375
A_NP	174	128	A	0	0	128	38.1796875
A_NP	175	128	A	0	0	128	39.65625
A_NP	176	128	A	0	0	128	40.7265625
A_NP	177	128	C	0	0	128	40.4765625
A_NP	178	128	A	0	0	128	39.75
A_NP	179	129	G	0	0	129	38.6899224806202
A_NP	180	129	C	0	0	129	38.4651162790698
A_NP	181	129	T	0	0	129	38.5038759689922
A_NP	182	129	T	0	0	128	39.0703125
A_NP	183	129	G	0	0	129	39.2015503875969
A_NP	184	129	A	0	0	129	39.922480620155
A_NP	185	129	C	0	0	129	41.0077519379845
A_NP	186	129	A	0	0	128	39.8203125
A_NP	187	129	A	0	0	129	38.922480620155
A_NP	188	129	T	0	0	129	39.5116279069767
A_NP	189	128	A	1	0	127	38.2992125984252
A_NP	190	128	G	1	0	128	38.6328125
A_NP	191	128	A	1	0	128	38.671875
A_NP	192	127	G	2	0	127	38.7952755905512
A_NP	193	127	A	2	0	127	42.2204724409449
A_NP	194	128	A	1	0	128	41.953125
A_NP	195	129	A	0	0	129	42.6899224806202
A_NP	196	129	A	0	0	129	42.4806201550388
A_NP	197	129	T	0	0	128	42
A_NP	198	129	G	0	0	129	42.046511627907
A_NP	199	129	G	0	0	129	41.7519379844961
A_NP	200	129	T	0	0	127	42.1338582677165
A_NP	201	128	G	1	0	128	42.1953125
A_NP	202	129	C	0	0	129	41.093023255814
A_NP	203	129	T	0	0	129	40.8992248062016
A_NP	204	129	T	0	0	128	40.7421875
A_NP	205	129	T	0	0	129	40.5658914728682
A_NP	206	129	C	0	0	127	40.755905511811
A_NP	207	129	T	0	0	128	40.9765625
A_NP	208	129	G	0	0	129	42.2325581395349
A_NP	209	129	C	0	0	129	41.922480620155
A_NP	210	127	T	2	0	127	42.2362204724409
A_NP	211	129	T	0	0	129	41.4418604651163
A_NP	212	129	T	0	0	129	41.5038759689922
A_NP	213	129	T	0	0	129	41.5813953488372
A_NP	214	129	G	0	0	129	39.015503875969
A_NP	215	129	A	0	0	128	40.6015625
A_NP	216	129	T	0	0	129	40.6201550387597
A_NP	217	126	G	3	0	126	39.2539682539683
A_NP	218	126	A	3	0	126	38.9444444444444
A_NP	219	127	A	2	0	127	39.0314960629921
A_NP	220	127	A	2	0	127	38.992125984252
A_NP	221	128	G	1	0	126	38.7063492063492
A_NP	222	128	A	1	0	128	39.8671875
A_NP	223	128	A	1	0	127	39.0944881889764
A_NP	224	129	G	0	0	128	39.625
A_NP	225	129	G	0	0	129	39.4883720930233
A_NP	226	128	A	1	0	128	39.796875
A_NP	227	128	A	1	0	128	41.078125
A_NP	228	128	T	1	0	127	41.8110236220472
A_NP	229	129	A	0	0	127	40.7795275590551
A_NP	230	129	A	0	0	127	41.6614173228346
A_NP	231	129	A	0	0	129	40.5193798449612
A_NP	232	128	T	1	0	128	38.5
A_NP	233	124	A	5	0	124	36.9758064516129
A_NP	234	128	C	1	0	128	36.6640625
A_NP	235	128	C	1	0	127	36.1181102362205
A_NP	236	127	T	2	0	126	34.5873015873016
A_NP	237	127	G	2	0	127	35.0866141732283
A_NP	238	129	G	0	0	127	35.7795275590551
A_NP	239	129	A	0	0	129	35.7441860465116
A_NP	240	129	A	0	0	127	37.4409448818898
A_NP	241	129	G	0	0	127	38.4803149606299
A_NP	242	128	A	1	0	125	38.704
A_NP	243	128	A	1	0	127	38.5669291338583
A_NP	244	128	C	1	0	128	36.875
A_NP	245	126	A	3	0	126	35.1190476190476
A_NP	246	121	C	8	0	120	35.7
A_NP	247	127	C	2	0	127	34.0551181102362
A_NP	248	129	C	0	0	128	34.265625
A_NP	249	128	C	1	0	127	33.2047244094488
A_NP	250	128	A	1	0	128	31.2265625
A_NP	251	128	G	1	0	128	32.40625
A_NP	252	129	C	0	0	127	34.5354330708661
A_NP	253	129	G	0	0	129	33.937984496124
A_NP	254	129	C	0	0	129	33.953488372093
A_NP	255	124	G	5	0	123	33.390243902439
A_NP	256	128	G	1	0	128	33.6953125
A_NP	257	129	G	0	0	129	34.5503875968992
A_NP	258	128	G	1	0	127	34.9370078740157
A_NP	259	127	A	2	0	127	36.0551181102362
A_NP	260	129	A	0	0	128	37.109375
A_NP	261	129	A	0	0	126	36.9523809523809
A_NP	262	129	G	0	0	124	36.4838709677419
A_NP	263	129	A	0	0	126	36.4920634920635
A_NP	264	129	T	0	0	128	34.8828125
A_NP	265	122	C	7	0	121	31.702479338843
A_NP	266	129	C	0	0	128	30.9296875
A_NP	267	128	C	1	0	126	29.6269841269841
A_NP	268	127	A	2	0	125	27.72
A_NP	269	128	A	1	0	128	30.765625
A_NP	270	128	G	1	0	126	33.8571428571429
A_NP	271	126	A	3	0	126	34.7063492063492
A_NP	272	128	A	1	0	128	34.5625
A_NP	273	129	A	0	0	128	32.90625
A_NP	274	128	A	1	0	125	33.672
A_NP	275	127	C	2	0	126	33.2777777777778
A_NP	276	129	T	0	0	128	35.078125
A_NP	277	125	G	4	0	125	32.048
A_NP	278	129	G	0	0	129	33.8682170542636
A_NP	279	129	G	0	0	129	35.2558139534884
A_NP	280	129	G	0	0	129	35.2558139534884
A_NP	281	129	G	0	0	128	34.9140625
A_NP	282	129	G	0	0	129	34.1472868217054
A_NP	283	129	C	0	0	129	31.5658914728682
A_NP	284	129	C	0	0	128	30.703125
A_NP	285	129	C	0	0	128	30.6171875
A_NP	286	128	A	1	0	127	29.6929133858268
A_NP	287	128	T	1	0	128	31.2421875
A_NP	288	129	A	0	0	128	30.609375
A_NP	289	128	T	1	0	128	29.40625
A_NP	290	129	A	0	0	127	30.2047244094488
A_NP	291	129	C	0	0	129	30.7286821705426
A_NP	292	129	A	0	0	129	31.2325581395349
A_NP	293	129	G	0	0	129	32.6511627906977
A_NP	294	129	G	0	0	128	34.515625
A_NP	295	129	A	0	0	129	36.7286821705426
A_NP	296	129	G	0	0	129	38.8062015503876
A_NP	297	128	A	1	0	128	41.0625
A_NP	298	128	G	1	0	126	39.3650793650794
A_NP	299	128	T	1	0	128	39.328125
A_NP	300	129	C	0	0	128	37.6875
A_NP	301	129	G	0	0	128	36.5390625
A_NP	302	129	A	0	0	129	36.6124031007752
A_NP	303	129	T	0	0	129	37.5968992248062
A_NP	304	128	G	1	0	128	36.421875
A_NP	305	129	G	0	0	129	38.6511627906977
A_NP	306	129	G	0	0	129	39.031007751938
A_NP	307	129	A	0	0	129	39.3488372093023
A_NP	308	129	A	0	0	129	41.0077519379845
A_NP	309	129	A	0	0	129	41.9147286821705
A_NP	310	129	T	0	0	129	41.5193798449612
A_NP	311	129	G	0	0	129	40.968992248062
A_NP	312	129	G	0	0	129	40.4573643410853
A_NP	313	129	A	0	0	129	39.1937984496124
A_NP	314	129	T	0	0	129	39.5193798449612
A_NP	315	128	G	1	0	128	36.6015625
A_NP	316	129	A	0	0	128	36.890625
A_NP	317	125	G	4	0	123	36.6585365853659
A_NP	318	129	G	0	0	129	36.0077519379845
A_NP	319	129	G	0	0	127	35.8740157480315
A_NP	320	128	A	1	0	127	36.2834645669291
A_NP	321	129	A	0	0	128	35.9609375
A_NP	322	129	C	0	0	128	36.5625
A_NP	323	129	T	0	0	129	37.5271317829457
A_NP	324	128	C	1	0	127	38.748031496063
A_NP	325	129	G	0	0	129	36.5038759689922
A_NP	326	129	T	0	0	128	37.984375
A_NP	327	129	C	0	0	129	38.7906976744186
A_NP	328	129	C	0	0	129	38.3023255813954
A_NP	329	129	T	0	0	129	38.5736434108527
A_NP	330	129	T	0	0	129	39.3488372093023
A_NP	331	129	T	0	0	129	39.1240310077519
A_NP	332	129	A	0	0	129	35.984496124031
A_NP	333	129	T	0	0	128	36.703125
A_NP	334	129	G	0	0	128	34.984375
A_NP	335	129	A	0	0	129	34.5658914728682
A_NP	336	129	C	0	0	129	35.7596899224806
A_NP	337	124	A	5	0	124	32.8548387096774
A_NP	338	125	A	4	0	125	32.856
A_NP	339	126	A	3	0	126	33.9761904761905
A_NP	340	129	G	0	0	129	32.9922480620155
A_NP	341	128	A	1	0	128	34.8671875
A_NP	342	129	A	0	0	129	35.9767441860465
A_NP	343	129	G	0	0	129	36.8527131782946
A_NP	344	128	A	1	0	128	41.2578125
A_NP	345	129	A	0	0	129	41.3333333333333
A_NP	346	129	A	0	0	129	41.6976744186046
A_NP	347	129	T	0	0	129	41.077519379845
A_NP	348	129	A	0	0	129	39.3100775193798
A_NP	349	128	A	1	0	126	38.8015873015873
A_NP	350	128	G	1	0	128	38.6328125
A_NP	351	129	G	0	0	129	38.4031007751938
A_NP	352	129	C	0	0	128	38.6640625
A_NP	353	128	G	1	0	127	37.8740157480315
A_NP	354	128	A	1	0	128	38.2109375
A_NP	355	129	A	0	0	129	38.077519379845
A_NP	356	129	T	0	0	128	38.53125
A_NP	357	129	C	0	0	126	39.4761904761905
A_NP	358	129	T	0	0	128	40.34375
A_NP	359	129	G	0	0	129	40.1705426356589
A_NP	360	129	G	0	0	128	39.5078125
A_NP	361	129	C	0	0	126	38.5873015873016
A_NP	362	129	G	0	0	126	37.5714285714286
A_NP	363	129	C	0	0	128	37.859375
A_NP	364	129	C	0	0	128	37.171875
A_NP	365	129	A	0	0	128	35.671875
A_NP	366	129	A	0	0	128	36.984375
A_NP	367	129	G	0	0	127	37.5433070866142
A_NP	368	129	C	0	0	129	38.3333333333333
A_NP	369	129	C	0	0	129	38.077519379845
A_NP	370	129	A	0	0	129	37.8062015503876
A_NP	371	129	A	0	0	128	36.5078125
A_NP	372	129	C	0	0	129	37.1782945736434
A_NP	373	129	A	0	0	129	35.7674418604651
A_NP	374	129	A	0	0	129	35.906976744186
A_NP	375	129	T	0	0	129	36.6434108527132
A_NP	376	129	G	0	0	129	35.6124031007752
A_NP	377	129	G	0	0	129	36.0852713178295
A_NP	378	129	T	0	0	129	38.3333333333333
A_NP	379	129	G	0	0	129	38.4263565891473
A_NP	380	129	A	0	0	129	37.5038759689922
A_NP	381	129	G	0	0	129	39.1162790697674
A_NP	382	129	G	0	0	129	39.7286821705426
A_NP	383	129	A	0	0	129	39.6279069767442
A_NP	384	129	T	0	0	129	40.3410852713178
A_NP	385	129	G	0	0	129	40.2480620155039
A_NP	386	129	C	0	0	129	41.6821705426357
A_NP	387	129	T	0	0	129	41.4961240310078
A_NP	388	129	A	0	0	129	41.3255813953488
A_NP	389	129	C	0	0	129	41.2480620155039
A_NP	390	129	A	0	0	129	41.031007751938
A_NP	391	129	T	0	0	129	40.9302325581395
A_NP	392	129	C	0	0	129	40.4418604651163
A_NP	393	129	T	0	0	129	39.6511627906977
A_NP	394	129	G	0	0	127	37.3700787401575
A_NP	395	129	G	0	0	129	37.4651162790698
A_NP	396	129	T	0	0	128	37.59375
A_NP	397	129	C	0	0	129	37.9147286821705
A_NP	398	128	T	1	0	128	38.3203125
A_NP	399	128	A	1	0	126	40.5238095238095
A_NP	400	129	A	0	0	129	39.6666666666667
A_NP	401	128	C	1	0	128	39.5703125
A_NP	402	129	C	0	0	127	40.1181102362205
A_NP	403	129	C	0	0	128	38.703125
A_NP	404	129	A	0	0	129	37.6201550387597
A_NP	405	129	C	0	0	126	38.9920634920635
A_NP	406	129	C	0	0	128	39
A_NP	407	126	T	3	0	125	40.584
A_NP	408	129	A	0	0	125	38.704
A_NP	409	129	A	0	0	128	38.5703125
A_NP	410	129	T	0	0	129	38.7209302325581
A_NP	411	129	G	0	0	127	39.3937007874016
A_NP	412	129	A	0	0	129	37.5426356589147
A_NP	413	129	T	0	0	127	38.7952755905512
A_NP	414	128	T	1	0	128	38.859375
A_NP	415	128	T	1	0	128	38.5703125
A_NP	416	128	G	1	0	127	38.5275590551181
A_NP	417	129	G	0	0	129	38.3023255813954
A_NP	418	129	C	0	0	127	39.8740157480315
A_NP	419	129	A	0	0	127	38.6771653543307
A_NP	420	129	T	0	0	129	38.5116279069767
A_NP	421	129	T	0	0	128	37.953125
A_NP	422	129	C	0	0	129	36.9302325581395
A_NP	423	129	C	0	0	127	37.5433070866142
A_NP	424	129	A	0	0	129	36.2790697674419
A_NP	425	129	A	0	0	129	36.5116279069767
A_NP	426	128	T	1	0	127	38.0787401574803
A_NP	427	129	T	0	0	129	37.5658914728682
A_NP	428	129	T	0	0	125	40.4
A_NP	429	129	G	0	0	127	38.251968503937
A_NP	430	129	A	0	0	128	37.9140625
A_NP	431	129	A	0	0	129	37.984496124031
A_NP	432	128	T	0	0	127	38.1259842519685
A_NP	433	128	G	0	0	128	38.7265625
A_NP	434	128	A	0	0	128	39.8046875
A_NP	435	127	T	1	0	127	40.5826771653543
A_NP	436	127	G	1	0	127	41.1889763779528
A_NP	437	128	C	0	0	128	41.71875
A_NP	438	127	A	1	0	127	41.1889763779528
A_NP	439	128	A	0	0	128	41.4375
A_NP	440	128	C	0	0	128	40.6953125
A_NP	441	128	A	0	0	128	39.7265625
A_NP	442	128	T	0	0	128	39.1484375
A_NP	443	128	A	0	0	128	37.921875
A_NP	444	128	C	0	0	128	38.3046875
A_NP	445	128	C	0	0	127	38.5354330708661
A_NP	446	127	A	1	0	127	38.0787401574803
A_NP	447	128	A	0	0	128	38.375
A_NP	448	128	A	0	0	127	40.5511811023622
A_NP	449	128	G	0	0	128	40.875
A_NP	450	127	G	1	0	127	41.1811023622047
A_NP	451	127	A	1	0	127	40.9763779527559
A_NP	452	127	C	1	0	127	40.8582677165354
A_NP	453	128	A	0	0	127	40.2913385826772
A_NP	454	128	A	0	0	128	40.0234375
A_NP	455	128	G	0	0	127	40.0944881889764
A_NP	456	128	A	0	0	128	40.546875
A_NP	457	128	G	0	0	128	40.1875
A_NP	458	128	C	0	0	128	40.78125
A_NP	459	128	T	0	0	128	40.9375
A_NP	460	128	C	0	0	127	40.0708661417323
A_NP	461	128	T	0	0	127	39.2283464566929
A_NP	462	128	T	1	0	128	39.875
A_NP	463	128	G	1	0	128	38.453125
A_NP	464	128	T	1	0	128	37.4453125
A_NP	465	128	T	1	0	128	39.6171875
A_NP	466	127	C	2	0	127	39.8740157480315
A_NP	467	128	G	1	0	127	38.8818897637795
A_NP	468	128	G	1	0	127	38.2834645669291
A_NP	469	129	A	0	0	129	38
A_NP	470	129	C	0	0	128	37.921875
A_NP	471	129	T	0	0	129	37.4651162790698
A_NP	472	129	G	0	0	128	36.5234375
A_NP	473	129	G	0	0	129	36.4031007751938
A_NP	474	129	A	0	0	129	36.7209302325581
A_NP	475	129	A	0	0	129	38.9147286821705
A_NP	476	129	T	0	0	128	39.4140625
A_NP	477	129	G	0	0	129	37.937984496124
A_NP	478	128	G	1	0	125	37.944
A_NP	479	127	A	2	0	126	37.1507936507937
A_NP	480	120	C	9	0	120	37.825
A_NP	481	127	C	2	0	125	35.664
A_NP	482	129	C	0	0	124	36.3387096774194
A_NP	483	129	C	0	0	128	35.0703125
A_NP	484	129	A	0	0	129	31.9767441860465
A_NP	485	129	G	0	0	126	35.0793650793651
A_NP	486	129	A	0	0	129	36.1472868217054
A_NP	487	129	A	0	0	129	35.7054263565892
A_NP	488	127	T	2	0	127	36.5196850393701
A_NP	489	128	G	1	0	128	36.640625
A_NP	490	129	T	0	0	128	37.25
A_NP	491	129	G	0	0	129	37.4186046511628
A_NP	492	129	C	0	0	129	37.4341085271318
A_NP	493	129	T	0	0	128	37.0390625
A_NP	494	129	C	0	0	128	36.140625
A_NP	495	129	T	0	0	129	36.2170542635659
A_NP	496	129	C	0	0	128	36.78125
A_NP	497	129	T	0	0	129	36.6666666666667
A_NP	498	129	G	0	0	129	35.2093023255814
A_NP	499	129	A	0	0	129	34.8604651162791
A_NP	500	128	T	1	0	126	35.6746031746032
A_NP	501	129	G	0	0	128	34.859375
A_NP	502	129	C	0	0	128	35.7109375
A_NP	503	129	A	0	0	128	34.9140625
A_NP	504	128	G	1	0	128	34.9453125
A_NP	505	129	G	1	0	129	36.6356589147287
A_NP	506	129	G	1	0	129	36.8604651162791
A_NP	507	130	C	0	0	130	35.6846153846154
A_NP	508	130	T	0	0	129	37.5116279069767
A_NP	509	130	C	0	0	129	35.6899224806202
A_NP	510	129	G	1	0	123	34.6910569105691
A_NP	511	130	A	0	0	128	33.3046875
A_NP	512	130	C	0	0	129	33.0697674418605
A_NP	513	130	T	0	0	129	32.5038759689922
A_NP	514	127	C	3	0	127	32.0157480314961
A_NP	515	128	T	2	0	128	32.140625
A_NP	516	105	C	25	0	104	33.6153846153846
A_NP	517	125	C	5	0	123	31.4065040650407
A_NP	518	129	C	1	0	128	30.7734375
A_NP	519	129	C	1	0	129	29.5581395348837
A_NP	520	129	A	1	0	129	27.906976744186
A_NP	521	130	G	0	0	130	29.9
A_NP	522	129	A	1	0	129	35.5891472868217
A_NP	523	130	A	0	0	129	35.8682170542636
A_NP	524	129	G	1	0	129	34.4263565891473
A_NP	525	129	G	1	0	128	33.3671875
A_NP	526	129	T	1	0	128	33.0625
A_NP	527	130	C	0	0	129	33.1240310077519
A_NP	528	130	C	0	0	130	33.5307692307692
A_NP	529	129	G	1	0	128	34.1171875
A_NP	530	129	G	1	0	128	36.03125
A_NP	531	130	A	0	0	130	36
A_NP	532	130	G	0	0	130	35.8692307692308
A_NP	533	130	C	0	0	130	37.3
A_NP	534	129	T	1	0	126	37.1031746031746
A_NP	535	129	G	1	0	129	34.4418604651163
A_NP	536	130	C	0	0	130	34.8615384615385
A_NP	537	129	C	1	0	129	34.2170542635659
A_NP	538	129	G	1	0	128	34.0625
A_NP	539	129	G	1	0	129	36.4806201550388
A_NP	540	129	T	1	0	129	36.8837209302326
A_NP	541	129	G	1	0	129	37.1705426356589
A_NP	542	130	C	0	0	129	39.1240310077519
A_NP	543	130	T	0	0	130	37.5230769230769
A_NP	544	130	G	0	0	130	37.2153846153846
A_NP	545	130	C	0	0	130	36.6538461538462
A_NP	546	130	A	0	0	130	33.5692307692308
A_NP	547	130	G	0	0	130	33.2615384615385
A_NP	548	130	T	0	0	130	34.6461538461538
A_NP	549	130	C	0	0	129	34.031007751938
A_NP	550	128	A	2	0	128	35.1328125
A_NP	551	130	A	1	0	129	35.7751937984496
A_NP	552	131	A	0	0	131	35.6030534351145
A_NP	553	131	G	0	0	131	35.3358778625954
A_NP	554	131	G	0	0	130	36.7
A_NP	555	131	A	0	0	130	37.1461538461538
A_NP	556	131	A	0	0	131	37.4351145038168
A_NP	557	131	T	0	0	131	39.2748091603053
A_NP	558	130	C	1	0	128	39.859375
A_NP	559	130	G	1	0	130	39.5615384615385
A_NP	560	131	G	0	0	130	39.4769230769231
A_NP	561	130	A	1	0	130	39.3
A_NP	562	130	A	1	0	130	38.6
A_NP	563	130	C	1	0	129	40.0697674418605
A_NP	564	131	A	0	0	131	38.5190839694656
A_NP	565	131	A	0	0	129	38.2093023255814
A_NP	566	131	T	0	0	129	38.5271317829457
A_NP	567	131	G	0	0	131	38.175572519084
A_NP	568	131	G	0	0	130	37.6538461538462
A_NP	569	131	T	0	0	131	39.5496183206107
A_NP	570	131	G	0	0	131	38.4961832061069
A_NP	571	131	A	0	0	131	38.2595419847328
A_NP	572	131	T	0	0	131	38.1450381679389
A_NP	573	131	G	0	0	131	37.2137404580153
A_NP	574	131	G	0	0	131	36.5954198473282
A_NP	575	131	A	0	0	131	36.4503816793893
A_NP	576	131	A	0	0	131	35.4656488549618
A_NP	577	131	C	0	0	131	34.8702290076336
A_NP	578	131	T	0	0	131	36.5267175572519
A_NP	579	131	G	0	0	131	37.1603053435115
A_NP	580	131	A	0	0	131	37.8854961832061
A_NP	581	131	T	0	0	130	38.3307692307692
A_NP	582	131	C	0	0	131	38.1450381679389
A_NP	583	131	A	0	0	131	36.8931297709924
A_NP	584	131	G	0	0	130	36.1615384615385
A_NP	585	131	A	0	0	131	35.9236641221374
A_NP	586	131	A	0	0	131	36.1603053435115
A_NP	587	130	T	1	0	129	36.7519379844961
A_NP	588	130	G	1	0	130	37.0615384615385
A_NP	589	130	A	1	0	130	37.4846153846154
A_NP	590	130	T	1	0	130	38.3230769230769
A_NP	591	130	C	1	0	130	36.8846153846154
A_NP	592	130	A	1	0	130	36.3538461538462
A_NP	593	130	A	1	0	130	35.6230769230769
A_NP	594	130	A	1	0	130	36.0846153846154
A_NP	595	130	C	1	0	130	35.9538461538462
A_NP	596	126	G	5	0	126	35.2539682539683
A_NP	597	131	G	0	0	131	35.9236641221374
A_NP	598	131	G	0	0	131	36.0687022900763
A_NP	599	131	G	0	0	131	37.206106870229
A_NP	600	131	G	0	0	131	38.9236641221374
A_NP	601	131	A	0	0	131	38.9389312977099
A_NP	602	131	T	0	0	131	38.9541984732824
A_NP	603	131	C	0	0	131	37.7786259541985
A_NP	604	131	A	0	0	131	37.5038167938931
A_NP	605	131	A	0	0	131	37.9923664122137
A_NP	606	131	C	0	0	130	38.4692307692308
A_NP	607	131	G	0	0	128	37.1328125
A_NP	608	131	A	0	0	131	37.1297709923664
A_NP	609	131	T	0	0	131	37.3129770992366
A_NP	610	130	C	1	0	128	36.0546875
A_NP	611	130	G	1	0	130	34.7
A_NP	612	131	A	0	0	131	34.824427480916
A_NP	613	131	A	0	0	131	35.4580152671756
A_NP	614	131	A	0	0	131	35.6717557251908
A_NP	615	131	T	0	0	131	38.175572519084
A_NP	616	131	T	0	0	130	39.4153846153846
A_NP	617	131	T	0	0	131	38.8625954198473
A_NP	618	131	T	0	0	130	39.9307692307692
A_NP	619	131	T	0	0	131	38.8549618320611
A_NP	620	131	G	0	0	131	39.0076335877863
A_NP	621	131	G	0	0	130	38.5076923076923
A_NP	622	131	A	0	0	131	37.7099236641221
A_NP	623	131	G	0	0	131	38.4656488549618
A_NP	624	131	A	0	0	131	38.793893129771
A_NP	625	131	G	0	0	131	38.1450381679389
A_NP	626	131	G	0	0	131	37.2748091603053
A_NP	627	131	T	0	0	131	36.7709923664122
A_NP	628	130	G	1	0	130	35.3692307692308
A_NP	629	130	A	1	0	130	34.8846153846154
A_NP	630	131	G	0	0	128	35.3984375
A_NP	631	130	A	1	0	128	36.9765625
A_NP	632	131	A	0	0	130	37.5692307692308
A_NP	633	131	T	0	0	131	37.7786259541985
A_NP	634	131	G	0	0	131	36.3206106870229
A_NP	635	131	G	0	0	131	36.1145038167939
A_NP	636	130	G	1	0	130	35.0846153846154
A_NP	637	129	C	2	0	129	34.0697674418605
A_NP	638	131	G	0	0	130	33.7307692307692
A_NP	639	137	G	0	0	137	34.2919708029197
A_NP	640	137	A	0	0	137	33.8394160583942
A_NP	641	140	A	0	0	139	35.0647482014388
A_NP	642	140	A	0	0	139	35.2302158273381
A_NP	643	140	A	0	0	134	36.0223880597015
A_NP	644	140	C	0	0	139	35.5179856115108
A_NP	645	139	A	1	0	139	35.8129496402878
A_NP	646	140	A	0	0	134	35.9850746268657
A_NP	647	144	G	0	0	143	36.6083916083916
A_NP	648	144	A	0	0	141	38.0921985815603
A_NP	649	144	A	0	0	144	37.3680555555556
A_NP	650	144	G	0	0	144	38.9652777777778
A_NP	651	145	T	0	0	145	37.9586206896552
A_NP	652	145	G	0	0	145	36.4620689655172
A_NP	653	143	C	2	0	143	36.8111888111888
A_NP	654	142	T	3	0	142	36.4718309859155
A_NP	655	145	T	0	0	144	36.7430555555556
A_NP	656	145	A	0	0	145	35.7862068965517
A_NP	657	145	T	0	0	144	38.1180555555556
A_NP	658	141	G	4	0	139	34.294964028777
A_NP	659	142	A	3	0	140	34.4071428571429
A_NP	660	145	G	0	0	144	33.9722222222222
A_NP	661	145	A	0	0	145	34.4413793103448
A_NP	662	144	G	1	0	143	36.5384615384615
A_NP	663	145	A	0	0	145	35.9034482758621
A_NP	664	145	A	0	0	144	38.2569444444444
A_NP	665	145	T	0	0	144	38.0763888888889
A_NP	666	144	G	1	0	144	37.3611111111111
A_NP	667	145	T	0	0	143	38.2237762237762
A_NP	668	145	G	0	0	145	36.7379310344828
A_NP	669	142	C	3	0	142	36.8591549295775
A_NP	670	145	A	0	0	144	35.0347222222222
A_NP	671	145	A	0	0	145	35.0551724137931
A_NP	672	145	C	0	0	145	34.0137931034483
A_NP	673	144	A	1	0	144	34.5138888888889
A_NP	674	144	T	1	0	144	34.5277777777778
A_NP	675	143	T	2	0	143	34.7622377622378
A_NP	676	143	C	2	0	143	33.9370629370629
A_NP	677	144	T	1	0	143	33.6853146853147
A_NP	678	143	C	2	0	140	33.6357142857143
A_NP	679	144	A	1	0	143	32.0699300699301
A_NP	680	145	A	0	0	145	32.4137931034483
A_NP	681	145	A	0	0	143	33.7272727272727
A_NP	682	145	G	0	0	145	32.8758620689655
A_NP	683	145	G	0	0	145	35.1103448275862
A_NP	684	145	A	0	0	145	33.8068965517241
A_NP	685	145	A	0	0	145	33.8965517241379
A_NP	686	145	A	0	0	143	38.9020979020979
A_NP	687	145	A	0	0	145	38.8413793103448
A_NP	688	145	T	0	0	145	39.0689655172414
A_NP	689	145	T	0	0	145	40.0413793103448
A_NP	690	144	T	1	0	144	40.0625
A_NP	691	144	C	1	0	144	38.3055555555556
A_NP	692	145	A	0	0	144	38.0972222222222
A_NP	693	145	A	0	0	144	38.9791666666667
A_NP	694	145	A	0	0	145	37.8275862068966
A_NP	695	145	C	0	0	145	37.7310344827586
A_NP	696	145	A	0	0	145	37.7586206896552
A_NP	697	144	G	1	0	144	37.1180555555556
A_NP	698	144	C	1	0	144	39.2430555555556
A_NP	699	144	T	1	0	144	39.9444444444444
A_NP	700	145	G	0	0	145	39.6965517241379
A_NP	701	145	C	0	0	145	41.8344827586207
A_NP	702	145	A	0	0	145	42.3172413793103
A_NP	703	145	C	0	0	144	42.5763888888889
A_NP	704	143	A	2	0	143	41.6223776223776
A_NP	705	145	A	0	0	145	40.8827586206897
A_NP	706	145	A	0	0	145	40.0413793103448
A_NP	707	145	A	0	0	144	40.7777777777778
A_NP	708	145	A	0	0	143	41.8251748251748
A_NP	709	145	G	0	0	144	40.4513888888889
A_NP	710	145	C	0	0	145	40.1793103448276
A_NP	711	144	A	1	0	144	39.6458333333333
A_NP	712	144	A	1	0	144	40.0416666666667
A_NP	713	144	T	1	0	144	41.2013888888889
A_NP	714	145	G	0	0	145	39.6
A_NP	715	145	G	0	0	145	40.5172413793103
A_NP	716	145	T	0	0	145	40.8896551724138
A_NP	717	144	G	1	0	142	38.2042253521127
A_NP	718	145	G	0	0	144	37.7291666666667
A_NP	719	145	A	0	0	144	37.3055555555556
A_NP	720	145	T	0	0	145	37.351724137931
A_NP	721	145	C	0	0	140	37.5
A_NP	722	141	A	4	0	140	37.4857142857143
A_NP	723	145	A	0	0	142	35.7042253521127
A_NP	724	145	G	0	0	142	34.4225352112676
A_NP	725	145	T	0	0	145	32.8275862068966
A_NP	726	145	T	0	0	143	32.7762237762238
A_NP	727	143	A	2	0	140	33.1857142857143
A_NP	728	143	G	2	0	143	33.1818181818182
A_NP	729	143	A	2	0	142	35.0633802816901
A_NP	730	143	G	2	0	143	34.986013986014
A_NP	731	145	A	0	0	144	35.5833333333333
A_NP	732	145	A	0	0	145	36.3586206896552
A_NP	733	145	A	0	0	145	36.648275862069
A_NP	734	144	G	1	0	143	35.4265734265734
A_NP	735	144	C	1	0	144	35.5069444444444
A_NP	736	144	C	1	0	142	36.5774647887324
A_NP	737	142	G	3	0	141	35.1489361702128
A_NP	738	145	G	0	0	145	34.4620689655172
A_NP	739	145	A	0	0	145	34.0896551724138
A_NP	740	145	A	0	0	145	33.3586206896552
A_NP	741	145	T	0	0	144	34.2361111111111
A_NP	742	145	C	0	0	141	34.6950354609929
A_NP	743	145	C	0	0	144	34.4305555555556
A_NP	744	145	A	0	0	144	34.3263888888889
A_NP	745	145	G	0	0	145	34.6275862068966
A_NP	746	144	G	1	0	144	36.6388888888889
A_NP	747	140	A	5	0	136	39.3602941176471
A_NP	748	144	A	1	0	144	40.1736111111111
A_NP	749	144	A	1	0	144	40.8333333333333
A_NP	750	142	C	3	0	142	39.8521126760563
A_NP	751	141	G	4	0	139	38.7841726618705
A_NP	752	144	C	1	0	143	37.5244755244755
A_NP	753	144	T	1	0	144	37.2708333333333
A_NP	754	143	G	2	0	142	34.6056338028169
A_NP	755	143	A	2	0	143	34.8741258741259
A_NP	756	141	G	4	0	141	35.531914893617
A_NP	757	143	A	2	0	142	35.1760563380282
A_NP	758	144	T	1	0	144	35.3194444444444
A_NP	759	143	C	1	0	142	34.6408450704225
A_NP	760	144	G	2	0	140	34.05
A_NP	761	145	A	1	0	145	32.8
A_NP	762	145	A	1	0	145	31.9862068965517
A_NP	763	144	G	2	0	142	31.9788732394366
A_NP	764	144	A	2	0	143	33.2727272727273
A_NP	765	144	T	2	0	143	34.1818181818182
A_NP	766	144	C	2	0	142	34.1619718309859
A_NP	767	145	T	1	0	144	36
A_NP	768	145	C	1	0	144	34.1597222222222
A_NP	769	144	A	2	0	142	34.887323943662
A_NP	770	145	T	1	0	141	34.2624113475177
A_NP	771	146	A	0	0	144	35.5277777777778
A_NP	772	136	T	10	0	134	35.4477611940299
A_NP	773	144	T	2	0	138	34.5072463768116
A_NP	774	145	T	1	0	145	34.3931034482759
A_NP	775	145	T	1	0	144	34.0555555555556
A_NP	776	145	T	1	0	136	35.1911764705882
A_NP	777	145	A	1	0	144	32.8680555555556
A_NP	778	144	G	2	0	144	32.9583333333333
A_NP	779	145	C	1	0	143	33.3846153846154
A_NP	780	146	A	0	0	146	33.8698630136986
A_NP	781	146	A	0	0	146	34.2191780821918
A_NP	782	146	G	0	0	145	33.5793103448276
A_NP	783	146	A	0	0	146	32.7054794520548
A_NP	784	145	T	1	0	143	32.1468531468531
A_NP	785	146	C	0	0	146	30.8219178082192
A_NP	786	146	T	0	0	146	30.3698630136986
A_NP	787	146	G	0	0	146	31.0547945205479
A_NP	788	145	C	1	0	145	32.8137931034483
A_NP	789	146	A	0	0	146	32.6917808219178
A_NP	790	145	C	1	0	145	35.0344827586207
A_NP	791	145	T	1	0	145	35.7655172413793
A_NP	792	146	G	1	0	146	34.2739726027397
A_NP	793	146	A	1	0	146	34.458904109589
A_NP	794	146	T	1	0	146	35.1164383561644
A_NP	795	146	A	1	0	146	35.2397260273973
A_NP	796	146	T	1	0	146	37.3356164383562
A_NP	797	147	T	0	0	147	36.4829931972789
A_NP	798	147	G	0	0	146	35.8972602739726
A_NP	799	147	A	0	0	147	36.9659863945578
A_NP	800	147	G	0	0	147	37.1428571428571
A_NP	801	147	A	0	0	147	36.8775510204082
A_NP	802	147	G	0	0	146	36.986301369863
A_NP	803	147	G	0	0	147	37.5034013605442
A_NP	804	147	A	0	0	146	37.7602739726027
A_NP	805	147	T	0	0	145	38.4620689655172
A_NP	806	146	C	1	0	143	38.1818181818182
A_NP	807	147	A	0	0	146	38.3835616438356
A_NP	808	147	G	0	0	147	38.1496598639456
A_NP	809	147	T	0	0	147	38.2993197278912
A_NP	810	145	T	2	0	144	39.3958333333333
A_NP	811	145	G	2	0	144	40.7361111111111
A_NP	812	147	C	0	0	147	39.6938775510204
A_NP	813	147	T	0	0	147	39.6734693877551
A_NP	814	146	C	1	0	145	39.1103448275862
A_NP	815	147	A	0	0	146	38.472602739726
A_NP	816	147	C	0	0	147	38
A_NP	817	145	A	2	0	145	37.9103448275862
A_NP	818	147	A	0	0	147	37.3673469387755
A_NP	819	147	A	0	0	146	37.4520547945205
A_NP	820	147	T	0	0	147	37.108843537415
A_NP	821	147	C	0	0	147	37.1836734693878
A_NP	822	147	T	0	0	145	37.6827586206897
A_NP	823	145	T	2	0	143	38.3566433566434
A_NP	824	145	G	2	0	143	37.3216783216783
A_NP	825	145	C	2	0	142	37.8028169014084
A_NP	826	146	C	1	0	144	38.4791666666667
A_NP	827	147	T	0	0	147	38.5850340136054
A_NP	828	146	A	1	0	145	38.1379310344828
A_NP	829	146	C	1	0	146	38.541095890411
A_NP	830	146	C	1	0	146	38.1027397260274
A_NP	831	146	T	1	0	146	39.1164383561644
A_NP	832	145	G	2	0	144	39
A_NP	833	146	C	1	0	145	40.5241379310345
A_NP	834	147	C	0	0	146	40.5205479452055
A_NP	835	147	T	0	0	147	39.7414965986395
A_NP	836	147	G	0	0	146	39.8356164383562
A_NP	837	147	T	0	0	147	40.7278911564626
A_NP	838	147	G	0	0	147	40.8231292517007
A_NP	839	147	C	0	0	147	41.5850340136054
A_NP	840	147	A	0	0	147	41.5102040816327
A_NP	841	147	T	0	0	147	42.0544217687075
A_NP	842	147	A	0	0	147	41.1292517006803
A_NP	843	147	T	0	0	146	41.3493150684931
A_NP	844	147	G	0	0	146	41.0821917808219
A_NP	845	147	G	0	0	146	42.0616438356164
A_NP	846	147	A	0	0	147	41.9727891156463
A_NP	847	147	C	0	0	147	43
A_NP	848	147	C	0	0	147	42.7142857142857
A_NP	849	147	T	0	0	147	42.6122448979592
A_NP	850	147	G	0	0	147	41.4897959183673
A_NP	851	146	C	1	0	144	41.9097222222222
A_NP	852	147	A	0	0	147	41.4421768707483
A_NP	853	147	G	0	0	146	41.6164383561644
A_NP	854	147	T	0	0	146	41.2397260273973
A_NP	855	146	A	1	0	144	40.9375
A_NP	856	147	T	0	0	147	40.6802721088435
A_NP	857	147	C	0	0	147	40.3741496598639
A_NP	858	147	C	0	0	146	40.9246575342466
A_NP	859	147	A	0	0	147	40.2789115646259
A_NP	860	147	G	0	0	147	40.7074829931973
A_NP	861	147	T	0	0	147	41.2585034013605
A_NP	862	147	G	0	0	147	41.1972789115646
A_NP	863	147	G	0	0	147	41.3401360544218
A_NP	864	147	T	0	0	147	40.5850340136054
A_NP	865	147	T	0	0	143	40.5734265734266
A_NP	866	147	A	0	0	147	39.7482993197279
A_NP	867	147	C	0	0	147	39.2925170068027
A_NP	868	147	G	0	0	146	37.6301369863014
A_NP	869	147	A	0	0	147	37.843537414966
A_NP	870	147	C	0	0	147	37.3333333333333
A_NP	871	145	T	2	0	145	37.4344827586207
A_NP	872	147	T	0	0	147	37.312925170068
A_NP	873	147	T	0	0	147	37.5510204081633
A_NP	874	145	G	2	0	143	36.2097902097902
A_NP	875	123	A	24	0	123	35.2357723577236
A_NP	876	146	A	1	0	146	36.541095890411
A_NP	877	147	A	0	0	147	37.3333333333333
A_NP	878	147	A	0	0	147	38.4421768707483
A_NP	879	147	A	0	0	145	39.7862068965517
A_NP	880	147	G	0	0	146	40.0068493150685
A_NP	881	147	A	0	0	146	39.3356164383562
A_NP	882	147	G	0	0	147	38.6462585034014
A_NP	883	147	G	0	0	147	38.156462585034
A_NP	884	147	G	0	0	146	38.2602739726027
A_NP	885	146	A	1	0	146	37.8013698630137
A_NP	886	146	T	1	0	145	38.8344827586207
A_NP	887	147	A	0	0	146	38.2534246575342
A_NP	888	147	T	0	0	146	39.7808219178082
A_NP	889	147	T	0	0	146	39.2534246575342
A_NP	890	147	C	0	0	146	38.8287671232877
A_NP	891	147	C	0	0	147	38.4761904761905
A_NP	892	147	T	0	0	147	38.3197278911565
A_NP	893	147	T	0	0	147	36.5238095238095
A_NP	894	147	G	0	0	147	34.6734693877551
A_NP	895	147	G	0	0	147	35.5578231292517
A_NP	896	147	T	0	0	146	34.7671232876712
A_NP	897	148	G	0	0	146	35.3219178082192
A_NP	898	148	G	0	0	148	38.1824324324324
A_NP	899	148	G	0	0	147	38.0748299319728
A_NP	900	148	A	0	0	146	38.5753424657534
A_NP	901	148	A	0	0	148	40.0540540540541
A_NP	902	148	T	0	0	148	39.7837837837838
A_NP	903	147	A	1	0	145	37.0965517241379
A_NP	904	147	G	1	0	146	37.2945205479452
A_NP	905	147	A	1	0	146	37.2260273972603
A_NP	906	147	C	1	0	147	37.3061224489796
A_NP	907	148	C	0	0	148	37.6351351351351
A_NP	908	148	C	0	0	146	36.9246575342466
A_NP	909	148	G	0	0	145	33.5862068965517
A_NP	910	147	T	1	0	147	33.1360544217687
A_NP	911	147	T	1	0	147	31.9727891156463
A_NP	912	147	C	1	0	147	31.4829931972789
A_NP	913	148	A	0	0	147	31.5986394557823
A_NP	914	148	A	0	0	148	33.7702702702703
A_NP	915	148	A	0	0	148	33.9797297297297
A_NP	916	148	C	0	0	147	35.6122448979592
A_NP	917	148	T	0	0	147	36.4489795918367
A_NP	918	148	A	0	0	146	35.4041095890411
A_NP	919	148	C	0	0	146	34.6438356164384
A_NP	920	148	T	0	0	147	34.1700680272109
A_NP	921	148	T	0	0	148	33.7364864864865
A_NP	922	148	C	0	0	148	33.5135135135135
A_NP	923	148	A	0	0	148	33.7364864864865
A_NP	924	148	A	0	0	147	36.0068027210884
A_NP	925	148	A	0	0	148	37.4594594594595
A_NP	926	148	A	0	0	148	38.1013513513514
A_NP	927	148	T	0	0	148	39.8445945945946
A_NP	928	148	A	0	0	147	39.6734693877551
A_NP	929	148	G	0	0	147	40.3333333333333
A_NP	930	148	C	0	0	148	40.277027027027
A_NP	931	148	C	0	0	148	38.4527027027027
A_NP	932	148	A	0	0	148	38.1689189189189
A_NP	933	148	A	0	0	148	38.6081081081081
A_NP	934	148	A	0	0	148	39.2027027027027
A_NP	935	148	T	0	0	148	38.722972972973
A_NP	936	148	A	0	0	148	39.4864864864865
A_NP	937	148	T	0	0	148	40.3783783783784
A_NP	938	148	A	0	0	148	40.8716216216216
A_NP	939	148	C	0	0	147	40.9591836734694
A_NP	940	148	A	0	0	148	40.9527027027027
A_NP	941	148	G	0	0	148	41.7297297297297
A_NP	942	148	C	0	0	148	41.5135135135135
A_NP	943	148	T	0	0	148	41.3175675675676
A_NP	944	148	T	0	0	146	41.1917808219178
A_NP	945	148	A	0	0	148	40.5135135135135
A_NP	946	148	A	0	0	148	40.1824324324324
A_NP	947	148	T	0	0	148	41.8040540540541
A_NP	948	147	C	1	0	146	41.5753424657534
A_NP	949	148	A	0	0	148	41.6283783783784
A_NP	950	148	G	0	0	148	41.9527027027027
A_NP	951	148	A	0	0	148	41.4121621621622
A_NP	952	148	C	0	0	146	41.3493150684931
A_NP	953	148	C	0	0	148	40.8716216216216
A_NP	954	148	T	0	0	148	41.1013513513514
A_NP	955	148	A	0	0	148	39.6148648648649
A_NP	956	148	A	0	0	148	39.7905405405405
A_NP	957	148	T	0	0	147	40.6598639455782
A_NP	958	148	G	0	0	147	40.0544217687075
A_NP	959	148	A	0	0	148	40.2702702702703
A_NP	960	148	G	0	0	148	40.3918918918919
A_NP	961	148	A	0	0	148	39.9121621621622
A_NP	962	148	A	0	0	147	40.7891156462585
A_NP	963	148	T	0	0	148	39.9594594594595
A_NP	964	148	C	0	0	147	40.1020408163265
A_NP	965	148	C	0	0	147	40.6530612244898
A_NP	966	147	A	1	0	145	40.3586206896552
A_NP	967	147	G	1	0	147	39.7278911564626
A_NP	968	147	C	1	0	146	40.1986301369863
A_NP	969	147	A	1	0	147	39.0476190476191
A_NP	970	148	C	0	0	147	38.6598639455782
A_NP	971	148	A	0	0	147	37.6598639455782
A_NP	972	148	C	0	0	148	37.9256756756757
A_NP	973	148	A	0	0	147	37.2857142857143
A_NP	974	147	A	0	0	146	37.7808219178082
A_NP	975	147	G	0	0	146	38.5753424657534
A_NP	976	147	A	0	0	146	39.0547945205479
A_NP	977	147	G	0	0	146	39.5
A_NP	978	147	T	0	0	147	40.0952380952381
A_NP	979	147	C	0	0	147	39.108843537415
A_NP	980	147	A	0	0	147	39.5510204081633
A_NP	981	147	G	0	0	147	39.843537414966
A_NP	982	147	C	0	0	147	39.8843537414966
A_NP	983	147	T	0	0	146	40.6506849315069
A_NP	984	144	G	3	0	144	41.2222222222222
A_NP	985	147	G	0	0	147	41.9387755102041
A_NP	986	147	T	0	0	147	41.687074829932
A_NP	987	147	G	0	0	147	41.1700680272109
A_NP	988	147	T	0	0	147	42.2244897959184
A_NP	989	147	G	0	0	147	41.3333333333333
A_NP	990	147	G	0	0	147	42.0748299319728
A_NP	991	147	A	0	0	147	41.4965986394558
A_NP	992	147	T	0	0	147	42.0408163265306
A_NP	993	147	G	0	0	146	41.1917808219178
A_NP	994	147	G	0	0	146	40.7671232876712
A_NP	995	147	C	0	0	146	40.7602739726027
A_NP	996	147	A	0	0	147	41.2517006802721
A_NP	997	146	T	1	0	146	41.5684931506849
A_NP	998	147	G	0	0	146	41.027397260274
A_NP	999	147	T	0	0	147	42.530612244898
A_NP	1000	147	C	0	0	146	40.9178082191781
A_NP	1001	147	A	0	0	147	40.891156462585
A_NP	1002	147	T	0	0	147	40.6462585034014
A_NP	1003	146	T	1	0	146	40.8493150684931
A_NP	1004	146	C	1	0	144	41.1180555555556
A_NP	1005	146	T	1	0	146	41.3356164383562
A_NP	1006	146	G	1	0	146	40.2465753424658
A_NP	1007	147	C	0	0	147	40.3537414965986
A_NP	1008	147	T	0	0	147	40.687074829932
A_NP	1009	147	G	0	0	147	40.2108843537415
A_NP	1010	147	C	0	0	147	40.6938775510204
A_NP	1011	147	A	0	0	147	39.0612244897959
A_NP	1012	147	T	0	0	147	40.734693877551
A_NP	1013	147	T	0	0	147	40.4013605442177
A_NP	1014	147	T	0	0	147	40.4489795918367
A_NP	1015	147	G	0	0	147	39.6394557823129
A_NP	1016	147	A	0	0	147	39.9183673469388
A_NP	1017	147	A	0	0	147	41.108843537415
A_NP	1018	147	G	0	0	147	40.4149659863946
A_NP	1019	147	A	0	0	147	39.8979591836735
A_NP	1020	147	T	0	0	147	40.7278911564626
A_NP	1021	147	T	0	0	147	41.0340136054422
A_NP	1022	147	T	0	0	147	40.6802721088435
A_NP	1023	147	A	0	0	147	39.265306122449
A_NP	1024	147	A	0	0	147	40.5986394557823
A_NP	1025	147	G	0	0	147	41.7210884353741
A_NP	1026	147	A	0	0	147	41.5442176870748
A_NP	1027	147	T	0	0	147	42.1496598639456
A_NP	1028	147	T	0	0	147	42.3061224489796
A_NP	1029	147	G	0	0	147	41.3333333333333
A_NP	1030	147	T	0	0	144	41.1180555555556
A_NP	1031	147	T	0	0	147	40.8163265306122
A_NP	1032	146	A	1	0	146	40.0616438356164
A_NP	1033	147	A	0	0	147	39.8775510204082
A_NP	1034	147	G	0	0	147	39.3809523809524
A_NP	1035	147	C	0	0	147	41.5442176870748
A_NP	1036	146	T	1	0	146	42.1164383561644
A_NP	1037	146	T	1	0	146	42.3835616438356
A_NP	1038	146	C	1	0	146	41.1095890410959
A_NP	1039	147	A	0	0	147	41.1632653061224
A_NP	1040	147	T	0	0	147	41.265306122449
A_NP	1041	147	C	0	0	147	39.9115646258503
A_NP	1042	147	A	0	0	147	40.9523809523809
A_NP	1043	147	G	0	0	147	40.5102040816327
A_NP	1044	147	A	0	0	146	40.2397260273973
A_NP	1045	147	G	0	0	147	40.7755102040816
A_NP	1046	147	G	0	0	147	40.9251700680272
A_NP	1047	147	A	0	0	147	40.8231292517007
A_NP	1048	147	A	0	0	147	41.0748299319728
A_NP	1049	146	C	1	0	144	41.375
A_NP	1050	137	A	10	0	136	40.7426470588235
A_NP	1051	147	A	0	0	147	40.7687074829932
A_NP	1052	147	A	0	0	146	41.8219178082192
A_NP	1053	147	A	0	0	147	41.6598639455782
A_NP	1054	146	G	1	0	146	40.9520547945205
A_NP	1055	147	T	0	0	146	41.9520547945205
A_NP	1056	147	A	0	0	147	40.6258503401361
A_NP	1057	147	T	0	0	146	40.1301369863014
A_NP	1058	147	C	0	0	147	39.8707482993197
A_NP	1059	147	T	0	0	146	39.5479452054795
A_NP	1060	147	C	0	0	146	39.2876712328767
A_NP	1061	147	C	0	0	147	39.5918367346939
A_NP	1062	147	T	0	0	147	38.9931972789116
A_NP	1063	142	C	5	0	138	33.963768115942
A_NP	1064	133	G	14	0	133	30.6390977443609
A_NP	1065	144	G	3	0	144	31.6805555555556
A_NP	1066	146	G	1	0	146	31.5068493150685
A_NP	1067	147	G	0	0	147	30.6734693877551
A_NP	1068	147	G	0	0	147	37.891156462585
A_NP	1069	147	A	0	0	146	37.7671232876712
A_NP	1070	147	A	0	0	147	37.1904761904762
A_NP	1071	147	A	0	0	146	37.1849315068493
A_NP	1072	147	C	0	0	147	36.7006802721088
A_NP	1073	147	T	0	0	147	38.0748299319728
A_NP	1074	147	G	0	0	145	36.7862068965517
A_NP	1075	146	T	1	0	146	37.5
A_NP	1076	143	C	4	0	143	35.8041958041958
A_NP	1077	147	A	0	0	143	34.4895104895105
A_NP	1078	147	A	0	0	147	33.2925170068027
A_NP	1079	147	C	0	0	147	33.0136054421769
A_NP	1080	147	T	0	0	147	32.9183673469388
A_NP	1081	146	A	1	0	142	32.6338028169014
A_NP	1082	147	G	0	0	146	31.3972602739726
A_NP	1083	147	A	0	0	147	31.4285714285714
A_NP	1084	147	G	0	0	147	31.8639455782313
A_NP	1085	147	G	0	0	147	32.687074829932
A_NP	1086	147	A	0	0	147	36.2040816326531
A_NP	1087	146	G	1	0	145	36.4689655172414
A_NP	1088	145	T	2	0	145	38.1172413793103
A_NP	1089	147	A	0	0	146	38.5068493150685
A_NP	1090	147	C	0	0	146	39.3698630136986
A_NP	1091	146	A	1	0	144	39.0555555555556
A_NP	1092	146	G	1	0	145	39.1655172413793
A_NP	1093	147	A	0	0	147	38.5102040816327
A_NP	1094	147	T	0	0	146	38.9041095890411
A_NP	1095	146	T	1	0	146	39.0958904109589
A_NP	1096	145	G	2	0	144	38.125
A_NP	1097	146	C	1	0	145	37.5586206896552
A_NP	1098	146	T	1	0	145	38.9103448275862
A_NP	1099	146	T	1	0	146	38.5821917808219
A_NP	1100	146	C	1	0	143	38.2307692307692
A_NP	1101	147	A	0	0	145	37.6896551724138
A_NP	1102	147	A	0	0	147	38.4761904761905
A_NP	1103	147	A	0	0	147	38.5646258503401
A_NP	1104	147	T	0	0	147	37.9455782312925
A_NP	1105	147	G	0	0	147	38.0204081632653
A_NP	1106	146	A	1	0	146	39.9178082191781
A_NP	1107	147	G	0	0	147	39.530612244898
A_NP	1108	147	A	0	0	147	40.2380952380952
A_NP	1109	147	A	0	0	147	40.5170068027211
A_NP	1110	147	C	0	0	147	40.6122448979592
A_NP	1111	147	A	0	0	147	40.0680272108844
A_NP	1112	147	T	0	0	147	40.4965986394558
A_NP	1113	147	G	0	0	147	40.843537414966
A_NP	1114	147	G	0	0	147	41.0272108843537
A_NP	1115	147	A	0	0	147	40.9319727891156
A_NP	1116	147	T	0	0	147	41.1904761904762
A_NP	1117	147	A	0	0	147	41.4081632653061
A_NP	1118	147	A	0	0	147	42.1972789115646
A_NP	1119	147	T	0	0	147	41.3265306122449
A_NP	1120	147	A	0	0	147	41.6258503401361
A_NP	1121	147	T	0	0	147	40.6598639455782
A_NP	1122	143	G	4	0	143	38.2447552447552
A_NP	1123	147	G	0	0	147	38.4625850340136
A_NP	1124	147	G	0	0	147	39.0408163265306
A_NP	1125	147	A	0	0	147	39.6394557823129
A_NP	1126	148	T	0	0	148	40.972972972973
A_NP	1127	148	C	0	0	147	39.8231292517007
A_NP	1128	148	A	0	0	148	39.3851351351351
A_NP	1129	148	A	0	0	146	39.041095890411
A_NP	1130	148	G	0	0	148	38.7162162162162
A_NP	1131	148	C	0	0	148	37.6148648648649
A_NP	1132	148	A	0	0	148	37.8243243243243
A_NP	1133	148	C	0	0	148	37.0337837837838
A_NP	1134	147	T	1	0	147	37.0408163265306
A_NP	1135	147	C	1	0	147	35.8843537414966
A_NP	1136	147	T	1	0	147	36.2585034013605
A_NP	1137	147	T	1	0	147	35.6190476190476
A_NP	1138	147	G	1	0	145	33.8551724137931
A_NP	1139	147	A	1	0	146	33.5616438356164
A_NP	1140	148	A	0	0	147	34.0340136054422
A_NP	1141	148	C	0	0	147	35.7891156462585
A_NP	1142	148	T	0	0	146	37.5890410958904
A_NP	1143	148	G	0	0	148	36.4256756756757
A_NP	1144	148	A	0	0	148	37.4189189189189
A_NP	1145	148	G	0	0	146	36.8424657534247
A_NP	1146	148	A	0	0	148	37.8918918918919
A_NP	1147	148	A	0	0	148	39.8445945945946
A_NP	1148	148	G	0	0	148	39.4256756756757
A_NP	1149	148	C	0	0	147	39.4285714285714
A_NP	1150	148	G	0	0	148	38.1013513513514
A_NP	1151	148	G	0	0	148	37.7972972972973
A_NP	1152	148	G	0	0	148	37.7837837837838
A_NP	1153	148	T	0	0	148	37.7905405405405
A_NP	1154	148	A	0	0	148	37.9932432432432
A_NP	1155	147	C	1	0	147	39.469387755102
A_NP	1156	146	T	2	0	146	38.527397260274
A_NP	1157	147	G	1	0	145	37.4827586206897
A_NP	1158	148	G	0	0	148	37.4391891891892
A_NP	1159	148	G	0	0	148	37.4797297297297
A_NP	1160	148	C	0	0	148	37.3513513513514
A_NP	1161	148	C	0	0	145	37.7172413793103
A_NP	1162	148	A	0	0	148	37.4189189189189
A_NP	1163	148	T	0	0	148	37.0067567567568
A_NP	1164	148	A	0	0	148	36.1351351351351
A_NP	1165	148	A	0	0	147	37.2312925170068
A_NP	1166	148	G	0	0	148	37.2972972972973
A_NP	1167	148	G	0	0	148	37.1891891891892
A_NP	1168	148	A	0	0	148	36.4324324324324
A_NP	1169	148	C	0	0	148	38.0675675675676
A_NP	1170	147	C	1	0	147	37.9455782312925
A_NP	1171	147	A	1	0	146	37.7602739726027
A_NP	1172	146	G	2	0	146	39.0205479452055
A_NP	1173	147	G	1	0	147	38.6462585034014
A_NP	1174	148	A	0	0	147	39.5510204081633
A_NP	1175	148	G	0	0	147	38.4353741496599
A_NP	1176	148	T	0	0	148	39
A_NP	1177	147	G	1	0	147	36.7891156462585
A_NP	1178	147	G	1	0	147	35.9251700680272
A_NP	1179	148	A	0	0	148	35.9459459459459
A_NP	1180	148	G	0	0	148	36.1013513513514
A_NP	1181	148	G	0	0	148	38.3175675675676
A_NP	1182	148	A	0	0	148	38.6283783783784
A_NP	1183	148	A	0	0	148	39.1351351351351
A_NP	1184	148	A	0	0	148	40.6824324324324
A_NP	1185	148	C	0	0	148	40.6013513513514
A_NP	1186	148	A	0	0	148	39.5608108108108
A_NP	1187	148	C	0	0	148	40.1418918918919
A_NP	1188	148	C	0	0	148	39.0067567567568
A_NP	1189	148	A	0	0	148	37.6418918918919
A_NP	1190	148	A	0	0	148	38.4121621621622
A_NP	1191	148	T	0	0	148	40.1959459459459
A_NP	1192	148	C	0	0	147	38.8231292517007
A_NP	1193	148	A	0	0	148	38.8175675675676
A_NP	1194	148	G	0	0	148	37.7027027027027
A_NP	1195	148	C	0	0	148	37.2364864864865
A_NP	1196	148	A	0	0	148	38.9864864864865
A_NP	1197	148	G	0	0	148	39.4054054054054
A_NP	1198	148	A	0	0	148	39.777027027027
A_NP	1199	148	G	0	0	148	40.5337837837838
A_NP	1200	148	G	0	0	147	40.5238095238095
A_NP	1201	148	G	0	0	148	41.4121621621622
A_NP	1202	148	C	0	0	148	41.2297297297297
A_NP	1203	148	C	0	0	148	41.5878378378378
A_NP	1204	148	T	0	0	148	41.2905405405405
A_NP	1205	148	C	0	0	148	40.972972972973
A_NP	1206	148	C	0	0	148	40.4391891891892
A_NP	1207	155	G	0	0	153	37.9411764705882
A_NP	1208	155	C	0	0	153	38.2941176470588
A_NP	1209	154	A	1	0	145	37.5172413793103
A_NP	1210	156	G	0	0	155	37.8838709677419
A_NP	1211	156	G	0	0	156	38.7948717948718
A_NP	1212	156	C	0	0	155	40.5290322580645
A_NP	1213	156	C	0	0	155	40.541935483871
A_NP	1214	156	A	0	0	156	40.025641025641
A_NP	1215	156	A	0	0	156	40.6346153846154
A_NP	1216	156	A	0	0	155	41.0774193548387
A_NP	1217	157	C	0	0	156	40.7628205128205
A_NP	1218	157	C	0	0	157	40.8980891719745
A_NP	1219	157	A	0	0	157	40.2675159235669
A_NP	1220	157	G	0	0	157	40.1656050955414
A_NP	1221	156	T	1	0	156	40.2435897435897
A_NP	1222	157	G	0	0	157	40.0191082802548
A_NP	1223	157	T	0	0	156	39.4615384615385
A_NP	1224	157	G	0	0	157	39.1528662420382
A_NP	1225	157	C	0	0	157	39.9554140127389
A_NP	1226	157	A	0	0	157	40.2229299363057
A_NP	1227	157	A	0	0	156	41.1410256410256
A_NP	1228	157	C	0	0	156	40.025641025641
A_NP	1229	157	C	0	0	157	39.8726114649682
A_NP	1230	157	A	0	0	157	40.0636942675159
A_NP	1231	157	A	0	0	157	39.2802547770701
A_NP	1232	157	C	0	0	157	39.6687898089172
A_NP	1233	157	A	0	0	156	39.9807692307692
A_NP	1234	158	T	0	0	158	39.9177215189873
A_NP	1235	158	T	0	0	158	39.2721518987342
A_NP	1236	158	T	0	0	157	40.6815286624204
A_NP	1237	158	T	0	0	158	42.1898734177215
A_NP	1238	158	C	0	0	157	42.5222929936306
A_NP	1239	158	T	0	0	158	42.9367088607595
A_NP	1240	157	G	1	0	156	43.1858974358974
A_NP	1241	156	T	2	0	155	42.2129032258064
A_NP	1242	158	A	0	0	157	40.8152866242038
A_NP	1243	157	C	1	0	154	41.4220779220779
A_NP	1244	153	A	5	0	151	38.2516556291391
A_NP	1245	157	A	1	0	157	38.1210191082803
A_NP	1246	156	A	2	0	156	38.6089743589744
A_NP	1247	156	G	2	0	156	38.7564102564103
A_NP	1248	157	A	1	0	157	41.5987261146497
A_NP	1249	157	A	1	0	157	42.5095541401274
A_NP	1250	157	A	1	0	157	42.6751592356688
A_NP	1251	157	C	1	0	157	41.9872611464968
A_NP	1252	158	C	0	0	157	41.515923566879
A_NP	1253	158	T	0	0	158	41.6392405063291
A_NP	1254	158	C	0	0	158	39.7341772151899
A_NP	1255	158	C	0	0	158	38.9303797468354
A_NP	1256	158	C	0	0	157	37.7834394904459
A_NP	1257	158	A	0	0	158	35.3291139240506
A_NP	1258	157	T	1	0	157	35.2866242038217
A_NP	1259	158	T	0	0	158	37.0632911392405
A_NP	1260	158	T	0	0	158	36.5886075949367
A_NP	1261	158	G	0	0	158	34.7151898734177
A_NP	1262	157	A	1	0	156	35.0512820512821
A_NP	1263	157	A	1	0	157	36.8853503184713
A_NP	1264	157	A	1	0	157	39.0127388535032
A_NP	1265	157	A	1	0	157	39.8726114649682
A_NP	1266	157	G	1	0	157	39.5477707006369
A_NP	1267	157	T	1	0	157	40.6624203821656
A_NP	1268	157	C	1	0	156	39.7307692307692
A_NP	1269	158	A	0	0	158	40.3607594936709
A_NP	1270	158	A	0	0	158	38.9746835443038
A_NP	1271	158	C	0	0	158	38.9240506329114
A_NP	1272	158	C	0	0	158	38.7278481012658
A_NP	1273	158	A	0	0	158	38.4556962025316
A_NP	1274	158	T	0	0	158	39.3670886075949
A_NP	1275	158	C	0	0	158	38.0316455696203
A_NP	1276	158	A	0	0	158	37.7658227848101
A_NP	1277	158	T	0	0	158	37.8924050632911
A_NP	1278	158	G	0	0	158	38.2088607594937
A_NP	1279	158	G	0	0	158	38.4177215189873
A_NP	1280	158	C	0	0	157	38.859872611465
A_NP	1281	158	A	0	0	158	39.6392405063291
A_NP	1282	158	G	0	0	158	40.3987341772152
A_NP	1283	158	C	0	0	158	40.0759493670886
A_NP	1284	158	A	0	0	158	39.7405063291139
A_NP	1285	158	T	0	0	158	40.7721518987342
A_NP	1286	158	T	0	0	158	41.6455696202532
A_NP	1287	158	C	0	0	158	41.6772151898734
A_NP	1288	158	A	0	0	158	41.9936708860759
A_NP	1289	158	C	0	0	158	42.3417721518987
A_NP	1290	158	T	0	0	157	41.6433121019108
A_NP	1291	158	G	0	0	158	41.9493670886076
A_NP	1292	158	G	0	0	158	41.8037974683544
A_NP	1293	158	A	0	0	158	42.4493670886076
A_NP	1294	158	A	0	0	158	42.4493670886076
A_NP	1295	158	A	0	0	158	42.4556962025316
A_NP	1296	158	T	0	0	158	42.2025316455696
A_NP	1297	157	A	1	0	156	41.1858974358974
A_NP	1298	157	C	1	0	156	41.6538461538462
A_NP	1299	158	G	0	0	158	39.3227848101266
A_NP	1300	158	G	0	0	158	39.4367088607595
A_NP	1301	157	A	1	0	156	39.4807692307692
A_NP	1302	158	A	0	0	158	39.6962025316456
A_NP	1303	158	G	0	0	158	40.5822784810127
A_NP	1304	158	G	0	0	158	38.5886075949367
A_NP	1305	158	A	0	0	156	38.2628205128205
A_NP	1306	158	A	0	0	158	37.7278481012658
A_NP	1307	158	G	0	0	157	37.859872611465
A_NP	1308	156	A	2	0	156	38.5128205128205
A_NP	1309	158	A	0	0	157	36.3630573248408
A_NP	1310	158	C	0	0	157	34.6433121019108
A_NP	1311	157	T	1	0	157	34.5859872611465
A_NP	1312	158	T	0	0	158	34.6645569620253
A_NP	1313	156	C	2	0	156	34.724358974359
A_NP	1314	157	A	1	0	157	34.6178343949045
A_NP	1315	158	G	0	0	157	35.3503184713376
A_NP	1316	158	A	0	0	158	36.0569620253165
A_NP	1317	158	C	0	0	158	36.0569620253165
A_NP	1318	158	A	0	0	158	38.2594936708861
A_NP	1319	161	T	0	0	160	39.25
A_NP	1320	161	G	0	0	160	39.33125
A_NP	1321	161	A	0	0	161	39.8198757763975
A_NP	1322	161	G	0	0	161	39.6770186335404
A_NP	1323	162	G	0	0	162	40.3950617283951
A_NP	1324	161	G	1	0	161	40.3416149068323
A_NP	1325	160	C	2	0	160	40.35625
A_NP	1326	162	A	0	0	162	39.8333333333333
A_NP	1327	162	G	0	0	161	40.2236024844721
A_NP	1328	162	A	0	0	162	40.2222222222222
A_NP	1329	162	A	0	0	162	40.358024691358
A_NP	1330	162	A	0	0	162	39.8086419753086
A_NP	1331	162	T	0	0	161	40.0807453416149
A_NP	1332	162	T	0	0	162	40.5123456790123
A_NP	1333	162	A	0	0	162	39.2654320987654
A_NP	1334	161	T	1	0	161	39.9192546583851
A_NP	1335	161	A	1	0	161	40.4472049689441
A_NP	1336	161	A	1	0	161	40.3478260869565
A_NP	1337	161	G	1	0	161	39.888198757764
A_NP	1338	162	G	0	0	162	39.8765432098765
A_NP	1339	162	A	0	0	161	39.9006211180124
A_NP	1340	162	T	0	0	162	40.0493827160494
A_NP	1341	162	G	0	0	161	40.1366459627329
A_NP	1342	162	A	0	0	161	39.7453416149068
A_NP	1343	162	T	0	0	162	40.5864197530864
A_NP	1344	162	G	0	0	162	40.0740740740741
A_NP	1345	162	G	0	0	162	39.8888888888889
A_NP	1346	161	A	1	0	161	40.1863354037267
A_NP	1347	162	A	0	0	162	40.0185185185185
A_NP	1348	160	G	2	0	160	40.11875
A_NP	1349	162	G	0	0	162	38.2716049382716
A_NP	1350	162	T	0	0	162	37.9567901234568
A_NP	1351	170	G	1	0	170	37.3411764705882
A_NP	1352	170	C	1	0	170	36.9235294117647
A_NP	1353	170	A	1	0	170	35.9705882352941
A_NP	1354	171	A	0	0	171	36.625730994152
A_NP	1355	172	A	0	0	172	37.0581395348837
A_NP	1356	172	A	0	0	172	37
A_NP	1357	172	C	0	0	164	37.3780487804878
A_NP	1358	172	C	0	0	172	37.6220930232558
A_NP	1359	169	A	3	0	169	36.9171597633136
A_NP	1360	169	G	3	0	169	36.3491124260355
A_NP	1361	169	A	3	0	165	36.1757575757576
A_NP	1362	172	A	0	0	172	35.7732558139535
A_NP	1363	172	G	0	0	171	36.6198830409357
A_NP	1364	172	A	0	0	170	36.6764705882353
A_NP	1365	172	A	0	0	172	37.1627906976744
A_NP	1366	172	G	0	0	170	37.4882352941176
A_NP	1367	172	T	0	0	171	38.3040935672515
A_NP	1368	172	G	0	0	170	38.8176470588235
A_NP	1369	172	T	0	0	171	38.6842105263158
A_NP	1370	172	C	0	0	172	38.6511627906977
A_NP	1371	172	A	0	0	172	38.6279069767442
A_NP	1372	170	T	2	0	170	38.8705882352941
A_NP	1373	172	T	0	0	171	38.6315789473684
A_NP	1374	171	C	1	0	171	38.1169590643275
A_NP	1375	172	C	0	0	170	37.7882352941176
A_NP	1376	96	G	76	0	96	33.65625
A_NP	1377	154	G	18	0	153	35.124183006536
A_NP	1378	168	G	4	0	168	34.6369047619048
A_NP	1379	169	G	3	0	168	35.4642857142857
A_NP	1380	168	G	4	0	166	37.1686746987952
A_NP	1381	168	A	4	0	168	36.6607142857143
A_NP	1382	164	G	8	0	160	34.95
A_NP	1383	169	G	3	0	169	33.094674556213
A_NP	1384	169	G	3	0	168	34.0952380952381
A_NP	1385	169	G	3	0	161	33.1055900621118
A_NP	1386	170	A	2	0	168	33.2976190476191
A_NP	1387	170	G	2	0	164	33.6463414634146
A_NP	1388	165	T	7	0	160	33.3125
A_NP	1389	171	T	1	0	168	32.7202380952381
A_NP	1390	169	T	3	0	168	32.2023809523809
A_NP	1391	163	T	9	0	162	30.5493827160494
A_NP	1392	146	C	26	0	144	28.9722222222222
A_NP	1393	166	G	6	0	160	28.06875
A_NP	1394	171	A	1	0	171	25.6140350877193
A_NP	1395	171	G	1	0	171	23.7017543859649
A_NP	1396	171	C	1	0	171	23.8713450292398
A_NP	1397	171	T	1	0	171	26.1695906432749
A_NP	1398	172	C	0	0	172	30.2441860465116
A_NP	1399	171	T	1	0	171	31.5380116959064
A_NP	1400	172	C	0	0	172	31.8662790697674
A_NP	1401	172	T	0	0	170	31.9117647058824
A_NP	1402	172	G	0	0	172	29.8255813953488
A_NP	1403	172	A	0	0	172	30.2151162790698
A_NP	1404	172	C	0	0	172	29.6976744186047
A_NP	1405	170	G	2	0	169	29.0414201183432
A_NP	1406	171	A	1	0	171	29.1812865497076
A_NP	1407	172	G	0	0	172	28.6453488372093
A_NP	1408	172	A	0	0	172	27.9593023255814
A_NP	1409	172	A	0	0	172	29.593023255814
A_NP	1410	172	G	0	0	172	30.5872093023256
A_NP	1411	172	G	0	0	172	31.3081395348837
A_NP	1412	172	C	0	0	172	33.046511627907
A_NP	1413	172	A	0	0	172	34.1104651162791
A_NP	1414	171	G	1	0	171	34.2690058479532
A_NP	1415	171	C	1	0	171	33.3625730994152
A_NP	1416	172	G	0	0	171	31.6140350877193
A_NP	1417	172	A	0	0	169	31.5443786982249
A_NP	1418	172	A	0	0	171	31.3099415204678
A_NP	1419	172	C	0	0	172	30.5581395348837
A_NP	1420	172	C	0	0	171	31.374269005848
A_NP	1421	172	C	0	0	168	32.4107142857143
A_NP	1422	172	G	0	0	167	32.7185628742515
A_NP	1423	172	A	0	0	172	32.7267441860465
A_NP	1424	172	T	0	0	172	34.0174418604651
A_NP	1425	172	C	0	0	168	33.6488095238095
A_NP	1426	172	G	0	0	171	34.4035087719298
A_NP	1427	172	T	0	0	172	35.6220930232558
A_NP	1428	172	G	0	0	172	35.7906976744186
A_NP	1429	170	C	2	0	170	36.0764705882353
A_NP	1430	172	C	0	0	172	36.6627906976744
A_NP	1431	172	C	0	0	171	36.1345029239766
A_NP	1432	172	T	0	0	172	35.8255813953488
A_NP	1433	172	C	0	0	170	35.0411764705882
A_NP	1434	170	T	2	0	168	34.4940476190476
A_NP	1435	172	T	0	0	172	32.9011627906977
A_NP	1436	172	T	0	0	172	32.6046511627907
A_NP	1437	172	T	0	0	171	34.3801169590643
A_NP	1438	172	G	0	0	172	32.9186046511628
A_NP	1439	170	A	2	0	170	35.1411764705882
A_NP	1440	169	T	3	0	169	35.810650887574
A_NP	1441	172	A	0	0	172	35.3837209302326
A_NP	1442	171	T	1	0	171	36.9181286549708
A_NP	1443	171	G	1	0	170	35.7588235294118
A_NP	1444	171	A	1	0	171	35.5906432748538
A_NP	1445	170	G	2	0	169	36.585798816568
A_NP	1446	170	T	2	0	166	37.7048192771084
A_NP	1447	172	A	0	0	172	37.0988372093023
A_NP	1448	172	A	0	0	170	38.3117647058824
A_NP	1449	172	C	0	0	168	38.3154761904762
A_NP	1450	171	G	1	0	169	36.3727810650888
A_NP	1451	172	A	0	0	172	36.6918604651163
A_NP	1452	171	A	1	0	170	35.9823529411765
A_NP	1453	170	G	2	0	170	35.4470588235294
A_NP	1454	172	G	0	0	171	36.6081871345029
A_NP	1455	172	G	0	0	171	36.9941520467836
A_NP	1456	171	T	1	0	169	36.9171597633136
A_NP	1457	172	C	0	0	170	36.4235294117647
A_NP	1458	171	T	1	0	170	37.4235294117647
A_NP	1459	172	T	0	0	170	37.6764705882353
A_NP	1460	172	A	0	0	172	36.5
A_NP	1461	172	T	0	0	172	36.0755813953488
A_NP	1462	172	T	0	0	171	36.4970760233918
A_NP	1463	172	T	0	0	170	36.3352941176471
A_NP	1464	172	C	0	0	171	35.2397660818713
A_NP	1465	170	T	2	0	170	36.5588235294118
A_NP	1466	172	T	0	0	171	36.046783625731
A_NP	1467	171	C	1	0	170	35.2176470588235
A_NP	1468	171	G	1	0	170	34.4
A_NP	1469	172	G	0	0	172	34.0348837209302
A_NP	1470	172	A	0	0	172	35.0813953488372
A_NP	1471	172	G	0	0	172	35.3313953488372
A_NP	1472	172	A	0	0	172	37.2732558139535
A_NP	1473	171	C	1	0	171	37.7777777777778
A_NP	1474	172	A	0	0	169	35.3905325443787
A_NP	1475	172	A	0	0	172	35.7674418604651
A_NP	1476	172	T	0	0	172	36.1162790697674
A_NP	1477	172	G	0	0	171	36.1812865497076
A_NP	1478	171	C	0	0	170	37.1058823529412
A_NP	1479	171	A	0	0	170	38.2117647058824
A_NP	1480	171	G	0	0	169	37.207100591716
A_NP	1481	171	A	0	0	171	36.2923976608187
A_NP	1482	170	A	0	0	169	37.3372781065089
A_NP	1483	170	G	0	0	170	37.0941176470588
A_NP	1484	170	A	0	0	170	36.8882352941176
A_NP	1485	170	A	0	0	170	36.6352941176471
A_NP	1486	169	T	0	0	169	36.5443786982249
A_NP	1487	169	A	0	0	169	37.7159763313609
A_NP	1488	169	C	0	0	169	37.9704142011834
A_NP	1489	169	G	0	0	169	38.7751479289941
A_NP	1490	168	A	0	0	168	38.5773809523809
A_NP	1491	168	C	0	0	168	38.75
A_NP	1492	168	A	0	0	168	37.7023809523809
A_NP	1493	167	A	0	0	167	37.8682634730539
A_NP	1494	167	T	0	0	166	38.5843373493976
A_NP	1495	167	T	0	0	167	38.3952095808383
A_NP	1496	167	A	0	0	167	38.0059880239521
A_NP	1497	165	A	0	0	165	38.1636363636364
