Reference_Name	Position	Coverage Depth	Consensus	Deletions	Ambiguous	Consensus_Count	Consensus_Average_Quality
A_NS	1	117	A	0	0	117	40.9230769230769
A_NS	2	117	T	0	0	117	40.6153846153846
A_NS	3	117	G	0	0	117	39.3931623931624
A_NS	4	117	G	0	0	117	39.4102564102564
A_NS	5	117	A	0	0	117	38.7094017094017
A_NS	6	117	T	0	0	117	39.2820512820513
A_NS	7	117	T	0	0	117	39.5811965811966
A_NS	8	117	C	0	0	117	40.8376068376068
A_NS	9	117	C	0	0	117	40.6752136752137
A_NS	10	117	A	0	0	117	39.0512820512821
A_NS	11	117	A	0	0	117	38.8632478632479
A_NS	12	117	C	0	0	117	39.5213675213675
A_NS	13	117	A	0	0	117	38.8547008547009
A_NS	14	117	C	0	0	117	40.0940170940171
A_NS	15	118	T	0	0	118	40.1694915254237
A_NS	16	118	G	0	0	118	40.2033898305085
A_NS	17	118	T	0	0	118	40.2457627118644
A_NS	18	118	G	0	0	118	40.9491525423729
A_NS	19	118	T	0	0	117	42
A_NS	20	118	C	0	0	118	40.6694915254237
A_NS	21	118	A	0	0	118	40.5847457627119
A_NS	22	118	A	0	0	118	40.6440677966102
A_NS	23	118	G	0	0	118	40.4661016949153
A_NS	24	117	T	1	0	117	41.2478632478633
A_NS	25	118	T	0	0	118	39.7796610169492
A_NS	26	118	T	0	0	118	41.1440677966102
A_NS	27	118	T	0	0	118	40.8474576271186
A_NS	28	118	C	0	0	117	38.6837606837607
A_NS	29	118	A	0	0	117	37.3504273504274
A_NS	30	118	G	0	0	118	37.4152542372881
A_NS	31	118	G	0	0	117	37.965811965812
A_NS	32	118	T	0	0	117	37.6410256410256
A_NS	33	118	A	0	0	117	38.8290598290598
A_NS	34	118	G	0	0	117	40.0940170940171
A_NS	35	118	A	0	0	118	39.6525423728814
A_NS	36	118	T	0	0	118	40.0254237288136
A_NS	37	118	T	0	0	118	40.3728813559322
A_NS	38	118	G	0	0	118	40.771186440678
A_NS	39	118	C	0	0	118	40.7796610169492
A_NS	40	118	T	0	0	118	41.1101694915254
A_NS	41	118	T	0	0	118	41.1694915254237
A_NS	42	118	T	0	0	117	41.4017094017094
A_NS	43	118	C	0	0	118	38.9152542372881
A_NS	44	117	T	1	0	117	39.5726495726496
A_NS	45	118	T	0	0	118	40.0932203389831
A_NS	46	118	T	0	0	118	40
A_NS	47	118	G	0	0	118	36.5847457627119
A_NS	48	118	G	0	0	118	39.1779661016949
A_NS	49	118	C	0	0	118	42.1440677966102
A_NS	50	118	A	0	0	118	40.7457627118644
A_NS	51	118	T	0	0	118	40.8813559322034
A_NS	52	118	A	0	0	118	39.8220338983051
A_NS	53	118	T	0	0	118	40.6271186440678
A_NS	54	118	C	0	0	118	39.635593220339
A_NS	55	118	C	0	0	118	40.0423728813559
A_NS	56	117	G	1	0	116	38.8362068965517
A_NS	57	118	A	0	0	118	38.4576271186441
A_NS	58	118	A	0	0	118	37.9237288135593
A_NS	59	118	A	0	0	118	38.6779661016949
A_NS	60	118	A	0	0	118	40.4322033898305
A_NS	61	118	C	0	0	118	40.364406779661
A_NS	62	118	A	0	0	117	39.7692307692308
A_NS	63	118	A	0	0	118	38.8135593220339
A_NS	64	118	G	0	0	118	38.1949152542373
A_NS	65	118	T	0	0	118	38.1779661016949
A_NS	66	118	T	0	0	118	38.4915254237288
A_NS	67	118	G	0	0	118	38.7372881355932
A_NS	68	117	T	1	0	117	38.8803418803419
A_NS	69	118	A	0	0	117	38.5299145299145
A_NS	70	118	G	0	0	118	38.3983050847458
A_NS	71	118	A	0	0	117	37.8717948717949
A_NS	72	118	C	0	0	116	38.3706896551724
A_NS	73	118	C	0	0	116	38.4310344827586
A_NS	74	117	A	1	0	117	36
A_NS	75	117	A	1	0	117	36.8888888888889
A_NS	76	118	A	1	0	118	38.1949152542373
A_NS	77	119	A	0	0	119	38.436974789916
A_NS	78	119	C	0	0	118	38.8898305084746
A_NS	79	119	C	0	0	119	39.2100840336134
A_NS	80	125	T	0	0	124	39.758064516129
A_NS	81	125	G	0	0	125	37.76
A_NS	82	124	A	1	0	124	37.6612903225806
A_NS	83	125	G	0	0	125	37.28
A_NS	84	124	T	1	0	124	38.7016129032258
A_NS	85	126	G	0	0	126	39.1904761904762
A_NS	86	126	A	0	0	126	41.2380952380952
A_NS	87	126	T	0	0	126	41.1111111111111
A_NS	88	126	G	0	0	125	40.152
A_NS	89	126	C	0	0	126	38.1746031746032
A_NS	90	126	T	0	0	126	36.0634920634921
A_NS	91	124	C	2	0	124	34.9274193548387
A_NS	92	124	C	2	0	124	34.9193548387097
A_NS	93	125	A	1	0	125	32.84
A_NS	94	125	T	1	0	124	33.4516129032258
A_NS	95	125	T	1	0	124	35.3064516129032
A_NS	96	125	C	1	0	122	33.7786885245902
A_NS	97	125	A	1	0	125	33.216
A_NS	98	125	T	1	0	125	35.216
A_NS	99	125	C	1	0	124	34.8306451612903
A_NS	100	125	G	1	0	123	34.7235772357724
A_NS	101	126	A	0	0	126	34.2301587301587
A_NS	102	126	T	0	0	126	35.6746031746032
A_NS	103	126	C	0	0	124	36.9838709677419
A_NS	104	126	G	0	0	126	36.8492063492063
A_NS	105	126	G	0	0	126	37.5
A_NS	106	125	C	1	0	123	37.8617886178862
A_NS	107	126	T	0	0	126	37.3888888888889
A_NS	108	126	T	0	0	125	38.128
A_NS	109	126	C	0	0	124	37.3870967741936
A_NS	110	126	G	0	0	125	37.136
A_NS	111	126	C	0	0	126	37.4444444444444
A_NS	112	125	C	1	0	125	37.28
A_NS	113	125	G	1	0	125	35.304
A_NS	114	125	A	1	0	125	35.624
A_NS	115	125	G	1	0	124	35.258064516129
A_NS	116	125	A	1	0	124	35.1048387096774
A_NS	117	125	T	1	0	124	35.8387096774194
A_NS	118	125	C	1	0	122	33.8114754098361
A_NS	119	125	A	1	0	125	32.312
A_NS	120	125	G	1	0	124	32.2338709677419
A_NS	121	126	A	0	0	126	31.6507936507937
A_NS	122	126	G	0	0	126	30.4920634920635
A_NS	123	126	G	0	0	126	31.7063492063492
A_NS	124	126	T	0	0	126	32.3174603174603
A_NS	125	125	C	1	0	124	29.4758064516129
A_NS	126	126	C	0	0	125	29.776
A_NS	127	126	C	0	0	125	32.112
A_NS	128	126	T	0	0	125	29.504
A_NS	129	126	A	0	0	126	29.7142857142857
A_NS	130	121	A	5	0	120	31.375
A_NS	131	117	G	9	0	116	30.7844827586207
A_NS	132	126	G	0	0	126	33.2698412698413
A_NS	133	126	G	0	0	125	38.416
A_NS	134	126	G	0	0	126	36.5396825396825
A_NS	135	126	A	0	0	126	37.2698412698413
A_NS	136	125	A	1	0	125	39.688
A_NS	137	125	G	1	0	125	37.216
A_NS	138	124	A	2	0	124	36.3951612903226
A_NS	139	125	G	1	0	125	36.472
A_NS	140	126	G	0	0	125	36.528
A_NS	141	126	C	0	0	126	36.4285714285714
A_NS	142	126	A	0	0	122	34.0901639344262
A_NS	143	125	A	1	0	125	34.176
A_NS	144	125	T	1	0	125	33.808
A_NS	145	125	A	1	0	125	32.84
A_NS	146	124	C	2	0	122	33.3606557377049
A_NS	147	125	T	1	0	124	33.491935483871
A_NS	148	125	C	1	0	122	32.7131147540984
A_NS	149	126	T	0	0	126	32.1984126984127
A_NS	150	126	C	0	0	124	31.9838709677419
A_NS	151	126	G	0	0	124	33.4596774193548
A_NS	152	126	G	0	0	126	33.6984126984127
A_NS	153	126	T	0	0	125	36.76
A_NS	154	126	C	0	0	125	37.488
A_NS	155	126	T	0	0	125	39.872
A_NS	156	124	A	2	0	123	39.6829268292683
A_NS	157	125	G	1	0	123	39.1544715447154
A_NS	158	126	A	0	0	124	38.75
A_NS	159	126	C	0	0	126	38.4761904761905
A_NS	160	126	A	0	0	126	38.1269841269841
A_NS	161	126	T	0	0	126	39.7539682539683
A_NS	162	126	C	0	0	124	39.8467741935484
A_NS	163	126	A	0	0	126	38.5793650793651
A_NS	164	126	A	0	0	126	38.8095238095238
A_NS	165	126	A	0	0	126	40.1746031746032
A_NS	166	126	T	0	0	126	40.1031746031746
A_NS	167	126	C	0	0	123	41.1544715447154
A_NS	168	126	A	0	0	124	39.6854838709677
A_NS	169	126	G	0	0	125	39.032
A_NS	170	126	C	0	0	126	38.2460317460317
A_NS	171	126	C	0	0	125	37.92
A_NS	172	126	A	0	0	126	37.3492063492063
A_NS	173	126	C	0	0	126	38.6190476190476
A_NS	174	126	C	0	0	126	39.2380952380952
A_NS	175	126	T	0	0	124	39.8709677419355
A_NS	176	125	A	0	0	125	39.088
A_NS	177	125	T	0	0	124	39.3790322580645
A_NS	178	125	G	0	0	125	38.896
A_NS	179	125	C	0	0	125	40.072
A_NS	180	125	T	0	0	124	40.2338709677419
A_NS	181	125	G	0	0	125	40.88
A_NS	182	125	G	0	0	124	40.9435483870968
A_NS	183	125	A	0	0	125	39.272
A_NS	184	125	A	0	0	125	40.392
A_NS	185	125	A	0	0	125	41.072
A_NS	186	125	G	0	0	125	40.928
A_NS	187	125	C	0	0	125	40.384
A_NS	188	124	A	1	0	124	38.4354838709677
A_NS	189	125	A	0	0	125	38
A_NS	190	125	A	0	0	125	38.912
A_NS	191	125	T	0	0	125	37.96
A_NS	192	124	C	1	0	116	33.6465517241379
A_NS	193	122	G	3	0	121	32.6611570247934
A_NS	194	125	T	0	0	123	33.6178861788618
A_NS	195	115	A	10	0	115	33.1304347826087
A_NS	196	125	G	0	0	115	33.7391304347826
A_NS	197	125	A	0	0	125	32.952
A_NS	198	125	A	0	0	124	33.1209677419355
A_NS	199	125	A	0	0	125	33.208
A_NS	200	125	A	0	0	122	35.5327868852459
A_NS	201	125	G	0	0	120	37.9083333333333
A_NS	202	125	A	0	0	125	37.88
A_NS	203	125	T	0	0	125	37.616
A_NS	204	125	T	0	0	125	35.472
A_NS	205	125	C	0	0	125	35.184
A_NS	206	125	T	0	0	124	36.5322580645161
A_NS	207	125	G	0	0	125	36.408
A_NS	208	120	A	5	0	119	37.8991596638655
A_NS	209	125	A	0	0	125	38.728
A_NS	210	125	A	0	0	123	39.5040650406504
A_NS	211	125	G	0	0	125	38.456
A_NS	212	125	G	0	0	122	39.7622950819672
A_NS	213	125	A	0	0	125	39.456
A_NS	214	125	G	0	0	124	39.4596774193548
A_NS	215	125	A	0	0	125	39.784
A_NS	216	125	A	0	0	124	40.1935483870968
A_NS	217	125	T	0	0	123	40.5934959349593
A_NS	218	124	C	1	0	122	40.327868852459
A_NS	219	125	T	0	0	123	41.0569105691057
A_NS	220	125	G	0	0	124	39.5
A_NS	221	125	A	0	0	125	40.464
A_NS	222	125	T	0	0	125	40.568
A_NS	223	124	G	1	0	124	39.4435483870968
A_NS	224	124	A	1	0	124	39.9758064516129
A_NS	225	125	G	0	0	125	38.656
A_NS	226	125	G	0	0	125	39.048
A_NS	227	125	C	0	0	123	41.4390243902439
A_NS	228	125	A	0	0	124	40.5967741935484
A_NS	229	125	C	0	0	124	41.5161290322581
A_NS	230	125	T	0	0	123	41.6341463414634
A_NS	231	125	T	0	0	125	41.176
A_NS	232	125	A	0	0	125	38.92
A_NS	233	125	A	0	0	125	40.608
A_NS	234	125	A	0	0	125	41.272
A_NS	235	125	A	0	0	124	41.5403225806452
A_NS	236	125	T	0	0	125	41.76
A_NS	237	125	G	0	0	124	42.8709677419355
A_NS	238	125	A	0	0	125	41.944
A_NS	239	125	C	0	0	125	41.856
A_NS	240	125	C	0	0	125	41.648
A_NS	241	125	A	0	0	125	40.656
A_NS	242	125	T	0	0	125	40.328
A_NS	243	125	G	0	0	125	40.376
A_NS	244	125	G	0	0	125	40.504
A_NS	245	125	C	0	0	125	41.152
A_NS	246	125	C	0	0	125	40.712
A_NS	247	125	T	0	0	125	41.168
A_NS	248	125	C	0	0	125	40.696
A_NS	249	125	G	0	0	124	39.758064516129
A_NS	250	125	A	0	0	125	40.104
A_NS	251	125	C	0	0	125	39.664
A_NS	252	125	A	0	0	125	39.088
A_NS	253	125	C	0	0	125	40.504
A_NS	254	125	C	0	0	124	40.7177419354839
A_NS	255	125	T	0	0	124	39.741935483871
A_NS	256	125	G	0	0	125	38.928
A_NS	257	125	C	0	0	125	38.344
A_NS	258	125	T	0	0	125	38.112
A_NS	259	125	T	0	0	125	37.32
A_NS	260	125	C	0	0	124	36
A_NS	261	125	G	0	0	124	36.1451612903226
A_NS	262	125	C	0	0	125	37.376
A_NS	263	125	G	0	0	123	38.520325203252
A_NS	264	125	A	0	0	125	38.776
A_NS	265	125	T	0	0	123	39.520325203252
A_NS	266	125	A	0	0	125	38.672
A_NS	267	125	C	0	0	125	39.608
A_NS	268	125	A	0	0	125	40.392
A_NS	269	125	T	0	0	124	40.1612903225806
A_NS	270	125	A	0	0	125	39.712
A_NS	271	125	A	0	0	125	39.752
A_NS	272	125	C	0	0	125	40.68
A_NS	273	125	T	0	0	125	41.464
A_NS	274	125	G	0	0	125	41.088
A_NS	275	125	A	0	0	125	41.376
A_NS	276	125	C	0	0	125	41.864
A_NS	277	125	A	0	0	125	40.128
A_NS	278	125	T	0	0	125	41.208
A_NS	279	125	G	0	0	125	40.392
A_NS	280	124	A	1	0	123	40.3170731707317
A_NS	281	124	C	1	0	123	40.7560975609756
A_NS	282	125	T	0	0	125	41.048
A_NS	283	125	A	0	0	125	38.856
A_NS	284	124	T	1	0	124	40.008064516129
A_NS	285	125	T	0	0	125	40.96
A_NS	286	124	G	1	0	122	38.6803278688525
A_NS	287	125	A	0	0	124	37.3387096774194
A_NS	288	125	G	0	0	125	37.208
A_NS	289	122	G	3	0	122	37.5491803278689
A_NS	290	122	A	3	0	122	37.5491803278689
A_NS	291	123	A	2	0	123	35.3008130081301
A_NS	292	123	T	2	0	122	35.6639344262295
A_NS	293	123	T	2	0	122	32.7049180327869
A_NS	294	125	G	0	0	124	32.5967741935484
A_NS	295	125	T	0	0	125	34.104
A_NS	296	124	C	1	0	124	32.491935483871
A_NS	297	123	A	2	0	122	33.4180327868852
A_NS	298	125	A	0	0	125	34.096
A_NS	299	125	G	0	0	125	36.256
A_NS	300	125	A	0	0	125	37.504
A_NS	301	125	A	0	0	125	39.712
A_NS	302	125	A	0	0	125	39.488
A_NS	303	125	C	0	0	125	37.768
A_NS	304	125	T	0	0	125	38.768
A_NS	305	125	G	0	0	125	37.592
A_NS	306	125	G	0	0	125	37.08
A_NS	307	125	T	0	0	125	37.496
A_NS	308	125	T	0	0	123	38.9186991869919
A_NS	309	125	C	0	0	124	37.5564516129032
A_NS	310	125	A	0	0	125	36.368
A_NS	311	125	T	0	0	125	36.752
A_NS	312	125	G	0	0	125	36.688
A_NS	313	125	C	0	0	125	38.144
A_NS	314	125	T	0	0	125	40.12
A_NS	315	125	A	0	0	124	38.8064516129032
A_NS	316	125	A	0	0	125	38.256
A_NS	317	125	T	0	0	125	38.432
A_NS	318	125	G	0	0	125	38.112
A_NS	319	125	C	0	0	125	38.816
A_NS	320	125	C	0	0	125	40.128
A_NS	321	125	C	0	0	125	39.832
A_NS	322	124	A	1	0	124	38.9354838709677
A_NS	323	125	A	0	0	125	39.184
A_NS	324	125	G	0	0	125	38.016
A_NS	325	124	C	1	0	124	37.1612903225806
A_NS	326	125	A	0	0	124	37.9677419354839
A_NS	327	125	G	0	0	125	38.944
A_NS	328	121	A	4	0	121	40.0330578512397
A_NS	329	125	A	0	0	125	40.08
A_NS	330	125	A	0	0	125	40.328
A_NS	331	125	G	0	0	125	39.96
A_NS	332	125	T	0	0	125	40.92
A_NS	333	125	G	0	0	124	40.2983870967742
A_NS	334	125	G	0	0	124	40.7822580645161
A_NS	335	125	A	0	0	125	39.704
A_NS	336	125	A	0	0	124	40.4838709677419
A_NS	337	125	G	0	0	125	41.736
A_NS	338	125	G	0	0	125	42.824
A_NS	339	125	A	0	0	124	42.6129032258064
A_NS	340	125	C	0	0	125	42.096
A_NS	341	125	C	0	0	125	41.008
A_NS	342	125	T	0	0	125	40.824
A_NS	343	125	C	0	0	124	38.5322580645161
A_NS	344	125	T	0	0	124	37.4032258064516
A_NS	345	125	T	0	0	125	36.744
A_NS	346	125	T	0	0	125	36.808
A_NS	347	125	G	0	0	125	35.056
A_NS	348	125	C	0	0	122	38.7540983606557
A_NS	349	125	A	0	0	124	39.7016129032258
A_NS	350	124	T	1	0	124	40.5161290322581
A_NS	351	125	C	0	0	125	38.672
A_NS	352	125	A	0	0	124	39.3870967741936
A_NS	353	125	G	0	0	125	37.784
A_NS	354	125	A	0	0	125	37.504
A_NS	355	125	A	0	0	125	37.424
A_NS	356	125	T	0	0	125	36.736
A_NS	357	125	G	0	0	124	35.8306451612903
A_NS	358	125	G	0	0	124	36.4677419354839
A_NS	359	125	A	0	0	125	37.96
A_NS	360	125	C	0	0	125	38.912
A_NS	361	125	C	0	0	125	39.24
A_NS	362	125	A	0	0	125	39.28
A_NS	363	125	G	0	0	125	40.08
A_NS	364	125	G	0	0	125	40.08
A_NS	365	124	C	1	0	124	40.4677419354839
A_NS	366	125	A	0	0	125	38.896
A_NS	367	125	A	0	0	125	39.232
A_NS	368	125	T	0	0	125	39.392
A_NS	369	124	C	1	0	124	36.1290322580645
A_NS	370	123	A	2	0	121	34.9338842975207
A_NS	371	124	T	1	0	124	35.5967741935484
A_NS	372	122	A	3	0	120	35.45
A_NS	373	121	G	4	0	120	35.1
A_NS	374	123	A	2	0	123	34.9512195121951
A_NS	375	124	G	1	0	123	34.5447154471545
A_NS	376	123	A	2	0	123	35.4878048780488
A_NS	377	125	A	0	0	125	35.672
A_NS	378	125	A	0	0	123	38.2439024390244
A_NS	379	125	A	0	0	124	39.5887096774194
A_NS	380	125	A	0	0	124	41.0564516129032
A_NS	381	125	C	0	0	125	40.416
A_NS	382	125	A	0	0	123	40.520325203252
A_NS	383	125	T	0	0	125	40.792
A_NS	384	124	C	1	0	124	40.5967741935484
A_NS	385	124	A	1	0	124	41.1048387096774
A_NS	386	125	T	0	0	125	40.88
A_NS	387	125	G	0	0	125	40.904
A_NS	388	124	T	1	0	124	41.5967741935484
A_NS	389	125	T	0	0	125	40.416
A_NS	390	124	A	1	0	124	40.0725806451613
A_NS	391	125	A	0	0	125	40.256
A_NS	392	125	A	0	0	125	41.32
A_NS	393	125	A	0	0	125	41.848
A_NS	394	125	G	0	0	125	42.624
A_NS	395	125	C	0	0	124	42.7177419354839
A_NS	396	125	G	0	0	125	40.976
A_NS	397	125	A	0	0	125	42.408
A_NS	398	125	A	0	0	125	41.784
A_NS	399	125	T	0	0	125	41.424
A_NS	400	125	T	0	0	125	42.344
A_NS	401	125	T	0	0	125	42.544
A_NS	402	125	C	0	0	125	41.032
A_NS	403	125	A	0	0	125	40.968
A_NS	404	125	A	0	0	125	41.336
A_NS	405	125	T	0	0	125	41.88
A_NS	406	125	G	0	0	125	41.536
A_NS	407	125	T	0	0	123	43.260162601626
A_NS	408	125	G	0	0	125	41.704
A_NS	409	125	A	0	0	125	41.192
A_NS	410	125	T	0	0	124	39.5
A_NS	411	125	T	0	0	125	38.304
A_NS	412	125	T	0	0	125	39.04
A_NS	413	124	T	1	0	124	40.5403225806452
A_NS	414	124	T	1	0	124	39.6774193548387
A_NS	415	123	G	2	0	123	36.6016260162602
A_NS	416	124	G	1	0	124	36.7016129032258
A_NS	417	124	C	1	0	124	36.9435483870968
A_NS	418	124	C	1	0	123	37.4552845528455
A_NS	419	124	G	1	0	121	38.2892561983471
A_NS	420	125	A	0	0	123	37.9430894308943
A_NS	421	125	C	0	0	123	39.2682926829268
A_NS	422	125	T	0	0	123	38.8455284552846
A_NS	423	122	A	3	0	122	37.5163934426229
A_NS	424	124	G	1	0	124	37.0564516129032
A_NS	425	125	A	0	0	123	37.3983739837398
A_NS	426	125	G	0	0	122	36.4180327868852
A_NS	427	125	A	0	0	123	37.4065040650407
A_NS	428	125	C	0	0	125	37.64
A_NS	429	125	C	0	0	124	37.6774193548387
A_NS	430	124	A	1	0	123	38.1707317073171
A_NS	431	124	T	1	0	124	38.3306451612903
A_NS	432	125	A	0	0	123	37.2113821138211
A_NS	433	125	G	0	0	125	37.4
A_NS	434	125	T	0	0	125	37.112
A_NS	435	125	A	0	0	125	36.2
A_NS	436	125	T	0	0	125	35.208
A_NS	437	125	T	0	0	125	36.832
A_NS	438	125	G	0	0	125	36.504
A_NS	439	125	C	0	0	125	38.304
A_NS	440	125	T	0	0	124	39.9596774193548
A_NS	441	123	A	2	0	122	40.5327868852459
A_NS	442	125	A	0	0	125	40.784
A_NS	443	125	G	0	0	125	40.192
A_NS	444	125	G	0	0	125	41.136
A_NS	445	125	G	0	0	125	41.552
A_NS	446	125	C	0	0	125	41.296
A_NS	447	125	T	0	0	124	40.5645161290323
A_NS	448	125	T	0	0	125	39.424
A_NS	449	125	T	0	0	125	38.736
A_NS	450	125	C	0	0	125	36.024
A_NS	451	125	A	0	0	124	34.1048387096774
A_NS	452	122	C	3	0	122	35.2213114754098
A_NS	453	125	C	0	0	125	34.864
A_NS	454	122	G	3	0	121	33.9834710743802
A_NS	455	123	A	2	0	123	33.6991869918699
A_NS	456	125	A	0	0	125	34.008
A_NS	457	125	G	0	0	125	34.776
A_NS	458	126	A	0	0	125	38.2
A_NS	459	126	G	1	0	125	39.376
A_NS	460	127	G	0	0	127	39.6614173228346
A_NS	461	127	G	0	0	126	39.4206349206349
A_NS	462	127	A	0	0	126	39.6507936507937
A_NS	463	127	G	0	0	127	40.7952755905512
A_NS	464	127	C	0	0	127	41.5905511811024
A_NS	465	127	A	0	0	125	41.024
A_NS	466	127	A	0	0	127	39.9842519685039
A_NS	467	127	T	0	0	127	39.7007874015748
A_NS	468	127	T	0	0	127	38.9055118110236
A_NS	469	127	G	0	0	127	38.1889763779528
A_NS	470	127	T	0	0	127	38.1417322834646
A_NS	471	127	T	0	0	127	37.5748031496063
A_NS	472	127	G	0	0	127	37.4330708661417
A_NS	473	127	G	0	0	127	38.1496062992126
A_NS	474	127	C	0	0	127	38.8031496062992
A_NS	475	127	G	0	0	127	39.3543307086614
A_NS	476	127	A	0	0	126	40.6825396825397
A_NS	477	127	A	0	0	124	40.7258064516129
A_NS	478	127	A	0	0	127	40.4251968503937
A_NS	479	127	T	0	0	127	42.1102362204724
A_NS	480	127	C	0	0	127	41.5590551181102
A_NS	481	127	T	0	0	126	43.2222222222222
A_NS	482	126	C	1	0	123	41.7317073170732
A_NS	483	127	A	0	0	127	40.3543307086614
A_NS	484	127	C	0	0	127	40.748031496063
A_NS	485	127	C	0	0	127	40.1496062992126
A_NS	486	127	A	0	0	127	40.2125984251969
A_NS	487	127	C	0	0	127	40.2755905511811
A_NS	488	127	T	0	0	127	42.3228346456693
A_NS	489	127	G	0	0	127	42.4488188976378
A_NS	490	127	C	0	0	127	42.8582677165354
A_NS	491	127	C	0	0	127	43.3858267716535
A_NS	492	127	T	0	0	127	43.3149606299213
A_NS	493	127	T	0	0	127	43.8897637795276
A_NS	494	127	C	0	0	127	41.7637795275591
A_NS	495	127	T	0	0	127	41.7952755905512
A_NS	496	127	T	0	0	127	40.2834645669291
A_NS	497	127	T	0	0	127	40.1811023622047
A_NS	498	127	T	0	0	127	40.6299212598425
A_NS	499	127	C	0	0	127	39.1574803149606
A_NS	500	127	C	0	0	127	41.3307086614173
A_NS	501	127	A	0	0	127	40.5196850393701
A_NS	502	127	G	0	0	127	41.2677165354331
A_NS	503	127	G	0	0	127	42.4015748031496
A_NS	504	127	A	0	0	127	43.8503937007874
A_NS	505	127	C	0	0	127	43.1889763779528
A_NS	506	127	A	0	0	127	42.6141732283465
A_NS	507	127	T	0	0	127	43.0236220472441
A_NS	508	127	A	0	0	127	42.2834645669291
A_NS	509	127	C	0	0	127	41.7637795275591
A_NS	510	127	T	0	0	127	42.4251968503937
A_NS	511	127	G	0	0	127	41.7795275590551
A_NS	512	127	T	0	0	127	42.5984251968504
A_NS	513	127	T	0	0	127	43.4645669291339
A_NS	514	127	G	0	0	127	42.5511811023622
A_NS	515	127	A	0	0	127	41.7795275590551
A_NS	516	127	G	0	0	127	42.2204724409449
A_NS	517	127	G	0	0	127	41.8346456692913
A_NS	518	127	A	0	0	127	41.7165354330709
A_NS	519	127	T	0	0	127	42.9370078740157
A_NS	520	127	G	0	0	126	43.4920634920635
A_NS	521	126	T	1	0	126	44.2460317460317
A_NS	522	127	C	0	0	126	41.9206349206349
A_NS	523	127	A	0	0	127	39.992125984252
A_NS	524	127	A	0	0	127	39.6692913385827
A_NS	525	127	A	0	0	127	39.3385826771654
A_NS	526	127	A	0	0	127	40.6929133858268
A_NS	527	127	A	0	0	127	42.0551181102362
A_NS	528	127	T	0	0	127	41.1811023622047
A_NS	529	127	G	0	0	126	39.1428571428571
A_NS	530	127	C	0	0	126	38.7936507936508
A_NS	531	127	A	0	0	125	37.008
A_NS	532	127	A	0	0	127	35.9291338582677
A_NS	533	127	T	0	0	127	36.3937007874016
A_NS	534	127	T	0	0	126	37.6825396825397
A_NS	535	126	G	1	0	126	37.984126984127
A_NS	536	127	G	0	0	127	39.3070866141732
A_NS	537	126	G	0	0	126	40.1031746031746
A_NS	538	125	G	1	0	125	39.752
A_NS	539	125	T	1	0	123	40.6016260162602
A_NS	540	126	C	0	0	124	39.6854838709677
A_NS	541	126	C	0	0	125	39.072
A_NS	542	126	T	0	0	126	39.0238095238095
A_NS	543	126	C	0	0	126	38.0952380952381
A_NS	544	126	A	0	0	125	38.432
A_NS	545	126	T	0	0	126	38.6507936507937
A_NS	546	126	C	0	0	125	38.768
A_NS	547	126	G	0	0	126	39.4126984126984
A_NS	548	126	G	0	0	126	38.7222222222222
A_NS	549	126	A	0	0	126	39.1111111111111
A_NS	550	125	G	1	0	125	40.016
A_NS	551	126	G	0	0	125	40.64
A_NS	552	126	A	0	0	126	39.7698412698413
A_NS	553	125	C	1	0	124	38.6612903225806
A_NS	554	124	T	2	0	124	39.3387096774194
A_NS	555	126	T	0	0	124	38.3064516129032
A_NS	556	126	G	0	0	125	35.312
A_NS	557	126	A	0	0	125	35.736
A_NS	558	126	A	0	0	125	36.488
A_NS	559	126	T	0	0	125	37.536
A_NS	560	126	G	0	0	126	37.5634920634921
A_NS	561	126	G	0	0	125	39.528
A_NS	562	126	A	0	0	126	39.9206349206349
A_NS	563	126	A	0	0	126	40.5952380952381
A_NS	564	126	T	0	0	125	42.016
A_NS	565	126	G	0	0	125	42.136
A_NS	566	126	A	0	0	126	42.0873015873016
A_NS	567	126	T	0	0	126	43.0238095238095
A_NS	568	126	A	0	0	126	40.1507936507937
A_NS	569	125	A	1	0	125	40.136
A_NS	570	125	C	1	0	125	39.8
A_NS	571	126	A	0	0	126	37.7222222222222
A_NS	572	126	C	0	0	126	38.4603174603175
A_NS	573	126	A	0	0	126	38.8650793650794
A_NS	574	126	G	0	0	126	38.2460317460317
A_NS	575	125	T	1	0	124	38.3387096774194
A_NS	576	126	T	0	0	124	38.4112903225806
A_NS	577	125	C	1	0	124	38.508064516129
A_NS	578	126	G	0	0	126	37.468253968254
A_NS	579	126	A	0	0	126	37.7142857142857
A_NS	580	126	G	0	0	125	37.496
A_NS	581	125	T	1	0	125	37.904
A_NS	582	125	C	1	0	124	38.4193548387097
A_NS	583	126	T	0	0	126	38.4444444444444
A_NS	584	124	C	2	0	121	38.8347107438017
A_NS	585	125	T	1	0	122	38.4016393442623
A_NS	586	125	A	1	0	122	36.1967213114754
A_NS	587	126	A	0	0	125	37.04
A_NS	588	126	A	0	0	126	36.5555555555556
A_NS	589	125	A	1	0	125	39.312
A_NS	590	125	A	1	0	124	40.3225806451613
A_NS	591	125	T	1	0	125	38.936
A_NS	592	125	C	1	0	123	39.0813008130081
A_NS	593	125	T	1	0	124	38.3548387096774
A_NS	594	126	A	0	0	125	37.328
A_NS	595	126	C	0	0	126	37.9047619047619
A_NS	596	126	A	0	0	125	36.344
A_NS	597	126	G	0	0	125	35.136
A_NS	598	126	A	0	0	126	34.0238095238095
A_NS	599	126	G	0	0	126	34.1507936507937
A_NS	600	126	A	0	0	125	35.632
A_NS	601	126	T	0	0	126	37.0714285714286
A_NS	602	126	T	0	0	126	38.1349206349206
A_NS	603	126	C	0	0	125	36.808
A_NS	604	126	G	0	0	124	34.4112903225806
A_NS	605	126	C	0	0	125	34.312
A_NS	606	122	T	4	0	121	35.7355371900826
A_NS	607	126	T	0	0	126	35.4603174603175
A_NS	608	124	G	2	0	124	35.5564516129032
A_NS	609	126	G	0	0	125	37.76
A_NS	610	126	A	0	0	126	38.515873015873
A_NS	611	126	G	0	0	126	39.1984126984127
A_NS	612	126	A	0	0	126	38.7777777777778
A_NS	613	126	A	0	0	126	39.0238095238095
A_NS	614	125	G	1	0	125	39.08
A_NS	615	126	C	0	0	125	39.088
A_NS	616	126	A	0	0	126	38.2936507936508
A_NS	617	126	G	0	0	126	38.4444444444444
A_NS	618	126	T	0	0	125	38.36
A_NS	619	126	A	0	0	126	36.7301587301587
A_NS	620	126	A	0	0	125	36.912
A_NS	621	126	T	0	0	125	37.616
A_NS	622	125	G	1	0	124	35.0322580645161
A_NS	623	125	A	1	0	125	34.544
A_NS	624	125	G	1	0	124	33.9193548387097
A_NS	625	126	A	0	0	126	33.0238095238095
A_NS	626	126	A	0	0	126	34.7539682539683
A_NS	627	124	T	2	0	123	35.6422764227642
A_NS	628	111	G	15	0	111	35.7027027027027
A_NS	629	123	G	3	0	121	35.8181818181818
A_NS	630	125	G	1	0	125	36.224
A_NS	631	125	G	1	0	125	38.152
A_NS	632	125	G	1	0	124	39.8548387096774
A_NS	633	125	A	1	0	125	39.328
A_NS	634	124	C	2	0	123	38.5528455284553
A_NS	635	125	C	1	0	121	38.9834710743802
A_NS	636	125	T	1	0	121	38.603305785124
A_NS	637	125	C	1	0	125	38.16
A_NS	638	125	C	1	0	125	37.984
A_NS	639	124	A	2	0	124	38.008064516129
A_NS	640	124	C	2	0	124	38.0967741935484
A_NS	641	125	T	1	0	125	37.736
A_NS	642	124	T	2	0	123	38.2276422764228
A_NS	643	123	A	3	0	123	36.6829268292683
A_NS	644	124	C	2	0	123	36.7073170731707
A_NS	645	124	T	2	0	123	38.0975609756098
A_NS	646	124	C	2	0	124	39.7903225806452
A_NS	647	125	C	1	0	125	40.52
A_NS	648	125	A	1	0	125	39.688
A_NS	649	125	A	1	0	125	41.344
A_NS	650	125	A	1	0	125	42.44
A_NS	651	125	A	1	0	125	42.664
A_NS	652	125	C	1	0	125	41.256
A_NS	653	125	A	1	0	124	39.8709677419355
A_NS	654	125	G	1	0	124	37.4758064516129
A_NS	655	125	A	1	0	125	34
A_NS	656	125	A	1	0	125	34.032
A_NS	657	125	A	1	0	124	36.7661290322581
A_NS	658	125	C	1	0	124	38.7903225806452
A_NS	659	125	G	1	0	125	35.464
A_NS	660	126	G	0	0	126	39.1587301587302
A_NS	661	126	G	0	0	126	39.3174603174603
A_NS	662	126	A	0	0	125	39.784
A_NS	663	126	A	0	0	126	40.8253968253968
A_NS	664	126	A	0	0	126	41.1269841269841
A_NS	665	126	T	0	0	126	39.968253968254
A_NS	666	126	G	0	0	126	38.3650793650794
A_NS	667	126	G	0	0	126	38.6269841269841
A_NS	668	126	C	0	0	126	39.5873015873016
A_NS	669	126	G	0	0	125	38.424
A_NS	670	126	A	0	0	125	39.896
A_NS	671	126	G	0	0	124	39.4354838709677
A_NS	672	126	A	0	0	126	39.3253968253968
A_NS	673	125	A	1	0	125	39.632
A_NS	674	125	C	1	0	125	39.864
A_NS	675	125	A	1	0	124	39.8145161290323
A_NS	676	126	G	1	0	126	39.531746031746
A_NS	677	127	C	0	0	127	39.8110236220472
A_NS	678	127	T	0	0	126	39.6825396825397
A_NS	679	126	A	1	0	125	37.696
A_NS	680	127	G	0	0	127	39.8503937007874
A_NS	681	127	G	0	0	127	38.3070866141732
A_NS	682	127	T	0	0	127	39.8346456692913
A_NS	683	127	C	0	0	126	39.6666666666667
A_NS	684	127	A	0	0	127	41
A_NS	685	127	G	0	0	127	41.1023622047244
A_NS	686	127	A	0	0	127	39.8188976377953
A_NS	687	127	A	0	0	127	39.740157480315
A_NS	688	127	G	0	0	127	38.3070866141732
A_NS	689	127	T	0	0	126	37.9761904761905
A_NS	690	127	T	0	0	127	37.4724409448819
A_NS	691	126	T	1	0	126	39.1349206349206
A_NS	692	126	G	1	0	126	37.5476190476191
A_NS	693	127	A	0	0	126	38.5634920634921
A_NS	694	127	A	0	0	127	39.5905511811024
A_NS	695	127	G	0	0	127	39.496062992126
A_NS	696	127	A	0	0	127	41.740157480315
A_NS	697	127	G	0	0	127	41.9685039370079
A_NS	698	127	A	0	0	127	42.3464566929134
A_NS	699	127	T	0	0	127	42.6456692913386
A_NS	700	127	A	0	0	127	42.4724409448819
A_NS	701	127	A	0	0	127	41.511811023622
A_NS	702	127	G	0	0	127	40.0944881889764
A_NS	703	127	A	0	0	127	40.2283464566929
A_NS	704	127	T	0	0	127	40.0472440944882
A_NS	705	127	G	0	0	127	40.9842519685039
A_NS	706	127	G	0	0	127	41.7637795275591
A_NS	707	127	C	0	0	127	39.740157480315
A_NS	708	127	T	0	0	127	39.5748031496063
A_NS	709	127	A	0	0	127	38.3385826771654
A_NS	710	127	A	0	0	127	39.1968503937008
A_NS	711	127	T	0	0	127	39.5275590551181
A_NS	712	127	T	0	0	127	41.1574803149606
A_NS	713	127	G	0	0	127	40.7716535433071
A_NS	714	127	A	0	0	126	41.8730158730159
A_NS	715	127	A	0	0	127	41.4803149606299
A_NS	716	127	G	0	0	127	41.2992125984252
A_NS	717	127	A	0	0	127	41.6456692913386
A_NS	718	122	G	0	0	122	41.5409836065574
A_NS	719	122	G	0	0	122	41.2295081967213
A_NS	720	122	T	0	0	122	40.7213114754098
A_NS	721	122	G	0	0	121	38.9090909090909
A_NS	722	121	A	1	0	121	38.4628099173554
A_NS	723	122	G	0	0	121	38.3801652892562
A_NS	724	122	A	0	0	122	38.2622950819672
A_NS	725	122	C	0	0	122	39.2049180327869
A_NS	726	122	A	0	0	122	39.0573770491803
A_NS	727	122	C	0	0	122	39.0327868852459
A_NS	728	122	A	0	0	121	38.4876033057851
A_NS	729	122	G	0	0	122	38.3606557377049
A_NS	730	121	A	1	0	119	38.9915966386555
A_NS	731	121	T	1	0	119	40.1008403361345
A_NS	732	121	T	1	0	121	39.0826446280992
A_NS	733	122	A	0	0	119	37.8823529411765
A_NS	734	122	A	0	0	121	37.0165289256198
A_NS	735	122	A	0	0	122	39.1229508196721
A_NS	736	122	A	0	0	122	39.6311475409836
A_NS	737	122	A	0	0	121	41.6280991735537
A_NS	738	122	C	0	0	122	40.9672131147541
A_NS	739	122	A	0	0	122	39.7131147540984
A_NS	740	122	A	0	0	122	40.4426229508197
A_NS	741	122	C	0	0	122	38.827868852459
A_NS	742	122	T	0	0	122	40
A_NS	743	122	G	0	0	122	39.0245901639344
A_NS	744	120	A	2	0	120	39.6
A_NS	745	122	A	0	0	122	39.0737704918033
A_NS	746	122	A	0	0	121	40.1487603305785
A_NS	747	122	A	0	0	122	40.8114754098361
A_NS	748	122	T	0	0	120	40.1166666666667
A_NS	749	122	A	0	0	120	38.6666666666667
A_NS	750	122	G	0	0	120	38.0833333333333
A_NS	751	122	C	0	0	121	36.9173553719008
A_NS	752	122	T	0	0	122	35.8934426229508
A_NS	753	122	T	0	0	122	36.2786885245902
A_NS	754	122	T	0	0	122	37.0163934426229
A_NS	755	121	G	1	0	119	38.2941176470588
A_NS	756	121	A	1	0	119	39.4705882352941
A_NS	757	120	A	2	0	120	39.5
A_NS	758	121	C	1	0	117	40.034188034188
A_NS	759	122	A	0	0	122	39.0491803278689
A_NS	760	121	G	1	0	117	39.6837606837607
A_NS	761	121	A	1	0	121	39.3801652892562
A_NS	762	120	T	2	0	120	38.3416666666667
A_NS	763	122	A	0	0	122	37.4754098360656
A_NS	764	122	A	0	0	121	38.1652892561983
A_NS	765	122	C	0	0	121	38.4462809917355
A_NS	766	122	A	0	0	122	38.6803278688525
A_NS	767	122	T	0	0	122	39.7213114754098
A_NS	768	122	T	0	0	122	39.6065573770492
A_NS	769	122	C	0	0	120	39.6083333333333
A_NS	770	122	A	0	0	121	39.504132231405
A_NS	771	122	T	0	0	122	39.4590163934426
A_NS	772	122	G	0	0	122	39.9754098360656
A_NS	773	122	C	0	0	122	41.7213114754098
A_NS	774	122	A	0	0	122	40.1967213114754
A_NS	775	122	A	0	0	120	41.05
A_NS	776	122	G	0	0	120	41.4083333333333
A_NS	777	122	C	0	0	122	41.3852459016393
A_NS	778	122	A	0	0	122	40.8196721311475
A_NS	779	122	T	0	0	122	41.5327868852459
A_NS	780	122	T	0	0	122	41.5983606557377
A_NS	781	122	G	0	0	122	41.0409836065574
A_NS	782	122	C	0	0	122	41.5
A_NS	783	122	A	0	0	122	41.1393442622951
A_NS	784	122	A	0	0	121	41.0165289256198
A_NS	785	122	C	0	0	122	40.6311475409836
A_NS	786	122	T	0	0	120	41.6166666666667
A_NS	787	122	A	0	0	122	40.3770491803279
A_NS	788	122	C	0	0	122	40.7459016393443
A_NS	789	122	T	0	0	122	41.172131147541
A_NS	790	122	G	0	0	122	40.9344262295082
A_NS	791	121	T	1	0	121	40.1735537190083
A_NS	792	122	T	0	0	122	40.0573770491803
A_NS	793	122	T	0	0	122	40.9754098360656
A_NS	794	122	G	0	0	120	39.5
A_NS	795	122	A	0	0	122	38.6475409836066
A_NS	796	120	A	0	0	120	39.9333333333333
A_NS	797	120	G	0	0	119	39.1428571428571
A_NS	798	119	T	1	0	119	39.6134453781513
A_NS	799	120	G	0	0	120	39.025
A_NS	800	120	G	0	0	119	39.0168067226891
A_NS	801	120	A	0	0	120	38.3416666666667
A_NS	802	120	A	0	0	120	38.9833333333333
A_NS	803	120	C	0	0	120	39.2166666666667
A_NS	804	120	A	0	0	120	39.5083333333333
A_NS	805	119	G	1	0	119	39.9327731092437
A_NS	806	120	G	0	0	120	39.375
A_NS	807	120	A	0	0	120	37.7083333333333
A_NS	808	119	G	1	0	118	37.9491525423729
A_NS	809	120	A	0	0	120	37.8916666666667
A_NS	810	119	T	1	0	119	37.7899159663866
A_NS	811	119	A	1	0	118	37.2118644067797
A_NS	812	120	A	0	0	119	38.6218487394958
A_NS	813	119	G	1	0	117	38.6666666666667
A_NS	814	120	A	0	0	119	38.8151260504202
A_NS	815	120	A	0	0	120	38.05
A_NS	816	120	C	0	0	119	37.2100840336134
A_NS	817	120	T	0	0	119	37.3529411764706
A_NS	818	120	T	0	0	120	37.4416666666667
A_NS	819	120	T	0	0	120	38.025
A_NS	820	120	C	0	0	120	37.2583333333333
A_NS	821	120	T	0	0	119	40.4621848739496
A_NS	822	120	C	0	0	119	39.9747899159664
A_NS	823	120	A	0	0	119	39.1428571428571
A_NS	824	120	T	0	0	120	38.65
A_NS	825	120	T	0	0	120	39.1083333333333
A_NS	826	120	T	0	0	119	39.7563025210084
A_NS	827	120	C	0	0	120	39.2083333333333
A_NS	828	120	A	0	0	120	39.7
A_NS	829	120	G	0	0	120	40.3916666666667
A_NS	830	120	C	0	0	120	40.7083333333333
A_NS	831	120	T	0	0	120	40.5916666666667
A_NS	832	120	T	0	0	120	40.75
A_NS	833	120	A	0	0	120	38.9416666666667
A_NS	834	120	T	0	0	120	37.8333333333333
A_NS	835	120	T	0	0	120	38.7083333333333
A_NS	836	120	T	0	0	120	38.7166666666667
A_NS	837	119	A	0	0	119	37.8823529411765
A_NS	838	119	A	0	0	119	39.8655462184874
