Reference_Name	Position	Coverage Depth	Consensus	Deletions	Ambiguous	Consensus_Count	Consensus_Average_Quality
A_PB1	1	33	A	0	0	33	40.6666666666667
A_PB1	2	33	T	0	0	33	39.6666666666667
A_PB1	3	33	G	0	0	33	39.7272727272727
A_PB1	4	33	G	0	0	33	42.0909090909091
A_PB1	5	33	A	0	0	33	40.1818181818182
A_PB1	6	33	T	0	0	33	40.3939393939394
A_PB1	7	33	G	0	0	33	40.0606060606061
A_PB1	8	33	T	0	0	33	39.5151515151515
A_PB1	9	33	C	0	0	33	37.3030303030303
A_PB1	10	33	A	0	0	33	34.6969696969697
A_PB1	11	33	A	0	0	33	34.8181818181818
A_PB1	12	33	T	0	0	33	35
A_PB1	13	33	C	0	0	33	35.5757575757576
A_PB1	14	33	C	0	0	33	37.3939393939394
A_PB1	15	33	G	0	0	33	35.6060606060606
A_PB1	16	33	A	0	0	33	35.5151515151515
A_PB1	17	33	C	0	0	33	35.3333333333333
A_PB1	18	33	T	0	0	33	36.030303030303
A_PB1	19	31	C	2	0	31	37.1935483870968
A_PB1	20	31	T	2	0	31	38.6129032258064
A_PB1	21	31	A	2	0	31	39.0645161290323
A_PB1	22	31	T	2	0	31	38.4838709677419
A_PB1	23	31	T	2	0	31	38.6129032258064
A_PB1	24	31	G	2	0	31	39.2258064516129
A_PB1	25	31	T	2	0	31	40.1935483870968
A_PB1	26	31	T	2	0	31	42.5806451612903
A_PB1	27	31	C	2	0	31	41.5161290322581
A_PB1	28	33	C	0	0	33	40.8484848484849
A_PB1	29	33	T	0	0	33	40.3636363636364
A_PB1	30	30	A	3	0	30	37.8666666666667
A_PB1	31	30	A	3	0	30	38.5333333333333
A_PB1	32	30	A	3	0	30	40.0333333333333
A_PB1	33	30	A	3	0	30	41
A_PB1	34	30	G	3	0	30	38.6333333333333
A_PB1	35	30	T	3	0	30	40
A_PB1	36	30	T	3	0	30	39
A_PB1	37	30	C	3	0	30	38.7666666666667
A_PB1	38	30	C	3	0	30	39.6
A_PB1	39	33	A	0	0	33	40.2424242424242
A_PB1	40	33	G	0	0	33	39.7575757575758
A_PB1	41	33	C	0	0	33	39.4545454545455
A_PB1	42	33	G	0	0	33	36.9090909090909
A_PB1	43	33	C	0	0	33	37.0909090909091
A_PB1	44	33	A	0	0	33	36.3939393939394
A_PB1	45	33	A	0	0	32	37.34375
A_PB1	46	33	A	0	0	33	38.1818181818182
A_PB1	47	33	A	0	0	33	41.8181818181818
A_PB1	48	33	T	0	0	33	42.6666666666667
A_PB1	49	33	G	0	0	33	42.0606060606061
A_PB1	50	33	C	0	0	33	41.5151515151515
A_PB1	51	33	C	0	0	33	40.2727272727273
A_PB1	52	33	A	0	0	33	38.7878787878788
A_PB1	53	33	T	0	0	33	39.030303030303
A_PB1	54	33	A	0	0	33	38.2121212121212
A_PB1	55	33	A	0	0	33	36.5151515151515
A_PB1	56	33	G	0	0	33	34.9393939393939
A_PB1	57	33	C	0	0	33	36.2121212121212
A_PB1	58	33	A	0	0	33	36.030303030303
A_PB1	59	33	C	0	0	33	40.1515151515151
A_PB1	60	33	A	0	0	33	38.6666666666667
A_PB1	61	33	A	0	0	33	39.4545454545455
A_PB1	62	33	C	0	0	33	38.6363636363636
A_PB1	63	33	A	0	0	33	39.1818181818182
A_PB1	64	33	T	0	0	33	40.969696969697
A_PB1	65	33	T	0	0	33	39.8181818181818
A_PB1	66	33	C	0	0	33	38.1212121212121
A_PB1	67	33	C	0	0	33	38.5151515151515
A_PB1	68	33	C	0	0	32	39.40625
A_PB1	69	33	T	0	0	33	37.1515151515151
A_PB1	70	33	T	0	0	33	39.6666666666667
A_PB1	71	23	A	10	0	23	37.9130434782609
A_PB1	72	23	T	10	0	23	37.8695652173913
A_PB1	73	23	A	10	0	23	35.7391304347826
A_PB1	74	23	C	10	0	23	36.8260869565217
A_PB1	75	20	T	10	0	20	35.45
A_PB1	76	20	G	10	0	20	35.15
A_PB1	77	20	G	10	0	20	33.25
A_PB1	78	20	A	10	0	20	34.85
A_PB1	79	18	G	12	0	18	38.3888888888889
A_PB1	80	20	A	10	0	20	35.1
A_PB1	81	20	T	10	0	20	34.95
A_PB1	82	20	C	10	0	19	35.6842105263158
A_PB1	83	20	C	10	0	19	36.3157894736842
A_PB1	84	20	T	10	0	20	33.9
A_PB1	85	20	C	10	0	20	33.7
A_PB1	86	20	C	10	0	20	32.85
A_PB1	87	20	A	10	0	20	33.8
A_PB1	88	20	T	10	0	20	34.45
A_PB1	89	20	A	10	0	20	35.9
A_PB1	90	20	C	10	0	20	37.2
A_PB1	91	20	A	10	0	20	37.15
A_PB1	92	20	G	10	0	20	35.35
A_PB1	93	20	C	10	0	20	37.05
A_PB1	94	20	C	10	0	20	37
A_PB1	95	20	A	10	0	20	37.6
A_PB1	96	20	T	10	0	20	38.25
A_PB1	97	20	G	10	0	20	36.1
A_PB1	98	20	G	10	0	20	37
A_PB1	99	20	A	10	0	19	36.7894736842105
A_PB1	100	20	A	10	0	20	35.6
A_PB1	101	20	C	10	0	19	36.7368421052632
A_PB1	102	20	A	10	0	20	37.5
A_PB1	103	19	G	10	0	19	37.2105263157895
A_PB1	104	19	G	10	0	19	39.0526315789474
A_PB1	105	19	G	10	0	19	36.9473684210526
A_PB1	106	19	A	10	0	19	36.3684210526316
A_PB1	107	19	C	10	0	19	37.7894736842105
A_PB1	108	19	T	10	0	19	37.2631578947368
A_PB1	109	18	G	11	0	18	36.6111111111111
A_PB1	110	19	G	10	0	19	38.7894736842105
A_PB1	111	19	G	10	0	19	36.7894736842105
A_PB1	112	19	T	10	0	19	37.4736842105263
A_PB1	113	19	A	10	0	19	36.3684210526316
A_PB1	114	16	C	10	0	16	38.9375
A_PB1	115	16	A	10	0	16	36.3125
A_PB1	116	16	C	10	0	16	36.3125
A_PB1	117	16	T	10	0	15	36.0666666666667
A_PB1	118	16	A	10	0	16	35.875
A_PB1	119	16	T	10	0	15	32.8
A_PB1	120	16	G	10	0	15	32.6
A_PB1	121	16	G	10	0	16	34.6875
A_PB1	122	16	A	10	0	16	36
A_PB1	123	16	C	10	0	16	40.1875
A_PB1	124	26	A	0	0	26	33.9230769230769
A_PB1	125	26	C	0	0	26	34.4230769230769
A_PB1	126	26	A	0	0	26	36.1153846153846
A_PB1	127	26	G	0	0	26	37.1538461538462
A_PB1	128	26	T	0	0	26	37.5
A_PB1	129	26	C	0	0	25	38.6
A_PB1	130	26	A	0	0	26	36.1923076923077
A_PB1	131	26	A	0	0	25	38.12
A_PB1	132	26	C	0	0	26	36.8846153846154
A_PB1	133	28	A	0	0	28	37.3214285714286
A_PB1	134	28	G	0	0	28	35.6785714285714
A_PB1	135	28	A	0	0	27	36
A_PB1	136	28	A	0	0	28	35.6785714285714
A_PB1	137	28	C	0	0	28	36.2857142857143
A_PB1	138	28	A	0	0	28	34.8214285714286
A_PB1	139	28	C	0	0	28	36.8571428571429
A_PB1	140	28	A	0	0	28	35.6071428571429
A_PB1	141	28	C	0	0	28	37.1785714285714
A_PB1	142	28	C	0	0	27	35.7777777777778
A_PB1	143	28	A	0	0	28	34.25
A_PB1	144	28	A	0	0	28	33.5714285714286
A_PB1	145	28	T	0	0	28	35.2857142857143
A_PB1	146	28	A	0	0	28	35.25
A_PB1	147	28	C	0	0	28	37.4642857142857
A_PB1	148	28	T	0	0	28	37.6785714285714
A_PB1	149	28	C	0	0	28	34.1785714285714
A_PB1	150	26	A	2	0	26	31.4230769230769
A_PB1	151	26	G	2	0	26	30.5384615384615
A_PB1	152	28	A	0	0	28	31.2142857142857
A_PB1	153	28	G	0	0	28	30.1785714285714
A_PB1	154	28	A	0	0	28	30.8571428571429
A_PB1	155	28	G	0	0	28	29.6785714285714
A_PB1	156	28	A	0	0	28	37.2142857142857
A_PB1	157	28	G	0	0	28	38.0357142857143
A_PB1	158	28	G	0	0	28	40.0714285714286
A_PB1	159	28	G	0	0	28	39.8214285714286
A_PB1	160	28	A	0	0	28	39.2857142857143
A_PB1	161	28	A	0	0	28	41.25
A_PB1	162	28	G	0	0	28	40
A_PB1	163	28	T	0	0	28	41.0357142857143
A_PB1	164	28	G	0	0	28	40.5
A_PB1	165	28	G	0	0	28	40.6428571428571
A_PB1	166	28	A	0	0	28	39.25
A_PB1	167	28	C	0	0	27	37.5925925925926
A_PB1	168	28	G	0	0	27	33.5925925925926
A_PB1	169	28	A	0	0	27	32.8888888888889
A_PB1	170	28	C	0	0	28	31.5
A_PB1	171	28	A	0	0	28	32.0357142857143
A_PB1	172	28	A	0	0	28	32.9285714285714
A_PB1	173	28	A	0	0	28	39.8214285714286
A_PB1	174	28	T	0	0	28	40.0357142857143
A_PB1	175	28	A	0	0	28	38.7142857142857
A_PB1	176	28	C	0	0	28	40.4285714285714
A_PB1	177	28	A	0	0	28	40.0357142857143
A_PB1	178	28	G	0	0	28	38.2142857142857
A_PB1	179	27	A	1	0	27	39.8518518518519
A_PB1	180	28	A	0	0	28	39.0714285714286
A_PB1	181	28	A	0	0	28	39.5
A_PB1	182	27	C	1	0	27	38.7037037037037
A_PB1	183	27	T	1	0	27	38.1111111111111
A_PB1	184	27	G	0	0	26	35.5384615384615
A_PB1	185	27	G	0	0	27	35.2592592592593
A_PB1	186	27	G	0	0	27	36.0740740740741
A_PB1	187	27	G	0	0	25	35.76
A_PB1	188	27	C	0	0	27	39.4074074074074
A_PB1	189	27	T	0	0	27	39.7777777777778
A_PB1	190	27	C	0	0	27	39.5555555555556
A_PB1	191	27	C	0	0	27	40.7407407407407
A_PB1	192	27	C	0	0	27	40.6296296296296
A_PB1	193	27	C	0	0	26	35.9230769230769
A_PB1	194	27	A	0	0	27	32.1851851851852
A_PB1	195	27	G	0	0	27	36.4814814814815
A_PB1	196	27	C	0	0	27	35.5925925925926
A_PB1	197	27	T	0	0	26	36.4615384615385
A_PB1	198	27	C	0	0	27	37.5925925925926
A_PB1	199	27	A	0	0	27	36.4814814814815
A_PB1	200	27	A	0	0	27	38.2592592592593
A_PB1	201	27	C	0	0	27	39.4814814814815
A_PB1	202	27	C	0	0	27	39.8518518518519
A_PB1	203	27	C	0	0	27	40
A_PB1	204	27	A	0	0	27	40.3703703703704
A_PB1	205	27	A	0	0	27	40.962962962963
A_PB1	206	27	T	0	0	27	39.7407407407407
A_PB1	207	27	T	0	0	27	40.4444444444444
A_PB1	208	27	G	0	0	27	42.6666666666667
A_PB1	209	27	A	0	0	27	44.1481481481481
A_PB1	210	27	T	0	0	27	42.8518518518519
A_PB1	211	27	G	0	0	27	42.1481481481481
A_PB1	212	18	G	0	0	18	44.3333333333333
A_PB1	213	18	A	0	0	18	43.8333333333333
A_PB1	214	18	C	0	0	18	42.7777777777778
A_PB1	215	18	C	0	0	18	42.5
A_PB1	216	18	A	0	0	18	43.6111111111111
A_PB1	217	18	C	0	0	18	43.0555555555556
A_PB1	218	18	T	0	0	18	43.4444444444444
A_PB1	219	18	A	0	0	18	42.5555555555556
A_PB1	220	18	C	0	0	18	44.0555555555556
A_PB1	221	18	C	0	0	18	42.0555555555556
A_PB1	222	18	T	0	0	18	43.3333333333333
A_PB1	223	18	G	0	0	18	39.3888888888889
A_PB1	224	18	A	0	0	18	41.5555555555556
A_PB1	225	18	G	0	0	18	42
A_PB1	226	18	G	0	0	18	40.8888888888889
A_PB1	227	18	A	0	0	18	43
A_PB1	228	18	T	0	0	18	42.3333333333333
A_PB1	229	18	A	0	0	18	40.2222222222222
A_PB1	230	18	A	0	0	18	41.0555555555556
A_PB1	231	18	T	0	0	18	41.8888888888889
A_PB1	232	18	G	0	0	18	37.7777777777778
A_PB1	233	18	A	0	0	18	39.6666666666667
A_PB1	234	18	A	0	0	18	39.2222222222222
A_PB1	235	18	C	0	0	18	37.9444444444444
A_PB1	236	18	C	0	0	18	41
A_PB1	237	18	A	0	0	18	41.3333333333333
A_PB1	238	18	A	0	0	18	42
A_PB1	239	18	G	0	0	18	41.6666666666667
A_PB1	240	18	T	0	0	18	43.6666666666667
A_PB1	241	18	G	0	0	18	42.5
A_PB1	242	18	G	0	0	18	43.6111111111111
A_PB1	243	18	A	0	0	18	42.5
A_PB1	244	18	T	0	0	18	41.7777777777778
A_PB1	245	18	A	0	0	18	40.1666666666667
A_PB1	246	18	T	0	0	18	42.2777777777778
A_PB1	247	18	G	0	0	18	40.7777777777778
A_PB1	248	18	C	0	0	18	39.5555555555556
A_PB1	249	18	A	0	0	18	39.8888888888889
A_PB1	250	18	C	0	0	18	41.4444444444444
A_PB1	251	18	A	0	0	18	40.8888888888889
A_PB1	252	18	A	0	0	18	40.3333333333333
A_PB1	253	18	A	0	0	18	42.2222222222222
A_PB1	254	18	C	0	0	18	41.5
A_PB1	255	18	A	0	0	18	40.8333333333333
A_PB1	256	18	G	0	0	18	42.2777777777778
A_PB1	257	18	A	0	0	18	39.7777777777778
A_PB1	258	18	C	0	0	18	41.9444444444444
A_PB1	259	18	T	0	0	18	40.8888888888889
A_PB1	260	18	G	0	0	18	40.6666666666667
A_PB1	261	18	T	0	0	18	41.6666666666667
A_PB1	262	16	G	2	0	16	41.5
A_PB1	263	16	T	2	0	16	41.5625
A_PB1	264	16	C	2	0	16	42.875
A_PB1	265	16	C	2	0	16	41.375
A_PB1	266	16	T	2	0	16	42.125
A_PB1	267	16	G	2	0	16	41.4375
A_PB1	268	16	G	2	0	16	40.8125
A_PB1	269	16	A	2	0	16	42.125
A_PB1	270	16	G	2	0	16	40.6875
A_PB1	271	16	G	2	0	16	41.375
A_PB1	272	16	C	2	0	16	42.3125
A_PB1	273	16	T	2	0	16	40.6875
A_PB1	274	16	A	2	0	16	40.6875
A_PB1	275	16	T	2	0	16	42.6875
A_PB1	276	16	G	2	0	16	41.5625
A_PB1	277	16	G	2	0	16	42.4375
A_PB1	278	16	C	2	0	16	42.6875
A_PB1	279	16	C	2	0	16	40.375
A_PB1	280	16	T	2	0	16	39.8125
A_PB1	281	16	T	2	0	16	42.375
A_PB1	282	16	T	2	0	16	42.5
A_PB1	283	16	C	2	0	16	41.125
A_PB1	284	16	T	2	0	16	41.375
A_PB1	285	16	T	2	0	16	39.4375
A_PB1	286	16	G	2	0	16	34.0625
A_PB1	287	16	A	2	0	16	34.5625
A_PB1	288	16	A	2	0	16	35.6875
A_PB1	289	16	G	2	0	16	35.125
A_PB1	290	16	A	2	0	16	40.375
A_PB1	291	16	A	2	0	16	40.625
A_PB1	292	16	T	2	0	16	39.6875
A_PB1	293	16	C	2	0	16	38.8125
A_PB1	294	16	C	2	0	16	40.1875
A_PB1	295	16	C	2	0	16	40.4375
A_PB1	296	16	A	2	0	16	37.0625
A_PB1	297	16	C	2	0	16	38.5
A_PB1	298	16	C	2	0	16	39.25
A_PB1	299	16	C	2	0	16	38.3125
A_PB1	300	16	A	2	0	16	33.6875
A_PB1	301	16	G	2	0	16	36.375
A_PB1	302	16	G	2	0	16	35.6875
A_PB1	303	16	C	2	0	16	32.9375
A_PB1	304	16	A	2	0	16	32.3125
A_PB1	305	16	T	2	0	16	35.625
A_PB1	306	16	C	2	0	16	33.75
A_PB1	307	16	T	2	0	16	34.4375
A_PB1	308	16	T	2	0	16	33.3125
A_PB1	309	15	T	3	0	15	33
A_PB1	310	15	G	3	0	15	31.2666666666667
A_PB1	311	16	A	2	0	16	30.0625
A_PB1	312	18	A	0	0	18	34.2222222222222
A_PB1	313	18	A	0	0	18	36.2222222222222
A_PB1	314	18	A	0	0	18	37.3888888888889
A_PB1	315	18	C	0	0	18	38.3888888888889
A_PB1	316	18	T	0	0	18	38.4444444444444
A_PB1	317	18	C	0	0	18	38.7222222222222
A_PB1	318	18	C	0	0	18	38
A_PB1	319	18	T	0	0	18	38.6111111111111
A_PB1	320	18	G	0	0	18	39.1666666666667
A_PB1	321	18	C	0	0	18	39
A_PB1	322	18	C	0	0	18	38.8888888888889
A_PB1	323	18	T	0	0	18	38.5555555555556
A_PB1	324	18	T	0	0	18	37.6111111111111
A_PB1	325	18	G	0	0	18	36.8888888888889
A_PB1	326	18	A	0	0	18	38.0555555555556
A_PB1	327	18	A	0	0	18	40.7777777777778
A_PB1	328	18	A	0	0	18	42.1111111111111
A_PB1	329	18	C	0	0	18	41.9444444444444
A_PB1	330	18	A	0	0	18	42
A_PB1	331	18	A	0	0	18	40.1666666666667
A_PB1	332	18	T	0	0	18	41.0555555555556
A_PB1	333	18	G	0	0	18	39.8888888888889
A_PB1	334	18	G	0	0	18	41.2222222222222
A_PB1	335	18	A	0	0	18	40.7222222222222
A_PB1	336	18	A	0	0	18	40.6111111111111
A_PB1	337	18	G	0	0	18	39.5555555555556
A_PB1	338	18	C	0	0	18	39.2222222222222
A_PB1	339	18	C	0	0	18	37.2777777777778
A_PB1	340	18	G	0	0	18	35.6666666666667
A_PB1	341	18	T	0	0	18	36.9444444444444
A_PB1	342	18	T	0	0	18	37.3333333333333
A_PB1	343	18	C	0	0	18	36.1666666666667
A_PB1	344	18	A	0	0	18	36.8333333333333
A_PB1	345	18	A	0	0	18	39.2777777777778
A_PB1	346	18	C	0	0	18	38.7777777777778
A_PB1	347	18	A	0	0	18	39.6111111111111
A_PB1	348	18	G	0	0	18	38.9444444444444
A_PB1	349	18	A	0	0	18	39.3888888888889
A_PB1	350	18	C	0	0	18	41.3888888888889
A_PB1	351	18	A	0	0	18	38.3888888888889
A_PB1	352	18	A	0	0	18	38.8888888888889
A_PB1	353	18	G	0	0	18	40.6666666666667
A_PB1	354	18	G	0	0	18	39
A_PB1	355	16	G	0	0	16	41.125
A_PB1	356	16	T	0	0	16	42
A_PB1	357	16	A	0	0	16	42.3125
A_PB1	358	16	G	0	0	16	40.4375
A_PB1	359	15	A	0	0	15	38.2
A_PB1	360	15	C	0	0	15	38.8666666666667
A_PB1	361	15	A	0	0	15	39
A_PB1	362	15	A	0	0	15	40.5333333333333
A_PB1	363	15	A	0	0	15	42.7333333333333
A_PB1	364	15	C	0	0	15	43.4666666666667
A_PB1	365	15	T	0	0	15	43.5333333333333
A_PB1	366	15	A	0	0	15	40.0666666666667
A_PB1	367	15	A	0	0	15	41.9333333333333
A_PB1	368	15	C	0	0	15	40.7333333333333
A_PB1	369	15	C	0	0	15	41.4666666666667
A_PB1	370	15	C	0	0	15	41.8
A_PB1	371	15	A	0	0	15	40.6
A_PB1	372	15	A	0	0	15	40.8
A_PB1	373	15	G	0	0	15	42.4666666666667
A_PB1	374	15	G	0	0	15	41.0666666666667
A_PB1	375	15	T	0	0	15	41.6
A_PB1	376	15	C	0	0	15	40.6666666666667
A_PB1	377	15	G	0	0	15	38.2666666666667
A_PB1	378	15	C	0	0	15	39.0666666666667
A_PB1	379	15	C	0	0	15	38.6666666666667
A_PB1	380	15	A	0	0	15	38.1333333333333
A_PB1	381	15	G	0	0	15	38.7333333333333
A_PB1	382	15	A	0	0	15	40.4
A_PB1	383	15	C	0	0	15	39.5333333333333
A_PB1	384	15	T	0	0	15	42.4
A_PB1	385	15	T	0	0	15	42.4
A_PB1	386	15	A	0	0	15	40.4666666666667
A_PB1	387	15	T	0	0	15	41.6
A_PB1	388	15	G	0	0	15	39.9333333333333
A_PB1	389	15	A	0	0	15	39.7333333333333
A_PB1	390	15	T	0	0	15	40.2666666666667
A_PB1	391	15	T	0	0	15	40.4
A_PB1	392	15	G	0	0	15	40.0666666666667
A_PB1	393	15	G	0	0	15	42
A_PB1	394	15	A	0	0	15	41.5333333333333
A_PB1	395	15	C	0	0	15	41.6666666666667
A_PB1	396	15	A	0	0	15	42.1333333333333
A_PB1	397	15	T	0	0	15	42.8
A_PB1	398	15	T	0	0	15	41.7333333333333
A_PB1	399	15	A	0	0	15	39.6
A_PB1	400	15	A	0	0	15	41
A_PB1	401	15	A	0	0	15	41.0666666666667
A_PB1	402	15	C	0	0	15	41.5333333333333
A_PB1	403	15	A	0	0	15	40.0666666666667
A_PB1	404	15	G	0	0	15	42.9333333333333
A_PB1	405	15	G	0	0	15	39.3333333333333
A_PB1	406	15	A	0	0	15	38.1333333333333
A_PB1	407	15	A	0	0	15	37.9333333333333
A_PB1	408	15	C	0	0	15	41.0666666666667
A_PB1	409	15	C	0	0	15	39.6
A_PB1	410	15	A	0	0	15	38.7333333333333
A_PB1	411	15	A	0	0	15	39.4666666666667
A_PB1	412	15	C	0	0	15	40.8666666666667
A_PB1	413	15	C	0	0	15	37.5333333333333
A_PB1	414	15	G	0	0	15	35.8666666666667
A_PB1	415	15	G	0	0	15	35.6
A_PB1	416	15	C	0	0	15	35.6666666666667
A_PB1	417	15	A	0	0	15	37.0666666666667
A_PB1	418	15	G	0	0	15	38.4
A_PB1	419	15	C	0	0	15	43.6
A_PB1	420	15	A	0	0	15	42.3333333333333
A_PB1	421	15	A	0	0	15	42.6
A_PB1	422	15	C	0	0	15	43.2
A_PB1	423	15	T	0	0	15	41.9333333333333
A_PB1	424	15	G	0	0	15	41.4666666666667
A_PB1	425	15	C	0	0	15	42.9333333333333
A_PB1	426	15	A	0	0	15	40.8
A_PB1	427	15	T	0	0	15	42.3333333333333
A_PB1	428	15	T	0	0	15	40.0666666666667
A_PB1	429	15	A	0	0	15	39.0666666666667
A_PB1	430	15	G	0	0	15	38
A_PB1	431	15	C	0	0	15	35.8666666666667
A_PB1	432	15	C	0	0	15	36.1333333333333
A_PB1	433	15	A	0	0	15	36.7333333333333
A_PB1	434	15	A	0	0	15	38.1333333333333
A_PB1	435	15	C	0	0	15	38.3333333333333
A_PB1	436	15	A	0	0	15	38.1333333333333
A_PB1	437	15	C	0	0	15	38.6666666666667
A_PB1	438	15	C	0	0	15	38
A_PB1	439	16	A	0	0	16	39.875
A_PB1	440	16	T	0	0	16	39.125
A_PB1	441	16	A	0	0	16	36.125
A_PB1	442	16	G	0	0	16	36.9375
A_PB1	443	16	A	0	0	16	37
A_PB1	444	16	A	0	0	16	38.25
A_PB1	445	16	G	0	0	16	38.875
A_PB1	446	16	T	0	0	16	39.3125
A_PB1	447	16	C	0	0	16	38.1875
A_PB1	448	15	T	1	0	15	36.2
A_PB1	449	16	T	0	0	16	34.625
A_PB1	450	16	T	0	0	16	35.375
A_PB1	451	16	A	0	0	16	33.5625
A_PB1	452	16	G	0	0	16	34.1875
A_PB1	453	16	A	0	0	16	35.75
A_PB1	454	16	T	0	0	16	35.4375
A_PB1	455	16	C	0	0	16	40.3125
A_PB1	456	16	G	0	0	16	37
A_PB1	457	16	A	0	0	16	38.375
A_PB1	458	16	A	0	0	16	37.625
A_PB1	459	16	C	0	0	16	36.3125
A_PB1	460	16	G	0	0	16	36.5625
A_PB1	461	16	G	0	0	16	38.4375
A_PB1	462	16	A	0	0	16	38.9375
A_PB1	463	16	T	0	0	16	38.125
A_PB1	464	16	T	0	0	16	40.1875
A_PB1	465	16	A	0	0	16	41.3125
A_PB1	466	16	A	0	0	16	41.125
A_PB1	467	16	C	0	0	16	40.8125
A_PB1	468	16	A	0	0	16	40.1875
A_PB1	469	16	G	0	0	16	40.1875
A_PB1	470	16	C	0	0	16	41.4375
A_PB1	471	16	T	0	0	16	41.125
A_PB1	472	16	A	0	0	16	39
A_PB1	473	16	A	0	0	16	38.875
A_PB1	474	16	T	0	0	16	38.0625
A_PB1	475	16	G	0	0	16	35.4375
A_PB1	476	16	A	0	0	16	37.5625
A_PB1	477	16	A	0	0	16	37.8125
A_PB1	478	16	T	0	0	16	38.5625
A_PB1	479	16	C	0	0	16	39.375
A_PB1	480	16	A	0	0	16	39.375
A_PB1	481	16	G	0	0	15	39.5333333333333
A_PB1	482	16	G	0	0	16	39.1875
A_PB1	483	16	A	0	0	16	39.1875
A_PB1	484	16	A	0	0	16	38.1875
A_PB1	485	16	G	0	0	16	37.875
A_PB1	486	16	G	0	0	16	37.125
A_PB1	487	16	C	0	0	16	38.125
A_PB1	488	16	T	0	0	16	40.1875
A_PB1	489	16	A	0	0	15	37.4666666666667
A_PB1	490	16	A	0	0	16	37.75
A_PB1	491	16	T	0	0	16	38.1875
A_PB1	492	16	A	0	0	15	40.7333333333333
A_PB1	493	16	G	0	0	16	39.5625
A_PB1	494	16	A	0	0	16	38.4375
A_PB1	495	16	T	0	0	16	38.25
A_PB1	496	16	T	0	0	16	38.4375
A_PB1	497	16	T	0	0	16	39.25
A_PB1	498	16	C	0	0	16	36.5625
A_PB1	499	16	C	0	0	16	37.875
A_PB1	500	16	T	0	0	16	38.625
A_PB1	501	16	C	0	0	16	39
A_PB1	502	16	A	0	0	16	38.4375
A_PB1	503	16	A	0	0	16	35.75
A_PB1	504	16	G	0	0	16	34.8125
A_PB1	505	16	G	0	0	16	37.6875
A_PB1	506	16	A	0	0	16	39
A_PB1	507	16	T	0	0	16	39.625
A_PB1	508	16	G	0	0	16	38.125
A_PB1	509	16	T	0	0	16	39.75
A_PB1	510	16	G	0	0	16	39.3125
A_PB1	511	16	A	0	0	16	39.25
A_PB1	512	16	T	0	0	16	38.9375
A_PB1	513	16	G	0	0	16	37.3125
A_PB1	514	16	G	0	0	16	35
A_PB1	515	16	A	0	0	16	35.9375
A_PB1	516	16	A	0	0	16	37.6875
A_PB1	517	16	T	0	0	16	37.625
A_PB1	518	16	C	0	0	16	37.75
A_PB1	519	16	A	0	0	16	37
A_PB1	520	16	A	0	0	16	36.1875
A_PB1	521	16	T	0	0	16	38
A_PB1	522	16	G	0	0	16	36.4375
A_PB1	523	16	G	0	0	16	36.4375
A_PB1	524	16	A	0	0	16	35.25
A_PB1	525	16	T	0	0	16	38.875
A_PB1	526	16	A	0	0	16	39.5625
A_PB1	527	16	A	0	0	16	40.5
A_PB1	528	16	G	0	0	16	38.625
A_PB1	529	16	G	0	0	16	38.8125
A_PB1	530	16	A	0	0	16	37.5625
A_PB1	531	15	G	1	0	15	40.2
A_PB1	532	16	G	0	0	15	40.2
A_PB1	533	16	A	0	0	16	37.8125
A_PB1	534	16	A	0	0	16	38.0625
A_PB1	535	16	A	0	0	16	35.625
A_PB1	536	16	T	0	0	16	38.25
A_PB1	537	16	G	0	0	16	36.875
A_PB1	538	16	G	0	0	16	37.1875
A_PB1	539	16	A	0	0	16	36.625
A_PB1	540	16	G	0	0	16	36.875
A_PB1	541	16	A	0	0	16	38.9375
A_PB1	542	16	T	0	0	16	36.1875
A_PB1	543	16	A	0	0	16	37.5625
A_PB1	544	16	A	0	0	16	37.9375
A_PB1	545	16	C	0	0	16	39.6875
A_PB1	546	16	A	0	0	16	39.25
A_PB1	547	16	A	0	0	16	38.8125
A_PB1	548	16	C	0	0	16	39.125
A_PB1	549	16	A	0	0	16	38.5625
A_PB1	550	16	C	0	0	16	39.625
A_PB1	551	16	A	0	0	16	39.5625
A_PB1	552	16	C	0	0	16	39.4375
A_PB1	553	16	T	0	0	16	37.6875
A_PB1	554	16	T	0	0	16	39.5
A_PB1	555	16	C	0	0	16	37.125
A_PB1	556	16	C	0	0	16	40.1875
A_PB1	557	16	A	0	0	16	39.875
A_PB1	558	16	A	0	0	16	39.8125
A_PB1	559	16	A	0	0	16	40.5
A_PB1	560	16	G	0	0	16	39.9375
A_PB1	561	14	A	2	0	14	40
A_PB1	562	16	A	0	0	16	37.5
A_PB1	563	16	A	0	0	16	32.375
A_PB1	564	16	A	0	0	16	37.625
A_PB1	565	16	A	0	0	16	39.0625
A_PB1	566	16	G	0	0	15	41.5333333333333
A_PB1	567	16	G	0	0	16	40.625
A_PB1	568	15	A	1	0	15	41.2666666666667
A_PB1	569	16	G	0	0	16	40.0625
A_PB1	570	16	A	0	0	16	42.5625
A_PB1	571	16	G	0	0	16	42.8125
A_PB1	572	16	T	0	0	16	41.0625
A_PB1	573	16	A	0	0	16	41.0625
A_PB1	574	16	A	0	0	15	39.1333333333333
A_PB1	575	16	G	0	0	16	39.5
A_PB1	576	16	G	0	0	16	40.0625
A_PB1	577	16	G	0	0	16	39.25
A_PB1	578	16	A	0	0	16	39.75
A_PB1	579	16	C	0	0	16	39.3125
A_PB1	580	16	A	0	0	16	39.3125
A_PB1	581	16	A	0	0	16	40.875
A_PB1	582	16	C	0	0	16	38.5
A_PB1	583	16	A	0	0	15	39.6666666666667
A_PB1	584	16	T	0	0	16	38.5625
A_PB1	585	16	G	0	0	16	37.5
A_PB1	586	16	A	0	0	16	36
A_PB1	587	16	C	0	0	16	36.5625
A_PB1	588	16	C	0	0	16	38.125
A_PB1	589	15	A	1	0	15	39.2666666666667
A_PB1	590	15	A	1	0	15	39.7333333333333
A_PB1	591	16	G	0	0	15	40.8
A_PB1	592	16	A	0	0	16	38.125
A_PB1	593	16	A	0	0	16	37.875
A_PB1	594	16	G	0	0	16	38.5625
A_PB1	595	16	A	0	0	16	38.9375
A_PB1	596	16	T	0	0	16	39.625
A_PB1	597	16	G	0	0	16	37.0625
A_PB1	598	16	G	0	0	16	38.3125
A_PB1	599	16	T	0	0	16	39.0625
A_PB1	600	16	C	0	0	16	36.9375
A_PB1	601	16	A	0	0	16	37.75
A_PB1	602	16	C	0	0	16	36.8125
A_PB1	603	16	A	0	0	16	37.125
A_PB1	604	16	C	0	0	16	39
A_PB1	605	16	A	0	0	15	36.5333333333333
A_PB1	606	16	A	0	0	16	36.1875
A_PB1	607	16	A	0	0	16	33.8125
A_PB1	608	15	G	1	0	15	36.5333333333333
A_PB1	609	16	A	0	0	16	35.25
A_PB1	610	16	A	0	0	16	34.5625
A_PB1	611	16	C	0	0	16	33.125
A_PB1	612	16	A	0	0	16	31.8125
A_PB1	613	16	A	0	0	16	33.125
A_PB1	614	16	T	0	0	16	34.9375
A_PB1	615	16	A	0	0	16	32.6875
A_PB1	616	16	G	0	0	16	33.5625
A_PB1	617	16	G	0	0	16	32.5625
A_PB1	618	16	G	0	0	16	31.4375
A_PB1	619	16	A	0	0	16	32
A_PB1	620	16	A	0	0	16	35.0625
A_PB1	621	16	G	0	0	16	33.9375
A_PB1	622	14	A	2	0	14	34.9285714285714
A_PB1	623	16	A	0	0	16	34.6875
A_PB1	624	16	A	0	0	16	34.8125
A_PB1	625	16	A	0	0	16	34.875
A_PB1	626	16	A	0	0	16	35.9375
A_PB1	627	16	A	0	0	14	39.9285714285714
A_PB1	628	16	C	0	0	14	38.0714285714286
A_PB1	629	16	A	0	0	15	35.2
A_PB1	630	16	A	0	0	16	32.9375
A_PB1	631	16	A	0	0	16	34
A_PB1	632	16	G	0	0	16	32.6875
A_PB1	633	16	A	0	0	16	36.3125
A_PB1	634	15	G	1	0	15	36.6666666666667
A_PB1	635	16	T	0	0	16	35.75
A_PB1	636	16	G	0	0	16	34.0625
A_PB1	637	16	A	0	0	16	35.125
A_PB1	638	16	A	0	0	16	34.4375
A_PB1	639	16	T	0	0	15	38.4
A_PB1	640	16	A	0	0	16	35.75
A_PB1	641	16	A	0	0	15	37.6
A_PB1	642	16	G	0	0	15	37
A_PB1	643	16	A	0	0	16	33.5
A_PB1	644	16	G	0	0	16	33.8125
A_PB1	645	16	A	0	0	16	34.625
A_PB1	646	16	G	0	0	16	33.875
A_PB1	647	16	G	0	0	16	35.8125
A_PB1	648	16	C	0	0	16	35.3125
A_PB1	649	16	T	0	0	16	36.6875
A_PB1	650	16	A	0	0	15	37.0666666666667
A_PB1	651	16	C	0	0	16	37.1875
A_PB1	652	16	C	0	0	15	37.4
A_PB1	653	16	T	0	0	16	33
A_PB1	654	15	A	1	0	15	31.1333333333333
A_PB1	655	16	A	0	0	16	30.375
A_PB1	656	16	T	0	0	16	31.9375
A_PB1	657	16	A	0	0	16	33.1875
A_PB1	658	16	A	0	0	16	33.5
A_PB1	659	15	G	1	0	15	35.6666666666667
A_PB1	660	16	A	0	0	16	34
A_PB1	661	16	G	0	0	15	34.6666666666667
A_PB1	662	16	C	0	0	16	34.3125
A_PB1	663	16	T	0	0	16	34.125
A_PB1	664	16	C	0	0	15	35.2666666666667
A_PB1	665	16	T	0	0	16	34.1875
A_PB1	666	16	G	0	0	15	35.6
A_PB1	667	16	A	0	0	16	34.8125
A_PB1	668	16	C	0	0	16	36.75
A_PB1	669	16	A	0	0	16	37.125
A_PB1	670	15	T	1	0	15	41.2
A_PB1	671	16	T	0	0	15	37.4666666666667
A_PB1	672	16	G	0	0	16	36.6875
A_PB1	673	16	A	0	0	16	36.75
A_PB1	674	16	A	0	0	16	37.6875
A_PB1	675	16	C	0	0	16	37.25
A_PB1	676	16	A	0	0	16	36.6875
A_PB1	677	16	C	0	0	16	35.875
A_PB1	678	16	G	0	0	15	37.9333333333333
A_PB1	679	16	A	0	0	16	35.375
A_PB1	680	16	T	0	0	16	35.625
A_PB1	681	16	G	0	0	16	38
A_PB1	682	16	A	0	0	16	36.8125
A_PB1	683	16	C	0	0	16	39.125
A_PB1	684	16	C	0	0	16	37.6875
A_PB1	685	16	A	0	0	16	34.5625
A_PB1	686	16	A	0	0	16	35.3125
A_PB1	687	15	G	0	0	15	37.6666666666667
A_PB1	688	15	G	0	0	15	35.4666666666667
A_PB1	689	15	A	0	0	15	34.6
A_PB1	690	15	T	0	0	15	34.4666666666667
A_PB1	691	15	G	0	0	15	33
A_PB1	692	15	C	0	0	15	33.9333333333333
A_PB1	693	12	A	3	0	12	36.25
A_PB1	694	12	G	3	0	12	35.25
A_PB1	695	14	A	1	0	14	32.8571428571429
A_PB1	696	14	G	1	0	14	33.2142857142857
A_PB1	697	15	A	0	0	15	35.0666666666667
A_PB1	698	15	G	0	0	15	32.8666666666667
A_PB1	699	15	A	0	0	15	33.1333333333333
A_PB1	700	15	G	0	0	15	33.2666666666667
A_PB1	701	15	G	0	0	15	38.6666666666667
A_PB1	702	15	C	0	0	15	37.8
A_PB1	703	15	A	0	0	15	36.0666666666667
A_PB1	704	15	A	0	0	15	37.2
A_PB1	705	15	A	0	0	15	37.6666666666667
A_PB1	706	15	T	0	0	14	40.5
A_PB1	707	15	T	0	0	15	37.8
A_PB1	708	13	A	2	0	13	32.1538461538462
A_PB1	709	15	A	0	0	15	32.1333333333333
A_PB1	710	15	A	0	0	15	34.1333333333333
A_PB1	711	15	G	0	0	15	34.5333333333333
A_PB1	712	15	A	0	0	15	36.8
A_PB1	713	13	G	2	0	13	38.7692307692308
A_PB1	714	15	A	0	0	15	35.4666666666667
A_PB1	715	15	A	0	0	15	37.9333333333333
A_PB1	716	15	G	0	0	15	36.3333333333333
A_PB1	717	15	G	0	0	15	37.0666666666667
A_PB1	718	15	G	0	0	15	37.9333333333333
A_PB1	719	15	C	0	0	15	38.4
A_PB1	720	15	T	0	0	15	36.4666666666667
A_PB1	721	14	A	1	0	14	38.2142857142857
A_PB1	722	15	T	0	0	14	38.5714285714286
A_PB1	723	15	T	0	0	15	34.8
A_PB1	724	15	G	0	0	13	35.1538461538462
A_PB1	725	15	C	0	0	15	34.5333333333333
A_PB1	726	15	A	0	0	15	33.9333333333333
A_PB1	727	15	A	0	0	14	34.8571428571429
A_PB1	728	15	C	0	0	15	30.8666666666667
A_PB1	729	15	A	0	0	15	33.7333333333333
A_PB1	730	15	C	0	0	15	34.1333333333333
A_PB1	731	15	C	0	0	15	33.5333333333333
A_PB1	732	15	C	0	0	15	32.4666666666667
A_PB1	733	15	G	0	0	14	31.7142857142857
A_PB1	734	15	G	0	0	15	33.9333333333333
A_PB1	735	15	G	0	0	15	32.6
A_PB1	736	15	A	0	0	15	32.4
A_PB1	737	15	T	0	0	15	34.5333333333333
A_PB1	738	15	G	0	0	15	34.2666666666667
A_PB1	739	15	C	0	0	15	35.2
A_PB1	740	15	A	0	0	15	31.4
A_PB1	741	15	A	0	0	15	34.1333333333333
A_PB1	742	15	A	0	0	15	33.4666666666667
A_PB1	743	15	T	0	0	15	31.4666666666667
A_PB1	744	15	T	0	0	15	31.6666666666667
A_PB1	745	15	A	0	0	15	35.3333333333333
A_PB1	746	15	G	0	0	15	34.3333333333333
A_PB1	747	15	A	0	0	15	34.5333333333333
A_PB1	748	15	G	0	0	15	35.1333333333333
A_PB1	749	15	G	0	0	15	35.0666666666667
A_PB1	750	15	A	0	0	15	33.8
A_PB1	751	15	T	0	0	15	33.6
A_PB1	752	15	T	0	0	15	32.9333333333333
A_PB1	753	14	C	1	0	14	34.2142857142857
A_PB1	754	15	G	0	0	15	29.9333333333333
A_PB1	755	15	T	0	0	15	30.8
A_PB1	756	15	G	0	0	15	32.0666666666667
A_PB1	757	15	T	0	0	15	32.5333333333333
A_PB1	758	15	A	0	0	15	34.2666666666667
A_PB1	759	15	T	0	0	15	37.4
A_PB1	760	15	T	0	0	15	38.0666666666667
A_PB1	761	15	T	0	0	15	37.8
A_PB1	762	15	C	0	0	15	33
A_PB1	763	15	G	0	0	15	33.2666666666667
A_PB1	764	15	T	0	0	15	30.4666666666667
A_PB1	765	15	T	0	0	15	30.7333333333333
A_PB1	766	15	G	0	0	15	29.8
A_PB1	767	15	A	0	0	15	33.1333333333333
A_PB1	768	15	A	0	0	15	40
A_PB1	769	15	A	0	0	15	40.4
A_PB1	770	15	C	0	0	15	40.1333333333333
A_PB1	771	15	T	0	0	15	39.0666666666667
A_PB1	772	15	T	0	0	15	38.9333333333333
A_PB1	773	15	T	0	0	15	39.4
A_PB1	774	15	A	0	0	15	36.1333333333333
A_PB1	775	15	G	0	0	15	38.4666666666667
A_PB1	776	15	C	0	0	15	39.4
A_PB1	777	15	T	0	0	15	37.5333333333333
A_PB1	778	15	A	0	0	14	34.3571428571429
A_PB1	779	15	G	0	0	14	33.9285714285714
A_PB1	780	15	A	0	0	15	34
A_PB1	781	15	A	0	0	15	32.3333333333333
A_PB1	782	15	G	0	0	15	33
A_PB1	783	15	C	0	0	15	35.5333333333333
A_PB1	784	15	A	0	0	15	33.4666666666667
A_PB1	785	15	T	0	0	15	32.9333333333333
A_PB1	786	15	T	0	0	15	32.1333333333333
A_PB1	787	15	T	0	0	15	31.1333333333333
A_PB1	788	15	G	0	0	15	30.3333333333333
A_PB1	789	15	C	0	0	15	32.4666666666667
A_PB1	790	15	G	0	0	15	32.0666666666667
A_PB1	791	15	A	0	0	15	32.4
A_PB1	792	15	G	0	0	15	31.2
A_PB1	793	15	A	0	0	15	33.2666666666667
A_PB1	794	15	A	0	0	15	33.4
A_PB1	795	15	A	0	0	15	35.1333333333333
A_PB1	796	15	C	0	0	15	35.0666666666667
A_PB1	797	15	T	0	0	15	35
A_PB1	798	15	T	0	0	15	34.5333333333333
A_PB1	799	15	G	0	0	15	35.4666666666667
A_PB1	800	15	A	0	0	15	35.2666666666667
A_PB1	801	15	A	0	0	15	36.6666666666667
A_PB1	802	15	C	0	0	15	37.7333333333333
A_PB1	803	15	A	0	0	15	39
A_PB1	804	15	A	0	0	15	36.3333333333333
A_PB1	805	15	T	0	0	15	36.2
A_PB1	806	15	C	0	0	15	37.6
A_PB1	807	15	T	0	0	15	38.7333333333333
A_PB1	808	15	G	0	0	15	36.2
A_PB1	809	15	G	0	0	15	37.2
A_PB1	810	15	A	0	0	15	36.7333333333333
A_PB1	811	15	C	0	0	15	35.7333333333333
A_PB1	812	15	T	0	0	15	36.2666666666667
A_PB1	813	15	T	0	0	15	35.5333333333333
A_PB1	814	15	C	0	0	15	35.4
A_PB1	815	15	C	0	0	15	35.1333333333333
A_PB1	816	15	G	0	0	15	33.2666666666667
A_PB1	817	15	G	0	0	15	32.7333333333333
A_PB1	818	15	T	0	0	15	34.4
A_PB1	819	15	T	0	0	15	35.8666666666667
A_PB1	820	15	G	0	0	15	35.8666666666667
A_PB1	821	15	G	0	0	15	35.6666666666667
A_PB1	822	15	G	0	0	15	36.1333333333333
A_PB1	823	14	G	1	0	14	36.2857142857143
A_PB1	824	14	G	1	0	14	39.9285714285714
A_PB1	825	14	T	1	0	14	38.5714285714286
A_PB1	826	15	A	0	0	14	38.7857142857143
A_PB1	827	15	A	0	0	15	36.8666666666667
A_PB1	828	15	T	0	0	15	36.6
A_PB1	829	15	G	0	0	14	32.9285714285714
A_PB1	830	15	A	0	0	15	33
A_PB1	831	15	A	0	0	15	34.1333333333333
A_PB1	832	15	A	0	0	15	33.9333333333333
A_PB1	833	15	A	0	0	15	35.6666666666667
A_PB1	834	15	G	0	0	15	36.1333333333333
A_PB1	835	15	A	0	0	15	37.6
A_PB1	836	15	A	0	0	15	38.0666666666667
A_PB1	837	15	A	0	0	15	38.3333333333333
A_PB1	838	15	G	0	0	15	37.0666666666667
A_PB1	839	15	C	0	0	15	36.2
A_PB1	840	15	C	0	0	15	38.0666666666667
A_PB1	841	15	A	0	0	15	37.6
A_PB1	842	15	A	0	0	15	37.4
A_PB1	843	15	A	0	0	15	38.6
A_PB1	844	15	C	0	0	15	37.6666666666667
A_PB1	845	15	T	0	0	15	36.2
A_PB1	846	15	G	0	0	15	37.2666666666667
A_PB1	847	15	G	0	0	15	35.5333333333333
A_PB1	848	15	C	0	0	15	38.0666666666667
A_PB1	849	15	A	0	0	15	39.0666666666667
A_PB1	850	15	A	0	0	15	39.6666666666667
A_PB1	851	15	A	0	0	15	41.3333333333333
A_PB1	852	15	T	0	0	15	41.5333333333333
A_PB1	853	15	G	0	0	15	39.6666666666667
A_PB1	854	15	T	0	0	15	42.2666666666667
A_PB1	855	15	T	0	0	15	39.2666666666667
A_PB1	856	15	G	0	0	15	38.2666666666667
A_PB1	857	15	T	0	0	15	37.6666666666667
A_PB1	858	15	A	0	0	15	37.0666666666667
A_PB1	859	15	A	0	0	15	35.9333333333333
A_PB1	860	15	G	0	0	14	36.2857142857143
A_PB1	861	15	A	0	0	15	36.8666666666667
A_PB1	862	15	A	0	0	15	38.6
A_PB1	863	15	A	0	0	15	38.6
A_PB1	864	15	A	0	0	15	41.0666666666667
A_PB1	865	15	A	0	0	15	39.8666666666667
A_PB1	866	15	T	0	0	15	40.8666666666667
A_PB1	867	15	G	0	0	14	39.3571428571429
A_PB1	868	15	A	0	0	15	39.8
A_PB1	869	15	T	0	0	15	38.0666666666667
A_PB1	870	15	G	0	0	14	36.5714285714286
A_PB1	871	15	A	0	0	15	35.3333333333333
A_PB1	872	14	C	1	0	14	34.7142857142857
A_PB1	873	15	T	0	0	15	34.9333333333333
A_PB1	874	15	A	0	0	14	36.3571428571429
A_PB1	875	15	A	0	0	15	34.2
A_PB1	876	15	T	0	0	14	37.9285714285714
A_PB1	877	15	T	0	0	15	36.8666666666667
A_PB1	878	15	C	0	0	15	37.7333333333333
A_PB1	879	15	A	0	0	15	35.5333333333333
A_PB1	880	15	C	0	0	15	39.1333333333333
A_PB1	881	15	A	0	0	15	37.8666666666667
A_PB1	882	15	A	0	0	15	37.9333333333333
A_PB1	883	15	G	0	0	15	36.4
A_PB1	884	15	A	0	0	15	37.0666666666667
A_PB1	885	15	C	0	0	15	36.7333333333333
A_PB1	886	15	A	0	0	15	36.6666666666667
A_PB1	887	15	C	0	0	15	38.9333333333333
A_PB1	888	15	A	0	0	15	37.2666666666667
A_PB1	889	15	G	0	0	15	38.1333333333333
A_PB1	890	15	A	0	0	15	39
A_PB1	891	15	G	0	0	15	38.9333333333333
A_PB1	892	15	C	0	0	15	38.9333333333333
A_PB1	893	15	T	0	0	15	38.0666666666667
A_PB1	894	15	T	0	0	15	38.0666666666667
A_PB1	895	15	T	0	0	15	38.6
A_PB1	896	15	C	0	0	15	34.6
A_PB1	897	15	T	0	0	15	35.3333333333333
A_PB1	898	15	T	0	0	15	33.6
A_PB1	899	15	T	0	0	15	35.4
A_PB1	900	15	C	0	0	15	30.4
A_PB1	901	15	A	0	0	15	36.8666666666667
A_PB1	902	15	C	0	0	15	37.6
A_PB1	903	15	A	0	0	15	34.1333333333333
A_PB1	904	15	A	0	0	15	34.2
A_PB1	905	15	T	0	0	15	34.8666666666667
A_PB1	906	15	C	0	0	15	34.3333333333333
A_PB1	907	15	A	0	0	15	33.8
A_PB1	908	15	C	0	0	15	36.0666666666667
A_PB1	909	15	T	0	0	15	37.4
A_PB1	910	15	G	0	0	15	34.6666666666667
A_PB1	911	15	G	0	0	15	34.6666666666667
A_PB1	912	15	A	0	0	15	35
A_PB1	913	15	G	0	0	15	36.3333333333333
A_PB1	914	15	A	0	0	15	36.4666666666667
A_PB1	915	15	C	0	0	15	36.4666666666667
A_PB1	916	15	A	0	0	15	34.7333333333333
A_PB1	917	15	A	0	0	15	35.4666666666667
A_PB1	918	15	C	0	0	15	36.0666666666667
A_PB1	919	15	A	0	0	15	34.8666666666667
A_PB1	920	15	C	0	0	15	35.6
A_PB1	921	15	T	0	0	15	36.5333333333333
A_PB1	922	15	A	0	0	15	34.4666666666667
A_PB1	923	15	A	0	0	14	34.9285714285714
A_PB1	924	15	G	0	0	14	35.9285714285714
A_PB1	925	15	T	0	0	15	33.6666666666667
A_PB1	926	15	G	0	0	15	35.7333333333333
A_PB1	927	15	G	0	0	15	38.6666666666667
A_PB1	928	15	A	0	0	15	37.7333333333333
A_PB1	929	15	A	0	0	14	39.6428571428571
A_PB1	930	15	C	0	0	15	39.4666666666667
A_PB1	931	14	G	1	0	14	37.7142857142857
A_PB1	932	14	A	1	0	14	37.2142857142857
A_PB1	933	14	A	1	0	14	34.8571428571429
A_PB1	934	14	A	1	0	14	32.2857142857143
A_PB1	935	14	A	1	0	14	33.7857142857143
A_PB1	936	14	T	1	0	14	35.5
A_PB1	937	15	C	0	0	15	36.6666666666667
A_PB1	938	15	A	0	0	14	35.7857142857143
A_PB1	939	15	A	0	0	15	35.8666666666667
A_PB1	940	15	A	0	0	15	39.2666666666667
A_PB1	941	15	A	0	0	15	40.6
A_PB1	942	15	C	0	0	14	38.9285714285714
A_PB1	943	15	C	0	0	15	40.9333333333333
A_PB1	944	15	C	0	0	15	39.4666666666667
A_PB1	945	15	C	0	0	15	39.4
A_PB1	946	14	C	1	0	14	39.4285714285714
A_PB1	947	14	G	1	0	13	34.3076923076923
A_PB1	948	15	A	0	0	15	32.8
A_PB1	949	15	A	0	0	15	31.2666666666667
A_PB1	950	15	T	0	0	14	32.7857142857143
A_PB1	951	15	G	0	0	15	33.2666666666667
A_PB1	952	15	T	0	0	15	42.0666666666667
A_PB1	953	15	T	0	0	15	42.1333333333333
A_PB1	954	15	T	0	0	15	41.3333333333333
A_PB1	955	15	T	0	0	15	42.0666666666667
A_PB1	956	15	T	0	0	15	40.3333333333333
A_PB1	957	15	G	0	0	15	40.8
A_PB1	958	15	G	0	0	15	38.8
A_PB1	959	15	C	0	0	14	39.7142857142857
A_PB1	960	15	A	0	0	15	38.2666666666667
A_PB1	961	15	A	0	0	15	39.4666666666667
A_PB1	962	15	T	0	0	15	41.6
A_PB1	963	15	G	0	0	15	38.8666666666667
A_PB1	964	15	A	0	0	15	37.6666666666667
A_PB1	965	15	T	0	0	15	38.9333333333333
A_PB1	966	15	T	0	0	15	36.3333333333333
A_PB1	967	15	A	0	0	15	37.6
A_PB1	968	15	C	0	0	15	38.6666666666667
A_PB1	969	15	A	0	0	15	36.4
A_PB1	970	15	T	0	0	15	37.7333333333333
A_PB1	971	15	A	0	0	15	38.4
A_PB1	972	15	T	0	0	15	36.8
A_PB1	973	15	A	0	0	15	35.0666666666667
A_PB1	974	15	T	0	0	15	33.4666666666667
A_PB1	975	15	C	0	0	15	37.2666666666667
A_PB1	976	15	A	0	0	15	34.4
A_PB1	977	15	C	0	0	15	35.2
A_PB1	978	15	A	0	0	15	33.4
A_PB1	979	15	A	0	0	15	33.1333333333333
A_PB1	980	15	A	0	0	15	34.2
A_PB1	981	15	G	0	0	15	34.6666666666667
A_PB1	982	15	A	0	0	15	35.2
A_PB1	983	15	A	0	0	15	38.4666666666667
A_PB1	984	15	C	0	0	15	36.8
A_PB1	985	15	C	0	0	15	36.1333333333333
A_PB1	986	15	A	0	0	15	37.4
A_PB1	987	15	A	0	0	15	37.8
A_PB1	988	15	C	0	0	15	39.1333333333333
A_PB1	989	15	C	0	0	15	38
A_PB1	990	15	T	0	0	15	37.6
A_PB1	991	15	G	0	0	15	36.2666666666667
A_PB1	992	15	A	0	0	15	35.7333333333333
A_PB1	993	15	A	0	0	15	36.0666666666667
A_PB1	994	15	T	0	0	15	35.4
A_PB1	995	15	G	0	0	15	34.8
A_PB1	996	15	G	0	0	15	35.6
A_PB1	997	15	T	0	0	15	36.4666666666667
A_PB1	998	15	T	0	0	15	37.2
A_PB1	999	15	C	0	0	15	36.3333333333333
A_PB1	1000	15	A	0	0	15	34.8
A_PB1	1001	15	G	0	0	14	37.0714285714286
A_PB1	1002	15	A	0	0	15	35.6
A_PB1	1003	15	A	0	0	15	37.2
A_PB1	1004	15	A	0	0	15	41.0666666666667
A_PB1	1005	15	C	0	0	15	40.6666666666667
A_PB1	1006	15	A	0	0	15	39.5333333333333
A_PB1	1007	15	T	0	0	15	40.9333333333333
A_PB1	1008	15	C	0	0	15	40
A_PB1	1009	15	T	0	0	15	37.7333333333333
A_PB1	1010	15	T	0	0	15	38.1333333333333
A_PB1	1011	15	G	0	0	15	36.6666666666667
A_PB1	1012	15	A	0	0	15	36.8666666666667
A_PB1	1013	15	G	0	0	15	37.2
A_PB1	1014	15	C	0	0	15	38.5333333333333
A_PB1	1015	15	A	0	0	15	37.5333333333333
A_PB1	1016	15	T	0	0	15	39.2
A_PB1	1017	15	C	0	0	15	38.4666666666667
A_PB1	1018	15	G	0	0	14	41.8571428571429
A_PB1	1019	15	C	0	0	15	38.4666666666667
A_PB1	1020	15	A	0	0	15	40
A_PB1	1021	14	C	1	0	14	38.5
A_PB1	1022	14	C	1	0	13	41.6153846153846
A_PB1	1023	15	A	0	0	15	37.2
A_PB1	1024	15	A	0	0	15	38.8666666666667
A_PB1	1025	15	T	0	0	15	38.1333333333333
A_PB1	1026	15	A	0	0	15	42.2
A_PB1	1027	15	A	0	0	15	44.9333333333333
A_PB1	1028	15	T	0	0	15	44.2
A_PB1	1029	15	G	0	0	15	43.5333333333333
A_PB1	1030	15	T	0	0	15	42.2666666666667
A_PB1	1031	15	T	0	0	15	39.9333333333333
A_PB1	1032	15	C	0	0	15	40.2
A_PB1	1033	15	T	0	0	15	40.3333333333333
A_PB1	1034	15	C	0	0	15	38.6
A_PB1	1035	15	A	0	0	15	39.3333333333333
A_PB1	1036	15	A	0	0	15	38.8
A_PB1	1037	15	A	0	0	15	39.9333333333333
A_PB1	1038	15	C	0	0	15	40.6666666666667
A_PB1	1039	15	A	0	0	15	37.6
A_PB1	1040	15	A	0	0	15	39
A_PB1	1041	15	A	0	0	15	37.7333333333333
A_PB1	1042	15	A	0	0	15	39.1333333333333
A_PB1	1043	15	T	0	0	15	37
A_PB1	1044	15	G	0	0	15	37.0666666666667
A_PB1	1045	15	G	0	0	15	38.4
A_PB1	1046	15	C	0	0	15	35.8
A_PB1	1047	15	A	0	0	15	33.2
A_PB1	1048	15	A	0	0	15	32.3333333333333
A_PB1	1049	15	G	0	0	15	31.6666666666667
A_PB1	1050	15	A	0	0	15	32.7333333333333
A_PB1	1051	15	C	0	0	15	32.5333333333333
A_PB1	1052	15	T	0	0	15	34.8
A_PB1	1053	14	G	1	0	14	33.2142857142857
A_PB1	1054	15	G	0	0	15	32.5333333333333
A_PB1	1055	15	G	0	0	15	32.2
A_PB1	1056	15	A	0	0	14	35.2857142857143
A_PB1	1057	15	A	0	0	15	37.8
A_PB1	1058	15	A	0	0	15	40.7333333333333
A_PB1	1059	15	A	0	0	15	39.6666666666667
A_PB1	1060	15	G	0	0	15	37.6
A_PB1	1061	15	G	0	0	15	37.0666666666667
A_PB1	1062	15	A	0	0	15	38.4
A_PB1	1063	15	T	0	0	15	35.2
A_PB1	1064	15	A	0	0	15	34.8666666666667
A_PB1	1065	15	C	0	0	15	34.5333333333333
A_PB1	1066	15	A	0	0	15	34.1333333333333
A_PB1	1067	15	T	0	0	15	36.1333333333333
A_PB1	1068	15	G	0	0	15	34
A_PB1	1069	15	T	0	0	15	34.9333333333333
A_PB1	1070	15	T	0	0	15	30.8
A_PB1	1071	15	C	0	0	15	27.1333333333333
A_PB1	1072	15	G	0	0	15	24.1333333333333
A_PB1	1073	15	A	0	0	15	26.4
A_PB1	1074	15	G	0	0	15	26
A_PB1	1075	15	A	0	0	15	26.4666666666667
A_PB1	1076	15	G	0	0	14	31.9285714285714
A_PB1	1077	15	T	0	0	14	32.0714285714286
A_PB1	1078	15	A	0	0	15	32.7333333333333
A_PB1	1079	15	A	0	0	15	32.1333333333333
A_PB1	1080	15	G	0	0	15	31.7333333333333
A_PB1	1081	15	A	0	0	15	34.3333333333333
A_PB1	1082	15	G	0	0	15	32.7333333333333
A_PB1	1083	15	A	0	0	15	34
A_PB1	1084	15	A	0	0	15	33.6
A_PB1	1085	15	T	0	0	15	37.5333333333333
A_PB1	1086	15	G	0	0	15	38.4
A_PB1	1087	15	A	0	0	15	40.2666666666667
A_PB1	1088	15	A	0	0	15	42.1333333333333
A_PB1	1089	15	G	0	0	15	39.2666666666667
A_PB1	1090	15	C	0	0	15	39.8
A_PB1	1091	15	T	0	0	15	39.2
A_PB1	1092	15	C	0	0	15	39.0666666666667
A_PB1	1093	15	C	0	0	15	36.8666666666667
A_PB1	1094	14	G	1	0	14	38.1428571428571
A_PB1	1095	15	G	0	0	13	37.6923076923077
A_PB1	1096	15	A	0	0	15	38.0666666666667
A_PB1	1097	15	C	0	0	14	37.8571428571429
A_PB1	1098	15	A	0	0	15	39.4666666666667
A_PB1	1099	14	C	1	0	14	41.7857142857143
A_PB1	1100	15	A	0	0	14	40.2857142857143
A_PB1	1101	15	A	0	0	15	39.5333333333333
A_PB1	1102	15	A	0	0	15	40.2
A_PB1	1103	15	T	0	0	15	39.4666666666667
A_PB1	1104	15	A	0	0	15	38.0666666666667
A_PB1	1105	15	C	0	0	15	38.6
A_PB1	1106	15	C	0	0	15	37.0666666666667
A_PB1	1107	15	T	0	0	15	37.1333333333333
A_PB1	1108	15	G	0	0	15	36
A_PB1	1109	15	C	0	0	14	38.7142857142857
A_PB1	1110	15	A	0	0	15	36.0666666666667
A_PB1	1111	15	G	0	0	15	38.7333333333333
A_PB1	1112	15	A	0	0	15	37.6666666666667
A_PB1	1113	15	A	0	0	15	37.7333333333333
A_PB1	1114	15	A	0	0	15	39.4
A_PB1	1115	15	T	0	0	15	40.0666666666667
A_PB1	1116	15	G	0	0	15	38.8666666666667
A_PB1	1117	15	C	0	0	15	39.2666666666667
A_PB1	1118	15	T	0	0	15	40.5333333333333
A_PB1	1119	15	A	0	0	15	39.8666666666667
A_PB1	1120	15	G	0	0	15	39.9333333333333
A_PB1	1121	15	C	0	0	15	39.3333333333333
A_PB1	1122	15	A	0	0	15	38
A_PB1	1123	15	A	0	0	15	40.2666666666667
A_PB1	1124	15	G	0	0	15	39.4
A_PB1	1125	15	C	0	0	15	40.2666666666667
A_PB1	1126	15	A	0	0	15	38.2666666666667
A_PB1	1127	15	T	0	0	15	40.0666666666667
A_PB1	1128	15	T	0	0	15	40.4666666666667
A_PB1	1129	15	G	0	0	15	39.7333333333333
A_PB1	1130	15	A	0	0	15	39.2666666666667
A_PB1	1131	15	C	0	0	15	40.0666666666667
A_PB1	1132	15	C	0	0	15	38.6
A_PB1	1133	15	T	0	0	15	39.5333333333333
A_PB1	1134	15	G	0	0	15	39.0666666666667
A_PB1	1135	15	A	0	0	15	41.4666666666667
A_PB1	1136	15	A	0	0	15	38.6
A_PB1	1137	14	G	1	0	14	40
A_PB1	1138	15	T	0	0	15	38.9333333333333
A_PB1	1139	15	A	0	0	15	37.6
A_PB1	1140	14	T	1	0	14	37.2142857142857
A_PB1	1141	15	T	0	0	15	36.8666666666667
A_PB1	1142	15	T	0	0	15	37.1333333333333
A_PB1	1143	15	C	0	0	15	36.3333333333333
A_PB1	1144	15	A	0	0	15	37.0666666666667
A_PB1	1145	15	A	0	0	15	36.4666666666667
A_PB1	1146	15	T	0	0	15	36.9333333333333
A_PB1	1147	15	G	0	0	15	37.0666666666667
A_PB1	1148	15	A	0	0	15	40
A_PB1	1149	15	A	0	0	15	37.8666666666667
A_PB1	1150	15	T	0	0	15	38.8666666666667
A_PB1	1151	15	C	0	0	15	38.6
A_PB1	1152	15	A	0	0	15	38.5333333333333
A_PB1	1153	15	A	0	0	15	36.4
A_PB1	1154	15	C	0	0	15	36.8
A_PB1	1155	16	A	0	0	16	36.25
A_PB1	1156	16	A	0	0	16	35.8125
A_PB1	1157	16	G	0	0	16	37.5625
A_PB1	1158	16	G	0	0	16	35.9375
A_PB1	1159	16	A	0	0	16	35.1875
A_PB1	1160	16	A	0	0	16	36.8125
A_PB1	1161	16	G	0	0	16	36.9375
A_PB1	1162	16	A	0	0	16	37.125
A_PB1	1163	16	A	0	0	16	35.75
A_PB1	1164	16	A	0	0	16	38.4375
A_PB1	1165	16	A	0	0	16	33.875
A_PB1	1166	16	T	0	0	16	35.0625
A_PB1	1167	16	T	0	0	16	35.9375
A_PB1	1168	16	G	0	0	16	34.0625
A_PB1	1169	16	A	0	0	16	34.875
A_PB1	1170	16	G	0	0	16	37
A_PB1	1171	16	A	0	0	16	36.3125
A_PB1	1172	16	A	0	0	16	35.5625
A_PB1	1173	16	A	0	0	16	36.4375
A_PB1	1174	16	A	0	0	16	36.625
A_PB1	1175	16	T	0	0	16	37.75
A_PB1	1176	16	A	0	0	16	40
A_PB1	1177	16	A	0	0	16	38.8125
A_PB1	1178	16	G	0	0	16	39.9375
A_PB1	1179	16	G	0	0	16	38.3125
A_PB1	1180	16	C	0	0	16	39
A_PB1	1181	16	C	0	0	16	38.4375
A_PB1	1182	16	T	0	0	16	39.1875
A_PB1	1183	16	C	0	0	16	39.1875
A_PB1	1184	16	T	0	0	16	40.125
A_PB1	1185	16	T	0	0	16	42.25
A_PB1	1186	15	C	1	0	15	40.0666666666667
A_PB1	1187	16	T	0	0	16	40.1875
A_PB1	1188	16	A	0	0	16	37.875
A_PB1	1189	16	A	0	0	16	38
A_PB1	1190	16	T	0	0	16	38.3125
A_PB1	1191	16	A	0	0	16	36.3125
A_PB1	1192	16	G	0	0	15	38.3333333333333
A_PB1	1193	16	A	0	0	15	36.6666666666667
A_PB1	1194	16	T	0	0	15	34.6666666666667
A_PB1	1195	16	G	0	0	15	36.2
A_PB1	1196	16	G	0	0	14	37.5714285714286
A_PB1	1197	16	A	0	0	16	34.0625
A_PB1	1198	16	A	0	0	16	34.1875
A_PB1	1199	16	C	0	0	16	34.6875
A_PB1	1200	16	A	0	0	16	35.4375
A_PB1	1201	15	G	1	0	15	39.6
A_PB1	1202	16	C	0	0	15	41.7333333333333
A_PB1	1203	16	A	0	0	16	39.9375
A_PB1	1204	16	T	0	0	15	41.3333333333333
A_PB1	1205	16	C	0	0	15	39.6666666666667
A_PB1	1206	16	A	0	0	16	40.8125
A_PB1	1207	16	T	0	0	16	41.3125
A_PB1	1208	16	T	0	0	16	39.9375
A_PB1	1209	16	G	0	0	15	40.2666666666667
A_PB1	1210	16	A	0	0	16	37.875
A_PB1	1211	16	G	0	0	16	38.0625
A_PB1	1212	15	C	1	0	15	40.5333333333333
A_PB1	1213	16	C	0	0	16	39.6875
A_PB1	1214	16	C	0	0	16	39.625
A_PB1	1215	16	T	0	0	16	39.6875
A_PB1	1216	16	G	0	0	16	37.5625
A_PB1	1217	16	G	0	0	16	37.6875
A_PB1	1218	16	A	0	0	16	39.75
A_PB1	1219	16	A	0	0	16	41.0625
A_PB1	1220	16	T	0	0	16	40.25
A_PB1	1221	16	G	0	0	15	41.3333333333333
A_PB1	1222	16	A	0	0	16	40.9375
A_PB1	1223	16	T	0	0	16	40.75
A_PB1	1224	16	G	0	0	16	40.8125
A_PB1	1225	16	A	0	0	16	41.6875
A_PB1	1226	16	T	0	0	16	39.1875
A_PB1	1227	15	G	1	0	15	39.2666666666667
A_PB1	1228	15	G	1	0	15	38.0666666666667
A_PB1	1229	16	G	0	0	15	37
A_PB1	1230	16	C	0	0	15	36.8666666666667
A_PB1	1231	16	A	0	0	16	33.6875
A_PB1	1232	16	T	0	0	16	34.5625
A_PB1	1233	16	G	0	0	16	35.6875
A_PB1	1234	16	T	0	0	16	36.4375
A_PB1	1235	16	T	0	0	16	36.1875
A_PB1	1236	15	C	1	0	15	39.2
A_PB1	1237	15	A	1	0	15	37.6666666666667
A_PB1	1238	16	A	0	0	16	37.0625
A_PB1	1239	16	C	0	0	16	38
A_PB1	1240	16	A	0	0	16	36.1875
A_PB1	1241	16	T	0	0	16	36.9375
A_PB1	1242	16	G	0	0	16	36.4375
A_PB1	1243	16	C	0	0	15	38.4666666666667
A_PB1	1244	16	T	0	0	16	34.6875
A_PB1	1245	16	A	0	0	16	35.6875
A_PB1	1246	16	A	0	0	16	34.9375
A_PB1	1247	16	G	0	0	16	35.8125
A_PB1	1248	16	T	0	0	15	37
A_PB1	1249	16	A	0	0	16	36.125
A_PB1	1250	16	C	0	0	16	37.1875
A_PB1	1251	16	A	0	0	16	33.0625
A_PB1	1252	16	G	0	0	16	35.4375
A_PB1	1253	16	T	0	0	16	35.25
A_PB1	1254	16	T	0	0	16	34.8125
A_PB1	1255	16	T	0	0	16	35.8125
A_PB1	1256	16	T	0	0	15	36.0666666666667
A_PB1	1257	16	A	0	0	16	34.9375
A_PB1	1258	16	G	0	0	16	35.75
A_PB1	1259	16	G	0	0	16	35.375
A_PB1	1260	16	A	0	0	16	35.0625
A_PB1	1261	16	G	0	0	16	36.5625
A_PB1	1262	15	T	1	0	15	41
A_PB1	1263	15	C	1	0	15	39.6
A_PB1	1264	16	T	0	0	16	38.625
A_PB1	1265	16	C	0	0	16	36.8125
A_PB1	1266	16	A	0	0	15	39.8
A_PB1	1267	16	A	0	0	16	36.1875
A_PB1	1268	16	T	0	0	16	37.1875
A_PB1	1269	16	A	0	0	16	34.9375
A_PB1	1270	16	C	0	0	15	38.5333333333333
A_PB1	1271	16	T	0	0	16	35.3125
A_PB1	1272	16	G	0	0	16	34.25
A_PB1	1273	16	A	0	0	16	36
A_PB1	1274	16	A	0	0	16	35.875
A_PB1	1275	16	T	0	0	16	37
A_PB1	1276	15	C	1	0	15	36.4
A_PB1	1277	16	T	0	0	16	36.9375
A_PB1	1278	16	T	0	0	16	36.9375
A_PB1	1279	16	G	0	0	16	31.375
A_PB1	1280	16	G	0	0	16	31.75
A_PB1	1281	16	A	0	0	16	33.9375
A_PB1	1282	16	C	0	0	16	35.75
A_PB1	1283	16	A	0	0	16	33.0625
A_PB1	1284	16	A	0	0	16	36.5625
A_PB1	1285	16	A	0	0	16	37.4375
A_PB1	1286	16	A	0	0	16	38.375
A_PB1	1287	16	G	0	0	15	40.9333333333333
A_PB1	1288	16	A	0	0	16	38.875
A_PB1	1289	16	A	0	0	16	41.4375
A_PB1	1290	16	A	0	0	16	40.3125
A_PB1	1291	15	T	1	0	15	41.3333333333333
A_PB1	1292	14	A	2	0	14	42.5714285714286
A_PB1	1293	15	C	1	0	15	40.4666666666667
A_PB1	1294	16	A	0	0	16	37.375
A_PB1	1295	16	C	0	0	16	37.4375
A_PB1	1296	16	C	0	0	16	35.875
A_PB1	1297	16	A	0	0	16	34.5
A_PB1	1298	16	A	0	0	15	37.2666666666667
A_PB1	1299	16	G	0	0	15	39.4
A_PB1	1300	16	A	0	0	16	36.75
A_PB1	1301	16	C	0	0	16	38.0625
A_PB1	1302	16	A	0	0	16	36.25
A_PB1	1303	15	A	1	0	15	37.8666666666667
A_PB1	1304	15	C	1	0	15	37.9333333333333
A_PB1	1305	15	G	1	0	15	36.7333333333333
A_PB1	1306	15	T	1	0	15	38.4
A_PB1	1307	16	A	0	0	16	35.75
A_PB1	1308	16	C	0	0	16	36.375
A_PB1	1309	15	T	1	0	15	38.6
A_PB1	1310	15	G	1	0	15	36.1333333333333
A_PB1	1311	15	G	1	0	15	34
A_PB1	1312	15	T	1	0	15	37.9333333333333
A_PB1	1313	15	G	1	0	15	35
A_PB1	1314	15	G	1	0	15	34.8
A_PB1	1315	15	G	1	0	15	35.8666666666667
A_PB1	1316	16	A	0	0	15	37.8
A_PB1	1317	16	T	0	0	16	34.875
A_PB1	1318	16	G	0	0	15	35.6
A_PB1	1319	16	G	0	0	16	34.125
A_PB1	1320	16	G	0	0	15	36.6666666666667
A_PB1	1321	15	C	1	0	15	37.2666666666667
A_PB1	1322	15	T	1	0	15	40
A_PB1	1323	15	C	1	0	15	35.4666666666667
A_PB1	1324	15	C	1	0	14	37.9285714285714
A_PB1	1325	16	A	0	0	16	31.5625
A_PB1	1326	16	A	0	0	16	32.4375
A_PB1	1327	16	T	0	0	16	33.1875
A_PB1	1328	16	C	0	0	15	36.7333333333333
A_PB1	1329	16	C	0	0	15	39.9333333333333
A_PB1	1330	16	T	0	0	16	36.4375
A_PB1	1331	16	C	0	0	16	37
A_PB1	1332	16	A	0	0	16	37.375
A_PB1	1333	15	G	1	0	15	37.8666666666667
A_PB1	1334	15	A	1	0	15	38.4
A_PB1	1335	15	C	1	0	15	35.6
A_PB1	1336	15	G	1	0	13	34.2307692307692
A_PB1	1337	16	A	0	0	14	35.3571428571429
A_PB1	1338	16	T	0	0	16	31.9375
A_PB1	1339	16	T	0	0	16	31.375
A_PB1	1340	16	T	0	0	16	33.9375
A_PB1	1341	16	T	0	0	16	34.0625
A_PB1	1342	16	G	0	0	16	32.875
A_PB1	1343	15	C	1	0	15	35.4
A_PB1	1344	15	C	1	0	15	34.3333333333333
A_PB1	1345	15	C	1	0	15	32.8
A_PB1	1346	15	T	1	0	15	34.6
A_PB1	1347	15	C	1	0	15	35.6
A_PB1	1348	15	A	1	0	15	35.7333333333333
A_PB1	1349	15	T	1	0	15	36.4666666666667
A_PB1	1350	15	A	1	0	15	39.3333333333333
A_PB1	1351	15	G	1	0	15	38.9333333333333
A_PB1	1352	15	T	1	0	15	38.4666666666667
A_PB1	1353	15	G	1	0	15	38.2666666666667
A_PB1	1354	15	A	1	0	15	37.2666666666667
A_PB1	1355	15	A	1	0	15	38.9333333333333
A_PB1	1356	16	T	0	0	16	36.625
A_PB1	1357	16	G	0	0	16	37.6875
A_PB1	1358	16	C	0	0	16	38.5625
A_PB1	1359	16	A	0	0	16	37.5
A_PB1	1360	16	C	0	0	16	39.125
A_PB1	1361	16	C	0	0	16	36.75
A_PB1	1362	16	A	0	0	16	36.625
A_PB1	1363	16	A	0	0	16	36
A_PB1	1364	16	A	0	0	14	41.4285714285714
A_PB1	1365	16	T	0	0	14	39.5714285714286
A_PB1	1366	16	C	0	0	16	34.6875
A_PB1	1367	16	A	0	0	16	35.375
A_PB1	1368	16	T	0	0	15	36.5333333333333
A_PB1	1369	16	G	0	0	15	34.4
A_PB1	1370	16	A	0	0	16	32.3125
A_PB1	1371	16	G	0	0	16	30.3125
A_PB1	1372	16	G	0	0	16	33
A_PB1	1373	16	G	0	0	16	34.125
A_PB1	1374	16	A	0	0	16	37.9375
A_PB1	1375	16	A	0	0	16	37.8125
A_PB1	1376	16	T	0	0	15	39
A_PB1	1377	16	A	0	0	15	36.5333333333333
A_PB1	1378	16	C	0	0	16	36.8125
A_PB1	1379	48	A	0	0	48	37.3958333333333
A_PB1	1380	48	A	0	0	48	35.3958333333333
A_PB1	1381	48	G	0	0	48	36.75
A_PB1	1382	49	C	0	0	49	36.530612244898
A_PB1	1383	49	A	0	0	49	34.9591836734694
A_PB1	1384	49	G	0	0	49	34.7551020408163
A_PB1	1385	49	G	0	0	49	34.5714285714286
A_PB1	1386	49	A	0	0	49	36.0816326530612
A_PB1	1387	49	G	0	0	49	37.3061224489796
A_PB1	1388	49	T	0	0	49	37.734693877551
A_PB1	1389	49	G	0	0	48	38.1666666666667
A_PB1	1390	49	G	0	0	49	38.0612244897959
A_PB1	1391	49	A	0	0	49	38.0816326530612
A_PB1	1392	49	T	0	0	49	38.8775510204082
A_PB1	1393	49	A	0	0	49	36.3265306122449
A_PB1	1394	48	G	1	0	47	37.2765957446809
A_PB1	1395	49	A	0	0	49	37.2448979591837
A_PB1	1396	49	T	0	0	49	37.6122448979592
A_PB1	1397	49	T	0	0	49	38.1836734693878
A_PB1	1398	49	C	0	0	49	36.8979591836735
A_PB1	1399	49	T	0	0	49	36
A_PB1	1400	49	A	0	0	49	35.530612244898
A_PB1	1401	49	T	0	0	49	37.0816326530612
A_PB1	1402	49	A	0	0	49	37.7142857142857
A_PB1	1403	49	G	0	0	49	39.1632653061224
A_PB1	1404	49	G	0	0	49	39.9591836734694
A_PB1	1405	49	A	0	0	49	41.2244897959184
A_PB1	1406	49	C	0	0	49	41.5918367346939
A_PB1	1407	49	C	0	0	49	40.7959183673469
A_PB1	1408	49	T	0	0	49	42.2448979591837
A_PB1	1409	49	G	0	0	49	42.1020408163265
A_PB1	1410	49	C	0	0	49	41.265306122449
A_PB1	1411	49	A	0	0	49	39.9591836734694
A_PB1	1412	49	A	0	0	49	40.6326530612245
A_PB1	1413	49	G	0	0	49	40.6530612244898
A_PB1	1414	49	T	0	0	49	41.5510204081633
A_PB1	1415	49	T	0	0	49	40.6938775510204
A_PB1	1416	48	A	1	0	48	40.4375
A_PB1	1417	49	G	0	0	49	40.7755102040816
A_PB1	1418	49	T	0	0	49	39.8571428571429
A_PB1	1419	49	G	0	0	49	38.3877551020408
A_PB1	1420	49	G	0	0	49	37.3061224489796
A_PB1	1421	49	G	0	0	49	37.8775510204082
A_PB1	1422	49	A	0	0	49	38.469387755102
A_PB1	1423	49	A	0	0	49	40.7551020408163
A_PB1	1424	49	T	0	0	49	40.1632653061224
A_PB1	1425	49	T	0	0	49	42.7755102040816
A_PB1	1426	48	A	1	0	48	42.0833333333333
A_PB1	1427	49	A	0	0	49	42.9591836734694
A_PB1	1428	49	C	0	0	49	43.7959183673469
A_PB1	1429	49	A	0	0	49	42.5714285714286
A_PB1	1430	49	T	0	0	49	41.7142857142857
A_PB1	1431	49	G	0	0	49	40.0204081632653
A_PB1	1432	49	A	0	0	49	39.9591836734694
A_PB1	1433	49	G	0	0	49	38.9387755102041
A_PB1	1434	49	C	0	0	49	39.6326530612245
A_PB1	1435	48	A	1	0	48	38.1666666666667
A_PB1	1436	49	A	0	0	49	36.9795918367347
A_PB1	1437	49	A	0	0	49	36.1428571428571
A_PB1	1438	49	A	0	0	49	39.2448979591837
A_PB1	1439	49	A	0	0	49	40.9183673469388
A_PB1	1440	49	G	0	0	49	41
A_PB1	1441	49	A	0	0	49	42.0816326530612
A_PB1	1442	48	A	1	0	48	42.8333333333333
A_PB1	1443	48	G	1	0	48	43.2291666666667
A_PB1	1444	49	T	0	0	49	42.3673469387755
A_PB1	1445	49	C	0	0	49	42.5918367346939
A_PB1	1446	49	C	0	0	49	42.265306122449
A_PB1	1447	53	T	0	0	53	40.9811320754717
A_PB1	1448	53	A	0	0	53	38.9622641509434
A_PB1	1449	53	T	0	0	53	36.4150943396226
A_PB1	1450	53	A	0	0	53	36.3584905660377
A_PB1	1451	53	T	0	0	53	36.3584905660377
A_PB1	1452	54	A	0	0	54	34.2777777777778
A_PB1	1453	54	A	0	0	53	35.8490566037736
A_PB1	1454	54	A	0	0	54	39.1666666666667
A_PB1	1455	54	T	0	0	54	38.7407407407407
A_PB1	1456	61	A	0	0	61	37.1147540983607
A_PB1	1457	61	A	0	0	61	38.6229508196721
A_PB1	1458	61	A	0	0	61	41.0655737704918
A_PB1	1459	62	A	0	0	55	39.5454545454545
A_PB1	1460	62	C	0	0	62	38.2741935483871
A_PB1	1461	62	A	0	0	62	37.4838709677419
A_PB1	1462	62	G	0	0	62	36.8709677419355
A_PB1	1463	62	G	0	0	62	36.5
A_PB1	1464	62	G	0	0	62	37.5645161290323
A_PB1	1465	62	A	0	0	62	36.9516129032258
A_PB1	1466	62	C	0	0	62	38.1612903225806
A_PB1	1467	62	A	0	0	62	37.3064516129032
A_PB1	1468	62	T	0	0	62	37.5967741935484
A_PB1	1469	63	T	0	0	63	38.4920634920635
A_PB1	1470	63	T	0	0	63	40.2380952380952
A_PB1	1471	63	G	0	0	63	38.9365079365079
A_PB1	1472	63	A	0	0	63	39.4603174603175
A_PB1	1473	63	A	0	0	63	39.984126984127
A_PB1	1474	63	T	0	0	63	39.1587301587302
A_PB1	1475	63	T	0	0	63	39.5873015873016
A_PB1	1476	63	C	0	0	62	41.758064516129
A_PB1	1477	63	A	0	0	62	41.7096774193548
A_PB1	1478	63	C	0	0	62	39.8548387096774
A_PB1	1479	63	T	0	0	63	39.4285714285714
A_PB1	1480	63	A	0	0	63	39.4603174603175
A_PB1	1481	63	G	0	0	63	39.8412698412698
A_PB1	1482	63	C	0	0	63	38.4603174603175
A_PB1	1483	63	T	0	0	63	37.9523809523809
A_PB1	1484	63	T	0	0	62	37.4032258064516
A_PB1	1485	63	C	0	0	62	35.8064516129032
A_PB1	1486	62	T	2	0	62	37.0161290322581
A_PB1	1487	64	T	0	0	64	36.765625
A_PB1	1488	64	T	0	0	63	36.4285714285714
A_PB1	1489	64	T	0	0	64	37.125
A_PB1	1490	64	A	0	0	64	35.5
A_PB1	1491	64	T	0	0	64	37.953125
A_PB1	1492	64	C	0	0	64	37.125
A_PB1	1493	64	G	0	0	64	36.34375
A_PB1	1494	64	A	0	0	64	36.21875
A_PB1	1495	64	T	0	0	64	35.671875
A_PB1	1496	64	A	0	0	64	35.890625
A_PB1	1497	64	T	0	0	64	37.375
A_PB1	1498	64	G	0	0	64	37.96875
A_PB1	1499	64	G	0	0	64	38.0625
A_PB1	1500	64	A	0	0	64	37.765625
A_PB1	1501	64	T	0	0	64	40.09375
A_PB1	1502	64	T	0	0	64	40.40625
A_PB1	1503	64	T	0	0	64	40.265625
A_PB1	1504	64	G	0	0	64	40
A_PB1	1505	64	T	0	0	64	39.609375
A_PB1	1506	64	G	0	0	64	38.59375
A_PB1	1507	63	G	1	0	63	38.0952380952381
A_PB1	1508	63	C	1	0	62	37.6774193548387
A_PB1	1509	63	T	1	0	62	37.8064516129032
A_PB1	1510	64	A	0	0	64	36.96875
A_PB1	1511	64	A	0	0	64	37.671875
A_PB1	1512	64	T	0	0	64	36.984375
A_PB1	1513	64	T	0	0	64	37.578125
A_PB1	1514	64	T	0	0	64	37.78125
A_PB1	1515	64	T	0	0	64	38.171875
A_PB1	1516	64	A	0	0	64	38.765625
A_PB1	1517	64	G	0	0	63	39.2380952380952
A_PB1	1518	64	C	0	0	64	39.71875
A_PB1	1519	64	A	0	0	64	38.5
A_PB1	1520	64	T	0	0	64	40.703125
A_PB1	1521	64	G	0	0	64	40.53125
A_PB1	1522	64	G	0	0	64	41.203125
A_PB1	1523	64	A	0	0	64	41.6875
A_PB1	1524	64	G	0	0	64	41.875
A_PB1	1525	64	C	0	0	64	43.09375
A_PB1	1526	64	T	0	0	64	42.25
A_PB1	1527	64	G	0	0	64	41.53125
A_PB1	1528	64	C	0	0	64	41.375
A_PB1	1529	64	C	0	0	64	40.4375
A_PB1	1530	64	A	0	0	64	40.9375
A_PB1	1531	64	A	0	0	64	40.765625
A_PB1	1532	64	G	0	0	64	40.859375
A_PB1	1533	64	T	0	0	64	41.03125
A_PB1	1534	64	T	0	0	64	41.90625
A_PB1	1535	64	T	0	0	64	43.546875
A_PB1	1536	64	T	0	0	64	44.234375
A_PB1	1537	64	G	0	0	64	42.03125
A_PB1	1538	64	G	0	0	64	42.578125
A_PB1	1539	64	A	0	0	62	41.9193548387097
A_PB1	1540	64	G	0	0	64	41.6875
A_PB1	1541	64	T	0	0	64	42.921875
A_PB1	1542	64	G	0	0	63	42.6349206349206
A_PB1	1543	64	T	0	0	64	43.171875
A_PB1	1544	64	C	0	0	64	42.609375
A_PB1	1545	64	T	0	0	64	43.046875
A_PB1	1546	63	G	1	0	63	42.3968253968254
A_PB1	1547	64	G	0	0	63	42.0476190476191
A_PB1	1548	63	A	1	0	63	41.9365079365079
A_PB1	1549	64	A	0	0	64	41.5
A_PB1	1550	64	T	0	0	63	42.2857142857143
A_PB1	1551	64	A	0	0	64	41.203125
A_PB1	1552	64	A	0	0	64	41.6875
A_PB1	1553	64	A	0	0	64	41.28125
A_PB1	1554	64	C	0	0	63	41.4285714285714
A_PB1	1555	64	G	0	0	62	40.3709677419355
A_PB1	1556	64	A	0	0	62	40.7903225806452
A_PB1	1557	64	G	0	0	62	40.4032258064516
A_PB1	1558	64	T	0	0	64	39.5625
A_PB1	1559	64	C	0	0	61	39.1803278688525
A_PB1	1560	64	A	0	0	64	39.859375
A_PB1	1561	64	G	0	0	64	39.84375
A_PB1	1562	64	C	0	0	64	41.5625
A_PB1	1563	64	T	0	0	62	42.0806451612903
A_PB1	1564	64	G	0	0	63	42.0634920634921
A_PB1	1565	64	A	0	0	64	41.671875
A_PB1	1566	64	C	0	0	64	41.65625
A_PB1	1567	64	A	0	0	64	40.90625
A_PB1	1568	64	T	0	0	64	41.609375
A_PB1	1569	64	G	0	0	64	40.140625
A_PB1	1570	64	A	0	0	64	40.65625
A_PB1	1571	64	G	0	0	64	40.734375
A_PB1	1572	64	C	0	0	64	40.84375
A_PB1	1573	64	A	0	0	64	41.375
A_PB1	1574	64	T	0	0	64	42.265625
A_PB1	1575	64	T	0	0	64	42.390625
A_PB1	1576	64	G	0	0	64	42.125
A_PB1	1577	64	G	0	0	64	42.96875
A_PB1	1578	64	A	0	0	63	41.8888888888889
A_PB1	1579	64	G	0	0	59	40.8983050847458
A_PB1	1580	64	T	0	0	64	40.59375
A_PB1	1581	64	A	0	0	64	39.921875
A_PB1	1582	64	A	0	0	64	40.09375
A_PB1	1583	64	C	0	0	64	41.109375
A_PB1	1584	64	A	0	0	64	41.078125
A_PB1	1585	64	G	0	0	64	41.421875
A_PB1	1586	64	T	0	0	64	41.015625
A_PB1	1587	64	G	0	0	64	41.765625
A_PB1	1588	64	A	0	0	64	40.53125
A_PB1	1589	64	T	0	0	64	41.4375
A_PB1	1590	64	A	0	0	64	41.515625
A_PB1	1591	64	A	0	0	64	43.421875
A_PB1	1592	64	A	0	0	64	42.75
A_PB1	1593	64	G	0	0	64	42.1875
A_PB1	1594	64	A	0	0	64	44.296875
A_PB1	1595	64	A	0	0	64	43.375
A_PB1	1596	64	C	0	0	64	42.640625
A_PB1	1597	64	A	0	0	64	42
A_PB1	1598	64	A	0	0	64	41.515625
A_PB1	1599	64	C	0	0	64	41.171875
A_PB1	1600	64	A	0	0	64	40.859375
A_PB1	1601	64	T	0	0	64	40.171875
A_PB1	1602	64	G	0	0	64	41.234375
A_PB1	1603	64	A	0	0	64	41.28125
A_PB1	1604	64	T	0	0	64	42.15625
A_PB1	1605	64	A	0	0	64	40.828125
A_PB1	1606	64	A	0	0	64	41.9375
A_PB1	1607	64	A	0	0	64	41.28125
A_PB1	1608	64	T	0	0	64	40.5625
A_PB1	1609	64	A	0	0	64	42.125
A_PB1	1610	64	A	0	0	64	43.375
A_PB1	1611	64	T	0	0	64	42.578125
A_PB1	1612	64	G	0	0	64	42.484375
A_PB1	1613	64	A	0	0	64	41.921875
A_PB1	1614	64	C	0	0	64	42.78125
A_PB1	1615	64	C	0	0	64	41.09375
A_PB1	1616	64	T	0	0	64	42
A_PB1	1617	64	T	0	0	64	41.59375
A_PB1	1618	64	G	0	0	64	40.9375
A_PB1	1619	64	G	0	0	64	39.328125
A_PB1	1620	64	A	0	0	64	39.9375
A_PB1	1621	64	C	0	0	64	41.0625
A_PB1	1622	64	C	0	0	64	40.203125
A_PB1	1623	64	A	0	0	64	40.9375
A_PB1	1624	64	G	0	0	64	41.453125
A_PB1	1625	64	C	0	0	64	41.65625
A_PB1	1626	64	A	0	0	64	40.875
A_PB1	1627	64	A	0	0	64	41.109375
A_PB1	1628	64	C	0	0	64	42.21875
A_PB1	1629	64	A	0	0	64	40.25
A_PB1	1630	64	G	0	0	64	40.5
A_PB1	1631	64	C	0	0	64	39.875
A_PB1	1632	64	C	0	0	64	39.25
A_PB1	1633	64	C	0	0	64	39.078125
A_PB1	1634	64	A	0	0	64	37.9375
A_PB1	1635	64	A	0	0	64	37.6875
A_PB1	1636	64	A	0	0	64	38.28125
A_PB1	1637	64	T	0	0	64	38.359375
A_PB1	1638	64	G	0	0	64	39.734375
A_PB1	1639	64	G	0	0	64	40.921875
A_PB1	1640	64	C	0	0	64	41.3125
A_PB1	1641	64	T	0	0	64	40.40625
A_PB1	1642	64	C	0	0	64	40.5625
A_PB1	1643	64	T	0	0	64	40.125
A_PB1	1644	63	C	1	0	63	39.8412698412698
A_PB1	1645	64	C	0	0	64	39.921875
A_PB1	1646	64	A	0	0	64	41.0625
A_PB1	1647	64	A	0	0	64	41.5
A_PB1	1648	64	T	0	0	64	42.15625
A_PB1	1649	64	T	0	0	64	42.03125
A_PB1	1650	64	G	0	0	64	42.71875
A_PB1	1651	64	T	0	0	64	42.625
A_PB1	1652	64	T	0	0	64	42.671875
A_PB1	1653	64	C	0	0	64	42.046875
A_PB1	1654	64	A	0	0	64	42.234375
A_PB1	1655	64	T	0	0	64	41.59375
A_PB1	1656	64	C	0	0	64	41.34375
A_PB1	1657	63	A	1	0	63	42.5555555555556
A_PB1	1658	63	A	1	0	63	43.7619047619048
A_PB1	1659	63	A	1	0	63	43.8095238095238
A_PB1	1660	63	G	1	0	63	43.4920634920635
A_PB1	1661	64	A	0	0	62	43.4516129032258
A_PB1	1662	64	T	0	0	63	43.9523809523809
A_PB1	1663	64	T	0	0	64	41.265625
A_PB1	1664	64	A	0	0	64	41.4375
A_PB1	1665	64	C	0	0	64	40.28125
A_PB1	1666	64	A	0	0	64	40.953125
A_PB1	1667	64	G	0	0	64	40.078125
A_PB1	1668	64	A	0	0	64	38.109375
A_PB1	1669	64	T	0	0	64	38.484375
A_PB1	1670	64	A	0	0	64	38.40625
A_PB1	1671	64	C	0	0	64	40.671875
A_PB1	1672	64	A	0	0	64	39.8125
A_PB1	1673	64	C	0	0	64	39.578125
A_PB1	1674	64	G	0	0	64	38.421875
A_PB1	1675	63	T	1	0	63	38.8730158730159
A_PB1	1676	64	A	0	0	64	40.421875
A_PB1	1677	64	T	0	0	64	40.265625
A_PB1	1678	64	C	0	0	63	40
A_PB1	1679	64	G	0	0	64	39.34375
A_PB1	1680	64	G	0	0	64	38.765625
A_PB1	1681	64	T	0	0	63	39.015873015873
A_PB1	1682	64	G	0	0	63	38.2539682539683
A_PB1	1683	65	C	0	0	65	39.0769230769231
A_PB1	1684	65	C	0	0	65	39.2
A_PB1	1685	64	A	1	0	64	37.859375
A_PB1	1686	64	T	1	0	64	36.71875
A_PB1	1687	64	A	1	0	64	34.03125
A_PB1	1688	64	G	1	0	64	33.921875
A_PB1	1689	65	A	0	0	65	33.9076923076923
A_PB1	1690	65	G	0	0	64	35.484375
A_PB1	1691	65	G	0	0	65	38.4461538461538
A_PB1	1692	65	A	0	0	65	40.1846153846154
A_PB1	1693	64	G	1	0	64	41.140625
A_PB1	1694	65	A	0	0	65	40.0923076923077
A_PB1	1695	65	C	0	0	65	40.4153846153846
A_PB1	1696	66	A	0	0	66	38.9393939393939
A_PB1	1697	66	C	0	0	65	37.6615384615385
A_PB1	1698	66	A	0	0	66	37.0151515151515
A_PB1	1699	66	C	0	0	66	37.3030303030303
A_PB1	1700	66	A	0	0	66	38.7272727272727
A_PB1	1701	66	A	0	0	66	38.0454545454545
A_PB1	1702	66	A	0	0	66	38.0757575757576
A_PB1	1703	66	T	0	0	66	38.1212121212121
A_PB1	1704	66	C	0	0	66	40.0454545454545
A_PB1	1705	66	C	0	0	66	40.7575757575758
A_PB1	1706	66	A	0	0	66	38.1060606060606
A_PB1	1707	66	A	0	0	66	39
A_PB1	1708	66	A	0	0	66	39.3333333333333
A_PB1	1709	66	C	0	0	66	38.530303030303
A_PB1	1710	66	A	0	0	66	38.9545454545455
A_PB1	1711	66	A	0	0	66	40.0909090909091
A_PB1	1712	66	G	0	0	66	40.1363636363636
A_PB1	1713	66	A	0	0	66	39.4545454545455
A_PB1	1714	66	A	0	0	66	40.3636363636364
A_PB1	1715	66	G	0	0	66	40.2424242424242
A_PB1	1716	66	A	0	0	66	39.1212121212121
A_PB1	1717	66	T	0	0	66	39.8030303030303
A_PB1	1718	66	C	0	0	65	39.6769230769231
A_PB1	1719	66	A	0	0	66	40.030303030303
A_PB1	1720	66	T	0	0	66	40.4242424242424
A_PB1	1721	66	T	0	0	66	40.7878787878788
A_PB1	1722	65	C	1	0	65	40.5692307692308
A_PB1	1723	65	G	1	0	64	40.125
A_PB1	1724	65	A	1	0	65	39.7692307692308
A_PB1	1725	64	G	2	0	63	39.6507936507937
A_PB1	1726	65	A	1	0	64	38.875
A_PB1	1727	78	T	0	0	77	38.7272727272727
A_PB1	1728	77	A	1	0	76	37.1973684210526
A_PB1	1729	77	A	1	0	76	38.5394736842105
A_PB1	1730	77	A	1	0	77	38.7662337662338
A_PB1	1731	77	G	1	0	76	39.2105263157895
A_PB1	1732	78	A	0	0	78	39.8205128205128
A_PB1	1733	77	A	0	0	77	39.8831168831169
A_PB1	1734	77	G	0	0	77	40.3766233766234
A_PB1	1735	77	C	0	0	77	40.6363636363636
A_PB1	1736	77	T	0	0	77	40.2857142857143
A_PB1	1737	77	G	0	0	77	39.4285714285714
A_PB1	1738	77	T	0	0	77	40.3506493506493
A_PB1	1739	76	G	1	0	76	38.2105263157895
A_PB1	1740	77	G	0	0	77	39.3636363636364
A_PB1	1741	77	G	0	0	77	38.5324675324675
A_PB1	1742	76	A	1	0	76	37.6973684210526
A_PB1	1743	77	T	0	0	77	38.1818181818182
A_PB1	1744	77	C	0	0	77	37.6883116883117
A_PB1	1745	77	A	0	0	77	37.5324675324675
A_PB1	1746	77	A	0	0	77	38.8441558441558
A_PB1	1747	77	A	0	0	77	38.7662337662338
A_PB1	1748	77	C	0	0	77	38.5194805194805
A_PB1	1749	77	C	0	0	77	39.2987012987013
A_PB1	1750	77	C	0	0	77	39.7142857142857
A_PB1	1751	77	A	0	0	77	38.4285714285714
A_PB1	1752	77	A	0	0	77	40.2857142857143
A_PB1	1753	77	T	0	0	77	40.7792207792208
A_PB1	1754	77	C	0	0	77	39.6623376623377
A_PB1	1755	76	A	1	0	76	39.1315789473684
A_PB1	1756	77	A	0	0	77	40.7272727272727
A_PB1	1757	77	A	0	0	77	39.9480519480519
A_PB1	1758	77	G	0	0	77	40.2987012987013
A_PB1	1759	77	A	0	0	77	40.4155844155844
A_PB1	1760	77	C	0	0	77	40.7792207792208
A_PB1	1761	77	A	0	0	77	39.2207792207792
A_PB1	1762	77	G	0	0	77	39.1298701298701
A_PB1	1763	77	G	0	0	77	39.8441558441558
A_PB1	1764	77	A	0	0	77	40.012987012987
A_PB1	1765	77	T	0	0	77	40.0519480519481
A_PB1	1766	77	T	0	0	77	42
A_PB1	1767	77	A	0	0	77	40.8051948051948
A_PB1	1768	77	T	0	0	77	41.4155844155844
A_PB1	1769	77	T	0	0	77	41.1558441558442
A_PB1	1770	77	A	0	0	76	39.8684210526316
A_PB1	1771	77	G	0	0	76	40.0789473684211
A_PB1	1772	77	T	0	0	77	39.6623376623377
A_PB1	1773	77	A	0	0	77	39.3376623376623
A_PB1	1774	77	T	0	0	77	39.038961038961
A_PB1	1775	77	C	0	0	76	38.4736842105263
A_PB1	1776	77	A	0	0	76	38.3157894736842
A_PB1	1777	77	G	0	0	77	38.1168831168831
A_PB1	1778	77	A	0	0	77	37.4155844155844
A_PB1	1779	77	T	0	0	77	36.4285714285714
A_PB1	1780	76	G	1	0	76	33.8026315789474
A_PB1	1781	76	G	1	0	76	33.5394736842105
A_PB1	1782	77	G	0	0	77	33.9480519480519
A_PB1	1783	77	G	0	0	77	36.2467532467532
A_PB1	1784	77	G	0	0	76	38.0394736842105
A_PB1	1785	77	A	0	0	76	38.3684210526316
A_PB1	1786	77	C	0	0	75	36.5866666666667
A_PB1	1787	77	C	0	0	77	35.987012987013
A_PB1	1788	77	A	0	0	77	35.8441558441558
A_PB1	1789	77	A	0	0	77	36.9350649350649
A_PB1	1790	77	A	0	0	77	36.9480519480519
A_PB1	1791	77	C	0	0	77	36.987012987013
A_PB1	1792	77	T	0	0	76	36.0131578947368
A_PB1	1793	77	T	0	0	77	36.3506493506493
A_PB1	1794	77	A	0	0	75	35.92
A_PB1	1795	77	T	0	0	77	35.3766233766234
A_PB1	1796	84	A	0	0	83	33.566265060241
A_PB1	1797	84	C	0	0	84	33.5357142857143
A_PB1	1798	84	A	0	0	84	34.3809523809524
A_PB1	1799	84	A	0	0	83	35.0602409638554
A_PB1	1800	84	T	0	0	83	35.2048192771084
A_PB1	1801	84	A	0	0	82	37.7073170731707
A_PB1	1802	84	T	0	0	84	38.5833333333333
A_PB1	1803	84	C	0	0	84	38.3333333333333
A_PB1	1804	84	C	0	0	83	37.6867469879518
A_PB1	1805	84	G	0	0	83	36.2168674698795
A_PB1	1806	84	A	0	0	84	35.7261904761905
A_PB1	1807	84	A	0	0	84	36.0833333333333
A_PB1	1808	84	A	0	0	83	35.8915662650602
A_PB1	1809	84	T	0	0	84	35.9166666666667
A_PB1	1810	84	C	0	0	84	36.7142857142857
A_PB1	1811	84	T	0	0	84	38.2619047619048
A_PB1	1812	84	T	0	0	83	37.6024096385542
A_PB1	1813	84	C	0	0	84	38.2619047619048
A_PB1	1814	84	A	0	0	84	37.3452380952381
A_PB1	1815	84	C	0	0	84	38
A_PB1	1816	84	A	0	0	84	38.3333333333333
A_PB1	1817	84	T	0	0	84	39.5238095238095
A_PB1	1818	83	C	1	0	83	37.710843373494
A_PB1	1819	84	C	0	0	84	38.3095238095238
A_PB1	1820	84	C	0	0	84	37.0714285714286
A_PB1	1821	84	T	0	0	83	34.0963855421687
A_PB1	1822	84	G	0	0	84	36.2619047619048
A_PB1	1823	84	A	0	0	84	39.5357142857143
A_PB1	1824	84	A	0	0	84	39.7142857142857
A_PB1	1825	84	G	0	0	84	39.6547619047619
A_PB1	1826	84	T	0	0	84	41.7023809523809
A_PB1	1827	84	C	0	0	84	40.0952380952381
A_PB1	1828	84	T	0	0	84	39.8452380952381
A_PB1	1829	84	G	0	0	84	39.5119047619048
A_PB1	1830	84	C	0	0	84	38.3095238095238
A_PB1	1831	84	T	0	0	84	38.4404761904762
A_PB1	1832	84	T	0	0	84	38.9880952380952
A_PB1	1833	84	G	0	0	84	36.7857142857143
A_PB1	1834	84	A	0	0	84	37.6190476190476
A_PB1	1835	84	A	0	0	84	38.2023809523809
A_PB1	1836	84	G	0	0	84	38.0595238095238
A_PB1	1837	84	T	0	0	84	38.5
A_PB1	1838	83	G	1	0	83	35.8915662650602
A_PB1	1839	84	G	0	0	84	35.3690476190476
A_PB1	1840	84	G	0	0	84	33.0833333333333
A_PB1	1841	84	A	0	0	83	33.0963855421687
A_PB1	1842	84	G	0	0	84	33.9404761904762
A_PB1	1843	84	C	0	0	83	34.9156626506024
A_PB1	1844	84	T	0	0	84	35.0119047619048
A_PB1	1845	84	G	0	0	84	36.7023809523809
A_PB1	1846	84	A	0	0	84	37.4285714285714
A_PB1	1847	85	T	0	0	85	37.6352941176471
A_PB1	1848	85	G	0	0	85	37.4235294117647
A_PB1	1849	85	G	0	0	85	38.4823529411765
A_PB1	1850	85	A	0	0	83	37.6385542168675
A_PB1	1851	85	C	0	0	85	37.2117647058824
A_PB1	1852	85	G	0	0	82	35.9512195121951
A_PB1	1853	85	A	0	0	85	36.1294117647059
A_PB1	1854	85	C	0	0	84	37.5714285714286
A_PB1	1855	78	A	7	0	76	37.7105263157895
A_PB1	1856	78	A	7	0	78	38.025641025641
A_PB1	1857	78	T	7	0	78	39.0641025641026
A_PB1	1858	78	T	7	0	77	38.7922077922078
A_PB1	1859	85	A	0	0	83	38.2048192771084
A_PB1	1860	85	T	0	0	85	38.3411764705882
A_PB1	1861	79	C	6	0	78	36.6153846153846
A_PB1	1862	82	G	3	0	82	33.5609756097561
A_PB1	1863	84	G	1	0	84	34.8095238095238
A_PB1	1864	85	G	0	0	84	34.7023809523809
A_PB1	1865	85	G	0	0	85	34.7058823529412
A_PB1	1866	85	A	0	0	85	38.7294117647059
A_PB1	1867	86	A	0	0	86	41.5813953488372
A_PB1	1868	86	G	0	0	86	40.6627906976744
A_PB1	1869	86	A	0	0	86	39.8372093023256
A_PB1	1870	86	C	0	0	86	37.7790697674419
A_PB1	1871	85	T	1	0	85	37.2235294117647
A_PB1	1872	86	T	0	0	86	36.2093023255814
A_PB1	1873	86	T	0	0	85	36.1529411764706
A_PB1	1874	86	G	0	0	85	34.0235294117647
A_PB1	1875	86	T	0	0	85	35.0823529411765
A_PB1	1876	84	A	2	0	84	36.8333333333333
A_PB1	1877	85	A	1	0	84	38.5357142857143
A_PB1	1878	85	T	1	0	84	38.9166666666667
A_PB1	1879	85	C	1	0	85	38.2352941176471
A_PB1	1880	86	C	0	0	84	39.8571428571429
A_PB1	1881	86	C	0	0	86	39.9883720930233
A_PB1	1882	85	C	1	0	83	39.5060240963855
A_PB1	1883	82	T	4	0	79	39.1392405063291
A_PB1	1884	85	G	1	0	83	36.5421686746988
A_PB1	1885	86	A	0	0	86	36.6162790697674
A_PB1	1886	86	A	0	0	86	35.7790697674419
A_PB1	1887	86	T	0	0	86	36.8953488372093
A_PB1	1888	86	C	0	0	86	37.046511627907
A_PB1	1889	86	C	0	0	86	39.3023255813954
A_PB1	1890	86	C	0	0	86	37.8837209302326
A_PB1	1891	86	T	0	0	86	37.453488372093
A_PB1	1892	86	T	0	0	86	38.1744186046512
A_PB1	1893	86	T	0	0	86	38.0581395348837
A_PB1	1894	86	G	0	0	86	36.0116279069767
A_PB1	1895	86	T	0	0	85	37.9411764705882
A_PB1	1896	86	C	0	0	85	39.8117647058824
A_PB1	1897	86	A	0	0	86	40.8720930232558
A_PB1	1898	86	G	0	0	86	39.8372093023256
A_PB1	1899	86	C	0	0	86	40.046511627907
A_PB1	1900	86	C	0	0	86	39.8953488372093
A_PB1	1901	86	A	0	0	86	41.1046511627907
A_PB1	1902	86	T	0	0	86	40.7441860465116
A_PB1	1903	86	A	0	0	86	40.0697674418605
A_PB1	1904	86	A	0	0	86	40.2906976744186
A_PB1	1905	86	A	0	0	86	40.406976744186
A_PB1	1906	86	G	0	0	86	40.0581395348837
A_PB1	1907	86	A	0	0	86	40.7906976744186
A_PB1	1908	86	A	0	0	86	41.1395348837209
A_PB1	1909	86	A	0	0	86	40.9651162790698
A_PB1	1910	86	T	0	0	86	40.0348837209302
A_PB1	1911	86	T	0	0	86	40.593023255814
A_PB1	1912	86	G	0	0	86	39.3023255813954
A_PB1	1913	86	A	0	0	86	40.3139534883721
A_PB1	1914	86	A	0	0	86	40.5581395348837
A_PB1	1915	86	T	0	0	86	40.9651162790698
A_PB1	1916	86	C	0	0	86	39.7906976744186
A_PB1	1917	86	T	0	0	86	41.4186046511628
A_PB1	1918	86	G	0	0	86	39.9418604651163
A_PB1	1919	86	T	0	0	86	39.1744186046512
A_PB1	1920	86	A	0	0	86	37.6860465116279
A_PB1	1921	86	A	0	0	86	36.9186046511628
A_PB1	1922	86	A	0	0	86	37.3372093023256
A_PB1	1923	86	C	0	0	86	38.2093023255814
A_PB1	1924	74	A	12	0	74	38.9054054054054
A_PB1	1925	74	A	12	0	74	38.6351351351351
A_PB1	1926	74	T	12	0	74	39.3378378378378
A_PB1	1927	74	G	12	0	74	38.8243243243243
A_PB1	1928	74	C	12	0	74	39.5810810810811
A_PB1	1929	74	T	12	0	73	40.2054794520548
A_PB1	1930	74	G	12	0	74	40.1351351351351
A_PB1	1931	74	T	12	0	73	40.9452054794521
A_PB1	1932	74	A	12	0	74	39.4864864864865
A_PB1	1933	74	G	12	0	73	40.3835616438356
A_PB1	1934	74	T	12	0	73	40.3013698630137
A_PB1	1935	86	A	0	0	85	39.0470588235294
A_PB1	1936	86	A	0	0	86	39.7441860465116
A_PB1	1937	86	T	0	0	86	39.9186046511628
A_PB1	1938	86	G	0	0	86	38.593023255814
A_PB1	1939	86	C	0	0	86	39.2325581395349
A_PB1	1940	86	C	0	0	86	39.3139534883721
A_PB1	1941	86	A	0	0	86	38.5348837209302
A_PB1	1942	86	G	0	0	86	38.5348837209302
A_PB1	1943	86	C	0	0	86	38.4186046511628
A_PB1	1944	86	T	0	0	86	39.5813953488372
A_PB1	1945	86	C	0	0	85	38.9294117647059
A_PB1	1946	86	A	0	0	86	38.2441860465116
A_PB1	1947	86	T	0	0	86	39
A_PB1	1948	86	G	0	0	85	38.5058823529412
A_PB1	1949	86	G	0	0	86	38.5697674418605
A_PB1	1950	86	T	0	0	86	37.9767441860465
A_PB1	1951	86	C	0	0	86	38.2209302325581
A_PB1	1952	86	C	0	0	85	37.7882352941176
A_PB1	1953	86	G	0	0	85	38.1294117647059
A_PB1	1954	86	G	0	0	86	37.5813953488372
A_PB1	1955	86	C	0	0	86	37.7674418604651
A_PB1	1956	86	C	0	0	86	37.593023255814
A_PB1	1957	86	A	0	0	85	38.5529411764706
A_PB1	1958	98	A	0	0	98	38.7040816326531
A_PB1	1959	98	A	0	0	98	39.0612244897959
A_PB1	1960	98	A	0	0	98	38.8673469387755
A_PB1	1961	98	G	1	0	97	37.7525773195876
A_PB1	1962	98	T	1	0	98	37.2040816326531
A_PB1	1963	99	A	0	0	98	36.8367346938776
A_PB1	1964	98	T	1	0	97	36.1134020618557
A_PB1	1965	98	G	1	0	98	35.734693877551
A_PB1	1966	97	G	2	0	96	36.3541666666667
A_PB1	1967	98	A	1	0	97	35.6907216494845
A_PB1	1968	99	A	0	0	99	35.8989898989899
A_PB1	1969	99	T	0	0	99	37.8181818181818
A_PB1	1970	99	A	0	0	99	38.2222222222222
A_PB1	1971	99	T	0	0	99	38.3232323232323
A_PB1	1972	99	G	0	0	99	37.2727272727273
A_PB1	1973	99	A	0	0	99	37.4949494949495
A_PB1	1974	99	T	0	0	99	37.4444444444444
A_PB1	1975	99	G	0	0	99	37.5959595959596
A_PB1	1976	99	C	0	0	99	37.5555555555556
A_PB1	1977	96	C	3	0	83	35.8915662650602
A_PB1	1978	96	G	3	0	96	35.1041666666667
A_PB1	1979	112	T	3	0	112	36.4910714285714
A_PB1	1980	113	T	2	0	112	36.2857142857143
A_PB1	1981	112	G	3	0	111	35.6936936936937
A_PB1	1982	114	C	1	0	112	35.2410714285714
A_PB1	1983	114	G	1	0	112	34.6964285714286
A_PB1	1984	115	A	0	0	114	34.9736842105263
A_PB1	1985	115	C	0	0	113	35.4867256637168
A_PB1	1986	115	T	0	0	115	35.3913043478261
A_PB1	1987	113	A	2	0	113	37.3893805309735
A_PB1	1988	114	C	1	0	114	37.3245614035088
A_PB1	1989	115	A	0	0	114	36.8333333333333
A_PB1	1990	115	C	0	0	115	36.4869565217391
A_PB1	1991	114	A	1	0	113	36.4070796460177
A_PB1	1992	115	C	0	0	115	35.5217391304348
A_PB1	1993	115	T	0	0	115	37.1913043478261
A_PB1	1994	115	C	0	0	115	35.4086956521739
A_PB1	1995	115	C	0	0	114	35.5526315789474
A_PB1	1996	119	T	0	0	118	35.3050847457627
A_PB1	1997	119	G	0	0	119	35.1764705882353
A_PB1	1998	119	G	0	0	118	36.8983050847458
A_PB1	1999	119	A	0	0	119	38.3613445378151
A_PB1	2000	119	T	0	0	119	39.2605042016807
A_PB1	2001	119	T	0	0	119	39.1596638655462
A_PB1	2002	118	C	1	0	118	39.7372881355932
A_PB1	2003	119	C	0	0	119	39.8235294117647
A_PB1	2004	113	C	6	0	112	38.4464285714286
A_PB1	2005	111	A	8	0	110	36.4545454545455
A_PB1	2006	111	A	8	0	110	37.8272727272727
A_PB1	2007	111	A	8	0	111	39.1891891891892
A_PB1	2008	112	A	7	0	112	38.0446428571429
A_PB1	2009	112	G	7	0	112	37.6785714285714
A_PB1	2010	111	G	8	0	111	39.6666666666667
A_PB1	2011	111	A	8	0	110	39.5909090909091
A_PB1	2012	111	A	8	0	111	38.990990990991
A_PB1	2013	110	C	9	0	110	39.6545454545455
A_PB1	2014	110	C	9	0	108	37.9814814814815
A_PB1	2015	111	G	8	0	110	36.7818181818182
A_PB1	2016	110	C	9	0	110	37.3090909090909
A_PB1	2017	111	T	8	0	110	37.3909090909091
A_PB1	2018	112	C	7	0	111	37.1711711711712
A_PB1	2019	100	C	19	0	99	36.979797979798
A_PB1	2020	100	A	19	0	100	35.61
A_PB1	2021	100	T	19	0	99	35.1616161616162
A_PB1	2022	100	C	19	0	100	38.54
A_PB1	2023	100	C	19	0	100	40.16
A_PB1	2024	100	T	19	0	99	39.9090909090909
A_PB1	2025	100	A	19	0	98	38.1530612244898
A_PB1	2026	100	A	19	0	100	37.91
A_PB1	2027	100	A	19	0	100	37.59
A_PB1	2028	106	C	13	0	106	37.6037735849057
A_PB1	2029	106	A	13	0	106	38.4528301886792
A_PB1	2030	118	C	1	0	117	39.5982905982906
A_PB1	2031	118	A	1	0	118	39.5423728813559
A_PB1	2032	118	A	1	0	118	39.3728813559322
A_PB1	2033	118	G	1	0	118	39.1016949152542
A_PB1	2034	117	C	2	0	117	39.7008547008547
A_PB1	2035	119	C	0	0	119	39.4873949579832
A_PB1	2036	119	A	0	0	119	38.7563025210084
A_PB1	2037	119	A	0	0	119	39.0168067226891
A_PB1	2038	119	A	0	0	117	39.2051282051282
A_PB1	2039	118	G	1	0	117	37.7692307692308
A_PB1	2040	119	G	0	0	119	39.7478991596639
A_PB1	2041	119	G	0	0	118	40.1271186440678
A_PB1	2042	119	G	0	0	117	39.3846153846154
A_PB1	2043	119	A	0	0	118	39.0847457627119
A_PB1	2044	118	A	1	0	118	38.3728813559322
A_PB1	2045	118	T	1	0	118	38.5084745762712
A_PB1	2046	117	T	2	0	117	38.6923076923077
A_PB1	2047	117	C	2	0	114	38.4035087719298
A_PB1	2048	119	T	0	0	117	38.042735042735
A_PB1	2049	119	T	0	0	119	37.218487394958
A_PB1	2050	118	G	1	0	117	37.0683760683761
A_PB1	2051	118	A	1	0	117	36.8376068376068
A_PB1	2052	119	G	0	0	117	38.5128205128205
A_PB1	2053	119	G	0	0	119	38.6470588235294
A_PB1	2054	119	A	0	0	119	39.1932773109244
A_PB1	2055	106	T	13	0	106	39.5188679245283
A_PB1	2056	106	G	13	0	104	39.6057692307692
A_PB1	2057	106	A	13	0	106	39.1981132075472
A_PB1	2058	106	A	13	0	106	38.6037735849057
A_PB1	2059	106	C	13	0	104	37.5192307692308
A_PB1	2060	190	A	13	0	188	37.9840425531915
A_PB1	2061	190	A	13	0	189	38.2063492063492
A_PB1	2062	190	A	13	0	190	39.4368421052632
A_PB1	2063	188	T	15	0	188	39.7659574468085
A_PB1	2064	189	G	14	0	189	39.3386243386243
A_PB1	2065	203	T	0	0	202	39.2574257425743
A_PB1	2066	203	A	0	0	201	36.7661691542289
A_PB1	2067	202	C	1	0	201	36.6318407960199
A_PB1	2068	204	C	0	0	203	36.3054187192118
A_PB1	2069	203	A	1	0	203	35.871921182266
A_PB1	2070	203	G	1	0	202	35.7623762376238
A_PB1	2071	203	A	1	0	203	38.6551724137931
A_PB1	2072	204	A	0	0	204	39.8382352941176
A_PB1	2073	203	A	1	0	202	41.0940594059406
A_PB1	2074	203	T	1	0	203	40.8325123152709
A_PB1	2075	204	G	0	0	204	41.3872549019608
A_PB1	2076	204	C	0	0	203	42.0738916256158
A_PB1	2077	204	T	0	0	201	41.7960199004975
A_PB1	2078	204	G	0	0	204	41.0098039215686
A_PB1	2079	204	C	0	0	201	40.8407960199005
A_PB1	2080	204	A	0	0	204	39.9313725490196
A_PB1	2081	204	A	0	0	202	39.9306930693069
A_PB1	2082	204	C	0	0	204	39.5098039215686
A_PB1	2083	203	T	1	0	203	40.423645320197
A_PB1	2084	227	T	1	0	226	40.8407079646018
A_PB1	2085	228	G	0	0	227	40.5594713656388
A_PB1	2086	227	T	1	0	227	41.2599118942731
A_PB1	2087	226	T	2	0	226	38.7389380530973
A_PB1	2088	222	C	6	0	219	36.1232876712329
A_PB1	2089	223	G	5	0	222	35.3288288288288
A_PB1	2090	228	A	0	0	227	34.8237885462555
A_PB1	2091	228	G	0	0	228	34.4605263157895
A_PB1	2092	229	A	0	0	227	35.2863436123348
A_PB1	2093	230	A	0	0	230	38.2086956521739
A_PB1	2094	230	A	0	0	230	39.1478260869565
A_PB1	2095	229	T	1	0	228	40.0701754385965
A_PB1	2096	230	T	0	0	229	39.2401746724891
A_PB1	2097	230	T	0	0	230	39.895652173913
A_PB1	2098	230	T	0	0	230	40.1217391304348
A_PB1	2099	229	T	1	0	226	39.3185840707965
A_PB1	2100	224	C	6	0	223	37.9686098654709
A_PB1	2101	230	C	0	0	230	37.1086956521739
A_PB1	2102	230	C	0	0	230	35.6391304347826
A_PB1	2103	230	T	0	0	230	31.195652173913
A_PB1	2104	230	A	0	0	227	34.15859030837
A_PB1	2105	230	G	0	0	227	36.9955947136564
A_PB1	2106	230	T	0	0	230	37.1
A_PB1	2107	230	A	0	0	229	37.3362445414847
A_PB1	2108	230	G	0	0	228	37.1359649122807
A_PB1	2109	230	T	0	0	229	37.2663755458515
A_PB1	2110	230	T	0	0	230	38.2391304347826
A_PB1	2111	262	C	0	0	259	37.6447876447876
A_PB1	2112	250	A	12	0	250	36.848
A_PB1	2113	250	T	12	0	250	37.204
A_PB1	2114	250	A	12	0	249	37.2610441767068
A_PB1	2115	250	T	12	0	249	36.8393574297189
A_PB1	2116	262	A	0	0	259	35.7413127413127
A_PB1	2117	262	G	0	0	204	35.8382352941176
A_PB1	2118	262	G	0	0	260	36.1
A_PB1	2119	262	A	0	0	258	36.3837209302326
A_PB1	2120	262	G	0	0	261	36.9578544061303
A_PB1	2121	262	A	0	0	262	38.1793893129771
A_PB1	2122	262	C	0	0	262	38.3549618320611
A_PB1	2123	262	C	0	0	260	37.4923076923077
A_PB1	2124	261	G	1	0	258	35.6744186046512
A_PB1	2125	262	A	0	0	261	35.6436781609195
A_PB1	2126	262	T	0	0	262	35.4236641221374
A_PB1	2127	262	T	0	0	262	34.8931297709924
A_PB1	2128	262	G	0	0	262	34.3702290076336
A_PB1	2129	262	G	0	0	261	35.6551724137931
A_PB1	2130	262	A	0	0	262	37.1526717557252
A_PB1	2131	262	A	0	0	261	37.7547892720306
A_PB1	2132	262	T	0	0	262	38.5038167938931
A_PB1	2133	262	T	0	0	262	38.2404580152672
A_PB1	2134	262	T	0	0	261	38.9080459770115
A_PB1	2135	262	C	0	0	262	37.6793893129771
A_PB1	2136	262	T	0	0	260	37.9576923076923
A_PB1	2137	261	A	1	0	259	37.3899613899614
A_PB1	2138	259	G	3	0	258	38.2790697674419
A_PB1	2139	262	C	0	0	261	37.8659003831418
A_PB1	2140	262	A	0	0	261	37.8697318007663
A_PB1	2141	262	T	0	0	262	38.5839694656489
A_PB1	2142	261	G	0	0	260	39.2346153846154
A_PB1	2143	261	G	0	0	261	39.0459770114943
A_PB1	2144	259	T	2	0	259	39.7490347490347
A_PB1	2145	260	G	1	0	260	40.0846153846154
A_PB1	2146	260	G	1	0	260	40.6576923076923
A_PB1	2147	260	A	1	0	259	39.8185328185328
A_PB1	2148	261	G	0	0	261	39.5938697318008
A_PB1	2149	261	G	0	0	261	39.4712643678161
A_PB1	2150	260	C	1	0	258	39.6434108527132
A_PB1	2151	260	A	1	0	259	38.4015444015444
A_PB1	2152	261	A	0	0	261	39.0842911877395
A_PB1	2153	261	T	0	0	261	39.6551724137931
A_PB1	2154	260	G	0	0	257	37.6809338521401
A_PB1	2155	260	G	0	0	260	37.0038461538462
A_PB1	2156	252	T	8	0	251	37.5537848605578
A_PB1	2157	252	A	8	0	248	37.1854838709677
A_PB1	2158	253	T	7	0	253	36.2411067193676
A_PB1	2159	251	C	9	0	250	36.72
A_PB1	2160	245	T	15	0	242	37.3512396694215
A_PB1	2161	247	A	13	0	244	35.8114754098361
A_PB1	2162	251	G	9	0	249	35.5180722891566
A_PB1	2163	253	G	7	0	251	34.9362549800797
A_PB1	2164	253	G	7	0	253	34.403162055336
A_PB1	2165	251	C	9	0	250	34.912
A_PB1	2166	253	C	7	0	253	36.7707509881423
A_PB1	2167	251	C	9	0	251	36.8685258964143
A_PB1	2168	250	G	9	0	247	35.7004048582996
A_PB1	2169	253	G	8	0	252	35.7103174603175
A_PB1	2170	252	A	9	0	252	35.9404761904762
A_PB1	2171	253	T	8	0	253	36.0830039525692
A_PB1	2172	261	T	0	0	258	37.3023255813954
A_PB1	2173	261	G	0	0	257	37.0700389105058
A_PB1	2174	261	A	0	0	260	36.8153846153846
A_PB1	2175	261	T	0	0	260	38.0192307692308
A_PB1	2176	260	G	1	0	260	37.6384615384615
A_PB1	2177	258	C	3	0	257	37.9727626459144
A_PB1	2178	260	C	1	0	258	37.9108527131783
A_PB1	2179	261	A	0	0	260	36.1346153846154
A_PB1	2180	260	G	1	0	259	35.2084942084942
A_PB1	2181	261	A	0	0	260	34.8730769230769
A_PB1	2182	261	A	0	0	260	35.8038461538462
A_PB1	2183	260	T	1	0	258	37.6007751937984
A_PB1	2184	261	T	0	0	260	38
A_PB1	2185	261	G	0	0	260	38.6423076923077
A_PB1	2186	261	A	0	0	259	38.7953667953668
A_PB1	2187	261	C	0	0	259	38.3474903474903
A_PB1	2188	261	T	0	0	259	38.5984555984556
A_PB1	2189	261	T	0	0	261	38.1532567049808
A_PB1	2190	259	C	2	0	255	36.2862745098039
A_PB1	2191	257	G	4	0	255	34.8235294117647
A_PB1	2192	261	A	0	0	259	34.9382239382239
A_PB1	2193	261	G	0	0	260	34.4576923076923
A_PB1	2194	261	T	0	0	261	34.8697318007663
A_PB1	2195	258	C	3	0	254	35.1889763779528
A_PB1	2196	258	G	3	0	256	35.47265625
A_PB1	2197	261	G	0	0	258	35.6705426356589
A_PB1	2198	261	G	0	0	261	35.3754789272031
A_PB1	2199	261	A	0	0	261	35.5134099616858
A_PB1	2200	261	A	0	0	261	38.5402298850575
A_PB1	2201	261	G	0	0	259	37.7953667953668
A_PB1	2202	261	G	0	0	260	36.9884615384615
A_PB1	2203	259	A	2	0	255	36.5333333333333
A_PB1	2204	259	T	2	0	258	36.3992248062016
A_PB1	2205	261	T	0	0	258	35.4341085271318
A_PB1	2206	250	A	11	0	242	33.7933884297521
A_PB1	2207	258	A	3	0	256	32.42578125
A_PB1	2208	258	G	3	0	256	33.16796875
A_PB1	2209	253	A	8	0	248	34.1491935483871
A_PB1	2210	260	A	1	0	258	34.3023255813954
A_PB1	2211	261	G	0	0	259	36.2934362934363
A_PB1	2212	261	G	0	0	259	36.5907335907336
A_PB1	2213	261	A	0	0	260	37.1538461538462
A_PB1	2214	261	A	0	0	259	40.0656370656371
A_PB1	2215	261	G	0	0	259	40.1235521235521
A_PB1	2216	261	A	0	0	261	40.0727969348659
A_PB1	2217	261	G	0	0	261	39.6628352490421
A_PB1	2218	261	T	0	0	261	39.4597701149425
A_PB1	2219	260	T	1	0	260	39.2038461538462
A_PB1	2220	260	C	1	0	260	38.2807692307692
A_PB1	2221	260	T	1	0	259	38.4478764478764
A_PB1	2222	260	C	1	0	259	37.972972972973
A_PB1	2223	259	T	2	0	258	38.5077519379845
A_PB1	2224	259	G	2	0	258	38.3449612403101
A_PB1	2225	261	A	0	0	261	39.6858237547893
A_PB1	2226	261	G	0	0	259	39.9150579150579
A_PB1	2227	261	A	0	0	261	39.816091954023
A_PB1	2228	261	T	0	0	261	40.3409961685824
A_PB1	2229	261	C	0	0	259	40.015444015444
A_PB1	2230	261	A	0	0	261	39.9310344827586
A_PB1	2231	261	T	0	0	261	39.5287356321839
A_PB1	2232	248	G	13	0	247	39.3157894736842
A_PB1	2233	245	A	16	0	242	40.0206611570248
A_PB1	2234	261	A	0	0	258	39.8759689922481
A_PB1	2235	261	G	0	0	258	40.0736434108527
A_PB1	2236	261	A	0	0	261	40.0574712643678
A_PB1	2237	260	T	1	0	260	40.45
A_PB1	2238	261	C	0	0	260	38.5115384615385
A_PB1	2239	260	T	1	0	260	38.4730769230769
A_PB1	2240	260	G	1	0	259	38.5714285714286
A_PB1	2241	261	T	0	0	261	37.8620689655172
A_PB1	2242	261	T	0	0	260	38.2076923076923
A_PB1	2243	261	C	0	0	261	37.5862068965517
A_PB1	2244	261	C	0	0	261	38.2605363984674
A_PB1	2245	261	A	0	0	261	38.1340996168582
A_PB1	2246	261	C	0	0	261	38.7931034482759
A_PB1	2247	261	C	0	0	259	39.4903474903475
A_PB1	2248	261	A	0	0	261	39.1379310344828
A_PB1	2249	261	T	0	0	261	38.1570881226054
A_PB1	2250	261	T	0	0	261	38.4789272030651
A_PB1	2251	261	G	0	0	260	37.6923076923077
A_PB1	2252	261	A	0	0	260	37.5307692307692
A_PB1	2253	261	A	0	0	257	38.420233463035
A_PB1	2254	261	G	0	0	257	38.2762645914397
A_PB1	2255	261	A	0	0	260	39.0153846153846
A_PB1	2256	261	A	0	0	260	38.6
A_PB1	2257	260	C	0	0	259	38.1930501930502
A_PB1	2258	257	T	2	0	257	38.4046692607004
A_PB1	2259	254	C	4	0	251	37.6374501992032
A_PB1	2260	255	A	3	0	253	36.897233201581
A_PB1	2261	258	G	0	0	258	36.3023255813954
A_PB1	2262	258	A	0	0	258	36.6666666666667
A_PB1	2263	258	C	0	0	256	36.5390625
A_PB1	2264	257	G	0	0	254	36.5669291338583
A_PB1	2265	257	G	0	0	256	36.60546875
A_PB1	2266	257	C	0	0	257	37.1712062256809
A_PB1	2267	257	A	0	0	257	36.9338521400778
A_PB1	2268	257	A	0	0	257	38.011673151751
A_PB1	2269	256	A	0	0	255	38.9843137254902
A_PB1	2270	256	A	0	0	256	38.23828125
A_PB1	2271	255	A	0	0	255	38.8549019607843
A_PB1	2272	255	C	0	0	255	37.9960784313725
A_PB1	2273	254	A	0	0	254	36.5354330708661
A_PB1	2274	252	A	0	0	252	36.5515873015873
