Reference_Name	Position	Coverage Depth	Consensus	Deletions	Ambiguous	Consensus_Count	Consensus_Average_Quality
A_MP	1	917	A	0	0	917	39.6412213740458
A_MP	2	919	T	0	0	919	39.7486398258977
A_MP	3	922	G	0	0	922	36.9739696312364
A_MP	4	930	A	0	0	929	36.6469321851453
A_MP	5	930	G	0	0	930	36.2698924731183
A_MP	6	932	C	0	0	932	36.3916309012876
A_MP	7	933	C	0	0	932	37.1545064377682
A_MP	8	932	T	1	0	931	37.7669172932331
A_MP	9	931	T	2	0	928	37.9676724137931
A_MP	10	933	C	2	0	927	37.3106796116505
A_MP	11	935	T	1	0	934	37.6734475374732
A_MP	12	939	T	0	0	938	38.1066098081023
A_MP	13	937	A	3	0	932	36.5869098712446
A_MP	14	936	C	5	0	936	35.9850427350427
A_MP	15	938	C	4	0	935	35.751871657754
A_MP	16	939	G	3	0	934	36.0224839400428
A_MP	17	942	A	0	0	941	35.3358129649309
A_MP	18	942	G	0	0	941	36.3379383634431
A_MP	19	942	G	0	0	939	36.3972310969116
A_MP	20	942	T	0	0	940	38.1074468085106
A_MP	21	941	C	1	0	933	35.6613076098607
A_MP	22	923	G	19	0	913	34.9145673603505
A_MP	23	938	A	4	0	936	34.0651709401709
A_MP	24	940	A	2	0	937	34.0896478121665
A_MP	25	939	A	3	0	931	34.2008592910849
A_MP	26	939	C	3	0	927	34.3754045307443
A_MP	27	939	G	3	0	917	34.196292257361
A_MP	28	933	T	9	0	921	34.2084690553746
A_MP	29	940	A	2	0	929	32.7771797631862
A_MP	30	941	T	1	0	936	32.9583333333333
A_MP	31	941	G	1	0	933	33.5112540192926
A_MP	32	930	T	13	0	918	35.0424836601307
A_MP	33	897	T	46	0	891	35.1279461279461
A_MP	34	899	C	44	0	895	35.3720670391061
A_MP	35	943	T	1	0	941	35.3443145589798
A_MP	36	942	C	2	0	940	33.9085106382979
A_MP	37	930	T	14	0	929	32.3390742734123
A_MP	38	926	C	18	0	924	29.4404761904762
A_MP	39	923	T	21	0	912	31.5032894736842
A_MP	40	943	A	1	0	943	31.4623541887593
A_MP	41	943	T	1	0	943	32.2799575821845
A_MP	42	942	C	2	0	912	31.6293859649123
A_MP	43	943	G	1	0	941	32.865037194474
A_MP	44	944	T	0	0	943	33.5270413573701
A_MP	45	944	T	0	0	940	34.0053191489362
A_MP	46	933	C	11	0	926	35.4092872570194
A_MP	47	944	C	0	0	940	36.1127659574468
A_MP	48	944	A	0	0	943	34.9554612937434
A_MP	49	944	T	0	0	943	34.9469777306469
A_MP	50	942	C	2	0	939	35.5165069222577
A_MP	51	942	A	2	0	940	38.7404255319149
A_MP	52	943	G	1	0	942	38.8386411889597
A_MP	53	941	G	3	0	940	37.3521276595745
A_MP	54	927	C	17	0	926	37.5172786177106
A_MP	55	942	C	2	0	940	37.1053191489362
A_MP	56	942	C	2	0	942	37.7537154989384
A_MP	57	943	C	1	0	942	38.2144373673036
A_MP	58	937	C	8	0	934	37.3661670235546
A_MP	59	934	T	11	0	930	36.9505376344086
A_MP	60	942	C	3	0	941	34.577045696068
A_MP	61	941	A	4	0	937	35.1686232657417
A_MP	62	944	A	1	0	941	36.6354941551541
A_MP	63	945	A	0	0	944	38.1758474576271
A_MP	64	945	G	0	0	945	39.9968253968254
A_MP	65	944	C	1	0	943	39.8738069989396
A_MP	66	945	C	0	0	944	38.4173728813559
A_MP	67	944	G	1	0	942	37.8333333333333
A_MP	68	944	A	1	0	938	37.6289978678038
A_MP	69	943	G	2	0	939	38.0031948881789
A_MP	70	945	A	0	0	945	37.9650793650794
A_MP	71	943	T	2	0	942	39.8163481953291
A_MP	72	943	C	2	0	926	38.6889848812095
A_MP	73	943	G	2	0	939	37.0340788072417
A_MP	74	944	C	1	0	941	36.4102019128587
A_MP	75	944	G	1	0	937	36.2401280683031
A_MP	76	943	C	2	0	943	36.6839872746554
A_MP	77	938	A	7	0	936	37.9038461538462
A_MP	78	936	G	9	0	934	39.0974304068522
A_MP	79	944	A	2	0	942	38.864118895966
A_MP	80	942	G	4	0	937	39.2614727854856
A_MP	81	942	A	4	0	941	38.7821466524973
A_MP	82	946	C	0	0	941	38.8990435706695
A_MP	83	925	T	22	0	925	38.6389189189189
A_MP	84	946	T	1	0	941	37.1392136025505
A_MP	85	946	G	1	0	941	35.2763018065887
A_MP	86	941	A	6	0	939	35.7231096911608
A_MP	87	946	A	1	0	945	36.0402116402116
A_MP	88	946	G	1	0	946	39.9270613107822
A_MP	89	946	A	1	0	943	40.2746553552492
A_MP	90	945	T	2	0	937	40.221985058698
A_MP	91	946	G	1	0	946	39.6881606765328
A_MP	92	947	T	0	0	947	40.5902851108765
A_MP	93	947	C	0	0	946	39.5179704016913
A_MP	94	945	T	2	0	944	40.4247881355932
A_MP	95	946	T	1	0	946	40.107822410148
A_MP	96	944	T	3	0	943	40.1314952279958
A_MP	97	948	G	3	0	948	39.0748945147679
A_MP	98	950	C	1	0	949	39.668071654373
A_MP	99	951	T	0	0	951	39.2471083070452
A_MP	100	934	G	17	0	931	35.4822771213749
A_MP	101	951	G	0	0	950	32.6010526315789
A_MP	102	937	G	15	0	936	30.4935897435897
A_MP	103	913	A	39	0	910	34.4241758241758
A_MP	104	922	A	30	0	911	36.6849615806806
A_MP	105	946	A	6	0	937	34.051227321238
A_MP	106	948	A	4	0	931	33.8012889366273
A_MP	107	948	A	4	0	943	33.6394485683987
A_MP	108	948	C	4	0	941	33.817215727949
A_MP	109	950	A	2	0	942	33.2250530785563
A_MP	110	951	C	1	0	945	35.0201058201058
A_MP	111	951	A	1	0	948	35.2362869198312
A_MP	112	949	G	3	0	942	36.3163481953291
A_MP	113	946	A	6	0	940	36.8808510638298
A_MP	114	946	T	6	0	945	37.8962962962963
A_MP	115	949	C	3	0	948	36.9324894514768
A_MP	116	943	T	9	0	943	37.6733828207847
A_MP	117	950	T	2	0	948	37.6940928270042
A_MP	118	947	G	5	0	943	35.7104984093319
A_MP	119	950	A	2	0	948	34.7025316455696
A_MP	120	952	G	1	0	948	36.3987341772152
A_MP	121	952	G	1	0	952	37.781512605042
A_MP	122	951	C	3	0	949	39.5173867228662
A_MP	123	952	T	2	0	949	39.4573234984194
A_MP	124	952	C	2	0	947	40.3020063357973
A_MP	125	951	T	3	0	949	40.6132771338251
A_MP	126	951	C	3	0	946	40.4566596194503
A_MP	127	949	A	5	0	946	40.0993657505285
A_MP	128	952	T	2	0	951	40.2124079915878
A_MP	129	952	G	2	0	948	38.9862869198312
A_MP	130	952	G	1	0	947	39.9007391763464
A_MP	131	952	A	1	0	951	39.9926393270242
A_MP	132	953	A	0	0	951	41.0662460567823
A_MP	133	953	T	0	0	952	41.203781512605
A_MP	134	953	G	0	0	949	40.9125395152792
A_MP	135	953	G	0	0	953	40.3095487932844
A_MP	136	949	C	4	0	942	39.5753715498938
A_MP	137	949	T	4	0	939	39.4036208732694
A_MP	138	948	A	5	0	942	38.0966029723992
A_MP	139	951	A	2	0	947	38.0887011615628
A_MP	140	951	A	2	0	950	37.5157894736842
A_MP	141	951	G	2	0	950	39.1452631578947
A_MP	142	951	A	2	0	946	40.5782241014799
A_MP	143	952	C	1	0	951	40.6393270241851
A_MP	144	949	A	4	0	947	39.8933474128828
A_MP	145	953	A	0	0	948	39.5242616033755
A_MP	146	953	G	0	0	947	39.0844772967265
A_MP	147	951	A	2	0	948	39.5864978902954
A_MP	148	951	C	2	0	949	39.5015806111697
A_MP	149	953	C	0	0	951	39.5646687697161
A_MP	150	952	A	1	0	949	39.9062170706006
A_MP	151	953	A	0	0	950	40.3147368421053
A_MP	152	953	T	0	0	951	40.8475289169295
A_MP	153	952	T	1	0	950	41.3231578947368
A_MP	154	948	C	5	0	947	40.9598732840549
A_MP	155	952	T	1	0	950	40.7473684210526
A_MP	156	953	G	0	0	949	40.2413066385669
A_MP	157	952	T	1	0	949	40.5426765015806
A_MP	158	951	C	2	0	951	39.9011566771819
A_MP	159	952	A	2	0	952	41.046218487395
A_MP	160	952	C	2	0	952	41.0724789915966
A_MP	161	953	C	1	0	953	40.7439664218258
A_MP	162	953	T	1	0	952	41.8960084033613
A_MP	163	953	T	1	0	952	41.3949579831933
A_MP	164	952	T	2	0	950	42.5778947368421
A_MP	165	952	G	2	0	951	39.9106203995794
A_MP	166	951	A	3	0	950	40.9242105263158
A_MP	167	952	C	2	0	951	41.1324921135647
A_MP	168	953	T	1	0	952	40.7090336134454
A_MP	169	952	A	2	0	952	38.6334033613445
A_MP	170	952	A	2	0	950	36.6336842105263
A_MP	171	948	G	6	0	947	36.3959873284055
A_MP	172	953	G	1	0	953	38.3126967471144
A_MP	173	953	G	1	0	951	39.1503680336488
A_MP	174	953	G	1	0	949	39.0200210748156
A_MP	175	953	A	1	0	950	38.4652631578947
A_MP	176	947	T	7	0	942	37.4723991507431
A_MP	177	950	T	4	0	947	36.6525871172122
A_MP	178	952	T	2	0	949	38.68177028451
A_MP	179	951	T	2	0	949	39.3624868282403
A_MP	180	952	A	1	0	949	34.5995785036881
A_MP	181	952	G	1	0	949	34.8303477344573
A_MP	182	952	G	1	0	949	34.7323498419389
A_MP	183	952	G	1	0	949	34.4373024236038
A_MP	184	952	T	1	0	950	36.6463157894737
A_MP	185	953	T	1	0	953	37.6264428121721
A_MP	186	953	T	1	0	949	37.5026343519494
A_MP	187	954	G	0	0	947	35.791974656811
A_MP	188	942	T	12	0	936	36.4946581196581
A_MP	189	948	T	6	0	944	35.1292372881356
A_MP	190	953	T	1	0	949	33.5827186512118
A_MP	191	943	T	11	0	927	32.3333333333333
A_MP	192	910	C	44	0	886	31.13769751693
A_MP	193	948	A	6	0	946	29.8012684989429
A_MP	194	950	C	4	0	913	29.302300109529
A_MP	195	949	G	5	0	946	29.2452431289641
A_MP	196	951	C	3	0	947	30.2914466737064
A_MP	197	950	T	4	0	942	30.7016985138004
A_MP	198	953	C	1	0	946	34.0359408033827
A_MP	199	954	A	0	0	953	36.0272822665268
A_MP	200	954	C	0	0	954	37.395178197065
A_MP	201	954	C	0	0	949	36.8177028451001
A_MP	202	953	G	1	0	952	37.6460084033613
A_MP	203	953	T	0	0	951	37.7655099894848
A_MP	204	953	G	0	0	951	37.8286014721346
A_MP	205	952	C	1	0	952	38.8214285714286
A_MP	206	953	C	0	0	953	40.0461699895068
A_MP	207	952	C	1	0	952	40.3970588235294
A_MP	208	950	A	3	0	948	38.9978902953587
A_MP	209	953	G	0	0	950	39.2757894736842
A_MP	210	953	T	0	0	951	39.1135646687697
A_MP	211	951	G	2	0	947	37.9714889123548
A_MP	212	951	A	2	0	949	37.6606954689146
A_MP	213	950	G	3	0	949	37.3835616438356
A_MP	214	950	C	3	0	947	36.3083421330517
A_MP	215	943	G	10	0	937	35.0960512273212
A_MP	216	950	G	2	0	948	35.3291139240506
A_MP	217	948	G	4	0	947	34.6568109820486
A_MP	218	949	G	3	0	942	34.7186836518047
A_MP	219	949	A	3	0	945	36.6560846560847
A_MP	220	951	C	1	0	946	36.3023255813954
A_MP	221	952	T	0	0	948	35.9989451476793
A_MP	222	952	G	0	0	948	35.8449367088608
A_MP	223	948	C	4	0	945	35.9301587301587
A_MP	224	949	A	3	0	943	35.1081654294804
A_MP	225	951	G	1	0	942	35.3811040339703
A_MP	226	951	C	1	0	943	34.3753976670201
A_MP	227	950	G	2	0	947	34.5047518479409
A_MP	228	945	T	7	0	938	35.3912579957356
A_MP	229	950	A	2	0	949	34.740779768177
A_MP	230	948	G	4	0	944	35.6811440677966
A_MP	231	950	A	2	0	947	35.1013727560718
A_MP	232	950	C	2	0	912	35.4046052631579
A_MP	233	952	G	0	0	948	34.6909282700422
A_MP	234	952	C	0	0	950	34.9221052631579
A_MP	235	949	T	3	0	949	35.8029504741833
A_MP	236	951	T	1	0	949	36.9251844046365
A_MP	237	952	T	0	0	950	37.6526315789474
A_MP	238	951	G	0	0	951	38.9926393270242
A_MP	239	951	T	0	0	947	39.324181626188
A_MP	240	951	C	0	0	950	38.6936842105263
A_MP	241	951	C	0	0	950	40.2494736842105
A_MP	242	949	A	2	0	946	39.5739957716702
A_MP	243	950	A	1	0	950	39.8989473684211
A_MP	244	949	A	1	0	948	40.3016877637131
A_MP	245	949	A	1	0	949	40.9810326659642
A_MP	246	949	T	1	0	949	41.5342465753425
A_MP	247	949	G	1	0	948	40.5263713080169
A_MP	248	948	C	2	0	946	40.046511627907
A_MP	249	949	C	1	0	949	39.4404636459431
A_MP	250	949	C	1	0	946	39.5835095137421
A_MP	251	948	T	1	0	947	39.4054910242872
A_MP	252	948	C	1	0	945	39.0412698412698
A_MP	253	948	A	1	0	947	38.5828933474129
A_MP	254	949	A	0	0	949	38.5121180189673
A_MP	255	950	T	0	0	945	39.221164021164
A_MP	256	950	G	0	0	949	39.4847207586934
A_MP	257	949	G	0	0	948	39.1255274261603
A_MP	258	950	G	0	0	943	38.7582184517497
A_MP	259	950	A	0	0	948	39.6540084388186
A_MP	260	950	A	0	0	948	39.5221518987342
A_MP	261	949	T	1	0	949	39.3329820864067
A_MP	262	947	G	2	0	944	40.2256355932203
A_MP	263	952	G	0	0	949	39.6101159114858
A_MP	264	952	A	0	0	947	39.0844772967265
A_MP	265	952	G	0	0	945	39.3777777777778
A_MP	266	950	A	2	0	944	39.6599576271186
A_MP	267	949	C	3	0	944	39.4872881355932
A_MP	268	952	C	1	0	948	38.2732067510549
A_MP	269	953	C	0	0	950	37.8357894736842
A_MP	270	930	A	24	0	927	37.9223300970874
A_MP	271	953	A	1	0	952	37.1764705882353
A_MP	272	953	A	1	0	953	37.501573976915
A_MP	273	953	C	1	0	951	39.912723449001
A_MP	274	954	A	0	0	952	42.3014705882353
A_MP	275	954	A	0	0	954	42.5649895178197
A_MP	276	954	C	0	0	954	42.9989517819706
A_MP	277	954	A	0	0	954	42.7809224318658
A_MP	278	954	T	0	0	953	42.906610703043
A_MP	279	952	G	2	0	952	41.5420168067227
A_MP	280	954	G	0	0	954	41.8899371069182
A_MP	281	953	A	1	0	951	41.4837013669821
A_MP	282	953	C	1	0	952	42.3466386554622
A_MP	283	951	A	3	0	950	40.9705263157895
A_MP	284	953	A	1	0	950	41.8831578947368
A_MP	285	953	A	1	0	950	42.1305263157895
A_MP	286	953	G	1	0	952	42.3025210084034
A_MP	287	953	C	1	0	952	42.9401260504202
A_MP	288	953	A	1	0	952	42.6134453781513
A_MP	289	952	G	2	0	952	41.9464285714286
A_MP	290	952	T	2	0	950	42.2684210526316
A_MP	291	952	T	2	0	951	42.1756046267087
A_MP	292	948	A	6	0	945	41.3936507936508
A_MP	293	953	A	1	0	949	41.4214963119073
A_MP	294	953	A	1	0	950	41.0610526315789
A_MP	295	953	C	1	0	948	40.9092827004219
A_MP	296	953	T	1	0	951	41.267087276551
A_MP	297	953	G	1	0	950	40.4463157894737
A_MP	298	952	T	2	0	949	40.3551106427819
A_MP	299	953	A	1	0	947	39.1467793030623
A_MP	300	953	T	1	0	951	39.2723449001052
A_MP	301	953	A	1	0	948	37.285864978903
A_MP	302	952	G	2	0	948	37.7964135021097
A_MP	303	951	G	3	0	950	37.5021052631579
A_MP	304	951	A	3	0	950	39.3094736842105
A_MP	305	954	A	0	0	952	41.1701680672269
A_MP	306	955	A	0	0	953	41.0052465897167
A_MP	307	954	C	1	0	938	41.6183368869936
A_MP	308	954	T	1	0	949	39.7766069546891
A_MP	309	955	T	0	0	952	39.2457983193277
A_MP	310	935	A	20	0	933	35.2207931404073
A_MP	311	944	A	10	0	943	32.8515376458112
A_MP	312	950	G	4	0	947	33.0823653643083
A_MP	313	954	A	0	0	951	35.0420609884332
A_MP	314	950	G	4	0	947	36.2565997888068
A_MP	315	953	G	1	0	953	37.4281217208814
A_MP	316	953	G	1	0	951	37.0389064143007
A_MP	317	950	A	4	0	944	38.2362288135593
A_MP	318	949	G	5	0	942	38.5403397027601
A_MP	319	950	A	4	0	947	38.3928194297782
A_MP	320	950	T	4	0	948	38.9135021097046
A_MP	321	951	A	3	0	949	38.2845100105374
A_MP	322	949	A	5	0	944	38.4862288135593
A_MP	323	947	C	7	0	937	38.3191035218783
A_MP	324	950	G	4	0	943	37.4050901378579
A_MP	325	950	T	4	0	947	37.5163674762408
A_MP	326	952	T	2	0	950	37.5421052631579
A_MP	327	951	C	3	0	948	36.9957805907173
A_MP	328	951	C	3	0	949	38.6122233930453
A_MP	329	952	A	2	0	948	39.1128691983122
A_MP	330	952	T	2	0	949	39.4351949420443
A_MP	331	945	G	9	0	941	37.7098831030818
A_MP	332	953	G	1	0	951	39.9369085173502
A_MP	333	952	G	2	0	950	39.3673684210526
A_MP	334	951	G	3	0	948	38.6708860759494
A_MP	335	950	C	4	0	950	39.5273684210526
A_MP	336	949	C	5	0	946	38.5729386892178
A_MP	337	939	A	15	0	938	36.6002132196162
A_MP	338	944	A	10	0	944	36.0540254237288
A_MP	339	949	A	5	0	947	36.0063357972545
A_MP	340	949	G	5	0	944	37.4576271186441
A_MP	341	952	A	2	0	948	38.9419831223629
A_MP	342	953	A	1	0	953	39.8625393494229
A_MP	343	953	A	1	0	952	39.4789915966387
A_MP	344	953	T	1	0	952	39.8382352941176
A_MP	345	954	A	0	0	949	40.7386722866175
A_MP	346	954	G	1	0	952	41.0031512605042
A_MP	347	954	C	1	0	953	40.5487932843652
A_MP	348	954	T	1	0	952	41.2489495798319
A_MP	349	954	C	1	0	953	41.6327387198321
A_MP	350	951	T	4	0	950	41.6094736842105
A_MP	351	951	C	4	0	950	40.7305263157895
A_MP	352	954	A	1	0	953	39.9485834207765
A_MP	353	952	G	3	0	952	40.6953781512605
A_MP	354	952	T	3	0	950	40.6736842105263
A_MP	355	951	T	4	0	948	41.3227848101266
A_MP	356	951	A	4	0	947	40.9472016895459
A_MP	357	953	T	2	0	952	41.218487394958
A_MP	358	953	T	2	0	951	41.4048370136698
A_MP	359	951	C	3	0	947	42.1700105596621
A_MP	360	954	T	1	0	953	42.5477439664218
A_MP	361	955	G	0	0	953	42.5624344176285
A_MP	362	953	C	2	0	951	42.4952681388013
A_MP	363	954	T	0	0	951	42.018927444795
A_MP	364	951	G	2	0	949	41.9641728134879
A_MP	365	952	G	1	0	952	41.5241596638655
A_MP	366	952	T	1	0	949	41.5943097997893
A_MP	367	952	G	1	0	952	41.9632352941176
A_MP	368	952	C	0	0	950	42.9505263157895
A_MP	369	952	A	0	0	951	42.0410094637224
A_MP	370	950	C	1	0	950	41.8852631578947
A_MP	371	950	T	1	0	950	41.3231578947368
A_MP	372	951	T	0	0	950	41.7536842105263
A_MP	373	950	G	1	0	949	40.6659641728135
A_MP	374	951	C	0	0	948	41.3618143459916
A_MP	375	951	C	0	0	948	41.3175105485232
A_MP	376	950	A	1	0	948	41.2932489451477
A_MP	377	949	G	1	0	949	41.1211801896733
A_MP	378	949	T	1	0	948	41.7932489451477
A_MP	379	950	T	0	0	949	41.5121180189673
A_MP	380	950	G	0	0	948	41.7215189873418
A_MP	381	950	C	0	0	950	42.6557894736842
A_MP	382	950	A	0	0	950	42.3589473684211
A_MP	383	949	T	1	0	949	42.9884088514225
A_MP	384	950	G	0	0	949	40.8387776606955
A_MP	385	950	G	0	0	950	41.9368421052632
A_MP	386	948	G	2	0	948	41.3755274261603
A_MP	387	947	C	3	0	945	41.7809523809524
A_MP	388	950	C	0	0	948	42.0063291139241
A_MP	389	950	T	0	0	944	42.0233050847458
A_MP	390	950	C	0	0	947	41.2101372756072
A_MP	391	945	A	5	0	944	41.6016949152542
A_MP	392	945	T	5	0	944	41.6832627118644
A_MP	393	948	A	2	0	946	41.115221987315
A_MP	394	947	T	2	0	943	41.458112407211
A_MP	395	947	A	2	0	946	40.7145877378436
A_MP	396	945	C	3	0	944	41.4173728813559
A_MP	397	946	A	2	0	945	41.0730158730159
A_MP	398	947	A	1	0	947	41.4836325237592
A_MP	399	948	T	1	0	944	41.9343220338983
A_MP	400	949	A	0	0	949	41.3624868282403
A_MP	401	948	G	1	0	947	42.2259767687434
A_MP	402	948	G	1	0	948	42.1286919831224
A_MP	403	948	A	1	0	947	42.4572333685322
A_MP	404	946	T	3	0	945	42.3291005291005
A_MP	405	899	G	50	0	898	40.793986636971
A_MP	406	925	G	24	0	924	40.3279220779221
A_MP	407	949	G	0	0	946	38.2103594080338
A_MP	408	948	G	1	0	945	38.0888888888889
A_MP	409	948	G	1	0	946	38.5644820295983
A_MP	410	949	C	1	0	947	37.4318901795143
A_MP	411	949	T	1	0	946	38.4323467230444
A_MP	412	949	G	1	0	948	40.0179324894515
A_MP	413	949	T	0	0	944	41.6398305084746
A_MP	414	949	A	0	0	946	40.4524312896406
A_MP	415	949	A	0	0	948	41.2025316455696
A_MP	416	947	C	2	0	946	41.1913319238901
A_MP	417	949	C	0	0	949	40.9926238145416
A_MP	418	949	A	0	0	948	40.8628691983122
A_MP	419	949	C	0	0	947	41.5163674762408
A_MP	420	949	T	0	0	945	41.5904761904762
A_MP	421	949	G	0	0	944	41.4576271186441
A_MP	422	949	A	0	0	947	41.6040126715945
A_MP	423	949	A	0	0	949	41.7576396206533
A_MP	424	949	G	0	0	948	41.1824894514768
A_MP	425	949	T	0	0	948	42.5696202531646
A_MP	426	948	G	1	0	946	41.9873150105708
A_MP	427	948	G	1	0	947	41.7940865892291
A_MP	428	949	C	0	0	945	41.8857142857143
A_MP	429	949	A	0	0	948	41.8016877637131
A_MP	430	948	T	1	0	947	42.7750791974657
A_MP	431	949	T	0	0	947	42.4223864836325
A_MP	432	948	T	1	0	948	43.6402953586498
A_MP	433	948	G	1	0	948	43.0021097046413
A_MP	434	949	G	1	0	949	42.3751317175975
A_MP	435	950	C	0	0	949	41.9968387776607
A_MP	436	950	C	0	0	949	40.9757639620653
A_MP	437	948	T	2	0	947	40.8637803590285
A_MP	438	942	G	7	0	942	40.7059447983015
A_MP	439	948	G	1	0	948	40.746835443038
A_MP	440	948	T	1	0	948	41.6360759493671
A_MP	441	949	G	0	0	949	42.6132771338251
A_MP	442	949	T	0	0	948	43.5105485232068
A_MP	443	949	G	0	0	949	43.3371970495258
A_MP	444	948	T	1	0	947	43.0316789862724
A_MP	445	946	G	3	0	945	43.7089947089947
A_MP	446	945	C	4	0	945	43.4751322751323
A_MP	447	949	A	0	0	948	42.4177215189873
A_MP	448	949	A	0	0	949	42.1654373024236
A_MP	449	949	C	0	0	949	42.3561643835616
A_MP	450	949	A	0	0	949	41.8124341412013
A_MP	451	948	T	1	0	948	42.3143459915612
A_MP	452	948	G	1	0	948	42.0168776371308
A_MP	453	949	T	0	0	949	42.1822971548999
A_MP	454	949	G	1	0	941	38.3475026567481
A_MP	455	949	A	1	0	948	37.7616033755274
A_MP	456	949	G	1	0	948	37.9018987341772
A_MP	457	949	C	1	0	945	38.7354497354497
A_MP	458	950	A	0	0	946	39.7262156448203
A_MP	459	949	G	1	0	941	41.6546227417641
A_MP	460	949	A	1	0	947	40.9651531151003
A_MP	461	950	T	0	0	950	40.5821052631579
A_MP	462	950	T	0	0	949	40.3919915700738
A_MP	463	950	G	0	0	948	39.9145569620253
A_MP	464	950	C	0	0	948	39.162447257384
A_MP	465	950	T	0	0	949	38.7797681770285
A_MP	466	950	G	0	0	930	36.5784946236559
A_MP	467	950	A	0	0	949	36.5173867228662
A_MP	468	950	T	0	0	948	36.1518987341772
A_MP	469	950	T	0	0	949	37.0063224446786
A_MP	470	943	C	7	0	940	38.9627659574468
A_MP	471	949	C	1	0	946	40.992600422833
A_MP	472	949	C	1	0	947	40.1013727560718
A_MP	473	949	A	1	0	946	36.6405919661734
A_MP	474	949	G	1	0	948	38.4535864978903
A_MP	475	950	C	0	0	950	40.7431578947368
A_MP	476	950	A	0	0	950	40.8589473684211
A_MP	477	949	C	1	0	949	41.5057955742887
A_MP	478	949	A	1	0	949	41.0400421496312
A_MP	479	949	G	1	0	948	41.7658227848101
A_MP	480	950	G	0	0	947	41.1362196409715
A_MP	481	949	T	1	0	948	41.6803797468354
A_MP	482	948	C	2	0	947	41.0559662090813
A_MP	483	949	T	1	0	948	41.3533755274262
A_MP	484	950	C	0	0	949	40.8566912539515
A_MP	485	950	A	0	0	950	40.9642105263158
A_MP	486	950	T	0	0	950	40.7378947368421
A_MP	487	951	A	0	0	950	38.9284210526316
A_MP	488	951	G	0	0	949	40.5489989462592
A_MP	489	950	G	1	0	949	39.9473129610116
A_MP	490	950	C	1	0	945	40.7333333333333
A_MP	491	950	A	1	0	948	40.7784810126582
A_MP	492	951	G	0	0	948	41.753164556962
A_MP	493	950	A	1	0	950	41.5705263157895
A_MP	494	952	T	0	0	949	41.9841938883035
A_MP	495	950	G	2	0	948	41.7605485232068
A_MP	496	952	G	0	0	951	42.279705573081
A_MP	497	952	T	0	0	951	42.3270241850683
A_MP	498	951	G	1	0	950	42.0378947368421
A_MP	499	951	G	1	0	946	42.1659619450317
A_MP	500	951	C	1	0	945	42.1862433862434
A_MP	501	950	A	2	0	947	41.8975712777191
A_MP	502	951	A	1	0	950	42.16
A_MP	503	950	C	2	0	948	42.5864978902954
A_MP	504	951	A	1	0	951	42.049421661409
A_MP	505	951	A	1	0	950	42.4336842105263
A_MP	506	948	C	4	0	946	42.6744186046512
A_MP	507	952	C	0	0	946	42.392177589852
A_MP	508	952	A	0	0	948	42.2974683544304
A_MP	509	952	A	0	0	952	41.9674369747899
A_MP	510	952	T	0	0	950	42.3021052631579
A_MP	511	951	C	1	0	948	41.8027426160338
A_MP	512	952	C	0	0	950	42.5831578947368
A_MP	513	952	A	0	0	952	41.7867647058824
A_MP	514	952	T	0	0	950	42.4852631578947
A_MP	515	952	T	0	0	950	42.5252631578947
A_MP	516	951	A	1	0	950	43.1873684210526
A_MP	517	952	A	0	0	951	43.1009463722397
A_MP	518	952	T	0	0	951	43.7896950578339
A_MP	519	951	A	1	0	949	42.722866174921
A_MP	520	952	A	0	0	950	42.7610526315789
A_MP	521	952	A	0	0	951	42.9842271293375
A_MP	522	952	A	0	0	952	43.4359243697479
A_MP	523	952	C	0	0	950	43.0368421052632
A_MP	524	952	A	0	0	947	42.1045406546991
A_MP	525	952	T	0	0	952	42.2636554621849
A_MP	526	951	G	0	0	948	40.3227848101266
A_MP	527	949	A	2	0	947	40.0876451953538
A_MP	528	948	G	3	0	944	40.4099576271186
A_MP	529	947	A	4	0	943	41.4273594909862
A_MP	530	950	A	1	0	950	41.7010526315789
A_MP	531	950	C	1	0	949	41.5542676501581
A_MP	532	951	A	0	0	948	41.7014767932489
A_MP	533	951	G	0	0	948	40.7383966244726
A_MP	534	951	A	0	0	945	41.6275132275132
A_MP	535	951	A	0	0	950	41.3515789473684
A_MP	536	950	T	1	0	950	41.5126315789474
A_MP	537	952	G	0	0	951	40.9779179810726
A_MP	538	952	G	0	0	951	41.5909568874869
A_MP	539	950	T	2	0	950	42.1168421052632
A_MP	540	951	T	1	0	950	42.321052631579
A_MP	541	951	T	1	0	950	42.7863157894737
A_MP	542	951	T	0	0	951	42.9011566771819
A_MP	543	950	G	1	0	949	42.6111696522655
A_MP	544	950	G	1	0	950	42.3547368421053
A_MP	545	950	C	1	0	950	41.7684210526316
A_MP	546	950	C	1	0	946	41.784355179704
A_MP	547	950	A	1	0	949	42.2075869336143
A_MP	548	949	G	2	0	948	42.6191983122363
A_MP	549	951	C	1	0	951	42.4553101997897
A_MP	550	950	A	2	0	950	42.2021052631579
A_MP	551	953	C	0	0	953	41.613850996852
A_MP	552	953	T	0	0	949	41.4141201264489
A_MP	553	951	A	2	0	949	40.9789251844046
A_MP	554	953	C	1	0	952	40.8676470588235
A_MP	555	954	A	0	0	952	40.6323529411765
A_MP	556	953	G	1	0	953	42.3378803777545
A_MP	557	954	C	0	0	954	42.4444444444444
A_MP	558	954	T	0	0	952	42.5735294117647
A_MP	559	953	A	1	0	953	41.2843651626443
A_MP	560	955	A	0	0	954	41.91928721174
A_MP	561	955	G	0	0	953	41.9496327387198
A_MP	562	955	G	0	0	955	41.9193717277487
A_MP	563	954	C	1	0	954	42.9916142557652
A_MP	564	954	T	1	0	954	42.6771488469602
A_MP	565	955	A	0	0	954	41.9968553459119
A_MP	566	955	T	0	0	954	42.6991614255765
A_MP	567	954	G	1	0	954	40.2714884696017
A_MP	568	954	G	1	0	952	39.9653361344538
A_MP	569	953	A	1	0	949	40.1917808219178
A_MP	570	953	G	1	0	952	41.5388655462185
A_MP	571	954	C	0	0	954	42.0702306079665
A_MP	572	953	A	1	0	950	42.22
A_MP	573	953	A	1	0	951	42.9537329127234
A_MP	574	953	A	1	0	953	42.98740818468
A_MP	575	954	T	0	0	953	43.0503672612802
A_MP	576	954	G	0	0	954	42.8312368972746
A_MP	577	954	G	0	0	953	42.3620146904512
A_MP	578	953	C	0	0	952	42.2794117647059
A_MP	579	951	T	2	0	951	42.3322818086225
A_MP	580	951	G	2	0	944	40.4565677966102
A_MP	581	952	G	1	0	946	41.2959830866808
A_MP	582	953	A	1	0	953	40.3242392444911
A_MP	583	953	T	1	0	949	41.1222339304531
A_MP	584	948	C	6	0	941	39.8257173219979
A_MP	585	947	A	7	0	945	40.3650793650794
A_MP	586	952	A	2	0	951	39.7613038906414
A_MP	587	952	G	2	0	949	38.8967334035827
A_MP	588	953	T	1	0	950	39.7463157894737
A_MP	589	953	G	1	0	951	39.1461619348055
A_MP	590	999	A	0	0	999	39.5815815815816
A_MP	591	999	G	0	0	998	39.187374749499
A_MP	592	1000	C	0	0	1000	40.261
A_MP	593	1000	A	1	0	997	40.5636910732197
A_MP	594	1001	G	1	0	1000	41.861
A_MP	595	1001	G	1	0	1000	41.393
A_MP	596	997	C	5	0	996	41.5210843373494
A_MP	597	1002	A	0	0	1000	40.644
A_MP	598	1002	G	1	0	1001	40.7802197802198
A_MP	599	1002	C	1	0	1000	39.506
A_MP	600	1004	G	1	0	1003	37.6331006979063
A_MP	601	1004	G	1	0	1002	37.4451097804391
A_MP	602	1004	A	1	0	1003	37.3599202392822
A_MP	603	1005	G	0	0	1004	38.453187250996
A_MP	604	1007	G	0	0	1006	40.117296222664
A_MP	605	1007	C	0	0	1005	42.2348258706468
A_MP	606	1007	C	0	0	1006	41.344930417495
A_MP	607	1006	A	1	0	1005	41.6686567164179
A_MP	608	1006	T	1	0	1004	42.152390438247
A_MP	609	1006	G	1	0	1003	40.1595214356929
A_MP	610	1007	G	0	0	1002	41.125748502994
A_MP	611	1007	A	0	0	1004	40.8426294820717
A_MP	612	1007	G	0	0	1001	41.8791208791209
A_MP	613	1005	A	2	0	1004	41.4611553784861
A_MP	614	1006	T	1	0	1003	42.2063808574277
A_MP	615	1007	T	0	0	1005	41.2169154228856
A_MP	616	1007	G	0	0	1005	41.3592039800995
A_MP	617	1003	C	3	0	1002	40.7445109780439
A_MP	618	1005	T	1	0	1004	40.6314741035857
A_MP	619	1003	A	2	0	998	39.2324649298597
A_MP	620	1003	G	2	0	998	38.7064128256513
A_MP	621	1003	T	2	0	999	38.7937937937938
A_MP	622	1000	C	5	0	990	39.0121212121212
A_MP	623	1003	A	2	0	1001	39.3426573426573
A_MP	624	1002	G	3	0	1001	40.3866133866134
A_MP	625	1002	G	2	0	1002	40.2365269461078
A_MP	626	1003	C	1	0	1002	40.8233532934132
A_MP	627	1003	C	1	0	1003	41.8055832502492
A_MP	628	1003	A	1	0	1001	41.983016983017
A_MP	629	1002	G	2	0	1001	41.9460539460539
A_MP	630	1004	G	0	0	1003	41.6560319042871
A_MP	631	1004	C	0	0	1003	42.4675972083749
A_MP	632	1004	A	0	0	1002	42.3163672654691
A_MP	633	1004	G	0	0	1000	42.991
A_MP	634	1004	A	0	0	1004	42.7868525896414
A_MP	635	1004	T	0	0	1004	42.8635458167331
A_MP	636	1004	G	0	0	1002	42.2884231536926
A_MP	637	1004	G	0	0	1004	42.9472111553785
A_MP	638	1004	T	0	0	1003	42.2123629112662
A_MP	639	1003	G	1	0	1002	42.0538922155689
A_MP	640	1003	C	1	0	1002	42.7654690618762
A_MP	641	1004	A	1	0	1003	42.110667996012
A_MP	642	1004	A	1	0	1003	41.7647058823529
A_MP	643	1005	G	0	0	1004	42.0707171314741
A_MP	644	1005	C	0	0	1005	41.9084577114428
A_MP	645	1004	A	1	0	1002	40.4880239520958
A_MP	646	1005	A	0	0	1004	40.6982071713147
A_MP	647	1005	T	0	0	1005	40.8308457711443
A_MP	648	1000	G	4	0	988	38.9068825910931
A_MP	649	1002	A	2	0	992	38.1139112903226
A_MP	650	1003	G	1	0	997	38.0080240722166
A_MP	651	1003	A	1	0	996	37.9086345381526
A_MP	652	1003	G	1	0	997	38.518555667001
A_MP	653	1003	C	1	0	1002	39.7265469061876
A_MP	654	1003	C	1	0	1002	40.8053892215569
A_MP	655	1003	A	1	0	1003	40.3619142572283
A_MP	656	1002	T	2	0	1001	40.1308691308691
A_MP	657	1004	T	0	0	1003	40.2422731804586
A_MP	658	998	G	6	0	995	39.427135678392
A_MP	659	1004	G	0	0	1000	39.126
A_MP	660	1004	G	0	0	999	38.0700700700701
A_MP	661	1004	A	0	0	1000	38.225
A_MP	662	1003	C	1	0	997	38.2878635907723
A_MP	663	1003	T	1	0	999	37.0940940940941
A_MP	664	993	C	9	0	980	37.2030612244898
A_MP	665	1001	A	1	0	997	35.8004012036108
A_MP	666	1001	T	1	0	1000	36.686
A_MP	667	1000	C	2	0	999	36.965965965966
A_MP	668	1000	C	2	0	997	38.3620862587763
A_MP	669	1000	T	2	0	991	38.9061553985873
A_MP	670	1002	A	0	0	996	35.9708835341365
A_MP	671	1001	G	1	0	998	36.2655310621242
A_MP	672	999	T	2	0	994	36.751509054326
A_MP	673	1001	T	0	0	1000	37.495
A_MP	674	1000	C	1	0	996	38.9668674698795
A_MP	675	1000	C	1	0	999	40.7487487487487
A_MP	676	1000	A	1	0	998	40.496993987976
A_MP	677	1000	G	1	0	1000	40.895
A_MP	678	1001	C	0	0	1001	41.9260739260739
A_MP	679	1001	A	0	0	1001	42.5214785214785
A_MP	680	1001	C	0	0	1001	42.5344655344655
A_MP	681	1001	T	0	0	999	42.7197197197197
A_MP	682	1001	G	0	0	998	40.1162324649299
A_MP	683	1001	G	0	0	1001	39.4265734265734
A_MP	684	999	T	2	0	993	39.6334340382679
A_MP	685	998	C	3	0	992	38.3739919354839
A_MP	686	996	T	5	0	994	38.2454728370221
A_MP	687	983	A	18	0	983	36.0640895218718
A_MP	688	999	A	2	0	992	35.1602822580645
A_MP	689	999	G	2	0	992	34.7963709677419
A_MP	690	1000	A	1	0	995	36.5597989949749
A_MP	691	1000	G	1	0	993	37.9003021148036
A_MP	692	1001	A	0	0	999	38.988988988989
A_MP	693	1001	T	0	0	1000	40.143
A_MP	694	1000	G	1	0	994	39.6961770623742
A_MP	695	1000	A	1	0	999	40.4324324324324
A_MP	696	995	T	6	0	993	40.7945619335347
A_MP	697	996	C	5	0	992	39.5957661290323
A_MP	698	990	T	11	0	988	40.7914979757085
A_MP	699	998	T	3	0	996	39.8192771084337
A_MP	700	998	C	3	0	994	38.1317907444668
A_MP	701	996	T	5	0	994	37.592555331992
A_MP	702	1000	T	1	0	999	36.3863863863864
A_MP	703	989	G	12	0	984	33.7164634146341
A_MP	704	997	A	4	0	994	34.1247484909457
A_MP	705	1001	A	0	0	1001	37.8811188811189
A_MP	706	1001	A	0	0	997	40.8676028084253
A_MP	707	1001	A	0	0	1000	42.171
A_MP	708	1001	T	0	0	997	43.0722166499499
A_MP	709	1002	T	0	0	999	42.3503503503504
A_MP	710	1001	T	1	0	998	41.5330661322645
A_MP	711	1001	A	1	0	997	39.765295887663
A_MP	712	1001	C	1	0	997	40.1624874623872
A_MP	713	1001	A	1	0	999	39.8278278278278
A_MP	714	1001	G	1	0	999	40.3563563563564
A_MP	715	1002	A	0	0	998	40.2124248496994
A_MP	716	1002	C	0	0	998	40.2925851703407
A_MP	717	1001	C	1	0	995	40.1065326633166
A_MP	718	1000	T	2	0	995	40.9497487437186
A_MP	719	1000	A	2	0	997	40.3510531594784
A_MP	720	1002	T	0	0	1000	40.934
A_MP	721	1000	C	2	0	999	39.5875875875876
A_MP	722	1000	A	2	0	997	40.7131394182548
A_MP	723	999	G	3	0	998	40.437875751503
A_MP	724	999	A	3	0	998	40.3997995991984
A_MP	725	999	A	3	0	998	41.0420841683367
A_MP	726	999	A	3	0	996	40.5301204819277
A_MP	727	999	C	3	0	998	39.4909819639279
A_MP	728	996	G	6	0	988	35.7054655870445
A_MP	729	1000	A	2	0	994	35.841046277666
A_MP	730	1000	A	2	0	1000	35.334
A_MP	731	1000	T	2	0	1000	35.921
A_MP	732	994	G	10	0	992	36.5282258064516
A_MP	733	1002	G	2	0	999	38.7047047047047
A_MP	734	1003	G	1	0	1003	38.5443668993021
A_MP	735	1003	G	1	0	1002	40.0688622754491
A_MP	736	1003	G	1	0	1001	41.4155844155844
A_MP	737	1003	T	1	0	1001	40.4945054945055
A_MP	738	1004	G	1	0	1003	39.3748753738784
A_MP	739	1004	C	1	0	998	40.2344689378758
A_MP	740	1004	A	1	0	1003	39.1794616151545
A_MP	741	1003	G	2	0	998	39.8627254509018
A_MP	742	1002	A	3	0	998	39.4028056112224
A_MP	743	1004	T	2	0	1003	39.1884346959123
A_MP	744	1001	G	5	0	1000	38.822
A_MP	745	998	C	8	0	994	39.8098591549296
A_MP	746	1004	A	2	0	1002	38.8383233532934
A_MP	747	1006	A	0	0	1004	39.9382470119522
A_MP	748	1006	C	0	0	1004	38.6165338645418
A_MP	749	1005	G	0	0	1000	37.537
A_MP	750	1005	A	0	0	1004	37.5199203187251
A_MP	751	1005	T	0	0	1005	38.1582089552239
A_MP	752	1005	T	0	0	1005	37.8169154228856
A_MP	753	1004	C	1	0	997	38.9679037111334
A_MP	754	1003	A	2	0	1001	38.6093906093906
A_MP	755	1003	A	2	0	1002	38.12375249501
A_MP	756	1003	G	2	0	1001	37.6873126873127
A_MP	757	1003	T	2	0	1000	39.292
A_MP	758	1004	G	1	0	1003	39.4107676969093
A_MP	759	1004	A	1	0	1003	40.1894317048853
A_MP	760	1003	C	2	0	1002	40.5349301397206
A_MP	761	1003	C	2	0	1003	40.024925224327
A_MP	762	1002	T	3	0	1001	40.5294705294705
A_MP	763	1003	G	2	0	1003	40.1704885343968
A_MP	764	1004	C	1	0	1001	39.9440559440559
A_MP	765	1002	T	3	0	999	39.964964964965
A_MP	766	1004	T	1	0	1003	42.0598205383848
A_MP	767	1004	G	1	0	1004	40.8894422310757
A_MP	768	1005	T	0	0	1005	41.1203980099503
A_MP	769	1006	T	0	0	1006	42.2524850894632
A_MP	770	1006	G	0	0	1006	42.1769383697813
A_MP	771	1006	T	0	0	1004	42.2868525896414
A_MP	772	1006	T	0	0	1004	42.1464143426295
A_MP	773	1001	G	5	0	999	41.6736736736737
A_MP	774	1001	C	5	0	999	40.2362362362362
A_MP	775	1002	C	4	0	1000	38.551
A_MP	776	1001	G	4	0	994	36.4376257545272
A_MP	777	1002	C	3	0	999	36.023023023023
A_MP	778	1001	G	4	0	997	35.765295887663
A_MP	779	1000	A	5	0	997	36.7883650952859
A_MP	780	1001	A	4	0	999	37.6256256256256
A_MP	781	1002	T	3	0	994	40.0744466800805
A_MP	782	1003	A	2	0	1001	40.2237762237762
A_MP	783	1001	T	4	0	999	41.4084084084084
A_MP	784	1001	C	4	0	992	39.6602822580645
A_MP	785	1004	A	1	0	1002	39.3932135728543
A_MP	786	1003	T	2	0	1002	39.4031936127745
A_MP	787	1004	T	1	0	995	38.9577889447236
A_MP	788	1000	G	5	0	994	37.5492957746479
A_MP	789	1005	G	0	0	1000	37.396
A_MP	790	1005	G	0	0	1001	38.7112887112887
A_MP	791	1005	A	0	0	1005	39.3681592039801
A_MP	792	1004	T	1	0	1001	40.4575424575425
A_MP	793	1003	C	2	0	996	39.3142570281125
A_MP	794	1003	T	2	0	999	41.2662662662663
A_MP	795	1005	T	0	0	1003	41.4925224327019
A_MP	796	1004	G	1	0	1004	40.7649402390438
A_MP	797	1004	C	1	0	1000	40.823
A_MP	798	1005	A	0	0	1003	39.481555333998
A_MP	799	1004	C	1	0	1003	40.5613160518445
A_MP	800	1002	T	3	0	1002	39.3892215568862
A_MP	801	1005	T	0	0	1002	39.6966067864271
A_MP	802	1006	G	0	0	1001	39.018981018981
A_MP	803	1006	A	0	0	1005	40.0597014925373
A_MP	804	1003	T	3	0	1000	40.949
A_MP	805	1003	A	3	0	1002	39.936127744511
A_MP	806	1003	T	3	0	1002	40.2135728542914
A_MP	807	1003	T	3	0	1002	40.0828343313373
A_MP	808	1003	G	3	0	1000	40.029
A_MP	809	1003	T	3	0	1001	40.0749250749251
A_MP	810	1002	G	4	0	992	39.5201612903226
A_MP	811	1005	G	1	0	1002	40.0139720558882
A_MP	812	1006	A	0	0	1004	38.9611553784861
A_MP	813	1004	T	1	0	999	39.7207207207207
A_MP	814	1003	T	2	0	997	39.2206619859579
A_MP	815	1002	C	3	0	994	39.0382293762575
A_MP	816	1001	T	4	0	998	38.0140280561122
A_MP	817	989	T	16	0	987	37.403242147923
A_MP	818	983	G	22	0	970	35.6876288659794
A_MP	819	1003	A	2	0	1002	35.2225548902196
A_MP	820	1004	T	1	0	1002	35.5678642714571
A_MP	821	1003	C	2	0	992	35.2862903225806
A_MP	822	1003	G	2	0	996	35.816265060241
A_MP	823	1005	T	1	0	1003	36.1226321036889
A_MP	824	1001	C	5	0	995	35.608040201005
A_MP	825	980	T	27	0	976	36.422131147541
A_MP	826	994	T	13	0	991	36.2068617558022
A_MP	827	1000	T	7	0	998	38.0180360721443
A_MP	828	1005	T	2	0	1004	40.0139442231076
A_MP	829	1006	T	1	0	1003	40.011964107677
A_MP	830	1006	T	1	0	1006	41.3658051689861
A_MP	831	1006	T	1	0	1006	40.4085487077535
A_MP	832	1001	C	5	0	1000	36.832
A_MP	833	993	A	13	0	988	35.0485829959514
A_MP	834	1006	A	1	0	1001	35.0619380619381
A_MP	835	1005	A	2	0	1002	35.3552894211577
A_MP	836	1005	T	2	0	1003	36.5194416749751
A_MP	837	1001	G	6	0	998	37.186372745491
A_MP	838	1001	C	6	0	991	38.2139253279516
A_MP	839	1007	G	1	0	1001	36.7142857142857
A_MP	840	1006	T	2	0	1001	37.1258741258741
A_MP	841	1004	C	4	0	992	36.7318548387097
A_MP	842	1007	T	1	0	1002	37.7015968063872
A_MP	843	1007	A	1	0	1004	37.9890438247012
A_MP	844	1005	C	3	0	1003	38.6281156530409
A_MP	845	1007	C	1	0	1003	37.2851445663011
A_MP	846	1007	G	2	0	990	36.820202020202
A_MP	847	1004	A	6	0	1003	35.7816550348953
A_MP	848	1003	T	7	0	1002	36.8882235528942
A_MP	849	1005	T	5	0	1003	37.1306081754736
A_MP	850	1009	C	1	0	990	38.4212121212121
A_MP	851	1008	T	2	0	1006	39.0457256461233
A_MP	852	1008	T	2	0	1002	39.0169660678643
A_MP	853	1005	C	5	0	1001	37.7492507492507
A_MP	854	1003	A	7	0	1001	38.1278721278721
A_MP	855	1007	A	3	0	1007	39.3833167825223
A_MP	856	1008	A	2	0	1006	39.8479125248509
A_MP	857	1010	C	0	0	1002	40.0109780439122
A_MP	858	1010	A	0	0	1009	38.4261645193261
A_MP	859	1010	C	0	0	1002	39.1047904191617
A_MP	860	1010	G	0	0	1009	38.1774033696729
A_MP	861	1010	G	0	0	1010	38.0910891089109
A_MP	862	1010	C	0	0	1010	38.1811881188119
A_MP	863	1009	C	1	0	1009	39.1546085232904
A_MP	864	1007	T	3	0	1006	39.2246520874751
A_MP	865	1011	T	0	0	1003	38.8045862412762
A_MP	866	988	A	23	0	978	36.3588957055215
A_MP	867	1010	A	1	0	1008	35.2301587301587
A_MP	868	1011	A	0	0	1010	35.4227722772277
A_MP	869	1009	A	2	0	1003	36.1984047856431
A_MP	870	1008	G	3	0	1002	37.2155688622754
A_MP	871	1010	A	1	0	1007	37.7974180734856
A_MP	872	1006	G	5	0	1001	38.3156843156843
A_MP	873	1006	G	5	0	1005	36.9363184079602
A_MP	874	1007	T	5	0	1004	38.160358565737
A_MP	875	1007	C	5	0	1003	37.370887337986
A_MP	876	1007	C	5	0	1003	38.3988035892323
A_MP	877	1009	T	3	0	1003	38.3659022931206
A_MP	878	1009	T	3	0	1006	38.1560636182903
A_MP	879	1010	C	2	0	1005	36.9860696517413
A_MP	880	1012	T	0	0	1006	37.3031809145129
A_MP	881	1011	A	1	0	1009	35.3914767096135
A_MP	882	1009	C	3	0	1007	35.6295928500497
A_MP	883	1008	G	4	0	1006	34.1053677932406
A_MP	884	1011	G	1	0	1009	34.7760158572844
A_MP	885	1011	A	1	0	1010	34.8673267326733
A_MP	886	1010	A	2	0	1008	37.2053571428571
A_MP	887	1011	G	1	0	1006	38.8210735586481
A_MP	888	1010	G	2	0	1007	39.2840119165839
A_MP	889	1011	A	1	0	1010	39.5148514851485
A_MP	890	991	G	21	0	985	38.7492385786802
A_MP	891	1010	T	2	0	1007	36.0446871896723
A_MP	892	1012	A	0	0	1008	36.0773809523809
A_MP	893	1009	C	3	0	1008	35.8075396825397
A_MP	894	1011	C	1	0	1008	35.0664682539683
A_MP	895	1011	T	1	0	1006	36.8747514910537
A_MP	896	1008	G	4	0	987	32.9402228976697
A_MP	897	1006	A	6	0	1003	32.2452642073779
A_MP	898	1008	G	4	0	999	32.0750750750751
A_MP	899	1006	T	6	0	997	34.5586760280842
A_MP	900	1007	C	5	0	991	34.8294651866801
A_MP	901	1007	T	5	0	1000	35.133
A_MP	902	1010	A	2	0	1010	34.8267326732673
A_MP	903	1012	T	0	0	1009	35.4648166501487
A_MP	904	1008	G	4	0	1003	34.0747756729811
A_MP	905	1007	A	5	0	1006	34.2644135188867
A_MP	906	977	G	35	0	971	33.956745623069
A_MP	907	1003	G	9	0	1001	34.7592407592408
A_MP	908	1002	G	10	0	993	35.6273917421954
A_MP	909	1000	A	12	0	996	34.7620481927711
A_MP	910	1002	A	10	0	1000	36.48
A_MP	911	1006	G	6	0	997	37.2698094282849
A_MP	912	996	A	16	0	988	38.4301619433198
A_MP	913	990	A	22	0	987	38.6464032421479
A_MP	914	989	T	23	0	973	37.5262076053443
A_MP	915	1003	A	9	0	985	36.4964467005076
A_MP	916	1005	T	7	0	1003	34.8683948155533
A_MP	917	1000	C	12	0	993	31.7502517623364
A_MP	918	999	G	13	0	989	30.5328614762386
A_MP	919	1006	A	6	0	998	30.7635270541082
A_MP	920	1010	A	2	0	1009	31.183349851338
A_MP	921	1011	A	1	0	1011	31.7675568743818
A_MP	922	1010	G	2	0	1008	35.5337301587302
A_MP	923	1010	G	2	0	1009	37.7234886025768
A_MP	924	1006	A	6	0	1006	38.9522862823062
A_MP	925	1008	A	4	0	1007	38.8460774577954
A_MP	926	1008	C	4	0	1006	39.8330019880716
A_MP	927	1009	A	3	0	1006	40.5666003976143
A_MP	928	1009	G	2	0	1009	40.4241823587711
A_MP	929	1010	C	1	0	1004	41.089641434263
A_MP	930	1009	A	2	0	1008	40.8948412698413
A_MP	931	1010	G	1	0	1006	40.389662027833
A_MP	932	1010	A	1	0	1009	40.3597621407334
A_MP	933	1010	G	1	0	1010	39.7207920792079
A_MP	934	1010	T	1	0	1007	39.6117179741807
A_MP	935	1010	G	1	0	1008	39.5823412698413
A_MP	936	1010	C	1	0	1006	40.3717693836978
A_MP	937	1009	T	2	0	1003	40.6550348953141
A_MP	938	1008	G	3	0	1008	40.5684523809524
A_MP	939	1009	T	2	0	1004	40.7470119521912
A_MP	940	1009	G	2	0	1007	38.8927507447865
A_MP	941	1009	G	2	0	1005	38.7781094527363
A_MP	942	1008	A	3	0	1008	38.5039682539683
A_MP	943	1008	T	3	0	1005	39.1124378109453
A_MP	944	1006	G	5	0	1006	38.5328031809145
A_MP	945	1006	C	5	0	1003	40.0977068793619
A_MP	946	1008	T	3	0	1005	39.7034825870647
A_MP	947	1006	G	5	0	998	39.4869739478958
A_MP	948	1008	A	3	0	1008	38.4722222222222
A_MP	949	1010	C	1	0	1006	37.1202783300199
A_MP	950	1011	G	0	0	1004	36.2619521912351
A_MP	951	1011	A	0	0	1011	36.3313550939664
A_MP	952	1010	C	0	0	1007	36.3843098311817
A_MP	953	1009	A	1	0	1006	36.5864811133201
A_MP	954	1008	G	1	0	1006	38.5596421471173
A_MP	955	1009	T	0	0	1005	39.0766169154229
A_MP	956	1009	C	0	0	1004	39.3685258964143
A_MP	957	1009	A	0	0	1008	39.530753968254
A_MP	958	1004	T	5	0	1002	40.8602794411178
A_MP	959	1007	T	2	0	1006	40.3528827037773
A_MP	960	1008	T	1	0	1006	41.6679920477137
A_MP	961	1007	T	0	0	1005	41.5572139303483
A_MP	962	1007	G	0	0	1006	40.7673956262425
A_MP	963	1006	T	1	0	1004	41.003984063745
A_MP	964	998	C	8	0	994	36.5724346076459
A_MP	965	1003	A	2	0	1001	36.6383616383616
A_MP	966	1003	G	2	0	1001	35.7632367632368
A_MP	967	1005	C	0	0	1004	36.0308764940239
A_MP	968	1004	A	1	0	1001	35.4225774225774
A_MP	969	1004	T	1	0	1002	37.9900199600798
A_MP	970	1001	A	4	0	999	37.0510510510511
A_MP	971	1005	G	0	0	1001	36.8461538461538
A_MP	972	1004	A	1	0	1003	36.9421734795613
A_MP	973	1005	A	0	0	1003	37.4715852442672
A_MP	974	1003	T	1	0	1003	38.7766699900299
A_MP	975	1004	T	0	0	1004	39.2798804780876
A_MP	976	1001	G	0	0	1001	38.7632367632368
A_MP	977	999	G	0	0	995	38.9859296482412
A_MP	978	996	A	0	0	995	38.4311557788945
A_MP	979	991	G	0	0	989	38.7087967644085
A_MP	980	986	T	0	0	986	38.5294117647059
A_MP	981	983	A	0	0	983	37.8555442522889
A_MP	982	980	A	0	0	980	37.55
