Reference_Name	Position	Coverage Depth	Consensus	Deletions	Ambiguous	Consensus_Count	Consensus_Average_Quality
A_PA	1	131	A	0	0	131	36.5419847328244
A_PA	2	131	T	0	0	131	36.4351145038168
A_PA	3	132	G	0	0	132	36.6666666666667
A_PA	4	135	G	0	0	135	36.6444444444444
A_PA	5	135	A	0	0	135	38.2814814814815
A_PA	6	135	A	0	0	135	39.1333333333333
A_PA	7	135	G	0	0	135	39.8666666666667
A_PA	8	135	A	0	0	135	40.0296296296296
A_PA	9	134	T	1	0	134	40.2686567164179
A_PA	10	135	T	0	0	135	39.1333333333333
A_PA	11	135	T	0	0	135	39.8518518518519
A_PA	12	135	T	0	0	134	41.3283582089552
A_PA	13	135	G	0	0	134	40.0298507462687
A_PA	14	135	T	0	0	134	39.9626865671642
A_PA	15	135	G	0	0	134	39.2985074626866
A_PA	16	135	C	0	0	134	38.6417910447761
A_PA	17	136	G	0	0	136	36.1838235294118
A_PA	18	136	A	0	0	136	37.2573529411765
A_PA	19	136	C	0	0	136	37
A_PA	20	136	A	0	0	136	36.0220588235294
A_PA	21	136	A	0	0	136	37.3823529411765
A_PA	22	136	T	0	0	136	38.6323529411765
A_PA	23	136	G	0	0	135	36.5333333333333
A_PA	24	136	C	0	0	136	36.0147058823529
A_PA	25	136	T	0	0	136	36.8382352941176
A_PA	26	136	T	0	0	135	36.2148148148148
A_PA	27	136	C	0	0	136	34.7941176470588
A_PA	28	136	A	0	0	136	36.0073529411765
A_PA	29	136	A	0	0	136	35.1838235294118
A_PA	30	136	C	0	0	136	35.3970588235294
A_PA	31	136	C	0	0	136	36.0588235294118
A_PA	32	136	C	0	0	136	36.5588235294118
A_PA	33	136	G	0	0	136	36.4632352941176
A_PA	34	136	A	0	0	136	35.7647058823529
A_PA	35	136	T	0	0	136	36.2426470588235
A_PA	36	136	G	0	0	136	36.0073529411765
A_PA	37	136	A	0	0	136	36.8529411764706
A_PA	38	136	T	0	0	136	38.2058823529412
A_PA	39	136	T	0	0	136	38.5073529411765
A_PA	40	136	G	0	0	136	38.8088235294118
A_PA	41	136	T	0	0	136	39.7352941176471
A_PA	42	136	C	0	0	135	37.6666666666667
A_PA	43	136	G	0	0	135	37.4814814814815
A_PA	44	137	A	0	0	137	37.6642335766423
A_PA	45	138	A	0	0	137	36.9197080291971
A_PA	46	138	C	0	0	138	36.8188405797101
A_PA	47	139	T	0	0	139	38.158273381295
A_PA	48	138	T	1	0	137	39.3868613138686
A_PA	49	138	G	1	0	136	36.2279411764706
A_PA	50	138	C	1	0	137	35.8686131386861
A_PA	51	138	A	1	0	138	34.3768115942029
A_PA	52	138	G	1	0	138	35.2608695652174
A_PA	53	139	A	0	0	138	34.4130434782609
A_PA	54	139	A	0	0	139	36.7410071942446
A_PA	55	139	A	0	0	137	37.007299270073
A_PA	56	139	A	0	0	139	40.3884892086331
A_PA	57	139	A	0	0	139	40.5251798561151
A_PA	58	139	G	0	0	139	39.6330935251799
A_PA	59	139	C	0	0	139	39.568345323741
A_PA	60	140	A	0	0	138	36.8550724637681
A_PA	61	141	A	0	0	141	36.3049645390071
A_PA	62	141	T	0	0	141	37.2765957446809
A_PA	63	141	G	0	0	141	36.1702127659574
A_PA	64	141	A	0	0	141	36.0425531914894
A_PA	65	141	A	0	0	140	38.9142857142857
A_PA	66	142	A	0	0	141	39.7517730496454
A_PA	67	142	G	0	0	142	39.5985915492958
A_PA	68	142	A	0	0	141	40.7730496453901
A_PA	69	142	G	0	0	140	40.5571428571429
A_PA	70	140	T	2	0	140	40.0142857142857
A_PA	71	142	A	0	0	141	38.9148936170213
A_PA	72	142	T	0	0	142	37.8802816901408
A_PA	73	137	G	5	0	136	35.2132352941176
A_PA	74	140	G	2	0	140	36.3
A_PA	75	142	G	0	0	140	36.3642857142857
A_PA	76	142	G	0	0	140	37.4785714285714
A_PA	77	142	A	0	0	141	38.8581560283688
A_PA	78	142	G	0	0	142	38.4577464788732
A_PA	79	143	G	0	0	142	37.1056338028169
A_PA	80	144	A	0	0	144	36.5277777777778
A_PA	81	143	T	1	0	143	36.1748251748252
A_PA	82	143	C	1	0	142	35.8169014084507
A_PA	83	144	T	0	0	143	36.6573426573427
A_PA	84	144	G	0	0	143	35.6293706293706
A_PA	85	142	A	0	0	142	36.443661971831
A_PA	86	142	A	0	0	142	37.0845070422535
A_PA	87	142	A	0	0	142	39.3802816901408
A_PA	88	142	A	0	0	142	39.2183098591549
A_PA	89	142	T	0	0	142	39.6478873239437
A_PA	90	141	T	1	0	141	40.4113475177305
A_PA	91	141	G	1	0	140	38.4
A_PA	92	140	A	2	0	140	38.2142857142857
A_PA	93	140	A	2	0	139	39.7482014388489
A_PA	94	140	A	2	0	140	39.7214285714286
A_PA	95	141	C	2	0	141	40.1843971631206
A_PA	96	141	C	2	0	138	40.2173913043478
A_PA	97	140	A	3	0	139	38.3884892086331
A_PA	98	140	A	3	0	139	38
A_PA	99	140	C	3	0	139	38.9496402877698
A_PA	100	140	A	3	0	138	36.6884057971015
A_PA	101	141	A	2	0	141	37.1702127659574
A_PA	102	141	A	2	0	140	37.7142857142857
A_PA	103	141	T	2	0	139	38.2805755395683
A_PA	104	141	T	2	0	141	38.2765957446809
A_PA	105	141	T	2	0	141	40.3404255319149
A_PA	106	140	G	2	0	139	37.9136690647482
A_PA	107	139	C	3	0	139	38.9424460431655
A_PA	108	140	A	2	0	139	39.0431654676259
A_PA	109	140	G	2	0	140	39.9
A_PA	110	140	C	2	0	140	39.6428571428571
A_PA	111	138	A	4	0	138	40.5724637681159
A_PA	112	137	A	5	0	137	42.1386861313869
A_PA	113	136	T	6	0	135	42.6296296296296
A_PA	114	138	A	4	0	138	41.0724637681159
A_PA	115	136	T	4	0	136	41.625
A_PA	116	136	G	4	0	136	40.6470588235294
A_PA	117	136	C	4	0	136	40.9264705882353
A_PA	118	136	A	4	0	136	39.9191176470588
A_PA	119	136	C	4	0	136	39.6470588235294
A_PA	120	136	T	4	0	136	40.0882352941176
A_PA	121	137	C	4	0	137	39.1021897810219
A_PA	122	137	A	4	0	137	39.0729927007299
A_PA	123	137	C	4	0	137	39.9343065693431
A_PA	124	136	T	5	0	136	40.4485294117647
A_PA	125	137	T	4	0	137	39.6423357664234
A_PA	126	136	G	5	0	136	39.3235294117647
A_PA	127	136	G	5	0	135	39.4740740740741
A_PA	128	137	A	4	0	135	38.7777777777778
A_PA	129	137	G	4	0	137	39.1970802919708
A_PA	130	139	G	4	0	139	38.2877697841727
A_PA	131	140	T	3	0	138	37.9492753623188
A_PA	132	140	G	3	0	140	38.1214285714286
A_PA	133	140	T	3	0	140	37.9428571428571
A_PA	134	139	G	4	0	138	38.5507246376812
A_PA	135	139	T	4	0	138	39.1159420289855
A_PA	136	140	T	4	0	140	38.7357142857143
A_PA	137	140	T	4	0	140	38.7142857142857
A_PA	138	140	C	4	0	140	37.3714285714286
A_PA	139	141	A	3	0	140	39.75
A_PA	140	142	T	2	0	142	40.3591549295775
A_PA	141	143	G	2	0	142	39.6549295774648
A_PA	142	142	T	1	0	142	39.6197183098592
A_PA	143	141	A	2	0	139	37.705035971223
A_PA	144	141	T	2	0	141	37.6879432624113
A_PA	145	141	T	2	0	141	36.9148936170213
A_PA	146	141	C	2	0	141	36.9716312056738
A_PA	147	142	A	0	0	141	36.7659574468085
A_PA	148	141	G	1	0	139	38.1654676258993
A_PA	149	140	A	1	0	139	38.2230215827338
A_PA	150	140	T	1	0	140	38.8142857142857
A_PA	151	140	T	1	0	140	38.5285714285714
A_PA	152	140	T	1	0	140	39.0642857142857
A_PA	153	140	C	1	0	140	37.3357142857143
A_PA	154	140	C	1	0	140	38.2142857142857
A_PA	155	141	A	0	0	141	35.6028368794326
A_PA	156	141	T	0	0	141	35.8581560283688
A_PA	157	141	T	0	0	141	38.290780141844
A_PA	158	141	T	0	0	140	38.6928571428571
A_PA	159	141	C	0	0	140	37.2285714285714
A_PA	160	141	A	0	0	139	37.1151079136691
A_PA	161	141	T	0	0	141	38.9290780141844
A_PA	162	141	C	0	0	140	37.2785714285714
A_PA	163	141	A	0	0	141	37.2978723404255
A_PA	164	141	A	0	0	141	37.645390070922
A_PA	165	141	T	0	0	141	38.241134751773
A_PA	166	141	G	0	0	140	38.1214285714286
A_PA	167	141	A	0	0	141	39.4397163120567
A_PA	168	141	A	0	0	141	40.4397163120567
A_PA	169	141	C	0	0	141	40.9219858156028
A_PA	170	141	A	0	0	141	40.6737588652482
A_PA	171	141	A	0	0	141	40.5390070921986
A_PA	172	140	G	1	0	140	41.6571428571429
A_PA	173	140	G	1	0	140	40.4357142857143
A_PA	174	140	C	1	0	139	39.5251798561151
A_PA	175	140	G	1	0	138	38.9782608695652
A_PA	176	141	A	0	0	140	39.0928571428571
A_PA	177	141	A	0	0	141	39.1985815602837
A_PA	178	141	T	0	0	141	38.9148936170213
A_PA	179	141	C	0	0	141	39.4184397163121
A_PA	180	141	A	0	0	140	40.3571428571429
A_PA	181	141	A	0	0	141	39.1489361702128
A_PA	182	141	T	0	0	141	39.8368794326241
A_PA	183	141	A	0	0	140	39.0214285714286
A_PA	184	137	G	1	0	137	39.3868613138686
A_PA	185	138	T	0	0	138	40.5579710144928
A_PA	186	138	A	0	0	137	39.8321167883212
A_PA	187	138	G	0	0	138	39.2971014492754
A_PA	188	137	T	1	0	136	39.3088235294118
A_PA	189	128	A	10	0	128	38.6875
A_PA	190	125	G	13	0	125	39.04
A_PA	191	127	A	11	0	127	38.496062992126
A_PA	192	127	A	11	0	127	38.7165354330709
A_PA	193	127	C	11	0	125	38.136
A_PA	194	126	T	12	0	126	38.4365079365079
A_PA	195	128	T	10	0	127	39.5433070866142
A_PA	196	128	G	10	0	125	39.24
A_PA	197	128	A	10	0	128	39.015625
A_PA	198	128	C	10	0	127	38.6535433070866
A_PA	199	127	G	11	0	127	37.6141732283465
A_PA	200	128	A	10	0	128	37.3359375
A_PA	201	128	T	10	0	128	37.2890625
A_PA	202	128	C	10	0	126	37.1190476190476
A_PA	203	129	C	10	0	127	38.488188976378
A_PA	204	129	A	10	0	129	39.077519379845
A_PA	205	129	A	10	0	129	40.4031007751938
A_PA	206	129	A	10	0	129	40.7674418604651
A_PA	207	129	T	10	0	129	41.2945736434108
A_PA	208	129	G	10	0	128	41.3125
A_PA	209	129	C	10	0	128	42.765625
A_PA	210	129	A	10	0	128	42.2734375
A_PA	211	127	C	10	0	126	41.5555555555556
A_PA	212	127	T	10	0	127	41.0629921259843
A_PA	213	127	G	10	0	127	40.5433070866142
A_PA	214	127	T	10	0	127	41.1574803149606
A_PA	215	126	T	11	0	126	41.8888888888889
A_PA	216	125	A	12	0	125	40.976
A_PA	217	123	A	11	0	123	40.4552845528455
A_PA	218	123	A	11	0	123	41.3252032520325
A_PA	219	123	A	11	0	123	41.2682926829268
A_PA	220	124	C	10	0	123	41.0162601626016
A_PA	221	134	A	0	0	133	40.5488721804511
A_PA	222	133	C	0	0	132	40.4772727272727
A_PA	223	133	A	0	0	132	40.0757575757576
A_PA	224	133	G	0	0	131	39.3206106870229
A_PA	225	133	A	0	0	132	38.9242424242424
A_PA	226	132	T	1	0	131	39.4580152671756
A_PA	227	133	T	0	0	133	39.6766917293233
A_PA	228	133	T	0	0	132	40.7727272727273
A_PA	229	133	G	0	0	133	39.015037593985
A_PA	230	132	A	0	0	131	40.0229007633588
A_PA	231	132	A	0	0	131	41.8473282442748
A_PA	232	132	A	0	0	132	41.3939393939394
A_PA	233	132	T	0	0	131	41.8167938931298
A_PA	234	132	A	0	0	130	41.8230769230769
A_PA	235	131	A	0	0	130	41.2692307692308
A_PA	236	130	T	0	0	130	40.5153846153846
A_PA	237	130	C	0	0	129	38.968992248062
A_PA	238	130	G	0	0	129	37.2015503875969
A_PA	239	129	A	1	0	129	37.015503875969
A_PA	240	124	G	6	0	124	35.8709677419355
A_PA	241	126	G	0	0	125	35.744
A_PA	242	126	G	0	0	125	37.368
A_PA	243	126	G	0	0	125	36.264
A_PA	244	126	A	0	0	126	37.4920634920635
A_PA	245	126	G	0	0	125	37.904
A_PA	246	126	A	0	0	126	37.2222222222222
A_PA	247	126	G	0	0	125	37.512
A_PA	248	126	A	0	0	125	38.064
A_PA	249	126	C	0	0	126	38.2142857142857
A_PA	250	125	A	1	0	125	37.88
A_PA	251	123	G	2	0	123	36.739837398374
A_PA	252	124	A	1	0	123	38.1788617886179
A_PA	253	125	A	0	0	124	37.8145161290323
A_PA	254	125	C	0	0	125	38.712
A_PA	255	125	A	0	0	125	38.456
A_PA	256	125	A	0	0	124	38.9516129032258
A_PA	257	125	T	0	0	125	39.04
A_PA	258	125	G	0	0	125	37.648
A_PA	259	125	G	0	0	125	39.152
A_PA	260	125	C	0	0	125	39.928
A_PA	261	125	C	0	0	125	39.576
A_PA	262	125	T	0	0	125	39.776
A_PA	263	116	G	0	0	116	39.2155172413793
A_PA	264	116	G	0	0	116	40.5086206896552
A_PA	265	115	A	0	0	115	41.5217391304348
A_PA	266	115	C	0	0	115	41.7826086956522
A_PA	267	115	A	0	0	115	40
A_PA	268	115	G	0	0	115	39.8869565217391
A_PA	269	115	T	0	0	115	38.895652173913
A_PA	270	115	A	0	0	115	38.8695652173913
A_PA	271	115	G	0	0	115	38.1652173913043
A_PA	272	115	T	0	0	115	37.8086956521739
A_PA	273	115	A	0	0	115	37.1130434782609
A_PA	274	115	A	0	0	115	39.104347826087
A_PA	275	115	A	0	0	114	38.780701754386
A_PA	276	115	C	0	0	115	40.1391304347826
A_PA	277	115	A	0	0	115	40.4260869565217
A_PA	278	115	G	0	0	115	40.5826086956522
A_PA	279	115	T	0	0	115	41.0782608695652
A_PA	280	115	A	0	0	114	39.8070175438597
A_PA	281	115	T	0	0	115	39.9826086956522
A_PA	282	115	C	0	0	115	40.2434782608696
A_PA	283	115	T	0	0	115	40.1391304347826
A_PA	284	114	G	0	0	114	40
A_PA	285	114	C	0	0	114	41.1578947368421
A_PA	286	114	A	0	0	114	40.280701754386
A_PA	287	114	A	0	0	114	40.8421052631579
A_PA	288	114	C	0	0	114	41.6491228070175
A_PA	289	114	A	0	0	114	40.2105263157895
A_PA	290	114	C	0	0	114	40.0701754385965
A_PA	291	113	T	1	0	113	40.6725663716814
A_PA	292	113	A	1	0	113	39.6548672566372
A_PA	293	112	C	1	0	112	40.625
A_PA	294	112	T	1	0	112	40.9732142857143
A_PA	295	112	G	1	0	112	41.0714285714286
A_PA	296	112	G	1	0	112	42.0803571428571
A_PA	297	112	A	1	0	112	42.4375
A_PA	298	112	G	1	0	112	41.9375
A_PA	299	112	C	1	0	112	41.1071428571429
A_PA	300	112	T	1	0	112	40.1071428571429
A_PA	301	112	G	1	0	112	38.0714285714286
A_PA	302	111	A	2	0	111	36.3873873873874
A_PA	303	111	A	2	0	111	37.2072072072072
A_PA	304	112	A	1	0	112	37.1785714285714
A_PA	305	112	A	1	0	112	39.5357142857143
A_PA	306	111	A	2	0	110	39.3909090909091
A_PA	307	112	C	2	0	112	38.8928571428571
A_PA	308	113	C	1	0	113	37.2920353982301
A_PA	309	113	G	1	0	113	36.2389380530973
A_PA	310	113	A	1	0	113	37.2477876106195
A_PA	311	113	A	1	0	113	37.716814159292
A_PA	312	113	G	1	0	112	38.1339285714286
A_PA	313	109	T	6	0	108	40.4259259259259
A_PA	314	114	T	1	0	114	39.6315789473684
A_PA	315	114	T	1	0	113	39.5840707964602
A_PA	316	114	T	1	0	114	40.7280701754386
A_PA	317	114	T	1	0	114	40.8421052631579
A_PA	318	113	G	2	0	112	40.6428571428571
A_PA	319	114	C	1	0	114	39.5964912280702
A_PA	320	114	C	1	0	114	38.9385964912281
A_PA	321	114	G	1	0	114	38.4912280701754
A_PA	322	114	G	1	0	114	38.4385964912281
A_PA	323	114	A	1	0	114	40.0877192982456
A_PA	324	114	T	1	0	114	40.0263157894737
A_PA	325	114	T	1	0	114	41.780701754386
A_PA	326	114	T	1	0	114	42.3508771929825
A_PA	327	114	G	1	0	114	41.4649122807018
A_PA	328	115	T	0	0	115	42.6521739130435
A_PA	329	115	A	0	0	115	42.2347826086957
A_PA	330	116	T	0	0	114	42.3947368421053
A_PA	331	116	G	0	0	115	41.704347826087
A_PA	332	116	A	0	0	116	41.2586206896552
A_PA	333	116	T	0	0	116	40.1724137931034
A_PA	334	116	T	0	0	116	40.6120689655172
A_PA	335	116	A	0	0	116	40.3189655172414
A_PA	336	116	C	0	0	115	39.4347826086956
A_PA	337	115	A	1	0	115	39.095652173913
A_PA	338	115	A	1	0	114	39.7894736842105
A_PA	339	116	A	0	0	116	39.7413793103448
A_PA	340	115	G	1	0	115	39.4869565217391
A_PA	341	115	A	1	0	115	41.5304347826087
A_PA	342	115	G	1	0	115	41.7130434782609
A_PA	343	116	A	0	0	115	41.0695652173913
A_PA	344	115	A	0	0	115	41.5565217391304
A_PA	345	115	C	0	0	114	41.780701754386
A_PA	346	115	A	0	0	115	40.7739130434783
A_PA	347	115	G	0	0	115	41.2
A_PA	348	114	A	1	0	114	40.7982456140351
A_PA	349	115	T	0	0	113	40.353982300885
A_PA	350	115	T	0	0	115	39.9826086956522
A_PA	351	115	C	0	0	115	39.7304347826087
A_PA	352	115	A	0	0	115	39.7478260869565
A_PA	353	115	T	0	0	115	41.7130434782609
A_PA	354	115	C	0	0	113	39.4513274336283
A_PA	355	115	G	0	0	114	39.1228070175439
A_PA	356	115	A	0	0	114	38.8157894736842
A_PA	357	115	A	0	0	115	39.9565217391304
A_PA	358	115	A	0	0	115	40.4173913043478
A_PA	359	115	T	0	0	114	41.0877192982456
A_PA	360	115	T	0	0	115	40.9565217391304
A_PA	361	115	G	0	0	115	40.3913043478261
A_PA	362	115	G	0	0	115	40.4608695652174
A_PA	363	115	A	0	0	115	41.6869565217391
A_PA	364	115	G	0	0	115	41.5826086956522
A_PA	365	115	T	0	0	115	40.6521739130435
A_PA	366	115	G	0	0	115	39.6
A_PA	367	115	A	0	0	115	39.904347826087
A_PA	368	115	C	0	0	115	40.3739130434783
A_PA	369	115	A	0	0	113	39.5929203539823
A_PA	370	115	A	0	0	114	40.8859649122807
A_PA	371	115	G	0	0	115	40.1391304347826
A_PA	372	115	G	0	0	114	40.140350877193
A_PA	373	115	A	0	0	115	40.2695652173913
A_PA	374	115	G	0	0	115	40.4869565217391
A_PA	375	115	A	0	0	115	40.6521739130435
A_PA	376	115	G	0	0	113	40.7345132743363
A_PA	377	115	A	0	0	115	40.2173913043478
A_PA	378	114	A	1	0	113	40.9469026548673
A_PA	379	114	G	1	0	111	41.2612612612613
A_PA	380	114	T	1	0	113	40.6725663716814
A_PA	381	113	C	2	0	112	39.5625
A_PA	382	114	C	1	0	114	39.3245614035088
A_PA	383	114	A	1	0	113	38.2389380530973
A_PA	384	114	C	1	0	114	38.4210526315789
A_PA	385	114	A	1	0	114	39.5526315789474
A_PA	386	114	T	1	0	113	39.4247787610619
A_PA	387	113	A	2	0	113	38.646017699115
A_PA	388	113	T	2	0	112	39.9285714285714
A_PA	389	112	A	2	0	112	38.9375
A_PA	390	112	T	2	0	111	39.009009009009
A_PA	391	113	T	1	0	113	40.8849557522124
A_PA	392	112	A	2	0	111	40.8378378378378
A_PA	393	112	C	2	0	112	40.7142857142857
A_PA	394	112	C	2	0	112	39.0446428571429
A_PA	395	113	T	1	0	111	40.4054054054054
A_PA	396	113	T	1	0	113	40
A_PA	397	113	G	1	0	113	37.6283185840708
A_PA	398	113	A	1	0	113	37.5486725663717
A_PA	399	113	A	1	0	113	40.8672566371681
A_PA	400	113	A	1	0	113	43.4601769911504
A_PA	401	113	A	1	0	113	44.1238938053097
A_PA	402	113	G	1	0	113	42.9557522123894
A_PA	403	113	G	1	0	113	42.3274336283186
A_PA	404	113	C	1	0	113	41.7256637168142
A_PA	405	113	C	1	0	112	40.5446428571429
A_PA	406	113	A	1	0	112	38.2321428571429
A_PA	407	114	A	0	0	114	37.9035087719298
A_PA	408	113	T	1	0	113	37.8407079646018
A_PA	409	114	A	0	0	114	37.6666666666667
A_PA	410	113	A	1	0	113	39.3185840707965
A_PA	411	113	G	1	0	113	40.0619469026549
A_PA	412	114	A	0	0	114	39.280701754386
A_PA	413	114	T	0	0	114	38.780701754386
A_PA	414	114	T	0	0	114	38.8333333333333
A_PA	415	114	A	0	0	114	37.4035087719298
A_PA	416	114	A	0	0	114	38.0526315789474
A_PA	417	113	A	1	0	113	36.8938053097345
A_PA	418	113	T	1	0	113	38.3185840707965
A_PA	419	113	C	1	0	113	37.5929203539823
A_PA	420	114	T	0	0	114	37.2280701754386
A_PA	421	114	G	0	0	114	35.5350877192982
A_PA	422	114	A	0	0	114	36.8684210526316
A_PA	423	114	G	0	0	114	36.9824561403509
A_PA	424	113	A	1	0	113	39.3097345132743
A_PA	425	114	A	0	0	114	39.2719298245614
A_PA	426	114	A	0	0	113	41.2300884955752
A_PA	427	114	A	0	0	114	41.8421052631579
A_PA	428	114	C	0	0	114	40.5614035087719
A_PA	429	114	A	0	0	114	41.2631578947368
A_PA	430	113	C	1	0	112	41.8303571428571
A_PA	431	114	A	0	0	114	41.1052631578947
A_PA	432	113	C	1	0	113	40.9734513274336
A_PA	433	114	A	0	0	113	41.3097345132743
A_PA	434	114	T	0	0	114	41.8333333333333
A_PA	435	114	T	0	0	114	39.9736842105263
A_PA	436	114	C	0	0	114	40.9298245614035
A_PA	437	114	A	0	0	114	39.9385964912281
A_PA	438	114	C	0	0	114	40.9736842105263
A_PA	439	113	A	1	0	113	40.716814159292
A_PA	440	112	T	2	0	112	40.6607142857143
A_PA	441	114	T	0	0	113	41
A_PA	442	114	T	0	0	114	41.1315789473684
A_PA	443	114	T	0	0	114	39.4912280701754
A_PA	444	114	T	0	0	114	42.1842105263158
A_PA	445	114	T	0	0	114	43.0263157894737
A_PA	446	114	C	0	0	114	41.0964912280702
A_PA	447	114	A	0	0	114	39.1754385964912
A_PA	448	114	T	0	0	114	40.6052631578947
A_PA	449	114	T	0	0	114	40.0701754385965
A_PA	450	114	C	0	0	114	40.6842105263158
A_PA	451	114	A	0	0	114	40.0877192982456
A_PA	452	114	C	0	0	114	40.3070175438597
A_PA	453	114	T	0	0	114	39.9824561403509
A_PA	454	110	G	4	0	110	39.6090909090909
A_PA	455	114	G	0	0	114	39.2982456140351
A_PA	456	114	G	0	0	114	40.3684210526316
A_PA	457	114	G	0	0	114	41.1228070175439
A_PA	458	114	A	0	0	114	42.0526315789474
A_PA	459	113	G	1	0	113	42.7610619469027
A_PA	460	114	G	0	0	114	40.2017543859649
A_PA	461	114	A	0	0	114	41.4912280701754
A_PA	462	114	A	0	0	113	40.5840707964602
A_PA	463	114	A	0	0	113	41.5132743362832
A_PA	464	114	T	0	0	114	41.5438596491228
A_PA	465	114	G	0	0	114	40.780701754386
A_PA	466	113	G	0	0	113	40.2654867256637
A_PA	467	112	C	1	0	112	40.7053571428571
A_PA	468	113	C	0	0	113	39.7345132743363
A_PA	469	113	A	0	0	113	40.4955752212389
A_PA	470	113	C	0	0	113	41.4424778761062
A_PA	471	113	A	0	0	113	40.5663716814159
A_PA	472	113	A	0	0	113	39.9557522123894
A_PA	473	111	G	2	0	111	39.8108108108108
A_PA	474	113	G	0	0	113	39.716814159292
A_PA	475	113	G	0	0	113	40
A_PA	476	113	C	0	0	113	40.8141592920354
A_PA	477	113	A	0	0	113	40.1061946902655
A_PA	478	113	G	0	0	113	39.716814159292
A_PA	479	113	A	0	0	113	39.2035398230088
A_PA	480	113	C	0	0	113	38.7699115044248
A_PA	481	113	T	0	0	113	38.7256637168142
A_PA	482	113	A	0	0	113	37.9557522123894
A_PA	483	113	C	0	0	113	38.9823008849558
A_PA	484	113	A	0	0	113	39.6725663716814
A_PA	485	113	C	0	0	113	38.8141592920354
A_PA	486	113	T	0	0	113	39.5752212389381
A_PA	487	113	C	0	0	113	39.0353982300885
A_PA	488	113	T	0	0	113	39.0973451327434
A_PA	489	113	C	0	0	112	39.0625
A_PA	490	113	G	0	0	113	38.4778761061947
A_PA	491	113	A	0	0	113	37.5221238938053
A_PA	492	113	T	0	0	113	37.787610619469
A_PA	493	113	G	0	0	113	37.5221238938053
A_PA	494	113	A	0	0	113	38.8849557522124
A_PA	495	113	G	0	0	113	38.5663716814159
A_PA	496	113	G	0	0	113	38.6194690265487
A_PA	497	113	A	0	0	113	39.0265486725664
A_PA	498	113	G	0	0	113	39.1061946902655
A_PA	499	113	A	0	0	113	40.1592920353982
A_PA	500	113	G	0	0	113	40.9911504424779
A_PA	501	113	C	0	0	113	41.6814159292035
A_PA	502	113	A	0	0	113	40.5575221238938
A_PA	503	113	G	0	0	113	39.787610619469
A_PA	504	113	G	0	0	113	40.646017699115
A_PA	505	113	G	0	0	113	40.1681415929204
A_PA	506	113	C	0	0	112	39.0714285714286
A_PA	507	113	T	0	0	113	40.2566371681416
A_PA	508	113	A	0	0	113	38.7964601769912
A_PA	509	118	G	0	0	117	39.1880341880342
A_PA	510	118	G	0	0	118	38.0169491525424
A_PA	511	118	A	0	0	118	38.2796610169492
A_PA	512	118	T	0	0	113	36.929203539823
A_PA	513	118	C	0	0	116	35.7672413793103
A_PA	514	118	A	0	0	118	35.5
A_PA	515	122	A	0	0	122	35.2459016393443
A_PA	516	122	A	0	0	122	36.5983606557377
A_PA	517	122	A	0	0	122	37.7459016393443
A_PA	518	122	C	0	0	113	39.0973451327434
A_PA	519	122	C	0	0	122	41.0983606557377
A_PA	520	123	A	0	0	123	39.1788617886179
A_PA	521	123	G	0	0	123	39.6910569105691
A_PA	522	123	G	0	0	123	38.3414634146341
A_PA	523	123	C	0	0	123	38.7723577235772
A_PA	524	123	T	0	0	123	38.2520325203252
A_PA	525	123	G	0	0	123	38.5121951219512
A_PA	526	123	T	0	0	123	39.9024390243902
A_PA	527	123	T	0	0	122	40
A_PA	528	123	T	0	0	123	39.7642276422764
A_PA	529	123	A	0	0	122	38.0819672131148
A_PA	530	123	C	0	0	123	39.3252032520325
A_PA	531	123	C	0	0	123	39.9268292682927
A_PA	532	123	A	0	0	123	39.9674796747967
A_PA	533	124	T	0	0	122	39.0819672131148
A_PA	534	123	A	1	0	123	39.0325203252033
A_PA	535	123	A	1	0	122	38.7295081967213
A_PA	536	123	G	1	0	122	37.8032786885246
A_PA	537	123	A	1	0	123	37.6585365853659
A_PA	538	123	C	1	0	123	37.9756097560976
A_PA	539	124	A	0	0	124	38.1935483870968
A_PA	540	124	A	0	0	124	38.6129032258064
A_PA	541	124	G	0	0	124	39.8629032258064
A_PA	542	124	A	0	0	123	40.8943089430894
A_PA	543	124	A	0	0	124	41.8709677419355
A_PA	544	124	A	0	0	124	41.8145161290323
A_PA	545	124	T	0	0	124	41.4838709677419
A_PA	546	124	G	0	0	124	39.75
A_PA	547	124	G	0	0	124	40.2983870967742
A_PA	548	124	C	0	0	124	41.2016129032258
A_PA	549	124	C	0	0	124	41.3709677419355
A_PA	550	124	A	0	0	123	41.520325203252
A_PA	551	124	A	0	0	124	41.5241935483871
A_PA	552	124	C	0	0	124	41.2741935483871
A_PA	553	124	A	0	0	124	40.6451612903226
A_PA	554	124	G	0	0	122	40.6393442622951
A_PA	555	124	A	0	0	124	40.8225806451613
A_PA	556	124	G	0	0	124	41.0403225806452
A_PA	557	124	G	0	0	124	41.1532258064516
A_PA	558	124	C	0	0	124	41.3548387096774
A_PA	559	124	C	0	0	123	40.4390243902439
A_PA	560	124	T	0	0	122	40.7868852459016
A_PA	561	123	C	1	0	122	39.8032786885246
A_PA	562	122	T	2	0	121	39.7438016528926
A_PA	563	123	G	1	0	123	37.8130081300813
A_PA	564	124	G	0	0	124	38.741935483871
A_PA	565	124	G	0	0	124	38.3145161290323
A_PA	566	123	A	1	0	123	38.1869918699187
A_PA	567	123	T	1	0	123	39.8373983739837
A_PA	568	123	T	1	0	122	39.9344262295082
A_PA	569	124	C	0	0	124	38.8629032258064
A_PA	570	124	C	0	0	124	39.4354838709677
A_PA	571	123	T	1	0	123	39.3821138211382
A_PA	572	123	T	1	0	123	39.5691056910569
A_PA	573	124	T	0	0	123	40.4146341463415
A_PA	574	122	C	2	0	120	37.825
A_PA	575	124	G	0	0	124	37.9112903225806
A_PA	576	124	T	0	0	124	37.741935483871
A_PA	577	124	C	0	0	124	37.3629032258064
A_PA	578	124	A	0	0	124	36.6370967741936
A_PA	579	123	G	1	0	123	36.219512195122
A_PA	580	123	T	1	0	122	36.7049180327869
A_PA	581	123	C	1	0	123	36.7154471544715
A_PA	582	123	C	1	0	122	37.1475409836066
A_PA	583	123	G	1	0	123	37.219512195122
A_PA	584	123	A	1	0	122	37.7868852459016
A_PA	585	124	A	0	0	124	37.8225806451613
A_PA	586	124	A	0	0	124	37.5887096774194
A_PA	587	124	G	0	0	123	36.9593495934959
A_PA	588	124	A	0	0	123	38.6422764227642
A_PA	589	124	G	0	0	123	38.5121951219512
A_PA	590	125	G	0	0	125	37.832
A_PA	591	125	C	0	0	125	37.104
A_PA	592	124	G	1	0	124	35.8306451612903
A_PA	593	124	A	1	0	124	36.8629032258064
A_PA	594	124	A	1	0	124	37.4677419354839
A_PA	595	125	G	0	0	125	36.704
A_PA	596	124	A	1	0	124	38.9274193548387
A_PA	597	124	A	1	0	124	40.6854838709677
A_PA	598	124	A	1	0	123	40.4227642276423
A_PA	599	124	C	1	0	124	40.3306451612903
A_PA	600	125	A	0	0	125	38.736
A_PA	601	125	A	0	0	125	39.088
A_PA	602	125	T	0	0	125	39.776
A_PA	603	125	T	0	0	124	39.8467741935484
A_PA	604	125	G	0	0	124	38.3629032258064
A_PA	605	125	A	0	0	123	40.5365853658537
A_PA	606	125	A	0	0	125	39.488
A_PA	607	125	G	0	0	125	38.704
A_PA	608	125	A	0	0	125	39.168
A_PA	609	125	A	0	0	125	38.88
A_PA	610	125	A	0	0	125	38.768
A_PA	611	125	A	0	0	125	39.48
A_PA	612	125	A	0	0	125	38.352
A_PA	613	125	T	0	0	125	38.376
A_PA	614	125	T	0	0	125	38.984
A_PA	615	124	T	0	0	124	39.1290322580645
A_PA	616	124	G	0	0	124	37.8387096774194
A_PA	617	124	A	0	0	124	38.8709677419355
A_PA	618	123	A	1	0	123	39.9756097560976
A_PA	619	123	A	1	0	123	39.9105691056911
A_PA	620	123	T	1	0	123	40.2926829268293
A_PA	621	123	C	1	0	123	40.1869918699187
A_PA	622	124	A	0	0	123	37.8780487804878
A_PA	623	124	C	0	0	123	36.8780487804878
A_PA	624	124	A	0	0	123	35.390243902439
A_PA	625	123	G	1	0	123	34.9349593495935
A_PA	626	125	G	0	0	125	35.36
A_PA	627	125	G	0	0	125	36.184
A_PA	628	125	A	0	0	125	37.312
A_PA	629	125	C	0	0	125	38.448
A_PA	630	125	T	0	0	124	38.1854838709677
A_PA	631	125	A	0	0	125	37.896
A_PA	632	125	T	0	0	125	38.008
A_PA	633	125	G	0	0	125	37.36
A_PA	634	125	C	0	0	124	37.3709677419355
A_PA	635	125	G	0	0	125	36.8
A_PA	636	124	C	1	0	124	37.0483870967742
A_PA	637	124	A	1	0	124	36.3064516129032
A_PA	638	125	G	0	0	124	36.9677419354839
A_PA	639	125	G	0	0	125	37.296
A_PA	640	125	C	0	0	124	37.758064516129
A_PA	641	125	T	0	0	125	37.616
A_PA	642	124	T	1	0	124	39.3145161290323
A_PA	643	124	G	1	0	124	36.6612903225806
A_PA	644	123	C	2	0	123	38.2032520325203
A_PA	645	125	C	0	0	125	37.136
A_PA	646	124	G	1	0	122	36.0409836065574
A_PA	647	124	A	1	0	124	35.4274193548387
A_PA	648	124	C	1	0	123	36.7479674796748
A_PA	649	124	C	1	0	122	36.9344262295082
A_PA	650	119	A	6	0	116	36.2327586206897
A_PA	651	124	A	1	0	124	36.6532258064516
A_PA	652	124	A	1	0	124	38.0967741935484
A_PA	653	125	G	1	0	124	38.008064516129
A_PA	654	125	T	1	0	125	37.864
A_PA	655	125	C	1	0	125	37.952
A_PA	656	125	T	1	0	125	38.352
A_PA	657	124	C	2	0	122	37.3606557377049
A_PA	658	125	C	1	0	125	38.064
A_PA	659	124	C	2	0	123	37.4390243902439
A_PA	660	124	A	2	0	123	36.4959349593496
A_PA	661	124	C	2	0	124	36.6290322580645
A_PA	662	124	C	2	0	123	37.2276422764228
A_PA	663	122	G	4	0	121	35.2561983471074
A_PA	664	126	A	0	0	125	34.968
A_PA	665	126	A	0	0	125	36.72
A_PA	666	126	C	0	0	124	37.4193548387097
A_PA	667	126	T	0	0	126	37.4920634920635
A_PA	668	124	T	2	0	123	38.1544715447154
A_PA	669	123	C	3	0	121	37.8429752066116
A_PA	670	123	T	3	0	123	37.869918699187
A_PA	671	123	C	3	0	123	38.4065040650407
A_PA	672	123	C	3	0	123	38.1869918699187
A_PA	673	124	T	2	0	124	38.1451612903226
A_PA	674	126	G	0	0	126	38.6507936507937
A_PA	675	126	C	0	0	126	38.7142857142857
A_PA	676	126	C	0	0	126	38.3095238095238
A_PA	677	124	T	2	0	124	38.8790322580645
A_PA	678	126	T	0	0	126	37.4920634920635
A_PA	679	125	G	1	0	125	35.08
A_PA	680	126	A	0	0	126	35.2301587301587
A_PA	681	126	G	0	0	126	37.1587301587302
A_PA	682	126	A	0	0	126	38.4047619047619
A_PA	683	126	A	0	0	126	39.468253968254
A_PA	684	124	T	2	0	123	39.6585365853659
A_PA	685	126	T	0	0	125	39.624
A_PA	686	126	T	0	0	125	40.192
A_PA	687	126	T	0	0	121	40
A_PA	688	125	A	1	0	124	39.4516129032258
A_PA	689	126	G	0	0	124	37.9435483870968
A_PA	690	125	A	1	0	124	38.0806451612903
A_PA	691	126	G	0	0	126	37.6904761904762
A_PA	692	126	C	0	0	126	38.6507936507937
A_PA	693	125	C	1	0	125	38.312
A_PA	694	124	T	2	0	124	39.6854838709677
A_PA	695	124	A	2	0	124	38.7661290322581
A_PA	696	126	T	0	0	126	39.1428571428571
A_PA	697	126	G	0	0	125	40.064
A_PA	698	126	T	0	0	126	40.6825396825397
A_PA	699	126	G	0	0	126	39.0793650793651
A_PA	700	126	G	0	0	126	38.6031746031746
A_PA	701	126	A	0	0	126	38.3095238095238
A_PA	702	126	T	0	0	125	38.464
A_PA	703	126	G	0	0	126	38.0793650793651
A_PA	704	126	G	0	0	126	38.8174603174603
A_PA	705	126	A	0	0	126	39.0238095238095
A_PA	706	126	T	0	0	125	39.896
A_PA	707	126	T	0	0	126	40.2222222222222
A_PA	708	125	C	1	0	125	40.48
A_PA	709	126	G	0	0	125	38.92
A_PA	710	126	A	0	0	126	38.2936507936508
A_PA	711	125	A	1	0	125	38.4
A_PA	712	124	C	2	0	124	37.5725806451613
A_PA	713	126	C	0	0	124	35.3548387096774
A_PA	714	126	G	0	0	124	34.8951612903226
A_PA	715	125	A	1	0	124	36.0806451612903
A_PA	716	126	A	0	0	126	36.2142857142857
A_PA	717	126	C	0	0	125	36.576
A_PA	718	126	G	0	0	125	37.592
A_PA	719	126	G	0	0	126	38.6031746031746
A_PA	720	126	C	0	0	126	38.8571428571429
A_PA	721	126	T	0	0	126	38.5396825396825
A_PA	722	126	G	0	0	124	38.8790322580645
A_PA	723	126	C	0	0	124	38.8790322580645
A_PA	724	126	A	0	0	125	38.28
A_PA	725	125	T	1	0	125	38.936
A_PA	726	126	T	0	0	124	39.4032258064516
A_PA	727	126	G	0	0	124	39.4032258064516
A_PA	728	126	A	0	0	125	40.152
A_PA	729	126	G	0	0	125	40.208
A_PA	730	126	G	0	0	125	39.856
A_PA	731	125	G	1	0	125	40.36
A_PA	732	124	C	2	0	124	39.3629032258064
A_PA	733	124	A	2	0	124	40.0887096774194
A_PA	734	125	A	1	0	125	40.52
A_PA	735	125	G	1	0	125	40.488
A_PA	736	125	C	1	0	125	40.496
A_PA	737	126	T	0	0	126	40.5793650793651
A_PA	738	126	T	0	0	125	40.816
A_PA	739	126	T	0	0	126	39.0714285714286
A_PA	740	126	C	0	0	126	37.1031746031746
A_PA	741	126	T	0	0	126	38.0634920634921
A_PA	742	125	C	1	0	124	38.1048387096774
A_PA	743	126	A	0	0	126	36.6825396825397
A_PA	744	126	A	0	0	125	37.896
A_PA	745	126	A	0	0	126	37.6031746031746
A_PA	746	126	T	0	0	126	37.4047619047619
A_PA	747	125	G	1	0	125	39.256
A_PA	748	125	T	1	0	124	40.3870967741936
A_PA	749	125	C	1	0	125	40.68
A_PA	750	125	C	1	0	125	40.008
A_PA	751	123	A	3	0	123	39.650406504065
A_PA	752	125	A	1	0	125	40.12
A_PA	753	126	A	0	0	125	39.76
A_PA	754	126	G	0	0	125	40.848
A_PA	755	126	A	0	0	125	42.128
A_PA	756	126	A	0	0	126	41.8809523809524
A_PA	757	126	G	0	0	126	41.1190476190476
A_PA	758	126	T	0	0	125	40.352
A_PA	759	126	G	0	0	125	38.736
A_PA	760	126	A	0	0	126	39.6349206349206
A_PA	761	126	A	0	0	126	39.2063492063492
A_PA	762	126	T	0	0	126	39.8333333333333
A_PA	763	126	G	0	0	126	39.0793650793651
A_PA	764	126	C	0	0	125	40.216
A_PA	765	126	C	0	0	126	40.0476190476191
A_PA	766	126	C	0	0	126	40.1428571428571
A_PA	767	125	A	1	0	125	39.24
A_PA	768	126	A	0	0	125	39.56
A_PA	769	126	A	0	0	126	39.2857142857143
A_PA	770	125	T	1	0	125	37.976
A_PA	771	126	T	0	0	125	38.224
A_PA	772	126	G	0	0	124	38
A_PA	773	126	A	0	0	126	38.0952380952381
A_PA	774	126	A	0	0	126	37.4761904761905
A_PA	775	126	C	0	0	125	36.488
A_PA	776	126	C	0	0	126	35.7619047619048
A_PA	777	125	T	1	0	124	36.0887096774194
A_PA	778	126	T	0	0	126	36.3571428571429
A_PA	779	126	T	0	0	126	37
A_PA	780	125	T	1	0	125	39.24
A_PA	781	125	C	1	0	123	37.4308943089431
A_PA	782	126	T	0	0	124	38.4516129032258
A_PA	783	121	A	5	0	117	37.7264957264957
A_PA	784	125	A	1	0	125	37.352
A_PA	785	125	A	1	0	124	37.6370967741936
A_PA	786	126	G	0	0	126	38.6269841269841
A_PA	787	126	A	0	0	125	39.952
A_PA	788	126	C	0	0	126	40.1428571428571
A_PA	789	126	A	0	0	125	39.992
A_PA	790	126	A	0	0	126	39.9285714285714
A_PA	791	126	C	0	0	126	40.7857142857143
A_PA	792	125	A	1	0	125	40.36
A_PA	793	126	C	0	0	126	40.0555555555556
A_PA	794	126	C	0	0	126	39.9603174603175
A_PA	795	126	A	0	0	126	39.7063492063492
A_PA	796	126	A	0	0	126	38.7460317460317
A_PA	797	126	G	0	0	126	38.9603174603175
A_PA	798	125	A	1	0	125	40.056
A_PA	799	126	C	0	0	126	39.4444444444444
A_PA	800	126	C	0	0	126	39.5238095238095
A_PA	801	126	A	0	0	126	39.5634920634921
A_PA	802	126	A	0	0	126	40.015873015873
A_PA	803	126	T	0	0	126	40.8571428571429
A_PA	804	126	C	0	0	126	41.1825396825397
A_PA	805	126	A	0	0	126	40.2777777777778
A_PA	806	126	A	0	0	126	40.8888888888889
A_PA	807	126	A	0	0	125	40.944
A_PA	808	126	C	0	0	126	40.0079365079365
A_PA	809	126	T	0	0	126	40.8809523809524
A_PA	810	126	T	0	0	126	40.8730158730159
A_PA	811	126	C	0	0	126	40.1111111111111
A_PA	812	126	C	0	0	125	39.912
A_PA	813	126	T	0	0	125	41.072
A_PA	814	126	A	0	0	125	40.448
A_PA	815	126	A	0	0	125	41.144
A_PA	816	126	T	0	0	125	40.264
A_PA	817	126	G	0	0	126	40.7460317460317
A_PA	818	127	G	0	0	127	40.503937007874
A_PA	819	127	A	0	0	127	41.0629921259843
A_PA	820	127	C	0	0	127	41.4251968503937
A_PA	821	127	C	0	0	127	41
A_PA	822	126	T	1	0	126	41.0634920634921
A_PA	823	126	C	1	0	126	41.0238095238095
A_PA	824	126	C	1	0	125	40.736
A_PA	825	126	T	1	0	126	41
A_PA	826	127	T	0	0	126	42.4047619047619
A_PA	827	127	G	0	0	127	41.5748031496063
A_PA	828	127	T	0	0	127	41.7874015748031
A_PA	829	127	T	0	0	127	42.740157480315
A_PA	830	127	A	0	0	127	42.7165354330709
A_PA	831	127	T	0	0	127	42.4251968503937
A_PA	832	127	C	0	0	125	40.504
A_PA	833	127	A	0	0	127	41.4330708661417
A_PA	834	127	G	0	0	127	40.5196850393701
A_PA	835	127	C	0	0	126	40.0634920634921
A_PA	836	127	G	0	0	125	38.848
A_PA	837	127	A	0	0	127	39.2204724409449
A_PA	838	127	T	0	0	127	39.8031496062992
A_PA	839	127	C	0	0	127	38.8582677165354
A_PA	840	127	C	0	0	127	39.4251968503937
A_PA	841	127	A	0	0	127	39.9212598425197
A_PA	842	127	A	0	0	127	40.3937007874016
A_PA	843	127	A	0	0	124	39.7822580645161
A_PA	844	127	T	0	0	127	39
A_PA	845	127	T	0	0	127	40.0787401574803
A_PA	846	125	C	2	0	125	41.056
A_PA	847	125	C	2	0	125	40.024
A_PA	848	126	T	1	0	126	40.7142857142857
A_PA	849	126	C	1	0	126	41.1111111111111
A_PA	850	127	C	0	0	126	40.9761904761905
A_PA	851	127	T	0	0	127	40.2913385826772
A_PA	852	127	G	0	0	127	40.3622047244095
A_PA	853	127	A	0	0	126	40.3809523809524
A_PA	854	127	T	0	0	127	41.0157480314961
A_PA	855	127	G	0	0	127	40.8031496062992
A_PA	856	127	G	0	0	127	41.2362204724409
A_PA	857	127	A	0	0	127	40.6929133858268
A_PA	858	127	T	0	0	127	41.1574803149606
A_PA	859	127	G	0	0	127	40.6850393700787
A_PA	860	127	C	0	0	127	40.5275590551181
A_PA	861	127	T	0	0	127	39.9291338582677
A_PA	862	127	T	0	0	127	40.5669291338583
A_PA	863	127	T	0	0	127	40.9448818897638
A_PA	864	127	G	0	0	127	38.2047244094488
A_PA	865	127	A	0	0	127	40.3937007874016
A_PA	866	127	A	0	0	127	42.488188976378
A_PA	867	127	A	0	0	127	42.1102362204724
A_PA	868	127	T	0	0	127	42.5590551181102
A_PA	869	127	T	0	0	126	43.0396825396825
A_PA	870	127	G	0	0	127	41.6535433070866
A_PA	871	127	A	0	0	127	41.1496062992126
A_PA	872	127	G	0	0	126	40.6984126984127
A_PA	873	127	C	0	0	126	40.8888888888889
A_PA	874	127	A	0	0	127	40.1968503937008
A_PA	875	127	T	0	0	127	41.7322834645669
A_PA	876	127	T	0	0	127	41.4173228346457
A_PA	877	128	G	0	0	128	41.28125
A_PA	878	128	A	0	0	128	41.8203125
A_PA	879	128	A	0	0	128	42.0625
A_PA	880	128	G	0	0	128	41.8359375
A_PA	881	128	A	0	0	127	41.6614173228346
A_PA	882	128	C	0	0	127	40.6771653543307
A_PA	883	128	C	0	0	127	41.5275590551181
A_PA	884	128	C	0	0	127	41.0551181102362
A_PA	885	128	A	0	0	128	41.21875
A_PA	886	128	A	0	0	128	41.5703125
A_PA	887	128	G	0	0	128	40.9140625
A_PA	888	128	T	0	0	128	41.34375
A_PA	889	128	C	0	0	128	40.0703125
A_PA	890	128	A	0	0	128	40.1171875
A_PA	891	128	C	0	0	128	39.7734375
A_PA	892	128	G	0	0	128	36.859375
A_PA	893	128	A	0	0	128	38.0390625
A_PA	894	127	A	1	0	127	38.6614173228346
A_PA	895	127	G	1	0	127	38.7007874015748
A_PA	896	125	G	3	0	125	40.464
A_PA	897	126	A	2	0	125	41.688
A_PA	898	129	G	0	0	128	39.90625
A_PA	899	129	A	0	0	129	39.5193798449612
A_PA	900	129	A	0	0	129	39.2635658914729
A_PA	901	129	G	0	0	129	38.3720930232558
A_PA	902	129	G	0	0	129	40.2713178294574
A_PA	903	129	G	0	0	129	40.7209302325581
A_PA	904	129	A	0	0	129	41.2325581395349
A_PA	905	129	T	0	0	129	41.3643410852713
A_PA	906	129	C	0	0	128	38.765625
A_PA	907	129	C	0	0	129	40.1085271317829
A_PA	908	129	C	0	0	129	39.093023255814
A_PA	909	129	A	0	0	129	37.7829457364341
A_PA	910	129	T	0	0	129	38.5348837209302
A_PA	911	129	T	0	0	129	39.8062015503876
A_PA	912	129	A	0	0	129	39.5193798449612
A_PA	913	129	T	0	0	129	40.1472868217054
A_PA	914	129	A	0	0	129	40.2868217054264
A_PA	915	129	T	0	0	129	39.3178294573643
A_PA	916	129	G	0	0	129	39.5116279069767
A_PA	917	129	A	0	0	129	40.093023255814
A_PA	918	129	T	0	0	129	40.0852713178295
A_PA	919	129	G	0	0	129	40.3100775193798
A_PA	920	129	C	0	0	128	41.859375
A_PA	921	129	A	0	0	129	40.6666666666667
A_PA	922	129	A	0	0	129	40.2248062015504
A_PA	923	129	T	0	0	129	41.1627906976744
A_PA	924	129	C	0	0	129	39.5348837209302
A_PA	925	129	A	0	0	129	38.6511627906977
A_PA	926	129	A	0	0	129	39.2015503875969
A_PA	927	128	G	1	0	128	38.515625
A_PA	928	129	T	0	0	128	38.7265625
A_PA	929	128	G	1	0	128	37.9140625
A_PA	930	129	C	0	0	128	38.03125
A_PA	931	129	A	0	0	129	37.9302325581395
A_PA	932	129	T	0	0	128	38.4296875
A_PA	933	129	G	0	0	128	37.53125
A_PA	934	129	A	0	0	129	39.6821705426357
A_PA	935	129	A	0	0	128	39.2109375
A_PA	936	129	A	0	0	128	41.4765625
A_PA	937	129	A	0	0	129	40.8294573643411
A_PA	938	129	C	0	0	129	41.0542635658915
A_PA	939	128	A	1	0	128	39.4375
A_PA	940	128	T	1	0	128	39.5390625
A_PA	941	128	T	1	0	128	39.125
A_PA	942	128	C	1	0	128	37.9609375
A_PA	943	128	T	1	0	128	37.71875
A_PA	944	129	T	0	0	129	38.3410852713178
A_PA	945	129	T	0	0	129	38.4806201550388
A_PA	946	129	G	0	0	129	36.1705426356589
A_PA	947	129	G	0	0	129	37.2170542635659
A_PA	948	129	A	0	0	129	38.5581395348837
A_PA	949	129	T	0	0	129	39.1317829457364
A_PA	950	129	G	0	0	129	38.7131782945736
A_PA	951	129	G	0	0	129	39.7054263565892
A_PA	952	129	A	0	0	129	39.0852713178295
A_PA	953	129	A	0	0	129	40.2945736434108
A_PA	954	129	A	0	0	129	41.8682170542636
A_PA	955	129	G	0	0	129	39.9767441860465
A_PA	956	129	A	0	0	129	40.3410852713178
A_PA	957	129	A	0	0	129	40.5581395348837
A_PA	958	129	C	0	0	129	39.6201550387597
A_PA	959	129	C	0	0	129	39.7829457364341
A_PA	960	129	T	0	0	129	41.3565891472868
A_PA	961	129	T	0	0	129	41.968992248062
A_PA	962	129	G	0	0	129	41.015503875969
A_PA	963	129	T	0	0	129	41.5581395348837
A_PA	964	129	A	0	0	129	42.4341085271318
A_PA	965	129	T	0	0	129	43.5968992248062
A_PA	966	129	A	0	0	129	42.1472868217054
A_PA	967	129	G	0	0	128	41.7109375
A_PA	968	129	T	0	0	128	41.5546875
A_PA	969	129	C	0	0	128	41.2109375
A_PA	970	129	A	0	0	129	40.3565891472868
A_PA	971	129	A	0	0	129	41.3488372093023
A_PA	972	129	A	0	0	129	41.046511627907
A_PA	973	129	C	0	0	129	41.0852713178295
A_PA	974	129	C	0	0	129	39.8914728682171
A_PA	975	129	A	0	0	129	40.6821705426357
A_PA	976	129	C	0	0	129	41.1007751937984
A_PA	977	129	A	0	0	128	41.6171875
A_PA	978	129	C	0	0	129	40.4496124031008
A_PA	979	126	G	3	0	124	38.3145161290323
A_PA	980	123	A	6	0	122	37.1803278688525
A_PA	981	128	A	1	0	128	37.421875
A_PA	982	129	A	0	0	129	38.5581395348837
A_PA	983	128	A	1	0	127	40.1259842519685
A_PA	984	127	G	2	0	127	40.2204724409449
A_PA	985	129	G	0	0	129	41.4728682170543
A_PA	986	129	G	0	0	129	40.6124031007752
A_PA	987	129	A	0	0	129	40.6589147286822
A_PA	988	128	A	1	0	128	42.03125
A_PA	989	128	T	1	0	125	41.808
A_PA	990	129	A	0	0	126	41.3333333333333
A_PA	991	129	A	0	0	129	41.9147286821705
A_PA	992	128	A	1	0	127	41.748031496063
A_PA	993	128	T	1	0	128	41.75
A_PA	994	129	T	0	0	129	42.1317829457364
A_PA	995	128	C	1	0	127	40.9291338582677
A_PA	996	129	A	0	0	129	41.1240310077519
A_PA	997	129	A	0	0	128	42.171875
A_PA	998	129	A	0	0	129	42.6666666666667
A_PA	999	129	T	0	0	128	42.375
A_PA	1000	129	T	0	0	129	42.9767441860465
A_PA	1001	129	A	0	0	129	41.1317829457364
A_PA	1002	129	C	0	0	129	41.4341085271318
A_PA	1003	129	C	0	0	129	40.7364341085271
A_PA	1004	129	T	0	0	129	41.2790697674419
A_PA	1005	129	G	0	0	129	40.9922480620155
A_PA	1006	129	C	0	0	129	41.5736434108527
A_PA	1007	129	T	0	0	129	42.0542635658915
A_PA	1008	129	G	0	0	129	41.6046511627907
A_PA	1009	129	T	0	0	129	41.8449612403101
A_PA	1010	129	C	0	0	129	40.4186046511628
A_PA	1011	128	A	1	0	128	40.1640625
A_PA	1012	128	T	1	0	128	40.4140625
A_PA	1013	128	G	1	0	128	39.546875
A_PA	1014	129	G	0	0	129	40.0542635658915
A_PA	1015	129	A	0	0	129	39.1240310077519
A_PA	1016	128	A	1	0	128	39.78125
A_PA	1017	128	G	1	0	128	39.5703125
A_PA	1018	129	C	0	0	129	39.3178294573643
A_PA	1019	129	A	0	0	129	38.3875968992248
A_PA	1020	129	G	0	0	129	39.4418604651163
A_PA	1021	129	G	0	0	129	39.0077519379845
A_PA	1022	128	T	1	0	128	39.5390625
A_PA	1023	128	A	1	0	128	39.421875
A_PA	1024	128	C	1	0	128	39.921875
A_PA	1025	128	T	1	0	128	40.2421875
A_PA	1026	129	G	0	0	129	39.1007751937984
A_PA	1027	128	T	1	0	127	39.9133858267717
A_PA	1028	123	C	6	0	122	35.3196721311475
A_PA	1029	129	A	0	0	129	32.6821705426357
A_PA	1030	129	G	0	0	129	31.8682170542636
A_PA	1031	128	A	1	0	128	32.484375
A_PA	1032	129	A	0	0	129	32.1937984496124
A_PA	1033	129	T	0	0	129	36.7441860465116
A_PA	1034	128	T	1	0	128	37.4296875
A_PA	1035	128	G	1	0	128	36.8046875
A_PA	1036	129	C	0	0	129	37.6279069767442
A_PA	1037	129	A	0	0	128	37.875
A_PA	1038	129	G	0	0	128	38.1953125
A_PA	1039	129	G	0	0	129	38.1240310077519
A_PA	1040	129	A	0	0	128	39.53125
A_PA	1041	129	C	0	0	128	39.984375
A_PA	1042	129	A	0	0	129	38.9302325581395
A_PA	1043	129	T	0	0	129	39.5348837209302
A_PA	1044	129	T	0	0	128	39.6484375
A_PA	1045	129	G	0	0	129	38.8837209302326
A_PA	1046	128	A	1	0	128	38.7421875
A_PA	1047	129	A	0	0	129	40.1162790697674
A_PA	1048	128	A	1	0	127	41.0157480314961
A_PA	1049	128	A	1	0	128	40.3984375
A_PA	1050	128	T	1	0	128	40.0390625
A_PA	1051	127	G	2	0	127	38.3307086614173
A_PA	1052	127	A	2	0	126	38.0634920634921
A_PA	1053	129	G	0	0	129	38.7596899224806
A_PA	1054	129	G	0	0	129	38.5658914728682
A_PA	1055	129	A	0	0	129	38.7286821705426
A_PA	1056	129	G	0	0	129	38.8837209302326
A_PA	1057	129	A	0	0	129	40.0232558139535
A_PA	1058	129	A	0	0	129	40.5116279069767
A_PA	1059	129	G	0	0	129	40.1782945736434
A_PA	1060	129	A	0	0	127	40.0866141732283
A_PA	1061	129	T	0	0	129	38.8759689922481
A_PA	1062	128	T	1	0	128	38.5859375
A_PA	1063	128	C	1	0	127	38.7244094488189
A_PA	1064	128	C	1	0	128	38.578125
A_PA	1065	128	A	1	0	128	37.640625
A_PA	1066	128	A	1	0	127	38.3779527559055
A_PA	1067	128	G	1	0	127	39.3149606299213
A_PA	1068	129	A	0	0	129	40.1782945736434
A_PA	1069	129	A	0	0	129	40.2713178294574
A_PA	1070	129	C	0	0	125	40.176
A_PA	1071	129	T	0	0	126	40.0396825396825
A_PA	1072	129	A	0	0	129	39.5968992248062
A_PA	1073	129	A	0	0	129	39.4728682170543
A_PA	1074	129	A	0	0	129	39.7596899224806
A_PA	1075	129	A	0	0	129	41.1317829457364
A_PA	1076	129	A	0	0	129	42.1240310077519
A_PA	1077	130	C	0	0	130	41.4076923076923
A_PA	1078	130	A	0	0	130	40.7923076923077
A_PA	1079	130	T	0	0	130	40.9
A_PA	1080	130	G	0	0	130	39.6
A_PA	1081	130	A	0	0	130	40.3076923076923
A_PA	1082	130	A	0	0	130	41.0538461538462
A_PA	1083	130	G	0	0	130	41.6923076923077
A_PA	1084	129	A	0	0	129	42.3255813953488
A_PA	1085	129	A	0	0	129	42.7829457364341
A_PA	1086	129	A	0	0	128	43.1953125
A_PA	1087	129	A	0	0	129	43.2015503875969
A_PA	1088	129	C	0	0	129	41.6201550387597
A_PA	1089	128	G	1	0	127	39.9527559055118
A_PA	1090	129	A	0	0	128	39.2109375
A_PA	1091	129	G	0	0	127	39.0157480314961
A_PA	1092	129	T	0	0	129	38.6976744186046
A_PA	1093	129	C	0	0	127	38.3622047244095
A_PA	1094	128	A	1	0	128	39.59375
A_PA	1095	129	A	0	0	129	39.0852713178295
A_PA	1096	129	C	0	0	129	39.8682170542636
A_PA	1097	129	T	0	0	129	40.7984496124031
A_PA	1098	129	G	0	0	128	40.65625
A_PA	1099	128	A	1	0	128	41
A_PA	1100	129	A	0	0	129	41.3643410852713
A_PA	1101	129	G	0	0	128	42.1484375
A_PA	1102	129	T	0	0	128	41.390625
A_PA	1103	128	G	1	0	128	40.921875
A_PA	1104	129	G	0	0	128	41.4921875
A_PA	1105	129	G	0	0	129	40.6666666666667
A_PA	1106	128	C	1	0	128	41.1953125
A_PA	1107	128	T	1	0	128	41.5859375
A_PA	1108	128	C	1	0	128	40.8984375
A_PA	1109	129	T	0	0	129	41.953488372093
A_PA	1110	129	T	0	0	129	41.7209302325581
A_PA	1111	130	G	0	0	130	41.4461538461538
A_PA	1112	130	G	0	0	130	40.9230769230769
A_PA	1113	130	T	0	0	128	41.3359375
A_PA	1114	129	G	1	0	129	40.7596899224806
A_PA	1115	130	A	0	0	128	41.171875
A_PA	1116	130	G	0	0	127	41.5196850393701
A_PA	1117	130	A	0	0	129	41.031007751938
A_PA	1118	130	A	0	0	130	40.8
A_PA	1119	130	C	0	0	130	41.3615384615385
A_PA	1120	130	A	0	0	129	40.7054263565892
A_PA	1121	130	T	0	0	130	41.0384615384615
A_PA	1122	130	G	0	0	129	39.4031007751938
A_PA	1123	130	G	0	0	129	40.1395348837209
A_PA	1124	130	C	0	0	130	39.3230769230769
A_PA	1125	129	A	1	0	129	39.2635658914729
A_PA	1126	129	C	1	0	129	40.031007751938
A_PA	1127	129	C	1	0	129	39.4573643410853
A_PA	1128	128	A	2	0	128	39.34375
A_PA	1129	128	G	2	0	128	38.828125
A_PA	1130	130	A	0	0	130	38.3692307692308
A_PA	1131	130	G	0	0	130	39.6076923076923
A_PA	1132	130	A	0	0	130	40.0153846153846
A_PA	1133	130	A	0	0	130	40.1615384615385
A_PA	1134	130	G	0	0	130	40.8153846153846
A_PA	1135	130	G	0	0	130	41.3615384615385
A_PA	1136	130	T	0	0	130	41.5076923076923
A_PA	1137	130	A	0	0	130	40.3
A_PA	1138	130	G	0	0	130	40.3615384615385
A_PA	1139	130	A	0	0	130	40.9307692307692
A_PA	1140	130	C	0	0	130	40.4384615384615
A_PA	1141	128	T	2	0	128	40.9296875
A_PA	1142	129	T	1	0	129	41.1782945736434
A_PA	1143	129	T	1	0	129	41.3720930232558
A_PA	1144	129	G	1	0	129	38.8604651162791
A_PA	1145	130	A	0	0	130	39.5153846153846
A_PA	1146	130	A	0	0	130	41.2692307692308
A_PA	1147	130	A	0	0	130	42.2076923076923
A_PA	1148	130	A	0	0	130	42.6
A_PA	1149	130	C	0	0	130	42.7923076923077
A_PA	1150	131	T	0	0	131	43.1832061068702
A_PA	1151	130	G	1	0	130	41.7
A_PA	1152	131	C	0	0	131	41.4732824427481
A_PA	1153	131	A	0	0	131	39.8702290076336
A_PA	1154	130	G	1	0	130	40.1846153846154
A_PA	1155	131	A	0	0	131	39.9312977099237
A_PA	1156	131	G	0	0	131	40.1374045801527
A_PA	1157	131	A	0	0	131	40.0534351145038
A_PA	1158	131	C	0	0	131	40.0229007633588
A_PA	1159	131	A	0	0	131	40.5496183206107
A_PA	1160	131	T	0	0	131	40.9007633587786
A_PA	1161	131	A	0	0	131	39.7251908396947
A_PA	1162	131	A	0	0	131	39.6259541984733
A_PA	1163	131	G	0	0	131	39.9847328244275
A_PA	1164	131	C	0	0	131	39.5114503816794
A_PA	1165	131	G	0	0	131	39.1297709923664
A_PA	1166	131	A	0	0	131	39.0610687022901
A_PA	1167	131	T	0	0	131	39.763358778626
A_PA	1168	131	T	0	0	131	40.3053435114504
A_PA	1169	131	T	0	0	131	42.0687022900763
A_PA	1170	131	G	0	0	130	43.2230769230769
A_PA	1171	131	A	0	0	131	42.9236641221374
A_PA	1172	131	A	0	0	130	42.6692307692308
A_PA	1173	131	G	0	0	131	41.969465648855
A_PA	1174	130	C	1	0	130	41.3769230769231
A_PA	1175	130	A	1	0	129	41.2480620155039
A_PA	1176	131	A	0	0	131	41.7404580152672
A_PA	1177	131	T	0	0	130	42.0538461538462
A_PA	1178	131	A	0	0	129	42.7209302325581
A_PA	1179	131	T	0	0	131	42.412213740458
A_PA	1180	131	G	0	0	131	42.0839694656489
A_PA	1181	131	A	0	0	131	41.8015267175573
A_PA	1182	131	T	0	0	131	40.6106870229008
A_PA	1183	131	A	0	0	131	39.8549618320611
A_PA	1184	131	G	0	0	131	40.9007633587786
A_PA	1185	131	T	0	0	131	41.3053435114504
A_PA	1186	131	G	0	0	131	41.1908396946565
A_PA	1187	131	A	0	0	131	41.6259541984733
A_PA	1188	131	A	0	0	131	42.5572519083969
A_PA	1189	131	G	0	0	131	41.6641221374046
A_PA	1190	130	A	0	0	130	42.1846153846154
A_PA	1191	131	A	0	0	131	41.8167938931298
A_PA	1192	131	C	0	0	131	41.5114503816794
A_PA	1193	131	C	0	0	131	39.9847328244275
A_PA	1194	130	T	1	0	130	41.0076923076923
A_PA	1195	131	G	0	0	131	39.9618320610687
A_PA	1196	131	A	0	0	131	40.2977099236641
A_PA	1197	131	A	0	0	131	40.8931297709924
A_PA	1198	131	T	0	0	130	42.6384615384615
A_PA	1199	131	T	0	0	129	41.9922480620155
A_PA	1200	131	A	0	0	129	42.5891472868217
A_PA	1201	131	A	0	0	131	42.5801526717557
A_PA	1202	132	G	0	0	132	42.5606060606061
A_PA	1203	132	G	0	0	132	42.5681818181818
A_PA	1204	132	T	0	0	131	42.6564885496183
A_PA	1205	132	C	0	0	132	41.3257575757576
A_PA	1206	132	A	0	0	132	41.5075757575758
A_PA	1207	132	C	0	0	131	42.1297709923664
A_PA	1208	132	T	0	0	131	41.8931297709924
A_PA	1209	132	C	0	0	131	42.9007633587786
A_PA	1210	132	T	0	0	132	43.0757575757576
A_PA	1211	132	C	0	0	132	42.0909090909091
A_PA	1212	132	A	0	0	132	40.3863636363636
A_PA	1213	132	A	0	0	132	39.969696969697
A_PA	1214	132	G	0	0	132	39.6212121212121
A_PA	1215	132	C	0	0	132	40.3863636363636
A_PA	1216	132	T	0	0	132	40.2424242424242
A_PA	1217	132	G	0	0	132	39.7424242424242
A_PA	1218	132	G	0	0	131	40.2519083969466
A_PA	1219	132	A	0	0	132	40.0909090909091
A_PA	1220	132	T	0	0	132	40.6818181818182
A_PA	1221	132	A	0	0	131	39.6335877862595
A_PA	1222	132	C	0	0	132	39.4242424242424
A_PA	1223	132	A	0	0	132	39.7878787878788
A_PA	1224	131	G	1	0	130	38.7538461538462
A_PA	1225	132	A	0	0	132	39.1666666666667
A_PA	1226	131	G	1	0	131	38.6335877862595
A_PA	1227	132	T	0	0	131	38.4885496183206
A_PA	1228	131	G	1	0	131	38.793893129771
A_PA	1229	132	A	0	0	132	39.7272727272727
A_PA	1230	132	G	0	0	132	40.0454545454545
A_PA	1231	132	T	0	0	132	40.219696969697
A_PA	1232	132	T	0	0	132	40.5909090909091
A_PA	1233	132	C	0	0	132	40.3560606060606
A_PA	1234	132	A	0	0	132	39.8939393939394
A_PA	1235	133	A	0	0	133	39.8571428571429
A_PA	1236	133	C	0	0	133	39.5639097744361
A_PA	1237	133	A	0	0	133	39.3383458646617
A_PA	1238	133	A	0	0	133	39.9774436090226
A_PA	1239	133	G	0	0	133	40.8270676691729
A_PA	1240	133	G	0	0	133	39.7368421052632
A_PA	1241	133	C	0	0	133	40.3984962406015
A_PA	1242	133	C	0	0	133	39.9924812030075
A_PA	1243	133	T	0	0	133	39.9924812030075
A_PA	1244	133	G	0	0	133	40.0676691729323
A_PA	1245	133	T	0	0	133	40.796992481203
A_PA	1246	133	G	0	0	133	39.8571428571429
A_PA	1247	132	A	1	0	131	40.8320610687023
A_PA	1248	133	G	0	0	132	41.030303030303
A_PA	1249	133	C	0	0	133	40.7744360902256
A_PA	1250	133	T	0	0	133	39.5563909774436
A_PA	1251	133	A	0	0	132	38.5378787878788
A_PA	1252	133	A	0	0	133	38.7218045112782
A_PA	1253	132	C	1	0	132	38.7878787878788
A_PA	1254	133	T	0	0	133	39
A_PA	1255	133	G	0	0	132	40.030303030303
A_PA	1256	133	A	0	0	133	39.5864661654135
A_PA	1257	133	T	0	0	133	40.0601503759398
A_PA	1258	133	T	0	0	133	40.3684210526316
A_PA	1259	133	C	0	0	133	39.8947368421053
A_PA	1260	133	A	0	0	133	40.6165413533835
A_PA	1261	132	G	1	0	131	40.0763358778626
A_PA	1262	133	T	0	0	133	39.7593984962406
A_PA	1263	133	C	0	0	133	39.4736842105263
A_PA	1264	133	T	0	0	133	40.5187969924812
A_PA	1265	132	G	1	0	130	39.8307692307692
A_PA	1266	132	G	1	0	132	39.6666666666667
A_PA	1267	132	A	1	0	132	39.2878787878788
A_PA	1268	132	T	1	0	132	40.3863636363636
A_PA	1269	132	A	1	0	131	39.5038167938931
A_PA	1270	131	G	2	0	130	40.9153846153846
A_PA	1271	133	A	0	0	133	40.7443609022556
A_PA	1272	133	A	0	0	132	40.4469696969697
A_PA	1273	133	C	0	0	131	40.6488549618321
A_PA	1274	133	T	0	0	133	40.2556390977444
A_PA	1275	133	C	0	0	133	39.6390977443609
A_PA	1276	133	G	0	0	133	38.9548872180451
A_PA	1277	133	A	0	0	133	38.5263157894737
A_PA	1278	133	T	0	0	133	39.5037593984962
A_PA	1279	133	G	0	0	133	39.4285714285714
A_PA	1280	133	A	0	0	133	40.3383458646617
A_PA	1281	133	A	0	0	133	42.5488721804511
A_PA	1282	133	A	0	0	133	41.3984962406015
A_PA	1283	133	T	0	0	133	41.9699248120301
A_PA	1284	133	T	0	0	133	41.812030075188
A_PA	1285	133	G	0	0	133	40.8045112781955
A_PA	1286	133	G	0	0	133	41.5714285714286
A_PA	1287	133	A	0	0	133	41.5112781954887
A_PA	1288	133	G	0	0	133	42.1428571428571
A_PA	1289	132	A	1	0	132	42.4772727272727
A_PA	1290	133	G	0	0	132	42
A_PA	1291	133	G	0	0	133	41.2781954887218
A_PA	1292	132	A	1	0	132	41.4393939393939
A_PA	1293	133	C	0	0	130	40.9307692307692
A_PA	1294	133	G	0	0	132	39.4772727272727
A_PA	1295	133	T	0	0	132	38.9621212121212
A_PA	1296	133	A	0	0	132	39.2348484848485
A_PA	1297	133	G	0	0	132	39.3333333333333
A_PA	1298	133	C	0	0	133	40.0375939849624
A_PA	1299	133	C	0	0	133	41.2857142857143
A_PA	1300	133	C	0	0	133	41.5563909774436
A_PA	1301	133	C	0	0	132	39.25
A_PA	1302	133	A	0	0	133	38.9924812030075
A_PA	1303	133	A	0	0	133	41.7067669172932
A_PA	1304	132	T	1	0	132	40.5227272727273
A_PA	1305	133	T	0	0	132	40.969696969697
A_PA	1306	133	G	0	0	132	41.5757575757576
A_PA	1307	133	A	0	0	133	41.7142857142857
A_PA	1308	133	A	0	0	133	41.0075187969925
A_PA	1309	133	C	0	0	133	41.0977443609023
A_PA	1310	133	A	0	0	133	41.2781954887218
A_PA	1311	133	C	0	0	133	41.8496240601504
A_PA	1312	133	A	0	0	133	40.9172932330827
A_PA	1313	133	T	0	0	133	41.0075187969925
A_PA	1314	133	T	0	0	133	40.4736842105263
A_PA	1315	133	G	0	0	133	40.390977443609
A_PA	1316	133	C	0	0	133	40.5563909774436
A_PA	1317	133	A	0	0	133	40.3984962406015
A_PA	1318	133	A	0	0	133	40.4586466165414
A_PA	1319	133	G	0	0	133	39.6842105263158
A_PA	1320	133	C	0	0	133	39.5338345864662
A_PA	1321	133	A	0	0	133	38.7744360902256
A_PA	1322	133	T	0	0	133	39.5488721804511
A_PA	1323	133	G	0	0	133	36.7293233082707
A_PA	1324	133	A	0	0	133	37.9248120300752
A_PA	1325	133	G	0	0	133	37.8195488721804
A_PA	1326	133	A	0	0	133	37.8045112781955
A_PA	1327	133	A	0	0	133	38.8571428571429
A_PA	1328	133	G	0	0	133	38.7368421052632
A_PA	1329	133	G	0	0	133	38.7894736842105
A_PA	1330	133	A	0	0	133	39.7368421052632
A_PA	1331	133	A	0	0	132	40.3030303030303
A_PA	1332	133	T	0	0	133	40.7669172932331
A_PA	1333	133	T	0	0	133	40.5037593984962
A_PA	1334	133	A	0	0	133	40.0375939849624
A_PA	1335	133	T	0	0	133	40.5338345864662
A_PA	1336	133	T	0	0	132	41.0530303030303
A_PA	1337	133	T	0	0	133	41.4135338345865
A_PA	1338	132	C	1	0	132	40.1515151515151
A_PA	1339	132	A	1	0	132	39.7348484848485
A_PA	1340	132	C	1	0	132	38.9924242424242
A_PA	1341	133	A	0	0	133	38.5563909774436
A_PA	1342	133	G	0	0	133	38.6842105263158
A_PA	1343	133	C	0	0	132	38.0984848484849
A_PA	1344	133	A	0	0	132	39.1212121212121
A_PA	1345	133	G	0	0	133	40.1353383458647
A_PA	1346	133	A	0	0	133	39.7368421052632
A_PA	1347	133	G	0	0	133	39.3759398496241
A_PA	1348	132	G	1	0	132	40.5757575757576
A_PA	1349	132	T	1	0	132	40.8030303030303
A_PA	1350	132	G	1	0	132	40.2651515151515
A_PA	1351	132	T	1	0	132	40.4393939393939
A_PA	1352	129	C	4	0	129	37.3410852713178
A_PA	1353	132	C	1	0	132	37.5454545454545
A_PA	1354	132	C	1	0	132	36.8712121212121
A_PA	1355	133	A	0	0	133	35.5112781954887
A_PA	1356	133	T	0	0	133	36.3834586466165
A_PA	1357	133	T	0	0	133	39.4736842105263
A_PA	1358	133	G	0	0	133	39.5338345864662
A_PA	1359	133	T	0	0	133	39.5488721804511
A_PA	1360	133	A	0	0	133	39.5413533834586
A_PA	1361	133	G	0	0	133	39.8947368421053
A_PA	1362	133	A	0	0	133	40.3308270676692
A_PA	1363	133	G	0	0	133	40.6315789473684
A_PA	1364	133	C	0	0	132	40.8484848484849
A_PA	1365	133	T	0	0	133	40.7218045112782
A_PA	1366	133	A	0	0	133	40.7218045112782
A_PA	1367	133	C	0	0	133	40.8796992481203
A_PA	1368	133	T	0	0	133	41.015037593985
A_PA	1369	133	G	0	0	133	40.8421052631579
A_PA	1370	132	A	1	0	132	40.9166666666667
A_PA	1371	133	A	0	0	133	41.3308270676692
A_PA	1372	133	T	0	0	132	42.0530303030303
A_PA	1373	133	A	0	0	133	41.5112781954887
A_PA	1374	133	C	0	0	133	41.812030075188
A_PA	1375	133	A	0	0	133	41.812030075188
A_PA	1376	133	T	0	0	132	41.6212121212121
A_PA	1377	133	A	0	0	133	41.015037593985
A_PA	1378	133	A	0	0	133	42.1353383458647
A_PA	1379	133	T	0	0	132	42.3636363636364
A_PA	1380	133	G	0	0	132	41.4166666666667
A_PA	1381	133	A	0	0	133	39.9323308270677
A_PA	1382	133	A	0	0	133	42.2781954887218
A_PA	1383	133	A	0	0	133	42.1654135338346
A_PA	1384	133	G	0	0	132	42.1060606060606
A_PA	1385	133	G	0	0	133	42.8270676691729
A_PA	1386	132	G	1	0	132	43.1363636363636
A_PA	1387	132	G	1	0	132	42.7954545454545
A_PA	1388	132	T	1	0	131	41.4809160305344
A_PA	1389	132	A	1	0	130	41.9692307692308
A_PA	1390	133	T	0	0	131	41.4732824427481
A_PA	1391	133	A	0	0	133	40.2781954887218
A_PA	1392	132	C	1	0	130	40.5615384615385
A_PA	1393	132	A	1	0	132	40.4848484848485
A_PA	1394	132	T	1	0	131	40.3664122137405
A_PA	1395	132	T	1	0	130	39.7846153846154
A_PA	1396	132	A	1	0	131	40.0687022900763
A_PA	1397	133	A	0	0	132	40.5
A_PA	1398	133	T	0	0	132	41.280303030303
A_PA	1399	133	A	0	0	132	41.8333333333333
A_PA	1400	133	C	0	0	133	41.4887218045113
A_PA	1401	132	T	1	0	132	41.5
A_PA	1402	133	G	0	0	133	40.5563909774436
A_PA	1403	132	C	1	0	131	40.5954198473282
A_PA	1404	133	C	0	0	133	39.7293233082707
A_PA	1405	132	C	1	0	132	38.9469696969697
A_PA	1406	132	T	1	0	132	37.1287878787879
A_PA	1407	132	G	1	0	132	37.4242424242424
A_PA	1408	132	C	1	0	132	38.6515151515151
A_PA	1409	131	T	2	0	131	39.7404580152672
A_PA	1410	133	C	0	0	131	40.0152671755725
A_PA	1411	133	A	0	0	133	39.6466165413534
A_PA	1412	133	A	0	0	133	39.4661654135338
A_PA	1413	133	T	0	0	132	39.5227272727273
A_PA	1414	133	G	0	0	132	39.0151515151515
A_PA	1415	133	C	0	0	133	39.8421052631579
A_PA	1416	133	A	0	0	133	40.1127819548872
A_PA	1417	133	T	0	0	133	40.4436090225564
A_PA	1418	132	C	1	0	132	39.6212121212121
A_PA	1419	133	C	0	0	133	39.8796992481203
A_PA	1420	133	T	0	0	133	40.5338345864662
A_PA	1421	133	G	0	0	133	40.2105263157895
A_PA	1422	133	T	0	0	133	39.9248120300752
A_PA	1423	133	G	0	0	133	40.203007518797
A_PA	1424	133	C	0	0	132	39.780303030303
A_PA	1425	133	A	0	0	133	39.6165413533835
A_PA	1426	133	G	0	0	133	39.7067669172932
A_PA	1427	133	C	0	0	133	40.015037593985
A_PA	1428	133	A	0	0	133	40.0751879699248
A_PA	1429	133	A	0	0	133	41.1954887218045
A_PA	1430	133	T	0	0	133	41.187969924812
A_PA	1431	133	G	0	0	133	41.0526315789474
A_PA	1432	133	G	0	0	132	40.1666666666667
A_PA	1433	133	A	0	0	131	40.1832061068702
A_PA	1434	133	C	0	0	131	38.1297709923664
A_PA	1435	132	G	1	0	129	35.3953488372093
A_PA	1436	134	A	0	0	134	33.4253731343284
A_PA	1437	133	T	1	0	132	33.0227272727273
A_PA	1438	135	T	0	0	134	32.9701492537313
A_PA	1439	135	T	0	0	135	35.3259259259259
A_PA	1440	135	T	0	0	134	36.2014925373134
A_PA	1441	135	C	0	0	134	35.365671641791
A_PA	1442	135	A	0	0	134	37.544776119403
A_PA	1443	135	A	0	0	135	38.5925925925926
A_PA	1444	135	C	0	0	135	38.1037037037037
A_PA	1445	134	T	0	0	133	39.1954887218045
A_PA	1446	134	A	0	0	134	38.3134328358209
A_PA	1447	134	A	0	0	133	37.6691729323308
A_PA	1448	134	T	0	0	133	38.0225563909774
A_PA	1449	134	T	0	0	134	38.6567164179104
A_PA	1450	133	C	1	0	132	36.4015151515151
A_PA	1451	134	C	0	0	134	36.9776119402985
A_PA	1452	134	C	0	0	133	38.1052631578947
A_PA	1453	134	A	0	0	133	35.796992481203
A_PA	1454	134	T	0	0	133	36.4436090225564
A_PA	1455	134	G	0	0	134	37.7313432835821
A_PA	1456	134	A	0	0	134	39.0597014925373
A_PA	1457	134	T	0	0	133	39.7293233082707
A_PA	1458	134	A	0	0	133	39.8571428571429
A_PA	1459	134	A	0	0	134	39.955223880597
A_PA	1460	134	G	0	0	134	39.7985074626866
A_PA	1461	134	C	0	0	134	39.9626865671642
A_PA	1462	134	A	0	0	134	39.589552238806
A_PA	1463	134	A	0	0	134	40.589552238806
A_PA	1464	134	G	0	0	134	39.2686567164179
A_PA	1465	134	T	0	0	134	40.1567164179104
A_PA	1466	134	G	0	0	134	39.7313432835821
A_PA	1467	134	C	0	0	133	40.2255639097744
A_PA	1468	134	A	0	0	134	39.8358208955224
A_PA	1469	134	G	0	0	134	39.9029850746269
A_PA	1470	134	A	0	0	133	40.5338345864662
A_PA	1471	134	A	0	0	134	39.9402985074627
A_PA	1472	134	C	0	0	133	39.4586466165414
A_PA	1473	134	T	0	0	133	39.8496240601504
A_PA	1474	127	A	7	0	127	38.3070866141732
A_PA	1475	134	A	0	0	134	39.2611940298507
A_PA	1476	134	A	0	0	134	38.7537313432836
A_PA	1477	134	G	0	0	134	37.6940298507463
A_PA	1478	133	A	1	0	133	39.2105263157895
A_PA	1479	132	G	2	0	132	39.2272727272727
A_PA	1480	133	G	1	0	133	39.3308270676692
A_PA	1481	133	G	1	0	133	39.0075187969925
A_PA	1482	132	A	2	0	131	38.4274809160305
A_PA	1483	134	A	0	0	134	38.3955223880597
A_PA	1484	134	G	0	0	134	38.9477611940299
A_PA	1485	134	G	0	0	133	39.609022556391
A_PA	1486	134	C	0	0	133	38.8571428571429
A_PA	1487	134	G	0	0	131	37.8854961832061
A_PA	1488	132	A	2	0	132	37.5530303030303
A_PA	1489	132	A	2	0	131	37.8778625954198
A_PA	1490	132	A	2	0	131	37.0229007633588
A_PA	1491	134	A	0	0	134	39.2835820895522
A_PA	1492	134	A	0	0	133	40.812030075188
A_PA	1493	134	C	0	0	132	40.2348484848485
A_PA	1494	134	C	0	0	133	39.6390977443609
A_PA	1495	134	A	0	0	134	40.0223880597015
A_PA	1496	134	A	0	0	134	39.4253731343284
A_PA	1497	134	T	0	0	134	40.910447761194
A_PA	1498	134	T	0	0	134	40.1716417910448
A_PA	1499	134	T	0	0	134	40.2686567164179
A_PA	1500	134	A	0	0	134	40.0149253731343
A_PA	1501	134	T	0	0	134	40.2985074626866
A_PA	1502	134	A	0	0	134	40.2761194029851
A_PA	1503	134	T	0	0	134	39.8134328358209
A_PA	1504	134	G	0	0	134	40.1641791044776
A_PA	1505	134	G	0	0	134	40.1492537313433
A_PA	1506	134	A	0	0	134	40.410447761194
A_PA	1507	134	T	0	0	134	41.1044776119403
A_PA	1508	133	T	1	0	133	39.9248120300752
A_PA	1509	133	C	1	0	133	39.9097744360902
A_PA	1510	133	A	1	0	133	39.2631578947368
A_PA	1511	134	T	0	0	134	39.2835820895522
A_PA	1512	134	C	0	0	134	37.4850746268657
A_PA	1513	134	A	0	0	134	37.634328358209
A_PA	1514	133	T	1	0	133	37.6165413533835
A_PA	1515	132	A	2	0	132	36.9545454545455
A_PA	1516	133	A	1	0	133	36.5864661654135
A_PA	1517	132	A	2	0	131	37.2977099236641
A_PA	1518	132	G	2	0	132	36.0909090909091
A_PA	1519	133	G	1	0	133	39.1578947368421
A_PA	1520	133	G	1	0	133	39.2932330827068
A_PA	1521	132	A	2	0	130	38.9769230769231
A_PA	1522	133	A	1	0	133	39.6842105263158
A_PA	1523	133	G	1	0	132	39.4242424242424
A_PA	1524	133	A	1	0	132	39.1363636363636
A_PA	1525	133	T	1	0	132	38.9318181818182
A_PA	1526	133	C	1	0	132	39.2575757575758
A_PA	1527	133	T	1	0	132	38.4848484848485
A_PA	1528	133	C	1	0	133	38.2706766917293
A_PA	1529	132	A	1	0	132	37.9015151515151
A_PA	1530	131	C	2	0	131	38.0381679389313
A_PA	1531	132	C	1	0	132	38.6969696969697
A_PA	1532	132	T	1	0	132	39.3484848484849
A_PA	1533	131	G	2	0	131	38.7328244274809
A_PA	1534	132	A	1	0	132	39.280303030303
A_PA	1535	132	G	1	0	132	40.5530303030303
A_PA	1536	132	G	1	0	132	40.1515151515151
A_PA	1537	132	A	1	0	130	41.3
A_PA	1538	132	A	1	0	132	40.5530303030303
A_PA	1539	132	T	1	0	132	40.0530303030303
A_PA	1540	132	G	1	0	132	38.3181818181818
A_PA	1541	132	A	1	0	131	38.8091603053435
A_PA	1542	132	C	1	0	131	38.5343511450382
A_PA	1543	132	A	1	0	132	37.7575757575758
A_PA	1544	132	C	1	0	131	38.3206106870229
A_PA	1545	132	A	1	0	132	38.4772727272727
A_PA	1546	132	G	1	0	131	40.2824427480916
A_PA	1547	132	A	1	0	132	39.5227272727273
A_PA	1548	132	T	1	0	132	40.3106060606061
A_PA	1549	132	G	1	0	132	40.1742424242424
A_PA	1550	132	T	1	0	132	40.5227272727273
A_PA	1551	132	G	1	0	132	39.9545454545455
A_PA	1552	132	G	1	0	132	39.969696969697
A_PA	1553	132	T	1	0	132	40.0151515151515
A_PA	1554	131	A	2	0	131	40.1832061068702
A_PA	1555	132	A	1	0	132	40.9015151515151
A_PA	1556	132	A	1	0	132	40.6439393939394
A_PA	1557	132	C	1	0	132	40.5378787878788
A_PA	1558	132	T	1	0	132	40.4242424242424
A_PA	1559	132	T	1	0	132	40.4469696969697
A_PA	1560	132	T	1	0	132	41.5075757575758
A_PA	1561	132	G	1	0	132	39.9242424242424
A_PA	1562	132	T	1	0	132	40.7878787878788
A_PA	1563	132	G	1	0	132	39.8939393939394
A_PA	1564	132	A	1	0	132	40.3106060606061
A_PA	1565	132	G	1	0	131	39.4503816793893
A_PA	1566	132	C	1	0	132	39.3181818181818
A_PA	1567	132	A	1	0	132	40.4393939393939
A_PA	1568	132	T	1	0	131	40.7557251908397
A_PA	1569	131	G	2	0	131	39.8778625954198
A_PA	1570	130	G	3	0	130	39.7538461538462
A_PA	1571	131	A	2	0	131	39.8167938931298
A_PA	1572	131	G	2	0	128	39.28125
A_PA	1573	128	T	5	0	128	39.4296875
A_PA	1574	132	T	1	0	132	38.6742424242424
A_PA	1575	132	T	1	0	130	40.4153846153846
A_PA	1576	130	T	3	0	130	37.0615384615385
A_PA	1577	130	C	3	0	129	36.0542635658915
A_PA	1578	132	T	1	0	132	38.1287878787879
A_PA	1579	129	C	4	0	129	35.7829457364341
A_PA	1580	132	T	1	0	131	35.2748091603053
A_PA	1581	124	C	9	0	122	33.6393442622951
A_PA	1582	132	A	1	0	132	36.7575757575758
A_PA	1583	132	C	1	0	131	37.1068702290076
A_PA	1584	132	A	1	0	132	38.7575757575758
A_PA	1585	132	G	1	0	131	39.3282442748092
A_PA	1586	132	A	1	0	132	39.2045454545455
A_PA	1587	132	T	1	0	132	39.6818181818182
A_PA	1588	132	C	1	0	131	39.8702290076336
A_PA	1589	132	C	1	0	131	40.1908396946565
A_PA	1590	131	G	2	0	130	39.3615384615385
A_PA	1591	131	A	2	0	131	39.3511450381679
A_PA	1592	130	G	3	0	128	39.03125
A_PA	1593	132	A	1	0	131	39.1297709923664
A_PA	1594	132	C	1	0	131	39.206106870229
A_PA	1595	132	T	1	0	131	39.7404580152672
A_PA	1596	133	T	0	0	131	38.9923664122137
A_PA	1597	132	G	1	0	128	37.5234375
A_PA	1598	132	A	1	0	132	38.0151515151515
A_PA	1599	132	A	1	0	132	39.0909090909091
A_PA	1600	132	C	1	0	132	40.9772727272727
A_PA	1601	131	C	1	0	128	41.2265625
A_PA	1602	132	A	0	0	132	41.0454545454545
A_PA	1603	132	C	0	0	132	41.0606060606061
A_PA	1604	132	A	0	0	132	41.2272727272727
A_PA	1605	133	T	0	0	133	41.3834586466165
A_PA	1606	131	A	2	0	131	39.7251908396947
A_PA	1607	131	A	2	0	131	40.030534351145
A_PA	1608	132	A	1	0	132	40.1742424242424
A_PA	1609	132	T	1	0	130	39.7538461538462
A_PA	1610	132	G	1	0	132	39.3787878787879
A_PA	1611	132	G	1	0	132	39.1287878787879
A_PA	1612	132	G	1	0	132	39.5227272727273
A_PA	1613	132	A	1	0	132	40.1515151515151
A_PA	1614	132	G	1	0	132	41.1969696969697
A_PA	1615	133	A	0	0	133	40.9924812030075
A_PA	1616	133	A	0	0	133	40.4962406015038
A_PA	1617	133	A	0	0	133	40.5187969924812
A_PA	1618	133	T	0	0	133	40.9097744360902
A_PA	1619	133	A	0	0	133	40.1804511278196
A_PA	1620	133	T	0	0	133	39.8496240601504
A_PA	1621	133	T	0	0	133	40.4285714285714
A_PA	1622	133	G	0	0	133	39.7744360902256
A_PA	1623	133	T	0	0	133	39.7593984962406
A_PA	1624	132	G	1	0	132	40.4772727272727
A_PA	1625	132	T	1	0	132	40.7045454545455
A_PA	1626	132	C	1	0	131	40.2977099236641
A_PA	1627	133	C	0	0	133	39.7669172932331
A_PA	1628	133	T	0	0	133	40.4210526315789
A_PA	1629	133	T	0	0	131	40.3129770992366
A_PA	1630	133	G	0	0	132	39.6439393939394
A_PA	1631	133	A	0	0	133	40.5338345864662
A_PA	1632	133	G	0	0	132	41.2045454545455
A_PA	1633	133	A	0	0	133	40.8421052631579
A_PA	1634	133	T	0	0	133	40.6842105263158
A_PA	1635	133	A	0	0	133	38.6541353383459
A_PA	1636	133	G	0	0	133	38.203007518797
A_PA	1637	133	G	0	0	132	37.9318181818182
A_PA	1638	133	A	0	0	133	38.187969924812
A_PA	1639	133	G	0	0	133	39.5037593984962
A_PA	1640	133	A	0	0	133	40.1052631578947
A_PA	1641	133	T	0	0	133	41.0751879699248
A_PA	1642	133	A	0	0	133	40.1127819548872
A_PA	1643	133	T	0	0	133	40.5563909774436
A_PA	1644	133	G	0	0	133	40.0601503759398
A_PA	1645	132	T	1	0	132	39.1666666666667
A_PA	1646	134	T	0	0	134	37.6194029850746
A_PA	1647	132	A	2	0	132	34.4015151515151
A_PA	1648	134	C	0	0	133	34.2330827067669
A_PA	1649	134	T	0	0	133	35.6015037593985
A_PA	1650	134	A	1	0	133	35.5714285714286
A_PA	1651	134	A	1	0	134	36.0074626865672
A_PA	1652	135	G	0	0	135	37.8296296296296
A_PA	1653	135	G	0	0	135	38.5925925925926
A_PA	1654	135	A	0	0	135	40.0740740740741
A_PA	1655	135	G	0	0	135	39.6666666666667
A_PA	1656	135	T	0	0	135	39.8592592592593
A_PA	1657	135	G	0	0	135	39.3185185185185
A_PA	1658	135	C	0	0	135	39.9481481481481
A_PA	1659	135	C	0	0	135	40.4222222222222
A_PA	1660	135	A	0	0	135	41.0592592592593
A_PA	1661	135	T	0	0	134	40.6940298507463
A_PA	1662	135	A	0	0	134	38.8880597014925
A_PA	1663	135	G	0	0	134	40.1641791044776
A_PA	1664	135	G	0	0	135	38.9259259259259
A_PA	1665	135	C	0	0	135	39.3851851851852
A_PA	1666	135	C	0	0	135	39.7851851851852
A_PA	1667	135	A	0	0	135	40.9037037037037
A_PA	1668	135	A	0	0	135	41.0296296296296
A_PA	1669	135	A	0	0	135	41.2962962962963
A_PA	1670	135	T	0	0	135	41.4296296296296
A_PA	1671	135	T	0	0	135	41.9111111111111
A_PA	1672	135	T	0	0	135	42.4148148148148
A_PA	1673	135	C	0	0	135	40.9851851851852
A_PA	1674	135	A	0	0	135	41.3925925925926
A_PA	1675	135	A	0	0	135	41.3925925925926
A_PA	1676	135	G	0	0	135	41.2444444444444
A_PA	1677	135	G	0	0	135	41.1481481481481
A_PA	1678	135	C	0	0	135	40.6888888888889
A_PA	1679	135	C	0	0	135	39.6
A_PA	1680	134	A	1	0	133	39.7218045112782
A_PA	1681	135	A	0	0	135	38.9037037037037
A_PA	1682	135	T	0	0	135	39.5037037037037
A_PA	1683	135	G	0	0	135	38.4962962962963
A_PA	1684	134	T	1	0	134	40.2910447761194
A_PA	1685	135	T	0	0	134	39.8507462686567
A_PA	1686	135	C	0	0	135	38.9555555555556
A_PA	1687	135	T	0	0	135	39.3259259259259
A_PA	1688	135	T	0	0	135	39.2962962962963
A_PA	1689	135	G	0	0	135	39.2222222222222
A_PA	1690	135	T	0	0	135	39.6888888888889
A_PA	1691	135	A	0	0	135	39.162962962963
A_PA	1692	135	T	1	0	135	39.5777777777778
A_PA	1693	135	G	1	0	135	39.7259259259259
A_PA	1694	136	T	0	0	136	39.7941176470588
A_PA	1695	136	G	0	0	136	39.4044117647059
A_PA	1696	136	A	0	0	136	39.5955882352941
A_PA	1697	136	G	0	0	136	40.1029411764706
A_PA	1698	136	G	0	0	136	39.3088235294118
A_PA	1699	136	A	0	0	136	38.8088235294118
A_PA	1700	136	C	0	0	134	39.7985074626866
A_PA	1701	136	A	0	0	136	38.7132352941176
A_PA	1702	136	A	0	0	136	39.3823529411765
A_PA	1703	136	A	0	0	136	39.6323529411765
A_PA	1704	136	C	0	0	135	38.8148148148148
A_PA	1705	136	G	0	0	135	38.6666666666667
A_PA	1706	136	G	0	0	136	38.3308823529412
A_PA	1707	136	A	0	0	136	38.9705882352941
A_PA	1708	137	A	0	0	137	38.4963503649635
A_PA	1709	137	C	0	0	137	39
A_PA	1710	137	A	0	0	137	40.3357664233577
A_PA	1711	137	T	0	0	137	40.036496350365
A_PA	1712	137	C	0	0	137	39.7445255474453
A_PA	1713	137	A	0	0	137	39.8394160583942
A_PA	1714	137	A	0	0	137	40.9197080291971
A_PA	1715	136	A	1	0	136	40.5808823529412
A_PA	1716	136	A	1	0	136	41.3823529411765
A_PA	1717	136	G	1	0	135	41.1851851851852
A_PA	1718	137	T	0	0	136	40.9632352941176
A_PA	1719	136	C	1	0	136	39.2720588235294
A_PA	1720	137	A	0	0	135	39.8666666666667
A_PA	1721	137	A	0	0	137	39.3576642335766
A_PA	1722	137	A	0	0	137	40.7518248175182
A_PA	1723	137	A	0	0	136	41.1985294117647
A_PA	1724	140	T	0	0	140	40.55
A_PA	1725	139	G	1	0	139	37.3021582733813
A_PA	1726	140	A	0	0	140	37.2571428571429
A_PA	1727	140	A	0	0	140	38.9214285714286
A_PA	1728	139	A	1	0	139	39.9280575539568
A_PA	1729	139	T	1	0	139	40.273381294964
A_PA	1730	139	G	1	0	139	38.9352517985612
A_PA	1731	140	G	0	0	140	38.0642857142857
A_PA	1732	141	G	0	0	141	39.2553191489362
A_PA	1733	141	G	0	0	140	39.7142857142857
A_PA	1734	167	A	0	0	167	39.9580838323353
A_PA	1735	167	A	0	0	166	40.066265060241
A_PA	1736	167	T	0	0	167	39.1197604790419
A_PA	1737	167	G	0	0	167	37.6706586826347
A_PA	1738	167	G	0	0	167	37.6287425149701
A_PA	1739	167	A	0	0	166	37.7469879518072
A_PA	1740	167	G	0	0	167	38.1676646706587
A_PA	1741	167	A	0	0	167	38.2994011976048
A_PA	1742	167	T	0	0	167	39.0718562874251
A_PA	1743	166	G	1	0	164	36.9390243902439
A_PA	1744	166	A	1	0	166	36.7289156626506
A_PA	1745	168	G	0	0	166	36.1506024096386
A_PA	1746	168	A	0	0	168	35.9047619047619
A_PA	1747	168	C	0	0	167	36.2574850299401
A_PA	1748	168	G	0	0	166	35.4819277108434
A_PA	1749	168	T	0	0	168	35.8154761904762
A_PA	1750	168	T	0	0	168	35.9345238095238
A_PA	1751	167	G	1	0	166	34.8855421686747
A_PA	1752	166	C	2	0	166	35.1686746987952
A_PA	1753	168	C	0	0	168	35.4523809523809
A_PA	1754	168	T	0	0	167	35.125748502994
A_PA	1755	168	C	0	0	167	34.8323353293413
A_PA	1756	168	C	0	0	168	37.1785714285714
A_PA	1757	164	T	4	0	162	35.9012345679012
A_PA	1758	167	T	1	0	167	34.437125748503
A_PA	1759	166	C	1	0	166	33.9096385542169
A_PA	1760	167	A	0	0	167	33.311377245509
A_PA	1761	167	G	0	0	167	33.5868263473054
A_PA	1762	167	T	0	0	166	36.8855421686747
A_PA	1763	167	C	0	0	167	37.5149700598802
A_PA	1764	167	A	0	0	167	37.7005988023952
A_PA	1765	167	C	0	0	167	38.4850299401198
A_PA	1766	167	T	0	0	167	39.1736526946108
A_PA	1767	167	C	0	0	167	38.4251497005988
A_PA	1768	167	C	0	0	167	38.6107784431138
A_PA	1769	167	A	0	0	167	36.9101796407186
A_PA	1770	167	G	0	0	167	37.9760479041916
A_PA	1771	167	C	0	0	167	38.6287425149701
A_PA	1772	167	A	0	0	167	37.4610778443114
A_PA	1773	167	G	0	0	167	37.3233532934132
A_PA	1774	167	A	0	0	167	37.1137724550898
A_PA	1775	167	T	0	0	167	37.3473053892216
A_PA	1776	167	C	0	0	165	35.2060606060606
A_PA	1777	167	G	0	0	167	34.8862275449102
A_PA	1778	168	A	0	0	168	34.75
A_PA	1779	168	G	0	0	167	35.3952095808383
A_PA	1780	169	A	0	0	166	35.9156626506024
A_PA	1781	170	G	0	0	169	36.8934911242604
A_PA	1782	170	C	0	0	170	37.2176470588235
A_PA	1783	171	A	0	0	171	36.374269005848
A_PA	1784	179	T	0	0	179	36.7486033519553
A_PA	1785	179	G	0	0	176	36.4659090909091
A_PA	1786	180	A	0	0	180	37.35
A_PA	1787	179	T	1	0	178	38.1011235955056
A_PA	1788	181	T	1	0	181	38.3314917127072
A_PA	1789	181	G	1	0	180	38.5722222222222
A_PA	1790	182	A	1	0	182	38.8406593406593
A_PA	1791	182	A	1	0	182	39.6538461538462
A_PA	1792	182	G	1	0	181	39.9060773480663
A_PA	1793	182	C	1	0	182	39.5659340659341
A_PA	1794	182	C	1	0	182	38.6318681318681
A_PA	1795	182	G	1	0	180	38.3666666666667
A_PA	1796	183	A	1	0	183	37.3060109289617
A_PA	1797	183	G	1	0	183	36.5628415300546
A_PA	1798	183	T	1	0	183	37.1530054644809
A_PA	1799	183	C	1	0	183	36.879781420765
A_PA	1800	182	C	2	0	182	38.0714285714286
A_PA	1801	182	T	2	0	182	38.0494505494505
A_PA	1802	183	C	1	0	183	36.7868852459016
A_PA	1803	183	A	1	0	183	37.2404371584699
A_PA	1804	183	G	1	0	183	37.120218579235
A_PA	1805	186	T	0	0	186	36.752688172043
A_PA	1806	189	T	0	0	189	37.2169312169312
A_PA	1807	182	A	8	0	182	36.1813186813187
A_PA	1808	190	A	0	0	190	36.2684210526316
A_PA	1809	189	A	1	0	189	36.2645502645503
A_PA	1810	188	G	2	0	188	36.1276595744681
A_PA	1811	191	A	0	0	191	36.3455497382199
A_PA	1812	191	G	0	0	191	36.0366492146597
A_PA	1813	191	A	0	0	191	35.6910994764398
A_PA	1814	191	G	0	0	191	35.2356020942408
A_PA	1815	191	A	0	0	191	36.8743455497382
A_PA	1816	191	G	0	0	190	36.6947368421053
A_PA	1817	191	A	0	0	191	37.9214659685864
A_PA	1818	191	C	0	0	189	37.8201058201058
A_PA	1819	193	A	0	0	193	37.7927461139896
A_PA	1820	195	T	1	0	194	38.1288659793814
A_PA	1821	171	G	26	0	169	36.792899408284
A_PA	1822	170	A	27	0	169	36.4378698224852
A_PA	1823	170	C	27	0	169	36.0710059171598
A_PA	1824	170	C	27	0	170	36.4176470588235
A_PA	1825	170	A	27	0	169	36.6094674556213
A_PA	1826	171	A	26	0	171	36.4561403508772
A_PA	1827	171	A	26	0	171	37.2046783625731
A_PA	1828	171	G	26	0	171	37.9941520467836
A_PA	1829	171	A	26	0	171	38.2397660818713
A_PA	1830	171	G	26	0	171	37.5730994152047
A_PA	1831	168	T	29	0	167	37.5928143712575
A_PA	1832	170	T	27	0	169	35.5562130177515
A_PA	1833	170	T	27	0	170	35.4235294117647
A_PA	1834	170	T	27	0	170	35.2117647058824
A_PA	1835	170	T	27	0	170	35.0882352941176
A_PA	1836	170	T	27	0	170	37.6
A_PA	1837	170	G	27	0	170	36.5823529411765
A_PA	1838	170	A	27	0	169	36.3136094674556
A_PA	1839	170	G	27	0	170	36.9470588235294
A_PA	1840	173	A	27	0	173	37.3236994219653
A_PA	1841	175	A	26	0	175	38.0628571428571
A_PA	1842	176	T	27	0	174	38.4022988505747
A_PA	1843	181	A	27	0	180	37.7833333333333
A_PA	1844	181	A	27	0	180	37.9833333333333
A_PA	1845	181	A	27	0	181	38.232044198895
A_PA	1846	181	T	27	0	181	37.7016574585635
A_PA	1847	181	C	27	0	180	37.6777777777778
A_PA	1848	181	A	27	0	180	36.6777777777778
A_PA	1849	181	G	27	0	180	36.7555555555556
A_PA	1850	181	A	28	0	179	36.9217877094972
A_PA	1851	184	A	26	0	184	36.5054347826087
A_PA	1852	184	G	26	0	184	36.6576086956522
A_PA	1853	185	C	25	0	185	38.2324324324324
A_PA	1854	185	A	25	0	184	38.4945652173913
A_PA	1855	189	T	25	0	186	38.7204301075269
A_PA	1856	188	G	26	0	185	37.3243243243243
A_PA	1857	188	G	26	0	187	37.4224598930481
A_PA	1858	188	C	26	0	188	37.7127659574468
A_PA	1859	188	C	26	0	188	37.3670212765957
A_PA	1860	188	C	26	0	188	37.25
A_PA	1861	188	A	26	0	188	37.2340425531915
A_PA	1862	187	T	27	0	186	37.7043010752688
A_PA	1863	188	T	26	0	185	36.8108108108108
A_PA	1864	188	G	27	0	186	35.6827956989247
A_PA	1865	189	G	26	0	189	36.2275132275132
A_PA	1866	189	G	26	0	189	36.3915343915344
A_PA	1867	188	G	27	0	187	37.2727272727273
A_PA	1868	187	A	30	0	185	39.7135135135135
A_PA	1869	219	A	1	0	217	39.0967741935484
A_PA	1870	219	T	1	0	215	38.6558139534884
A_PA	1871	216	C	4	0	213	37.6666666666667
A_PA	1872	219	C	1	0	216	37.9259259259259
A_PA	1873	219	C	1	0	219	38.4429223744292
A_PA	1874	218	C	1	0	215	39.1860465116279
A_PA	1875	217	C	2	0	216	38.7916666666667
A_PA	1876	215	A	4	0	213	37.6713615023474
A_PA	1877	219	A	0	0	219	38.0958904109589
A_PA	1878	219	A	0	0	219	37.9178082191781
A_PA	1879	219	G	0	0	219	38.4109589041096
A_PA	1880	219	G	0	0	218	38.0091743119266
A_PA	1881	219	A	0	0	216	40.087962962963
A_PA	1882	218	G	1	0	216	38.962962962963
A_PA	1883	220	T	0	0	219	38.1187214611872
A_PA	1884	220	G	1	0	219	37.5388127853881
A_PA	1885	220	G	2	0	220	37.0272727272727
A_PA	1886	219	A	3	0	219	37.6712328767123
A_PA	1887	220	A	2	0	220	38.8863636363636
A_PA	1888	221	G	1	0	220	39.4818181818182
A_PA	1889	220	A	2	0	219	40.3607305936073
A_PA	1890	221	A	1	0	220	40.1681818181818
A_PA	1891	221	G	1	0	221	40.2669683257919
A_PA	1892	220	G	2	0	220	40.4681818181818
A_PA	1893	220	T	2	0	219	40.6164383561644
A_PA	1894	221	T	1	0	220	40.5772727272727
A_PA	1895	220	C	2	0	217	39.3364055299539
A_PA	1896	220	C	2	0	219	39.3196347031963
A_PA	1897	220	A	2	0	218	38.2247706422018
A_PA	1898	220	T	2	0	218	38.756880733945
A_PA	1899	220	T	2	0	220	40.0863636363636
A_PA	1900	217	G	5	0	217	39.8110599078341
A_PA	1901	219	G	3	0	219	40.4155251141553
A_PA	1902	220	G	2	0	217	40.3548387096774
A_PA	1903	203	A	19	0	199	40.1909547738693
A_PA	1904	220	A	2	0	220	41.5181818181818
A_PA	1905	218	A	4	0	217	41.9308755760369
A_PA	1906	217	G	5	0	217	40.8064516129032
A_PA	1907	217	T	5	0	217	40.9723502304147
A_PA	1908	219	C	3	0	218	39.0275229357798
A_PA	1909	221	T	3	0	220	39.0727272727273
A_PA	1910	219	G	5	0	217	38.5115207373272
A_PA	1911	197	T	31	0	195	37.8666666666667
A_PA	1912	195	A	34	0	193	35.9274611398964
A_PA	1913	197	G	32	0	194	37.0412371134021
A_PA	1914	201	G	31	0	200	36.36
A_PA	1915	203	A	31	0	202	37.6435643564356
A_PA	1916	203	C	31	0	203	37.8029556650246
A_PA	1917	203	T	31	0	202	37.3663366336634
A_PA	1918	201	C	33	0	199	36.964824120603
A_PA	1919	206	T	31	0	204	37.2794117647059
A_PA	1920	206	A	32	0	206	37.0922330097087
A_PA	1921	207	T	31	0	206	37.495145631068
A_PA	1922	235	T	5	0	235	37.0808510638298
A_PA	1923	235	G	5	0	235	36.6085106382979
A_PA	1924	242	G	5	0	242	36.900826446281
A_PA	1925	244	C	4	0	242	38.6074380165289
A_PA	1926	262	T	4	0	259	38.980694980695
A_PA	1927	267	A	5	0	266	38.7255639097744
A_PA	1928	267	A	5	0	267	38.6292134831461
A_PA	1929	268	G	5	0	267	38.1610486891386
A_PA	1930	268	T	5	0	268	39.044776119403
A_PA	1931	268	C	5	0	268	38.1007462686567
A_PA	1932	349	A	3	0	348	38.867816091954
A_PA	1933	349	G	3	0	349	38.1174785100287
A_PA	1934	325	T	29	0	324	38.7314814814815
A_PA	1935	329	A	29	0	329	38.8237082066869
A_PA	1936	329	T	29	0	329	39.5410334346505
A_PA	1937	329	T	29	0	329	40.1246200607903
A_PA	1938	331	C	29	0	331	39.2356495468278
A_PA	1939	331	A	29	0	331	39.4652567975831
A_PA	1940	333	A	29	0	333	39.4414414414414
A_PA	1941	334	T	29	0	334	40.3383233532934
A_PA	1942	333	A	30	0	333	39.6546546546547
A_PA	1943	333	G	30	0	332	39.7259036144578
A_PA	1944	333	C	30	0	333	39.954954954955
A_PA	1945	343	C	30	0	343	39.6997084548105
A_PA	1946	346	T	32	0	345	39.3391304347826
A_PA	1947	362	A	33	0	362	38.9779005524862
A_PA	1948	397	T	5	0	397	38.8589420654912
A_PA	1949	405	A	3	0	405	38.3530864197531
A_PA	1950	412	T	2	0	411	38.8004866180049
A_PA	1951	411	G	3	0	411	38.9391727493917
A_PA	1952	411	C	3	0	410	39.4073170731707
A_PA	1953	413	A	3	0	413	39.6440677966102
A_PA	1954	413	T	3	0	413	40.135593220339
A_PA	1955	413	C	3	0	412	38.9368932038835
A_PA	1956	415	A	2	0	415	38.7301204819277
A_PA	1957	415	C	2	0	415	38.5228915662651
A_PA	1958	416	C	2	0	416	37.8100961538462
A_PA	1959	434	A	1	0	434	37.9423963133641
A_PA	1960	433	C	1	0	433	38.1408775981524
A_PA	1961	433	A	1	0	433	38.0069284064665
A_PA	1962	434	A	1	0	432	39.4305555555556
A_PA	1963	436	T	1	0	436	39.4197247706422
A_PA	1964	436	T	1	0	434	39.6543778801843
A_PA	1965	438	G	1	0	437	39.4096109839817
A_PA	1966	438	G	1	0	438	39.4429223744292
A_PA	1967	438	A	1	0	438	39.2420091324201
A_PA	1968	439	A	0	0	436	39.4151376146789
A_PA	1969	439	G	0	0	437	39.5537757437071
A_PA	1970	440	G	1	0	438	39.1712328767123
A_PA	1971	446	A	2	0	445	39.2584269662921
A_PA	1972	440	T	8	0	440	39.8681818181818
A_PA	1973	446	T	2	0	446	39.0313901345291
A_PA	1974	448	T	0	0	447	40.0917225950783
A_PA	1975	448	T	0	0	448	39.4486607142857
A_PA	1976	448	C	0	0	448	38.3035714285714
A_PA	1977	448	A	0	0	448	38.7589285714286
A_PA	1978	448	G	1	0	448	38.5178571428571
A_PA	1979	448	C	1	0	448	38.5580357142857
A_PA	1980	448	A	1	0	446	38.2645739910314
A_PA	1981	448	G	1	0	447	37.8680089485459
A_PA	1982	448	A	1	0	447	37.7897091722595
A_PA	1983	448	G	1	0	448	38.0334821428571
A_PA	1984	448	T	1	0	448	38.1517857142857
A_PA	1985	448	C	3	0	446	36.7264573991031
A_PA	1986	444	A	8	0	441	35.8458049886621
A_PA	1987	451	A	3	0	448	35.7745535714286
A_PA	1988	452	G	3	0	447	36.0604026845638
A_PA	1989	451	A	6	0	450	37.12
A_PA	1990	452	A	5	0	451	37.5454545454545
A_PA	1991	455	A	2	0	455	39.2131868131868
A_PA	1992	460	A	2	0	458	39.2423580786026
A_PA	1993	460	C	2	0	458	38.3449781659389
A_PA	1994	473	T	30	0	473	39.4080338266385
A_PA	1995	477	G	29	0	476	39.4033613445378
A_PA	1996	478	C	28	0	478	39.4121338912134
A_PA	1997	478	T	28	0	476	39.640756302521
A_PA	1998	479	C	28	0	478	39.6087866108787
A_PA	1999	477	C	30	0	477	39.1781970649895
A_PA	2000	473	T	34	0	473	39.262156448203
A_PA	2001	482	T	30	0	480	39.1604166666667
A_PA	2002	489	A	31	0	489	38.3701431492843
A_PA	2003	490	T	30	0	489	38.4355828220859
A_PA	2004	490	T	30	0	487	38.8850102669405
A_PA	2005	490	G	30	0	489	39.0531697341513
A_PA	2006	490	T	30	0	489	38.9959100204499
A_PA	2007	491	T	29	0	490	39.2367346938776
A_PA	2008	489	C	31	0	488	38.5860655737705
A_PA	2009	490	A	30	0	488	38.3975409836066
A_PA	2010	490	G	30	0	490	38.6938775510204
A_PA	2011	491	G	29	0	491	38.7718940936864
A_PA	2012	491	C	29	0	491	38.1283095723014
A_PA	2013	491	T	29	0	490	38.6816326530612
A_PA	2014	490	C	30	0	488	38.4979508196721
A_PA	2015	488	T	32	0	486	39.1316872427984
A_PA	2016	492	T	30	0	491	37.9714867617108
A_PA	2017	495	A	32	0	492	36.25
A_PA	2018	488	G	39	0	480	35.88125
A_PA	2019	497	G	30	0	496	36.6774193548387
A_PA	2020	498	G	29	0	495	37.2666666666667
A_PA	2021	495	A	32	0	494	38.0283400809717
A_PA	2022	492	C	35	0	487	38.7392197125257
A_PA	2023	488	A	39	0	483	38.4492753623188
A_PA	2024	496	A	31	0	492	38.5894308943089
A_PA	2025	497	A	30	0	493	39.026369168357
A_PA	2026	495	C	32	0	493	38.4969574036511
A_PA	2027	495	T	32	0	494	38.9716599190283
A_PA	2028	496	C	31	0	490	38.2326530612245
A_PA	2029	491	G	36	0	484	37.9152892561983
A_PA	2030	496	A	31	0	494	38.331983805668
A_PA	2031	496	A	31	0	496	38.9274193548387
A_PA	2032	496	C	31	0	494	39.0425101214575
A_PA	2033	496	C	31	0	495	40.3535353535354
A_PA	2034	495	T	32	0	493	41.1217038539554
A_PA	2035	492	G	35	0	491	39.5519348268839
A_PA	2036	493	G	34	0	492	40.0182926829268
A_PA	2037	498	G	32	0	492	39.2743902439024
A_PA	2038	517	A	32	0	514	38.9630350194553
A_PA	2039	518	C	31	0	517	38.3713733075435
A_PA	2040	517	T	33	0	516	37.4593023255814
A_PA	2041	519	T	31	0	519	36.1753371868979
A_PA	2042	517	T	33	0	516	37.6821705426357
A_PA	2043	545	T	6	0	543	40.5138121546961
A_PA	2044	666	G	6	0	663	37.920060331825
A_PA	2045	666	A	6	0	665	38.3383458646617
A_PA	2046	664	T	8	0	661	39.5416036308623
A_PA	2047	669	C	6	0	667	38.0989505247376
A_PA	2048	671	T	5	0	670	38.9761194029851
A_PA	2049	677	T	4	0	676	38.8239644970414
A_PA	2050	644	G	45	0	642	35.702492211838
A_PA	2051	674	G	16	0	674	35.4213649851632
A_PA	2052	679	G	12	0	677	37.1063515509601
A_PA	2053	691	G	3	0	688	37.4970930232558
A_PA	2054	691	G	3	0	686	39.5393586005831
A_PA	2055	689	G	5	0	684	38.8961988304094
A_PA	2056	687	C	7	0	679	38.4565537555228
A_PA	2057	684	T	10	0	675	38.5288888888889
A_PA	2058	692	A	6	0	688	38.5595930232558
A_PA	2059	695	T	3	0	690	38.8434782608696
A_PA	2060	694	A	4	0	690	37.5565217391304
A_PA	2061	696	T	2	0	693	38.0663780663781
A_PA	2062	703	G	1	0	698	36.9770773638968
A_PA	2063	701	A	4	0	695	36.9985611510791
A_PA	2064	704	A	1	0	701	37.1954350927247
A_PA	2065	704	G	1	0	700	37.5171428571429
A_PA	2066	704	C	1	0	701	38.0299572039943
A_PA	2067	704	A	1	0	701	37.641940085592
A_PA	2068	704	A	1	0	700	38.1314285714286
A_PA	2069	704	T	1	0	702	38.5811965811966
A_PA	2070	703	T	2	0	703	38.5490753911807
A_PA	2071	701	G	5	0	699	38.2789699570815
A_PA	2072	703	A	3	0	699	38.3147353361946
A_PA	2073	700	G	6	0	700	38.1785714285714
A_PA	2074	703	G	3	0	700	37.5914285714286
A_PA	2075	704	A	2	0	703	37.6344238975818
A_PA	2076	705	G	1	0	703	37.5604551920341
A_PA	2077	706	T	0	0	704	38.2045454545455
A_PA	2078	706	G	0	0	705	37.9304964539007
A_PA	2079	706	C	0	0	704	38.6988636363636
A_PA	2080	706	C	0	0	705	38.3446808510638
A_PA	2081	705	T	1	0	703	38.2546230440967
A_PA	2082	705	G	1	0	704	37.5710227272727
A_PA	2083	707	A	0	0	707	37.977369165488
A_PA	2084	707	T	0	0	707	38.5502121640735
A_PA	2085	707	T	0	0	704	38.7329545454545
A_PA	2086	707	A	0	0	703	38.6728307254623
A_PA	2087	707	A	0	0	705	38.8822695035461
A_PA	2088	706	T	1	0	705	39.7375886524823
A_PA	2089	704	G	3	0	703	38.678520625889
A_PA	2090	705	A	2	0	704	38.921875
A_PA	2091	705	T	2	0	704	38.7670454545455
A_PA	2092	705	C	2	0	702	36.5783475783476
A_PA	2093	707	C	0	0	707	36.8500707213579
A_PA	2094	707	C	0	0	704	36.1690340909091
A_PA	2095	707	T	0	0	707	35.3069306930693
A_PA	2096	706	G	1	0	706	35.4900849858357
A_PA	2097	706	G	1	0	702	37.5071225071225
A_PA	2098	706	G	1	0	704	37.7713068181818
A_PA	2099	706	T	1	0	706	39.2932011331445
A_PA	2100	707	T	0	0	707	40.1329561527581
A_PA	2101	707	T	0	0	706	40.3215297450425
A_PA	2102	707	T	0	0	707	40.5431400282885
A_PA	2103	707	G	0	0	707	39.958981612447
A_PA	2104	705	C	1	0	703	39.5490753911807
A_PA	2105	705	T	1	0	705	39.758865248227
A_PA	2106	705	C	1	0	698	38.0759312320917
A_PA	2107	704	A	2	0	698	37.2865329512894
A_PA	2108	706	A	1	0	706	37.0949008498584
A_PA	2109	707	T	0	0	705	37.9375886524823
A_PA	2110	707	G	0	0	705	37.9120567375886
A_PA	2111	707	C	0	0	703	38.5277382645804
A_PA	2112	705	G	2	0	704	37.6448863636364
A_PA	2113	703	T	3	0	697	37.5982783357245
A_PA	2114	705	C	1	0	697	37.4103299856528
A_PA	2115	703	T	4	0	694	37.5893371757925
A_PA	2116	707	T	0	0	704	37.6321022727273
A_PA	2117	706	G	1	0	703	36.9573257467994
A_PA	2118	706	G	1	0	704	36.6605113636364
A_PA	2119	707	T	0	0	705	37.2382978723404
A_PA	2120	706	T	1	0	701	37.904422253923
A_PA	2121	705	C	1	0	697	38.0430416068867
A_PA	2122	706	A	0	0	704	38.7286931818182
A_PA	2123	705	A	0	0	704	38.6832386363636
A_PA	2124	703	C	2	0	701	38.2310984308131
A_PA	2125	705	T	0	0	705	38.709219858156
A_PA	2126	704	C	1	0	702	38.8205128205128
A_PA	2127	705	C	0	0	704	38.6732954545455
A_PA	2128	702	T	2	0	701	38.8059914407989
A_PA	2129	704	T	0	0	703	38.7766714082504
A_PA	2130	700	C	4	0	697	38.2123385939742
A_PA	2131	703	C	1	0	703	38.524893314367
A_PA	2132	698	T	6	0	695	38.6057553956835
A_PA	2133	691	G	11	0	687	37.9475982532751
A_PA	2134	701	A	1	0	699	38.9256080114449
A_PA	2135	700	C	2	0	700	39.58
A_PA	2136	701	A	1	0	699	39.2460658082976
A_PA	2137	701	C	1	0	700	39.8157142857143
A_PA	2138	701	A	1	0	700	39.7971428571429
A_PA	2139	701	T	1	0	701	40.3523537803138
A_PA	2140	701	G	1	0	701	40.0984308131241
A_PA	2141	701	C	0	0	701	40.9172610556348
A_PA	2142	701	A	0	0	700	40.2314285714286
A_PA	2143	701	C	0	0	701	40.7303851640514
A_PA	2144	700	T	0	0	699	40.7496423462089
A_PA	2145	699	A	0	0	698	39.4971346704871
A_PA	2146	698	G	0	0	698	39.432664756447
A_PA	2147	698	A	0	0	696	39.4525862068966
A_PA	2148	696	A	0	0	696	39.2614942528736
A_PA	2149	695	T	0	0	695	39.3107913669065
A_PA	2150	694	A	0	0	694	38.700288184438
A_PA	2151	692	G	0	0	692	39.1459537572254
