Reference_Name	Position	Coverage Depth	Consensus	Deletions	Ambiguous	Consensus_Count	Consensus_Average_Quality
A_HA_H1	1	46	A	0	0	46	42
A_HA_H1	2	46	T	0	0	46	42.195652173913
A_HA_H1	3	46	G	0	0	46	39.7173913043478
A_HA_H1	4	46	A	0	0	46	41.5
A_HA_H1	5	46	A	0	0	46	41.1086956521739
A_HA_H1	6	46	G	0	0	46	40.4347826086956
A_HA_H1	7	46	G	0	0	46	39.9782608695652
A_HA_H1	8	46	C	0	0	46	41.195652173913
A_HA_H1	9	46	A	0	0	46	38.5434782608696
A_HA_H1	10	46	A	0	0	46	40.1521739130435
A_HA_H1	11	46	T	0	0	46	40.1521739130435
A_HA_H1	12	46	A	0	0	46	38.9782608695652
A_HA_H1	13	46	C	0	0	46	38.2608695652174
A_HA_H1	14	46	T	0	0	46	39.6086956521739
A_HA_H1	15	46	A	0	0	46	38.8913043478261
A_HA_H1	16	46	G	0	0	46	39
A_HA_H1	17	46	T	0	0	46	39.804347826087
A_HA_H1	18	46	A	0	0	46	39.9347826086956
A_HA_H1	19	46	G	0	0	46	39.7826086956522
A_HA_H1	20	46	T	0	0	46	40.5217391304348
A_HA_H1	21	46	T	0	0	46	40.804347826087
A_HA_H1	22	46	A	0	0	46	41.695652173913
A_HA_H1	23	46	T	0	0	46	42.4347826086956
A_HA_H1	24	46	G	0	0	46	40.2173913043478
A_HA_H1	25	46	C	0	0	46	39.7608695652174
A_HA_H1	26	46	T	0	0	46	39.5434782608696
A_HA_H1	27	46	G	0	0	46	39.7608695652174
A_HA_H1	28	46	T	0	0	46	39.5217391304348
A_HA_H1	29	46	A	0	0	46	39.9565217391304
A_HA_H1	30	46	T	0	0	46	40.0652173913044
A_HA_H1	31	46	A	0	0	46	39.5
A_HA_H1	32	46	C	0	0	46	40.9782608695652
A_HA_H1	33	46	A	0	0	46	40.9130434782609
A_HA_H1	34	46	T	0	0	46	40.304347826087
A_HA_H1	35	46	T	0	0	46	40.4130434782609
A_HA_H1	36	46	T	0	0	46	40.5217391304348
A_HA_H1	37	46	A	0	0	46	39.8695652173913
A_HA_H1	38	46	C	0	0	46	40.5869565217391
A_HA_H1	39	46	A	0	0	46	41.2391304347826
A_HA_H1	40	46	A	0	0	46	40.3695652173913
A_HA_H1	41	46	C	0	0	46	40.5434782608696
A_HA_H1	42	46	C	0	0	46	38.9130434782609
A_HA_H1	43	46	G	0	0	46	38.6739130434783
A_HA_H1	44	46	T	0	0	46	38.5434782608696
A_HA_H1	45	45	A	1	0	45	38.9111111111111
A_HA_H1	46	46	A	0	0	46	39.2826086956522
A_HA_H1	47	46	A	0	0	46	38.8695652173913
A_HA_H1	48	46	T	0	0	45	38.6888888888889
A_HA_H1	49	46	G	0	0	46	37.8913043478261
A_HA_H1	50	47	C	0	0	47	37.8297872340426
A_HA_H1	51	47	A	0	0	46	36.5652173913044
A_HA_H1	52	47	G	0	0	47	37.4255319148936
A_HA_H1	53	47	A	0	0	47	38.3617021276596
A_HA_H1	54	47	C	0	0	47	38.9787234042553
A_HA_H1	55	47	A	0	0	47	39.1063829787234
A_HA_H1	56	47	C	0	0	47	40.531914893617
A_HA_H1	57	47	A	0	0	47	41.063829787234
A_HA_H1	58	46	T	1	0	46	41.3478260869565
A_HA_H1	59	47	T	0	0	47	39.9787234042553
A_HA_H1	60	47	A	0	0	47	37.7872340425532
A_HA_H1	61	47	T	0	0	47	37.468085106383
A_HA_H1	62	47	G	0	0	47	36.6382978723404
A_HA_H1	63	47	T	0	0	47	37.4893617021277
A_HA_H1	64	47	A	0	0	47	37.8936170212766
A_HA_H1	65	47	T	0	0	47	38.7234042553191
A_HA_H1	66	47	A	0	0	47	37.7021276595745
A_HA_H1	67	47	G	0	0	46	39.3260869565217
A_HA_H1	68	47	G	0	0	47	38.5957446808511
A_HA_H1	69	47	T	0	0	46	39.2173913043478
A_HA_H1	70	47	T	0	0	46	40.195652173913
A_HA_H1	71	47	A	0	0	47	38.063829787234
A_HA_H1	72	47	T	0	0	47	39.2765957446809
A_HA_H1	73	47	C	0	0	47	37.4468085106383
A_HA_H1	74	47	A	0	0	47	38.1702127659574
A_HA_H1	75	47	T	0	0	47	38.2127659574468
A_HA_H1	76	47	G	0	0	47	38.0851063829787
A_HA_H1	77	47	C	0	0	46	37.4565217391304
A_HA_H1	78	47	G	0	0	46	35.6304347826087
A_HA_H1	79	47	A	0	0	47	36
A_HA_H1	80	47	A	0	0	47	35.9574468085106
A_HA_H1	81	46	C	1	0	46	35.8695652173913
A_HA_H1	82	47	A	0	0	46	36.5869565217391
A_HA_H1	83	47	A	0	0	47	39.7872340425532
A_HA_H1	84	47	T	0	0	47	39.5106382978723
A_HA_H1	85	47	T	0	0	47	39.0425531914894
A_HA_H1	86	47	C	0	0	46	41.8260869565217
A_HA_H1	87	47	A	0	0	46	41.4565217391304
A_HA_H1	88	47	A	0	0	47	41.3191489361702
A_HA_H1	89	47	C	0	0	47	41.3404255319149
A_HA_H1	90	47	A	0	0	47	40.8936170212766
A_HA_H1	91	47	G	0	0	47	39.9787234042553
A_HA_H1	92	47	A	0	0	47	40.9787234042553
A_HA_H1	93	47	C	0	0	47	39.8297872340426
A_HA_H1	94	47	A	0	0	47	39.8936170212766
A_HA_H1	95	46	C	1	0	46	40.5434782608696
A_HA_H1	96	47	T	0	0	47	39.1276595744681
A_HA_H1	97	47	G	0	0	47	39.2553191489362
A_HA_H1	98	47	T	0	0	47	39.531914893617
A_HA_H1	99	47	G	0	0	47	39.0425531914894
A_HA_H1	100	47	G	0	0	46	38.9130434782609
A_HA_H1	101	47	A	0	0	47	37.8723404255319
A_HA_H1	102	47	C	0	0	47	37.7021276595745
A_HA_H1	103	47	A	0	0	47	37.8723404255319
A_HA_H1	104	47	C	0	0	47	39.3191489361702
A_HA_H1	105	47	A	0	0	47	39.2553191489362
A_HA_H1	106	47	G	0	0	47	38.6595744680851
A_HA_H1	107	46	T	1	0	46	39.0217391304348
A_HA_H1	108	47	A	0	0	47	37.2765957446809
A_HA_H1	109	46	C	1	0	46	37.1521739130435
A_HA_H1	110	47	T	0	0	46	37.304347826087
A_HA_H1	111	47	A	0	0	47	34.936170212766
A_HA_H1	112	47	G	0	0	47	34.4042553191489
A_HA_H1	113	46	A	1	0	46	34.5869565217391
A_HA_H1	114	47	A	0	0	47	35.936170212766
A_HA_H1	115	47	A	0	0	47	38.5957446808511
A_HA_H1	116	47	A	0	0	47	40.8936170212766
A_HA_H1	117	47	G	0	0	46	40.1739130434783
A_HA_H1	118	47	A	0	0	47	40.531914893617
A_HA_H1	119	47	A	0	0	47	40.468085106383
A_HA_H1	120	47	T	0	0	47	39.6808510638298
A_HA_H1	121	47	G	0	0	47	38.4255319148936
A_HA_H1	122	46	T	1	0	46	38.7608695652174
A_HA_H1	123	46	A	1	0	46	37.7173913043478
A_HA_H1	124	47	A	0	0	47	37.5744680851064
A_HA_H1	125	47	C	0	0	46	37.3913043478261
A_HA_H1	126	47	A	0	0	47	37.468085106383
A_HA_H1	127	46	G	1	0	46	38.2608695652174
A_HA_H1	128	46	T	1	0	46	38.6739130434783
A_HA_H1	129	46	A	1	0	46	36.7826086956522
A_HA_H1	130	47	A	0	0	47	37.7872340425532
A_HA_H1	131	46	C	1	0	45	39.3777777777778
A_HA_H1	132	47	A	0	0	47	37.0212765957447
A_HA_H1	133	47	C	0	0	47	37.9574468085106
A_HA_H1	134	47	A	0	0	47	37.5106382978723
A_HA_H1	135	45	C	2	0	45	39.2222222222222
A_HA_H1	136	46	T	1	0	46	38.9347826086956
A_HA_H1	137	46	C	1	0	46	38.8695652173913
A_HA_H1	138	47	T	0	0	46	39.7391304347826
A_HA_H1	139	47	G	0	0	45	40.4888888888889
A_HA_H1	140	47	T	0	0	47	39.3829787234043
A_HA_H1	141	47	C	0	0	47	38.7021276595745
A_HA_H1	142	46	A	1	0	46	39.3260869565217
A_HA_H1	143	47	A	0	0	47	38.8723404255319
A_HA_H1	144	47	T	0	0	46	39.5869565217391
A_HA_H1	145	47	C	0	0	47	37.9148936170213
A_HA_H1	146	47	T	0	0	46	41.0652173913044
A_HA_H1	147	47	T	0	0	47	38.936170212766
A_HA_H1	148	46	C	1	0	45	39
A_HA_H1	149	46	T	1	0	45	37.0222222222222
A_HA_H1	150	46	A	1	0	46	36.0434782608696
A_HA_H1	151	47	G	0	0	47	36.2978723404255
A_HA_H1	152	47	A	0	0	47	36.7446808510638
A_HA_H1	153	47	A	0	0	47	39.0212765957447
A_HA_H1	154	47	G	0	0	47	39.6595744680851
A_HA_H1	155	47	A	0	0	47	38.2765957446809
A_HA_H1	156	47	C	0	0	47	37.4042553191489
A_HA_H1	157	46	A	1	0	46	37.8478260869565
A_HA_H1	158	47	A	0	0	47	36.5957446808511
A_HA_H1	159	47	G	0	0	47	37.7446808510638
A_HA_H1	160	47	C	0	0	47	38.1489361702128
A_HA_H1	161	47	A	0	0	47	38.531914893617
A_HA_H1	162	47	T	0	0	47	38.9574468085106
A_HA_H1	163	47	A	0	0	47	38.5106382978723
A_HA_H1	164	47	A	0	0	47	38.2978723404255
A_HA_H1	165	47	C	0	0	47	36.4468085106383
A_HA_H1	166	46	G	1	0	44	36.7272727272727
A_HA_H1	167	46	G	1	0	46	34.5434782608696
A_HA_H1	168	46	A	1	0	46	33.5217391304348
A_HA_H1	169	47	A	0	0	47	32.6808510638298
A_HA_H1	170	47	A	0	0	47	34.4255319148936
A_HA_H1	171	47	A	0	0	47	36.6595744680851
A_HA_H1	172	47	C	0	0	47	36.0425531914894
A_HA_H1	173	47	T	0	0	46	37.8478260869565
A_HA_H1	174	47	A	0	0	47	37.7021276595745
A_HA_H1	175	46	T	1	0	46	38.5217391304348
A_HA_H1	176	46	G	1	0	46	38.5434782608696
A_HA_H1	177	46	C	1	0	46	39.7173913043478
A_HA_H1	178	47	A	0	0	46	40
A_HA_H1	179	47	A	0	0	47	39.531914893617
A_HA_H1	180	47	A	0	0	47	39.3829787234043
A_HA_H1	181	47	C	0	0	47	40.7872340425532
A_HA_H1	182	47	T	0	0	47	40.7021276595745
A_HA_H1	183	47	A	0	0	47	38.8297872340426
A_HA_H1	184	46	A	1	0	46	38.695652173913
A_HA_H1	185	46	G	1	0	46	37.3913043478261
A_HA_H1	186	47	A	0	0	47	38.0212765957447
A_HA_H1	187	46	G	1	0	44	39.4772727272727
A_HA_H1	188	47	G	0	0	47	39.8723404255319
A_HA_H1	189	47	G	0	0	47	39.468085106383
A_HA_H1	190	47	G	0	0	47	40.468085106383
A_HA_H1	191	47	T	0	0	46	39.6086956521739
A_HA_H1	192	47	A	0	0	47	38.4893617021277
A_HA_H1	193	47	G	0	0	47	38.468085106383
A_HA_H1	194	47	C	0	0	47	38.7021276595745
A_HA_H1	195	47	C	0	0	47	38.7446808510638
A_HA_H1	196	47	C	0	0	47	39.4255319148936
A_HA_H1	197	47	C	0	0	47	38.3191489361702
A_HA_H1	198	47	A	0	0	47	38.1914893617021
A_HA_H1	199	47	T	0	0	47	40.6170212765957
A_HA_H1	200	47	T	0	0	47	40.1489361702128
A_HA_H1	201	47	A	0	0	47	40.3191489361702
A_HA_H1	202	47	C	0	0	47	40.063829787234
A_HA_H1	203	47	A	0	0	47	40.1276595744681
A_HA_H1	204	47	T	0	0	47	40.5744680851064
A_HA_H1	205	47	T	0	0	47	40.3191489361702
A_HA_H1	206	47	T	0	0	47	41.8510638297872
A_HA_H1	207	47	G	0	0	47	39.8936170212766
A_HA_H1	208	47	G	0	0	47	42.2127659574468
A_HA_H1	209	47	G	0	0	47	41.9148936170213
A_HA_H1	210	47	T	0	0	47	40.1702127659574
A_HA_H1	211	47	C	0	0	46	39.8913043478261
A_HA_H1	212	47	A	0	0	46	40.9347826086956
A_HA_H1	213	47	A	0	0	47	38.6595744680851
A_HA_H1	214	47	T	0	0	46	41.3260869565217
A_HA_H1	215	47	G	0	0	46	40
A_HA_H1	216	47	T	0	0	47	40.3404255319149
A_HA_H1	217	47	A	0	0	47	39.4893617021277
A_HA_H1	218	47	A	0	0	47	38.936170212766
A_HA_H1	219	47	C	0	0	47	38.7446808510638
A_HA_H1	220	47	G	0	0	47	38.063829787234
A_HA_H1	221	47	T	0	0	47	36.5531914893617
A_HA_H1	222	47	T	0	0	47	33.4255319148936
A_HA_H1	223	47	G	0	0	47	36.6808510638298
A_HA_H1	224	47	C	0	0	47	38.8723404255319
A_HA_H1	225	46	T	1	0	46	38.8478260869565
A_HA_H1	226	46	G	1	0	46	39.7608695652174
A_HA_H1	227	46	G	1	0	46	40.2173913043478
A_HA_H1	228	47	C	0	0	47	40.3617021276596
A_HA_H1	229	47	T	0	0	47	40.7234042553191
A_HA_H1	230	48	G	0	0	48	38.2083333333333
A_HA_H1	231	48	G	0	0	48	40.1458333333333
A_HA_H1	232	48	A	0	0	48	38.625
A_HA_H1	233	48	T	0	0	48	39.25
A_HA_H1	234	47	C	1	0	47	39.6170212765957
A_HA_H1	235	48	C	0	0	48	40.0833333333333
A_HA_H1	236	48	T	0	0	48	40.8958333333333
A_HA_H1	237	48	G	0	0	48	39.8541666666667
A_HA_H1	238	48	G	0	0	48	39.8958333333333
A_HA_H1	239	48	G	0	0	48	39.7083333333333
A_HA_H1	240	48	A	0	0	48	41.6458333333333
A_HA_H1	241	48	A	0	0	48	42.375
A_HA_H1	242	48	A	0	0	48	41.5833333333333
A_HA_H1	243	48	T	0	0	48	41.3125
A_HA_H1	244	48	C	0	0	47	40.8936170212766
A_HA_H1	245	48	C	0	0	47	41.3617021276596
A_HA_H1	246	48	A	0	0	47	40.5106382978723
A_HA_H1	247	48	G	0	0	47	39.5106382978723
A_HA_H1	248	48	A	0	0	48	39.6666666666667
A_HA_H1	249	48	G	0	0	48	39.6458333333333
A_HA_H1	250	48	T	0	0	48	40.4375
A_HA_H1	251	48	G	0	0	48	40.9375
A_HA_H1	252	48	T	0	0	48	41.2708333333333
A_HA_H1	253	48	G	0	0	48	39.8125
A_HA_H1	254	48	A	0	0	48	39.4583333333333
A_HA_H1	255	48	A	0	0	48	39.8125
A_HA_H1	256	48	T	0	0	48	39.5625
A_HA_H1	257	48	C	0	0	48	39.125
A_HA_H1	258	48	A	0	0	48	40.375
A_HA_H1	259	48	C	0	0	48	41.0416666666667
A_HA_H1	260	48	T	0	0	48	40.7083333333333
A_HA_H1	261	48	C	0	0	48	40.0208333333333
A_HA_H1	262	48	T	0	0	48	40.7708333333333
A_HA_H1	263	48	C	0	0	48	40.3541666666667
A_HA_H1	264	48	C	0	0	48	40.4166666666667
A_HA_H1	265	48	A	0	0	48	40.6041666666667
A_HA_H1	266	48	C	0	0	48	40.3125
A_HA_H1	267	48	A	0	0	48	40.0625
A_HA_H1	268	48	G	0	0	48	40.5416666666667
A_HA_H1	269	48	C	0	0	48	40.9166666666667
A_HA_H1	270	48	A	0	0	48	41.0625
A_HA_H1	271	48	A	0	0	48	42.2083333333333
A_HA_H1	272	48	G	0	0	48	41.1458333333333
A_HA_H1	273	47	A	1	0	47	42
A_HA_H1	274	47	T	1	0	47	41.4468085106383
A_HA_H1	275	47	C	1	0	47	42.2978723404255
A_HA_H1	276	48	A	0	0	48	42.1041666666667
A_HA_H1	277	48	T	0	0	48	42
A_HA_H1	278	48	G	0	0	48	41.9166666666667
A_HA_H1	279	48	G	0	0	48	41.6875
A_HA_H1	280	47	T	1	0	47	41.4893617021277
A_HA_H1	281	47	C	1	0	47	41.063829787234
A_HA_H1	282	48	C	0	0	48	40.75
A_HA_H1	283	48	T	0	0	47	42.531914893617
A_HA_H1	284	48	A	0	0	48	41.25
A_HA_H1	285	48	C	0	0	48	42.1041666666667
A_HA_H1	286	48	A	0	0	48	40.6041666666667
A_HA_H1	287	48	T	0	0	48	41.4791666666667
A_HA_H1	288	48	T	0	0	48	40.1458333333333
A_HA_H1	289	48	G	0	0	48	40.1458333333333
A_HA_H1	290	48	T	0	0	48	40.75
A_HA_H1	291	48	A	0	0	48	38.8125
A_HA_H1	292	48	G	0	0	48	39.1041666666667
A_HA_H1	293	48	A	0	0	48	40
A_HA_H1	294	48	A	0	0	48	40.9375
A_HA_H1	295	48	A	0	0	48	40.4791666666667
A_HA_H1	296	48	C	0	0	48	41.2083333333333
A_HA_H1	297	48	A	0	0	48	40.9375
A_HA_H1	298	47	C	1	0	47	40.2765957446809
A_HA_H1	299	48	C	0	0	48	39.0416666666667
A_HA_H1	300	47	C	1	0	47	39.063829787234
A_HA_H1	301	47	A	1	0	47	37.1702127659574
A_HA_H1	302	47	A	1	0	47	38.3829787234043
A_HA_H1	303	47	T	1	0	47	40.063829787234
A_HA_H1	304	47	T	1	0	47	39.7021276595745
A_HA_H1	305	48	C	0	0	48	40.1458333333333
A_HA_H1	306	48	A	0	0	48	40.6041666666667
A_HA_H1	307	48	G	0	0	48	40.5208333333333
A_HA_H1	308	48	A	0	0	48	41.5833333333333
A_HA_H1	309	48	C	0	0	48	41.4375
A_HA_H1	310	48	A	0	0	48	41.2083333333333
A_HA_H1	311	48	A	0	0	48	41.2708333333333
A_HA_H1	312	48	T	0	0	48	41.2916666666667
A_HA_H1	313	48	G	0	0	48	41.3333333333333
A_HA_H1	314	48	G	0	0	48	40.875
A_HA_H1	315	48	A	0	0	47	41.9148936170213
A_HA_H1	316	48	A	0	0	48	40.9791666666667
A_HA_H1	317	48	C	0	0	48	40.875
A_HA_H1	318	48	T	0	0	48	40.875
A_HA_H1	319	48	T	0	0	48	43.2916666666667
A_HA_H1	320	48	G	0	0	48	41.0416666666667
A_HA_H1	321	48	T	0	0	48	41.5
A_HA_H1	322	48	T	0	0	48	40.8333333333333
A_HA_H1	323	48	A	0	0	48	40.625
A_HA_H1	324	48	C	0	0	48	40.0208333333333
A_HA_H1	325	48	C	0	0	48	39.4583333333333
A_HA_H1	326	48	C	0	0	48	38.875
A_HA_H1	327	48	A	0	0	48	34.2291666666667
A_HA_H1	328	48	G	0	0	48	39.2708333333333
A_HA_H1	329	48	G	0	0	48	39.6875
A_HA_H1	330	48	A	0	0	48	40.5
A_HA_H1	331	47	G	1	0	47	41.1702127659574
A_HA_H1	332	48	A	0	0	48	40.9166666666667
A_HA_H1	333	48	T	0	0	48	42.1041666666667
A_HA_H1	334	48	T	0	0	47	41.7446808510638
A_HA_H1	335	48	T	0	0	48	40.6666666666667
A_HA_H1	336	48	C	0	0	48	40.6041666666667
A_HA_H1	337	48	A	0	0	48	40.0416666666667
A_HA_H1	338	48	T	0	0	48	38.8333333333333
A_HA_H1	339	48	C	0	0	47	38.8297872340426
A_HA_H1	340	48	A	0	0	48	39.4583333333333
A_HA_H1	341	48	A	0	0	48	39.375
A_HA_H1	342	48	T	0	0	48	40.2291666666667
A_HA_H1	343	48	T	0	0	48	41.0625
A_HA_H1	344	48	A	0	0	48	41.6458333333333
A_HA_H1	345	48	T	0	0	48	42.5625
A_HA_H1	346	48	G	0	0	48	42.5
A_HA_H1	347	48	A	0	0	48	42.625
A_HA_H1	348	48	G	0	0	48	42.6875
A_HA_H1	349	48	G	0	0	48	42.8958333333333
A_HA_H1	350	48	A	0	0	48	42.25
A_HA_H1	351	48	G	0	0	48	42.625
A_HA_H1	352	48	C	0	0	48	41.6458333333333
A_HA_H1	353	48	T	0	0	48	42.8125
A_HA_H1	354	48	A	0	0	47	40.531914893617
A_HA_H1	355	48	A	0	0	48	37.5625
A_HA_H1	356	47	G	1	0	47	37.3617021276596
A_HA_H1	357	48	A	0	0	48	36.9791666666667
A_HA_H1	358	48	G	0	0	48	37.5625
A_HA_H1	359	48	A	0	0	47	40.2765957446809
A_HA_H1	360	48	G	0	0	48	38.6875
A_HA_H1	361	48	C	0	0	48	41.3958333333333
A_HA_H1	362	48	A	0	0	47	41.5744680851064
A_HA_H1	363	48	A	0	0	48	40.75
A_HA_H1	364	48	T	0	0	48	41.4375
A_HA_H1	365	48	T	0	0	48	41.6875
A_HA_H1	366	48	G	0	0	48	41.0833333333333
A_HA_H1	367	48	A	0	0	48	41.1458333333333
A_HA_H1	368	48	G	0	0	48	41.0625
A_HA_H1	369	48	C	0	0	48	40.2083333333333
A_HA_H1	370	48	T	0	0	48	39.6666666666667
A_HA_H1	371	47	C	1	0	47	39.4042553191489
A_HA_H1	372	48	A	0	0	48	39.8541666666667
A_HA_H1	373	48	G	0	0	48	40.3333333333333
A_HA_H1	374	48	T	0	0	48	40.375
A_HA_H1	375	48	G	0	0	48	40.6666666666667
A_HA_H1	376	48	T	0	0	48	41.8958333333333
A_HA_H1	377	48	C	0	0	48	41.5208333333333
A_HA_H1	378	48	A	0	0	48	40.8541666666667
A_HA_H1	379	48	T	0	0	48	40.125
A_HA_H1	380	48	C	0	0	48	40.5625
A_HA_H1	381	48	A	0	0	48	41.6458333333333
A_HA_H1	382	48	T	0	0	48	42.3333333333333
A_HA_H1	383	48	T	0	0	48	41.4791666666667
A_HA_H1	384	48	T	0	0	48	40.9166666666667
A_HA_H1	385	48	G	0	0	48	41.3333333333333
A_HA_H1	386	48	A	0	0	48	41.1666666666667
A_HA_H1	387	48	A	0	0	48	41.9375
A_HA_H1	388	48	A	0	0	48	41.0416666666667
A_HA_H1	389	48	G	0	0	48	39.8958333333333
A_HA_H1	390	48	G	0	0	48	40.2083333333333
A_HA_H1	391	48	T	0	0	48	39.9583333333333
A_HA_H1	392	48	T	0	0	48	40.3541666666667
A_HA_H1	393	48	T	0	0	48	41.3958333333333
A_HA_H1	394	48	G	0	0	48	40.0833333333333
A_HA_H1	395	48	A	0	0	48	40.375
A_HA_H1	396	48	A	0	0	48	40.0416666666667
A_HA_H1	397	47	A	1	0	47	40.8085106382979
A_HA_H1	398	47	T	1	0	47	40.936170212766
A_HA_H1	399	48	A	0	0	48	40.0208333333333
A_HA_H1	400	48	T	0	0	48	40.5416666666667
A_HA_H1	401	48	T	0	0	47	40.1489361702128
A_HA_H1	402	48	C	0	0	47	35.3829787234043
A_HA_H1	403	48	C	0	0	48	35.25
A_HA_H1	404	48	C	0	0	48	38.1875
A_HA_H1	405	48	C	0	0	48	38.2916666666667
A_HA_H1	406	48	A	0	0	48	34.8541666666667
A_HA_H1	407	48	A	0	0	48	40.5
A_HA_H1	408	48	G	0	0	48	42.1458333333333
A_HA_H1	409	48	G	0	0	48	40.9791666666667
A_HA_H1	410	48	C	0	0	48	41.375
A_HA_H1	411	48	A	0	0	48	41.4375
A_HA_H1	412	48	A	0	0	48	40.375
A_HA_H1	413	48	G	0	0	48	40.1458333333333
A_HA_H1	414	48	T	0	0	48	40.2291666666667
A_HA_H1	415	48	T	0	0	48	40.4375
A_HA_H1	416	48	C	0	0	48	38.5208333333333
A_HA_H1	417	48	A	0	0	48	39.0833333333333
A_HA_H1	418	48	T	0	0	48	38.9791666666667
A_HA_H1	419	48	G	0	0	48	37.4791666666667
A_HA_H1	420	48	G	0	0	47	37.5744680851064
A_HA_H1	421	48	C	0	0	48	37.6041666666667
A_HA_H1	422	48	C	0	0	48	38.1458333333333
A_HA_H1	423	48	T	0	0	48	38.2291666666667
A_HA_H1	424	48	A	0	0	48	38.125
A_HA_H1	425	48	A	0	0	48	38.5625
A_HA_H1	426	48	T	0	0	48	38.4166666666667
A_HA_H1	427	48	C	0	0	48	38.9583333333333
A_HA_H1	428	48	A	0	0	48	38.5208333333333
A_HA_H1	429	48	T	0	0	48	38.2708333333333
A_HA_H1	430	48	G	0	0	48	36.8958333333333
A_HA_H1	431	48	A	0	0	48	36.1875
A_HA_H1	432	48	C	0	0	48	36.0416666666667
A_HA_H1	433	48	T	0	0	48	37.0625
A_HA_H1	434	48	C	0	0	48	37.3333333333333
A_HA_H1	435	48	G	0	0	48	36.3333333333333
A_HA_H1	436	48	G	0	0	48	36.9166666666667
A_HA_H1	437	48	A	0	0	48	37.2708333333333
A_HA_H1	438	48	C	0	0	48	38.0833333333333
A_HA_H1	439	48	A	0	0	48	39.1458333333333
A_HA_H1	440	48	A	0	0	48	40.75
A_HA_H1	441	48	T	0	0	48	41
A_HA_H1	442	48	G	0	0	48	40.0416666666667
A_HA_H1	443	48	G	0	0	48	40.375
A_HA_H1	444	48	T	0	0	48	41.3125
A_HA_H1	445	47	G	1	0	47	40.4468085106383
A_HA_H1	446	47	T	1	0	47	39.5744680851064
A_HA_H1	447	47	A	1	0	47	39.2765957446809
A_HA_H1	448	47	A	1	0	47	39.3617021276596
A_HA_H1	449	47	C	1	0	47	38.5106382978723
A_HA_H1	450	47	G	1	0	46	37.7391304347826
A_HA_H1	451	47	G	1	0	46	37
A_HA_H1	452	46	C	2	0	46	36.3913043478261
A_HA_H1	453	48	A	0	0	48	36.1041666666667
A_HA_H1	454	48	G	0	0	48	37.1875
A_HA_H1	455	48	C	0	0	48	39.6458333333333
A_HA_H1	456	48	A	0	0	48	39.125
A_HA_H1	457	48	T	0	0	47	40.7872340425532
A_HA_H1	458	48	G	0	0	48	40.3958333333333
A_HA_H1	459	48	T	0	0	48	40.6875
A_HA_H1	460	48	C	0	0	48	40.3333333333333
A_HA_H1	461	48	C	0	0	48	40.3958333333333
A_HA_H1	462	48	T	0	0	48	39.2083333333333
A_HA_H1	463	48	C	0	0	48	35.8333333333333
A_HA_H1	464	48	A	0	0	48	36.4375
A_HA_H1	465	48	C	0	0	48	37.3125
A_HA_H1	466	48	G	0	0	48	36.4375
A_HA_H1	467	48	C	0	0	48	37.3541666666667
A_HA_H1	468	48	T	0	0	48	36.8125
A_HA_H1	469	48	G	0	0	48	36.6458333333333
A_HA_H1	470	48	G	0	0	48	38
A_HA_H1	471	48	A	0	0	48	38.375
A_HA_H1	472	48	G	0	0	48	39.0625
A_HA_H1	473	48	C	0	0	48	39.625
A_HA_H1	474	47	A	1	0	47	37.8936170212766
A_HA_H1	475	47	A	1	0	47	38.0851063829787
A_HA_H1	476	47	A	1	0	47	37.0425531914894
A_HA_H1	477	47	A	1	0	47	38.2127659574468
A_HA_H1	478	48	A	0	0	48	41.5625
A_HA_H1	479	48	G	0	0	48	41.25
A_HA_H1	480	48	C	0	0	48	40.2083333333333
A_HA_H1	481	48	T	0	0	48	40.1875
A_HA_H1	482	48	T	0	0	48	40.0416666666667
A_HA_H1	483	47	C	1	0	47	39.3404255319149
A_HA_H1	484	48	T	0	0	48	39.8958333333333
A_HA_H1	485	48	A	0	0	48	38.2708333333333
A_HA_H1	486	48	C	0	0	48	38.6875
A_HA_H1	487	48	A	0	0	48	38.6041666666667
A_HA_H1	488	48	A	0	0	48	40.375
A_HA_H1	489	48	A	0	0	48	40.0625
A_HA_H1	490	48	A	0	0	48	42.0625
A_HA_H1	491	48	A	0	0	48	42.2708333333333
A_HA_H1	492	48	C	0	0	48	41.625
A_HA_H1	493	48	T	0	0	48	40.6041666666667
A_HA_H1	494	48	T	0	0	48	40.3125
A_HA_H1	495	48	G	0	0	48	39.4375
A_HA_H1	496	48	A	0	0	48	38.8541666666667
A_HA_H1	497	48	T	0	0	48	38.5
A_HA_H1	498	48	A	0	0	48	37.8333333333333
A_HA_H1	499	48	T	0	0	48	37.6875
A_HA_H1	500	48	G	0	0	48	37.3125
A_HA_H1	501	48	G	0	0	48	36.9375
A_HA_H1	502	48	C	0	0	48	37.5625
A_HA_H1	503	48	T	0	0	48	36.9166666666667
A_HA_H1	504	48	G	0	0	48	37.9583333333333
A_HA_H1	505	48	G	0	0	48	38.9583333333333
A_HA_H1	506	48	T	0	0	48	39.3333333333333
A_HA_H1	507	48	T	0	0	48	39.7083333333333
A_HA_H1	508	46	A	2	0	45	40.0444444444444
A_HA_H1	509	48	A	0	0	48	37.5
A_HA_H1	510	48	A	0	0	48	38.7291666666667
A_HA_H1	511	48	A	0	0	47	39.3404255319149
A_HA_H1	512	48	A	0	0	47	40.9148936170213
A_HA_H1	513	48	A	0	0	48	39.9791666666667
A_HA_H1	514	48	G	0	0	48	40.2083333333333
A_HA_H1	515	48	G	0	0	48	37.3958333333333
A_HA_H1	516	48	A	0	0	48	36.4375
A_HA_H1	517	48	A	0	0	48	36.2083333333333
A_HA_H1	518	48	A	0	0	48	38.375
A_HA_H1	519	48	A	0	0	48	39.4375
A_HA_H1	520	48	T	0	0	48	40.9375
A_HA_H1	521	48	C	0	0	48	40.9375
A_HA_H1	522	48	A	0	0	48	40.5
A_HA_H1	523	48	T	0	0	48	39.8125
A_HA_H1	524	48	A	0	0	48	37.5208333333333
A_HA_H1	525	48	C	0	0	48	38.5833333333333
A_HA_H1	526	48	C	0	0	48	38.4166666666667
A_HA_H1	527	48	C	0	0	48	37.75
A_HA_H1	528	48	A	0	0	48	37.6666666666667
A_HA_H1	529	48	A	0	0	48	38.5416666666667
A_HA_H1	530	48	A	0	0	48	40.5208333333333
A_HA_H1	531	48	G	0	0	48	41.0625
A_HA_H1	532	48	A	0	0	48	41.1458333333333
A_HA_H1	533	48	T	0	0	48	41.625
A_HA_H1	534	48	C	0	0	48	40.4166666666667
A_HA_H1	535	48	A	0	0	48	39.9375
A_HA_H1	536	48	A	0	0	48	39.8958333333333
A_HA_H1	537	48	C	0	0	48	39.5416666666667
A_HA_H1	538	48	C	0	0	48	38.4791666666667
A_HA_H1	539	48	A	0	0	48	38.4375
A_HA_H1	540	48	A	0	0	48	38.3125
A_HA_H1	541	48	A	0	0	47	37
A_HA_H1	542	48	C	0	0	48	37.4166666666667
A_HA_H1	543	48	C	0	0	48	37.0208333333333
A_HA_H1	544	48	T	0	0	48	36.7291666666667
A_HA_H1	545	48	A	0	0	48	37.0625
A_HA_H1	546	48	C	0	0	48	37.1041666666667
A_HA_H1	547	48	G	0	0	47	35
A_HA_H1	548	48	T	0	0	48	36.0625
A_HA_H1	549	48	T	0	0	48	36.2916666666667
A_HA_H1	550	48	A	0	0	48	36.1666666666667
A_HA_H1	551	48	A	0	0	48	36.3125
A_HA_H1	552	48	T	0	0	48	40.1458333333333
A_HA_H1	553	48	G	0	0	48	39.1458333333333
A_HA_H1	554	48	A	0	0	47	37.8936170212766
A_HA_H1	555	48	T	0	0	48	38.2291666666667
A_HA_H1	556	48	C	0	0	48	37.0625
A_HA_H1	557	48	A	0	0	48	36.4791666666667
A_HA_H1	558	48	A	0	0	48	35.6666666666667
A_HA_H1	559	48	G	0	0	47	37.936170212766
A_HA_H1	560	48	G	0	0	48	37.875
A_HA_H1	561	48	G	0	0	48	38.1875
A_HA_H1	562	48	A	0	0	48	37.375
A_HA_H1	563	48	A	0	0	48	38.4791666666667
A_HA_H1	564	47	A	1	0	47	39.4468085106383
A_HA_H1	565	47	G	1	0	47	37.6170212765957
A_HA_H1	566	48	A	0	0	48	38.4166666666667
A_HA_H1	567	48	A	0	0	48	38.5416666666667
A_HA_H1	568	48	G	0	0	48	38.2708333333333
A_HA_H1	569	48	T	0	0	47	37.4468085106383
A_HA_H1	570	47	C	1	0	46	37.0652173913044
A_HA_H1	571	47	C	1	0	45	37.6
A_HA_H1	572	47	T	1	0	47	36.1489361702128
A_HA_H1	573	48	C	0	0	48	36.9166666666667
A_HA_H1	574	48	G	0	0	48	36.4166666666667
A_HA_H1	575	48	T	0	0	47	37.2127659574468
A_HA_H1	576	48	G	0	0	48	38.5625
A_HA_H1	577	48	C	0	0	48	38.0208333333333
A_HA_H1	578	48	T	0	0	47	40.8085106382979
A_HA_H1	579	48	G	0	0	48	41.375
A_HA_H1	580	48	T	0	0	47	41.1702127659574
A_HA_H1	581	47	G	1	0	46	40.0652173913044
A_HA_H1	582	48	G	0	0	48	40.125
A_HA_H1	583	48	G	0	0	48	40.2916666666667
A_HA_H1	584	48	G	0	0	47	37.7659574468085
A_HA_H1	585	48	C	0	0	48	37.3541666666667
A_HA_H1	586	47	A	1	0	47	37.2978723404255
A_HA_H1	587	48	T	0	0	48	38.9583333333333
A_HA_H1	588	48	T	0	0	48	39.5208333333333
A_HA_H1	589	48	C	0	0	48	38.6875
A_HA_H1	590	48	A	0	0	48	38.7083333333333
A_HA_H1	591	48	C	0	0	48	38.4583333333333
A_HA_H1	592	48	C	0	0	48	37.6666666666667
A_HA_H1	593	48	A	0	0	48	38.1041666666667
A_HA_H1	594	48	T	0	0	48	37.7291666666667
A_HA_H1	595	48	C	0	0	48	38.6458333333333
A_HA_H1	596	48	C	0	0	48	39.5833333333333
A_HA_H1	597	48	A	0	0	48	39.0416666666667
A_HA_H1	598	48	C	0	0	48	37.9791666666667
A_HA_H1	599	48	C	0	0	48	37.3125
A_HA_H1	600	48	C	0	0	48	38.75
A_HA_H1	601	48	A	0	0	47	36.8510638297872
A_HA_H1	602	48	C	0	0	48	37.5833333333333
A_HA_H1	603	48	T	0	0	48	38.7291666666667
A_HA_H1	604	48	A	0	0	48	38.1666666666667
A_HA_H1	605	48	T	0	0	48	38.7291666666667
A_HA_H1	606	48	T	0	0	48	37.5833333333333
A_HA_H1	607	48	A	0	0	48	37.2083333333333
A_HA_H1	608	48	C	0	0	48	35.9375
A_HA_H1	609	48	T	0	0	48	35.25
A_HA_H1	610	48	G	0	0	48	35.1875
A_HA_H1	611	48	A	0	0	48	36.1666666666667
A_HA_H1	612	48	C	0	0	48	38.3333333333333
A_HA_H1	613	48	C	0	0	48	38.2291666666667
A_HA_H1	614	48	A	0	0	48	38.5625
A_HA_H1	615	48	A	0	0	48	39.8333333333333
A_HA_H1	616	47	G	1	0	47	40.8085106382979
A_HA_H1	617	47	A	1	0	47	41.9787234042553
A_HA_H1	618	48	A	0	0	47	41.3829787234043
A_HA_H1	619	48	A	0	0	48	41.0625
A_HA_H1	620	48	G	0	0	48	38.6666666666667
A_HA_H1	621	48	T	0	0	48	39.8958333333333
A_HA_H1	622	48	C	0	0	48	39.5
A_HA_H1	623	48	T	0	0	48	40.0416666666667
A_HA_H1	624	48	C	0	0	48	38.7708333333333
A_HA_H1	625	47	T	1	0	47	39.3617021276596
A_HA_H1	626	48	A	0	0	48	39.4375
A_HA_H1	627	48	T	0	0	48	39.7291666666667
A_HA_H1	628	48	C	0	0	48	38.8333333333333
A_HA_H1	629	48	A	0	0	48	39.2708333333333
A_HA_H1	630	48	G	0	0	48	38.7083333333333
A_HA_H1	631	48	A	0	0	48	40
A_HA_H1	632	48	A	0	0	48	40.3125
A_HA_H1	633	48	T	0	0	48	40.4166666666667
A_HA_H1	634	48	G	0	0	48	40.3333333333333
A_HA_H1	635	48	C	0	0	48	40.0625
A_HA_H1	636	48	A	0	0	48	38.4791666666667
A_HA_H1	637	48	G	0	0	48	38.5833333333333
A_HA_H1	638	48	A	0	0	48	37.7708333333333
A_HA_H1	639	48	T	0	0	48	37.9166666666667
A_HA_H1	640	48	G	0	0	48	37.9375
A_HA_H1	641	48	C	0	0	48	39.5416666666667
A_HA_H1	642	48	A	0	0	48	40.125
A_HA_H1	643	48	T	0	0	47	42.0851063829787
A_HA_H1	644	48	A	0	0	48	40.9375
A_HA_H1	645	48	T	0	0	47	41.3829787234043
A_HA_H1	646	49	G	0	0	48	39.8958333333333
A_HA_H1	647	49	T	0	0	49	38.6530612244898
A_HA_H1	648	49	T	0	0	48	38.4166666666667
A_HA_H1	649	48	T	0	0	48	39.5
A_HA_H1	650	48	T	0	0	48	40.6458333333333
A_HA_H1	651	48	T	0	0	48	40.1875
A_HA_H1	652	48	G	0	0	48	39.7708333333333
A_HA_H1	653	48	T	0	0	48	39.75
A_HA_H1	654	48	G	0	0	48	39.2708333333333
A_HA_H1	655	48	G	0	0	48	40.125
A_HA_H1	656	48	G	0	0	48	40.2708333333333
A_HA_H1	657	48	G	0	0	48	39.625
A_HA_H1	658	48	A	0	0	48	40.8333333333333
A_HA_H1	659	48	C	0	0	48	39.375
A_HA_H1	660	49	A	0	0	49	37.4897959183673
A_HA_H1	661	49	T	0	0	49	38.4897959183673
A_HA_H1	662	49	C	0	0	49	37.6938775510204
A_HA_H1	663	48	A	1	0	48	38.9791666666667
A_HA_H1	664	49	A	0	0	49	38.8571428571429
A_HA_H1	665	49	G	0	0	49	39.9795918367347
A_HA_H1	666	49	A	0	0	49	39.734693877551
A_HA_H1	667	49	T	0	0	48	39.5625
A_HA_H1	668	49	A	0	0	48	39.1666666666667
A_HA_H1	669	49	C	0	0	49	38.4285714285714
A_HA_H1	670	49	A	0	0	49	38.3877551020408
A_HA_H1	671	49	G	0	0	49	37.9183673469388
A_HA_H1	672	48	C	1	0	48	38.8333333333333
A_HA_H1	673	49	A	0	0	49	39.3265306122449
A_HA_H1	674	48	A	1	0	48	40.9791666666667
A_HA_H1	675	48	G	1	0	48	41.2708333333333
A_HA_H1	676	49	A	0	0	48	40.7083333333333
A_HA_H1	677	49	A	0	0	49	40.9591836734694
A_HA_H1	678	49	G	0	0	49	39.6326530612245
A_HA_H1	679	49	T	0	0	49	39.8571428571429
A_HA_H1	680	49	T	0	0	49	39.6122448979592
A_HA_H1	681	49	C	0	0	48	39.2291666666667
A_HA_H1	682	49	A	0	0	48	39.0625
A_HA_H1	683	49	A	0	0	49	38.0204081632653
A_HA_H1	684	49	G	0	0	48	38.7708333333333
A_HA_H1	685	48	C	1	0	48	38
A_HA_H1	686	49	C	0	0	48	37.2083333333333
A_HA_H1	687	49	G	0	0	49	36.9183673469388
A_HA_H1	688	49	G	0	0	49	37.1836734693878
A_HA_H1	689	49	A	0	0	49	37.9183673469388
A_HA_H1	690	49	A	0	0	49	37.8163265306122
A_HA_H1	691	49	A	0	0	49	39.8367346938776
A_HA_H1	692	49	T	0	0	49	40.469387755102
A_HA_H1	693	49	A	0	0	49	39.530612244898
A_HA_H1	694	49	G	0	0	49	39.0612244897959
A_HA_H1	695	49	C	0	0	48	38.9791666666667
A_HA_H1	696	49	A	0	0	49	37.7959183673469
A_HA_H1	697	48	A	1	0	47	37.7446808510638
A_HA_H1	698	48	C	1	0	48	37.9166666666667
A_HA_H1	699	49	A	0	0	49	38.469387755102
A_HA_H1	700	49	A	0	0	48	39.3958333333333
A_HA_H1	701	49	G	0	0	48	39.2083333333333
A_HA_H1	702	49	A	0	0	49	39.5918367346939
A_HA_H1	703	48	C	1	0	48	39.8541666666667
A_HA_H1	704	49	C	0	0	48	38.5208333333333
A_HA_H1	705	49	C	0	0	48	38.2291666666667
A_HA_H1	706	49	A	0	0	49	38
A_HA_H1	707	49	A	0	0	49	39.2040816326531
A_HA_H1	708	49	A	0	0	49	39.9183673469388
A_HA_H1	709	49	G	0	0	49	39.530612244898
A_HA_H1	710	49	T	0	0	49	40.2040816326531
A_HA_H1	711	49	G	0	0	49	38.3673469387755
A_HA_H1	712	49	A	0	0	49	39.4081632653061
A_HA_H1	713	50	G	0	0	49	39.5510204081633
A_HA_H1	714	50	G	0	0	50	38.66
A_HA_H1	715	50	G	0	0	49	39.6734693877551
A_HA_H1	716	50	A	0	0	50	38.4
A_HA_H1	717	50	T	0	0	49	39.1428571428571
A_HA_H1	718	49	C	1	0	49	37.4285714285714
A_HA_H1	719	131	A	0	0	130	34.8307692307692
A_HA_H1	720	131	A	0	0	131	34.6717557251908
A_HA_H1	721	131	G	0	0	131	34.2977099236641
A_HA_H1	722	136	C	0	0	136	34.7132352941176
A_HA_H1	723	139	A	0	0	139	35.0503597122302
A_HA_H1	724	139	G	1	0	138	35.2463768115942
A_HA_H1	725	139	G	1	0	138	36.268115942029
A_HA_H1	726	139	G	1	0	139	37.1151079136691
A_HA_H1	727	138	A	2	0	137	36.7737226277372
A_HA_H1	728	138	G	2	0	137	37.1240875912409
A_HA_H1	729	140	A	1	0	139	38.5827338129496
A_HA_H1	730	141	A	0	0	140	38.7428571428571
A_HA_H1	731	141	T	0	0	141	37.8723404255319
A_HA_H1	732	141	G	0	0	141	36.0425531914894
A_HA_H1	733	140	A	1	0	140	36.6285714285714
A_HA_H1	734	140	A	1	0	138	36.6811594202899
A_HA_H1	735	140	C	1	0	140	35.9857142857143
A_HA_H1	736	139	T	2	0	139	36.7338129496403
A_HA_H1	737	141	A	0	0	141	37.2340425531915
A_HA_H1	738	140	T	1	0	140	38.4
A_HA_H1	739	141	T	0	0	141	38.0141843971631
A_HA_H1	740	141	A	0	0	140	37.8571428571429
A_HA_H1	741	141	C	0	0	140	36.9214285714286
A_HA_H1	742	141	T	0	0	141	36.7163120567376
A_HA_H1	743	140	G	1	0	140	35.9285714285714
A_HA_H1	744	140	G	1	0	140	35.6285714285714
A_HA_H1	745	141	A	0	0	141	36.1914893617021
A_HA_H1	746	141	C	0	0	141	37.9645390070922
A_HA_H1	747	141	A	0	0	141	36.1418439716312
A_HA_H1	748	141	C	0	0	139	36.1870503597122
A_HA_H1	749	141	T	0	0	139	37.0359712230216
A_HA_H1	750	141	A	0	0	140	35
A_HA_H1	751	140	G	1	0	140	34.7714285714286
A_HA_H1	752	140	T	1	0	140	35.2785714285714
A_HA_H1	753	141	A	0	0	140	35.1214285714286
A_HA_H1	754	141	G	0	0	140	35.5428571428571
A_HA_H1	755	141	A	0	0	141	36.1276595744681
A_HA_H1	756	141	A	0	0	141	36.7304964539007
A_HA_H1	757	141	C	0	0	138	37.1014492753623
A_HA_H1	758	141	C	0	0	141	36.6808510638298
A_HA_H1	759	140	G	1	0	140	36.9785714285714
A_HA_H1	760	141	G	0	0	141	37.7446808510638
A_HA_H1	761	141	G	0	0	141	36.8581560283688
A_HA_H1	762	141	A	0	0	141	37.2482269503546
A_HA_H1	763	141	G	0	0	140	38.4571428571429
A_HA_H1	764	141	A	0	0	141	39.3971631205674
A_HA_H1	765	141	C	0	0	138	38.9927536231884
A_HA_H1	766	140	A	1	0	137	39.036496350365
A_HA_H1	767	141	A	0	0	141	37.5886524822695
A_HA_H1	768	141	A	0	0	141	39.3617021276596
A_HA_H1	769	141	A	0	0	138	40.1521739130435
A_HA_H1	770	141	T	0	0	138	40.7463768115942
A_HA_H1	771	141	A	0	0	139	40.1942446043165
A_HA_H1	772	141	A	0	0	141	40.6595744680851
A_HA_H1	773	141	C	0	0	141	40.6737588652482
A_HA_H1	774	141	A	0	0	141	40.5248226950355
A_HA_H1	775	141	T	0	0	141	41.0921985815603
A_HA_H1	776	141	T	0	0	141	42.1914893617021
A_HA_H1	777	140	C	1	0	138	39.963768115942
A_HA_H1	778	141	G	0	0	140	38.6428571428571
A_HA_H1	779	141	A	0	0	141	37.6241134751773
A_HA_H1	780	141	A	0	0	141	38.2553191489362
A_HA_H1	781	141	G	0	0	141	38.4113475177305
A_HA_H1	782	140	C	1	0	140	39.6571428571429
A_HA_H1	783	140	A	1	0	140	40.0571428571429
A_HA_H1	784	141	A	0	0	140	39.8357142857143
A_HA_H1	785	141	C	0	0	141	39.7801418439716
A_HA_H1	786	141	T	0	0	141	40.6595744680851
A_HA_H1	787	140	G	1	0	140	40.1214285714286
A_HA_H1	788	141	G	0	0	141	39.5035460992908
A_HA_H1	789	141	T	0	0	140	39.7285714285714
A_HA_H1	790	141	A	0	0	140	38.9357142857143
A_HA_H1	791	141	A	0	0	140	38.9785714285714
A_HA_H1	792	141	T	0	0	141	39.2482269503546
A_HA_H1	793	141	C	0	0	141	38.4397163120567
A_HA_H1	794	139	T	2	0	139	39.4532374100719
A_HA_H1	795	139	A	2	0	138	37.6014492753623
A_HA_H1	796	141	G	0	0	141	37.2198581560284
A_HA_H1	797	141	T	0	0	140	36.5
A_HA_H1	798	141	G	0	0	140	35.9428571428571
A_HA_H1	799	141	G	0	0	141	35.8368794326241
A_HA_H1	800	141	C	0	0	141	37.5531914893617
A_HA_H1	801	141	A	0	0	141	37.6028368794326
A_HA_H1	802	141	C	0	0	140	39.3571428571429
A_HA_H1	803	141	C	0	0	141	37.1914893617021
A_HA_H1	804	141	G	0	0	140	36.8071428571429
A_HA_H1	805	141	A	0	0	141	36.1985815602837
A_HA_H1	806	141	G	0	0	141	36.290780141844
A_HA_H1	807	141	A	0	0	141	36.9078014184397
A_HA_H1	808	141	T	0	0	141	38.5035460992908
A_HA_H1	809	141	A	0	0	141	39.0567375886525
A_HA_H1	810	141	T	0	0	141	38.9503546099291
A_HA_H1	811	141	G	0	0	140	38.6785714285714
A_HA_H1	812	141	C	0	0	140	38.8428571428571
A_HA_H1	813	141	A	0	0	141	39.063829787234
A_HA_H1	814	141	T	0	0	141	41.1914893617021
A_HA_H1	815	141	T	0	0	141	40.2482269503546
A_HA_H1	816	141	C	0	0	141	39.8581560283688
A_HA_H1	817	141	A	0	0	141	40.0709219858156
A_HA_H1	818	141	C	0	0	141	39.7163120567376
A_HA_H1	819	141	A	0	0	141	38.6950354609929
A_HA_H1	820	141	A	0	0	141	39.6666666666667
A_HA_H1	821	141	T	0	0	141	39.4609929078014
A_HA_H1	822	141	G	0	0	140	39.65
A_HA_H1	823	141	G	0	0	141	39.2553191489362
A_HA_H1	824	137	A	4	0	136	40.0147058823529
A_HA_H1	825	139	A	2	0	139	39.0503597122302
A_HA_H1	826	139	A	2	0	139	41.0647482014388
A_HA_H1	827	141	A	0	0	141	41.6099290780142
A_HA_H1	828	141	A	0	0	141	41.468085106383
A_HA_H1	829	141	G	0	0	141	41.468085106383
A_HA_H1	830	141	A	0	0	141	41.241134751773
A_HA_H1	831	142	T	0	0	142	40.8943661971831
A_HA_H1	832	142	G	0	0	140	40.4285714285714
A_HA_H1	833	142	C	0	0	142	40.5985915492958
A_HA_H1	834	142	T	0	0	142	40.0985915492958
A_HA_H1	835	141	G	1	0	141	40.3617021276596
A_HA_H1	836	142	G	0	0	142	40.0140845070423
A_HA_H1	837	142	A	0	0	142	40.7957746478873
A_HA_H1	838	142	T	0	0	142	41.2535211267606
A_HA_H1	839	142	C	0	0	141	41.3829787234043
A_HA_H1	840	143	T	0	0	143	41.4195804195804
A_HA_H1	841	142	G	1	0	142	40.7253521126761
A_HA_H1	842	143	G	0	0	143	40.6293706293706
A_HA_H1	843	143	T	0	0	142	40.1267605633803
A_HA_H1	844	143	A	0	0	141	40.758865248227
A_HA_H1	845	142	T	1	0	141	40.936170212766
A_HA_H1	846	142	T	1	0	141	40.6028368794326
A_HA_H1	847	142	A	1	0	140	39.9428571428571
A_HA_H1	848	142	T	1	0	142	39.5985915492958
A_HA_H1	849	142	C	1	0	140	39.8
A_HA_H1	850	143	A	0	0	142	39.2746478873239
A_HA_H1	851	142	T	1	0	141	39.4397163120567
A_HA_H1	852	142	T	1	0	142	39.3380281690141
A_HA_H1	853	142	T	1	0	142	38.3943661971831
A_HA_H1	854	142	C	1	0	139	37.9784172661871
A_HA_H1	855	143	A	0	0	141	38.2482269503546
A_HA_H1	856	142	G	1	0	139	38.1438848920863
A_HA_H1	857	143	A	0	0	142	37.8802816901408
A_HA_H1	858	143	T	0	0	143	37.6363636363636
A_HA_H1	859	142	A	1	0	139	38
A_HA_H1	860	142	C	1	0	137	38.7226277372263
A_HA_H1	861	142	A	1	0	141	38.177304964539
A_HA_H1	862	141	C	2	0	140	38.5714285714286
A_HA_H1	863	141	C	2	0	139	37.5827338129496
A_HA_H1	864	140	A	3	0	139	37.5323741007194
A_HA_H1	865	141	G	2	0	138	37.4855072463768
A_HA_H1	866	142	T	1	0	142	37.3732394366197
A_HA_H1	867	141	C	2	0	140	37.5571428571429
A_HA_H1	868	142	C	1	0	140	38.7214285714286
A_HA_H1	869	142	A	1	0	141	37.9432624113475
A_HA_H1	870	142	C	1	0	142	38.169014084507
A_HA_H1	871	143	G	0	0	138	36.3478260869565
A_HA_H1	872	143	A	0	0	143	36.1258741258741
A_HA_H1	873	143	T	0	0	143	36.5314685314685
A_HA_H1	874	143	T	0	0	143	36.3636363636364
A_HA_H1	875	143	G	0	0	143	36.4895104895105
A_HA_H1	876	143	C	0	0	143	38.9160839160839
A_HA_H1	877	143	A	0	0	143	38.9440559440559
A_HA_H1	878	143	A	0	0	143	39.7342657342657
A_HA_H1	879	143	T	0	0	142	40.4788732394366
A_HA_H1	880	143	A	0	0	142	39.0211267605634
A_HA_H1	881	143	C	0	0	142	39.9718309859155
A_HA_H1	882	143	A	0	0	142	40.1549295774648
A_HA_H1	883	141	A	2	0	141	39.531914893617
A_HA_H1	884	140	C	3	0	140	39.6
A_HA_H1	885	141	T	2	0	141	38.8581560283688
A_HA_H1	886	141	T	2	0	141	38.7163120567376
A_HA_H1	887	142	G	1	0	142	38.7253521126761
A_HA_H1	888	141	T	1	0	141	39.063829787234
A_HA_H1	889	141	C	1	0	140	38.0642857142857
A_HA_H1	890	141	A	1	0	140	38.0928571428571
A_HA_H1	891	142	G	0	0	142	37.3661971830986
A_HA_H1	892	142	A	0	0	142	36.9154929577465
A_HA_H1	893	142	C	0	0	141	37.7943262411348
A_HA_H1	894	142	A	0	0	140	38.3928571428571
A_HA_H1	895	141	C	1	0	140	39.0428571428571
A_HA_H1	896	142	C	0	0	142	38.556338028169
A_HA_H1	897	141	C	1	0	141	38.5886524822695
A_HA_H1	898	141	G	1	0	141	37.468085106383
A_HA_H1	899	142	A	0	0	142	37.9718309859155
A_HA_H1	900	142	G	0	0	141	39.0354609929078
A_HA_H1	901	142	G	0	0	142	38.6478873239437
A_HA_H1	902	142	G	0	0	141	39.5106382978723
A_HA_H1	903	142	T	0	0	141	38.7375886524823
A_HA_H1	904	141	G	1	0	141	39.1914893617021
A_HA_H1	905	142	C	1	0	141	39.4113475177305
A_HA_H1	906	143	T	0	0	142	39.5352112676056
A_HA_H1	907	142	A	1	0	142	38.7464788732394
A_HA_H1	908	142	T	1	0	142	39.0422535211268
A_HA_H1	909	140	A	3	0	140	36.8857142857143
A_HA_H1	910	141	A	2	0	140	37.6285714285714
A_HA_H1	911	143	A	0	0	143	38.1608391608392
A_HA_H1	912	143	C	0	0	143	38.3006993006993
A_HA_H1	913	143	A	0	0	143	37.5874125874126
A_HA_H1	914	143	C	0	0	142	38.3239436619718
A_HA_H1	915	143	C	0	0	143	39.1888111888112
A_HA_H1	916	143	A	0	0	143	37.958041958042
A_HA_H1	917	143	G	0	0	143	37.7342657342657
A_HA_H1	918	142	C	1	0	142	38.612676056338
A_HA_H1	919	143	C	0	0	143	37.9230769230769
A_HA_H1	920	143	T	0	0	143	37.4965034965035
A_HA_H1	921	139	C	4	0	138	34.9710144927536
A_HA_H1	922	143	C	0	0	143	36.2237762237762
A_HA_H1	923	143	C	0	0	143	34.6433566433566
A_HA_H1	924	143	A	0	0	143	32.5734265734266
A_HA_H1	925	143	T	0	0	143	33.4895104895105
A_HA_H1	926	143	T	0	0	143	37.5804195804196
A_HA_H1	927	143	T	0	0	143	37.986013986014
A_HA_H1	928	143	C	0	0	143	34.3286713286713
A_HA_H1	929	143	A	0	0	143	36.5314685314685
A_HA_H1	930	143	G	0	0	143	36.4125874125874
A_HA_H1	931	143	A	0	0	143	36.2587412587413
A_HA_H1	932	142	A	1	0	142	36.6830985915493
A_HA_H1	933	142	T	1	0	141	37.5177304964539
A_HA_H1	934	143	G	0	0	141	37.1489361702128
A_HA_H1	935	142	T	1	0	139	38.1151079136691
A_HA_H1	936	142	A	1	0	141	37.6170212765957
A_HA_H1	937	143	C	0	0	141	38.4397163120567
A_HA_H1	938	143	A	0	0	143	37.9370629370629
A_HA_H1	939	143	T	0	0	142	39.112676056338
A_HA_H1	940	142	C	1	0	141	39.0709219858156
A_HA_H1	941	143	C	0	0	142	38.5774647887324
A_HA_H1	942	141	G	2	0	138	37.8695652173913
A_HA_H1	943	143	A	0	0	143	37.9440559440559
A_HA_H1	944	143	T	0	0	142	37.8521126760563
A_HA_H1	945	143	C	0	0	141	37.5957446808511
A_HA_H1	946	143	A	0	0	143	38.0629370629371
A_HA_H1	947	143	C	0	0	142	38.2887323943662
A_HA_H1	948	143	G	0	0	141	35.9716312056738
A_HA_H1	949	143	A	0	0	143	36.7762237762238
A_HA_H1	950	143	T	0	0	143	36.9020979020979
A_HA_H1	951	143	T	0	0	143	37.1328671328671
A_HA_H1	952	143	G	0	0	142	37.2042253521127
A_HA_H1	953	143	G	0	0	143	38.7202797202797
A_HA_H1	954	143	G	0	0	143	38.3636363636364
A_HA_H1	955	142	A	1	0	141	38.3049645390071
A_HA_H1	956	143	A	0	0	142	40.4225352112676
A_HA_H1	957	143	A	0	0	142	40.5211267605634
A_HA_H1	958	143	T	0	0	142	40.2323943661972
A_HA_H1	959	143	G	0	0	140	39.7714285714286
A_HA_H1	960	143	T	0	0	142	39.5070422535211
A_HA_H1	961	142	C	1	0	141	38.1205673758865
A_HA_H1	962	143	C	0	0	142	37.3380281690141
A_HA_H1	963	142	A	1	0	142	36.5211267605634
A_HA_H1	964	142	A	1	0	140	37.5142857142857
A_HA_H1	965	142	A	1	0	141	38.2978723404255
A_HA_H1	966	142	G	1	0	141	38.6099290780142
A_HA_H1	967	142	T	1	0	139	39.3669064748201
A_HA_H1	968	143	A	0	0	143	39.1258741258741
A_HA_H1	969	143	T	0	0	143	38.8881118881119
A_HA_H1	970	143	G	0	0	142	38.9366197183099
A_HA_H1	971	143	T	0	0	143	39.034965034965
A_HA_H1	972	143	G	0	0	143	38.5734265734266
A_HA_H1	973	142	A	1	0	142	39.2253521126761
A_HA_H1	974	142	G	1	0	141	39.3617021276596
A_HA_H1	975	142	A	1	0	141	39.6524822695035
A_HA_H1	976	142	A	1	0	142	40.4788732394366
A_HA_H1	977	142	G	1	0	140	40.3357142857143
A_HA_H1	978	143	C	0	0	140	40.5285714285714
A_HA_H1	979	143	A	0	0	141	40.3971631205674
A_HA_H1	980	143	C	0	0	142	40.830985915493
A_HA_H1	981	143	A	0	0	143	39.6153846153846
A_HA_H1	982	143	A	0	0	142	40.3661971830986
A_HA_H1	983	143	A	0	0	143	40.2937062937063
A_HA_H1	984	143	A	0	0	143	40.1328671328671
A_HA_H1	985	143	T	0	0	142	39.6056338028169
A_HA_H1	986	143	T	0	0	141	39.5460992907801
A_HA_H1	987	142	G	1	0	140	36.7642857142857
A_HA_H1	988	142	A	1	0	141	35.0425531914894
A_HA_H1	989	142	G	1	0	139	35.2086330935252
A_HA_H1	990	143	A	0	0	143	35.1748251748252
A_HA_H1	991	143	C	0	0	142	35.3098591549296
A_HA_H1	992	143	T	0	0	142	35.2253521126761
A_HA_H1	993	143	G	0	0	142	35.5
A_HA_H1	994	143	G	0	0	142	35.4225352112676
A_HA_H1	995	143	C	0	0	143	35.4125874125874
A_HA_H1	996	142	C	1	0	140	36.6142857142857
A_HA_H1	997	142	A	1	0	141	36.6950354609929
A_HA_H1	998	143	C	0	0	142	36.6267605633803
A_HA_H1	999	143	A	0	0	142	36.0985915492958
A_HA_H1	1000	143	G	0	0	143	37.027972027972
A_HA_H1	1001	143	G	0	0	142	37.5352112676056
A_HA_H1	1002	143	A	0	0	143	37.979020979021
A_HA_H1	1003	143	C	0	0	142	37.8521126760563
A_HA_H1	1004	141	T	2	0	141	38.4113475177305
A_HA_H1	1005	141	G	2	0	139	37.1151079136691
A_HA_H1	1006	140	A	3	0	140	36.4071428571429
A_HA_H1	1007	141	G	2	0	141	36.6666666666667
A_HA_H1	1008	140	G	3	0	139	37.0359712230216
A_HA_H1	1009	140	A	3	0	140	37.4285714285714
A_HA_H1	1010	143	A	0	0	142	37.5070422535211
A_HA_H1	1011	143	T	0	0	142	38.6549295774648
A_HA_H1	1012	143	G	0	0	143	38.8881118881119
A_HA_H1	1013	142	T	1	0	142	38.7605633802817
A_HA_H1	1014	141	C	2	0	141	38.2198581560284
A_HA_H1	1015	143	C	0	0	143	37.6013986013986
A_HA_H1	1016	143	C	0	0	142	36.9507042253521
A_HA_H1	1017	143	G	0	0	140	35.6142857142857
A_HA_H1	1018	143	T	0	0	141	35.2836879432624
A_HA_H1	1019	143	C	0	0	141	36.5815602836879
A_HA_H1	1020	142	T	1	0	141	35.8794326241135
A_HA_H1	1021	143	A	0	0	142	35.4718309859155
A_HA_H1	1022	143	T	0	0	143	35.5244755244755
A_HA_H1	1023	143	T	0	0	142	37.1478873239437
A_HA_H1	1024	143	C	0	0	139	36.5611510791367
A_HA_H1	1025	143	A	0	0	140	36.1357142857143
A_HA_H1	1026	143	A	0	0	143	35.993006993007
A_HA_H1	1027	143	T	0	0	143	36.6223776223776
A_HA_H1	1028	143	C	0	0	143	36.7832167832168
A_HA_H1	1029	143	T	0	0	143	37.3916083916084
A_HA_H1	1030	143	A	0	0	142	37.0915492957746
A_HA_H1	1031	143	G	0	0	142	37.4225352112676
A_HA_H1	1032	142	A	1	0	141	38.3687943262411
A_HA_H1	1033	143	G	0	0	143	38.7762237762238
A_HA_H1	1034	143	G	0	0	142	38.8732394366197
A_HA_H1	1035	143	C	0	0	143	39.3216783216783
A_HA_H1	1036	142	C	1	0	141	38.4539007092199
A_HA_H1	1037	142	T	1	0	142	39.4859154929577
A_HA_H1	1038	142	G	1	0	141	40.0070921985816
A_HA_H1	1039	143	T	0	0	143	38.972027972028
A_HA_H1	1040	143	T	0	0	141	39.0992907801418
A_HA_H1	1041	142	C	1	0	138	36.7101449275362
A_HA_H1	1042	142	G	1	0	142	35.3098591549296
A_HA_H1	1043	143	G	0	0	143	34.5734265734266
A_HA_H1	1044	143	G	0	0	143	34.8601398601399
A_HA_H1	1045	143	G	0	0	143	34.5734265734266
A_HA_H1	1046	143	C	0	0	143	36.7482517482517
A_HA_H1	1047	143	C	0	0	143	38.5944055944056
A_HA_H1	1048	143	A	0	0	142	37.2464788732394
A_HA_H1	1049	143	T	0	0	142	37.8169014084507
A_HA_H1	1050	143	T	0	0	143	37.5594405594406
A_HA_H1	1051	143	G	0	0	143	37.6083916083916
A_HA_H1	1052	143	C	0	0	143	37.4265734265734
A_HA_H1	1053	143	T	0	0	143	37.986013986014
A_HA_H1	1054	143	G	0	0	143	36.1328671328671
A_HA_H1	1055	143	G	0	0	143	36.1538461538462
A_HA_H1	1056	143	C	0	0	143	36.9370629370629
A_HA_H1	1057	142	T	1	0	141	38.0212765957447
A_HA_H1	1058	142	T	1	0	142	38.0704225352113
A_HA_H1	1059	143	C	0	0	143	38.2307692307692
A_HA_H1	1060	143	A	0	0	143	38.2167832167832
A_HA_H1	1061	143	T	0	0	143	38.4055944055944
A_HA_H1	1062	142	C	1	0	142	36.5704225352113
A_HA_H1	1063	142	G	1	0	141	36.6170212765957
A_HA_H1	1064	141	A	2	0	141	36.6595744680851
A_HA_H1	1065	142	A	1	0	140	37.2
A_HA_H1	1066	137	G	6	0	137	37.3576642335766
A_HA_H1	1067	142	G	1	0	142	36.7676056338028
A_HA_H1	1068	143	G	0	0	143	37.8321678321678
A_HA_H1	1069	142	G	1	0	141	39.8156028368794
A_HA_H1	1070	142	G	1	0	141	40.1631205673759
A_HA_H1	1071	139	G	4	0	139	39.8848920863309
A_HA_H1	1072	130	T	13	0	128	39.828125
A_HA_H1	1073	131	G	12	0	131	38.2671755725191
A_HA_H1	1074	131	G	12	0	129	39.3953488372093
A_HA_H1	1075	131	A	12	0	130	39.2
A_HA_H1	1076	147	C	12	0	146	38.6301369863014
A_HA_H1	1077	153	A	7	0	153	35.9738562091503
A_HA_H1	1078	153	G	7	0	152	36.0986842105263
A_HA_H1	1079	153	G	7	0	149	35.7181208053691
A_HA_H1	1080	153	G	7	0	153	36.9803921568627
A_HA_H1	1081	153	A	7	0	153	36.3006535947712
A_HA_H1	1082	149	T	11	0	148	40.4662162162162
A_HA_H1	1083	149	G	11	0	148	40.4662162162162
A_HA_H1	1084	149	G	11	0	149	40.3355704697987
A_HA_H1	1085	148	T	12	0	147	40.3333333333333
A_HA_H1	1086	148	A	12	0	148	39.2162162162162
A_HA_H1	1087	148	G	12	0	148	39.0067567567568
A_HA_H1	1088	148	A	12	0	147	39.3945578231293
A_HA_H1	1089	148	T	12	0	148	39.6148648648649
A_HA_H1	1090	147	G	13	0	146	40.6712328767123
A_HA_H1	1091	148	G	12	0	147	40.4285714285714
A_HA_H1	1092	148	A	12	0	148	40.277027027027
A_HA_H1	1093	148	T	12	0	148	40.0202702702703
A_HA_H1	1094	148	G	12	0	148	39.3716216216216
A_HA_H1	1095	148	G	12	0	148	39.7567567567568
A_HA_H1	1096	148	T	12	0	148	39.7094594594595
A_HA_H1	1097	149	A	12	0	149	38.9530201342282
A_HA_H1	1098	149	C	12	0	149	40.248322147651
A_HA_H1	1099	149	G	12	0	149	39.9395973154362
A_HA_H1	1100	149	G	12	0	149	39.9328859060403
A_HA_H1	1101	149	T	12	0	149	40.3758389261745
A_HA_H1	1102	149	T	12	0	149	39.9395973154362
A_HA_H1	1103	149	A	12	0	149	39.8993288590604
A_HA_H1	1104	149	T	12	0	149	41.5704697986577
A_HA_H1	1105	149	C	12	0	149	40.5637583892617
A_HA_H1	1106	149	A	12	0	149	41.3489932885906
A_HA_H1	1107	149	C	12	0	149	41.6174496644295
A_HA_H1	1108	149	C	12	0	149	41.6241610738255
A_HA_H1	1109	156	A	5	0	156	42.0641025641026
A_HA_H1	1110	156	T	5	0	149	42.0201342281879
A_HA_H1	1111	156	C	5	0	156	40.1217948717949
A_HA_H1	1112	156	A	5	0	156	40.2435897435897
A_HA_H1	1113	156	A	5	0	156	40.2435897435897
A_HA_H1	1114	155	A	6	0	155	41.458064516129
A_HA_H1	1115	149	A	12	0	149	42.1946308724832
A_HA_H1	1116	149	T	12	0	149	42.4563758389262
A_HA_H1	1117	155	G	8	0	150	40.3
A_HA_H1	1118	891	A	0	0	891	38.1459034792368
A_HA_H1	1119	892	G	1	0	892	36.8834080717489
A_HA_H1	1120	904	C	0	0	904	36.4712389380531
A_HA_H1	1121	910	A	0	0	907	35.3395810363837
A_HA_H1	1122	922	G	0	0	920	34.2815217391304
A_HA_H1	1123	941	G	0	0	941	34.0658873538788
A_HA_H1	1124	941	G	0	0	939	35.4888178913738
A_HA_H1	1125	942	G	0	0	942	36.052016985138
A_HA_H1	1126	942	T	0	0	941	36.2337938363443
A_HA_H1	1127	943	C	0	0	932	36.7854077253219
A_HA_H1	1128	947	A	1	0	943	35.9363732767762
A_HA_H1	1129	949	G	0	0	948	37.0527426160338
A_HA_H1	1130	950	G	0	0	948	37.1023206751055
A_HA_H1	1131	951	A	0	0	947	37.843717001056
A_HA_H1	1132	950	T	1	0	947	39.6631467793031
A_HA_H1	1133	951	A	1	0	949	39.4868282402529
A_HA_H1	1134	950	T	2	0	948	39.9483122362869
A_HA_H1	1135	948	G	4	0	945	39.0708994708995
A_HA_H1	1136	951	C	3	0	949	39.3719704952582
A_HA_H1	1137	954	A	1	0	951	38.5772870662461
A_HA_H1	1138	954	G	1	0	952	39.0210084033613
A_HA_H1	1139	955	C	1	0	953	39.514165792235
A_HA_H1	1140	956	C	0	0	952	39.8151260504202
A_HA_H1	1141	952	G	4	0	925	36.2335135135135
A_HA_H1	1142	956	A	0	0	951	34.7160883280757
A_HA_H1	1143	956	T	2	0	953	34.8331584470094
A_HA_H1	1144	954	C	5	0	939	33.8945686900958
A_HA_H1	1145	958	T	1	0	949	33.7291886195996
A_HA_H1	1146	957	G	2	0	953	35.1175236096537
A_HA_H1	1147	957	A	2	0	956	36.2751046025105
A_HA_H1	1148	959	A	0	0	957	37.521421107628
A_HA_H1	1149	958	G	1	0	954	39.1446540880503
A_HA_H1	1150	959	A	0	0	954	40.8805031446541
A_HA_H1	1151	957	G	2	0	951	40.6361724500526
A_HA_H1	1152	960	C	1	0	957	40.4179728317659
A_HA_H1	1153	960	A	1	0	960	39.671875
A_HA_H1	1154	961	C	0	0	960	40.41875
A_HA_H1	1155	959	A	2	0	958	40.6054279749478
A_HA_H1	1156	958	C	3	0	956	40.0732217573222
A_HA_H1	1157	955	A	6	0	954	39.5188679245283
A_HA_H1	1158	960	A	1	0	959	41.2085505735141
A_HA_H1	1159	961	A	0	0	960	41.2072916666667
A_HA_H1	1160	962	A	0	0	962	42.0155925155925
A_HA_H1	1161	962	T	0	0	960	41.1135416666667
A_HA_H1	1162	962	G	0	0	960	41.3375
A_HA_H1	1163	963	C	0	0	960	41.9552083333333
A_HA_H1	1164	963	C	0	0	962	40.6434511434511
A_HA_H1	1165	963	A	0	0	962	40.6185031185031
A_HA_H1	1166	963	T	0	0	963	40.5555555555556
A_HA_H1	1167	963	T	0	0	961	41.3673257023933
A_HA_H1	1168	964	G	0	0	959	40.5828988529718
A_HA_H1	1169	963	A	1	0	962	40.8575883575884
A_HA_H1	1170	963	T	1	0	957	41.5747126436782
A_HA_H1	1171	961	A	3	0	960	40.74375
A_HA_H1	1172	965	A	0	0	962	41.1247401247401
A_HA_H1	1173	964	G	1	0	950	40.6073684210526
A_HA_H1	1174	964	A	1	0	960	41.040625
A_HA_H1	1175	964	T	1	0	964	41.9159751037344
A_HA_H1	1176	965	T	1	0	963	41.7684319833853
A_HA_H1	1177	965	A	1	0	964	40.0612033195021
A_HA_H1	1178	966	C	1	0	964	40.4834024896266
A_HA_H1	1179	966	C	1	0	963	40.4444444444444
A_HA_H1	1180	965	A	1	0	964	40.5010373443983
A_HA_H1	1181	966	A	1	0	966	40.4699792960662
A_HA_H1	1182	967	C	0	0	965	41.2248704663212
A_HA_H1	1183	967	A	1	0	964	41.2292531120332
A_HA_H1	1184	968	A	0	0	967	41.0455015511892
A_HA_H1	1185	968	A	0	0	965	40.9461139896373
A_HA_H1	1186	968	G	0	0	964	39.4948132780083
A_HA_H1	1187	968	T	0	0	966	40.100414078675
A_HA_H1	1188	963	A	5	0	960	38.696875
A_HA_H1	1189	968	A	0	0	968	39.1353305785124
A_HA_H1	1190	966	A	2	0	965	39.3264248704663
A_HA_H1	1191	963	T	5	0	963	39.4267912772586
A_HA_H1	1192	965	T	3	0	965	39.9450777202073
A_HA_H1	1193	965	C	3	0	965	39.6694300518135
A_HA_H1	1194	963	T	5	0	961	40.8158168574402
A_HA_H1	1195	963	G	5	0	960	38.671875
A_HA_H1	1196	965	T	3	0	963	39.3551401869159
A_HA_H1	1197	969	T	0	0	968	38.4772727272727
A_HA_H1	1198	970	A	0	0	969	36.5046439628483
A_HA_H1	1199	969	T	1	0	967	36.9172699069286
A_HA_H1	1200	969	T	1	0	967	38.6339193381593
A_HA_H1	1201	970	G	1	0	970	38.0175257731959
A_HA_H1	1202	969	A	2	0	967	38.4560496380558
A_HA_H1	1203	971	A	0	0	970	39.5659793814433
A_HA_H1	1204	970	A	1	0	970	40.5185567010309
A_HA_H1	1205	970	A	1	0	967	41.1116856256463
A_HA_H1	1206	969	G	1	0	964	41.6514522821577
A_HA_H1	1207	970	A	0	0	970	41.479381443299
A_HA_H1	1208	971	T	0	0	970	41.2969072164948
A_HA_H1	1209	970	G	1	0	967	39.1302998965874
A_HA_H1	1210	971	A	0	0	966	39.4751552795031
A_HA_H1	1211	970	A	1	0	967	39.6618407445708
A_HA_H1	1212	970	T	1	0	968	40.1745867768595
A_HA_H1	1213	971	A	0	0	970	39.9536082474227
A_HA_H1	1214	971	C	0	0	970	40.7680412371134
A_HA_H1	1215	971	A	0	0	971	40.8259526261586
A_HA_H1	1216	970	C	1	0	970	40.3319587628866
A_HA_H1	1217	971	A	0	0	969	39.2745098039216
A_HA_H1	1218	971	G	0	0	968	39.6270661157025
A_HA_H1	1219	971	T	0	0	971	40.6374871266735
A_HA_H1	1220	971	T	0	0	968	41.1363636363636
A_HA_H1	1221	970	C	1	0	968	40.2985537190083
A_HA_H1	1222	971	A	1	0	971	39.821833161689
A_HA_H1	1223	971	C	1	0	971	40.3820803295572
A_HA_H1	1224	972	A	0	0	969	40.0846233230134
A_HA_H1	1225	972	G	0	0	971	39.9907312049434
A_HA_H1	1226	973	C	0	0	973	39.6803699897225
A_HA_H1	1227	973	A	0	0	973	39.672147995889
A_HA_H1	1228	973	G	0	0	972	39.7150205761317
A_HA_H1	1229	973	T	0	0	971	40.3861997940268
A_HA_H1	1230	972	T	2	0	971	40.3233779608651
A_HA_H1	1231	972	G	2	0	969	41.3261093911249
A_HA_H1	1232	971	G	3	0	969	41.953560371517
A_HA_H1	1233	971	T	3	0	971	42.6817713697219
A_HA_H1	1234	968	A	6	0	968	41.7272727272727
A_HA_H1	1235	972	A	2	0	968	42.1425619834711
A_HA_H1	1236	972	A	2	0	968	42.5909090909091
A_HA_H1	1237	971	G	3	0	965	41.2093264248705
A_HA_H1	1238	971	A	3	0	966	39.8022774327122
A_HA_H1	1239	972	G	2	0	957	37.8735632183908
A_HA_H1	1240	954	T	20	0	935	37.1272727272727
A_HA_H1	1241	974	T	0	0	969	34.9442724458204
A_HA_H1	1242	969	C	5	0	940	33.0893617021277
A_HA_H1	1243	971	A	3	0	964	32.5757261410788
A_HA_H1	1244	972	A	2	0	970	33.1010309278351
A_HA_H1	1245	972	C	2	0	969	34.500515995872
A_HA_H1	1246	974	C	0	0	966	35.4658385093168
A_HA_H1	1247	973	A	1	0	968	38.0361570247934
A_HA_H1	1248	973	C	1	0	971	38.4047373841401
A_HA_H1	1249	974	C	1	0	971	38.0422245108136
A_HA_H1	1250	971	T	4	0	970	38.6783505154639
A_HA_H1	1251	973	T	2	0	972	38.6625514403292
A_HA_H1	1252	971	G	4	0	970	37.8268041237113
A_HA_H1	1253	946	A	29	0	945	36.8846560846561
A_HA_H1	1254	964	A	11	0	963	36.0363447559709
A_HA_H1	1255	967	A	8	0	965	37.6062176165803
A_HA_H1	1256	974	A	1	0	973	37.2918807810894
A_HA_H1	1257	972	A	2	0	969	40.4489164086687
A_HA_H1	1258	970	A	4	0	967	39.8035160289555
A_HA_H1	1259	967	G	7	0	962	38.95841995842
A_HA_H1	1260	971	A	3	0	966	35.1594202898551
A_HA_H1	1261	972	A	2	0	968	35.3832644628099
A_HA_H1	1262	972	T	2	0	969	35.5841073271414
A_HA_H1	1263	966	A	8	0	956	36.0805439330544
A_HA_H1	1264	966	G	8	0	961	38.1789802289282
A_HA_H1	1265	968	A	6	0	965	38.4300518134715
A_HA_H1	1266	969	G	5	0	965	38.4103626943005
A_HA_H1	1267	972	A	2	0	969	39.312693498452
A_HA_H1	1268	973	A	2	0	972	39.8631687242798
A_HA_H1	1269	974	T	1	0	973	40.4193216855087
A_HA_H1	1270	973	C	2	0	970	40.1175257731959
A_HA_H1	1271	974	T	1	0	968	41.0960743801653
A_HA_H1	1272	975	A	0	0	972	40.2222222222222
A_HA_H1	1273	975	A	0	0	974	41.0544147843943
A_HA_H1	1274	974	A	1	0	973	40.6351490236382
A_HA_H1	1275	974	T	1	0	974	40.5154004106776
A_HA_H1	1276	973	A	2	0	972	38.4413580246914
A_HA_H1	1277	974	A	1	0	973	38.5570400822199
A_HA_H1	1278	974	A	1	0	973	38.4080164439877
A_HA_H1	1279	974	A	1	0	974	39.6386036960986
A_HA_H1	1280	974	A	1	0	972	41.4074074074074
A_HA_H1	1281	974	G	1	0	973	41.912641315519
A_HA_H1	1282	975	G	0	0	973	41.2970195272354
A_HA_H1	1283	974	T	1	0	972	41.141975308642
A_HA_H1	1284	975	T	0	0	975	40.4246153846154
A_HA_H1	1285	974	G	1	0	971	41.005149330587
A_HA_H1	1286	976	A	0	0	976	41.0696721311475
A_HA_H1	1287	976	T	0	0	974	40.8449691991786
A_HA_H1	1288	976	G	0	0	974	40.5400410677618
A_HA_H1	1289	975	A	1	0	971	39.6642636457261
A_HA_H1	1290	973	T	3	0	970	40.0814432989691
A_HA_H1	1291	973	G	3	0	973	39.5231243576567
A_HA_H1	1292	974	G	2	0	971	39.5458290422245
A_HA_H1	1293	973	T	3	0	970	39.4721649484536
A_HA_H1	1294	974	T	2	0	974	39.9445585215606
A_HA_H1	1295	974	T	2	0	973	39.8530318602261
A_HA_H1	1296	968	C	8	0	967	38.3971044467425
A_HA_H1	1297	973	C	3	0	970	39.1092783505155
A_HA_H1	1298	973	T	3	0	973	39.9804727646454
A_HA_H1	1299	972	G	4	0	971	38.6446961894954
A_HA_H1	1300	976	G	0	0	973	39.311408016444
A_HA_H1	1301	974	A	2	0	974	38.8336755646817
A_HA_H1	1302	975	C	1	0	969	38.4303405572755
A_HA_H1	1303	975	G	1	0	972	37.3940329218107
A_HA_H1	1304	974	T	2	0	973	38.1808838643371
A_HA_H1	1305	975	T	1	0	974	38.8624229979466
A_HA_H1	1306	976	T	0	0	975	40.014358974359
A_HA_H1	1307	974	G	2	0	973	40.0770811921891
A_HA_H1	1308	975	G	1	0	971	41.3038105046344
A_HA_H1	1309	974	A	2	0	973	41.3083247687564
A_HA_H1	1310	974	C	2	0	968	40.9163223140496
A_HA_H1	1311	973	T	3	0	971	40.5365602471679
A_HA_H1	1312	975	T	0	0	969	40.2868937048504
A_HA_H1	1313	974	A	1	0	971	39.356333676622
A_HA_H1	1314	975	C	0	0	974	39.1067761806982
A_HA_H1	1315	975	A	0	0	970	39.1711340206186
A_HA_H1	1316	975	A	0	0	973	39.7122302158273
A_HA_H1	1317	974	T	1	0	973	40.1603288797533
A_HA_H1	1318	973	G	2	0	971	39.8990731204943
A_HA_H1	1319	971	C	4	0	971	40.7106076210093
A_HA_H1	1320	972	C	3	0	966	40.296066252588
A_HA_H1	1321	968	G	7	0	965	37.9917098445596
A_HA_H1	1322	971	A	4	0	970	37.4412371134021
A_HA_H1	1323	973	A	2	0	971	37.3254376930999
A_HA_H1	1324	974	C	1	0	970	37.9824742268041
A_HA_H1	1325	975	T	0	0	975	38.5384615384615
A_HA_H1	1326	975	G	0	0	974	40.7638603696099
A_HA_H1	1327	975	C	0	0	975	41.2502564102564
A_HA_H1	1328	975	T	0	0	974	41.4876796714579
A_HA_H1	1329	975	G	0	0	973	41.6752312435766
A_HA_H1	1330	974	G	1	0	973	41.2795477903392
A_HA_H1	1331	974	T	1	0	970	41.5453608247423
A_HA_H1	1332	973	T	2	0	972	41.6954732510288
A_HA_H1	1333	971	C	4	0	967	41.0279214064116
A_HA_H1	1334	974	T	1	0	970	40.7371134020619
A_HA_H1	1335	973	A	2	0	972	39.6450617283951
A_HA_H1	1336	973	C	2	0	972	39.5020576131687
A_HA_H1	1337	972	T	3	0	970	39.5309278350515
A_HA_H1	1338	974	G	1	0	973	39.7081192189106
A_HA_H1	1339	974	G	1	0	974	39.4466119096509
A_HA_H1	1340	967	A	8	0	958	39.9185803757829
A_HA_H1	1341	974	A	1	0	974	41.364476386037
A_HA_H1	1342	974	A	1	0	974	42.1437371663244
A_HA_H1	1343	974	A	1	0	972	41.5658436213992
A_HA_H1	1344	974	C	1	0	971	40.3717816683831
A_HA_H1	1345	965	G	10	0	949	37.1738672286617
A_HA_H1	1346	975	A	1	0	973	36.207605344296
A_HA_H1	1347	976	A	0	0	976	36.5215163934426
A_HA_H1	1348	976	A	0	0	973	36.2764645426516
A_HA_H1	1349	976	G	0	0	974	36.2258726899384
A_HA_H1	1350	976	A	0	0	975	38.3353846153846
A_HA_H1	1351	972	A	4	0	969	38.249742002064
A_HA_H1	1352	972	C	4	0	966	36.2184265010352
A_HA_H1	1353	969	T	7	0	966	34.2898550724638
A_HA_H1	1354	975	T	1	0	973	35.3792394655704
A_HA_H1	1355	975	T	1	0	973	35.27852004111
A_HA_H1	1356	972	G	4	0	972	33.4238683127572
A_HA_H1	1357	974	G	2	0	969	36.9576883384933
A_HA_H1	1358	973	A	3	0	967	38.76525336091
A_HA_H1	1359	974	C	2	0	972	38.7325102880658
A_HA_H1	1360	975	T	1	0	973	38.7523124357657
A_HA_H1	1361	975	A	0	0	974	38.9948665297741
A_HA_H1	1362	975	T	0	0	975	39.1333333333333
A_HA_H1	1363	975	C	0	0	974	38.9209445585216
A_HA_H1	1364	974	A	1	0	970	39.7432989690722
A_HA_H1	1365	974	T	1	0	972	40.5185185185185
A_HA_H1	1366	974	G	1	0	969	40.1940144478844
A_HA_H1	1367	974	A	1	0	974	40.7402464065708
A_HA_H1	1368	974	T	1	0	974	41.3993839835729
A_HA_H1	1369	974	T	1	0	972	41.7510288065844
A_HA_H1	1370	974	C	1	0	969	41.687306501548
A_HA_H1	1371	974	A	1	0	971	42.5396498455201
A_HA_H1	1372	975	A	0	0	975	42.4
A_HA_H1	1373	975	A	0	0	975	42.465641025641
A_HA_H1	1374	974	T	1	0	974	41.8398357289528
A_HA_H1	1375	972	G	3	0	972	41.84670781893
A_HA_H1	1376	973	T	2	0	973	42.4429599177801
A_HA_H1	1377	972	G	3	0	970	40.6164948453608
A_HA_H1	1378	973	A	2	0	970	41.2577319587629
A_HA_H1	1379	971	A	4	0	968	40.9607438016529
A_HA_H1	1380	973	G	2	0	968	39.9638429752066
A_HA_H1	1381	974	A	1	0	974	40.0092402464066
A_HA_H1	1382	973	A	2	0	971	40.1987641606591
A_HA_H1	1383	971	C	4	0	967	39.8893485005171
A_HA_H1	1384	967	T	8	0	962	40.4802494802495
A_HA_H1	1385	972	T	3	0	969	40.6666666666667
A_HA_H1	1386	974	G	1	0	960	39.5552083333333
A_HA_H1	1387	974	T	1	0	972	39.7253086419753
A_HA_H1	1388	973	A	2	0	971	39.0205973223481
A_HA_H1	1389	973	T	2	0	973	38.9599177800617
A_HA_H1	1390	973	G	2	0	971	37.8547888774459
A_HA_H1	1391	939	A	36	0	936	38.8846153846154
A_HA_H1	1392	967	A	8	0	966	39.2867494824017
A_HA_H1	1393	969	A	6	0	967	39.4239917269907
A_HA_H1	1394	969	A	6	0	964	39.7738589211618
A_HA_H1	1395	966	A	9	0	965	39.8507772020725
A_HA_H1	1396	965	G	10	0	960	39.2854166666667
A_HA_H1	1397	969	T	6	0	963	39.0467289719626
A_HA_H1	1398	966	A	9	0	962	37.1122661122661
A_HA_H1	1399	968	A	7	0	960	37.9489583333333
A_HA_H1	1400	968	G	7	0	959	38.4807090719499
A_HA_H1	1401	970	A	5	0	967	39.2998965873837
A_HA_H1	1402	972	A	3	0	971	40.7621009268795
A_HA_H1	1403	972	A	3	0	970	41.1927835051546
A_HA_H1	1404	971	C	4	0	968	40.2128099173554
A_HA_H1	1405	972	C	3	0	962	40.5322245322245
A_HA_H1	1406	972	A	3	0	967	40.3485005170631
A_HA_H1	1407	973	G	2	0	967	39.4467425025853
A_HA_H1	1408	970	T	5	0	969	40.3539731682147
A_HA_H1	1409	973	T	2	0	973	39.9547790339157
A_HA_H1	1410	969	A	6	0	967	38.1458117890383
A_HA_H1	1411	974	A	1	0	974	38.8151950718686
A_HA_H1	1412	974	A	1	0	974	40.6509240246407
A_HA_H1	1413	974	A	1	0	972	41.6965020576132
A_HA_H1	1414	974	A	1	0	974	44.2320328542094
A_HA_H1	1415	972	A	2	0	972	43.6358024691358
A_HA_H1	1416	972	C	2	0	970	42.7484536082474
A_HA_H1	1417	969	A	5	0	968	42.301652892562
A_HA_H1	1418	970	A	4	0	969	41.7750257997936
A_HA_H1	1419	970	T	4	0	969	42.3157894736842
A_HA_H1	1420	972	G	2	0	970	40.1824742268041
A_HA_H1	1421	969	C	5	0	966	39.9265010351967
A_HA_H1	1422	971	T	3	0	969	40.1547987616099
A_HA_H1	1423	970	A	4	0	968	39.1993801652893
A_HA_H1	1424	973	A	1	0	972	39.5997942386831
A_HA_H1	1425	973	G	1	0	972	39.9320987654321
A_HA_H1	1426	972	G	2	0	971	40.956745623069
A_HA_H1	1427	971	A	3	0	969	41.5294117647059
A_HA_H1	1428	971	A	3	0	970	42.0103092783505
A_HA_H1	1429	971	G	3	0	967	40.6401240951396
A_HA_H1	1430	971	T	3	0	967	40.9224405377456
A_HA_H1	1431	973	T	1	0	973	40.0935251798561
A_HA_H1	1432	973	G	1	0	972	39.5380658436214
A_HA_H1	1433	973	G	1	0	969	39.2022703818369
A_HA_H1	1434	971	A	4	0	970	39.619587628866
A_HA_H1	1435	974	A	1	0	972	40.917695473251
A_HA_H1	1436	974	A	1	0	973	41.5077081192189
A_HA_H1	1437	973	C	2	0	968	39.7169421487603
A_HA_H1	1438	973	G	2	0	959	37.3639207507821
A_HA_H1	1439	974	G	1	0	973	37.6803699897225
A_HA_H1	1440	974	C	1	0	974	36.2443531827515
A_HA_H1	1441	974	T	1	0	972	36.5905349794239
A_HA_H1	1442	971	G	4	0	962	37.6237006237006
A_HA_H1	1443	973	C	2	0	967	37.8676318510858
A_HA_H1	1444	966	T	9	0	964	37.4626556016597
A_HA_H1	1445	972	T	3	0	969	37.6666666666667
A_HA_H1	1446	974	T	1	0	970	36.2144329896907
A_HA_H1	1447	972	G	3	0	966	32.3674948240166
A_HA_H1	1448	971	A	4	0	971	35.5283213182286
A_HA_H1	1449	973	A	2	0	969	36.7089783281734
A_HA_H1	1450	973	T	2	0	968	36.5805785123967
A_HA_H1	1451	973	T	2	0	970	37.8505154639175
A_HA_H1	1452	974	T	1	0	971	40.653964984552
A_HA_H1	1453	973	T	2	0	972	39.1090534979424
A_HA_H1	1454	968	A	7	0	966	36.6449275362319
A_HA_H1	1455	971	C	4	0	968	38.2613636363636
A_HA_H1	1456	971	C	4	0	967	37.5036194415719
A_HA_H1	1457	973	A	2	0	973	37.0256937307297
A_HA_H1	1458	970	C	4	0	969	37.3859649122807
A_HA_H1	1459	971	A	3	0	966	37.4544513457557
A_HA_H1	1460	973	A	1	0	973	38.0770811921891
A_HA_H1	1461	972	A	2	0	972	39.59670781893
A_HA_H1	1462	972	T	2	0	972	40.0617283950617
A_HA_H1	1463	972	G	2	0	972	40.4732510288066
A_HA_H1	1464	972	C	2	0	968	38.8316115702479
A_HA_H1	1465	973	G	1	0	967	37.6039296794209
A_HA_H1	1466	973	A	1	0	973	37.4049331963001
A_HA_H1	1467	973	C	1	0	972	36.9156378600823
A_HA_H1	1468	972	A	2	0	970	36.8360824742268
A_HA_H1	1469	972	A	2	0	972	38.0606995884774
A_HA_H1	1470	972	C	2	0	972	40.1430041152263
A_HA_H1	1471	972	A	2	0	971	38.8589083419156
A_HA_H1	1472	972	C	2	0	972	39.5185185185185
A_HA_H1	1473	972	A	2	0	970	39.1773195876289
A_HA_H1	1474	972	T	2	0	972	39.3076131687243
A_HA_H1	1475	970	G	4	0	968	38.8512396694215
A_HA_H1	1476	972	C	2	0	972	39.5329218106996
A_HA_H1	1477	973	A	1	0	971	39.3964984552008
A_HA_H1	1478	974	T	0	0	971	39.2832131822863
A_HA_H1	1479	975	G	0	0	973	38.5632065775951
A_HA_H1	1480	975	G	0	0	975	39.1825641025641
A_HA_H1	1481	975	A	0	0	973	39.5714285714286
A_HA_H1	1482	975	A	0	0	975	40.6420512820513
A_HA_H1	1483	974	A	1	0	972	41.8045267489712
A_HA_H1	1484	974	G	1	0	971	40.6508753861998
A_HA_H1	1485	974	T	1	0	974	40.6108829568789
A_HA_H1	1486	974	G	1	0	972	40.4382716049383
A_HA_H1	1487	974	T	1	0	974	40.5400410677618
A_HA_H1	1488	973	C	2	0	972	39.1656378600823
A_HA_H1	1489	976	A	0	0	975	40.3630769230769
A_HA_H1	1490	975	A	1	0	973	40.6803699897225
A_HA_H1	1491	975	G	1	0	966	40.7204968944099
A_HA_H1	1492	971	A	5	0	967	39.7952430196484
A_HA_H1	1493	976	A	0	0	974	40.1550308008214
A_HA_H1	1494	976	T	0	0	975	39.6851282051282
A_HA_H1	1495	973	G	3	0	970	38.7659793814433
A_HA_H1	1496	976	G	0	0	974	39.7905544147844
A_HA_H1	1497	974	G	2	0	965	39.0984455958549
A_HA_H1	1498	973	A	3	0	970	38.9061855670103
A_HA_H1	1499	973	C	3	0	969	37.6800825593395
A_HA_H1	1500	968	T	8	0	965	37.4611398963731
A_HA_H1	1501	973	T	3	0	968	38.2190082644628
A_HA_H1	1502	976	A	0	0	975	39.4215384615385
A_HA_H1	1503	976	T	0	0	970	39.960824742268
A_HA_H1	1504	975	G	1	0	963	39.8920041536864
A_HA_H1	1505	974	A	3	0	972	40.0102880658436
A_HA_H1	1506	973	C	3	0	968	38.1859504132231
A_HA_H1	1507	973	T	3	0	970	37.7061855670103
A_HA_H1	1508	973	A	3	0	971	36.3985581874356
A_HA_H1	1509	967	C	9	0	967	36.9793174767322
A_HA_H1	1510	974	C	2	0	972	36.8991769547325
A_HA_H1	1511	975	C	1	0	971	36.9577754891864
A_HA_H1	1512	973	A	3	0	970	34.8917525773196
A_HA_H1	1513	976	A	0	0	973	37.6742034943474
A_HA_H1	1514	976	A	0	0	974	40.1201232032854
A_HA_H1	1515	974	A	2	0	970	40.8443298969072
A_HA_H1	1516	973	T	3	0	969	41.6470588235294
A_HA_H1	1517	974	A	2	0	965	41.1875647668394
A_HA_H1	1518	975	C	1	0	974	40.0431211498973
A_HA_H1	1519	976	T	0	0	972	39.7592592592593
A_HA_H1	1520	967	C	8	0	963	37.2969885773624
A_HA_H1	1521	964	A	11	0	962	37.1351351351351
A_HA_H1	1522	966	G	9	0	966	36.731884057971
A_HA_H1	1523	975	A	1	0	974	38.0102669404517
A_HA_H1	1524	975	G	1	0	975	37.7876923076923
A_HA_H1	1525	976	G	0	0	976	37.8299180327869
A_HA_H1	1526	976	A	0	0	975	38.16
A_HA_H1	1527	977	A	1	0	974	37.8696098562628
A_HA_H1	1528	977	G	1	0	972	37.3395061728395
A_HA_H1	1529	976	C	2	0	973	37.1603288797533
A_HA_H1	1530	977	A	1	0	975	36.5774358974359
A_HA_H1	1531	978	A	0	0	978	36.9897750511247
A_HA_H1	1532	978	A	0	0	977	38.6622313203685
A_HA_H1	1533	977	A	1	0	975	40.2451282051282
A_HA_H1	1534	977	T	1	0	975	40.9476923076923
A_HA_H1	1535	977	T	1	0	975	41.0769230769231
A_HA_H1	1536	973	A	6	0	971	38.5767250257467
A_HA_H1	1537	978	A	1	0	977	39.6560900716479
A_HA_H1	1538	978	A	1	0	975	40.0328205128205
A_HA_H1	1539	978	C	1	0	974	39.9958932238193
A_HA_H1	1540	972	A	7	0	969	38.5407636738906
A_HA_H1	1541	969	G	10	0	965	37.7295336787565
A_HA_H1	1542	977	A	2	0	976	36.8053278688525
A_HA_H1	1543	977	G	2	0	974	35.4127310061602
A_HA_H1	1544	953	A	26	0	952	35.1186974789916
A_HA_H1	1545	975	A	4	0	975	35.894358974359
A_HA_H1	1546	976	A	3	0	976	37.3350409836066
A_HA_H1	1547	974	A	5	0	974	39.6334702258727
A_HA_H1	1548	975	A	4	0	970	42.1690721649485
A_HA_H1	1549	975	A	4	0	973	41.7410071942446
A_HA_H1	1550	973	T	6	0	971	40.5149330587024
A_HA_H1	1551	978	A	1	0	974	37.9383983572895
A_HA_H1	1552	978	G	1	0	978	37.4447852760736
A_HA_H1	1553	978	A	0	0	976	36.9569672131148
A_HA_H1	1554	979	T	0	0	978	37.1625766871166
A_HA_H1	1555	978	G	1	0	977	36.7645854657114
A_HA_H1	1556	978	G	1	0	973	37.5488180883864
A_HA_H1	1557	978	A	1	0	975	38.2246153846154
A_HA_H1	1558	978	G	1	0	974	38.2094455852156
A_HA_H1	1559	977	T	1	0	977	37.885363357216
A_HA_H1	1560	977	A	1	0	974	36.9332648870637
A_HA_H1	1561	979	A	1	0	979	37.2870275791624
A_HA_H1	1562	978	A	2	0	974	37.6047227926078
A_HA_H1	1563	978	G	4	0	976	37.8606557377049
A_HA_H1	1564	982	C	0	0	980	38.0142857142857
A_HA_H1	1565	980	T	2	0	979	39.4729315628192
A_HA_H1	1566	972	G	10	0	970	38.5927835051546
A_HA_H1	1567	979	G	3	0	975	38.0133333333333
A_HA_H1	1568	981	A	1	0	980	37.8510204081633
A_HA_H1	1569	981	C	1	0	971	38.8630278063852
A_HA_H1	1570	979	T	3	0	974	38.4445585215606
A_HA_H1	1571	976	C	6	0	962	38.3575883575884
A_HA_H1	1572	975	A	7	0	973	38.6690647482014
A_HA_H1	1573	980	A	3	0	973	38.6988694758479
A_HA_H1	1574	981	C	2	0	974	39.7474332648871
A_HA_H1	1575	980	A	3	0	978	39.4366053169734
A_HA_H1	1576	980	A	3	0	978	39.1288343558282
A_HA_H1	1577	979	G	3	0	977	39.4861821903787
A_HA_H1	1578	980	G	2	0	977	38.5486182190379
A_HA_H1	1579	980	A	2	0	980	38.0459183673469
A_HA_H1	1580	979	C	3	0	977	37.3336745138178
A_HA_H1	1581	978	T	4	0	976	36.9354508196721
A_HA_H1	1582	979	T	3	0	979	37.488253319714
A_HA_H1	1583	975	A	7	0	973	36.5601233299075
A_HA_H1	1584	976	C	6	0	972	36.8981481481481
A_HA_H1	1585	977	C	5	0	976	37.4436475409836
A_HA_H1	1586	976	A	6	0	974	36.9055441478439
A_HA_H1	1587	977	G	5	0	971	35.7270854788877
A_HA_H1	1588	980	A	2	0	979	35.2236976506639
A_HA_H1	1589	980	T	2	0	976	35.1711065573771
A_HA_H1	1590	980	C	2	0	976	34.6147540983607
A_HA_H1	1591	980	C	1	0	978	34.7873210633947
A_HA_H1	1592	981	T	0	0	977	35.1258955987717
A_HA_H1	1593	979	G	2	0	979	34.5485188968335
A_HA_H1	1594	980	G	1	0	979	35.4126659856997
A_HA_H1	1595	976	C	5	0	972	36.3878600823045
A_HA_H1	1596	974	A	7	0	970	36.0969072164948
A_HA_H1	1597	980	A	1	0	975	37.1589743589744
A_HA_H1	1598	980	T	1	0	970	38.4927835051546
A_HA_H1	1599	981	C	0	0	968	35.0805785123967
A_HA_H1	1600	977	T	4	0	966	35.583850931677
A_HA_H1	1601	978	A	3	0	975	35.1733333333333
A_HA_H1	1602	976	T	5	0	975	35.3169230769231
A_HA_H1	1603	981	T	0	0	975	35.0502564102564
A_HA_H1	1604	981	C	0	0	970	35.6453608247423
A_HA_H1	1605	981	A	0	0	981	36.4709480122324
A_HA_H1	1606	981	A	0	0	975	37.7230769230769
A_HA_H1	1607	980	C	1	0	971	38.9402677651905
A_HA_H1	1608	981	T	0	0	979	40.0725229826353
A_HA_H1	1609	980	G	1	0	977	39.7389969293756
A_HA_H1	1610	981	T	0	0	979	40.3728294177732
A_HA_H1	1611	981	T	0	0	981	40.6748216106014
A_HA_H1	1612	980	G	1	0	977	39.453428863869
A_HA_H1	1613	979	C	2	0	978	39.0623721881391
A_HA_H1	1614	980	C	1	0	975	38.4082051282051
A_HA_H1	1615	981	A	0	0	981	37.4250764525994
A_HA_H1	1616	980	G	1	0	973	36.9958890030832
A_HA_H1	1617	977	T	3	0	975	37.6451282051282
A_HA_H1	1618	978	T	2	0	976	37.4549180327869
A_HA_H1	1619	978	C	2	0	971	35.8722966014418
A_HA_H1	1620	978	A	2	0	968	35.2469008264463
A_HA_H1	1621	980	T	0	0	978	35.4642126789366
A_HA_H1	1622	979	T	1	0	978	35.8936605316973
A_HA_H1	1623	975	G	3	0	971	34.2657054582904
A_HA_H1	1624	977	G	1	0	977	34.89252814739
A_HA_H1	1625	977	T	1	0	975	37.6082051282051
A_HA_H1	1626	972	G	6	0	972	38.0874485596708
A_HA_H1	1627	977	C	1	0	968	37.9979338842975
A_HA_H1	1628	977	T	1	0	975	37.5148717948718
A_HA_H1	1629	976	G	2	0	975	38.0912820512821
A_HA_H1	1630	972	G	7	0	971	37.859938208033
A_HA_H1	1631	963	T	16	0	955	37.1329842931937
A_HA_H1	1632	968	A	11	0	963	36.2741433021807
A_HA_H1	1633	973	G	5	0	961	35.7596253902185
A_HA_H1	1634	965	T	13	0	954	35.3899371069182
A_HA_H1	1635	965	C	13	0	964	34.4865145228216
A_HA_H1	1636	974	T	4	0	969	35.4654282765738
A_HA_H1	1637	957	C	21	0	941	36.0074388947928
A_HA_H1	1638	978	C	0	0	977	36.7103377686796
A_HA_H1	1639	971	C	7	0	966	37.0351966873706
A_HA_H1	1640	970	T	8	0	963	36.9709241952233
A_HA_H1	1641	919	G	59	0	910	37.8241758241758
A_HA_H1	1642	974	G	4	0	972	38.3621399176955
A_HA_H1	1643	975	G	3	0	973	38.1993833504625
A_HA_H1	1644	976	G	1	0	973	38.7142857142857
A_HA_H1	1645	977	G	0	0	975	39.771282051282
A_HA_H1	1646	975	C	1	0	972	39.0720164609054
A_HA_H1	1647	975	A	1	0	972	38.7602880658436
A_HA_H1	1648	975	A	0	0	973	39.606372045221
A_HA_H1	1649	975	T	0	0	975	40.3938461538462
A_HA_H1	1650	974	C	1	0	967	39.416752843847
A_HA_H1	1651	974	A	1	0	969	38.9184726522188
A_HA_H1	1652	975	G	0	0	973	39.2168550873587
A_HA_H1	1653	974	C	1	0	970	39.5257731958763
A_HA_H1	1654	974	T	1	0	971	39.4490216271885
A_HA_H1	1655	975	T	0	0	973	40.2836587872559
A_HA_H1	1656	973	C	2	0	968	40.6332644628099
A_HA_H1	1657	975	T	0	0	975	40.5682051282051
A_HA_H1	1658	974	G	1	0	972	39.9763374485597
A_HA_H1	1659	975	G	0	0	973	39.7317574511819
A_HA_H1	1660	975	A	0	0	975	39.6317948717949
A_HA_H1	1661	974	T	1	0	972	40.5997942386831
A_HA_H1	1662	974	G	1	0	973	40.5128468653648
A_HA_H1	1663	974	T	0	0	969	40.7915376676987
A_HA_H1	1664	974	G	0	0	972	40.6059670781893
A_HA_H1	1665	972	C	2	0	968	39.4814049586777
A_HA_H1	1666	973	T	1	0	968	39.827479338843
A_HA_H1	1667	974	C	0	0	970	39.2494845360825
A_HA_H1	1668	974	C	0	0	971	39
A_HA_H1	1669	972	A	2	0	971	38.5509783728115
A_HA_H1	1670	973	A	1	0	969	39.1217750257998
A_HA_H1	1671	973	T	1	0	970	39.0288659793814
A_HA_H1	1672	974	G	0	0	966	38.5320910973085
A_HA_H1	1673	974	G	0	0	974	38.5266940451745
A_HA_H1	1674	974	G	0	0	970	37.9525773195876
A_HA_H1	1675	961	T	13	0	958	37.7755741127349
A_HA_H1	1676	961	C	13	0	955	37.5581151832461
A_HA_H1	1677	973	T	1	0	969	37.3684210526316
A_HA_H1	1678	962	C	12	0	958	36.8883089770355
A_HA_H1	1679	974	T	0	0	969	36.8792569659443
A_HA_H1	1680	973	A	0	0	967	34.5801447776629
A_HA_H1	1681	971	C	1	0	971	34.7919670442842
A_HA_H1	1682	972	A	0	0	971	33.9001029866117
A_HA_H1	1683	970	G	2	0	968	35.2386363636364
A_HA_H1	1684	969	T	3	0	969	36.1960784313725
A_HA_H1	1685	970	G	1	0	968	37.120867768595
A_HA_H1	1686	968	T	2	0	968	37.5092975206612
A_HA_H1	1687	968	A	0	0	962	36.6216216216216
A_HA_H1	1688	967	G	0	0	965	36.2725388601036
A_HA_H1	1689	966	A	1	0	963	36.4413291796469
A_HA_H1	1690	966	A	1	0	964	36.5809128630705
A_HA_H1	1691	966	T	1	0	964	37.8682572614108
A_HA_H1	1692	966	A	0	0	963	37.067497403946
A_HA_H1	1693	964	T	1	0	964	37.7323651452282
A_HA_H1	1694	964	G	1	0	964	37.6369294605809
A_HA_H1	1695	964	T	0	0	964	37.4917012448133
A_HA_H1	1696	964	A	0	0	964	36.9751037344398
A_HA_H1	1697	964	T	0	0	964	36.2935684647303
A_HA_H1	1698	964	T	0	0	964	35.5134854771784
A_HA_H1	1699	960	T	0	0	960	35.5135416666667
A_HA_H1	1700	958	A	0	0	958	34.3810020876827
A_HA_H1	1701	957	A	0	0	957	34.7680250783699
