Reference_Name	Position	Coverage Depth	Consensus	Deletions	Ambiguous	Consensus_Count	Consensus_Average_Quality
A_MP	1	587	A	0	0	587	40.0204429301533
A_MP	2	589	T	0	0	589	40.2563667232598
A_MP	3	591	G	0	0	591	34.9644670050761
A_MP	4	598	A	0	0	598	33.7491638795987
A_MP	5	599	G	0	0	599	33.0684474123539
A_MP	6	601	T	0	0	601	33.3194675540765
A_MP	7	601	C	1	0	599	33.983305509182
A_MP	8	604	T	0	0	604	36.864238410596
A_MP	9	605	T	0	0	605	36.9388429752066
A_MP	10	598	C	7	0	596	36.3489932885906
A_MP	11	605	T	0	0	599	36.6160267111853
A_MP	12	607	A	0	0	607	36.6556836902801
A_MP	13	607	A	0	0	607	37.0263591433278
A_MP	14	607	C	0	0	607	36.8682042833608
A_MP	15	607	C	0	0	606	37.1270627062706
A_MP	16	608	G	0	0	604	36.7168874172185
A_MP	17	608	A	0	0	608	36.2565789473684
A_MP	18	608	G	0	0	608	36.7532894736842
A_MP	19	608	G	0	0	607	36.6375617792422
A_MP	20	608	T	0	0	606	38.1683168316832
A_MP	21	605	C	3	0	602	35.4152823920266
A_MP	22	597	G	11	0	587	34.9505962521295
A_MP	23	604	A	4	0	602	34.2392026578073
A_MP	24	604	A	4	0	603	34.653399668325
A_MP	25	604	A	4	0	602	34.7757475083056
A_MP	26	606	C	2	0	594	35.2794612794613
A_MP	27	606	G	2	0	590	35.3559322033898
A_MP	28	608	T	0	0	606	34.7458745874587
A_MP	29	607	A	1	0	601	33.5207986688852
A_MP	30	603	C	5	0	596	33.989932885906
A_MP	31	607	G	2	0	598	33.8595317725753
A_MP	32	602	T	7	0	600	34.2566666666667
A_MP	33	604	T	5	0	600	34.1933333333333
A_MP	34	604	C	5	0	595	34.7848739495798
A_MP	35	604	T	7	0	601	35.2063227953411
A_MP	36	609	T	2	0	607	34.9555189456343
A_MP	37	608	T	3	0	605	33.9851239669421
A_MP	38	608	C	3	0	606	30.963696369637
A_MP	39	609	T	2	0	606	33.0742574257426
A_MP	40	611	A	0	0	610	33.3508196721311
A_MP	41	612	T	0	0	611	33.8510638297872
A_MP	42	611	C	1	0	608	34.9736842105263
A_MP	43	610	A	2	0	608	37.9588815789474
A_MP	44	611	T	1	0	609	38.3628899835796
A_MP	45	611	C	1	0	609	37.3743842364532
A_MP	46	612	C	0	0	612	36.9771241830065
A_MP	47	612	C	0	0	608	36.2154605263158
A_MP	48	612	G	0	0	608	35.5411184210526
A_MP	49	612	T	0	0	611	36.0932896890344
A_MP	50	610	C	2	0	607	36.4645799011532
A_MP	51	612	A	0	0	611	36.9165302782324
A_MP	52	612	G	0	0	612	37.8022875816993
A_MP	53	610	G	2	0	608	37.3174342105263
A_MP	54	596	C	16	0	594	37.5942760942761
A_MP	55	612	C	0	0	612	37.2794117647059
A_MP	56	612	C	0	0	612	37.8137254901961
A_MP	57	612	C	0	0	612	38.8202614379085
A_MP	58	603	C	9	0	603	37.9402985074627
A_MP	59	603	T	9	0	601	36.7853577371048
A_MP	60	604	C	8	0	597	33.3299832495812
A_MP	61	610	A	2	0	604	33.0314569536424
A_MP	62	612	A	0	0	612	34.2777777777778
A_MP	63	611	A	1	0	609	35.7668308702791
A_MP	64	611	G	1	0	609	38.0919540229885
A_MP	65	612	C	0	0	611	38.5924713584288
A_MP	66	612	C	0	0	611	38.0245499181669
A_MP	67	611	G	1	0	608	37.5180921052632
A_MP	68	611	A	1	0	611	36.873977086743
A_MP	69	611	G	1	0	608	37.1266447368421
A_MP	70	612	A	0	0	612	37.1225490196078
A_MP	71	612	T	0	0	612	39.0686274509804
A_MP	72	610	C	2	0	602	38.2441860465116
A_MP	73	610	G	2	0	607	37.6968698517298
A_MP	74	608	C	4	0	608	37.3832236842105
A_MP	75	607	A	5	0	607	37.3443163097199
A_MP	76	610	C	2	0	607	37.9835255354201
A_MP	77	610	A	2	0	609	38.3267651888342
A_MP	78	611	G	1	0	610	39.6311475409836
A_MP	79	612	A	0	0	606	38.5924092409241
A_MP	80	611	G	1	0	605	38.6446280991736
A_MP	81	612	A	0	0	607	37.6293245469522
A_MP	82	612	C	0	0	608	37.8486842105263
A_MP	83	612	T	0	0	610	37.5836065573771
A_MP	84	610	G	2	0	609	37.3169129720854
A_MP	85	612	G	0	0	612	36.6617647058824
A_MP	86	606	A	6	0	606	37.5610561056106
A_MP	87	611	A	1	0	610	38.4524590163934
A_MP	88	610	A	2	0	601	38.8951747088186
A_MP	89	610	G	2	0	607	38.2850082372323
A_MP	90	611	T	1	0	607	38.6309719934102
A_MP	91	612	G	1	0	612	38.578431372549
A_MP	92	611	T	2	0	608	40.59375
A_MP	93	610	C	3	0	608	40.0773026315789
A_MP	94	602	T	11	0	601	41.2445923460899
A_MP	95	608	T	5	0	607	40.8945634266886
A_MP	96	611	T	2	0	609	40.0394088669951
A_MP	97	610	G	3	0	601	39.4875207986689
A_MP	98	613	C	0	0	609	39.1182266009852
A_MP	99	609	A	4	0	606	38.039603960396
A_MP	100	609	G	4	0	609	37.9178981937603
A_MP	101	589	G	24	0	587	37.6064735945486
A_MP	102	589	A	24	0	588	37.8248299319728
A_MP	103	611	A	2	0	611	37.0589198036007
A_MP	104	612	A	1	0	609	36.6666666666667
A_MP	105	613	G	0	0	609	37.2775041050903
A_MP	106	604	A	9	0	602	38.202657807309
A_MP	107	613	A	0	0	613	38.8254486133768
A_MP	108	612	C	1	0	611	37.1129296235679
A_MP	109	611	A	2	0	607	36.7660626029654
A_MP	110	612	C	1	0	612	36.7450980392157
A_MP	111	611	A	2	0	610	36.7770491803279
A_MP	112	611	G	2	0	610	37.0672131147541
A_MP	113	610	A	3	0	610	36.9245901639344
A_MP	114	611	T	2	0	609	38.9261083743842
A_MP	115	611	C	2	0	608	38.0345394736842
A_MP	116	610	T	3	0	607	38.7462932454695
A_MP	117	612	T	1	0	612	38.5343137254902
A_MP	118	611	G	1	0	607	37.0345963756178
A_MP	119	611	A	1	0	610	36.0901639344262
A_MP	120	612	G	0	0	610	38.1114754098361
A_MP	121	612	G	0	0	612	38.4150326797386
A_MP	122	612	C	0	0	612	39.3921568627451
A_MP	123	612	T	0	0	607	39.4415156507414
A_MP	124	611	A	1	0	610	39.4295081967213
A_MP	125	611	T	1	0	610	40.4049180327869
A_MP	126	612	C	1	0	612	39.1176470588235
A_MP	127	613	A	0	0	612	39.3218954248366
A_MP	128	613	T	0	0	612	39.452614379085
A_MP	129	612	G	1	0	612	37.9558823529412
A_MP	130	613	G	0	0	610	38.3934426229508
A_MP	131	612	A	1	0	611	38.5368248772504
A_MP	132	613	A	0	0	610	38.8196721311475
A_MP	133	613	T	0	0	613	38.8319738988581
A_MP	134	613	G	0	0	608	38.5328947368421
A_MP	135	612	G	1	0	611	38.189852700491
A_MP	136	610	C	3	0	608	36.8190789473684
A_MP	137	609	T	4	0	605	36.6479338842975
A_MP	138	607	A	6	0	598	36.2224080267559
A_MP	139	613	A	0	0	611	36.0490998363339
A_MP	140	612	A	1	0	611	35.986906710311
A_MP	141	612	G	1	0	606	38.3184818481848
A_MP	142	613	A	0	0	610	39.8377049180328
A_MP	143	613	C	0	0	613	40.1549755301794
A_MP	144	609	A	4	0	609	39.752052545156
A_MP	145	612	A	1	0	610	40.0688524590164
A_MP	146	611	G	2	0	611	39.6808510638298
A_MP	147	613	A	0	0	612	40.0049019607843
A_MP	148	613	C	0	0	612	39.7091503267974
A_MP	149	613	C	0	0	612	39.281045751634
A_MP	150	613	A	0	0	612	38.9983660130719
A_MP	151	613	A	0	0	612	38.8333333333333
A_MP	152	613	T	0	0	613	39.3491027732463
A_MP	153	613	C	0	0	612	38.9738562091503
A_MP	154	610	T	3	0	610	39.2098360655738
A_MP	155	613	T	0	0	612	39.390522875817
A_MP	156	613	G	0	0	613	38.5970636215334
A_MP	157	613	T	0	0	613	39.2071778140294
A_MP	158	613	C	0	0	612	39.6846405228758
A_MP	159	613	A	0	0	611	39.924713584288
A_MP	160	613	C	0	0	612	39.828431372549
A_MP	161	613	C	0	0	613	39.5252854812398
A_MP	162	611	T	2	0	611	40.2864157119476
A_MP	163	611	C	2	0	610	39.6508196721311
A_MP	164	612	T	1	0	611	39.5662847790507
A_MP	165	612	G	1	0	611	38.0785597381342
A_MP	166	612	A	1	0	611	38.4009819967267
A_MP	167	612	C	1	0	609	37.7422003284072
A_MP	168	612	T	1	0	610	37.0393442622951
A_MP	169	612	A	1	0	612	35.640522875817
A_MP	170	612	A	1	0	612	35.0882352941176
A_MP	171	613	G	0	0	612	36.3709150326797
A_MP	172	613	G	0	0	612	39.0441176470588
A_MP	173	613	G	0	0	612	39.8218954248366
A_MP	174	612	A	1	0	612	39.8823529411765
A_MP	175	613	A	0	0	611	39.5630114566285
A_MP	176	611	T	2	0	610	39.5475409836066
A_MP	177	613	T	0	0	613	39.6460032626427
A_MP	178	613	T	0	0	613	40.3099510603589
A_MP	179	613	T	0	0	611	40.176759410802
A_MP	180	613	A	0	0	612	34.8496732026144
A_MP	181	613	G	0	0	612	34.9591503267974
A_MP	182	612	G	1	0	610	33.7704918032787
A_MP	183	612	A	1	0	610	35.055737704918
A_MP	184	613	T	0	0	612	38.9297385620915
A_MP	185	612	T	1	0	611	39.5090016366612
A_MP	186	612	T	1	0	609	38.8899835796388
A_MP	187	610	G	3	0	608	37.9539473684211
A_MP	188	612	T	1	0	607	38.8171334431631
A_MP	189	611	G	2	0	609	38.7241379310345
A_MP	190	609	T	4	0	606	38.5924092409241
A_MP	191	612	T	1	0	612	36.4885620915033
A_MP	192	612	C	1	0	607	35.495881383855
A_MP	193	612	A	1	0	612	33.4166666666667
A_MP	194	612	C	1	0	599	33.3689482470785
A_MP	195	612	G	1	0	609	33.7504105090312
A_MP	196	612	C	1	0	611	34.2733224222586
A_MP	197	612	T	0	0	610	34.4950819672131
A_MP	198	608	C	4	0	607	36.830313014827
A_MP	199	612	A	0	0	611	38.1309328968903
A_MP	200	611	C	1	0	610	38.9950819672131
A_MP	201	612	C	0	0	608	38.2302631578947
A_MP	202	612	G	0	0	611	38.7741407528642
A_MP	203	612	T	0	0	612	38.7287581699346
A_MP	204	611	G	1	0	610	38.3819672131148
A_MP	205	612	C	0	0	611	39.7888707037643
A_MP	206	612	C	0	0	612	40.2990196078431
A_MP	207	611	C	1	0	611	40.0360065466448
A_MP	208	611	A	1	0	610	38.3344262295082
A_MP	209	612	G	0	0	611	38.7986906710311
A_MP	210	612	T	0	0	611	38.5875613747954
A_MP	211	609	G	3	0	605	36.603305785124
A_MP	212	605	A	7	0	604	36.5513245033113
A_MP	213	610	G	2	0	609	35.8440065681445
A_MP	214	611	C	1	0	608	35.3585526315789
A_MP	215	604	G	8	0	596	34.6761744966443
A_MP	216	607	A	5	0	607	34.9489291598023
A_MP	217	604	G	8	0	603	35.4444444444444
A_MP	218	611	G	1	0	607	35.3789126853377
A_MP	219	609	A	3	0	606	37.1452145214521
A_MP	220	609	C	3	0	606	37.2442244224422
A_MP	221	610	T	2	0	608	37.1315789473684
A_MP	222	606	G	5	0	601	35.981697171381
A_MP	223	605	C	6	0	602	35.0647840531561
A_MP	224	610	A	1	0	608	33.3404605263158
A_MP	225	610	G	1	0	608	33.9473684210526
A_MP	226	610	C	1	0	607	33.7644151565074
A_MP	227	609	G	2	0	608	34.9358552631579
A_MP	228	609	T	2	0	607	36.0428336079077
A_MP	229	607	A	4	0	603	35.3366500829187
A_MP	230	609	G	2	0	606	36.0379537953795
A_MP	231	610	A	1	0	606	35.6782178217822
A_MP	232	609	C	2	0	606	35.5957095709571
A_MP	233	610	G	1	0	609	36.1954022988506
A_MP	234	610	C	1	0	610	36.6475409836066
A_MP	235	608	T	3	0	608	37.6513157894737
A_MP	236	611	T	0	0	610	37.9459016393443
A_MP	237	611	T	0	0	610	38.172131147541
A_MP	238	611	A	0	0	607	38.4546952224053
A_MP	239	611	T	0	0	610	38.4344262295082
A_MP	240	611	C	0	0	610	37.9344262295082
A_MP	241	611	C	0	0	611	39.6726677577741
A_MP	242	611	A	1	0	611	38.4975450081833
A_MP	243	612	A	0	0	612	39.6764705882353
A_MP	244	612	A	0	0	612	40.7205882352941
A_MP	245	612	A	0	0	611	41.7446808510638
A_MP	246	612	T	0	0	611	42.2291325695581
A_MP	247	612	G	0	0	612	40.1176470588235
A_MP	248	611	C	1	0	611	39.9754500818331
A_MP	249	611	C	0	0	611	39.6268412438625
A_MP	250	611	C	0	0	610	39.4344262295082
A_MP	251	611	T	0	0	608	38.7845394736842
A_MP	252	611	A	0	0	611	37.4206219312602
A_MP	253	611	A	0	0	611	37.3764320785597
A_MP	254	611	A	0	0	610	36.4918032786885
A_MP	255	611	T	0	0	611	37.5302782324059
A_MP	256	610	G	1	0	610	36.7081967213115
A_MP	257	610	G	1	0	610	34.3786885245902
A_MP	258	610	A	1	0	605	33.2297520661157
A_MP	259	610	A	0	0	609	35.7175697865353
A_MP	260	607	A	1	0	604	34.4884105960265
A_MP	261	607	T	1	0	604	34.9817880794702
A_MP	262	599	G	9	0	589	33.8590831918506
A_MP	263	609	G	0	0	596	33.8271812080537
A_MP	264	610	G	0	0	603	32.228855721393
A_MP	265	609	G	1	0	585	34.4444444444444
A_MP	266	609	A	1	0	607	33.0922570016474
A_MP	267	602	C	8	0	584	33.1986301369863
A_MP	268	604	C	6	0	584	32.9931506849315
A_MP	269	604	C	6	0	593	31.5328836424958
A_MP	270	594	G	16	0	571	31.4746059544659
A_MP	271	609	A	1	0	608	30.5657894736842
A_MP	272	610	A	0	0	610	30.6786885245902
A_MP	273	610	C	0	0	610	31.9409836065574
A_MP	274	610	A	0	0	607	35.6309719934102
A_MP	275	610	A	0	0	608	39.0049342105263
A_MP	276	610	C	0	0	609	40.3793103448276
A_MP	277	610	A	0	0	609	40.3070607553366
A_MP	278	610	T	0	0	610	40.9967213114754
A_MP	279	608	G	2	0	605	39.9157024793388
A_MP	280	610	G	0	0	608	39.6332236842105
A_MP	281	609	A	1	0	609	39.5090311986864
A_MP	282	609	T	1	0	608	41.4128289473684
A_MP	283	606	A	4	0	605	39.1752066115702
A_MP	284	605	G	5	0	603	40.804311774461
A_MP	285	610	A	0	0	608	40.4769736842105
A_MP	286	610	G	0	0	607	40.5403624382208
A_MP	287	610	C	0	0	609	40.9605911330049
A_MP	288	610	A	0	0	606	41.0973597359736
A_MP	289	610	G	0	0	608	41.0970394736842
A_MP	290	608	T	2	0	607	41.0115321252059
A_MP	291	610	T	0	0	608	40.2894736842105
A_MP	292	609	A	1	0	604	39.0480132450331
A_MP	293	609	G	1	0	605	39.1570247933884
A_MP	294	609	A	1	0	606	38.7821782178218
A_MP	295	609	C	1	0	604	38.3344370860927
A_MP	296	606	T	4	0	606	39.1716171617162
A_MP	297	607	A	3	0	605	38.7404958677686
A_MP	298	610	T	0	0	608	38.8289473684211
A_MP	299	609	A	1	0	606	38.46699669967
A_MP	300	609	C	1	0	607	39.2718286655684
A_MP	301	609	A	1	0	609	38.3021346469622
A_MP	302	608	A	2	0	608	37.8125
A_MP	303	608	G	2	0	605	37.899173553719
A_MP	304	609	A	1	0	607	39.7232289950577
A_MP	305	609	A	1	0	608	39.8503289473684
A_MP	306	609	A	1	0	609	37.9605911330049
A_MP	307	608	C	2	0	606	37.0940594059406
A_MP	308	608	T	2	0	608	36.6759868421053
A_MP	309	606	C	4	0	601	35.3361064891847
A_MP	310	577	A	33	0	573	36.1553228621291
A_MP	311	606	A	4	0	604	35.544701986755
A_MP	312	610	A	1	0	609	34.2758620689655
A_MP	313	610	A	1	0	609	36.4499178981938
A_MP	314	608	G	3	0	606	38.8861386138614
A_MP	315	610	A	1	0	609	39.6633825944171
A_MP	316	608	G	3	0	602	39.4933554817276
A_MP	317	610	A	2	0	604	39.7152317880795
A_MP	318	612	A	0	0	609	40.448275862069
A_MP	319	612	A	0	0	608	39.78125
A_MP	320	612	T	0	0	608	39.7927631578947
A_MP	321	609	A	3	0	608	40.0279605263158
A_MP	322	609	A	3	0	608	40
A_MP	323	609	C	3	0	605	38.9570247933884
A_MP	324	611	G	1	0	607	38.2602965403624
A_MP	325	611	T	1	0	610	38.6311475409836
A_MP	326	611	T	1	0	611	38.4288052373159
A_MP	327	609	C	3	0	606	37.986798679868
A_MP	328	612	C	0	0	610	39.0114754098361
A_MP	329	612	A	0	0	611	39.0556464811784
A_MP	330	612	T	0	0	612	39.297385620915
A_MP	331	602	G	10	0	601	36.9334442595674
A_MP	332	611	G	1	0	610	39.344262295082
A_MP	333	611	G	1	0	608	39.1167763157895
A_MP	334	611	G	1	0	610	38.7065573770492
A_MP	335	610	C	2	0	610	39.3180327868852
A_MP	336	611	C	1	0	608	38.4358552631579
A_MP	337	606	A	6	0	603	35.8341625207297
A_MP	338	609	A	3	0	607	35.2273476112026
A_MP	339	611	A	1	0	607	35.2850082372323
A_MP	340	611	G	1	0	609	36.055829228243
A_MP	341	612	A	0	0	610	37.7983606557377
A_MP	342	610	A	2	0	610	38.6852459016393
A_MP	343	608	G	4	0	606	38.5709570957096
A_MP	344	610	T	2	0	609	39.5336617405583
A_MP	345	611	G	1	0	609	40.0443349753695
A_MP	346	610	T	2	0	609	40.2857142857143
A_MP	347	610	C	2	0	607	40.1548599670511
A_MP	348	608	A	4	0	607	41.2520593080725
A_MP	349	607	C	5	0	602	40.8355481727575
A_MP	350	609	T	3	0	607	40.168039538715
A_MP	351	605	A	7	0	601	39.7321131447587
A_MP	352	612	A	0	0	610	39.1901639344262
A_MP	353	612	G	0	0	612	38.8022875816993
A_MP	354	612	C	0	0	609	39.4663382594417
A_MP	355	611	T	1	0	609	39.2036124794746
A_MP	356	611	A	1	0	607	38.2932454695222
A_MP	357	611	T	1	0	609	38.8866995073892
A_MP	358	612	T	0	0	610	38.1868852459016
A_MP	359	612	C	0	0	607	38.7907742998353
A_MP	360	612	A	0	0	610	39.8852459016393
A_MP	361	612	A	0	0	612	40.2091503267974
A_MP	362	612	C	0	0	612	40.4411764705882
A_MP	363	612	T	0	0	612	41.7761437908497
A_MP	364	611	G	1	0	610	41.8950819672131
A_MP	365	612	G	0	0	611	41.0687397708674
A_MP	366	612	T	0	0	611	41.0916530278232
A_MP	367	612	G	0	0	612	41.0882352941176
A_MP	368	612	C	0	0	612	41.6617647058824
A_MP	369	612	A	0	0	609	40.2266009852217
A_MP	370	612	C	0	0	611	40.5793780687398
A_MP	371	612	T	0	0	611	39.4795417348609
A_MP	372	612	T	0	0	612	39.375816993464
A_MP	373	612	G	0	0	612	38.3643790849673
A_MP	374	612	C	0	0	609	39.64039408867
A_MP	375	611	A	1	0	611	39.4108019639935
A_MP	376	612	A	0	0	611	40.3813420621931
A_MP	377	612	G	0	0	609	40.512315270936
A_MP	378	612	T	0	0	610	42.1524590163934
A_MP	379	612	T	0	0	612	41.8349673202614
A_MP	380	612	G	0	0	607	41.5304777594728
A_MP	381	612	C	0	0	612	41.6813725490196
A_MP	382	612	A	0	0	610	41.2737704918033
A_MP	383	612	T	0	0	612	41.9771241830065
A_MP	384	611	G	1	0	610	40.2688524590164
A_MP	385	612	G	0	0	612	41.874183006536
A_MP	386	610	G	2	0	609	41.0591133004926
A_MP	387	610	C	2	0	609	41.2873563218391
A_MP	388	610	C	2	0	609	41.6288998357964
A_MP	389	609	T	3	0	608	41.7220394736842
A_MP	390	611	C	1	0	605	40.2396694214876
A_MP	391	607	A	5	0	602	40.5714285714286
A_MP	392	608	T	4	0	606	40.8003300330033
A_MP	393	611	A	1	0	609	40.1937602627258
A_MP	394	612	T	0	0	612	40.5571895424837
A_MP	395	611	A	1	0	603	39.9170812603648
A_MP	396	611	C	1	0	609	40.1576354679803
A_MP	397	611	A	1	0	611	39.6366612111293
A_MP	398	612	A	0	0	611	40.1702127659574
A_MP	399	612	C	0	0	612	40.2745098039216
A_MP	400	612	A	0	0	612	40.9281045751634
A_MP	401	611	G	1	0	610	41.9213114754098
A_MP	402	612	G	0	0	611	42.3207855973813
A_MP	403	612	A	0	0	611	41.9165302782324
A_MP	404	612	T	0	0	612	41.7418300653595
A_MP	405	609	G	3	0	608	40.3486842105263
A_MP	406	612	G	0	0	612	38.3807189542484
A_MP	407	612	G	0	0	611	37.3518821603928
A_MP	408	610	A	2	0	609	39.6108374384236
A_MP	409	612	A	0	0	610	40.1819672131148
A_MP	410	612	C	0	0	608	40.2023026315789
A_MP	411	612	A	0	0	612	40.5767973856209
A_MP	412	612	G	0	0	610	41.4262295081967
A_MP	413	612	T	0	0	611	41.79705400982
A_MP	414	612	G	0	0	609	40.0344827586207
A_MP	415	611	A	1	0	606	40.1287128712871
A_MP	416	610	C	2	0	610	40.5934426229508
A_MP	417	610	C	2	0	610	40.3196721311475
A_MP	418	611	A	1	0	610	39.9590163934426
A_MP	419	611	C	1	0	611	39.7757774140753
A_MP	420	612	A	0	0	612	41.0539215686275
A_MP	421	612	G	0	0	611	40.9148936170213
A_MP	422	612	A	0	0	612	40.7859477124183
A_MP	423	612	A	0	0	610	41.2049180327869
A_MP	424	611	G	0	0	610	40.7770491803279
A_MP	425	611	C	0	0	611	41.2716857610475
A_MP	426	611	T	0	0	609	41.623973727422
A_MP	427	611	G	0	0	611	41.5139116202946
A_MP	428	611	C	0	0	609	41.6091954022989
A_MP	429	608	T	3	0	606	41.6320132013201
A_MP	430	611	T	0	0	611	42.3813420621931
A_MP	431	611	T	0	0	610	40.0508196721311
A_MP	432	608	C	2	0	605	37.5256198347107
A_MP	433	609	G	1	0	607	36.7677100494234
A_MP	434	610	G	0	0	608	36.4703947368421
A_MP	435	610	T	0	0	605	35.9190082644628
A_MP	436	610	C	0	0	603	35.6616915422886
A_MP	437	608	T	2	0	596	36.5352348993289
A_MP	438	609	A	1	0	605	35.4380165289256
A_MP	439	608	G	2	0	606	35.2953795379538
A_MP	440	608	T	2	0	607	36.0494233937397
A_MP	441	609	T	1	0	608	37.2730263157895
A_MP	442	609	T	1	0	604	38.887417218543
A_MP	443	608	G	1	0	606	39.3778877887789
A_MP	444	609	T	0	0	607	40.004942339374
A_MP	445	608	G	1	0	608	40.0378289473684
A_MP	446	609	C	0	0	608	41.2302631578947
A_MP	447	609	C	0	0	606	41.3844884488449
A_MP	448	609	A	0	0	607	41.4810543657331
A_MP	449	609	C	0	0	608	41.3552631578947
A_MP	450	608	T	1	0	608	41.4983552631579
A_MP	451	609	T	0	0	609	41.5894909688013
A_MP	452	609	G	0	0	609	40.8144499178982
A_MP	453	609	T	0	0	608	40.7565789473684
A_MP	454	608	G	1	0	607	40.1515650741351
A_MP	455	605	A	4	0	604	40.2566225165563
A_MP	456	609	A	0	0	609	39.2906403940887
A_MP	457	609	C	0	0	606	39.9174917491749
A_MP	458	610	A	0	0	610	40.1819672131148
A_MP	459	611	G	0	0	607	40.8154859967051
A_MP	460	611	A	0	0	611	40.3780687397709
A_MP	461	611	T	0	0	611	40.3846153846154
A_MP	462	611	T	0	0	611	39.8019639934534
A_MP	463	611	G	0	0	611	40.5744680851064
A_MP	464	611	C	0	0	607	39.6803953871499
A_MP	465	610	T	1	0	610	38.3770491803279
A_MP	466	611	G	0	0	604	37.5198675496689
A_MP	467	611	A	0	0	611	37.2978723404255
A_MP	468	611	T	0	0	611	37.5810147299509
A_MP	469	611	T	0	0	610	38.5360655737705
A_MP	470	610	C	1	0	610	40.0868852459016
A_MP	471	610	A	1	0	607	41.161449752883
A_MP	472	611	C	0	0	610	40.7672131147541
A_MP	473	611	A	0	0	610	40.5836065573771
A_MP	474	611	G	0	0	611	41.2487725040917
A_MP	475	611	C	0	0	611	41.3322422258592
A_MP	476	611	A	0	0	611	40.5220949263502
A_MP	477	610	T	1	0	609	40.5665024630542
A_MP	478	610	C	1	0	608	38.0213815789474
A_MP	479	610	G	1	0	606	37.2161716171617
A_MP	480	610	G	1	0	608	36.3273026315789
A_MP	481	610	T	1	0	604	36.4784768211921
A_MP	482	610	C	1	0	607	36.3591433278418
A_MP	483	611	T	0	0	605	38.5867768595041
A_MP	484	611	C	0	0	610	39.1032786885246
A_MP	485	611	A	0	0	610	39.6377049180328
A_MP	486	611	C	0	0	611	39.8281505728314
A_MP	487	611	A	0	0	611	39.8166939443535
A_MP	488	609	G	2	0	607	39.339373970346
A_MP	489	610	A	1	0	608	38.9901315789474
A_MP	490	608	C	3	0	606	39.9422442244224
A_MP	491	610	A	1	0	609	39.4844006568145
A_MP	492	611	A	1	0	609	40.3300492610837
A_MP	493	611	A	1	0	611	40.3731587561375
A_MP	494	611	T	1	0	610	40.5590163934426
A_MP	495	611	G	1	0	611	41.7561374795417
A_MP	496	612	G	0	0	612	42.1421568627451
A_MP	497	611	C	1	0	608	41.1924342105263
A_MP	498	611	T	1	0	605	40.6429752066116
A_MP	499	611	A	1	0	605	39.7438016528926
A_MP	500	612	C	0	0	609	38.6847290640394
A_MP	501	611	T	1	0	606	38.3250825082508
A_MP	502	610	A	2	0	607	37.7100494233937
A_MP	503	609	C	2	0	607	37.6144975288303
A_MP	504	609	C	2	0	609	37.5812807881773
A_MP	505	610	A	1	0	609	38.9310344827586
A_MP	506	610	C	1	0	610	39.616393442623
A_MP	507	610	A	1	0	610	40.0459016393443
A_MP	508	610	A	1	0	610	41.0901639344262
A_MP	509	611	A	0	0	611	41.6088379705401
A_MP	510	611	T	0	0	611	41.5253682487725
A_MP	511	611	C	0	0	610	42.0180327868852
A_MP	512	611	C	0	0	610	42.1393442622951
A_MP	513	611	A	0	0	610	40.8508196721311
A_MP	514	610	C	1	0	608	40.90625
A_MP	515	610	T	1	0	609	40.264367816092
A_MP	516	610	A	1	0	610	40.183606557377
A_MP	517	610	A	1	0	610	39.9918032786885
A_MP	518	611	T	0	0	610	40.6081967213115
A_MP	519	611	C	0	0	609	41.072249589491
A_MP	520	610	A	1	0	610	40.7213114754098
A_MP	521	611	G	0	0	610	40.4049180327869
A_MP	522	611	G	0	0	611	39.4844517184943
A_MP	523	611	C	0	0	611	39.9050736497545
A_MP	524	611	A	0	0	611	39.1816693944354
A_MP	525	611	T	0	0	608	39.5361842105263
A_MP	526	610	G	1	0	608	36.4654605263158
A_MP	527	604	A	8	0	600	37.2066666666667
A_MP	528	611	A	1	0	609	36.3563218390805
A_MP	529	612	A	0	0	610	37.1524590163934
A_MP	530	612	A	0	0	612	38.0441176470588
A_MP	531	612	C	0	0	610	39.1590163934426
A_MP	532	612	A	0	0	611	39.0818330605565
A_MP	533	611	G	1	0	608	38.8207236842105
A_MP	534	611	A	1	0	609	39.8456486042693
A_MP	535	612	A	0	0	612	40.4787581699346
A_MP	536	612	T	0	0	612	40.6650326797386
A_MP	537	612	G	0	0	612	41.2941176470588
A_MP	538	612	G	0	0	611	42.0916530278232
A_MP	539	612	T	0	0	612	42.2745098039216
A_MP	540	610	G	2	0	609	42.1806239737274
A_MP	541	612	C	0	0	610	42.1786885245902
A_MP	542	611	T	1	0	609	41.8111658456486
A_MP	543	610	G	2	0	610	41.2524590163934
A_MP	544	611	G	1	0	610	41.6950819672131
A_MP	545	611	C	1	0	607	41.2421746293245
A_MP	546	611	T	1	0	610	41.1459016393443
A_MP	547	611	A	1	0	610	40.6213114754098
A_MP	548	611	G	1	0	607	40.6869851729819
A_MP	549	612	C	0	0	610	39.9754098360656
A_MP	550	612	A	0	0	611	39.4091653027823
A_MP	551	612	C	0	0	608	38.9539473684211
A_MP	552	612	T	0	0	606	39.0528052805281
A_MP	553	610	A	2	0	610	37.8426229508197
A_MP	554	605	C	7	0	599	37.2787979966611
A_MP	555	612	G	0	0	612	35.7532679738562
A_MP	556	612	G	0	0	612	37.2238562091503
A_MP	557	612	C	0	0	611	37.3535188216039
A_MP	558	611	A	1	0	610	38.3639344262295
A_MP	559	612	A	0	0	612	41.875816993464
A_MP	560	612	A	0	0	611	41.3551554828151
A_MP	561	612	G	0	0	611	42.4075286415712
A_MP	562	612	G	0	0	612	42.2712418300654
A_MP	563	612	C	0	0	612	42.2908496732026
A_MP	564	612	T	0	0	612	41.5016339869281
A_MP	565	611	A	1	0	611	41.1963993453355
A_MP	566	611	T	1	0	611	41.7184942716858
A_MP	567	608	G	4	0	608	38.6792763157895
A_MP	568	612	G	0	0	612	38.3186274509804
A_MP	569	613	A	0	0	613	38.3621533442088
A_MP	570	613	A	0	0	613	39.089722675367
A_MP	571	613	C	0	0	613	39.5889070146819
A_MP	572	613	A	0	0	613	40.5203915171289
A_MP	573	613	G	0	0	613	41.7030995106036
A_MP	574	613	G	0	0	613	41.2920065252855
A_MP	575	613	T	0	0	613	41.4551386623165
A_MP	576	613	G	1	0	613	40.8727569331158
A_MP	577	614	G	0	0	614	41.271986970684
A_MP	578	614	C	0	0	613	41.1402936378467
A_MP	579	614	T	0	0	614	41.3469055374593
A_MP	580	614	G	0	0	611	39.7921440261866
A_MP	581	614	G	0	0	612	39.9477124183007
A_MP	582	614	A	0	0	612	38.8415032679739
A_MP	583	614	T	0	0	611	38.4058919803601
A_MP	584	606	C	8	0	601	35.567387687188
A_MP	585	612	G	2	0	606	35.490099009901
A_MP	586	614	A	0	0	614	34.6351791530945
A_MP	587	614	G	0	0	614	34.7296416938111
A_MP	588	614	T	0	0	613	36.0701468189233
A_MP	589	614	G	0	0	612	38.2385620915033
A_MP	590	614	A	0	0	612	38.7647058823529
A_MP	591	614	A	0	0	614	38.6091205211726
A_MP	592	614	C	0	0	612	39.859477124183
A_MP	593	614	A	0	0	613	40.2512234910277
A_MP	594	614	G	0	0	614	41.4723127035831
A_MP	595	614	G	0	0	614	40.5830618892508
A_MP	596	613	C	1	0	610	40.5426229508197
A_MP	597	615	A	0	0	612	39.9166666666667
A_MP	598	616	G	0	0	615	40.1544715447154
A_MP	599	616	C	0	0	613	38.8450244698206
A_MP	600	616	G	0	0	610	37.283606557377
A_MP	601	616	G	0	0	614	36.7214983713355
A_MP	602	616	A	0	0	615	36.479674796748
A_MP	603	616	G	0	0	616	37.3685064935065
A_MP	604	616	G	0	0	615	39.3219512195122
A_MP	605	617	C	0	0	617	40.8249594813614
A_MP	606	617	C	0	0	616	39.7012987012987
A_MP	607	617	A	0	0	616	40.0827922077922
A_MP	608	617	T	0	0	617	40.0923824959481
A_MP	609	616	G	1	0	616	37.9334415584416
A_MP	610	616	G	1	0	615	38.5853658536585
A_MP	611	615	A	2	0	613	38.5220228384992
A_MP	612	615	G	2	0	614	39.5765472312704
A_MP	613	614	G	3	0	611	39.6595744680851
A_MP	614	614	T	3	0	614	40.1237785016287
A_MP	615	614	T	3	0	613	39.9836867862969
A_MP	616	614	G	3	0	614	40.3876221498371
A_MP	617	612	C	5	0	610	39.7081967213115
A_MP	618	616	T	1	0	610	39.9131147540984
A_MP	619	615	A	2	0	601	37.5990016638935
A_MP	620	614	A	3	0	613	37.0326264274062
A_MP	621	614	T	3	0	610	37.0786885245902
A_MP	622	612	A	5	0	594	36.9713804713805
A_MP	623	616	A	1	0	614	35.614006514658
A_MP	624	615	G	2	0	613	35.3833605220228
A_MP	625	613	A	4	0	609	35.4811165845649
A_MP	626	611	C	6	0	606	35.0445544554455
A_MP	627	613	T	4	0	611	35.227495908347
A_MP	628	615	A	3	0	612	34.359477124183
A_MP	629	617	G	1	0	616	34.4545454545455
A_MP	630	618	G	0	0	617	35.2755267423015
A_MP	631	618	C	0	0	615	39.390243902439
A_MP	632	618	A	0	0	617	39.5429497568882
A_MP	633	617	G	1	0	613	40.5742251223491
A_MP	634	618	A	0	0	612	40.6143790849673
A_MP	635	618	T	0	0	615	40.5951219512195
A_MP	636	616	G	2	0	616	40.2094155844156
A_MP	637	618	G	0	0	617	39.8282009724473
A_MP	638	616	T	2	0	612	39.7745098039216
A_MP	639	613	A	4	0	611	39.2700490998363
A_MP	640	616	C	1	0	612	39.6323529411765
A_MP	641	617	A	0	0	616	39.4123376623377
A_MP	642	617	T	0	0	616	40.5795454545455
A_MP	643	617	G	0	0	615	40.7121951219512
A_MP	644	616	C	1	0	615	41.549593495935
A_MP	645	615	A	2	0	613	40.6084828711256
A_MP	646	617	A	0	0	616	41.0779220779221
A_MP	647	617	T	0	0	616	40.9837662337662
A_MP	648	617	G	0	0	612	39.6486928104575
A_MP	649	617	A	0	0	616	38.9431818181818
A_MP	650	617	G	0	0	615	38.5886178861789
A_MP	651	614	A	3	0	613	38.1663947797716
A_MP	652	616	A	1	0	614	38.4625407166124
A_MP	653	616	C	1	0	612	37.4346405228758
A_MP	654	616	T	1	0	613	37.8678629690049
A_MP	655	617	A	0	0	612	37.5800653594771
A_MP	656	617	T	0	0	615	37.4471544715447
A_MP	657	614	T	3	0	612	37.3235294117647
A_MP	658	612	G	5	0	612	37.8415032679739
A_MP	659	617	G	0	0	615	36.8861788617886
A_MP	660	616	A	1	0	614	38.1123778501629
A_MP	661	617	A	0	0	614	39.4087947882736
A_MP	662	616	C	1	0	612	39.1160130718954
A_MP	663	617	C	0	0	612	39.1013071895425
A_MP	664	617	C	0	0	612	39.0800653594771
A_MP	665	617	A	0	0	617	37.8314424635332
A_MP	666	617	T	0	0	616	38.5357142857143
A_MP	667	617	C	0	0	617	38.8881685575365
A_MP	668	616	C	1	0	614	40.5472312703583
A_MP	669	616	T	1	0	613	40.6035889070147
A_MP	670	617	A	0	0	616	38.5649350649351
A_MP	671	616	G	0	0	615	38.9186991869919
A_MP	672	616	C	0	0	616	39.1314935064935
A_MP	673	616	T	0	0	615	40.5219512195122
A_MP	674	615	C	1	0	615	41.0634146341463
A_MP	675	616	C	0	0	614	40.8192182410423
A_MP	676	616	A	0	0	614	39.1661237785016
A_MP	677	614	G	2	0	614	39.3501628664495
A_MP	678	617	T	0	0	613	40.8189233278956
A_MP	679	616	G	1	0	615	41.7463414634146
A_MP	680	616	C	1	0	611	41.9934533551555
A_MP	681	617	T	0	0	614	41.685667752443
A_MP	682	617	G	0	0	612	39.4362745098039
A_MP	683	615	G	1	0	615	38.390243902439
A_MP	684	615	T	1	0	613	38.0505709624796
A_MP	685	613	C	3	0	607	36.8533772652389
A_MP	686	611	T	5	0	607	36.5930807248764
A_MP	687	592	A	24	0	589	35.3276740237691
A_MP	688	614	A	2	0	614	34.2182410423453
A_MP	689	613	G	3	0	613	34.189233278956
A_MP	690	612	A	4	0	611	36.2667757774141
A_MP	691	612	G	3	0	611	38.9132569558101
A_MP	692	613	A	2	0	613	39.8499184339315
A_MP	693	613	T	2	0	612	40.6143790849673
A_MP	694	614	G	1	0	611	40.1325695581015
A_MP	695	615	A	0	0	614	40.7491856677524
A_MP	696	615	C	0	0	614	40.614006514658
A_MP	697	613	C	2	0	613	39.6802610114192
A_MP	698	611	T	4	0	610	41
A_MP	699	612	T	3	0	612	39.4852941176471
A_MP	700	613	C	2	0	613	37.7911908646003
A_MP	701	613	T	3	0	611	37.6219312602291
A_MP	702	616	T	0	0	614	36.8843648208469
A_MP	703	612	G	4	0	610	33.3459016393443
A_MP	704	613	A	3	0	611	34.126022913257
A_MP	705	616	A	0	0	615	37.8357723577236
A_MP	706	616	A	0	0	615	40.2617886178862
A_MP	707	615	A	1	0	612	41.8366013071895
A_MP	708	614	T	2	0	613	42.7993474714519
A_MP	709	616	T	0	0	614	41.6872964169381
A_MP	710	616	T	0	0	613	40.5415986949429
A_MP	711	616	A	0	0	612	38.2140522875817
A_MP	712	616	C	0	0	614	38.0879478827362
A_MP	713	616	A	0	0	613	37.5448613376835
A_MP	714	615	G	1	0	615	38.9235772357724
A_MP	715	615	G	1	0	615	39.1365853658537
A_MP	716	616	C	0	0	613	40.1729200652529
A_MP	717	616	C	0	0	615	39.7821138211382
A_MP	718	616	T	0	0	614	40.5244299674267
A_MP	719	614	A	2	0	613	39.5725938009788
A_MP	720	614	C	2	0	614	40.171009771987
A_MP	721	616	C	0	0	613	39.931484502447
A_MP	722	614	A	2	0	613	39.9967373572594
A_MP	723	613	G	3	0	612	40.1928104575163
A_MP	724	614	A	2	0	612	40.2614379084967
A_MP	725	616	A	0	0	614	40.5309446254072
A_MP	726	616	G	0	0	613	39.9347471451876
A_MP	727	616	C	0	0	613	38.9722675367047
A_MP	728	616	G	0	0	607	35.4810543657331
A_MP	729	615	A	1	0	613	35.6231647634584
A_MP	730	616	A	0	0	614	35.6074918566775
A_MP	731	616	T	0	0	616	35.7857142857143
A_MP	732	611	G	5	0	610	36.7934426229508
A_MP	733	615	G	1	0	614	37.9918566775244
A_MP	734	614	G	1	0	606	36.6468646864686
A_MP	735	614	A	1	0	610	37.1295081967213
A_MP	736	615	G	0	0	613	37.2659053833605
A_MP	737	615	T	1	0	615	37.2861788617886
A_MP	738	616	G	0	0	615	38.0341463414634
A_MP	739	615	C	1	0	614	39.1579804560261
A_MP	740	615	A	1	0	615	38.5154471544715
A_MP	741	614	G	2	0	613	39.8221859706362
A_MP	742	614	A	2	0	614	38.9934853420195
A_MP	743	615	T	1	0	615	38.9772357723577
A_MP	744	614	G	2	0	613	38.4796084828711
A_MP	745	613	C	3	0	612	39.6928104575163
A_MP	746	615	A	1	0	615	38.6373983739837
A_MP	747	616	G	0	0	615	38.9447154471545
A_MP	748	616	C	0	0	613	37.9249592169657
A_MP	749	616	G	0	0	613	37.3882544861338
A_MP	750	615	G	1	0	615	36.9414634146341
A_MP	751	614	T	2	0	614	37.3680781758958
A_MP	752	615	T	1	0	614	38.1921824104235
A_MP	753	615	C	1	0	612	38.4722222222222
A_MP	754	615	A	1	0	612	38.6797385620915
A_MP	755	616	A	0	0	615	38.7235772357724
A_MP	756	616	A	0	0	616	38.5194805194805
A_MP	757	616	T	0	0	615	38.5414634146341
A_MP	758	616	G	0	0	611	39.3142389525368
A_MP	759	615	A	0	0	614	39.9185667752443
A_MP	760	612	T	2	0	611	39.620294599018
A_MP	761	610	C	4	0	605	38.4413223140496
A_MP	762	585	C	29	0	583	38.065180102916
A_MP	763	586	T	28	0	583	37.9296740994854
A_MP	764	613	C	1	0	612	34.8856209150327
A_MP	765	612	T	2	0	610	34.8295081967213
A_MP	766	612	C	2	0	607	33.159802306425
A_MP	767	612	G	2	0	611	32.7888707037643
A_MP	768	614	T	0	0	612	34.656862745098
A_MP	769	614	C	0	0	611	35.6530278232406
A_MP	770	614	A	0	0	613	38.9951060358891
A_MP	771	614	T	0	0	614	40.4951140065147
A_MP	772	614	T	0	0	614	41.1498371335505
A_MP	773	614	G	0	0	613	41.6166394779772
A_MP	774	613	C	1	0	613	41.9037520391517
A_MP	775	613	A	1	0	613	41.137030995106
A_MP	776	613	G	1	0	613	41.5628058727569
A_MP	777	610	C	4	0	610	41.7196721311475
A_MP	778	612	A	3	0	612	40.6977124183007
A_MP	779	615	A	0	0	615	40.6975609756098
A_MP	780	614	A	0	0	613	40.721044045677
A_MP	781	614	C	0	0	613	41.6084828711256
A_MP	782	614	A	0	0	613	39.8254486133768
A_MP	783	614	T	0	0	614	40.2312703583062
A_MP	784	614	C	0	0	612	39.1683006535948
A_MP	785	614	A	0	0	611	40.2635024549918
A_MP	786	614	T	0	0	614	40.0553745928339
A_MP	787	614	T	0	0	610	40.7622950819672
A_MP	788	609	G	5	0	606	39.8943894389439
A_MP	789	614	G	0	0	611	38.8641571194763
A_MP	790	614	G	0	0	613	38.3115823817292
A_MP	791	614	A	0	0	612	38.8790849673203
A_MP	792	614	T	0	0	609	39.6765188834154
A_MP	793	614	C	0	0	608	38.4555921052632
A_MP	794	612	T	2	0	607	40.4332784184514
A_MP	795	614	T	0	0	613	40.2479608482871
A_MP	796	613	G	0	0	613	39.4306688417618
A_MP	797	613	C	0	0	613	39.5432300163132
A_MP	798	613	A	0	0	612	39.1127450980392
A_MP	799	610	C	3	0	610	40.0508196721311
A_MP	800	612	C	1	0	609	38.4827586206897
A_MP	801	611	T	2	0	609	38.4991789819376
A_MP	802	612	G	1	0	609	38.1559934318555
A_MP	803	613	A	0	0	611	38.6219312602291
A_MP	804	612	T	1	0	612	39.6683006535948
A_MP	805	612	A	2	0	612	39.952614379085
A_MP	806	613	T	1	0	612	41.5441176470588
A_MP	807	614	T	0	0	613	41.2153344208809
A_MP	808	613	G	1	0	612	41.125816993464
A_MP	809	614	T	0	0	614	41.5130293159609
A_MP	810	613	G	1	0	612	40.6895424836601
A_MP	811	614	G	0	0	611	40.582651391162
A_MP	812	614	A	0	0	613	40.4029363784666
A_MP	813	613	T	1	0	612	40.7581699346405
A_MP	814	614	T	0	0	612	39.8856209150327
A_MP	815	614	A	0	0	614	39.1872964169381
A_MP	816	614	C	0	0	614	36.2687296416938
A_MP	817	609	T	5	0	606	34.0115511551155
A_MP	818	613	G	1	0	592	32.6858108108108
A_MP	819	614	A	0	0	613	31.8890701468189
A_MP	820	612	T	2	0	611	32.2389525368249
A_MP	821	611	C	3	0	603	32.1525704809287
A_MP	822	611	G	3	0	605	33.9355371900826
A_MP	823	612	T	2	0	606	34.4818481848185
A_MP	824	611	C	3	0	606	33.5940594059406
A_MP	825	598	T	16	0	595	34.9764705882353
A_MP	826	610	T	4	0	609	35.3563218390805
A_MP	827	612	T	2	0	611	37.5204582651391
A_MP	828	613	T	1	0	611	40.2978723404255
A_MP	829	613	T	1	0	613	40.2349102773246
A_MP	830	614	T	0	0	614	41.6205211726384
A_MP	831	614	T	1	0	614	40.9169381107492
A_MP	832	613	C	2	0	613	37.21044045677
A_MP	833	611	A	4	0	609	35.7963875205254
A_MP	834	616	A	0	0	616	36.1704545454545
A_MP	835	616	A	0	0	615	36.2357723577236
A_MP	836	616	T	0	0	615	38.0861788617886
A_MP	837	616	G	0	0	614	38.9218241042345
A_MP	838	616	C	0	0	613	41.2773246329527
A_MP	839	616	A	0	0	612	39.6911764705882
A_MP	840	615	T	1	0	615	41.3170731707317
A_MP	841	616	T	0	0	614	40.6302931596091
A_MP	842	616	T	0	0	615	40.6439024390244
A_MP	843	616	A	0	0	613	40.4388254486134
A_MP	844	616	T	0	0	615	40.0211382113821
A_MP	845	616	C	0	0	610	37.5934426229508
A_MP	846	616	G	0	0	615	36.7918699186992
A_MP	847	616	T	0	0	616	36.6672077922078
A_MP	848	616	C	0	0	611	36.3355155482815
A_MP	849	616	G	0	0	612	36.5212418300654
A_MP	850	616	C	0	0	616	37.737012987013
A_MP	851	612	T	4	0	612	38.3496732026144
A_MP	852	614	T	2	0	614	38.942996742671
A_MP	853	616	T	0	0	616	39.8636363636364
A_MP	854	616	A	0	0	612	40.1339869281046
A_MP	855	616	A	0	0	615	40.539837398374
A_MP	856	616	A	0	0	615	40.0325203252033
A_MP	857	616	T	0	0	615	40.8569105691057
A_MP	858	616	A	1	0	613	40.1451876019576
A_MP	859	615	C	2	0	615	39.8422764227642
A_MP	860	617	G	0	0	614	37.8583061889251
A_MP	861	616	G	1	0	615	37.6959349593496
A_MP	862	614	T	3	0	614	37.7605863192182
A_MP	863	615	T	2	0	615	37.9934959349593
A_MP	864	615	T	2	0	614	38.3745928338762
A_MP	865	612	G	5	0	611	36.4729950900164
A_MP	866	598	A	19	0	595	35.8638655462185
A_MP	867	613	A	4	0	613	34.4225122349103
A_MP	868	614	A	3	0	614	34.0342019543974
A_MP	869	615	A	3	0	612	33.7745098039216
A_MP	870	615	G	3	0	608	33.3684210526316
A_MP	871	616	A	3	0	611	35.3649754500818
A_MP	872	618	G	1	0	617	35.3760129659643
A_MP	873	617	G	2	0	617	35.6531604538088
A_MP	874	617	G	2	0	616	36.9123376623377
A_MP	875	617	C	2	0	612	36.5866013071895
A_MP	876	619	C	0	0	616	37.4383116883117
A_MP	877	619	T	0	0	617	37.4473257698541
A_MP	878	619	T	0	0	618	36.6472491909385
A_MP	879	617	C	2	0	612	34.9101307189542
A_MP	880	619	T	0	0	615	35.1544715447154
A_MP	881	619	A	0	0	618	33.9822006472492
A_MP	882	615	C	4	0	614	34.5097719869707
A_MP	883	610	G	9	0	608	32.8371710526316
A_MP	884	619	G	0	0	616	33.4772727272727
A_MP	885	619	A	0	0	617	33.6385737439222
A_MP	886	619	A	0	0	618	36.9870550161812
A_MP	887	619	G	0	0	619	39.1744749596123
A_MP	888	619	G	0	0	616	39.2922077922078
A_MP	889	619	A	0	0	619	39.9644588045234
A_MP	890	598	G	21	0	597	39.0318257956449
A_MP	891	619	T	0	0	617	36.0129659643436
A_MP	892	619	G	0	0	618	35.8915857605178
A_MP	893	619	C	0	0	617	35.7390599675851
A_MP	894	619	C	0	0	619	34.1873990306947
A_MP	895	617	T	2	0	616	36.9334415584416
A_MP	896	612	G	7	0	607	34.4184514003295
A_MP	897	616	A	3	0	613	34.2349102773246
A_MP	898	618	G	1	0	614	34.2182410423453
A_MP	899	617	T	2	0	616	35.8474025974026
A_MP	900	617	C	2	0	610	36.0180327868852
A_MP	901	617	C	2	0	609	36.559934318555
A_MP	902	618	A	1	0	618	35.6197411003236
A_MP	903	618	T	1	0	614	36.2361563517915
A_MP	904	617	G	2	0	615	34.8845528455285
A_MP	905	616	A	3	0	615	35.4650406504065
A_MP	906	606	G	13	0	605	35.6545454545455
A_MP	907	617	G	2	0	617	35.9076175040519
A_MP	908	618	G	1	0	610	37.1016393442623
A_MP	909	617	A	2	0	614	36.5537459283388
A_MP	910	618	A	1	0	615	38.0731707317073
A_MP	911	618	G	1	0	617	38.7617504051864
A_MP	912	614	A	5	0	612	39.8839869281046
A_MP	913	617	A	2	0	613	40.1500815660685
A_MP	914	618	T	3	0	610	39.0803278688525
A_MP	915	617	A	4	0	612	38.9754901960784
A_MP	916	618	T	3	0	616	38.4480519480519
A_MP	917	617	C	4	0	613	36.7014681892333
A_MP	918	616	A	5	0	612	36.8823529411765
A_MP	919	619	A	2	0	615	36.4666666666667
A_MP	920	620	C	1	0	619	37.6558966074313
A_MP	921	619	A	2	0	619	38.9596122778675
A_MP	922	620	G	1	0	620	41.0338709677419
A_MP	923	620	G	1	0	620	40.2274193548387
A_MP	924	621	A	0	0	620	40.7403225806452
A_MP	925	620	G	1	0	620	39.858064516129
A_MP	926	621	C	0	0	620	40.0709677419355
A_MP	927	620	A	1	0	619	40.0823909531502
A_MP	928	620	G	1	0	619	40.3004846526656
A_MP	929	620	C	1	0	619	40.5654281098546
A_MP	930	620	A	1	0	618	41.1456310679612
A_MP	931	620	G	1	0	619	40.6284329563813
A_MP	932	619	A	2	0	616	39.8961038961039
A_MP	933	620	G	1	0	618	39.1812297734628
A_MP	934	620	T	1	0	620	38.9451612903226
A_MP	935	621	G	0	0	621	38.8502415458937
A_MP	936	621	C	0	0	621	39.3204508856683
A_MP	937	618	T	3	0	615	40.2292682926829
A_MP	938	618	G	3	0	618	40.3349514563107
A_MP	939	620	T	1	0	615	40.4747967479675
A_MP	940	620	G	1	0	618	39.5825242718447
A_MP	941	621	G	0	0	620	39.7032258064516
A_MP	942	621	A	0	0	621	39.0209339774557
A_MP	943	620	T	1	0	618	39.8300970873786
A_MP	944	621	G	0	0	619	38.7075928917609
A_MP	945	621	T	0	0	621	39.5877616747182
A_MP	946	621	T	0	0	616	39.3961038961039
A_MP	947	620	G	1	0	615	39.2585365853659
A_MP	948	619	A	2	0	619	38.7318255250404
A_MP	949	619	C	2	0	614	37.3208469055375
A_MP	950	620	G	1	0	612	35.8316993464052
A_MP	951	620	A	1	0	620	35.9790322580645
A_MP	952	621	T	0	0	620	36.1774193548387
A_MP	953	620	G	1	0	619	36.1938610662359
A_MP	954	620	G	1	0	619	38.453957996769
A_MP	955	620	T	1	0	618	39.7831715210356
A_MP	956	620	C	1	0	619	38.3780290791599
A_MP	957	621	A	0	0	620	38.5709677419355
A_MP	958	617	T	4	0	616	38.7256493506493
A_MP	959	621	T	0	0	621	38.1272141706924
A_MP	960	621	T	0	0	620	39.7258064516129
A_MP	961	619	T	0	0	617	41.8670988654781
A_MP	962	619	G	0	0	618	40.7297734627832
A_MP	963	615	T	3	0	615	40.1382113821138
A_MP	964	615	C	1	0	613	36.7585644371941
A_MP	965	616	A	0	0	609	36.7175697865353
A_MP	966	616	A	0	0	616	35.8701298701299
A_MP	967	616	C	0	0	616	36.5113636363636
A_MP	968	616	A	0	0	611	36.89852700491
A_MP	969	615	T	0	0	615	37.7235772357724
A_MP	970	608	A	4	0	598	37.1404682274247
A_MP	971	609	G	2	0	604	36.2615894039735
A_MP	972	610	A	0	0	610	36.0426229508197
A_MP	973	610	G	0	0	609	36.3300492610837
A_MP	974	610	C	0	0	610	36.7901639344262
A_MP	975	610	T	0	0	609	37.6748768472906
A_MP	976	607	A	2	0	607	35.3607907742998
A_MP	977	606	G	0	0	605	34.9867768595041
A_MP	978	596	A	0	0	595	33.2268907563025
A_MP	979	594	G	0	0	594	32.6380471380471
A_MP	980	590	T	0	0	590	33.9728813559322
A_MP	981	588	A	0	0	588	32.8520408163265
A_MP	982	587	A	0	0	587	33.8603066439523
