Reference_Name	Position	Coverage Depth	Consensus	Deletions	Ambiguous	Consensus_Count	Consensus_Average_Quality
A_NA_N1	1	113	A	0	0	113	34.3982300884956
A_NA_N1	2	114	T	0	0	114	35.8157894736842
A_NA_N1	3	114	G	0	0	114	32.5438596491228
A_NA_N1	4	114	A	0	0	114	34.2368421052632
A_NA_N1	5	115	A	0	0	115	35.2782608695652
A_NA_N1	6	115	T	0	0	115	36.1217391304348
A_NA_N1	7	115	C	0	0	115	36.8
A_NA_N1	8	115	C	0	0	114	38.7719298245614
A_NA_N1	9	115	A	0	0	115	38.7913043478261
A_NA_N1	10	115	A	0	0	115	39.895652173913
A_NA_N1	11	115	A	0	0	115	39.8434782608696
A_NA_N1	12	116	C	0	0	116	40.5086206896552
A_NA_N1	13	116	C	0	0	116	38.8620689655172
A_NA_N1	14	110	A	6	0	110	37.8818181818182
A_NA_N1	15	113	A	4	0	113	38.5840707964602
A_NA_N1	16	117	A	0	0	117	40.2905982905983
A_NA_N1	17	117	A	0	0	117	41.5726495726496
A_NA_N1	18	117	G	0	0	117	42.2393162393162
A_NA_N1	19	117	A	0	0	117	41.8803418803419
A_NA_N1	20	117	T	0	0	117	41.2991452991453
A_NA_N1	21	117	A	0	0	117	38.957264957265
A_NA_N1	22	117	A	0	0	117	39.5042735042735
A_NA_N1	23	117	T	0	0	117	39.0512820512821
A_NA_N1	24	117	A	0	0	117	38.2820512820513
A_NA_N1	25	117	A	0	0	117	37.8888888888889
A_NA_N1	26	117	C	0	0	117	38.2222222222222
A_NA_N1	27	117	C	0	0	117	37.7948717948718
A_NA_N1	28	117	A	0	0	117	37.4700854700855
A_NA_N1	29	117	T	0	0	117	38.5811965811966
A_NA_N1	30	117	T	0	0	117	38.1965811965812
A_NA_N1	31	117	G	0	0	117	38.3760683760684
A_NA_N1	32	117	G	0	0	117	38.1794871794872
A_NA_N1	33	117	T	0	0	117	39.017094017094
A_NA_N1	34	117	T	0	0	116	39.3448275862069
A_NA_N1	35	117	C	0	0	116	37.9827586206897
A_NA_N1	36	117	T	0	0	115	38.3652173913043
A_NA_N1	37	117	A	0	0	117	37.9059829059829
A_NA_N1	38	117	T	0	0	117	38.0683760683761
A_NA_N1	39	117	C	0	0	117	37.4957264957265
A_NA_N1	40	117	T	0	0	117	39.1709401709402
A_NA_N1	41	117	G	0	0	117	40.3247863247863
A_NA_N1	42	116	T	1	0	116	39.3275862068966
A_NA_N1	43	117	A	0	0	117	38.4786324786325
A_NA_N1	44	117	T	0	0	116	39.1379310344828
A_NA_N1	45	117	G	0	0	116	38.3275862068966
A_NA_N1	46	117	A	0	0	117	38.7777777777778
A_NA_N1	47	117	C	0	0	116	40.1379310344828
A_NA_N1	48	117	A	0	0	117	39.9059829059829
A_NA_N1	49	117	A	0	0	117	41.1538461538462
A_NA_N1	50	117	T	0	0	116	40.4827586206897
A_NA_N1	51	117	T	0	0	117	41.1367521367521
A_NA_N1	52	117	G	0	0	117	41.7863247863248
A_NA_N1	53	117	G	0	0	116	41.0775862068966
A_NA_N1	54	117	A	0	0	117	41.7094017094017
A_NA_N1	55	117	A	0	0	117	42.0598290598291
A_NA_N1	56	117	C	0	0	114	41.1754385964912
A_NA_N1	57	117	G	0	0	116	39.2586206896552
A_NA_N1	58	117	G	0	0	117	39.008547008547
A_NA_N1	59	115	C	2	0	115	39.1826086956522
A_NA_N1	60	117	T	0	0	115	39.1478260869565
A_NA_N1	61	117	A	0	0	114	40.5964912280702
A_NA_N1	62	117	A	0	0	117	42.2393162393162
A_NA_N1	63	117	C	0	0	117	40.4102564102564
A_NA_N1	64	116	T	1	0	114	41.719298245614
A_NA_N1	65	116	T	1	0	116	41.0086206896552
A_NA_N1	66	116	A	1	0	115	39.5217391304348
A_NA_N1	67	117	A	0	0	117	39.5128205128205
A_NA_N1	68	117	T	0	0	116	40.301724137931
A_NA_N1	69	117	A	0	0	117	41.4957264957265
A_NA_N1	70	117	T	0	0	117	41.9401709401709
A_NA_N1	71	117	T	0	0	117	42.8461538461538
A_NA_N1	72	117	A	0	0	117	42.2564102564103
A_NA_N1	73	117	C	0	0	117	42.1452991452991
A_NA_N1	74	117	A	0	0	117	41.5726495726496
A_NA_N1	75	117	A	0	0	117	42.3247863247863
A_NA_N1	76	117	A	0	0	117	41.8803418803419
A_NA_N1	77	117	T	0	0	117	41.7008547008547
A_NA_N1	78	117	T	0	0	117	41.7179487179487
A_NA_N1	79	117	G	0	0	117	41.6923076923077
A_NA_N1	80	117	G	0	0	117	41.4444444444444
A_NA_N1	81	117	A	0	0	116	42.5948275862069
A_NA_N1	82	117	A	0	0	117	43.1025641025641
A_NA_N1	83	117	A	0	0	116	43.3793103448276
A_NA_N1	84	117	C	0	0	116	43.051724137931
A_NA_N1	85	117	A	0	0	117	41.3931623931624
A_NA_N1	86	117	T	0	0	117	41.1880341880342
A_NA_N1	87	117	A	0	0	117	39.7350427350427
A_NA_N1	88	117	A	0	0	116	40.0689655172414
A_NA_N1	89	117	T	0	0	117	40.4871794871795
A_NA_N1	90	117	C	0	0	116	40.2672413793103
A_NA_N1	91	117	T	0	0	117	41.2393162393162
A_NA_N1	92	117	C	0	0	116	40.7844827586207
A_NA_N1	93	117	A	0	0	117	41.1709401709402
A_NA_N1	94	117	A	0	0	117	41.3418803418803
A_NA_N1	95	117	T	0	0	117	41.5384615384615
A_NA_N1	96	117	A	0	0	117	41.0598290598291
A_NA_N1	97	117	T	0	0	117	41.6239316239316
A_NA_N1	98	117	G	0	0	116	41.9051724137931
A_NA_N1	99	117	G	0	0	117	41.4358974358974
A_NA_N1	100	117	G	0	0	116	42.1724137931034
A_NA_N1	101	117	T	0	0	117	43.2478632478633
A_NA_N1	102	117	T	0	0	117	43.042735042735
A_NA_N1	103	116	A	1	0	116	43.1465517241379
A_NA_N1	104	116	G	1	0	116	43.8189655172414
A_NA_N1	105	116	C	1	0	116	42.9913793103448
A_NA_N1	106	116	C	1	0	116	43.4310344827586
A_NA_N1	107	117	A	0	0	116	41.8879310344828
A_NA_N1	108	117	C	0	0	117	41.2307692307692
A_NA_N1	109	117	T	0	0	117	41.0854700854701
A_NA_N1	110	117	C	0	0	116	39.5431034482759
A_NA_N1	111	117	A	0	0	117	38.974358974359
A_NA_N1	112	117	A	0	0	117	37.8974358974359
A_NA_N1	113	117	T	0	0	117	39.4273504273504
A_NA_N1	114	117	T	0	0	116	38.8189655172414
A_NA_N1	115	116	C	1	0	116	39.8189655172414
A_NA_N1	116	117	A	0	0	117	40.1880341880342
A_NA_N1	117	117	A	0	0	117	40.7777777777778
A_NA_N1	118	117	A	0	0	117	41.3675213675214
A_NA_N1	119	117	T	0	0	116	41.6293103448276
A_NA_N1	120	117	T	0	0	117	42.042735042735
A_NA_N1	121	117	G	0	0	117	40.3589743589744
A_NA_N1	122	117	G	0	0	117	40.7179487179487
A_NA_N1	123	117	A	0	0	117	40.8547008547009
A_NA_N1	124	117	A	0	0	117	41.2564102564103
A_NA_N1	125	117	A	0	0	116	41.3965517241379
A_NA_N1	126	117	T	0	0	117	41.7692307692308
A_NA_N1	127	117	C	0	0	116	40.9396551724138
A_NA_N1	128	117	A	0	0	116	39.6810344827586
A_NA_N1	129	117	A	0	0	117	39.6324786324786
A_NA_N1	130	117	A	0	0	117	40.957264957265
A_NA_N1	131	117	G	0	0	117	39.8290598290598
A_NA_N1	132	117	C	0	0	117	39.5641025641026
A_NA_N1	133	117	C	0	0	117	38.8461538461538
A_NA_N1	134	117	A	0	0	117	37.8034188034188
A_NA_N1	135	117	G	0	0	116	38.2068965517241
A_NA_N1	136	117	G	0	0	116	39.5948275862069
A_NA_N1	137	117	T	0	0	117	40.0683760683761
A_NA_N1	138	117	T	0	0	117	40.8034188034188
A_NA_N1	139	117	G	0	0	117	41.034188034188
A_NA_N1	140	117	A	0	0	117	41.8119658119658
A_NA_N1	141	117	A	0	0	117	43.0598290598291
A_NA_N1	142	117	A	0	0	116	41.5086206896552
A_NA_N1	143	117	C	0	0	117	40.7264957264957
A_NA_N1	144	117	A	0	0	117	39.9487179487179
A_NA_N1	145	117	T	0	0	117	40.6239316239316
A_NA_N1	146	117	G	0	0	116	40.1206896551724
A_NA_N1	147	117	C	0	0	115	40.3739130434783
A_NA_N1	148	116	A	1	0	116	40.3275862068966
A_NA_N1	149	117	A	0	0	116	41.0258620689655
A_NA_N1	150	117	T	0	0	115	41.1130434782609
A_NA_N1	151	117	A	0	0	116	40.6120689655172
A_NA_N1	152	117	A	0	0	117	41.2820512820513
A_NA_N1	153	117	A	0	0	117	41.8888888888889
A_NA_N1	154	117	A	0	0	117	41.5982905982906
A_NA_N1	155	117	A	0	0	117	42.3760683760684
A_NA_N1	156	117	C	0	0	117	40.6324786324786
A_NA_N1	157	117	G	0	0	117	39.2991452991453
A_NA_N1	158	117	T	0	0	117	40.5470085470085
A_NA_N1	159	117	C	0	0	117	38.9487179487179
A_NA_N1	160	117	A	0	0	117	39.6239316239316
A_NA_N1	161	116	T	1	0	116	40.8189655172414
A_NA_N1	162	116	T	1	0	116	41.4741379310345
A_NA_N1	163	116	A	1	0	116	40.698275862069
A_NA_N1	164	116	C	1	0	116	41.2758620689655
A_NA_N1	165	117	T	0	0	117	42.034188034188
A_NA_N1	166	117	T	0	0	117	41.957264957265
A_NA_N1	167	117	A	0	0	117	40.4615384615385
A_NA_N1	168	117	T	0	0	117	41.3931623931624
A_NA_N1	169	117	G	0	0	117	39.6837606837607
A_NA_N1	170	117	A	0	0	117	40.5811965811966
A_NA_N1	171	117	A	0	0	117	40.2222222222222
A_NA_N1	172	117	A	0	0	117	41.6324786324786
A_NA_N1	173	117	A	0	0	117	41.2991452991453
A_NA_N1	174	117	C	0	0	117	42.5213675213675
A_NA_N1	175	117	A	0	0	117	42.008547008547
A_NA_N1	176	117	A	0	0	117	42.008547008547
A_NA_N1	177	117	C	0	0	117	41.9230769230769
A_NA_N1	178	117	A	0	0	115	41.7913043478261
A_NA_N1	179	117	C	0	0	117	41
A_NA_N1	180	117	T	0	0	117	40.5042735042735
A_NA_N1	181	116	T	1	0	116	40.9568965517241
A_NA_N1	182	116	G	1	0	116	40.5431034482759
A_NA_N1	183	116	G	1	0	116	41.5948275862069
A_NA_N1	184	116	G	1	0	116	42.1551724137931
A_NA_N1	185	116	T	1	0	116	41.9568965517241
A_NA_N1	186	116	A	1	0	116	40.6379310344828
A_NA_N1	187	116	A	1	0	116	40.801724137931
A_NA_N1	188	116	A	1	0	114	39.780701754386
A_NA_N1	189	117	T	0	0	117	39.8974358974359
A_NA_N1	190	117	C	0	0	116	38.3362068965517
A_NA_N1	191	117	A	0	0	117	37.6324786324786
A_NA_N1	192	117	G	0	0	116	37.6465517241379
A_NA_N1	193	117	A	0	0	116	38.6551724137931
A_NA_N1	194	117	C	0	0	107	38.0093457943925
A_NA_N1	195	117	A	0	0	117	38.7692307692308
A_NA_N1	196	117	T	0	0	116	40.8103448275862
A_NA_N1	197	117	T	0	0	117	40.6068376068376
A_NA_N1	198	117	T	0	0	117	41.8461538461538
A_NA_N1	199	117	G	0	0	117	42.4017094017094
A_NA_N1	200	117	T	0	0	117	42.965811965812
A_NA_N1	201	117	T	0	0	116	42.3620689655172
A_NA_N1	202	116	A	1	0	115	41.6086956521739
A_NA_N1	203	116	A	1	0	116	41.4568965517241
A_NA_N1	204	116	C	1	0	116	41.6206896551724
A_NA_N1	205	117	A	0	0	117	41.4529914529915
A_NA_N1	206	117	T	0	0	117	41.0512820512821
A_NA_N1	207	117	C	0	0	117	40.7179487179487
A_NA_N1	208	117	A	0	0	117	40.7606837606838
A_NA_N1	209	116	G	1	0	116	41.1034482758621
A_NA_N1	210	117	C	0	0	117	40.8974358974359
A_NA_N1	211	117	A	0	0	117	41.4017094017094
A_NA_N1	212	117	A	0	0	117	41.982905982906
A_NA_N1	213	117	C	0	0	117	41.7606837606838
A_NA_N1	214	118	A	0	0	118	42.0423728813559
A_NA_N1	215	118	C	0	0	118	41.1440677966102
A_NA_N1	216	118	T	0	0	117	40.6837606837607
A_NA_N1	217	118	A	0	0	118	40.135593220339
A_NA_N1	218	118	A	0	0	118	41.0254237288136
A_NA_N1	219	118	C	0	0	118	42.1949152542373
A_NA_N1	220	118	T	0	0	118	42.3389830508475
A_NA_N1	221	118	C	0	0	118	42.4915254237288
A_NA_N1	222	118	T	0	0	118	42.8389830508475
A_NA_N1	223	118	G	0	0	118	40.3220338983051
A_NA_N1	224	118	T	0	0	118	40.8813559322034
A_NA_N1	225	118	T	0	0	118	40.135593220339
A_NA_N1	226	117	G	1	0	115	38.4
A_NA_N1	227	118	C	0	0	118	37.6440677966102
A_NA_N1	228	118	T	0	0	118	38.728813559322
A_NA_N1	229	118	A	0	0	118	36.7542372881356
A_NA_N1	230	118	G	0	0	118	36.6440677966102
A_NA_N1	231	118	A	0	0	118	36.8474576271186
A_NA_N1	232	118	C	0	0	118	37.228813559322
A_NA_N1	233	118	A	0	0	118	36.5254237288136
A_NA_N1	234	118	G	0	0	118	36.8305084745763
A_NA_N1	235	119	T	0	0	119	37.1680672268908
A_NA_N1	236	119	C	0	0	114	35.3245614035088
A_NA_N1	237	119	A	0	0	117	34.7008547008547
A_NA_N1	238	119	G	0	0	118	34.8813559322034
A_NA_N1	239	119	T	0	0	119	35.2268907563025
A_NA_N1	240	119	G	0	0	119	36
A_NA_N1	241	119	G	0	0	118	38.1779661016949
A_NA_N1	242	119	C	0	0	119	38.5294117647059
A_NA_N1	243	119	T	0	0	118	37.5932203389831
A_NA_N1	244	119	T	0	0	119	36.3949579831933
A_NA_N1	245	119	C	0	0	118	35.5254237288136
A_NA_N1	246	119	C	0	0	118	35.7457627118644
A_NA_N1	247	118	G	1	0	117	34.8376068376068
A_NA_N1	248	118	T	1	0	118	35.7881355932203
A_NA_N1	249	118	G	1	0	118	36.2033898305085
A_NA_N1	250	117	A	2	0	117	36.965811965812
A_NA_N1	251	118	A	1	0	118	37.7033898305085
A_NA_N1	252	118	G	1	0	117	38.0683760683761
A_NA_N1	253	118	T	1	0	118	38.5169491525424
A_NA_N1	254	118	T	1	0	118	38.2457627118644
A_NA_N1	255	117	A	1	0	117	35.4700854700855
A_NA_N1	256	115	G	3	0	115	35.7478260869565
A_NA_N1	257	115	C	3	0	114	36.1052631578947
A_NA_N1	258	116	G	2	0	116	33.5344827586207
A_NA_N1	259	116	G	2	0	116	31.551724137931
A_NA_N1	260	116	G	2	0	116	33.9913793103448
A_NA_N1	261	116	C	2	0	114	35.2105263157895
A_NA_N1	262	116	A	2	0	115	37.895652173913
A_NA_N1	263	117	A	1	0	117	39.7264957264957
A_NA_N1	264	118	T	0	0	118	39.8305084745763
A_NA_N1	265	118	T	0	0	116	39.9396551724138
A_NA_N1	266	118	C	0	0	116	40.6120689655172
A_NA_N1	267	106	C	12	0	105	42.0476190476191
A_NA_N1	268	106	T	12	0	105	41.2095238095238
A_NA_N1	269	117	C	1	0	117	38.008547008547
A_NA_N1	270	117	T	1	0	117	37.7692307692308
A_NA_N1	271	117	C	1	0	117	36.982905982906
A_NA_N1	272	117	T	1	0	117	37.3760683760684
A_NA_N1	273	118	C	0	0	118	38.771186440678
A_NA_N1	274	118	T	0	0	117	41.7435897435897
A_NA_N1	275	118	G	0	0	118	40.8898305084746
A_NA_N1	276	118	C	0	0	118	41.8474576271186
A_NA_N1	277	118	C	0	0	117	41.4188034188034
A_NA_N1	278	118	C	0	0	118	41.771186440678
A_NA_N1	279	117	T	1	0	117	40.1538461538462
A_NA_N1	280	117	G	1	0	117	40.5128205128205
A_NA_N1	281	117	T	1	0	117	41.2307692307692
A_NA_N1	282	118	T	0	0	118	40.6440677966102
A_NA_N1	283	118	A	0	0	118	38.7542372881356
A_NA_N1	284	118	G	0	0	118	38.0932203389831
A_NA_N1	285	118	T	0	0	118	38.9576271186441
A_NA_N1	286	118	G	0	0	117	39.4273504273504
A_NA_N1	287	118	G	0	0	118	40.3474576271186
A_NA_N1	288	118	A	0	0	118	40.6694915254237
A_NA_N1	289	118	T	0	0	117	40.6153846153846
A_NA_N1	290	118	G	0	0	117	39.2136752136752
A_NA_N1	291	118	G	0	0	118	40.5254237288136
A_NA_N1	292	118	G	0	0	117	40.4273504273504
A_NA_N1	293	118	C	0	0	117	39.5982905982906
A_NA_N1	294	118	T	0	0	118	40.6101694915254
A_NA_N1	295	118	A	0	0	118	39.9322033898305
A_NA_N1	296	118	T	0	0	118	40.7881355932203
A_NA_N1	297	117	A	1	0	117	40.025641025641
A_NA_N1	298	117	T	1	0	117	41.3846153846154
A_NA_N1	299	116	A	2	0	116	39.5948275862069
A_NA_N1	300	117	C	1	0	117	40.8547008547009
A_NA_N1	301	117	A	1	0	116	39.7413793103448
A_NA_N1	302	117	G	1	0	116	39.301724137931
A_NA_N1	303	117	T	1	0	117	38.6581196581197
A_NA_N1	304	117	A	1	0	117	38.2564102564103
A_NA_N1	305	117	A	1	0	117	39.2136752136752
A_NA_N1	306	117	A	1	0	117	39.5128205128205
A_NA_N1	307	117	G	1	0	117	38.957264957265
A_NA_N1	308	117	A	1	0	116	40.4224137931034
A_NA_N1	309	117	C	1	0	117	40.4444444444444
A_NA_N1	310	117	A	1	0	117	39.2393162393162
A_NA_N1	311	118	A	0	0	118	38.0677966101695
A_NA_N1	312	118	C	0	0	118	38.864406779661
A_NA_N1	313	118	A	0	0	117	37.4700854700855
A_NA_N1	314	118	G	0	0	116	38.7241379310345
A_NA_N1	315	118	T	0	0	118	38.2542372881356
A_NA_N1	316	117	G	1	0	116	38.7413793103448
A_NA_N1	317	117	T	1	0	116	37.9224137931034
A_NA_N1	318	116	A	2	0	116	36.1896551724138
A_NA_N1	319	117	A	1	0	116	35.1465517241379
A_NA_N1	320	117	G	1	0	117	34.7264957264957
A_NA_N1	321	118	A	0	0	118	36.8050847457627
A_NA_N1	322	118	A	0	0	116	39.2586206896552
A_NA_N1	323	118	T	0	0	118	38.8050847457627
A_NA_N1	324	117	C	1	0	114	37.6491228070175
A_NA_N1	325	117	G	1	0	117	33.9145299145299
A_NA_N1	326	117	G	1	0	116	33.4913793103448
A_NA_N1	327	116	T	2	0	116	34.301724137931
A_NA_N1	328	116	T	2	0	115	36
A_NA_N1	329	117	C	1	0	116	35.8362068965517
A_NA_N1	330	117	C	1	0	117	37.2820512820513
A_NA_N1	331	116	A	2	0	116	36.1293103448276
A_NA_N1	332	115	A	3	0	114	35.2017543859649
A_NA_N1	333	116	G	2	0	116	34.0344827586207
A_NA_N1	334	117	G	1	0	117	34.6153846153846
A_NA_N1	335	118	G	0	0	117	35.8290598290598
A_NA_N1	336	118	G	0	0	117	37.3589743589744
A_NA_N1	337	118	G	0	0	116	39
A_NA_N1	338	116	A	1	0	116	38.0689655172414
A_NA_N1	339	117	T	0	0	116	37.4396551724138
A_NA_N1	340	117	G	0	0	117	36.8717948717949
A_NA_N1	341	117	T	0	0	117	39.4700854700855
A_NA_N1	342	117	G	0	0	117	38.5213675213675
A_NA_N1	343	116	T	1	0	116	39.5862068965517
A_NA_N1	344	117	T	0	0	117	39.991452991453
A_NA_N1	345	116	T	1	0	116	39.4310344827586
A_NA_N1	346	116	G	1	0	115	39.1217391304348
A_NA_N1	347	116	T	1	0	116	38.5086206896552
A_NA_N1	348	116	C	1	0	116	37.9224137931034
A_NA_N1	349	116	A	1	0	116	38.5603448275862
A_NA_N1	350	117	T	0	0	117	38.7350427350427
A_NA_N1	351	117	A	0	0	116	38.6206896551724
A_NA_N1	352	117	A	0	0	117	38.017094017094
A_NA_N1	353	117	G	0	0	115	38.8173913043478
A_NA_N1	354	117	G	0	0	116	39.8534482758621
A_NA_N1	355	117	G	0	0	117	39.3931623931624
A_NA_N1	356	117	A	0	0	117	39.1282051282051
A_NA_N1	357	117	A	0	0	117	39.6239316239316
A_NA_N1	358	117	C	0	0	116	38.5344827586207
A_NA_N1	359	117	C	0	0	117	38.6752136752137
A_NA_N1	360	117	A	0	0	117	37.7264957264957
A_NA_N1	361	117	T	0	0	117	39.0512820512821
A_NA_N1	362	117	T	0	0	117	38.6153846153846
A_NA_N1	363	117	C	0	0	117	40.0598290598291
A_NA_N1	364	117	A	0	0	117	40.2478632478633
A_NA_N1	365	117	T	0	0	117	41.1794871794872
A_NA_N1	366	117	A	0	0	117	40.5213675213675
A_NA_N1	367	117	T	0	0	117	42.3333333333333
A_NA_N1	368	117	C	0	0	117	40.8461538461538
A_NA_N1	369	117	A	0	0	117	40.3333333333333
A_NA_N1	370	117	T	0	0	117	40.1623931623932
A_NA_N1	371	117	G	0	0	117	40.2051282051282
A_NA_N1	372	116	C	1	0	116	40.5172413793103
A_NA_N1	373	116	T	1	0	116	41.448275862069
A_NA_N1	374	117	C	0	0	117	40.3760683760684
A_NA_N1	375	117	T	0	0	117	39.0598290598291
A_NA_N1	376	117	C	0	0	117	37.7606837606838
A_NA_N1	377	117	C	0	0	117	38.1709401709402
A_NA_N1	378	117	C	0	0	117	37.0854700854701
A_NA_N1	379	117	T	0	0	117	34.8119658119658
A_NA_N1	380	117	T	0	0	117	38.9487179487179
A_NA_N1	381	117	G	0	0	117	38.5641025641026
A_NA_N1	382	117	G	0	0	117	38.2307692307692
A_NA_N1	383	117	A	0	0	117	39.5213675213675
A_NA_N1	384	117	A	0	0	117	39.8632478632479
A_NA_N1	385	117	T	0	0	117	39.4615384615385
A_NA_N1	386	117	G	0	0	117	38.5811965811966
A_NA_N1	387	117	C	0	0	117	39.1111111111111
A_NA_N1	388	117	A	0	0	117	37.2222222222222
A_NA_N1	389	117	G	0	0	117	36.5555555555556
A_NA_N1	390	117	A	0	0	117	37.2136752136752
A_NA_N1	391	117	A	0	0	117	37.3247863247863
A_NA_N1	392	117	C	0	0	117	36.4700854700855
A_NA_N1	393	116	C	1	0	116	37.6206896551724
A_NA_N1	394	116	T	1	0	116	37.7241379310345
A_NA_N1	395	116	T	1	0	116	37.6896551724138
A_NA_N1	396	117	C	0	0	117	36.1794871794872
A_NA_N1	397	116	T	1	0	116	38.5689655172414
A_NA_N1	398	117	T	0	0	117	38.3247863247863
A_NA_N1	399	117	C	0	0	117	37.034188034188
A_NA_N1	400	116	T	1	0	116	38.9224137931034
A_NA_N1	401	117	T	0	0	117	39.4102564102564
A_NA_N1	402	117	G	0	0	117	38.6324786324786
A_NA_N1	403	117	A	0	0	117	38.9145299145299
A_NA_N1	404	117	C	0	0	117	40.1794871794872
A_NA_N1	405	117	T	0	0	117	40.4957264957265
A_NA_N1	406	117	C	0	0	117	39.7606837606838
A_NA_N1	407	117	A	0	0	117	39.4102564102564
A_NA_N1	408	116	A	1	0	116	38.8103448275862
A_NA_N1	409	116	G	1	0	116	39.3189655172414
A_NA_N1	410	117	G	0	0	117	39.9145299145299
A_NA_N1	411	117	G	0	0	117	42.1196581196581
A_NA_N1	412	117	G	0	0	116	41.8103448275862
A_NA_N1	413	117	C	0	0	117	41.5128205128205
A_NA_N1	414	115	T	2	0	115	42.4086956521739
A_NA_N1	415	117	T	0	0	117	42.2307692307692
A_NA_N1	416	117	T	0	0	117	42.8205128205128
A_NA_N1	417	117	G	0	0	117	42.7008547008547
A_NA_N1	418	116	C	1	0	115	43.0260869565217
A_NA_N1	419	117	T	0	0	117	42.7179487179487
A_NA_N1	420	117	A	0	0	117	40.7606837606838
A_NA_N1	421	117	A	0	0	117	41.6837606837607
A_NA_N1	422	117	A	0	0	117	41.8376068376068
A_NA_N1	423	117	T	0	0	117	41.7435897435897
A_NA_N1	424	117	G	0	0	117	41.3675213675214
A_NA_N1	425	117	A	0	0	117	40.3076923076923
A_NA_N1	426	117	C	0	0	117	40.5726495726496
A_NA_N1	427	117	A	0	0	116	38.5
A_NA_N1	428	117	A	0	0	117	38.3589743589744
A_NA_N1	429	117	A	0	0	117	39.3076923076923
A_NA_N1	430	117	C	0	0	117	40.8632478632479
A_NA_N1	431	116	A	1	0	116	42.0344827586207
A_NA_N1	432	116	T	1	0	116	43.0689655172414
A_NA_N1	433	117	T	0	0	117	42.017094017094
A_NA_N1	434	117	C	0	0	117	38.9145299145299
A_NA_N1	435	117	C	0	0	117	38.2991452991453
A_NA_N1	436	117	A	0	0	117	37.3504273504274
A_NA_N1	437	117	A	0	0	117	36.3846153846154
A_NA_N1	438	117	T	0	0	117	37.9401709401709
A_NA_N1	439	117	G	0	0	117	38.6410256410256
A_NA_N1	440	117	G	0	0	116	39.3706896551724
A_NA_N1	441	117	A	0	0	117	39.7094017094017
A_NA_N1	442	117	A	0	0	117	40.4529914529915
A_NA_N1	443	117	C	0	0	117	40.5555555555556
A_NA_N1	444	117	A	0	0	117	38.9316239316239
A_NA_N1	445	117	A	0	0	117	39.2307692307692
A_NA_N1	446	117	T	0	0	117	40.2051282051282
A_NA_N1	447	117	T	0	0	117	39.1196581196581
A_NA_N1	448	116	A	1	0	116	38.1551724137931
A_NA_N1	449	117	A	0	0	117	38.5641025641026
A_NA_N1	450	117	A	0	0	117	38.1538461538462
A_NA_N1	451	117	G	0	0	117	37.2991452991453
A_NA_N1	452	117	A	0	0	117	36.8034188034188
A_NA_N1	453	117	C	0	0	116	36.3448275862069
A_NA_N1	454	115	A	2	0	114	35.7368421052632
A_NA_N1	455	116	G	1	0	116	35.0948275862069
A_NA_N1	456	116	A	1	0	114	36.1578947368421
A_NA_N1	457	117	A	0	0	116	37.7758620689655
A_NA_N1	458	117	G	0	0	115	38.3391304347826
A_NA_N1	459	116	C	1	0	115	38.3826086956522
A_NA_N1	460	117	C	0	0	116	38.6551724137931
A_NA_N1	461	117	C	0	0	116	39.2672413793103
A_NA_N1	462	117	A	0	0	117	38.6581196581197
A_NA_N1	463	117	T	0	0	117	38.0940170940171
A_NA_N1	464	116	A	1	0	116	39.6120689655172
A_NA_N1	465	118	T	0	0	117	40.017094017094
A_NA_N1	466	118	C	0	0	116	37.5172413793103
A_NA_N1	467	118	G	0	0	117	36.5213675213675
A_NA_N1	468	118	A	0	0	118	36.7966101694915
A_NA_N1	469	117	A	1	0	117	36.8632478632479
A_NA_N1	470	117	C	1	0	116	36.5258620689655
A_NA_N1	471	118	C	0	0	118	38.1525423728814
A_NA_N1	472	118	C	0	0	116	39.7586206896552
A_NA_N1	473	118	T	0	0	117	39.5042735042735
A_NA_N1	474	118	A	0	0	118	39.5593220338983
A_NA_N1	475	118	A	0	0	118	40.7627118644068
A_NA_N1	476	118	T	0	0	118	39.3898305084746
A_NA_N1	477	118	G	0	0	117	39.7692307692308
A_NA_N1	478	118	A	0	0	118	38.9661016949153
A_NA_N1	479	118	G	0	0	118	38.4322033898305
A_NA_N1	480	118	C	0	0	118	39.135593220339
A_NA_N1	481	118	T	0	0	118	39.7542372881356
A_NA_N1	482	118	G	0	0	118	39.9067796610169
A_NA_N1	483	117	T	1	0	117	40.3076923076923
A_NA_N1	484	118	C	0	0	118	40
A_NA_N1	485	118	C	0	0	118	40.4406779661017
A_NA_N1	486	116	T	2	0	115	39.6260869565217
A_NA_N1	487	117	A	1	0	116	39.7586206896552
A_NA_N1	488	118	T	0	0	116	39.9051724137931
A_NA_N1	489	117	T	1	0	117	39.9487179487179
A_NA_N1	490	117	G	1	0	117	39.5042735042735
A_NA_N1	491	117	G	1	0	117	39.7863247863248
A_NA_N1	492	117	T	1	0	117	39.8376068376068
A_NA_N1	493	117	G	1	0	117	41.2991452991453
A_NA_N1	494	115	A	3	0	115	41.0086956521739
A_NA_N1	495	118	A	0	0	117	40.5470085470085
A_NA_N1	496	118	G	0	0	118	40.2033898305085
A_NA_N1	497	118	T	0	0	118	41.4237288135593
A_NA_N1	498	118	T	0	0	117	42.0769230769231
A_NA_N1	499	118	C	0	0	115	41.0869565217391
A_NA_N1	500	118	C	0	0	118	40.2966101694915
A_NA_N1	501	118	C	0	0	118	39.1525423728814
A_NA_N1	502	118	T	0	0	118	36.5847457627119
A_NA_N1	503	118	C	0	0	118	36.6016949152542
A_NA_N1	504	118	T	0	0	118	37.4067796610169
A_NA_N1	505	118	C	0	0	118	36.4830508474576
A_NA_N1	506	118	C	0	0	118	39.8050847457627
A_NA_N1	507	118	A	0	0	118	40.6016949152542
A_NA_N1	508	118	T	0	0	118	40.8813559322034
A_NA_N1	509	118	A	0	0	118	41.8898305084746
A_NA_N1	510	118	C	0	0	118	42.7203389830508
A_NA_N1	511	118	A	0	0	118	42.5593220338983
A_NA_N1	512	118	A	0	0	118	41.3050847457627
A_NA_N1	513	118	C	0	0	118	41.7203389830508
A_NA_N1	514	118	T	0	0	118	42.4830508474576
A_NA_N1	515	118	C	0	0	117	41.8717948717949
A_NA_N1	516	118	A	0	0	118	41.4830508474576
A_NA_N1	517	118	A	0	0	118	40.4067796610169
A_NA_N1	518	118	G	0	0	118	38.8728813559322
A_NA_N1	519	118	A	0	0	118	38.6694915254237
A_NA_N1	520	118	T	0	0	118	39.0254237288136
A_NA_N1	521	118	T	0	0	118	39.8305084745763
A_NA_N1	522	118	T	0	0	118	40.135593220339
A_NA_N1	523	118	G	0	0	118	39.5
A_NA_N1	524	118	A	0	0	116	39.7327586206897
A_NA_N1	525	118	G	0	0	117	38.8888888888889
A_NA_N1	526	118	T	0	0	118	39.4576271186441
A_NA_N1	527	117	C	1	0	115	38.3652173913043
A_NA_N1	528	117	A	1	0	117	38.2136752136752
A_NA_N1	529	117	G	1	0	117	37.3247863247863
A_NA_N1	530	118	T	0	0	118	38.4830508474576
A_NA_N1	531	118	C	0	0	113	38.8849557522124
A_NA_N1	532	118	G	0	0	117	36.991452991453
A_NA_N1	533	118	C	0	0	118	36.728813559322
A_NA_N1	534	118	T	0	0	118	36.4067796610169
A_NA_N1	535	118	T	0	0	118	37.5762711864407
A_NA_N1	536	118	G	0	0	118	36.9661016949153
A_NA_N1	537	118	G	0	0	118	38.9322033898305
A_NA_N1	538	118	T	0	0	118	40.0762711864407
A_NA_N1	539	118	C	0	0	117	39.3675213675214
A_NA_N1	540	118	A	0	0	118	39.9830508474576
A_NA_N1	541	118	G	0	0	118	39.6949152542373
A_NA_N1	542	118	C	0	0	118	39.5423728813559
A_NA_N1	543	118	A	0	0	118	38.4830508474576
A_NA_N1	544	118	A	0	0	118	38.8305084745763
A_NA_N1	545	118	G	0	0	118	38.3474576271186
A_NA_N1	546	118	T	0	0	118	38.9661016949153
A_NA_N1	547	118	G	0	0	117	39.1452991452991
A_NA_N1	548	118	C	0	0	118	38.864406779661
A_NA_N1	549	118	T	0	0	118	39.7457627118644
A_NA_N1	550	118	T	0	0	118	40.3389830508475
A_NA_N1	551	118	G	0	0	118	39.7542372881356
A_NA_N1	552	118	T	0	0	118	40.0254237288136
A_NA_N1	553	118	C	0	0	118	40.0084745762712
A_NA_N1	554	118	A	0	0	118	39.5084745762712
A_NA_N1	555	118	T	0	0	118	39.9152542372881
A_NA_N1	556	118	G	0	0	118	40.5254237288136
A_NA_N1	557	118	A	0	0	118	40.8305084745763
A_NA_N1	558	118	T	0	0	117	41.1282051282051
A_NA_N1	559	118	G	0	0	116	41.3534482758621
A_NA_N1	560	118	G	0	0	118	40.8559322033898
A_NA_N1	561	117	C	1	0	117	41.2649572649573
A_NA_N1	562	117	A	1	0	117	40.9401709401709
A_NA_N1	563	117	C	1	0	117	40.957264957265
A_NA_N1	564	118	C	0	0	118	40.5932203389831
A_NA_N1	565	118	A	0	0	117	41.1794871794872
A_NA_N1	566	118	A	0	0	118	40.5847457627119
A_NA_N1	567	118	T	0	0	118	40.8135593220339
A_NA_N1	568	118	T	0	0	118	41.2542372881356
A_NA_N1	569	118	G	0	0	117	41.8119658119658
A_NA_N1	570	118	G	0	0	118	42.1271186440678
A_NA_N1	571	118	C	0	0	118	41.7966101694915
A_NA_N1	572	118	T	0	0	118	40.8220338983051
A_NA_N1	573	118	A	0	0	118	39.9745762711864
A_NA_N1	574	118	A	0	0	118	41.1525423728814
A_NA_N1	575	118	C	0	0	118	40.228813559322
A_NA_N1	576	118	A	0	0	118	39.7881355932203
A_NA_N1	577	118	A	0	0	118	39.5762711864407
A_NA_N1	578	118	T	0	0	117	40.8034188034188
A_NA_N1	579	118	T	0	0	118	39.3050847457627
A_NA_N1	580	115	G	3	0	114	40.2543859649123
A_NA_N1	581	118	G	0	0	114	39.3421052631579
A_NA_N1	582	118	A	0	0	118	38.3220338983051
A_NA_N1	583	118	A	0	0	118	38.8898305084746
A_NA_N1	584	118	T	0	0	115	40.6
A_NA_N1	585	118	T	0	0	117	39.7094017094017
A_NA_N1	586	118	T	0	0	117	42.2307692307692
A_NA_N1	587	118	C	0	0	116	39.301724137931
A_NA_N1	588	118	T	0	0	118	39.1440677966102
A_NA_N1	589	117	G	1	0	117	37.008547008547
A_NA_N1	590	118	G	0	0	116	36.6379310344828
A_NA_N1	591	117	C	1	0	116	36.5862068965517
A_NA_N1	592	118	C	0	0	118	38.2372881355932
A_NA_N1	593	118	C	0	0	118	38.1864406779661
A_NA_N1	594	118	A	0	0	118	38.0508474576271
A_NA_N1	595	117	G	1	0	116	38.801724137931
A_NA_N1	596	118	A	0	0	118	38.8050847457627
A_NA_N1	597	118	C	0	0	118	39.0338983050847
A_NA_N1	598	118	A	0	0	118	38.9915254237288
A_NA_N1	599	118	A	0	0	118	39.9406779661017
A_NA_N1	600	118	T	0	0	118	41.0169491525424
A_NA_N1	601	118	G	0	0	118	40.1101694915254
A_NA_N1	602	118	G	0	0	118	41.0677966101695
A_NA_N1	603	118	G	0	0	118	41.0762711864407
A_NA_N1	604	118	G	0	0	118	40.728813559322
A_NA_N1	605	118	C	0	0	118	40.864406779661
A_NA_N1	606	118	A	0	0	118	40.771186440678
A_NA_N1	607	118	G	0	0	118	40.1864406779661
A_NA_N1	608	118	T	0	0	118	40.2033898305085
A_NA_N1	609	118	G	0	0	118	39.5677966101695
A_NA_N1	610	118	G	0	0	118	40.5932203389831
A_NA_N1	611	118	C	0	0	118	40.6186440677966
A_NA_N1	612	118	T	0	0	118	41.5932203389831
A_NA_N1	613	118	G	0	0	118	41.2457627118644
A_NA_N1	614	118	T	0	0	118	42.1016949152542
A_NA_N1	615	118	G	0	0	118	40.4322033898305
A_NA_N1	616	118	T	0	0	118	40.5084745762712
A_NA_N1	617	118	T	0	0	118	39.1694915254237
A_NA_N1	618	118	A	0	0	118	38.8559322033898
A_NA_N1	619	118	A	0	0	118	38.9576271186441
A_NA_N1	620	118	A	0	0	118	40
A_NA_N1	621	118	A	0	0	118	41.2372881355932
A_NA_N1	622	118	T	0	0	118	42.271186440678
A_NA_N1	623	118	A	0	0	118	42.635593220339
A_NA_N1	624	118	C	0	0	118	42.0254237288136
A_NA_N1	625	118	A	0	0	118	40.6440677966102
A_NA_N1	626	118	A	0	0	118	40.9406779661017
A_NA_N1	627	118	T	0	0	118	41.364406779661
A_NA_N1	628	118	G	0	0	118	40.4491525423729
A_NA_N1	629	118	G	0	0	118	41.4406779661017
A_NA_N1	630	118	C	0	0	118	42.0762711864407
A_NA_N1	631	118	A	0	0	118	41.5593220338983
A_NA_N1	632	119	T	0	0	119	41.6974789915966
A_NA_N1	633	119	A	0	0	119	42.1176470588235
A_NA_N1	634	119	A	0	0	119	42.6050420168067
A_NA_N1	635	119	T	0	0	119	42.2689075630252
A_NA_N1	636	119	A	0	0	118	41.7627118644068
A_NA_N1	637	119	A	0	0	119	41.8403361344538
A_NA_N1	638	119	C	0	0	118	41.5847457627119
A_NA_N1	639	119	A	0	0	119	40.5798319327731
A_NA_N1	640	119	G	0	0	119	40.9915966386555
A_NA_N1	641	119	A	0	0	119	40.563025210084
A_NA_N1	642	119	C	0	0	119	40.9075630252101
A_NA_N1	643	119	A	0	0	119	40.6806722689076
A_NA_N1	644	119	C	0	0	119	40.6134453781513
A_NA_N1	645	118	T	1	0	117	40.0598290598291
A_NA_N1	646	118	A	1	0	118	40.8898305084746
A_NA_N1	647	119	T	0	0	119	40.7899159663866
A_NA_N1	648	119	C	0	0	118	38.1271186440678
A_NA_N1	649	119	A	0	0	119	37.5882352941176
A_NA_N1	650	119	A	0	0	119	37.2016806722689
A_NA_N1	651	119	G	0	0	118	38.1016949152542
A_NA_N1	652	120	A	0	0	119	37.4117647058824
A_NA_N1	653	120	G	0	0	118	38.6610169491525
A_NA_N1	654	119	T	1	0	119	38.6554621848739
A_NA_N1	655	119	T	1	0	119	37.3445378151261
A_NA_N1	656	119	G	1	0	119	35.7983193277311
A_NA_N1	657	119	G	1	0	119	34.7563025210084
A_NA_N1	658	119	A	1	0	118	35.1016949152542
A_NA_N1	659	119	G	1	0	119	36.7226890756302
A_NA_N1	660	119	G	1	0	119	36.4453781512605
A_NA_N1	661	119	A	1	0	117	36.9230769230769
A_NA_N1	662	119	A	1	0	119	37.0840336134454
A_NA_N1	663	119	C	1	0	119	37.8403361344538
A_NA_N1	664	119	A	1	0	119	38.672268907563
A_NA_N1	665	120	A	0	0	118	39.4322033898305
A_NA_N1	666	120	G	0	0	118	40.0254237288136
A_NA_N1	667	119	A	1	0	119	39.2857142857143
A_NA_N1	668	120	T	0	0	120	38.175
A_NA_N1	669	119	A	1	0	118	38.1610169491525
A_NA_N1	670	120	T	0	0	119	37.5882352941176
A_NA_N1	671	120	T	0	0	119	38.1008403361345
A_NA_N1	672	119	G	1	0	118	37.3728813559322
A_NA_N1	673	118	A	2	0	118	38.5
A_NA_N1	674	119	G	1	0	119	38.8235294117647
A_NA_N1	675	119	A	1	0	119	39.7899159663866
A_NA_N1	676	120	A	0	0	119	39.563025210084
A_NA_N1	677	119	C	0	0	119	39.1848739495798
A_NA_N1	678	119	A	0	0	119	38.8823529411765
A_NA_N1	679	119	C	0	0	119	39.9663865546218
A_NA_N1	680	119	A	0	0	119	38.9915966386555
A_NA_N1	681	119	A	0	0	119	39.2352941176471
A_NA_N1	682	119	G	0	0	119	39.3529411764706
A_NA_N1	683	118	A	1	0	118	39.2796610169492
A_NA_N1	684	119	G	0	0	117	39.9401709401709
A_NA_N1	685	119	T	0	0	118	39.8898305084746
A_NA_N1	686	119	C	0	0	119	39.9495798319328
A_NA_N1	687	119	T	0	0	119	40.5378151260504
A_NA_N1	688	119	G	0	0	119	40.436974789916
A_NA_N1	689	119	A	0	0	119	41.5882352941176
A_NA_N1	690	118	A	0	0	118	41.5084745762712
A_NA_N1	691	118	T	0	0	118	41.4491525423729
A_NA_N1	692	118	G	0	0	118	41.0677966101695
A_NA_N1	693	117	T	0	0	117	41.4017094017094
A_NA_N1	694	117	G	0	0	117	40.9230769230769
A_NA_N1	695	117	C	0	0	117	39.8974358974359
A_NA_N1	696	117	A	0	0	117	40.0769230769231
A_NA_N1	697	117	T	0	0	117	40.957264957265
A_NA_N1	698	117	G	0	0	117	40.5811965811966
A_NA_N1	699	117	T	0	0	117	41.2820512820513
A_NA_N1	700	117	G	0	0	116	41.6810344827586
A_NA_N1	701	117	T	0	0	117	41.8034188034188
A_NA_N1	702	117	A	0	0	106	41.377358490566
A_NA_N1	703	117	A	0	0	117	41.6923076923077
A_NA_N1	704	117	A	0	0	117	41.8461538461538
A_NA_N1	705	117	C	0	0	117	40.2307692307692
A_NA_N1	706	117	G	0	0	115	39.9826086956522
A_NA_N1	707	117	G	0	0	115	39.4521739130435
A_NA_N1	708	115	T	2	0	115	39.8782608695652
A_NA_N1	709	116	T	1	0	116	38.8275862068966
A_NA_N1	710	116	C	1	0	115	38.9652173913043
A_NA_N1	711	116	T	1	0	116	40.3534482758621
A_NA_N1	712	116	T	1	0	116	40.5775862068966
A_NA_N1	713	116	G	1	0	116	40.8620689655172
A_NA_N1	714	116	C	1	0	116	40.551724137931
A_NA_N1	715	116	T	1	0	116	40.9913793103448
A_NA_N1	716	117	T	0	0	117	40.0598290598291
A_NA_N1	717	117	T	0	0	117	40.1965811965812
A_NA_N1	718	116	A	1	0	116	39.1034482758621
A_NA_N1	719	117	C	0	0	117	40.042735042735
A_NA_N1	720	116	C	1	0	116	40.0862068965517
A_NA_N1	721	116	A	1	0	116	40.6896551724138
A_NA_N1	722	116	T	1	0	115	40.2608695652174
A_NA_N1	723	117	A	0	0	116	39.4396551724138
A_NA_N1	724	117	A	0	0	117	40.1623931623932
A_NA_N1	725	117	T	0	0	117	40.5042735042735
A_NA_N1	726	117	G	0	0	117	40.0683760683761
A_NA_N1	727	117	A	0	0	117	40.4444444444444
A_NA_N1	728	117	C	0	0	117	41.6153846153846
A_NA_N1	729	117	C	0	0	115	39.6347826086957
A_NA_N1	730	117	G	0	0	116	39.2413793103448
A_NA_N1	731	117	A	0	0	117	38.6923076923077
A_NA_N1	732	117	T	0	0	117	38.2564102564103
A_NA_N1	733	117	G	0	0	116	36.6034482758621
A_NA_N1	734	117	G	0	0	117	37.957264957265
A_NA_N1	735	117	A	0	0	117	40.1965811965812
A_NA_N1	736	117	C	0	0	117	39.8717948717949
A_NA_N1	737	117	C	0	0	117	39.5128205128205
A_NA_N1	738	117	A	0	0	117	38.991452991453
A_NA_N1	739	117	A	0	0	116	40.3362068965517
A_NA_N1	740	117	A	0	0	117	39.5897435897436
A_NA_N1	741	117	T	0	0	117	39.7863247863248
A_NA_N1	742	117	G	0	0	116	41.0862068965517
A_NA_N1	743	117	A	0	0	117	41.4615384615385
A_NA_N1	744	117	T	0	0	117	41.3760683760684
A_NA_N1	745	117	G	0	0	116	41.4913793103448
A_NA_N1	746	117	G	0	0	117	41.6153846153846
A_NA_N1	747	117	A	0	0	116	41.9051724137931
A_NA_N1	748	117	C	0	0	117	41.6068376068376
A_NA_N1	749	117	A	0	0	116	41.4741379310345
A_NA_N1	750	116	G	1	0	115	41.2347826086957
A_NA_N1	751	116	G	1	0	116	40.3620689655172
A_NA_N1	752	117	C	0	0	117	39.0683760683761
A_NA_N1	753	117	C	0	0	117	38.7777777777778
A_NA_N1	754	117	T	0	0	117	39.1452991452991
A_NA_N1	755	117	C	0	0	117	38.6837606837607
A_NA_N1	756	117	A	0	0	116	38.8534482758621
A_NA_N1	757	117	T	0	0	117	38.2222222222222
A_NA_N1	758	116	A	1	0	116	37.4655172413793
A_NA_N1	759	116	C	1	0	116	38.5172413793103
A_NA_N1	760	117	A	0	0	117	37.4273504273504
A_NA_N1	761	117	A	0	0	117	37.8461538461538
A_NA_N1	762	117	A	0	0	117	38.3418803418803
A_NA_N1	763	117	A	0	0	117	38.957264957265
A_NA_N1	764	117	T	0	0	117	39.9401709401709
A_NA_N1	765	117	C	0	0	117	37.965811965812
A_NA_N1	766	116	T	1	0	116	38.7586206896552
A_NA_N1	767	117	T	0	0	117	36.7435897435897
A_NA_N1	768	117	C	0	0	117	33.5982905982906
A_NA_N1	769	117	A	0	0	117	30.8461538461538
A_NA_N1	770	117	G	0	0	117	33.1538461538462
A_NA_N1	771	117	A	0	0	117	34.7350427350427
A_NA_N1	772	116	A	1	0	114	34.2368421052632
A_NA_N1	773	116	T	1	0	115	35.9826086956522
A_NA_N1	774	114	A	3	0	113	35.1858407079646
A_NA_N1	775	114	G	3	0	114	34.8508771929825
A_NA_N1	776	117	A	0	0	116	35.25
A_NA_N1	777	116	G	1	0	116	36.7586206896552
A_NA_N1	778	117	A	0	0	117	37.1965811965812
A_NA_N1	779	115	A	2	0	115	38.7565217391304
A_NA_N1	780	113	G	4	0	113	38.9823008849558
A_NA_N1	781	116	G	1	0	116	39.4741379310345
A_NA_N1	782	116	G	1	0	116	38.4655172413793
A_NA_N1	783	116	A	1	0	116	38.9137931034483
A_NA_N1	784	116	A	1	0	116	40.801724137931
A_NA_N1	785	116	A	1	0	116	40.75
A_NA_N1	786	116	G	1	0	116	38.7413793103448
A_NA_N1	787	117	A	0	0	116	38.6810344827586
A_NA_N1	788	117	T	0	0	117	37.7264957264957
A_NA_N1	789	117	A	0	0	116	36.4655172413793
A_NA_N1	790	117	A	0	0	117	36.1709401709402
A_NA_N1	791	116	C	1	0	116	37.25
A_NA_N1	792	117	C	0	0	117	37.8547008547009
A_NA_N1	793	117	A	0	0	117	38.5299145299145
A_NA_N1	794	117	A	0	0	117	39.1623931623932
A_NA_N1	795	117	A	0	0	117	39.3589743589744
A_NA_N1	796	117	T	0	0	117	38.9316239316239
A_NA_N1	797	117	C	0	0	115	38.6
A_NA_N1	798	117	A	0	0	116	38.3189655172414
A_NA_N1	799	117	G	0	0	116	36.2931034482759
A_NA_N1	800	117	T	0	0	117	37.991452991453
A_NA_N1	801	116	C	1	0	116	36.5862068965517
A_NA_N1	802	117	G	0	0	116	35.4310344827586
A_NA_N1	803	116	A	1	0	116	35.8448275862069
A_NA_N1	804	117	A	0	0	117	35.9487179487179
A_NA_N1	805	117	A	0	0	117	37.017094017094
A_NA_N1	806	117	T	0	0	117	38.3333333333333
A_NA_N1	807	117	G	0	0	116	38.3103448275862
A_NA_N1	808	117	A	0	0	117	40.5128205128205
A_NA_N1	809	117	A	0	0	117	40.4358974358974
A_NA_N1	810	117	G	0	0	117	40.7435897435897
A_NA_N1	811	117	G	0	0	116	40.9827586206897
A_NA_N1	812	116	C	0	0	115	40.4173913043478
A_NA_N1	813	116	C	0	0	116	39.4396551724138
A_NA_N1	814	116	C	0	0	116	40.3275862068966
A_NA_N1	815	116	C	0	0	115	39.2173913043478
A_NA_N1	816	116	T	0	0	114	39.3684210526316
A_NA_N1	817	116	A	0	0	114	38.7368421052632
A_NA_N1	818	116	A	0	0	116	39.6637931034483
A_NA_N1	819	116	T	0	0	116	39.551724137931
A_NA_N1	820	116	T	0	0	115	40.9913043478261
A_NA_N1	821	116	A	0	0	116	41.1293103448276
A_NA_N1	822	116	T	0	0	116	41.3534482758621
A_NA_N1	823	116	C	0	0	116	40.551724137931
A_NA_N1	824	116	A	0	0	116	40.9827586206897
A_NA_N1	825	116	C	0	0	116	39.6293103448276
A_NA_N1	826	116	T	0	0	116	40.4051724137931
A_NA_N1	827	116	A	0	0	116	39.2931034482759
A_NA_N1	828	116	T	0	0	116	39.2586206896552
A_NA_N1	829	116	G	0	0	116	37.9224137931034
A_NA_N1	830	116	A	0	0	116	38.5086206896552
A_NA_N1	831	116	A	0	0	115	38.5304347826087
A_NA_N1	832	116	G	0	0	115	39.5130434782609
A_NA_N1	833	115	A	1	0	115	39.8347826086957
A_NA_N1	834	115	A	1	0	115	39.104347826087
A_NA_N1	835	116	T	0	0	116	38.7758620689655
A_NA_N1	836	115	G	1	0	115	38.8869565217391
A_NA_N1	837	113	C	3	0	113	39.5929203539823
A_NA_N1	838	116	T	0	0	115	40.0521739130435
A_NA_N1	839	116	C	0	0	116	39.3879310344828
A_NA_N1	840	116	C	0	0	116	39.0689655172414
A_NA_N1	841	115	T	1	0	114	39.5438596491228
A_NA_N1	842	115	G	1	0	114	39.4298245614035
A_NA_N1	843	115	T	1	0	114	39.5614035087719
A_NA_N1	844	116	T	0	0	115	39.4260869565217
A_NA_N1	845	116	A	0	0	115	38.4260869565217
A_NA_N1	846	116	C	0	0	116	38.9396551724138
A_NA_N1	847	116	C	0	0	116	39.6637931034483
A_NA_N1	848	116	C	0	0	116	39.0603448275862
A_NA_N1	849	116	T	0	0	116	40.0862068965517
A_NA_N1	850	116	G	0	0	115	39.9478260869565
A_NA_N1	851	116	A	0	0	116	40.2931034482759
A_NA_N1	852	116	T	0	0	116	40.4396551724138
A_NA_N1	853	116	T	0	0	116	40.2931034482759
A_NA_N1	854	115	C	1	0	115	40.2260869565217
A_NA_N1	855	116	T	0	0	116	40.6120689655172
A_NA_N1	856	116	A	0	0	116	38.2931034482759
A_NA_N1	857	116	G	0	0	116	38.0689655172414
A_NA_N1	858	116	T	0	0	116	37.5431034482759
A_NA_N1	859	116	G	0	0	116	37.7068965517241
A_NA_N1	860	116	A	0	0	116	38.3275862068966
A_NA_N1	861	116	A	0	0	116	40.7586206896552
A_NA_N1	862	116	A	0	0	116	40.6120689655172
A_NA_N1	863	116	T	0	0	116	41.5086206896552
A_NA_N1	864	116	C	0	0	116	40.7327586206897
A_NA_N1	865	116	A	0	0	116	39.9310344827586
A_NA_N1	866	116	C	0	0	116	38.5689655172414
A_NA_N1	867	116	A	0	0	115	36.8869565217391
A_NA_N1	868	114	T	2	0	114	36.9385964912281
A_NA_N1	869	114	G	2	0	114	37.4649122807018
A_NA_N1	870	116	T	0	0	116	38.1206896551724
A_NA_N1	871	116	G	0	0	116	39.4568965517241
A_NA_N1	872	116	T	0	0	116	40.3965517241379
A_NA_N1	873	116	G	0	0	116	40.0689655172414
A_NA_N1	874	116	T	0	0	116	39.7327586206897
A_NA_N1	875	120	G	0	0	120	38.9583333333333
A_NA_N1	876	119	C	1	0	119	38.9159663865546
A_NA_N1	877	119	A	1	0	118	39.4915254237288
A_NA_N1	878	121	G	0	0	121	39.1735537190083
A_NA_N1	879	121	G	0	0	121	39.1818181818182
A_NA_N1	880	121	G	0	0	121	38.7190082644628
A_NA_N1	881	121	A	0	0	120	39.4333333333333
A_NA_N1	882	121	T	0	0	121	38.5123966942149
A_NA_N1	883	121	A	0	0	121	36.2148760330578
A_NA_N1	884	121	A	0	0	120	36.9916666666667
A_NA_N1	885	119	T	1	0	119	37.1680672268908
A_NA_N1	886	120	T	0	0	120	37.0833333333333
A_NA_N1	887	119	G	1	0	119	35.8571428571429
A_NA_N1	888	120	G	0	0	120	35.0166666666667
A_NA_N1	889	120	C	0	0	120	35.8583333333333
A_NA_N1	890	120	A	0	0	120	34.9333333333333
A_NA_N1	891	120	T	0	0	120	35.275
A_NA_N1	892	120	G	0	0	120	36.175
A_NA_N1	893	120	G	0	0	120	36.9083333333333
A_NA_N1	894	120	C	0	0	119	37.1848739495798
A_NA_N1	895	120	T	0	0	119	36.8823529411765
A_NA_N1	896	119	C	1	0	114	32.5350877192982
A_NA_N1	897	120	G	0	0	116	28.6465517241379
A_NA_N1	898	120	A	0	0	120	30.025
A_NA_N1	899	120	A	0	0	120	31.525
A_NA_N1	900	120	T	0	0	119	32.4033613445378
A_NA_N1	901	118	C	2	0	113	35.1504424778761
A_NA_N1	902	120	G	0	0	118	35.9067796610169
A_NA_N1	903	120	A	0	0	120	35.9916666666667
A_NA_N1	904	120	C	0	0	120	36.2833333333333
A_NA_N1	905	120	C	0	0	120	36.2916666666667
A_NA_N1	906	119	T	1	0	119	38.0084033613445
A_NA_N1	907	120	T	0	0	120	37.9333333333333
A_NA_N1	908	119	G	1	0	119	35.7563025210084
A_NA_N1	909	120	G	0	0	120	36.0083333333333
A_NA_N1	910	120	G	0	0	120	35.9916666666667
A_NA_N1	911	119	T	1	0	118	37.3983050847458
A_NA_N1	912	120	G	0	0	119	37.8151260504202
A_NA_N1	913	120	T	0	0	120	39.1583333333333
A_NA_N1	914	120	C	0	0	120	36.975
A_NA_N1	915	120	T	0	0	120	38.1416666666667
A_NA_N1	916	120	T	0	0	120	37.075
A_NA_N1	917	120	T	0	0	120	35.9833333333333
A_NA_N1	918	120	C	0	0	118	35.4152542372881
A_NA_N1	919	120	A	0	0	117	36.2820512820513
A_NA_N1	920	119	A	1	0	117	36.6752136752137
A_NA_N1	921	119	C	1	0	119	37.7058823529412
A_NA_N1	922	120	C	0	0	120	38.75
A_NA_N1	923	120	A	0	0	120	39.5583333333333
A_NA_N1	924	120	G	0	0	120	40.2416666666667
A_NA_N1	925	120	A	0	0	120	40.7583333333333
A_NA_N1	926	120	A	0	0	120	41.2666666666667
A_NA_N1	927	120	T	0	0	120	39.5666666666667
A_NA_N1	928	120	C	0	0	120	39.5
A_NA_N1	929	120	T	0	0	120	40.5
A_NA_N1	930	120	G	0	0	120	38.0416666666667
A_NA_N1	931	120	G	0	0	120	37.4
A_NA_N1	932	120	A	0	0	120	38.2333333333333
A_NA_N1	933	120	A	0	0	120	39.775
A_NA_N1	934	120	T	0	0	120	39.3083333333333
A_NA_N1	935	119	A	1	0	119	41.8823529411765
A_NA_N1	936	120	T	0	0	120	42.5666666666667
A_NA_N1	937	120	C	0	0	120	41.0583333333333
A_NA_N1	938	120	A	0	0	120	39.1166666666667
A_NA_N1	939	120	G	0	0	119	38.7394957983193
A_NA_N1	940	120	A	0	0	120	38.575
A_NA_N1	941	119	T	0	0	119	39.3109243697479
A_NA_N1	942	118	G	1	0	118	39.3135593220339
A_NA_N1	943	119	G	0	0	119	41.4621848739496
A_NA_N1	944	119	G	0	0	118	41.6186440677966
A_NA_N1	945	119	A	0	0	119	41.4789915966387
A_NA_N1	946	119	T	0	0	119	40.9159663865546
A_NA_N1	947	119	A	0	0	119	39.218487394958
A_NA_N1	948	119	C	0	0	119	40.2689075630252
A_NA_N1	949	119	A	0	0	119	39.2605042016807
A_NA_N1	950	119	T	0	0	119	39.8403361344538
A_NA_N1	951	119	A	0	0	119	38.4789915966387
A_NA_N1	952	119	T	0	0	119	37.2773109243698
A_NA_N1	953	119	G	0	0	119	37.2857142857143
A_NA_N1	954	119	C	0	0	119	36.4201680672269
A_NA_N1	955	119	A	0	0	119	34.8655462184874
A_NA_N1	956	119	G	0	0	119	34.3445378151261
A_NA_N1	957	119	T	0	0	118	35.6525423728814
A_NA_N1	958	118	G	1	0	118	34.3135593220339
A_NA_N1	959	118	G	1	0	118	35.6610169491525
A_NA_N1	960	119	G	0	0	119	36.6470588235294
A_NA_N1	961	119	G	0	0	119	34.9327731092437
A_NA_N1	962	117	T	2	0	116	35.7931034482759
A_NA_N1	963	119	T	0	0	119	34.5546218487395
A_NA_N1	964	119	T	0	0	119	36.0420168067227
A_NA_N1	965	119	T	0	0	119	34.1344537815126
A_NA_N1	966	116	C	3	0	113	32.4690265486726
A_NA_N1	967	118	G	1	0	115	31.5304347826087
A_NA_N1	968	118	G	1	0	114	31.4210526315789
A_NA_N1	969	119	A	0	0	119	31.4957983193277
A_NA_N1	970	119	G	0	0	117	32.9401709401709
A_NA_N1	971	119	A	0	0	117	36.0683760683761
A_NA_N1	972	118	C	1	0	118	37.6186440677966
A_NA_N1	973	118	A	0	0	118	36.4067796610169
A_NA_N1	974	118	A	0	0	118	36.9830508474576
A_NA_N1	975	118	T	0	0	118	38.1949152542373
A_NA_N1	976	118	C	0	0	118	38.6016949152542
A_NA_N1	977	118	C	0	0	118	39.9830508474576
A_NA_N1	978	118	A	0	0	118	39.6186440677966
A_NA_N1	979	118	C	0	0	118	39.5254237288136
A_NA_N1	980	118	G	0	0	118	38.9322033898305
A_NA_N1	981	118	C	0	0	118	40.1694915254237
A_NA_N1	982	118	C	0	0	118	39.9406779661017
A_NA_N1	983	117	C	1	0	117	39.4017094017094
A_NA_N1	984	116	T	2	0	115	40.3304347826087
A_NA_N1	985	118	A	0	0	118	39.8050847457627
A_NA_N1	986	118	A	0	0	118	40.1949152542373
A_NA_N1	987	118	T	0	0	116	40.2758620689655
A_NA_N1	988	118	G	0	0	117	38.7777777777778
A_NA_N1	989	118	A	0	0	118	38.8728813559322
A_NA_N1	990	118	T	0	0	118	39.7627118644068
A_NA_N1	991	118	A	0	0	117	38.5128205128205
A_NA_N1	992	117	A	1	0	116	40.0775862068966
A_NA_N1	993	117	G	1	0	117	39.7179487179487
A_NA_N1	994	118	A	0	0	117	40.2820512820513
A_NA_N1	995	118	C	0	0	118	40.2796610169492
A_NA_N1	996	119	A	0	0	119	39.7226890756302
A_NA_N1	997	118	G	1	0	118	39.8389830508475
A_NA_N1	998	119	G	0	0	119	38.5798319327731
A_NA_N1	999	119	C	0	0	118	38.9661016949153
A_NA_N1	1000	119	A	0	0	119	38.1512605042017
A_NA_N1	1001	119	G	0	0	119	37.9243697478992
A_NA_N1	1002	118	T	1	0	117	38.025641025641
A_NA_N1	1003	119	T	0	0	119	37.0168067226891
A_NA_N1	1004	119	G	0	0	119	36.8571428571429
A_NA_N1	1005	119	T	0	0	119	37.2941176470588
A_NA_N1	1006	119	G	0	0	117	36.5897435897436
A_NA_N1	1007	119	G	0	0	119	37.4873949579832
A_NA_N1	1008	118	C	1	0	118	37.6186440677966
A_NA_N1	1009	119	C	0	0	119	37.5714285714286
A_NA_N1	1010	119	C	0	0	119	38.5126050420168
A_NA_N1	1011	118	A	1	0	118	39.5508474576271
A_NA_N1	1012	117	G	2	0	117	39.3418803418803
A_NA_N1	1013	117	T	2	0	117	39.1965811965812
A_NA_N1	1014	119	A	0	0	118	39.8813559322034
A_NA_N1	1015	119	T	0	0	118	40.4406779661017
A_NA_N1	1016	119	C	0	0	117	39.3846153846154
A_NA_N1	1017	119	G	0	0	118	37.9152542372881
A_NA_N1	1018	119	T	0	0	119	38.0756302521008
A_NA_N1	1019	119	C	0	0	119	37.5714285714286
A_NA_N1	1020	119	T	0	0	118	37.9152542372881
A_NA_N1	1021	119	A	0	0	119	39.6302521008403
A_NA_N1	1022	119	A	0	0	119	39.4873949579832
A_NA_N1	1023	119	T	0	0	119	39.6470588235294
A_NA_N1	1024	119	G	0	0	119	40.3529411764706
A_NA_N1	1025	119	G	0	0	119	41.2100840336134
A_NA_N1	1026	119	A	0	0	118	40.3135593220339
A_NA_N1	1027	119	G	0	0	119	39.6302521008403
A_NA_N1	1028	119	C	0	0	119	41.2689075630252
A_NA_N1	1029	118	A	1	0	118	41.3728813559322
A_NA_N1	1030	119	A	0	0	119	40.3109243697479
A_NA_N1	1031	119	A	0	0	119	41.1176470588235
A_NA_N1	1032	119	T	0	0	119	42.2268907563025
A_NA_N1	1033	119	G	0	0	119	40.8991596638655
A_NA_N1	1034	119	G	0	0	119	40.436974789916
A_NA_N1	1035	118	G	1	0	118	41.0508474576271
A_NA_N1	1036	118	G	1	0	118	41.0338983050847
A_NA_N1	1037	118	T	1	0	118	40.4491525423729
A_NA_N1	1038	118	A	1	0	118	40.2966101694915
A_NA_N1	1039	119	A	0	0	119	41.1260504201681
A_NA_N1	1040	119	A	0	0	119	41.4117647058824
A_NA_N1	1041	119	G	0	0	119	39.8403361344538
A_NA_N1	1042	119	G	0	0	119	39.1428571428571
A_NA_N1	1043	119	G	0	0	118	39.635593220339
A_NA_N1	1044	119	A	0	0	118	37.7457627118644
A_NA_N1	1045	118	T	1	0	118	37.8898305084746
A_NA_N1	1046	119	T	0	0	119	37.0840336134454
A_NA_N1	1047	119	T	0	0	119	37.7142857142857
A_NA_N1	1048	119	T	0	0	118	39.0847457627119
A_NA_N1	1049	119	C	0	0	118	38.3898305084746
A_NA_N1	1050	119	A	0	0	119	39.1176470588235
A_NA_N1	1051	119	T	0	0	118	39.728813559322
A_NA_N1	1052	119	T	0	0	119	39.0504201680672
A_NA_N1	1053	119	C	0	0	119	39.436974789916
A_NA_N1	1054	119	A	0	0	119	39.9747899159664
A_NA_N1	1055	119	A	0	0	119	40.6890756302521
A_NA_N1	1056	119	A	0	0	119	41.2773109243698
A_NA_N1	1057	119	T	0	0	119	40.8235294117647
A_NA_N1	1058	119	A	0	0	119	39.6302521008403
A_NA_N1	1059	119	C	0	0	119	39.1008403361345
A_NA_N1	1060	119	G	0	0	119	37.9915966386555
A_NA_N1	1061	119	G	0	0	119	37.8151260504202
A_NA_N1	1062	119	C	0	0	119	37.0588235294118
A_NA_N1	1063	119	A	0	0	119	37.3109243697479
A_NA_N1	1064	118	A	1	0	118	38.2881355932203
A_NA_N1	1065	118	T	1	0	118	38.6864406779661
A_NA_N1	1066	120	G	0	0	119	37.3781512605042
A_NA_N1	1067	120	G	0	0	119	37.672268907563
A_NA_N1	1068	120	T	0	0	118	38.6271186440678
A_NA_N1	1069	120	G	0	0	120	37.975
A_NA_N1	1070	120	T	0	0	120	38.4333333333333
A_NA_N1	1071	120	T	0	0	120	36.8833333333333
A_NA_N1	1072	120	T	0	0	120	36.9
A_NA_N1	1073	120	G	0	0	118	35.6694915254237
A_NA_N1	1074	120	G	0	0	119	35.5714285714286
A_NA_N1	1075	120	A	0	0	120	35.3416666666667
A_NA_N1	1076	120	T	0	0	119	36.1512605042017
A_NA_N1	1077	120	A	0	0	119	36.6218487394958
A_NA_N1	1078	119	G	1	0	119	38.8823529411765
A_NA_N1	1079	120	G	0	0	120	39.3333333333333
A_NA_N1	1080	120	G	0	0	120	38.775
A_NA_N1	1081	120	A	0	0	120	38.125
A_NA_N1	1082	119	G	1	0	119	38.8235294117647
A_NA_N1	1083	117	A	3	0	117	38.3504273504274
A_NA_N1	1084	120	A	0	0	118	38.0169491525424
A_NA_N1	1085	120	C	0	0	119	36.1008403361345
A_NA_N1	1086	120	T	0	0	118	35.6440677966102
A_NA_N1	1087	117	A	3	0	116	35.6293103448276
A_NA_N1	1088	120	A	0	0	120	35.7916666666667
A_NA_N1	1089	120	G	0	0	120	34.6416666666667
A_NA_N1	1090	120	A	0	0	120	36.275
A_NA_N1	1091	120	G	0	0	120	37.9583333333333
A_NA_N1	1092	120	C	0	0	120	39.0333333333333
A_NA_N1	1093	120	A	0	0	120	37.9583333333333
A_NA_N1	1094	120	T	0	0	120	40.6083333333333
A_NA_N1	1095	120	T	0	0	120	40.4916666666667
A_NA_N1	1096	120	A	0	0	119	38.2268907563025
A_NA_N1	1097	120	G	0	0	119	38.4201680672269
A_NA_N1	1098	120	T	0	0	120	39.1916666666667
A_NA_N1	1099	119	T	1	0	119	39.2857142857143
A_NA_N1	1100	118	C	2	0	116	38.448275862069
A_NA_N1	1101	120	A	0	0	119	37.8823529411765
A_NA_N1	1102	120	A	0	0	120	36.8416666666667
A_NA_N1	1103	120	G	0	0	120	36.575
A_NA_N1	1104	120	A	0	0	120	37.1916666666667
A_NA_N1	1105	120	A	0	0	120	37.8583333333333
A_NA_N1	1106	120	A	0	0	120	39.5416666666667
A_NA_N1	1107	120	A	0	0	120	41.3333333333333
A_NA_N1	1108	119	G	1	0	119	40.7394957983193
A_NA_N1	1109	120	G	0	0	120	39.7
A_NA_N1	1110	120	T	0	0	120	39.625
A_NA_N1	1111	120	T	0	0	119	38.6386554621849
A_NA_N1	1112	120	T	0	0	119	39.5294117647059
A_NA_N1	1113	120	T	0	0	120	38.7083333333333
A_NA_N1	1114	120	G	0	0	120	38.975
A_NA_N1	1115	120	A	0	0	120	40.1833333333333
A_NA_N1	1116	120	G	0	0	120	39.25
A_NA_N1	1117	120	A	0	0	120	38.375
A_NA_N1	1118	120	T	0	0	120	39.2083333333333
A_NA_N1	1119	120	G	0	0	119	38.3445378151261
A_NA_N1	1120	120	A	0	0	120	38.3916666666667
A_NA_N1	1121	120	T	0	0	120	38.0916666666667
A_NA_N1	1122	120	T	0	0	120	38.475
A_NA_N1	1123	120	T	0	0	120	38.55
A_NA_N1	1124	119	G	1	0	118	36.4322033898305
A_NA_N1	1125	120	G	0	0	119	37.6302521008403
A_NA_N1	1126	120	G	0	0	119	37.5966386554622
A_NA_N1	1127	120	A	0	0	120	36.5583333333333
A_NA_N1	1128	120	T	0	0	119	37.6554621848739
A_NA_N1	1129	120	C	0	0	118	36.8389830508475
A_NA_N1	1130	120	C	0	0	118	35.8474576271186
A_NA_N1	1131	119	G	1	0	118	34.6525423728814
A_NA_N1	1132	120	A	0	0	120	33.7083333333333
A_NA_N1	1133	120	A	0	0	120	33.0916666666667
A_NA_N1	1134	120	T	0	0	120	33.7916666666667
A_NA_N1	1135	120	G	0	0	120	33.9083333333333
A_NA_N1	1136	120	G	0	0	120	34.6666666666667
A_NA_N1	1137	120	A	0	0	119	35.1596638655462
A_NA_N1	1138	120	T	0	0	120	35.8666666666667
A_NA_N1	1139	119	G	1	0	118	34.9830508474576
A_NA_N1	1140	120	G	0	0	119	35.5714285714286
A_NA_N1	1141	120	A	0	0	120	35.9583333333333
A_NA_N1	1142	120	C	0	0	119	35.9663865546218
A_NA_N1	1143	119	T	1	0	118	36.2796610169492
A_NA_N1	1144	120	G	0	0	120	35.6416666666667
A_NA_N1	1145	120	G	0	0	120	36.2583333333333
A_NA_N1	1146	120	G	0	0	120	37.1416666666667
A_NA_N1	1147	120	A	0	0	120	38.6166666666667
A_NA_N1	1148	118	C	2	0	117	38.5897435897436
A_NA_N1	1149	120	T	0	0	120	38.0416666666667
A_NA_N1	1150	119	G	1	0	119	37.4621848739496
A_NA_N1	1151	119	A	1	0	119	37.1680672268908
A_NA_N1	1152	119	C	1	0	119	37.7563025210084
A_NA_N1	1153	119	A	1	0	119	37.3445378151261
A_NA_N1	1154	120	A	0	0	120	40.0916666666667
A_NA_N1	1155	120	T	0	0	120	39.85
A_NA_N1	1156	120	A	0	0	120	39.3916666666667
A_NA_N1	1157	120	A	0	0	119	39.5210084033613
A_NA_N1	1158	120	A	0	0	120	39.0083333333333
A_NA_N1	1159	120	T	0	0	120	37.7916666666667
A_NA_N1	1160	120	T	0	0	120	38.1583333333333
A_NA_N1	1161	120	C	0	0	120	37.9
A_NA_N1	1162	120	T	0	0	120	38.1833333333333
A_NA_N1	1163	119	C	1	0	118	36.9915254237288
A_NA_N1	1164	118	A	2	0	118	34.5338983050847
A_NA_N1	1165	120	A	1	0	120	35.1333333333333
A_NA_N1	1166	120	A	1	0	120	35.2333333333333
A_NA_N1	1167	120	A	1	0	120	35.4666666666667
A_NA_N1	1168	121	A	0	0	121	42.5371900826446
A_NA_N1	1169	121	A	0	0	121	41.5289256198347
A_NA_N1	1170	121	G	0	0	121	40.2479338842975
A_NA_N1	1171	121	C	0	0	121	39.0578512396694
A_NA_N1	1172	121	A	0	0	121	38.7107438016529
A_NA_N1	1173	121	A	0	0	121	37.4462809917355
A_NA_N1	1174	121	G	0	0	121	37.9917355371901
A_NA_N1	1175	121	A	0	0	121	38.2148760330578
A_NA_N1	1176	121	T	0	0	121	39.3140495867769
A_NA_N1	1177	121	A	0	0	121	36.6859504132231
A_NA_N1	1178	121	T	0	0	121	37.8429752066116
A_NA_N1	1179	121	T	0	0	121	37.8760330578512
A_NA_N1	1180	121	G	0	0	121	37.6115702479339
A_NA_N1	1181	120	T	1	0	120	37.95
A_NA_N1	1182	121	A	0	0	121	37.4545454545455
A_NA_N1	1183	121	G	0	0	121	38.8347107438017
A_NA_N1	1184	121	G	0	0	121	39.1818181818182
A_NA_N1	1185	121	G	0	0	120	39.4083333333333
A_NA_N1	1186	121	A	0	0	121	40.3471074380165
A_NA_N1	1187	121	T	0	0	121	40.5785123966942
A_NA_N1	1188	120	A	1	0	119	39.1344537815126
A_NA_N1	1189	120	A	1	0	119	39.7394957983193
A_NA_N1	1190	121	A	0	0	121	39.0909090909091
A_NA_N1	1191	121	T	0	0	120	40.2583333333333
A_NA_N1	1192	121	G	0	0	120	37
A_NA_N1	1193	121	A	0	0	121	37
A_NA_N1	1194	121	G	0	0	121	36.0495867768595
A_NA_N1	1195	121	T	0	0	121	36.5537190082645
A_NA_N1	1196	121	G	0	0	121	35.297520661157
A_NA_N1	1197	121	G	0	0	121	38.4462809917355
A_NA_N1	1198	121	T	0	0	121	37.9669421487603
A_NA_N1	1199	121	C	0	0	120	36.5583333333333
A_NA_N1	1200	121	A	0	0	120	36.4
A_NA_N1	1201	120	G	1	0	120	37.1916666666667
A_NA_N1	1202	120	G	0	0	119	38.2352941176471
A_NA_N1	1203	120	G	0	0	119	38.7142857142857
A_NA_N1	1204	120	T	0	0	120	39.15
A_NA_N1	1205	120	A	0	0	120	38.9583333333333
A_NA_N1	1206	120	T	0	0	120	39.1
A_NA_N1	1207	119	A	1	0	119	38.109243697479
A_NA_N1	1208	118	G	2	0	118	37.5254237288136
A_NA_N1	1209	118	C	2	0	118	37.0762711864407
A_NA_N1	1210	118	G	2	0	117	35.974358974359
A_NA_N1	1211	119	G	2	0	119	36.4789915966387
A_NA_N1	1212	119	G	2	0	118	36.0423728813559
A_NA_N1	1213	119	A	2	0	119	38.2521008403361
A_NA_N1	1214	119	G	2	0	118	39.5169491525424
A_NA_N1	1215	119	T	2	0	118	40.3389830508475
A_NA_N1	1216	118	T	3	0	118	40.3474576271186
A_NA_N1	1217	118	T	3	0	118	40.5084745762712
A_NA_N1	1218	118	T	3	0	118	40.6610169491525
A_NA_N1	1219	119	G	2	0	119	38.0504201680672
A_NA_N1	1220	121	T	1	0	121	37.4628099173554
A_NA_N1	1221	122	T	0	0	120	35.9583333333333
A_NA_N1	1222	122	C	0	0	119	30.8403361344538
A_NA_N1	1223	122	A	0	0	122	30.3688524590164
A_NA_N1	1224	122	G	0	0	122	32.8114754098361
A_NA_N1	1225	122	C	0	0	122	35.2704918032787
A_NA_N1	1226	122	A	0	0	122	35.9836065573771
A_NA_N1	1227	122	T	0	0	122	38.2213114754098
A_NA_N1	1228	122	C	0	0	122	37.5819672131148
A_NA_N1	1229	122	C	0	0	121	39.2231404958678
A_NA_N1	1230	122	A	0	0	121	37.7603305785124
A_NA_N1	1231	122	G	0	0	121	38.6363636363636
A_NA_N1	1232	122	A	0	0	122	40.0491803278689
A_NA_N1	1233	122	A	0	0	122	40.9508196721311
A_NA_N1	1234	122	C	0	0	122	40.5901639344262
A_NA_N1	1235	122	T	0	0	122	40.5
A_NA_N1	1236	122	A	0	0	122	40.0901639344262
A_NA_N1	1237	122	A	0	0	122	40.155737704918
A_NA_N1	1238	122	C	0	0	122	40.2704918032787
A_NA_N1	1239	122	A	0	0	121	39.8512396694215
A_NA_N1	1240	122	G	0	0	121	39.8760330578512
A_NA_N1	1241	122	G	0	0	122	39.9590163934426
A_NA_N1	1242	122	G	0	0	122	40.0327868852459
A_NA_N1	1243	122	C	0	0	122	39.8934426229508
A_NA_N1	1244	122	T	0	0	122	40.1147540983607
A_NA_N1	1245	122	G	0	0	121	38.5206611570248
A_NA_N1	1246	121	A	1	0	121	40.2561983471074
A_NA_N1	1247	121	A	1	0	121	39.9752066115703
A_NA_N1	1248	121	T	1	0	121	41.0661157024793
A_NA_N1	1249	121	T	1	0	121	41.1074380165289
A_NA_N1	1250	122	G	0	0	122	40.5819672131148
A_NA_N1	1251	122	T	0	0	122	41.1393442622951
A_NA_N1	1252	122	A	0	0	121	39.5537190082645
A_NA_N1	1253	122	T	0	0	121	39.0909090909091
A_NA_N1	1254	120	A	2	0	118	38.5762711864407
A_NA_N1	1255	122	A	0	0	122	37.4262295081967
A_NA_N1	1256	122	G	0	0	122	36.5737704918033
A_NA_N1	1257	122	A	0	0	122	36.6803278688525
A_NA_N1	1258	122	C	0	0	122	38.1803278688525
A_NA_N1	1259	122	C	0	0	122	37.5245901639344
A_NA_N1	1260	122	T	0	0	122	38.4426229508197
A_NA_N1	1261	122	T	0	0	122	37.9508196721311
A_NA_N1	1262	122	G	0	0	122	36.5655737704918
A_NA_N1	1263	122	C	0	0	122	35.4180327868852
A_NA_N1	1264	122	T	0	0	122	38.1065573770492
A_NA_N1	1265	122	T	0	0	122	38.1475409836066
A_NA_N1	1266	123	C	0	0	123	36.4146341463415
A_NA_N1	1267	123	T	0	0	123	37.2357723577236
A_NA_N1	1268	123	G	0	0	123	35.9105691056911
A_NA_N1	1269	123	G	0	0	123	36.3658536585366
A_NA_N1	1270	123	G	0	0	123	37.0162601626016
A_NA_N1	1271	123	T	0	0	123	38.3252032520325
A_NA_N1	1272	123	T	0	0	123	39.4471544715447
A_NA_N1	1273	123	G	0	0	123	37.390243902439
A_NA_N1	1274	123	A	0	0	122	37.5573770491803
A_NA_N1	1275	123	A	0	0	123	37.5772357723577
A_NA_N1	1276	122	C	1	0	120	37.3166666666667
A_NA_N1	1277	122	T	1	0	122	37.2131147540984
A_NA_N1	1278	123	A	0	0	122	36.4262295081967
A_NA_N1	1279	123	A	0	0	123	36.1219512195122
A_NA_N1	1280	123	T	0	0	122	32.7459016393443
A_NA_N1	1281	122	A	1	0	121	31.6115702479339
A_NA_N1	1282	123	A	0	0	122	30.2295081967213
A_NA_N1	1283	123	G	0	0	122	28.4180327868852
A_NA_N1	1284	123	A	0	0	122	29.2049180327869
A_NA_N1	1285	123	G	0	0	123	32.3739837398374
A_NA_N1	1286	123	G	0	0	123	34.1869918699187
A_NA_N1	1287	123	A	0	0	123	33.520325203252
A_NA_N1	1288	123	C	0	0	123	35.0243902439024
A_NA_N1	1289	123	G	0	0	120	31.0083333333333
A_NA_N1	1290	123	A	0	0	123	31.2764227642276
A_NA_N1	1291	123	C	0	0	123	31.8780487804878
A_NA_N1	1292	123	C	0	0	123	32.3252032520325
A_NA_N1	1293	122	C	1	0	122	32.1311475409836
A_NA_N1	1294	121	G	2	0	119	33.1176470588235
A_NA_N1	1295	123	A	0	0	123	33.9674796747967
A_NA_N1	1296	123	A	0	0	122	35.6639344262295
A_NA_N1	1297	123	G	0	0	122	35.344262295082
A_NA_N1	1298	123	A	0	0	123	36.3821138211382
A_NA_N1	1299	123	G	0	0	121	38.2809917355372
A_NA_N1	1300	121	A	2	0	121	38.6115702479339
A_NA_N1	1301	123	A	0	0	123	38.219512195122
A_NA_N1	1302	122	C	1	0	122	39.0573770491803
A_NA_N1	1303	123	A	0	0	123	38.2520325203252
A_NA_N1	1304	123	C	0	0	123	38.5284552845528
A_NA_N1	1305	123	A	0	0	123	39.1463414634146
A_NA_N1	1306	123	A	0	0	122	38.4426229508197
A_NA_N1	1307	123	T	0	0	122	37.5245901639344
A_NA_N1	1308	123	C	0	0	123	38.6422764227642
A_NA_N1	1309	123	T	0	0	123	40.6991869918699
A_NA_N1	1310	123	G	0	0	123	40.0162601626016
A_NA_N1	1311	123	G	0	0	122	40.2950819672131
A_NA_N1	1312	123	A	0	0	123	40.2682926829268
A_NA_N1	1313	123	C	0	0	123	40.2845528455285
A_NA_N1	1314	123	T	0	0	123	39.9918699186992
A_NA_N1	1315	123	A	0	0	123	39.4390243902439
A_NA_N1	1316	123	G	0	0	123	40.130081300813
A_NA_N1	1317	123	C	0	0	123	40.0650406504065
A_NA_N1	1318	124	G	0	0	124	39.2822580645161
A_NA_N1	1319	124	G	0	0	123	39.4227642276423
A_NA_N1	1320	124	G	0	0	123	39.7317073170732
A_NA_N1	1321	124	A	0	0	124	40.1935483870968
A_NA_N1	1322	124	G	0	0	124	40.6935483870968
A_NA_N1	1323	124	C	0	0	123	41.7723577235772
A_NA_N1	1324	124	A	0	0	123	40.6829268292683
A_NA_N1	1325	124	G	0	0	123	41.7479674796748
A_NA_N1	1326	124	C	0	0	124	40.8951612903226
A_NA_N1	1327	124	A	0	0	124	41.0725806451613
A_NA_N1	1328	124	T	0	0	124	41.3951612903226
A_NA_N1	1329	124	A	0	0	123	40.5934959349593
A_NA_N1	1330	124	T	0	0	124	40.6290322580645
A_NA_N1	1331	123	C	1	0	123	39.5284552845528
A_NA_N1	1332	123	C	1	0	123	39.4146341463415
A_NA_N1	1333	123	T	1	0	122	39.6229508196721
A_NA_N1	1334	124	T	0	0	124	40.1209677419355
A_NA_N1	1335	124	T	0	0	124	43.4112903225806
A_NA_N1	1336	124	T	0	0	124	43.4758064516129
A_NA_N1	1337	124	G	0	0	124	41.0161290322581
A_NA_N1	1338	124	T	0	0	124	42.4354838709677
A_NA_N1	1339	124	G	0	0	124	41.8306451612903
A_NA_N1	1340	124	G	0	0	124	41.6532258064516
A_NA_N1	1341	124	T	0	0	124	41.2983870967742
A_NA_N1	1342	124	G	0	0	123	41.3252032520325
A_NA_N1	1343	124	T	0	0	124	41.2258064516129
A_NA_N1	1344	124	A	0	0	124	40.25
A_NA_N1	1345	124	G	0	0	123	39.8373983739837
A_NA_N1	1346	124	A	0	0	123	39.0243902439024
A_NA_N1	1347	124	C	0	0	124	38.8790322580645
A_NA_N1	1348	124	A	0	0	123	38.0813008130081
A_NA_N1	1349	124	G	0	0	124	38.7983870967742
A_NA_N1	1350	124	T	0	0	124	39.1290322580645
A_NA_N1	1351	124	G	0	0	124	39.3145161290323
A_NA_N1	1352	124	A	0	0	124	39.2016129032258
A_NA_N1	1353	124	C	0	0	124	39.5161290322581
A_NA_N1	1354	124	A	0	0	124	38.5725806451613
A_NA_N1	1355	124	T	0	0	124	38.2903225806452
A_NA_N1	1356	124	T	0	0	124	38.0887096774194
A_NA_N1	1357	124	A	0	0	124	37.1693548387097
A_NA_N1	1358	124	T	0	0	124	37.7338709677419
A_NA_N1	1359	124	G	0	0	124	37.2338709677419
A_NA_N1	1360	124	G	0	0	124	38.2096774193548
A_NA_N1	1361	124	G	0	0	124	36.7822580645161
A_NA_N1	1362	124	T	0	0	124	37.6693548387097
A_NA_N1	1363	124	T	0	0	124	37.4193548387097
A_NA_N1	1364	124	G	0	0	124	37.0645161290323
A_NA_N1	1365	124	G	0	0	124	37.008064516129
A_NA_N1	1366	123	T	1	0	122	38.4180327868852
A_NA_N1	1367	123	C	1	0	122	37.7704918032787
A_NA_N1	1368	124	T	0	0	123	38.2439024390244
A_NA_N1	1369	124	T	0	0	124	38.1209677419355
A_NA_N1	1370	124	G	0	0	124	35.7258064516129
A_NA_N1	1371	123	G	1	0	123	36.1382113821138
A_NA_N1	1372	123	C	1	0	123	37.0081300813008
A_NA_N1	1373	123	C	1	0	122	36.9918032786885
A_NA_N1	1374	124	A	0	0	124	37.4838709677419
A_NA_N1	1375	124	G	0	0	123	39.0325203252033
A_NA_N1	1376	124	A	0	0	123	39.2113821138211
A_NA_N1	1377	124	C	0	0	124	40.0806451612903
A_NA_N1	1378	123	G	1	0	123	39.3658536585366
A_NA_N1	1379	123	G	1	0	123	39.4227642276423
A_NA_N1	1380	123	T	1	0	123	39.390243902439
A_NA_N1	1381	123	G	1	0	123	38.780487804878
A_NA_N1	1382	123	C	1	0	123	39.7073170731707
A_NA_N1	1383	123	T	1	0	123	40.1788617886179
A_NA_N1	1384	124	G	0	0	124	36.991935483871
A_NA_N1	1385	124	A	0	0	123	36.9024390243902
A_NA_N1	1386	124	G	0	0	124	36.6854838709677
A_NA_N1	1387	124	T	0	0	124	35.6612903225806
A_NA_N1	1388	124	T	0	0	124	35.8064516129032
A_NA_N1	1389	124	G	0	0	124	37.0483870967742
A_NA_N1	1390	123	C	1	0	123	37.6666666666667
A_NA_N1	1391	123	C	1	0	123	38.7317073170732
A_NA_N1	1392	123	A	1	0	123	40.0325203252033
A_NA_N1	1393	123	T	1	0	123	41.3658536585366
A_NA_N1	1394	123	T	1	0	123	41.479674796748
A_NA_N1	1395	123	C	1	0	123	40.7642276422764
A_NA_N1	1396	123	A	1	0	123	41.130081300813
A_NA_N1	1397	124	C	0	0	124	40.3306451612903
A_NA_N1	1398	124	C	0	0	124	40.4838709677419
A_NA_N1	1399	124	A	0	0	124	40.8145161290323
A_NA_N1	1400	123	T	1	0	123	40.479674796748
A_NA_N1	1401	124	T	0	0	124	40.7338709677419
A_NA_N1	1402	124	G	0	0	122	40.5737704918033
A_NA_N1	1403	123	A	0	0	123	40.7560975609756
A_NA_N1	1404	122	C	0	0	122	40.4754098360656
A_NA_N1	1405	122	A	0	0	122	39.0573770491803
A_NA_N1	1406	122	A	0	0	122	39.2786885245902
A_NA_N1	1407	122	T	0	0	122	39.0655737704918
A_NA_N1	1408	122	T	0	0	122	40.1147540983607
A_NA_N1	1409	122	A	0	0	122	39.827868852459
A_NA_N1	1410	122	A	0	0	122	38.5491803278689
