Reference_Name	Position	Coverage Depth	Consensus	Deletions	Ambiguous	Consensus_Count	Consensus_Average_Quality
A_PB1	1	30	A	0	0	30	40.3666666666667
A_PB1	2	30	T	0	0	30	39.9666666666667
A_PB1	3	30	G	0	0	30	38.8333333333333
A_PB1	4	30	G	0	0	30	38.7
A_PB1	5	30	A	0	0	30	38.0333333333333
A_PB1	6	30	T	0	0	30	38.8666666666667
A_PB1	7	30	G	0	0	30	38.1
A_PB1	8	30	T	0	0	30	39.8333333333333
A_PB1	9	30	C	0	0	30	36.8666666666667
A_PB1	10	30	A	0	0	29	35.6896551724138
A_PB1	11	30	A	0	0	30	34.0333333333333
A_PB1	12	30	T	0	0	30	35.7666666666667
A_PB1	13	30	C	0	0	30	34.4
A_PB1	14	30	C	0	0	30	33.5666666666667
A_PB1	15	30	G	0	0	29	33.8275862068966
A_PB1	16	30	A	0	0	30	32.7
A_PB1	17	29	C	1	0	29	33.8965517241379
A_PB1	18	29	T	1	0	29	32.5172413793103
A_PB1	19	30	C	0	0	29	34.7241379310345
A_PB1	20	30	T	0	0	30	36.0666666666667
A_PB1	21	30	A	0	0	30	36.1
A_PB1	22	30	C	0	0	30	36.7333333333333
A_PB1	23	30	T	0	0	30	34.6333333333333
A_PB1	24	30	T	0	0	30	34.4333333333333
A_PB1	25	30	T	0	0	30	36.6666666666667
A_PB1	26	30	T	0	0	30	34.3333333333333
A_PB1	27	30	C	0	0	30	33.9333333333333
A_PB1	28	30	C	0	0	30	36.3666666666667
A_PB1	29	30	T	0	0	30	36.0333333333333
A_PB1	30	29	A	1	0	29	35.2758620689655
A_PB1	31	30	A	0	0	30	36.5666666666667
A_PB1	32	30	A	0	0	30	36.6
A_PB1	33	30	A	0	0	30	37.2666666666667
A_PB1	34	30	A	0	0	30	38.4333333333333
A_PB1	35	30	T	0	0	29	38.3448275862069
A_PB1	36	30	T	0	0	30	37.0666666666667
A_PB1	37	30	C	0	0	30	36.7666666666667
A_PB1	38	30	C	0	0	30	36.5333333333333
A_PB1	39	30	A	0	0	30	37.2333333333333
A_PB1	40	30	G	0	0	30	39.6
A_PB1	41	30	C	0	0	30	39.6666666666667
A_PB1	42	30	A	0	0	30	39.6333333333333
A_PB1	43	30	C	0	0	30	40.7666666666667
A_PB1	44	30	A	0	0	30	40.6
A_PB1	45	30	A	0	0	30	41.3333333333333
A_PB1	46	30	A	0	0	30	41.6666666666667
A_PB1	47	30	A	0	0	29	42.0344827586207
A_PB1	48	30	T	0	0	30	42.5
A_PB1	49	30	G	0	0	30	41.6666666666667
A_PB1	50	30	C	0	0	30	40.2
A_PB1	51	30	C	0	0	30	39.6
A_PB1	52	30	A	0	0	30	39.7333333333333
A_PB1	53	30	T	0	0	30	39.6333333333333
A_PB1	54	30	A	0	0	30	39.6
A_PB1	55	30	A	0	0	30	39.0333333333333
A_PB1	56	30	G	0	0	30	39.2
A_PB1	57	30	C	0	0	30	39.8333333333333
A_PB1	58	30	A	0	0	30	39.1333333333333
A_PB1	59	30	C	0	0	30	40.8
A_PB1	60	30	C	0	0	30	40.3333333333333
A_PB1	61	30	A	0	0	30	39.7666666666667
A_PB1	62	30	C	0	0	30	39.0333333333333
A_PB1	63	30	A	0	0	30	38.8333333333333
A_PB1	64	30	T	0	0	30	40.5666666666667
A_PB1	65	30	T	0	0	30	39.1666666666667
A_PB1	66	30	C	0	0	30	38.9333333333333
A_PB1	67	30	C	0	0	30	39.8666666666667
A_PB1	68	30	C	0	0	30	40.4
A_PB1	69	30	T	0	0	30	38.5666666666667
A_PB1	70	30	T	0	0	30	40.1333333333333
A_PB1	71	30	A	0	0	30	38.1666666666667
A_PB1	72	30	T	0	0	30	39
A_PB1	73	30	A	0	0	30	36.2666666666667
A_PB1	74	30	C	0	0	30	36.2666666666667
A_PB1	75	30	T	0	0	30	36.0666666666667
A_PB1	76	29	G	1	0	29	37.4827586206897
A_PB1	77	30	G	0	0	30	36.6333333333333
A_PB1	78	30	A	0	0	30	37.1333333333333
A_PB1	79	30	G	0	0	30	37.7333333333333
A_PB1	80	30	A	0	0	30	38.1666666666667
A_PB1	81	30	T	0	0	30	39.3666666666667
A_PB1	82	30	C	0	0	30	38.1333333333333
A_PB1	83	30	C	0	0	30	38.3666666666667
A_PB1	84	30	T	0	0	30	39.4333333333333
A_PB1	85	30	C	0	0	29	39.8275862068966
A_PB1	86	30	C	0	0	30	39
A_PB1	87	30	A	0	0	30	39.0333333333333
A_PB1	88	30	T	0	0	30	38.7333333333333
A_PB1	89	30	A	0	0	30	39.3
A_PB1	90	30	C	0	0	30	39.8333333333333
A_PB1	91	30	A	0	0	30	39.8333333333333
A_PB1	92	30	G	0	0	30	40.1333333333333
A_PB1	93	30	C	0	0	30	41.7333333333333
A_PB1	94	30	C	0	0	30	39.9666666666667
A_PB1	95	30	A	0	0	30	40.7333333333333
A_PB1	96	30	T	0	0	30	40.3666666666667
A_PB1	97	30	G	0	0	30	37.5333333333333
A_PB1	98	30	G	0	0	30	38.7
A_PB1	99	30	A	0	0	30	39.1
A_PB1	100	30	A	0	0	30	38.1333333333333
A_PB1	101	30	C	0	0	30	38.7333333333333
A_PB1	102	30	A	0	0	30	38.6666666666667
A_PB1	103	29	G	1	0	29	39.0344827586207
A_PB1	104	29	G	1	0	29	38.0344827586207
A_PB1	105	29	A	1	0	29	37.5172413793103
A_PB1	106	30	A	0	0	30	36.5
A_PB1	107	30	C	0	0	29	36.8965517241379
A_PB1	108	30	A	0	0	30	36.1666666666667
A_PB1	109	30	G	0	0	30	37.8
A_PB1	110	30	G	0	0	30	37.0666666666667
A_PB1	111	30	A	0	0	30	37.3
A_PB1	112	30	T	0	0	30	36.2
A_PB1	113	30	A	0	0	30	36.4333333333333
A_PB1	114	30	C	0	0	30	36.9333333333333
A_PB1	115	30	A	0	0	30	37.5333333333333
A_PB1	116	30	C	0	0	30	37.9
A_PB1	117	30	C	0	0	30	38
A_PB1	118	30	A	0	0	30	38.1
A_PB1	119	30	T	0	0	30	38.1
A_PB1	120	30	G	0	0	30	37.9
A_PB1	121	30	G	0	0	30	40.0666666666667
A_PB1	122	30	A	0	0	30	38.2
A_PB1	123	30	C	0	0	30	38.4333333333333
A_PB1	124	30	A	0	0	30	38.2
A_PB1	125	30	C	0	0	29	39.5862068965517
A_PB1	126	30	A	0	0	30	37.3666666666667
A_PB1	127	30	G	0	0	30	35.1333333333333
A_PB1	128	30	T	0	0	30	35.1
A_PB1	129	28	A	0	0	28	34.0357142857143
A_PB1	130	28	A	0	0	28	34.1428571428571
A_PB1	131	28	A	0	0	28	34.25
A_PB1	132	26	C	0	0	26	37.4615384615385
A_PB1	133	26	A	0	0	26	39.3461538461538
A_PB1	134	26	G	0	0	26	37.6923076923077
A_PB1	135	26	A	0	0	26	39.8846153846154
A_PB1	136	26	A	0	0	26	39.9615384615385
A_PB1	137	26	C	0	0	26	39.5769230769231
A_PB1	138	26	A	0	0	26	38.9615384615385
A_PB1	139	26	C	0	0	26	39.7307692307692
A_PB1	140	26	A	0	0	26	40.3846153846154
A_PB1	141	26	C	0	0	26	39.8846153846154
A_PB1	142	26	C	0	0	26	38.5
A_PB1	143	26	A	0	0	26	36.3846153846154
A_PB1	144	26	A	0	0	26	36
A_PB1	145	26	T	0	0	25	37.68
A_PB1	146	26	A	0	0	26	36.1538461538462
A_PB1	147	25	C	1	0	25	38.52
A_PB1	148	26	T	0	0	26	38.3846153846154
A_PB1	149	26	C	0	0	25	34.52
A_PB1	150	25	A	1	0	25	34.48
A_PB1	151	25	G	1	0	25	35.28
A_PB1	152	25	A	1	0	25	35.84
A_PB1	153	26	A	0	0	26	36.2307692307692
A_PB1	154	26	A	0	0	26	37.5769230769231
A_PB1	155	26	A	0	0	25	37.32
A_PB1	156	25	G	1	0	25	35.36
A_PB1	157	26	G	0	0	26	37.8846153846154
A_PB1	158	26	G	0	0	26	40.1538461538462
A_PB1	159	26	G	0	0	26	38.6923076923077
A_PB1	160	26	A	0	0	25	39.48
A_PB1	161	26	A	0	0	26	41.7692307692308
A_PB1	162	26	G	0	0	26	40.0384615384615
A_PB1	163	26	T	0	0	26	40.1538461538462
A_PB1	164	26	G	0	0	26	39.4230769230769
A_PB1	165	26	G	0	0	26	39.8076923076923
A_PB1	166	26	A	0	0	26	39.3846153846154
A_PB1	167	26	C	0	0	26	39.5
A_PB1	168	26	A	0	0	26	40.9230769230769
A_PB1	169	26	A	0	0	26	40.0384615384615
A_PB1	170	26	C	0	0	26	38.3461538461538
A_PB1	171	26	A	0	0	26	36.4615384615385
A_PB1	172	26	A	0	0	26	36.6153846153846
A_PB1	173	26	A	0	0	26	37.0384615384615
A_PB1	174	26	C	0	0	26	37.6538461538462
A_PB1	175	26	A	0	0	26	36.0769230769231
A_PB1	176	26	C	0	0	26	37
A_PB1	177	26	A	0	0	26	36.1923076923077
A_PB1	178	26	G	0	0	26	36.5
A_PB1	179	26	A	0	0	26	37.7692307692308
A_PB1	180	26	A	0	0	26	39.2307692307692
A_PB1	181	26	A	0	0	26	39.1923076923077
A_PB1	182	26	C	0	0	26	40.4230769230769
A_PB1	183	26	T	0	0	26	38.4230769230769
A_PB1	184	26	G	0	0	26	37.8076923076923
A_PB1	185	26	G	0	0	26	37.5384615384615
A_PB1	186	26	T	0	0	26	37.3846153846154
A_PB1	187	26	G	0	0	26	35.8846153846154
A_PB1	188	26	C	0	0	26	38.3846153846154
A_PB1	189	26	A	0	0	26	38.0384615384615
A_PB1	190	26	C	0	0	26	39.3846153846154
A_PB1	191	26	C	0	0	26	40.2307692307692
A_PB1	192	26	T	0	0	26	40.0769230769231
A_PB1	193	26	C	0	0	26	38.1153846153846
A_PB1	194	26	A	0	0	26	38.8461538461538
A_PB1	195	26	G	0	0	26	38.9615384615385
A_PB1	196	26	C	0	0	26	40.1538461538462
A_PB1	197	26	T	0	0	26	39.4230769230769
A_PB1	198	26	C	0	0	26	39.7307692307692
A_PB1	199	26	A	0	0	26	39.2307692307692
A_PB1	200	26	A	0	0	26	38.5
A_PB1	201	26	T	0	0	26	40.2692307692308
A_PB1	202	26	C	0	0	26	38.6153846153846
A_PB1	203	26	C	0	0	26	38.2692307692308
A_PB1	204	26	G	0	0	26	37.3461538461538
A_PB1	205	26	A	0	0	26	36.7307692307692
A_PB1	206	26	T	0	0	26	37.2692307692308
A_PB1	207	26	A	0	0	26	35.6923076923077
A_PB1	208	26	G	0	0	26	35.6153846153846
A_PB1	209	26	A	0	0	26	37.0384615384615
A_PB1	210	26	C	0	0	26	35.8461538461538
A_PB1	211	26	G	0	0	25	36.68
A_PB1	212	26	G	0	0	25	36.68
A_PB1	213	26	A	0	0	26	36.0769230769231
A_PB1	214	26	C	0	0	26	37.1923076923077
A_PB1	215	26	C	0	0	26	39.9615384615385
A_PB1	216	25	A	0	0	25	40.28
A_PB1	217	25	C	0	0	24	41.375
A_PB1	218	25	T	0	0	24	40.0833333333333
A_PB1	219	25	A	0	0	25	40.04
A_PB1	220	25	C	0	0	24	41.2083333333333
A_PB1	221	25	C	0	0	25	38.68
A_PB1	222	25	C	0	0	25	39.56
A_PB1	223	25	G	0	0	25	34.96
A_PB1	224	25	A	0	0	25	38.52
A_PB1	225	25	A	0	0	25	40.4
A_PB1	226	25	G	0	0	25	41.16
A_PB1	227	25	A	0	0	25	40.96
A_PB1	228	25	T	0	0	24	41.6666666666667
A_PB1	229	25	A	0	0	25	38.96
A_PB1	230	24	A	0	0	24	39.875
A_PB1	231	24	T	0	0	24	41
A_PB1	232	24	G	0	0	24	37.3333333333333
A_PB1	233	24	A	0	0	24	38.5833333333333
A_PB1	234	24	A	0	0	24	38.5
A_PB1	235	24	C	0	0	24	39.3333333333333
A_PB1	236	24	C	0	0	24	39.6666666666667
A_PB1	237	24	A	0	0	23	42.5217391304348
A_PB1	238	24	A	0	0	24	41.5416666666667
A_PB1	239	23	G	0	0	23	42
A_PB1	240	23	T	0	0	22	42.5909090909091
A_PB1	241	23	G	0	0	23	42
A_PB1	242	23	G	0	0	23	43.2608695652174
A_PB1	243	23	G	0	0	23	40.8260869565217
A_PB1	244	22	T	1	0	22	41.6363636363636
A_PB1	245	23	A	0	0	23	41.6086956521739
A_PB1	246	23	T	0	0	23	43.6521739130435
A_PB1	247	23	G	0	0	22	42.4545454545455
A_PB1	248	23	C	0	0	23	41.9130434782609
A_PB1	249	23	A	0	0	23	40.6521739130435
A_PB1	250	23	C	0	0	23	41.6521739130435
A_PB1	251	23	A	0	0	23	41
A_PB1	252	23	A	0	0	23	38.2608695652174
A_PB1	253	22	A	0	0	22	38
A_PB1	254	21	C	0	0	21	38.2857142857143
A_PB1	255	21	A	0	0	21	38.1904761904762
A_PB1	256	21	G	0	0	21	38.9047619047619
A_PB1	257	21	A	0	0	21	38.6666666666667
A_PB1	258	21	C	0	0	21	39.3809523809524
A_PB1	259	21	T	0	0	21	38.5238095238095
A_PB1	260	21	G	0	0	21	38.5238095238095
A_PB1	261	21	T	0	0	21	39.5238095238095
A_PB1	262	21	G	0	0	21	39.3809523809524
A_PB1	263	21	T	0	0	21	39.9047619047619
A_PB1	264	21	T	0	0	21	39.2857142857143
A_PB1	265	21	C	0	0	21	37.0476190476191
A_PB1	266	21	T	0	0	21	37.7619047619048
A_PB1	267	21	A	0	0	21	36.1428571428571
A_PB1	268	21	G	0	0	21	36.9523809523809
A_PB1	269	21	A	0	0	21	35.2857142857143
A_PB1	270	21	G	0	0	21	37.7619047619048
A_PB1	271	21	G	0	0	21	38.9047619047619
A_PB1	272	21	C	0	0	21	40.2380952380952
A_PB1	273	21	T	0	0	21	41.8571428571429
A_PB1	274	21	A	0	0	21	38.6666666666667
A_PB1	275	21	T	0	0	21	39.1904761904762
A_PB1	276	21	G	0	0	21	38
A_PB1	277	21	G	0	0	20	39.2
A_PB1	278	21	C	0	0	21	37.6190476190476
A_PB1	279	21	T	0	0	21	36.7142857142857
A_PB1	280	21	T	0	0	21	35.6190476190476
A_PB1	281	21	T	0	0	21	35
A_PB1	282	20	C	0	0	20	34.25
A_PB1	283	20	C	0	0	20	34
A_PB1	284	19	T	1	0	19	34.9473684210526
A_PB1	285	20	T	0	0	20	33.1
A_PB1	286	20	G	0	0	20	29.2
A_PB1	287	20	A	0	0	20	29.3
A_PB1	288	20	A	0	0	20	31
A_PB1	289	19	G	0	0	19	32.3157894736842
A_PB1	290	19	A	0	0	19	35.0526315789474
A_PB1	291	19	A	0	0	19	34.4736842105263
A_PB1	292	19	T	0	0	19	34.6315789473684
A_PB1	293	19	C	0	0	19	33.6842105263158
A_PB1	294	19	C	0	0	19	34.9473684210526
A_PB1	295	19	C	0	0	19	35.1052631578947
A_PB1	296	19	A	0	0	18	32.9444444444444
A_PB1	297	19	T	0	0	18	34.1666666666667
A_PB1	298	19	C	0	0	17	36.1764705882353
A_PB1	299	19	C	0	0	19	34.0526315789474
A_PB1	300	19	A	0	0	19	32.7368421052632
A_PB1	301	19	G	0	0	19	33.1052631578947
A_PB1	302	19	G	0	0	19	37.2105263157895
A_PB1	303	19	A	0	0	19	39.9473684210526
A_PB1	304	19	A	0	0	19	39.4736842105263
A_PB1	305	19	T	0	0	19	38.9473684210526
A_PB1	306	19	A	0	0	19	39.1578947368421
A_PB1	307	19	T	0	0	19	39.7894736842105
A_PB1	308	19	T	0	0	19	36.2105263157895
A_PB1	309	19	T	0	0	19	36.6842105263158
A_PB1	310	19	G	0	0	19	34.7368421052632
A_PB1	311	19	A	0	0	19	35.2105263157895
A_PB1	312	19	A	0	0	19	36
A_PB1	313	19	A	0	0	19	40.1578947368421
A_PB1	314	19	A	0	0	19	37.7894736842105
A_PB1	315	19	T	0	0	19	38.4210526315789
A_PB1	316	19	T	0	0	19	39.3157894736842
A_PB1	317	19	C	0	0	19	37.8421052631579
A_PB1	318	19	A	0	0	19	35.7894736842105
A_PB1	319	19	T	0	0	19	35.4736842105263
A_PB1	320	19	G	0	0	19	34.6842105263158
A_PB1	321	19	C	0	0	19	36.7894736842105
A_PB1	322	19	C	0	0	19	36.2631578947368
A_PB1	323	19	T	0	0	19	38.5789473684211
A_PB1	324	19	T	0	0	19	39.5263157894737
A_PB1	325	19	G	0	0	19	34.0526315789474
A_PB1	326	19	A	0	0	19	34.7894736842105
A_PB1	327	19	A	0	0	18	36.5555555555556
A_PB1	328	19	A	0	0	19	36.1578947368421
A_PB1	329	19	C	0	0	19	37
A_PB1	330	19	A	0	0	19	36
A_PB1	331	18	A	0	0	18	36.2222222222222
A_PB1	332	18	T	0	0	18	36.3888888888889
A_PB1	333	18	G	0	0	18	35.7777777777778
A_PB1	334	18	G	0	0	18	36.1666666666667
A_PB1	335	18	A	0	0	17	39.6470588235294
A_PB1	336	18	A	0	0	18	38.8333333333333
A_PB1	337	18	G	0	0	18	39.3888888888889
A_PB1	338	18	T	0	0	18	38.7777777777778
A_PB1	339	18	T	0	0	18	39.3888888888889
A_PB1	340	18	G	0	0	18	39
A_PB1	341	18	T	0	0	18	41
A_PB1	342	18	T	0	0	18	39.6666666666667
A_PB1	343	18	C	0	0	18	36.4444444444444
A_PB1	344	18	A	0	0	18	37.6666666666667
A_PB1	345	18	G	0	0	18	37.3333333333333
A_PB1	346	18	C	0	0	18	38.5
A_PB1	347	18	A	0	0	18	38.3888888888889
A_PB1	348	18	A	0	0	18	43
A_PB1	349	18	A	0	0	18	41.9444444444444
A_PB1	350	18	C	0	0	18	43.0555555555556
A_PB1	351	18	A	0	0	18	41.5555555555556
A_PB1	352	18	A	0	0	18	40.1111111111111
A_PB1	353	18	G	0	0	18	40.1111111111111
A_PB1	354	18	G	0	0	18	41.4444444444444
A_PB1	355	18	G	0	0	18	41.2777777777778
A_PB1	356	18	T	0	0	18	40.4444444444444
A_PB1	357	17	A	0	0	17	38.1176470588235
A_PB1	358	17	G	0	0	17	38.7058823529412
A_PB1	359	17	A	0	0	17	38.8235294117647
A_PB1	360	17	T	0	0	17	38.1764705882353
A_PB1	361	17	A	0	0	17	38.7058823529412
A_PB1	362	17	A	0	0	17	39.7647058823529
A_PB1	363	17	A	0	0	17	40.8235294117647
A_PB1	364	17	C	0	0	16	37.3125
A_PB1	365	17	T	0	0	16	40.625
A_PB1	366	17	G	0	0	16	37.8125
A_PB1	367	17	A	0	0	16	35.875
A_PB1	368	16	C	0	0	16	35.25
A_PB1	369	16	T	0	0	16	37.4375
A_PB1	370	16	C	0	0	15	35.8666666666667
A_PB1	371	16	A	0	0	16	36.4375
A_PB1	372	16	A	0	0	16	36.8125
A_PB1	373	16	G	0	0	16	37.9375
A_PB1	374	16	G	0	0	16	36.75
A_PB1	375	16	T	0	0	16	38.4375
A_PB1	376	16	C	0	0	16	38
A_PB1	377	16	G	0	0	16	38
A_PB1	378	16	C	0	0	16	39
A_PB1	379	16	C	0	0	16	40
A_PB1	380	16	A	0	0	16	38.125
A_PB1	381	16	G	0	0	16	39.1875
A_PB1	382	16	A	0	0	16	39.3125
A_PB1	383	16	C	0	0	16	40.5
A_PB1	384	16	C	0	0	16	40.625
A_PB1	385	16	T	0	0	16	41.0625
A_PB1	386	16	A	0	0	16	42
A_PB1	387	16	T	0	0	16	38.4375
A_PB1	388	16	G	0	0	16	37.4375
A_PB1	389	16	A	0	0	16	38.9375
A_PB1	390	16	T	0	0	16	39
A_PB1	391	16	T	0	0	16	38.75
A_PB1	392	8	G	0	0	8	41.75
A_PB1	393	8	G	0	0	8	42.25
A_PB1	394	8	A	0	0	8	42
A_PB1	395	8	C	0	0	8	41.5
A_PB1	396	8	A	0	0	8	42.375
A_PB1	397	8	T	0	0	8	44.125
A_PB1	398	8	T	0	0	8	44.625
A_PB1	399	8	A	0	0	8	44.25
A_PB1	400	7	A	0	0	7	44.1428571428571
A_PB1	401	7	A	0	0	7	41.8571428571429
A_PB1	402	7	C	0	0	7	43.5714285714286
A_PB1	403	7	A	0	0	7	42
A_PB1	404	7	G	0	0	7	41
A_PB1	405	7	A	0	0	7	40.2857142857143
A_PB1	406	7	A	0	0	7	39
A_PB1	407	7	A	0	0	7	39
A_PB1	408	7	T	0	0	7	39.7142857142857
A_PB1	409	7	C	0	0	7	38.7142857142857
A_PB1	410	7	A	0	0	7	36.5714285714286
A_PB1	411	7	A	0	0	7	36.2857142857143
A_PB1	412	7	C	0	0	7	34.7142857142857
A_PB1	413	7	C	0	0	7	31.2857142857143
A_PB1	414	7	G	0	0	7	31.8571428571429
A_PB1	415	7	G	0	0	7	31.5714285714286
A_PB1	416	7	C	0	0	7	31.1428571428571
A_PB1	417	7	A	0	0	7	31.4285714285714
A_PB1	418	7	G	0	0	7	32.2857142857143
A_PB1	419	7	C	0	0	7	32.5714285714286
A_PB1	420	7	A	0	0	7	36
A_PB1	421	7	A	0	0	7	34.5714285714286
A_PB1	422	7	C	0	0	7	37
A_PB1	423	7	T	0	0	7	35.1428571428571
A_PB1	424	7	G	0	0	7	34.7142857142857
A_PB1	425	7	C	0	0	7	35
A_PB1	426	7	A	0	0	7	35.1428571428571
A_PB1	427	7	T	0	0	7	33.8571428571429
A_PB1	428	7	T	0	0	7	33.1428571428571
A_PB1	429	7	G	0	0	7	32.7142857142857
A_PB1	430	7	G	0	0	7	33.8571428571429
A_PB1	431	7	C	0	0	7	34.4285714285714
A_PB1	432	7	C	0	0	7	37.8571428571429
A_PB1	433	7	A	0	0	7	34.8571428571429
A_PB1	434	7	A	0	0	7	33.2857142857143
A_PB1	435	7	C	0	0	7	33
A_PB1	436	7	A	0	0	7	33.2857142857143
A_PB1	437	7	C	0	0	7	32.5714285714286
A_PB1	438	7	C	0	0	7	32.5714285714286
A_PB1	439	7	A	0	0	7	34.2857142857143
A_PB1	440	7	T	0	0	7	31
A_PB1	441	7	A	0	0	7	35.4285714285714
A_PB1	442	7	G	0	0	7	33.5714285714286
A_PB1	443	7	A	0	0	7	41.1428571428571
A_PB1	444	7	A	0	0	7	40.4285714285714
A_PB1	445	7	G	0	0	7	41.8571428571429
A_PB1	446	7	T	0	0	7	40
A_PB1	447	7	T	0	0	7	37.5714285714286
A_PB1	448	7	T	0	0	7	39.2857142857143
A_PB1	449	7	T	0	0	7	38.1428571428571
A_PB1	450	6	C	1	0	6	39.6666666666667
A_PB1	451	7	A	0	0	7	35.2857142857143
A_PB1	452	7	G	0	0	6	36.8333333333333
A_PB1	453	7	A	0	0	7	31.8571428571429
A_PB1	454	7	T	0	0	7	34.8571428571429
A_PB1	455	7	C	0	0	5	43.8
A_PB1	456	7	G	0	0	7	35
A_PB1	457	7	A	0	0	7	32.2857142857143
A_PB1	458	7	A	0	0	7	35.4285714285714
A_PB1	459	7	T	0	0	7	36.8571428571429
A_PB1	460	7	G	0	0	7	37.2857142857143
A_PB1	461	7	A	0	0	7	41.7142857142857
A_PB1	462	7	C	0	0	7	41.1428571428571
A_PB1	463	7	C	0	0	6	39.5
A_PB1	464	7	T	0	0	6	41.6666666666667
A_PB1	465	7	A	0	0	7	37.5714285714286
A_PB1	466	7	A	0	0	7	36.5714285714286
A_PB1	467	7	C	0	0	7	37.2857142857143
A_PB1	468	7	A	0	0	7	39.7142857142857
A_PB1	469	7	G	0	0	7	38.4285714285714
A_PB1	470	7	C	0	0	7	39.7142857142857
A_PB1	471	7	T	0	0	7	38.7142857142857
A_PB1	472	7	A	0	0	7	40.2857142857143
A_PB1	473	7	A	0	0	7	39
A_PB1	474	7	C	0	0	7	39.8571428571429
A_PB1	475	7	G	0	0	7	39.2857142857143
A_PB1	476	7	A	0	0	7	37.8571428571429
A_PB1	477	7	G	0	0	7	33.7142857142857
A_PB1	478	7	T	0	0	7	33.2857142857143
A_PB1	479	7	C	0	0	7	33.8571428571429
A_PB1	480	7	A	0	0	7	36.2857142857143
A_PB1	481	7	G	0	0	7	38.1428571428571
A_PB1	482	7	G	0	0	7	36
A_PB1	483	7	A	0	0	7	37
A_PB1	484	7	A	0	0	7	39
A_PB1	485	7	G	0	0	7	41.2857142857143
A_PB1	486	7	G	0	0	7	40.8571428571429
A_PB1	487	7	C	0	0	7	42.4285714285714
A_PB1	488	6	T	1	0	6	38.5
A_PB1	489	6	A	1	0	6	38.1666666666667
A_PB1	490	6	A	1	0	6	39.8333333333333
A_PB1	491	7	T	0	0	7	40.1428571428571
A_PB1	492	7	A	0	0	7	42.5714285714286
A_PB1	493	7	G	0	0	6	43.3333333333333
A_PB1	494	7	A	0	0	7	42.7142857142857
A_PB1	495	7	T	0	0	7	41
A_PB1	496	7	T	0	0	7	40.1428571428571
A_PB1	497	7	T	0	0	7	40.5714285714286
A_PB1	498	7	C	0	0	7	40.8571428571429
A_PB1	499	7	T	0	0	7	41.2857142857143
A_PB1	500	7	T	0	0	7	40.8571428571429
A_PB1	501	7	A	0	0	7	40.4285714285714
A_PB1	502	7	A	0	0	7	38.5714285714286
A_PB1	503	7	A	0	0	7	40.5714285714286
A_PB1	504	7	G	0	0	7	39.4285714285714
A_PB1	505	7	G	0	0	7	42
A_PB1	506	7	A	0	0	7	43.5714285714286
A_PB1	507	7	T	0	0	7	45.4285714285714
A_PB1	508	7	G	0	0	7	43.7142857142857
A_PB1	509	7	T	0	0	7	44.2857142857143
A_PB1	510	7	G	0	0	7	45
A_PB1	511	7	A	0	0	7	44.7142857142857
A_PB1	512	7	T	0	0	7	45.4285714285714
A_PB1	513	7	G	0	0	7	39.5714285714286
A_PB1	514	7	G	0	0	7	37.8571428571429
A_PB1	515	7	A	0	0	7	37
A_PB1	516	7	A	0	0	7	39.5714285714286
A_PB1	517	7	T	0	0	7	39.4285714285714
A_PB1	518	7	C	0	0	7	44.4285714285714
A_PB1	519	7	A	0	0	7	42.4285714285714
A_PB1	520	7	A	0	0	7	42.4285714285714
A_PB1	521	7	T	0	0	7	42.8571428571429
A_PB1	522	7	G	0	0	7	40.7142857142857
A_PB1	523	7	A	0	0	7	41.4285714285714
A_PB1	524	7	A	0	0	7	39.2857142857143
A_PB1	525	7	C	0	0	7	40.7142857142857
A_PB1	526	7	A	0	0	7	35.4285714285714
A_PB1	527	7	A	0	0	7	35.7142857142857
A_PB1	528	7	A	0	0	7	38.1428571428571
A_PB1	529	7	G	0	0	7	36.4285714285714
A_PB1	530	7	A	0	0	7	42.5714285714286
A_PB1	531	6	G	0	0	6	44.6666666666667
A_PB1	532	6	G	0	0	6	41.6666666666667
A_PB1	533	6	A	0	0	6	36
A_PB1	534	6	A	0	0	6	37.1666666666667
A_PB1	535	6	A	0	0	6	34.1666666666667
A_PB1	536	6	T	0	0	6	37.6666666666667
A_PB1	537	6	A	0	0	6	37.6666666666667
A_PB1	538	6	G	0	0	6	34.8333333333333
A_PB1	539	6	A	0	0	6	32.1666666666667
A_PB1	540	6	G	0	0	6	31
A_PB1	541	6	A	0	0	6	27.5
A_PB1	542	6	T	0	0	6	24.5
A_PB1	543	6	A	0	0	6	25.5
A_PB1	544	6	A	0	0	6	29.5
A_PB1	545	6	C	0	0	6	27.5
A_PB1	546	6	A	0	0	6	30
A_PB1	547	6	A	0	0	6	31.1666666666667
A_PB1	548	6	C	0	0	6	28.6666666666667
A_PB1	549	6	C	0	0	6	27
A_PB1	550	6	C	0	0	6	28.6666666666667
A_PB1	551	6	A	0	0	6	30
A_PB1	552	6	C	0	0	6	31
A_PB1	553	6	T	0	0	6	28.8333333333333
A_PB1	554	6	T	0	0	6	27.3333333333333
A_PB1	555	6	T	0	0	6	29.6666666666667
A_PB1	556	6	C	0	0	6	29.8333333333333
A_PB1	557	6	A	0	0	6	30.5
A_PB1	558	6	A	0	0	6	33.1666666666667
A_PB1	559	6	A	0	0	6	36.1666666666667
A_PB1	560	6	G	0	0	6	37.6666666666667
A_PB1	561	5	A	1	0	5	35.8
A_PB1	562	5	A	1	0	5	37.6
A_PB1	563	6	A	0	0	6	38.6666666666667
A_PB1	564	6	A	0	0	6	39.3333333333333
A_PB1	565	6	A	0	0	6	36.5
A_PB1	566	6	G	0	0	6	31.3333333333333
A_PB1	567	6	G	0	0	6	33.3333333333333
A_PB1	568	6	A	0	0	6	34.8333333333333
A_PB1	569	6	G	0	0	6	36
A_PB1	570	6	A	0	0	6	34.6666666666667
A_PB1	571	6	G	0	0	5	34.4
A_PB1	572	6	T	0	0	6	34.8333333333333
A_PB1	573	6	A	0	0	6	34.5
A_PB1	574	6	A	0	0	6	33.6666666666667
A_PB1	575	6	G	0	0	6	36.3333333333333
A_PB1	576	6	A	0	0	6	38.5
A_PB1	577	6	G	0	0	6	38.8333333333333
A_PB1	578	6	A	0	0	6	40.6666666666667
A_PB1	579	6	C	0	0	6	39.1666666666667
A_PB1	580	6	A	0	0	6	38.3333333333333
A_PB1	581	6	A	0	0	6	36.8333333333333
A_PB1	582	6	C	0	0	6	36.8333333333333
A_PB1	583	6	A	0	0	6	36.8333333333333
A_PB1	584	6	T	0	0	6	38.6666666666667
A_PB1	585	6	G	0	0	6	39.6666666666667
A_PB1	586	6	A	0	0	6	35.5
A_PB1	587	6	C	0	0	6	33.5
A_PB1	588	6	C	0	0	6	33.3333333333333
A_PB1	589	6	A	0	0	6	33
A_PB1	590	6	A	0	0	6	33.8333333333333
A_PB1	591	6	G	0	0	6	33
A_PB1	592	6	A	0	0	6	31.5
A_PB1	593	6	A	0	0	6	29.3333333333333
A_PB1	594	6	G	0	0	6	27.1666666666667
A_PB1	595	6	A	0	0	6	29.1666666666667
A_PB1	596	6	T	0	0	6	26.5
A_PB1	597	6	G	0	0	6	25.8333333333333
A_PB1	598	6	A	0	0	6	30
A_PB1	599	6	T	0	0	6	29.6666666666667
A_PB1	600	6	C	0	0	6	29.8333333333333
A_PB1	601	6	A	0	0	6	34.6666666666667
A_PB1	602	6	C	0	0	6	36.6666666666667
A_PB1	603	6	G	0	0	6	36.6666666666667
A_PB1	604	6	C	0	0	6	38.1666666666667
A_PB1	605	6	A	0	0	6	38.8333333333333
A_PB1	606	6	A	0	0	6	37.6666666666667
A_PB1	607	6	A	0	0	6	39
A_PB1	608	6	G	0	0	6	41.3333333333333
A_PB1	609	6	G	0	0	6	40.3333333333333
A_PB1	610	5	A	1	0	5	44.8
A_PB1	611	5	C	1	0	5	41.6
A_PB1	612	5	A	1	0	5	45.2
A_PB1	613	5	A	1	0	5	43.2
A_PB1	614	5	T	1	0	5	45.4
A_PB1	615	5	A	1	0	5	40.6
A_PB1	616	5	G	1	0	5	36.6
A_PB1	617	5	G	1	0	5	36.6
A_PB1	618	5	G	1	0	5	38.2
A_PB1	619	5	A	1	0	5	36.4
A_PB1	620	5	A	1	0	5	34.8
A_PB1	621	5	G	1	0	5	33.8
A_PB1	622	5	A	1	0	5	36.4
A_PB1	623	5	A	1	0	5	35.2
A_PB1	624	5	A	1	0	5	29.6
A_PB1	625	6	A	0	0	6	31
A_PB1	626	6	A	0	0	6	30.1666666666667
A_PB1	627	6	A	0	0	6	33.3333333333333
A_PB1	628	6	C	0	0	6	31.6666666666667
A_PB1	629	5	A	0	0	5	34
A_PB1	630	4	G	1	0	4	30.25
A_PB1	631	4	A	1	0	4	30.5
A_PB1	632	3	G	2	0	3	28.6666666666667
A_PB1	633	4	A	1	0	4	33
A_PB1	634	4	C	1	0	4	35.75
A_PB1	635	3	T	2	0	3	35.3333333333333
A_PB1	636	3	G	2	0	3	38.3333333333333
A_PB1	637	3	A	2	0	3	43.3333333333333
A_PB1	638	3	A	2	0	3	40.3333333333333
A_PB1	639	3	T	2	0	3	40
A_PB1	640	3	A	2	0	3	37.3333333333333
A_PB1	641	3	A	2	0	3	37.6666666666667
A_PB1	642	3	G	2	0	3	37
A_PB1	643	3	A	2	0	3	37
A_PB1	644	3	G	2	0	3	44.3333333333333
A_PB1	645	3	A	2	0	3	44.3333333333333
A_PB1	646	3	G	2	0	3	47
A_PB1	647	3	G	2	0	3	39.6666666666667
A_PB1	648	3	C	2	0	3	42.3333333333333
A_PB1	649	3	T	2	0	3	40
A_PB1	650	3	A	2	0	3	41
A_PB1	651	3	T	2	0	3	40.6666666666667
A_PB1	652	3	C	2	0	3	38
A_PB1	653	3	T	2	0	3	35
A_PB1	654	2	A	3	0	2	31
A_PB1	655	3	A	2	0	3	32.6666666666667
A_PB1	656	3	T	2	0	2	21.5
A_PB1	657	3	A	2	0	3	27.6666666666667
A_PB1	658	3	A	2	0	3	27.3333333333333
A_PB1	659	3	G	2	0	3	29.3333333333333
A_PB1	660	3	A	2	0	3	32
A_PB1	661	3	G	2	0	3	31.6666666666667
A_PB1	662	3	C	2	0	3	32.6666666666667
A_PB1	663	3	A	2	0	3	27.3333333333333
A_PB1	664	3	C	2	0	3	29
A_PB1	665	3	T	2	0	3	26.6666666666667
A_PB1	666	3	G	2	0	3	27.6666666666667
A_PB1	667	4	A	1	0	4	30
A_PB1	668	4	C	1	0	4	30.5
A_PB1	669	4	A	1	0	4	29.25
A_PB1	670	3	T	2	0	3	26.6666666666667
A_PB1	671	3	T	2	0	3	29
A_PB1	672	3	A	2	0	3	29.3333333333333
A_PB1	673	3	A	2	0	3	29
A_PB1	674	3	A	2	0	3	29.6666666666667
A_PB1	675	3	T	2	0	3	31.3333333333333
A_PB1	676	3	A	2	0	3	32.6666666666667
A_PB1	677	3	C	2	0	3	32.3333333333333
A_PB1	678	3	G	2	0	3	34
A_PB1	679	4	A	1	0	4	35
A_PB1	680	4	T	1	0	3	44.3333333333333
A_PB1	681	4	G	1	0	4	39.5
A_PB1	682	4	A	1	0	3	43
A_PB1	683	4	C	1	0	4	40
A_PB1	684	4	C	1	0	3	42.3333333333333
A_PB1	685	3	A	2	0	2	41
A_PB1	686	3	A	2	0	2	46
A_PB1	687	3	A	2	0	3	35.3333333333333
A_PB1	688	3	G	2	0	3	38
A_PB1	689	3	A	2	0	3	39.6666666666667
A_PB1	690	3	T	2	0	3	35.6666666666667
A_PB1	691	3	G	2	0	2	44
A_PB1	692	3	C	2	0	2	37
A_PB1	693	3	A	2	0	2	42.5
A_PB1	694	3	G	2	0	2	45.5
A_PB1	695	3	A	2	0	3	41.3333333333333
A_PB1	696	3	G	2	0	3	44.6666666666667
A_PB1	697	3	A	2	0	3	40
A_PB1	698	3	G	2	0	3	39.3333333333333
A_PB1	699	3	A	2	0	3	44.6666666666667
A_PB1	700	3	G	2	0	3	43
A_PB1	701	3	G	2	0	3	41.6666666666667
A_PB1	702	4	C	1	0	3	42
A_PB1	703	4	A	1	0	4	41.75
A_PB1	704	4	A	1	0	4	42
A_PB1	705	4	G	1	0	3	42.6666666666667
A_PB1	706	4	T	1	0	4	44
A_PB1	707	4	T	1	0	4	45.5
A_PB1	708	3	A	2	0	2	41.5
A_PB1	709	4	A	1	0	4	37.75
A_PB1	710	4	A	1	0	4	40.75
A_PB1	711	4	A	1	0	4	41.25
A_PB1	712	4	A	1	0	4	42
A_PB1	713	4	G	1	0	4	44.25
A_PB1	714	4	A	1	0	4	39.5
A_PB1	715	4	A	1	0	4	42
A_PB1	716	4	G	1	0	4	43
A_PB1	717	3	G	2	0	3	41.6666666666667
A_PB1	718	3	G	2	0	3	45
A_PB1	719	3	C	2	0	3	45
A_PB1	720	3	T	2	0	3	43.3333333333333
A_PB1	721	4	A	1	0	4	40.75
A_PB1	722	4	T	1	0	4	38.75
A_PB1	723	4	C	1	0	4	32.75
A_PB1	724	3	G	2	0	3	28.3333333333333
A_PB1	725	3	C	2	0	3	29
A_PB1	726	3	A	2	0	3	31
A_PB1	727	3	A	2	0	3	29
A_PB1	728	3	C	2	0	3	39
A_PB1	729	3	A	2	0	3	38.6666666666667
A_PB1	730	3	C	2	0	3	36.6666666666667
A_PB1	731	3	C	2	0	3	36
A_PB1	732	3	T	2	0	3	36
A_PB1	733	3	G	2	0	3	38.3333333333333
A_PB1	734	3	G	2	0	3	38.3333333333333
A_PB1	735	3	G	2	0	3	38.3333333333333
A_PB1	736	3	A	2	0	3	40
A_PB1	737	3	T	2	0	3	38
A_PB1	738	3	G	2	0	3	41.3333333333333
A_PB1	739	3	C	2	0	3	41.6666666666667
A_PB1	740	3	A	2	0	3	42.3333333333333
A_PB1	741	3	G	2	0	3	43
A_PB1	742	4	A	1	0	4	42.25
A_PB1	743	4	T	1	0	4	45
A_PB1	744	4	T	1	0	4	43.5
A_PB1	745	4	A	1	0	3	43.3333333333333
A_PB1	746	4	G	1	0	4	43.75
A_PB1	747	4	A	1	0	4	44
A_PB1	748	3	G	2	0	3	43
A_PB1	749	3	G	2	0	3	43
A_PB1	750	3	T	2	0	3	46.3333333333333
A_PB1	751	3	T	2	0	3	46.3333333333333
A_PB1	752	3	T	2	0	3	48.6666666666667
A_PB1	753	3	C	2	0	3	43.3333333333333
A_PB1	754	3	G	2	0	3	43.3333333333333
A_PB1	755	3	T	2	0	3	38.6666666666667
A_PB1	756	3	A	2	0	3	40.6666666666667
A_PB1	757	3	T	2	0	3	45
A_PB1	758	3	A	2	0	3	43
A_PB1	759	3	C	2	0	3	45.6666666666667
A_PB1	760	3	T	2	0	3	47
A_PB1	761	3	T	2	0	3	44.3333333333333
A_PB1	762	3	T	2	0	3	43
A_PB1	763	4	G	1	0	4	41.25
A_PB1	764	5	T	0	0	5	41.4
A_PB1	765	5	T	0	0	5	41.4
A_PB1	766	5	G	0	0	5	38.6
A_PB1	767	5	A	0	0	4	39.75
A_PB1	768	5	A	0	0	5	38.4
A_PB1	769	5	A	0	0	4	35.5
A_PB1	770	4	C	1	0	4	39.75
A_PB1	771	4	T	1	0	4	43.75
A_PB1	772	3	T	2	0	3	43
A_PB1	773	3	T	2	0	3	40
A_PB1	774	4	A	1	0	4	45
A_PB1	775	5	G	0	0	5	42.4
A_PB1	776	5	C	0	0	5	42.8
A_PB1	777	4	T	1	0	4	42
A_PB1	778	4	A	1	0	4	43.5
A_PB1	779	3	G	2	0	3	42
A_PB1	780	3	G	2	0	3	38.3333333333333
A_PB1	781	3	A	2	0	3	37
A_PB1	782	3	G	2	0	3	38
A_PB1	783	3	C	2	0	3	37.3333333333333
A_PB1	784	3	A	2	0	3	40.3333333333333
A_PB1	785	3	T	2	0	3	42.3333333333333
A_PB1	786	3	T	2	0	3	38.3333333333333
A_PB1	787	3	T	2	0	3	42.3333333333333
A_PB1	788	3	G	2	0	3	41
A_PB1	789	3	C	2	0	3	45.3333333333333
A_PB1	790	3	G	2	0	3	44.3333333333333
A_PB1	791	3	A	2	0	3	40.6666666666667
A_PB1	792	3	A	2	0	3	41
A_PB1	793	3	A	2	0	3	43.6666666666667
A_PB1	794	3	A	2	0	3	41.3333333333333
A_PB1	795	3	G	2	0	3	46.3333333333333
A_PB1	796	3	C	2	0	3	42.3333333333333
A_PB1	797	3	T	2	0	3	46.3333333333333
A_PB1	798	3	T	2	0	3	44.6666666666667
A_PB1	799	3	G	2	0	3	43.3333333333333
A_PB1	800	4	A	1	0	4	42.75
A_PB1	801	4	A	1	0	4	43.5
A_PB1	802	4	C	1	0	4	43.75
A_PB1	803	4	A	1	0	3	40.3333333333333
A_PB1	804	4	G	1	0	4	40.75
A_PB1	805	4	T	1	0	4	42.5
A_PB1	806	4	C	1	0	4	42.75
A_PB1	807	5	T	0	0	4	41.25
A_PB1	808	5	G	0	0	5	41.4
A_PB1	809	4	G	1	0	4	41.5
A_PB1	810	4	G	1	0	4	43.5
A_PB1	811	4	C	1	0	3	41
A_PB1	812	4	T	1	0	4	44
A_PB1	813	4	C	1	0	4	43.5
A_PB1	814	4	C	1	0	4	41.25
A_PB1	815	4	C	1	0	4	41
A_PB1	816	3	A	2	0	3	44.3333333333333
A_PB1	817	3	G	2	0	3	44
A_PB1	818	3	T	2	0	3	45.6666666666667
A_PB1	819	3	A	2	0	3	46.3333333333333
A_PB1	820	3	G	2	0	3	43.3333333333333
A_PB1	821	3	G	2	0	3	39.3333333333333
A_PB1	822	3	A	2	0	3	40.3333333333333
A_PB1	823	3	G	2	0	3	37.3333333333333
A_PB1	824	3	G	2	0	3	37.3333333333333
A_PB1	825	4	C	1	0	4	38.75
A_PB1	826	4	A	1	0	4	37.25
A_PB1	827	4	A	1	0	4	37.25
A_PB1	828	4	T	1	0	4	38.25
A_PB1	829	4	G	1	0	3	28.6666666666667
A_PB1	830	4	A	1	0	4	30
A_PB1	831	4	A	1	0	4	30.5
A_PB1	832	4	A	1	0	4	29.5
A_PB1	833	5	A	0	0	5	36
A_PB1	834	5	G	0	0	5	36.4
A_PB1	835	5	A	0	0	4	36.25
A_PB1	836	5	A	0	0	4	38.75
A_PB1	837	5	G	0	0	5	40.4
A_PB1	838	5	G	0	0	5	44.2
A_PB1	839	5	C	0	0	4	39.25
A_PB1	840	4	C	1	0	4	41
A_PB1	841	3	A	2	0	3	35.3333333333333
A_PB1	842	4	A	1	0	3	36.3333333333333
A_PB1	843	4	A	1	0	4	37
A_PB1	844	4	T	1	0	4	39.25
A_PB1	845	4	T	1	0	4	35.5
A_PB1	846	4	G	1	0	3	29.3333333333333
A_PB1	847	4	G	1	0	4	22.5
A_PB1	848	4	C	1	0	4	19.25
A_PB1	849	4	A	1	0	4	18.75
A_PB1	850	4	A	1	0	3	22.6666666666667
A_PB1	851	4	A	1	0	4	23.5
A_PB1	852	4	T	1	0	4	24
A_PB1	853	4	G	1	0	4	36.25
A_PB1	854	3	T	2	0	3	34.3333333333333
A_PB1	855	3	T	2	0	3	32.6666666666667
A_PB1	856	3	G	2	0	3	34.6666666666667
A_PB1	857	3	T	2	0	3	34.6666666666667
A_PB1	858	3	G	2	0	3	33.3333333333333
A_PB1	859	3	A	2	0	3	32.6666666666667
A_PB1	860	3	G	2	0	3	37
A_PB1	861	3	A	2	0	3	36.6666666666667
A_PB1	862	3	A	2	0	3	37.3333333333333
A_PB1	863	3	A	2	0	3	38.3333333333333
A_PB1	864	3	G	2	0	3	37
A_PB1	865	3	A	2	0	3	38.6666666666667
A_PB1	866	3	T	2	0	3	41
A_PB1	867	4	G	1	0	4	39.5
A_PB1	868	4	A	1	0	4	41.5
A_PB1	869	4	T	1	0	3	43.6666666666667
A_PB1	870	4	G	1	0	4	47
A_PB1	871	4	A	1	0	4	48
A_PB1	872	4	C	1	0	4	46
A_PB1	873	4	T	1	0	3	46.3333333333333
A_PB1	874	4	A	1	0	4	43
A_PB1	875	4	A	1	0	4	42.75
A_PB1	876	4	T	1	0	4	40.75
A_PB1	877	4	T	1	0	3	42.3333333333333
A_PB1	878	4	C	1	0	3	43.6666666666667
A_PB1	879	4	A	1	0	4	37
A_PB1	880	4	C	1	0	4	37.25
A_PB1	881	4	A	1	0	4	35.75
A_PB1	882	4	A	1	0	4	36.25
A_PB1	883	4	G	1	0	3	36.3333333333333
A_PB1	884	4	A	1	0	4	42.5
A_PB1	885	4	T	1	0	4	43.5
A_PB1	886	4	A	1	0	4	37.75
A_PB1	887	4	C	1	0	4	41.25
A_PB1	888	4	A	1	0	3	38
A_PB1	889	4	G	1	0	4	37.5
A_PB1	890	3	A	2	0	3	39.6666666666667
A_PB1	891	3	G	2	0	3	45.3333333333333
A_PB1	892	3	A	2	0	3	41.6666666666667
A_PB1	893	3	T	2	0	3	47
A_PB1	894	3	T	2	0	3	46.3333333333333
A_PB1	895	4	T	1	0	4	42.5
A_PB1	896	4	C	1	0	4	41.75
A_PB1	897	4	T	1	0	4	42
A_PB1	898	4	T	1	0	4	43.5
A_PB1	899	3	T	2	0	3	42
A_PB1	900	3	C	2	0	3	40.6666666666667
A_PB1	901	3	A	2	0	3	46.3333333333333
A_PB1	902	4	C	1	0	4	41.25
A_PB1	903	4	A	1	0	4	41.75
A_PB1	904	4	A	1	0	4	40.5
A_PB1	905	4	T	1	0	4	41.75
A_PB1	906	3	C	2	0	3	42.6666666666667
A_PB1	907	3	A	2	0	3	48.6666666666667
A_PB1	908	3	C	2	0	3	43
A_PB1	909	3	T	2	0	3	41.3333333333333
A_PB1	910	3	G	2	0	3	42
A_PB1	911	3	G	2	0	3	42
A_PB1	912	3	G	2	0	3	36
A_PB1	913	3	G	2	0	3	38.6666666666667
A_PB1	914	3	A	2	0	3	35.6666666666667
A_PB1	915	3	C	2	0	3	35.3333333333333
A_PB1	916	3	A	2	0	3	37.3333333333333
A_PB1	917	3	A	2	0	3	41
A_PB1	918	3	C	2	0	3	42.6666666666667
A_PB1	919	3	A	2	0	3	43.3333333333333
A_PB1	920	3	C	2	0	3	43
A_PB1	921	3	T	2	0	3	44.6666666666667
A_PB1	922	3	A	2	0	3	45
A_PB1	923	3	A	2	0	3	47.3333333333333
A_PB1	924	3	A	2	0	3	43.3333333333333
A_PB1	925	3	T	2	0	3	44.6666666666667
A_PB1	926	3	G	2	0	3	43
A_PB1	927	3	G	2	0	3	46.3333333333333
A_PB1	928	3	A	2	0	3	41.6666666666667
A_PB1	929	3	A	2	0	3	42.3333333333333
A_PB1	930	3	T	2	0	3	43.6666666666667
A_PB1	931	3	G	2	0	3	41.6666666666667
A_PB1	932	3	A	2	0	3	39.6666666666667
A_PB1	933	3	G	2	0	3	37.6666666666667
A_PB1	934	3	A	2	0	3	40
A_PB1	935	3	A	2	0	3	38
A_PB1	936	3	T	2	0	3	38.6666666666667
A_PB1	937	3	C	2	0	3	40
A_PB1	938	3	A	2	0	3	40.6666666666667
A_PB1	939	3	A	2	0	3	40
A_PB1	940	4	A	1	0	4	44.25
A_PB1	941	4	A	1	0	4	40.25
A_PB1	942	4	T	1	0	4	42.5
A_PB1	943	4	C	1	0	4	41.25
A_PB1	944	4	C	1	0	3	43.3333333333333
A_PB1	945	4	T	1	0	4	40.25
A_PB1	946	4	C	1	0	4	43.5
A_PB1	947	3	G	2	0	3	42.6666666666667
A_PB1	948	3	A	2	0	3	40.3333333333333
A_PB1	949	3	A	2	0	3	42.6666666666667
A_PB1	950	4	T	1	0	4	40.25
A_PB1	951	4	G	1	0	4	38.25
A_PB1	952	4	T	1	0	4	41.25
A_PB1	953	4	T	1	0	4	37
A_PB1	954	4	C	1	0	4	40
A_PB1	955	3	C	2	0	3	38.6666666666667
A_PB1	956	3	T	2	0	3	41
A_PB1	957	3	T	2	0	3	41
A_PB1	958	3	G	2	0	3	41
A_PB1	959	3	C	2	0	3	41.3333333333333
A_PB1	960	3	G	2	0	3	38
A_PB1	961	4	A	1	0	4	37.5
A_PB1	962	4	T	1	0	4	36.25
A_PB1	963	4	G	1	0	4	39.5
A_PB1	964	4	A	1	0	4	35.75
A_PB1	965	4	T	1	0	3	36
A_PB1	966	4	T	1	0	4	26.75
A_PB1	967	5	A	0	0	5	30.6
A_PB1	968	5	C	0	0	5	32.4
A_PB1	969	5	A	0	0	5	34.8
A_PB1	970	5	T	0	0	4	29.75
A_PB1	971	4	A	1	0	4	34.5
A_PB1	972	4	T	1	0	4	35.25
A_PB1	973	3	A	2	0	3	33
A_PB1	974	3	T	2	0	3	33
A_PB1	975	3	C	2	0	3	35
A_PB1	976	4	A	1	0	3	33
A_PB1	977	4	C	1	0	4	35
A_PB1	978	4	C	1	0	4	31
A_PB1	979	4	A	1	0	3	27.6666666666667
A_PB1	980	4	G	1	0	4	31.25
A_PB1	981	4	A	1	0	4	34
A_PB1	982	4	A	1	0	4	31.25
A_PB1	983	4	A	1	0	3	32.6666666666667
A_PB1	984	4	T	1	0	4	33.25
A_PB1	985	4	C	1	0	4	34.5
A_PB1	986	3	A	2	0	3	28.3333333333333
A_PB1	987	3	A	2	0	3	27.3333333333333
A_PB1	988	3	C	2	0	3	26.3333333333333
A_PB1	989	3	C	2	0	3	36
A_PB1	990	3	C	2	0	3	37.3333333333333
A_PB1	991	3	G	2	0	3	40.3333333333333
A_PB1	992	3	A	2	0	3	42
A_PB1	993	3	G	2	0	3	41.6666666666667
A_PB1	994	3	T	2	0	3	43.3333333333333
A_PB1	995	3	G	2	0	3	39.3333333333333
A_PB1	996	3	G	2	0	3	40.3333333333333
A_PB1	997	3	T	2	0	3	45.6666666666667
A_PB1	998	3	T	2	0	3	39
A_PB1	999	3	T	2	0	3	40
A_PB1	1000	3	A	2	0	3	40
A_PB1	1001	3	G	2	0	3	40.3333333333333
A_PB1	1002	3	A	2	0	3	43.3333333333333
A_PB1	1003	3	A	2	0	3	46
A_PB1	1004	3	A	2	0	3	41
A_PB1	1005	3	C	2	0	3	44.3333333333333
A_PB1	1006	3	A	2	0	3	44.6666666666667
A_PB1	1007	3	T	2	0	3	43.3333333333333
A_PB1	1008	3	C	2	0	3	46
A_PB1	1009	3	C	2	0	3	44.3333333333333
A_PB1	1010	3	T	2	0	3	42.6666666666667
A_PB1	1011	3	G	2	0	3	39.6666666666667
A_PB1	1012	3	A	2	0	3	40.3333333333333
A_PB1	1013	3	G	2	0	3	42.3333333333333
A_PB1	1014	3	C	2	0	3	41.3333333333333
A_PB1	1015	3	A	2	0	3	43
A_PB1	1016	3	T	2	0	3	48
A_PB1	1017	3	G	2	0	3	46
A_PB1	1018	3	G	2	0	3	46.3333333333333
A_PB1	1019	3	C	2	0	3	42.6666666666667
A_PB1	1020	4	A	1	0	4	42.25
A_PB1	1021	4	C	1	0	4	40
A_PB1	1022	4	C	1	0	3	33
A_PB1	1023	4	C	1	0	4	33.5
A_PB1	1024	4	A	1	0	4	32.5
A_PB1	1025	4	T	1	0	4	32.25
A_PB1	1026	4	A	1	0	4	33.25
A_PB1	1027	4	A	1	0	3	30
A_PB1	1028	5	T	0	0	4	34.75
A_PB1	1029	5	G	0	0	5	34.8
A_PB1	1030	5	T	0	0	4	33
A_PB1	1031	5	T	0	0	5	36.6
A_PB1	1032	4	C	1	0	3	29.6666666666667
A_PB1	1033	4	T	1	0	4	39.75
A_PB1	1034	4	C	1	0	4	38.75
A_PB1	1035	4	A	1	0	4	27
A_PB1	1036	3	A	2	0	3	36.6666666666667
A_PB1	1037	3	A	2	0	3	36.3333333333333
A_PB1	1038	4	T	1	0	4	34
A_PB1	1039	4	A	1	0	4	34.75
A_PB1	1040	4	A	1	0	4	39.5
A_PB1	1041	4	A	1	0	4	44.5
A_PB1	1042	4	A	1	0	4	41.75
A_PB1	1043	4	T	1	0	4	44.75
A_PB1	1044	4	G	1	0	4	42.5
A_PB1	1045	4	G	1	0	4	43.5
A_PB1	1046	3	C	2	0	3	43
A_PB1	1047	3	A	2	0	3	39
A_PB1	1048	3	A	2	0	3	31.6666666666667
A_PB1	1049	3	G	2	0	3	33.6666666666667
A_PB1	1050	3	A	2	0	3	30.3333333333333
A_PB1	1051	3	C	2	0	3	27.6666666666667
A_PB1	1052	4	T	1	0	4	27
A_PB1	1053	4	A	1	0	4	31.5
A_PB1	1054	3	G	2	0	3	32.3333333333333
A_PB1	1055	4	G	1	0	4	32.75
A_PB1	1056	4	G	1	0	4	34.5
A_PB1	1057	3	A	2	0	3	35.3333333333333
A_PB1	1058	3	A	2	0	3	36.6666666666667
A_PB1	1059	3	A	2	0	3	29
A_PB1	1060	3	G	2	0	3	29.3333333333333
A_PB1	1061	3	G	2	0	3	16.6666666666667
A_PB1	1062	3	G	2	0	3	16.6666666666667
A_PB1	1063	3	T	2	0	3	16.3333333333333
A_PB1	1064	3	A	2	0	3	27.3333333333333
A_PB1	1065	3	C	2	0	3	29.6666666666667
A_PB1	1066	3	A	2	0	3	41
A_PB1	1067	3	T	2	0	3	43.6666666666667
A_PB1	1068	3	G	2	0	3	41
A_PB1	1069	3	T	2	0	3	39
A_PB1	1070	3	T	2	0	3	38.3333333333333
A_PB1	1071	3	C	2	0	3	36.6666666666667
A_PB1	1072	4	G	1	0	4	28.25
A_PB1	1073	4	A	1	0	4	29.5
A_PB1	1074	4	G	1	0	4	30.25
A_PB1	1075	4	A	1	0	4	30.25
A_PB1	1076	3	G	2	0	3	40
A_PB1	1077	3	T	2	0	3	41.6666666666667
A_PB1	1078	3	A	2	0	3	41
A_PB1	1079	3	A	2	0	3	41.3333333333333
A_PB1	1080	3	A	2	0	3	44
A_PB1	1081	3	A	2	0	3	42
A_PB1	1082	3	G	2	0	3	43
A_PB1	1083	3	A	2	0	3	42
A_PB1	1084	3	A	2	0	3	44.3333333333333
A_PB1	1085	3	T	2	0	3	43.6666666666667
A_PB1	1086	3	G	2	0	3	45.6666666666667
A_PB1	1087	3	A	2	0	3	48.3333333333333
A_PB1	1088	3	A	2	0	3	49
A_PB1	1089	3	G	2	0	3	46
A_PB1	1090	3	A	2	0	3	46
A_PB1	1091	3	T	2	0	3	45
A_PB1	1092	3	T	2	0	3	43
A_PB1	1093	3	C	2	0	3	43.6666666666667
A_PB1	1094	3	G	2	0	3	42.3333333333333
A_PB1	1095	4	A	1	0	3	44.3333333333333
A_PB1	1096	4	A	1	0	4	41.5
A_PB1	1097	4	C	1	0	4	37.5
A_PB1	1098	4	A	1	0	4	41.25
A_PB1	1099	4	C	1	0	4	40
A_PB1	1100	4	A	1	0	4	42.25
A_PB1	1101	4	A	1	0	4	43
A_PB1	1102	4	A	1	0	4	40.5
A_PB1	1103	4	T	1	0	4	42
A_PB1	1104	3	A	2	0	3	43
A_PB1	1105	3	C	2	0	3	42.3333333333333
A_PB1	1106	3	C	2	0	3	42.3333333333333
A_PB1	1107	3	A	2	0	3	39.6666666666667
A_PB1	1108	3	G	2	0	3	39.3333333333333
A_PB1	1109	3	C	2	0	3	39.3333333333333
A_PB1	1110	3	A	2	0	3	40
A_PB1	1111	3	G	2	0	3	42.6666666666667
A_PB1	1112	3	A	2	0	3	41.6666666666667
A_PB1	1113	3	A	2	0	3	42.6666666666667
A_PB1	1114	3	A	2	0	3	43.3333333333333
A_PB1	1115	3	T	2	0	3	45
A_PB1	1116	3	G	2	0	3	44.6666666666667
A_PB1	1117	3	C	2	0	3	45
A_PB1	1118	3	T	2	0	3	46.6666666666667
A_PB1	1119	3	A	2	0	3	47.3333333333333
A_PB1	1120	3	G	2	0	3	44.3333333333333
A_PB1	1121	3	C	2	0	3	46.6666666666667
A_PB1	1122	3	A	2	0	3	43
A_PB1	1123	3	A	2	0	3	43.3333333333333
A_PB1	1124	3	G	2	0	3	42
A_PB1	1125	3	C	2	0	3	45.3333333333333
A_PB1	1126	3	A	2	0	3	38.3333333333333
A_PB1	1127	3	T	2	0	3	41.3333333333333
A_PB1	1128	3	T	2	0	3	39.6666666666667
A_PB1	1129	4	G	1	0	4	39.75
A_PB1	1130	4	A	1	0	4	33
A_PB1	1131	4	T	1	0	3	34.3333333333333
A_PB1	1132	4	C	1	0	4	42.75
A_PB1	1133	4	T	1	0	4	41.5
A_PB1	1134	4	A	1	0	4	41.25
A_PB1	1135	4	A	1	0	4	44
A_PB1	1136	3	A	2	0	3	44
A_PB1	1137	3	G	2	0	3	41.6666666666667
A_PB1	1138	3	T	2	0	3	46.3333333333333
A_PB1	1139	3	A	2	0	3	44.3333333333333
A_PB1	1140	3	T	2	0	3	41
A_PB1	1141	3	T	2	0	3	36.3333333333333
A_PB1	1142	3	T	2	0	3	42.3333333333333
A_PB1	1143	3	C	2	0	3	36.3333333333333
A_PB1	1144	3	A	2	0	3	32.3333333333333
A_PB1	1145	3	A	2	0	3	32
A_PB1	1146	3	T	2	0	3	33
A_PB1	1147	3	G	2	0	3	31.3333333333333
A_PB1	1148	3	A	2	0	3	33.6666666666667
A_PB1	1149	3	A	2	0	3	33.3333333333333
A_PB1	1150	4	T	1	0	4	35.75
A_PB1	1151	4	C	1	0	4	37.5
A_PB1	1152	4	A	1	0	4	39.5
A_PB1	1153	4	A	1	0	4	40.5
A_PB1	1154	4	C	1	0	3	39.6666666666667
A_PB1	1155	3	A	2	0	2	43.5
A_PB1	1156	4	A	1	0	3	41
A_PB1	1157	4	A	1	0	4	40.25
A_PB1	1158	4	G	1	0	4	44.75
A_PB1	1159	4	A	1	0	4	42.25
A_PB1	1160	4	A	1	0	4	39.75
A_PB1	1161	4	G	1	0	4	38.75
A_PB1	1162	4	A	1	0	4	39
A_PB1	1163	3	A	2	0	3	38.3333333333333
A_PB1	1164	3	A	2	0	3	40.3333333333333
A_PB1	1165	3	A	2	0	3	41.6666666666667
A_PB1	1166	3	T	2	0	3	39.6666666666667
A_PB1	1167	3	T	2	0	3	39.6666666666667
A_PB1	1168	3	G	2	0	3	43
A_PB1	1169	3	A	2	0	3	39.6666666666667
A_PB1	1170	3	A	2	0	3	46
A_PB1	1171	3	A	2	0	3	45.3333333333333
A_PB1	1172	3	A	2	0	3	40.6666666666667
A_PB1	1173	3	G	2	0	3	48
A_PB1	1174	3	A	2	0	3	42.6666666666667
A_PB1	1175	3	T	2	0	3	47.3333333333333
A_PB1	1176	3	A	2	0	3	42
A_PB1	1177	3	A	2	0	3	50
A_PB1	1178	3	G	2	0	3	44.6666666666667
A_PB1	1179	3	G	2	0	3	42.3333333333333
A_PB1	1180	3	C	2	0	3	42
A_PB1	1181	3	C	2	0	3	48
A_PB1	1182	4	T	1	0	4	37.75
A_PB1	1183	4	C	1	0	4	37
A_PB1	1184	4	T	1	0	3	40.6666666666667
A_PB1	1185	4	T	1	0	4	37.75
A_PB1	1186	4	T	1	0	4	35.75
A_PB1	1187	4	T	1	0	4	41.5
A_PB1	1188	4	A	1	0	3	39.3333333333333
A_PB1	1189	4	A	1	0	4	39.75
A_PB1	1190	3	T	2	0	3	42.3333333333333
A_PB1	1191	3	G	2	0	3	34.6666666666667
A_PB1	1192	3	G	2	0	3	36.3333333333333
A_PB1	1193	3	A	2	0	3	36.3333333333333
A_PB1	1194	3	T	2	0	3	39
A_PB1	1195	3	G	2	0	3	41.6666666666667
A_PB1	1196	3	G	2	0	3	38.6666666666667
A_PB1	1197	3	C	2	0	3	37.3333333333333
A_PB1	1198	3	A	2	0	3	39
A_PB1	1199	3	C	2	0	3	39.3333333333333
A_PB1	1200	3	A	2	0	3	42.3333333333333
A_PB1	1201	3	G	2	0	3	41
A_PB1	1202	3	C	2	0	3	35
A_PB1	1203	3	A	2	0	3	34.3333333333333
A_PB1	1204	3	T	2	0	3	34.3333333333333
A_PB1	1205	3	C	2	0	3	37.3333333333333
A_PB1	1206	3	A	2	0	3	42
A_PB1	1207	3	C	2	0	3	42.6666666666667
A_PB1	1208	3	T	2	0	3	44
A_PB1	1209	3	G	2	0	3	44
A_PB1	1210	3	A	2	0	3	45.3333333333333
A_PB1	1211	3	G	2	0	3	42
A_PB1	1212	3	T	2	0	3	38.6666666666667
A_PB1	1213	3	C	2	0	3	35.6666666666667
A_PB1	1214	3	C	2	0	3	37.6666666666667
A_PB1	1215	3	T	2	0	3	36.3333333333333
A_PB1	1216	4	G	1	0	3	45
A_PB1	1217	4	G	1	0	4	44.75
A_PB1	1218	4	G	1	0	4	44
A_PB1	1219	4	A	1	0	4	45.5
A_PB1	1220	4	T	1	0	4	43.25
A_PB1	1221	4	G	1	0	4	43.25
A_PB1	1222	4	A	1	0	4	44.5
A_PB1	1223	4	T	1	0	4	41.25
A_PB1	1224	4	G	1	0	4	43.75
A_PB1	1225	4	A	1	0	4	42
A_PB1	1226	4	T	1	0	4	42
A_PB1	1227	3	G	2	0	3	45
A_PB1	1228	3	G	2	0	3	47.6666666666667
A_PB1	1229	3	G	2	0	3	45.6666666666667
A_PB1	1230	3	C	2	0	3	43.6666666666667
A_PB1	1231	3	A	2	0	3	42.6666666666667
A_PB1	1232	3	T	2	0	3	43.3333333333333
A_PB1	1233	4	G	1	0	4	41
A_PB1	1234	4	T	1	0	4	39.75
A_PB1	1235	4	T	1	0	4	42.5
A_PB1	1236	4	C	1	0	3	39
A_PB1	1237	4	A	1	0	4	39.75
A_PB1	1238	4	A	1	0	4	40
A_PB1	1239	4	C	1	0	3	37.3333333333333
A_PB1	1240	4	A	1	0	4	35.5
A_PB1	1241	4	T	1	0	3	30
A_PB1	1242	4	G	1	0	4	31.5
A_PB1	1243	4	C	1	0	4	34.25
A_PB1	1244	4	T	1	0	4	29
A_PB1	1245	4	A	1	0	4	30.75
A_PB1	1246	3	A	2	0	3	25.3333333333333
A_PB1	1247	3	G	2	0	3	29
A_PB1	1248	3	T	2	0	3	27.6666666666667
A_PB1	1249	3	A	2	0	3	31
A_PB1	1250	3	C	2	0	3	31.6666666666667
A_PB1	1251	3	G	2	0	3	33
A_PB1	1252	3	G	2	0	3	40.3333333333333
A_PB1	1253	4	T	1	0	4	42
A_PB1	1254	4	A	1	0	4	42.5
A_PB1	1255	4	T	1	0	4	43.75
A_PB1	1256	5	T	0	0	4	44
A_PB1	1257	5	G	0	0	5	40.4
A_PB1	1258	5	G	0	0	5	40
A_PB1	1259	5	G	0	0	5	36.8
A_PB1	1260	4	A	1	0	4	40.25
A_PB1	1261	3	G	2	0	3	38.6666666666667
A_PB1	1262	3	T	2	0	3	38.3333333333333
A_PB1	1263	3	C	2	0	3	37.3333333333333
A_PB1	1264	4	T	1	0	4	33.5
A_PB1	1265	4	C	1	0	4	30.25
A_PB1	1266	4	A	1	0	4	29.25
A_PB1	1267	4	A	1	0	4	30.75
A_PB1	1268	3	T	2	0	3	33.3333333333333
A_PB1	1269	4	A	1	0	4	31.5
A_PB1	1270	4	C	1	0	4	31
A_PB1	1271	4	T	1	0	3	34
A_PB1	1272	4	G	1	0	3	33.6666666666667
A_PB1	1273	4	A	1	0	4	36
A_PB1	1274	4	A	1	0	4	34
A_PB1	1275	4	T	1	0	4	34.75
A_PB1	1276	3	C	2	0	3	38.3333333333333
A_PB1	1277	3	T	2	0	3	39.3333333333333
A_PB1	1278	3	T	2	0	3	37.6666666666667
A_PB1	1279	3	G	2	0	3	38
A_PB1	1280	3	G	2	0	3	38.6666666666667
A_PB1	1281	3	A	2	0	3	42
A_PB1	1282	4	C	1	0	4	38.5
A_PB1	1283	4	A	1	0	4	35.75
A_PB1	1284	4	A	1	0	4	35.25
A_PB1	1285	4	A	1	0	4	35.25
A_PB1	1286	4	A	1	0	4	36.25
A_PB1	1287	4	G	1	0	4	38.75
A_PB1	1288	4	A	1	0	3	33.3333333333333
A_PB1	1289	4	A	1	0	3	34.3333333333333
A_PB1	1290	3	A	2	0	2	27.5
A_PB1	1291	3	T	2	0	3	31.6666666666667
A_PB1	1292	2	A	3	0	2	29
A_PB1	1293	2	C	3	0	2	29
A_PB1	1294	3	A	2	0	3	27.3333333333333
A_PB1	1295	3	C	2	0	3	29.6666666666667
A_PB1	1296	4	C	1	0	3	26.6666666666667
A_PB1	1297	4	A	1	0	4	34
A_PB1	1298	4	A	1	0	4	33.75
A_PB1	1299	4	G	1	0	4	33
A_PB1	1300	4	A	1	0	4	36.25
A_PB1	1301	4	C	1	0	4	32.75
A_PB1	1302	3	A	2	0	3	31
A_PB1	1303	3	A	2	0	3	33.3333333333333
A_PB1	1304	3	C	2	0	3	32.6666666666667
A_PB1	1305	3	A	2	0	3	33.6666666666667
A_PB1	1306	3	T	2	0	3	31.3333333333333
A_PB1	1307	3	A	2	0	3	32
A_PB1	1308	3	C	2	0	3	28
A_PB1	1309	3	T	2	0	3	27.3333333333333
A_PB1	1310	3	G	2	0	3	29.3333333333333
A_PB1	1311	3	G	2	0	3	28.3333333333333
A_PB1	1312	3	T	2	0	3	30.3333333333333
A_PB1	1313	3	G	2	0	3	41
A_PB1	1314	3	G	2	0	3	38.6666666666667
A_PB1	1315	3	G	2	0	3	39
A_PB1	1316	3	A	2	0	3	41.6666666666667
A_PB1	1317	3	T	2	0	3	43.3333333333333
A_PB1	1318	4	G	1	0	4	40.75
A_PB1	1319	4	G	1	0	4	44.5
A_PB1	1320	4	G	1	0	4	40
A_PB1	1321	4	C	1	0	4	44.5
A_PB1	1322	4	T	1	0	4	43.25
A_PB1	1323	3	C	2	0	3	43
A_PB1	1324	3	C	2	0	3	41.3333333333333
A_PB1	1325	3	A	2	0	3	42
A_PB1	1326	4	A	1	0	4	39.5
A_PB1	1327	4	T	1	0	4	39.25
A_PB1	1328	3	C	2	0	3	43
A_PB1	1329	3	A	2	0	3	41.3333333333333
A_PB1	1330	3	T	2	0	3	41
A_PB1	1331	3	C	2	0	3	42.3333333333333
A_PB1	1332	3	C	2	0	3	42.6666666666667
A_PB1	1333	3	G	2	0	3	41.3333333333333
A_PB1	1334	3	A	2	0	3	42.6666666666667
A_PB1	1335	3	C	2	0	3	40.6666666666667
A_PB1	1336	3	G	2	0	3	43.6666666666667
A_PB1	1337	3	A	2	0	3	42
A_PB1	1338	4	T	1	0	4	43
A_PB1	1339	4	T	1	0	4	38.5
A_PB1	1340	4	T	1	0	4	38.75
A_PB1	1341	4	T	1	0	4	35
A_PB1	1342	4	G	1	0	4	38
A_PB1	1343	3	C	2	0	3	40.3333333333333
A_PB1	1344	3	T	2	0	3	42.3333333333333
A_PB1	1345	3	C	2	0	3	42.3333333333333
A_PB1	1346	3	T	2	0	3	40
A_PB1	1347	3	C	2	0	3	40
A_PB1	1348	3	A	2	0	3	43.6666666666667
A_PB1	1349	5	T	0	0	5	33
A_PB1	1350	5	A	0	0	5	35.2
A_PB1	1351	4	G	1	0	4	37.75
A_PB1	1352	4	T	1	0	4	38.5
A_PB1	1353	3	G	2	0	3	46.3333333333333
A_PB1	1354	3	A	2	0	3	48
A_PB1	1355	3	A	2	0	3	46.6666666666667
A_PB1	1356	3	T	2	0	3	47
A_PB1	1357	3	G	2	0	3	47
A_PB1	1358	3	C	2	0	3	43.3333333333333
A_PB1	1359	5	A	0	0	5	38.2
A_PB1	1360	5	T	0	0	5	39
A_PB1	1361	5	C	0	0	5	40.8
A_PB1	1362	4	A	1	0	4	45.5
A_PB1	1363	3	A	2	0	3	46
A_PB1	1364	3	A	2	0	3	46.3333333333333
A_PB1	1365	4	C	1	0	4	44
A_PB1	1366	4	C	1	0	4	43.5
A_PB1	1367	4	A	1	0	3	45.6666666666667
A_PB1	1368	4	T	1	0	4	44.25
A_PB1	1369	5	G	0	0	5	43.2
A_PB1	1370	5	A	0	0	5	42.8
A_PB1	1371	5	A	0	0	4	43.75
A_PB1	1372	4	G	1	0	4	41.5
A_PB1	1373	4	G	1	0	4	39.5
A_PB1	1374	3	A	2	0	3	41
A_PB1	1375	3	A	2	0	3	42
A_PB1	1376	3	T	2	0	3	44
A_PB1	1377	3	A	2	0	3	45.6666666666667
A_PB1	1378	3	C	2	0	3	46.6666666666667
A_PB1	1379	20	A	2	0	20	35.85
A_PB1	1380	20	A	2	0	20	37
A_PB1	1381	20	G	2	0	20	36.1
A_PB1	1382	20	C	2	0	20	38.4
A_PB1	1383	21	A	2	0	21	38.0952380952381
A_PB1	1384	22	G	2	0	22	36.5454545454545
A_PB1	1385	22	G	2	0	22	35.6818181818182
A_PB1	1386	22	A	2	0	22	35.8636363636364
A_PB1	1387	22	G	2	0	22	33.1363636363636
A_PB1	1388	22	T	2	0	22	34.6363636363636
A_PB1	1389	22	G	2	0	20	33.75
A_PB1	1390	22	G	2	0	22	32.8636363636364
A_PB1	1391	22	A	2	0	22	33.2272727272727
A_PB1	1392	22	C	2	0	22	34.5
A_PB1	1393	22	A	2	0	22	34.5454545454545
A_PB1	1394	22	G	2	0	22	34.6363636363636
A_PB1	1395	22	A	2	0	22	35.5454545454545
A_PB1	1396	22	T	2	0	22	34.1818181818182
A_PB1	1397	23	T	1	0	23	35
A_PB1	1398	23	C	1	0	23	33.7826086956522
A_PB1	1399	22	T	2	0	21	32.3809523809524
A_PB1	1400	22	A	2	0	22	33.0909090909091
A_PB1	1401	22	C	2	0	22	34.4090909090909
A_PB1	1402	23	A	1	0	23	34.7391304347826
A_PB1	1403	23	G	1	0	23	36.695652173913
A_PB1	1404	23	G	1	0	23	36.6086956521739
A_PB1	1405	23	A	1	0	23	35.3478260869565
A_PB1	1406	24	C	0	0	24	37.5416666666667
A_PB1	1407	24	C	0	0	24	36.6666666666667
A_PB1	1408	22	T	2	0	22	40.1818181818182
A_PB1	1409	22	G	2	0	22	40.8181818181818
A_PB1	1410	22	C	2	0	22	40.8181818181818
A_PB1	1411	22	A	2	0	22	40.2727272727273
A_PB1	1412	22	A	2	0	22	41.2272727272727
A_PB1	1413	22	A	2	0	22	41.4545454545455
A_PB1	1414	23	T	1	0	23	42.5217391304348
A_PB1	1415	23	T	1	0	23	41.6086956521739
A_PB1	1416	23	A	1	0	22	40.1363636363636
A_PB1	1417	23	G	1	0	23	40.6521739130435
A_PB1	1418	23	T	1	0	23	37.2173913043478
A_PB1	1419	23	G	1	0	23	36.6521739130435
A_PB1	1420	22	G	2	0	22	35.5909090909091
A_PB1	1421	22	G	2	0	22	36.3181818181818
A_PB1	1422	22	A	2	0	22	38.2727272727273
A_PB1	1423	22	A	2	0	22	39.7272727272727
A_PB1	1424	22	T	2	0	22	40.3636363636364
A_PB1	1425	22	C	2	0	22	41.4090909090909
A_PB1	1426	22	A	2	0	22	41.7272727272727
A_PB1	1427	22	A	2	0	22	42
A_PB1	1428	22	C	2	0	22	40.9090909090909
A_PB1	1429	22	A	2	0	22	41.3636363636364
A_PB1	1430	22	T	2	0	22	40.5909090909091
A_PB1	1431	22	G	2	0	22	41.7272727272727
A_PB1	1432	22	A	2	0	22	40.4545454545455
A_PB1	1433	22	G	2	0	22	40.5
A_PB1	1434	22	C	2	0	22	40.6363636363636
A_PB1	1435	22	A	2	0	22	38.3181818181818
A_PB1	1436	22	A	2	0	22	37.2727272727273
A_PB1	1437	22	A	2	0	22	38.0909090909091
A_PB1	1438	22	A	2	0	22	39.7727272727273
A_PB1	1439	22	A	2	0	22	43
A_PB1	1440	22	G	2	0	22	41.4090909090909
A_PB1	1441	22	A	2	0	22	41.1363636363636
A_PB1	1442	23	A	1	0	23	43.3478260869565
A_PB1	1443	23	G	1	0	23	41.7391304347826
A_PB1	1444	23	T	1	0	23	41.3478260869565
A_PB1	1445	23	C	1	0	23	40.5652173913044
A_PB1	1446	22	C	2	0	22	37.0909090909091
A_PB1	1447	22	T	2	0	22	37.5909090909091
A_PB1	1448	22	A	2	0	22	36.2727272727273
A_PB1	1449	22	T	2	0	22	36.6818181818182
A_PB1	1450	23	A	1	0	23	39.304347826087
A_PB1	1451	23	T	1	0	23	39.9130434782609
A_PB1	1452	23	A	1	0	23	37.5217391304348
A_PB1	1453	23	A	1	0	23	39.2608695652174
A_PB1	1454	22	A	2	0	22	38.7727272727273
A_PB1	1455	22	T	2	0	22	38.4090909090909
A_PB1	1456	22	A	2	0	22	37.5909090909091
A_PB1	1457	23	A	1	0	23	37.1739130434783
A_PB1	1458	23	A	1	0	23	40.1739130434783
A_PB1	1459	23	A	1	0	23	40.1304347826087
A_PB1	1460	23	C	1	0	23	39.8695652173913
A_PB1	1461	22	A	2	0	22	39.7272727272727
A_PB1	1462	22	G	2	0	22	35.8636363636364
A_PB1	1463	23	G	1	0	23	36.9565217391304
A_PB1	1464	23	G	1	0	23	36.9565217391304
A_PB1	1465	23	A	1	0	23	36.2608695652174
A_PB1	1466	23	C	1	0	22	37.6818181818182
A_PB1	1467	23	A	1	0	23	36.8260869565217
A_PB1	1468	23	T	1	0	23	37.695652173913
A_PB1	1469	23	T	1	0	23	38.304347826087
A_PB1	1470	22	T	2	0	22	40.1363636363636
A_PB1	1471	22	G	2	0	22	38.9090909090909
A_PB1	1472	22	A	2	0	22	39.8636363636364
A_PB1	1473	22	A	2	0	22	40.3181818181818
A_PB1	1474	22	T	2	0	22	39.7727272727273
A_PB1	1475	22	T	2	0	22	38.3636363636364
A_PB1	1476	22	C	2	0	22	39.6818181818182
A_PB1	1477	22	A	2	0	22	40.3181818181818
A_PB1	1478	22	C	2	0	22	39.4545454545455
A_PB1	1479	22	A	2	0	22	37.8181818181818
A_PB1	1480	22	A	2	0	22	36.6363636363636
A_PB1	1481	22	G	2	0	22	37
A_PB1	1482	22	C	2	0	22	35.6818181818182
A_PB1	1483	20	T	4	0	20	36.15
A_PB1	1484	22	T	2	0	22	35.5454545454545
A_PB1	1485	22	T	2	0	22	34.3181818181818
A_PB1	1486	22	T	2	0	22	37.3181818181818
A_PB1	1487	22	T	2	0	22	37.2272727272727
A_PB1	1488	23	T	1	0	23	39.304347826087
A_PB1	1489	23	T	1	0	23	40.0869565217391
A_PB1	1490	23	A	1	0	23	40.0869565217391
A_PB1	1491	23	T	1	0	23	40.9130434782609
A_PB1	1492	22	C	2	0	22	39.6818181818182
A_PB1	1493	22	G	2	0	22	39.6818181818182
A_PB1	1494	22	C	2	0	22	38.2727272727273
A_PB1	1495	22	T	2	0	22	37.4545454545455
A_PB1	1496	22	A	2	0	22	37.5
A_PB1	1497	22	T	2	0	22	39.3181818181818
A_PB1	1498	22	G	2	0	22	38.8181818181818
A_PB1	1499	22	G	2	0	22	38.5
A_PB1	1500	22	A	2	0	21	39.4761904761905
A_PB1	1501	22	T	2	0	22	38.8636363636364
A_PB1	1502	22	T	2	0	22	39.2272727272727
A_PB1	1503	22	T	2	0	22	39.8636363636364
A_PB1	1504	22	G	2	0	22	37.6818181818182
A_PB1	1505	22	T	2	0	22	37.3181818181818
A_PB1	1506	22	G	2	0	22	37.4090909090909
A_PB1	1507	22	G	2	0	22	36.3181818181818
A_PB1	1508	22	C	2	0	22	36
A_PB1	1509	22	T	2	0	22	37.9545454545455
A_PB1	1510	22	A	2	0	22	38.8636363636364
A_PB1	1511	22	A	2	0	22	39.6363636363636
A_PB1	1512	22	T	2	0	22	37.6363636363636
A_PB1	1513	22	T	2	0	22	37.3181818181818
A_PB1	1514	22	T	2	0	22	37.9545454545455
A_PB1	1515	22	T	2	0	21	40.3333333333333
A_PB1	1516	22	A	2	0	22	38.5
A_PB1	1517	22	G	2	0	22	38.0909090909091
A_PB1	1518	22	C	2	0	22	37.3636363636364
A_PB1	1519	22	A	2	0	22	37.9090909090909
A_PB1	1520	22	T	2	0	22	40.1818181818182
A_PB1	1521	22	G	2	0	22	39.0909090909091
A_PB1	1522	22	G	2	0	22	39.0909090909091
A_PB1	1523	22	A	2	0	22	40.0909090909091
A_PB1	1524	22	G	2	0	22	39.0454545454545
A_PB1	1525	22	C	2	0	22	39.0454545454545
A_PB1	1526	22	T	2	0	22	39.3636363636364
A_PB1	1527	22	A	2	0	22	38.7272727272727
A_PB1	1528	21	C	3	0	21	39.5714285714286
A_PB1	1529	22	C	2	0	22	38.1818181818182
A_PB1	1530	22	C	2	0	22	39.6363636363636
A_PB1	1531	22	A	2	0	22	37.2272727272727
A_PB1	1532	22	G	2	0	22	37.8181818181818
A_PB1	1533	22	C	2	0	22	36.9090909090909
A_PB1	1534	22	T	2	0	22	37.2727272727273
A_PB1	1535	22	T	2	0	21	39.0952380952381
A_PB1	1536	22	T	2	0	22	38.4545454545455
A_PB1	1537	22	G	2	0	22	37.9090909090909
A_PB1	1538	22	G	2	0	21	38.7142857142857
A_PB1	1539	22	A	2	0	22	37.9545454545455
A_PB1	1540	23	G	1	0	23	37.8695652173913
A_PB1	1541	22	T	2	0	21	40.4285714285714
A_PB1	1542	22	G	2	0	21	39.4761904761905
A_PB1	1543	22	T	2	0	22	40.4545454545455
A_PB1	1544	22	C	2	0	22	40.5
A_PB1	1545	22	T	2	0	22	40.8636363636364
A_PB1	1546	23	G	2	0	23	39.8695652173913
A_PB1	1547	22	G	3	0	22	38.6363636363636
A_PB1	1548	22	A	3	0	22	38.5454545454545
A_PB1	1549	23	G	2	0	22	36.7272727272727
A_PB1	1550	23	T	2	0	23	38.695652173913
A_PB1	1551	23	A	2	0	23	38.6521739130435
A_PB1	1552	23	A	2	0	23	37.5217391304348
A_PB1	1553	23	A	2	0	23	38.2173913043478
A_PB1	1554	23	T	2	0	23	40.0434782608696
A_PB1	1555	23	G	2	0	22	41.5454545454545
A_PB1	1556	23	A	2	0	23	39.3913043478261
A_PB1	1557	23	A	2	0	23	38.6086956521739
A_PB1	1558	23	T	2	0	23	39.4347826086956
A_PB1	1559	23	C	2	0	23	38.0434782608696
A_PB1	1560	23	G	2	0	23	39.7826086956522
A_PB1	1561	23	G	2	0	23	37.6086956521739
A_PB1	1562	23	C	2	0	23	38.4347826086956
A_PB1	1563	23	T	2	0	23	38.6086956521739
A_PB1	1564	23	G	2	0	22	40.2727272727273
A_PB1	1565	23	A	2	0	23	39.8695652173913
A_PB1	1566	23	C	2	0	23	39.5652173913044
A_PB1	1567	22	A	3	0	22	40.5454545454545
A_PB1	1568	22	T	3	0	22	40.0454545454545
A_PB1	1569	23	G	2	0	23	37.8260869565217
A_PB1	1570	23	A	2	0	23	35.9130434782609
A_PB1	1571	23	G	2	0	23	37.0434782608696
A_PB1	1572	23	T	2	0	23	37.3478260869565
A_PB1	1573	23	A	2	0	23	36.695652173913
A_PB1	1574	23	T	2	0	22	38.4090909090909
A_PB1	1575	23	T	2	0	23	37.0434782608696
A_PB1	1576	23	G	2	0	22	38
A_PB1	1577	23	G	2	0	22	38
A_PB1	1578	23	A	2	0	23	36.695652173913
A_PB1	1579	23	G	2	0	23	37.0869565217391
A_PB1	1580	23	T	2	0	23	37.4782608695652
A_PB1	1581	23	A	2	0	23	37.4347826086956
A_PB1	1582	23	A	2	0	23	38.1304347826087
A_PB1	1583	23	C	2	0	23	38.8260869565217
A_PB1	1584	23	A	2	0	23	39.1739130434783
A_PB1	1585	23	G	2	0	23	38.5217391304348
A_PB1	1586	23	T	2	0	23	38.7391304347826
A_PB1	1587	23	G	2	0	23	38.0434782608696
A_PB1	1588	24	A	2	0	24	38.625
A_PB1	1589	24	T	2	0	24	39.4583333333333
A_PB1	1590	23	A	3	0	23	40.6521739130435
A_PB1	1591	23	A	3	0	23	41.1739130434783
A_PB1	1592	23	A	3	0	23	42.1739130434783
A_PB1	1593	24	G	2	0	23	42.4347826086956
A_PB1	1594	24	A	2	0	23	41.695652173913
A_PB1	1595	25	A	1	0	25	41
A_PB1	1596	25	C	1	0	25	40.96
A_PB1	1597	25	A	1	0	25	40.16
A_PB1	1598	25	A	1	0	25	39.24
A_PB1	1599	25	C	1	0	25	40.2
A_PB1	1600	25	A	1	0	25	39.56
A_PB1	1601	25	T	1	0	25	38.84
A_PB1	1602	24	G	2	0	24	38.7916666666667
A_PB1	1603	24	A	2	0	24	37.5833333333333
A_PB1	1604	25	T	1	0	25	37.92
A_PB1	1605	25	A	1	0	24	38.0416666666667
A_PB1	1606	25	A	1	0	25	37.64
A_PB1	1607	25	A	1	0	25	38.48
A_PB1	1608	25	C	1	0	25	39.12
A_PB1	1609	25	A	1	0	25	37.76
A_PB1	1610	25	A	1	0	25	39
A_PB1	1611	25	T	1	0	25	38.2
A_PB1	1612	25	G	1	0	25	38.08
A_PB1	1613	24	A	2	0	24	38.3333333333333
A_PB1	1614	24	C	2	0	24	38.5
A_PB1	1615	24	C	2	0	24	38.75
A_PB1	1616	24	T	2	0	24	38.75
A_PB1	1617	24	T	2	0	24	38.875
A_PB1	1618	24	G	2	0	24	38.6666666666667
A_PB1	1619	24	G	2	0	24	38.625
A_PB1	1620	24	A	2	0	24	37.8333333333333
A_PB1	1621	24	C	2	0	24	38.8333333333333
A_PB1	1622	25	C	1	0	25	37.52
A_PB1	1623	25	T	1	0	25	37.72
A_PB1	1624	25	G	1	0	25	40.44
A_PB1	1625	24	C	2	0	24	39.0833333333333
A_PB1	1626	24	A	2	0	24	39.1666666666667
A_PB1	1627	25	A	1	0	25	39.12
A_PB1	1628	25	C	1	0	25	39.52
A_PB1	1629	25	G	1	0	25	38.76
A_PB1	1630	24	G	2	0	24	39.25
A_PB1	1631	24	C	2	0	24	38.4166666666667
A_PB1	1632	24	T	2	0	24	38.5
A_PB1	1633	24	C	2	0	23	38.8695652173913
A_PB1	1634	24	A	2	0	23	39.8260869565217
A_PB1	1635	24	G	2	0	23	40.695652173913
A_PB1	1636	24	A	2	0	24	38.2916666666667
A_PB1	1637	25	T	1	0	25	39.6
A_PB1	1638	25	G	1	0	24	40.5833333333333
A_PB1	1639	25	G	1	0	25	39.64
A_PB1	1640	24	C	2	0	24	39.2083333333333
A_PB1	1641	24	T	2	0	24	39.75
A_PB1	1642	24	C	2	0	23	39.5217391304348
A_PB1	1643	24	T	2	0	24	39.5833333333333
A_PB1	1644	24	T	2	0	24	38.75
A_PB1	1645	24	C	2	0	24	38.2083333333333
A_PB1	1646	24	A	2	0	24	37.0833333333333
A_PB1	1647	24	A	2	0	24	38.6666666666667
A_PB1	1648	24	T	2	0	24	38.4583333333333
A_PB1	1649	24	T	2	0	24	38.6666666666667
A_PB1	1650	24	G	2	0	24	38.2083333333333
A_PB1	1651	24	T	2	0	24	37.75
A_PB1	1652	24	T	2	0	24	38.9166666666667
A_PB1	1653	24	C	2	0	24	38.7916666666667
A_PB1	1654	24	A	2	0	24	37.9583333333333
A_PB1	1655	24	T	2	0	24	37.5833333333333
A_PB1	1656	24	A	2	0	24	38.75
A_PB1	1657	24	A	2	0	24	39.4583333333333
A_PB1	1658	24	A	2	0	24	41.75
A_PB1	1659	24	A	2	0	24	41.4166666666667
A_PB1	1660	24	G	2	0	24	42.1666666666667
A_PB1	1661	24	A	2	0	24	41.4166666666667
A_PB1	1662	24	C	2	0	24	38.875
A_PB1	1663	24	T	2	0	24	39.2916666666667
A_PB1	1664	24	A	2	0	24	37.5
A_PB1	1665	24	C	2	0	24	38.7916666666667
A_PB1	1666	24	A	2	0	24	39.0833333333333
A_PB1	1667	24	G	2	0	24	38.1666666666667
A_PB1	1668	24	A	2	0	24	37.875
A_PB1	1669	24	T	2	0	24	40.2083333333333
A_PB1	1670	24	A	2	0	24	39.375
A_PB1	1671	24	C	2	0	24	40.5833333333333
A_PB1	1672	24	A	2	0	24	40.1666666666667
A_PB1	1673	24	C	2	0	24	40.5
A_PB1	1674	24	A	2	0	24	40.25
A_PB1	1675	24	T	2	0	24	40.2916666666667
A_PB1	1676	24	A	2	0	24	40.2083333333333
A_PB1	1677	24	T	2	0	24	39.6666666666667
A_PB1	1678	24	A	2	0	23	39.7826086956522
A_PB1	1679	24	G	2	0	23	40
A_PB1	1680	24	G	2	0	24	38.7916666666667
A_PB1	1681	24	T	2	0	24	38.5416666666667
A_PB1	1682	24	G	2	0	24	38.5833333333333
A_PB1	1683	24	T	2	0	24	39.2083333333333
A_PB1	1684	24	C	2	0	24	35.2916666666667
A_PB1	1685	24	A	2	0	24	34.6666666666667
A_PB1	1686	24	T	2	0	24	33.5416666666667
A_PB1	1687	24	A	2	0	24	30.8333333333333
A_PB1	1688	24	G	2	0	24	31.2083333333333
A_PB1	1689	24	G	2	0	24	32.875
A_PB1	1690	24	G	2	0	24	33.0416666666667
A_PB1	1691	24	G	2	0	23	35.304347826087
A_PB1	1692	24	A	2	0	23	36.695652173913
A_PB1	1693	24	G	2	0	23	36.1304347826087
A_PB1	1694	24	A	2	0	24	33.5416666666667
A_PB1	1695	24	C	2	0	24	33.5833333333333
A_PB1	1696	24	A	2	0	24	33.5833333333333
A_PB1	1697	24	C	2	0	24	32.7083333333333
A_PB1	1698	24	A	2	0	24	33.625
A_PB1	1699	24	C	2	0	24	35.125
A_PB1	1700	25	A	1	0	24	35.625
A_PB1	1701	25	A	1	0	25	36
A_PB1	1702	25	A	1	0	25	38.04
A_PB1	1703	25	T	1	0	25	36.96
A_PB1	1704	25	T	1	0	24	38.1666666666667
A_PB1	1705	25	C	1	0	24	38.5833333333333
A_PB1	1706	25	A	1	0	24	37.5833333333333
A_PB1	1707	25	A	1	0	25	38.64
A_PB1	1708	25	A	1	0	24	40.0833333333333
A_PB1	1709	25	C	1	0	25	39.52
A_PB1	1710	24	G	2	0	24	37.625
A_PB1	1711	24	A	2	0	24	37.0833333333333
A_PB1	1712	24	G	2	0	24	37.1666666666667
A_PB1	1713	24	A	2	0	24	36.0833333333333
A_PB1	1714	24	A	2	0	24	34.9166666666667
A_PB1	1715	24	G	2	0	24	36.1666666666667
A_PB1	1716	24	A	2	0	24	37.2916666666667
A_PB1	1717	24	T	2	0	24	34.3333333333333
A_PB1	1718	24	C	2	0	24	34.4166666666667
A_PB1	1719	24	A	2	0	24	35.5416666666667
A_PB1	1720	24	T	2	0	24	36.0833333333333
A_PB1	1721	24	T	2	0	24	38.2083333333333
A_PB1	1722	24	T	2	0	24	38.3333333333333
A_PB1	1723	24	G	2	0	24	35.7083333333333
A_PB1	1724	24	A	2	0	24	37.0833333333333
A_PB1	1725	24	G	2	0	24	36.5416666666667
A_PB1	1726	24	T	2	0	24	35.2916666666667
A_PB1	1727	24	T	2	0	24	36.4583333333333
A_PB1	1728	24	G	2	0	23	38.1739130434783
A_PB1	1729	23	A	3	0	23	37.9130434782609
A_PB1	1730	24	A	2	0	24	38.7916666666667
A_PB1	1731	24	G	2	0	24	38.7083333333333
A_PB1	1732	23	A	3	0	23	40.695652173913
A_PB1	1733	24	A	2	0	24	37.2083333333333
A_PB1	1734	24	G	2	0	24	37.5833333333333
A_PB1	1735	25	C	1	0	25	37.08
A_PB1	1736	25	T	1	0	24	36.9583333333333
A_PB1	1737	25	A	1	0	25	36.56
A_PB1	1738	25	T	1	0	25	36.28
A_PB1	1739	24	G	2	0	24	35.125
A_PB1	1740	25	G	1	0	25	36.4
A_PB1	1741	24	G	2	0	24	35.1666666666667
A_PB1	1742	24	A	2	0	24	35.3333333333333
A_PB1	1743	24	T	2	0	24	38.0416666666667
A_PB1	1744	24	C	2	0	24	37.8333333333333
A_PB1	1745	24	A	2	0	24	38
A_PB1	1746	24	A	2	0	24	38.5
A_PB1	1747	24	A	2	0	24	37.7083333333333
A_PB1	1748	25	C	1	0	25	38.64
A_PB1	1749	25	C	1	0	25	39.32
A_PB1	1750	25	C	1	0	25	39.64
A_PB1	1751	25	A	1	0	25	38.28
A_PB1	1752	25	A	1	0	23	40.6521739130435
A_PB1	1753	25	T	1	0	24	38.2916666666667
A_PB1	1754	25	C	1	0	25	37.04
A_PB1	1755	25	A	1	0	25	36.36
A_PB1	1756	25	A	1	0	25	37.04
A_PB1	1757	25	A	1	0	25	37.08
A_PB1	1758	25	A	1	0	24	37.375
A_PB1	1759	25	G	1	0	24	36.0416666666667
A_PB1	1760	24	T	2	0	24	35.3333333333333
A_PB1	1761	24	A	2	0	24	34.3333333333333
A_PB1	1762	22	G	4	0	22	34.6818181818182
A_PB1	1763	23	G	3	0	23	33.8260869565217
A_PB1	1764	24	G	2	0	24	34.0833333333333
A_PB1	1765	24	C	2	0	24	33.9166666666667
A_PB1	1766	24	T	2	0	23	34.2173913043478
A_PB1	1767	23	A	3	0	23	35.8695652173913
A_PB1	1768	24	T	2	0	22	37.5454545454545
A_PB1	1769	24	T	2	0	24	34.875
A_PB1	1770	24	A	2	0	23	33.7391304347826
A_PB1	1771	24	G	2	0	24	33.9166666666667
A_PB1	1772	24	T	2	0	24	34.0833333333333
A_PB1	1773	24	A	2	0	23	35.4782608695652
A_PB1	1774	24	T	2	0	24	33.5
A_PB1	1775	25	C	2	0	25	32.96
A_PB1	1776	25	A	2	0	25	33.2
A_PB1	1777	25	G	2	0	25	29.08
A_PB1	1778	24	A	3	0	24	29.6666666666667
A_PB1	1779	24	T	3	0	24	28.375
A_PB1	1780	24	G	3	0	24	29.7083333333333
A_PB1	1781	24	G	3	0	24	29.25
A_PB1	1782	24	A	3	0	24	29.8333333333333
A_PB1	1783	24	G	3	0	24	32.0416666666667
A_PB1	1784	24	G	3	0	24	32.5
A_PB1	1785	24	A	3	0	24	31.5
A_PB1	1786	24	C	3	0	24	31.0416666666667
A_PB1	1787	25	C	2	0	24	33.125
A_PB1	1788	25	A	2	0	25	32.68
A_PB1	1789	25	A	2	0	25	32.24
A_PB1	1790	25	A	2	0	25	34.96
A_PB1	1791	24	C	3	0	24	36.3333333333333
A_PB1	1792	24	T	3	0	24	36.0833333333333
A_PB1	1793	25	T	2	0	24	36.4166666666667
A_PB1	1794	25	A	2	0	25	35.04
A_PB1	1795	25	T	2	0	25	33
A_PB1	1796	25	A	2	0	25	31.36
A_PB1	1797	25	C	2	0	25	31.76
A_PB1	1798	25	A	2	0	25	34.04
A_PB1	1799	25	A	2	0	25	35.36
A_PB1	1800	26	C	1	0	26	37
A_PB1	1801	25	A	2	0	25	38.56
A_PB1	1802	26	T	1	0	26	37.8461538461538
A_PB1	1803	25	A	2	0	25	38
A_PB1	1804	24	C	3	0	24	38.2083333333333
A_PB1	1805	26	G	1	0	26	37.6538461538462
A_PB1	1806	26	G	1	0	26	37
A_PB1	1807	26	A	1	0	26	35.8846153846154
A_PB1	1808	26	A	1	0	26	37.5
A_PB1	1809	26	T	1	0	26	37.5
A_PB1	1810	27	C	0	0	27	36.7407407407407
A_PB1	1811	27	T	0	0	27	36.1851851851852
A_PB1	1812	27	T	0	0	26	39
A_PB1	1813	27	C	0	0	27	38.4074074074074
A_PB1	1814	27	A	0	0	27	37.1851851851852
A_PB1	1815	27	C	0	0	27	37.7777777777778
A_PB1	1816	27	A	0	0	27	38.2222222222222
A_PB1	1817	27	T	0	0	27	37.8148148148148
A_PB1	1818	27	C	0	0	26	35.2692307692308
A_PB1	1819	27	C	0	0	27	35.4074074074074
A_PB1	1820	27	C	0	0	27	33.3703703703704
A_PB1	1821	27	T	0	0	27	32.3333333333333
A_PB1	1822	27	G	0	0	27	33.0740740740741
A_PB1	1823	26	A	1	0	26	32.5
A_PB1	1824	26	A	1	0	26	32.6153846153846
A_PB1	1825	25	G	2	0	24	34.5416666666667
A_PB1	1826	26	T	1	0	25	34.6
A_PB1	1827	26	C	1	0	26	34.4230769230769
A_PB1	1828	26	T	1	0	26	33.1923076923077
A_PB1	1829	26	G	1	0	26	32.4615384615385
A_PB1	1830	26	T	1	0	26	32.5769230769231
A_PB1	1831	26	T	1	0	26	32.5769230769231
A_PB1	1832	26	T	1	0	25	31.96
A_PB1	1833	26	A	1	0	24	33.4583333333333
A_PB1	1834	26	A	1	0	26	33.1153846153846
A_PB1	1835	26	A	1	0	26	35.9615384615385
A_PB1	1836	26	A	1	0	26	35.8846153846154
A_PB1	1837	26	T	1	0	26	35.1923076923077
A_PB1	1838	23	G	4	0	23	35.1739130434783
A_PB1	1839	26	G	1	0	26	32.8076923076923
A_PB1	1840	26	G	1	0	26	30.4615384615385
A_PB1	1841	26	A	1	0	26	31
A_PB1	1842	26	G	1	0	26	32.1153846153846
A_PB1	1843	26	C	1	0	26	33.5769230769231
A_PB1	1844	26	T	1	0	25	35.12
A_PB1	1845	26	A	1	0	26	36.3076923076923
A_PB1	1846	26	A	1	0	26	36.4230769230769
A_PB1	1847	26	T	1	0	26	36.8846153846154
A_PB1	1848	26	G	1	0	26	37.6153846153846
A_PB1	1849	26	G	1	0	26	36.6923076923077
A_PB1	1850	26	A	1	0	26	35.4615384615385
A_PB1	1851	26	T	1	0	26	36.1538461538462
A_PB1	1852	26	G	1	0	26	36.6153846153846
A_PB1	1853	26	A	1	0	26	37.5384615384615
A_PB1	1854	26	T	1	0	26	39.6923076923077
A_PB1	1855	26	G	1	0	26	40.6923076923077
A_PB1	1856	26	A	1	0	26	40.1538461538462
A_PB1	1857	26	T	1	0	26	39.3846153846154
A_PB1	1858	26	T	1	0	26	40.4615384615385
A_PB1	1859	26	A	1	0	26	39.0384615384615
A_PB1	1860	26	T	1	0	26	38.5
A_PB1	1861	25	C	2	0	25	36.96
A_PB1	1862	25	G	2	0	25	35.84
A_PB1	1863	26	G	1	0	26	36.6153846153846
A_PB1	1864	26	G	1	0	26	36.9230769230769
A_PB1	1865	26	G	1	0	26	36.6538461538462
A_PB1	1866	26	A	1	0	26	41.9230769230769
A_PB1	1867	26	A	1	0	26	41.7307692307692
A_PB1	1868	26	G	1	0	25	40.28
A_PB1	1869	26	A	1	0	26	39
A_PB1	1870	26	C	1	0	26	37.8076923076923
A_PB1	1871	26	T	1	0	26	38.0769230769231
A_PB1	1872	26	T	1	0	26	36.1538461538462
A_PB1	1873	25	T	2	0	25	37.76
A_PB1	1874	25	G	2	0	23	37.8695652173913
A_PB1	1875	26	T	1	0	24	38.75
A_PB1	1876	26	A	1	0	24	40.625
A_PB1	1877	26	A	1	0	26	41.5
A_PB1	1878	26	T	1	0	26	43.5769230769231
A_PB1	1879	25	C	2	0	25	42.32
A_PB1	1880	25	C	2	0	25	41.56
A_PB1	1881	26	C	1	0	26	40.8846153846154
A_PB1	1882	25	C	2	0	25	41.24
A_PB1	1883	23	T	4	0	23	41
A_PB1	1884	24	G	3	0	23	40.8695652173913
A_PB1	1885	27	A	0	0	27	38.7777777777778
A_PB1	1886	27	A	0	0	26	39.1538461538462
A_PB1	1887	27	T	0	0	27	38.8888888888889
A_PB1	1888	27	C	0	0	27	37.1481481481481
A_PB1	1889	27	C	0	0	27	39.8888888888889
A_PB1	1890	27	C	0	0	27	37.962962962963
A_PB1	1891	26	T	1	0	26	36.3461538461538
A_PB1	1892	26	T	1	0	26	36.9230769230769
A_PB1	1893	26	T	1	0	26	38.8076923076923
A_PB1	1894	26	G	1	0	26	35.6923076923077
A_PB1	1895	26	T	1	0	26	38.5
A_PB1	1896	26	G	1	0	26	38.0384615384615
A_PB1	1897	26	A	1	0	26	38.4230769230769
A_PB1	1898	26	G	1	0	26	39.3076923076923
A_PB1	1899	26	T	1	0	26	38.4230769230769
A_PB1	1900	26	C	1	0	26	38.9615384615385
A_PB1	1901	26	A	1	0	26	40.5
A_PB1	1902	26	T	1	0	26	39.3076923076923
A_PB1	1903	27	A	0	0	27	39.1851851851852
A_PB1	1904	27	A	0	0	27	39.7407407407407
A_PB1	1905	27	G	0	0	27	39.8888888888889
A_PB1	1906	27	G	0	0	26	38.8846153846154
A_PB1	1907	27	A	0	0	26	40.1153846153846
A_PB1	1908	27	G	0	0	27	40.037037037037
A_PB1	1909	27	A	0	0	27	40.4814814814815
A_PB1	1910	29	T	0	0	28	40.8214285714286
A_PB1	1911	29	T	0	0	29	40.1034482758621
A_PB1	1912	29	G	0	0	29	37.9310344827586
A_PB1	1913	31	A	0	0	30	40.6
A_PB1	1914	31	C	0	0	30	40.2333333333333
A_PB1	1915	31	T	0	0	31	38.5806451612903
A_PB1	1916	32	C	0	0	32	38.75
A_PB1	1917	32	T	0	0	32	39.25
A_PB1	1918	31	G	1	0	31	39.1935483870968
A_PB1	1919	31	T	1	0	31	39.8709677419355
A_PB1	1920	31	A	1	0	31	39.1935483870968
A_PB1	1921	31	A	1	0	31	38.9354838709677
A_PB1	1922	31	A	1	0	31	38.7741935483871
A_PB1	1923	31	C	1	0	31	39.3870967741936
A_PB1	1924	31	A	1	0	31	39.1290322580645
A_PB1	1925	31	A	1	0	31	38.9354838709677
A_PB1	1926	31	T	1	0	31	39.258064516129
A_PB1	1927	31	G	1	0	31	39.2903225806452
A_PB1	1928	31	C	1	0	31	39.7096774193548
A_PB1	1929	31	T	1	0	31	40.2903225806452
A_PB1	1930	31	G	1	0	31	39.3870967741936
A_PB1	1931	31	T	1	0	31	39.1290322580645
A_PB1	1932	30	G	2	0	30	39
A_PB1	1933	31	G	1	0	31	39.0322580645161
A_PB1	1934	31	T	1	0	30	37.4666666666667
A_PB1	1935	31	A	1	0	31	37.1612903225806
A_PB1	1936	31	A	1	0	31	38.0967741935484
A_PB1	1937	31	T	1	0	31	38.741935483871
A_PB1	1938	31	G	1	0	31	37.6774193548387
A_PB1	1939	31	C	1	0	30	40.0333333333333
A_PB1	1940	31	C	1	0	29	39.3103448275862
A_PB1	1941	31	A	1	0	31	39.3548387096774
A_PB1	1942	31	G	1	0	31	38.8709677419355
A_PB1	1943	31	C	1	0	31	39.741935483871
A_PB1	1944	31	C	1	0	31	40.4193548387097
A_PB1	1945	31	C	1	0	29	39.3103448275862
A_PB1	1946	31	A	1	0	31	41.0322580645161
A_PB1	1947	31	T	1	0	31	41.4838709677419
A_PB1	1948	31	G	1	0	31	41.8387096774194
A_PB1	1949	31	G	1	0	31	42.8064516129032
A_PB1	1950	31	C	1	0	31	40.3548387096774
A_PB1	1951	31	C	1	0	31	40.0967741935484
A_PB1	1952	31	C	1	0	31	38.8064516129032
A_PB1	1953	31	A	1	0	31	37.8709677419355
A_PB1	1954	31	G	1	0	31	36.741935483871
A_PB1	1955	31	C	1	0	31	36.0967741935484
A_PB1	1956	31	C	1	0	31	35.7096774193548
A_PB1	1957	31	A	1	0	31	38.258064516129
A_PB1	1958	31	A	1	0	31	37.9032258064516
A_PB1	1959	31	A	1	0	31	38.741935483871
A_PB1	1960	31	A	1	0	31	38.0645161290323
A_PB1	1961	31	G	1	0	31	36.9677419354839
A_PB1	1962	31	C	1	0	31	35.6129032258064
A_PB1	1963	31	A	1	0	31	33.6774193548387
A_PB1	1964	31	T	1	0	31	33.8709677419355
A_PB1	1965	31	G	1	0	31	32.5161290322581
A_PB1	1966	31	G	1	0	31	33.9032258064516
A_PB1	1967	31	A	1	0	31	34.5806451612903
A_PB1	1968	31	A	1	0	31	35.8064516129032
A_PB1	1969	32	T	0	0	32	34.9375
A_PB1	1970	32	A	0	0	32	34.09375
A_PB1	1971	32	T	0	0	32	33.09375
A_PB1	1972	32	G	1	0	32	34.21875
A_PB1	1973	32	A	1	0	32	34.25
A_PB1	1974	32	T	1	0	32	35.4375
A_PB1	1975	32	G	1	0	32	35.34375
A_PB1	1976	32	C	1	0	32	37.40625
A_PB1	1977	32	C	1	0	32	36.15625
A_PB1	1978	32	G	1	0	32	35.375
A_PB1	1979	32	T	1	0	32	36.78125
A_PB1	1980	32	C	1	0	31	36.7096774193548
A_PB1	1981	32	G	1	0	32	35.875
A_PB1	1982	32	C	1	0	32	34.9375
A_PB1	1983	32	T	1	0	32	35.9375
A_PB1	1984	32	A	1	0	32	35.40625
A_PB1	1985	32	C	1	0	32	38.5625
A_PB1	1986	32	T	1	0	31	40.1935483870968
A_PB1	1987	32	A	1	0	32	39.59375
A_PB1	1988	32	C	1	0	32	40.09375
A_PB1	1989	32	A	1	0	32	39.78125
A_PB1	1990	32	C	1	0	32	40.125
A_PB1	1991	32	A	1	0	32	40.15625
A_PB1	1992	32	T	1	0	32	39.375
A_PB1	1993	32	T	1	0	32	39.40625
A_PB1	1994	32	C	1	0	32	37.25
A_PB1	1995	32	C	1	0	32	37.34375
A_PB1	1996	32	T	1	0	32	39.6875
A_PB1	1997	32	G	1	0	32	38.5
A_PB1	1998	32	G	1	0	32	37.875
A_PB1	1999	33	A	1	0	33	38
A_PB1	2000	33	T	1	0	33	38.5757575757576
A_PB1	2001	33	T	1	0	33	38.8181818181818
A_PB1	2002	33	C	1	0	33	38.1515151515151
A_PB1	2003	33	C	1	0	33	38.1818181818182
A_PB1	2004	33	C	1	0	33	38.4242424242424
A_PB1	2005	33	A	1	0	33	36.1212121212121
A_PB1	2006	33	A	1	0	33	36.7272727272727
A_PB1	2007	31	G	3	0	31	36.4838709677419
A_PB1	2008	32	A	3	0	32	36.4375
A_PB1	2009	33	G	2	0	33	37.3333333333333
A_PB1	2010	33	G	2	0	32	38.03125
A_PB1	2011	34	A	1	0	34	38.1764705882353
A_PB1	2012	34	A	1	0	34	38.5294117647059
A_PB1	2013	34	T	1	0	34	39.2352941176471
A_PB1	2014	34	C	1	0	32	35.96875
A_PB1	2015	34	G	1	0	33	35.3636363636364
A_PB1	2016	34	T	1	0	33	35.7878787878788
A_PB1	2017	34	T	1	0	33	32.7272727272727
A_PB1	2018	34	C	1	0	34	33.8529411764706
A_PB1	2019	33	T	2	0	31	33.5483870967742
A_PB1	2020	33	A	2	0	32	36.1875
A_PB1	2021	34	T	1	0	33	35.2424242424242
A_PB1	2022	35	T	0	0	35	35.5714285714286
A_PB1	2023	35	C	0	0	34	34.8823529411765
A_PB1	2024	35	T	0	0	35	35
A_PB1	2025	34	C	1	0	34	34.7352941176471
A_PB1	2026	36	A	0	0	36	35.3611111111111
A_PB1	2027	36	A	0	0	36	35.4444444444444
A_PB1	2028	36	C	0	0	36	37.4722222222222
A_PB1	2029	36	A	0	0	36	36.3333333333333
A_PB1	2030	36	C	0	0	36	38.1944444444444
A_PB1	2031	36	A	0	0	36	37.5
A_PB1	2032	36	A	0	0	35	36.3714285714286
A_PB1	2033	36	G	0	0	36	36.3888888888889
A_PB1	2034	36	C	0	0	36	36.0555555555556
A_PB1	2035	36	C	0	0	36	36
A_PB1	2036	36	A	0	0	36	36.7777777777778
A_PB1	2037	36	A	0	0	36	36.3333333333333
A_PB1	2038	36	A	0	0	36	38.1666666666667
A_PB1	2039	36	G	0	0	36	36.3611111111111
A_PB1	2040	36	G	0	0	36	37.1388888888889
A_PB1	2041	36	G	0	0	36	38.5
A_PB1	2042	36	G	0	0	34	37.9117647058824
A_PB1	2043	38	A	0	0	38	37
A_PB1	2044	38	A	0	0	38	37.0263157894737
A_PB1	2045	38	T	0	0	38	37.2894736842105
A_PB1	2046	38	T	0	0	38	36.5263157894737
A_PB1	2047	38	C	0	0	38	34.7894736842105
A_PB1	2048	38	T	0	0	38	35.1052631578947
A_PB1	2049	38	T	0	0	38	34.9210526315789
A_PB1	2050	38	G	0	0	37	33.4054054054054
A_PB1	2051	38	A	0	0	36	34.3055555555556
A_PB1	2052	38	G	0	0	38	34.3947368421053
A_PB1	2053	38	G	0	0	38	35.6315789473684
A_PB1	2054	38	A	0	0	38	35.2105263157895
A_PB1	2055	38	T	0	0	37	35.2972972972973
A_PB1	2056	38	G	0	0	38	34.8421052631579
A_PB1	2057	38	A	0	0	38	35.9473684210526
A_PB1	2058	38	A	0	0	37	35.5405405405405
A_PB1	2059	38	C	0	0	38	36.1578947368421
A_PB1	2060	38	A	0	0	38	34.5263157894737
A_PB1	2061	38	G	0	0	38	36.5
A_PB1	2062	38	A	0	0	38	35.9210526315789
A_PB1	2063	38	T	0	0	38	37.5
A_PB1	2064	37	G	1	0	37	37.7297297297297
A_PB1	2065	38	T	0	0	38	38.4210526315789
A_PB1	2066	38	A	0	0	38	36.5526315789474
A_PB1	2067	38	C	0	0	38	36.6842105263158
A_PB1	2068	38	C	0	0	38	35.7368421052632
A_PB1	2069	38	A	0	0	37	36
A_PB1	2070	38	G	0	0	38	35.1842105263158
A_PB1	2071	38	A	0	0	38	36.5526315789474
A_PB1	2072	38	A	0	0	37	38.5405405405405
A_PB1	2073	38	G	0	0	38	38.2105263157895
A_PB1	2074	37	T	1	0	37	38.7837837837838
A_PB1	2075	37	G	1	0	37	38.2432432432432
A_PB1	2076	37	T	1	0	37	38.2162162162162
A_PB1	2077	37	T	1	0	37	38.1351351351351
A_PB1	2078	37	G	1	0	37	38.2432432432432
A_PB1	2079	37	C	1	0	37	37.6486486486486
A_PB1	2080	36	A	2	0	36	37.8888888888889
A_PB1	2081	37	A	1	0	37	37.7837837837838
A_PB1	2082	37	T	1	0	37	37.9189189189189
A_PB1	2083	37	T	1	0	37	37.4054054054054
A_PB1	2084	43	T	0	0	43	38.1395348837209
A_PB1	2085	50	A	0	0	50	36.1
A_PB1	2086	50	T	0	0	50	36.02
A_PB1	2087	49	T	1	0	49	36.3469387755102
A_PB1	2088	49	C	1	0	49	32.8163265306122
A_PB1	2089	48	G	2	0	47	33.4893617021277
A_PB1	2090	49	A	1	0	48	32.9166666666667
A_PB1	2091	49	G	1	0	48	33.75
A_PB1	2092	50	A	0	0	50	33.96
A_PB1	2093	50	A	0	0	50	37.52
A_PB1	2094	50	A	0	0	48	39.8125
A_PB1	2095	50	T	0	0	50	39.98
A_PB1	2096	50	T	0	0	49	39.3061224489796
A_PB1	2097	50	T	0	0	49	38.1632653061224
A_PB1	2098	50	T	0	0	49	38.5714285714286
A_PB1	2099	50	T	0	0	50	37.46
A_PB1	2100	48	C	2	0	47	37.936170212766
A_PB1	2101	50	C	0	0	50	38
A_PB1	2102	50	C	0	0	49	35.9387755102041
A_PB1	2103	48	T	2	0	48	31.7291666666667
A_PB1	2104	49	A	1	0	49	35.3469387755102
A_PB1	2105	49	G	1	0	49	38.3061224489796
A_PB1	2106	50	C	0	0	50	37.06
A_PB1	2107	50	A	0	0	50	38.24
A_PB1	2108	50	G	0	0	49	39.1020408163265
A_PB1	2109	50	T	0	0	49	39.8571428571429
A_PB1	2110	50	T	0	0	50	38.72
A_PB1	2111	50	C	0	0	50	37.24
A_PB1	2112	50	A	0	0	50	36.56
A_PB1	2113	50	T	0	0	50	36.78
A_PB1	2114	50	A	0	0	50	36.98
A_PB1	2115	50	T	0	0	49	37.1632653061224
A_PB1	2116	50	A	0	0	50	36.3
A_PB1	2117	50	G	0	0	50	37.62
A_PB1	2118	50	G	0	0	50	38.4
A_PB1	2119	50	A	0	0	49	38.0204081632653
A_PB1	2120	50	G	0	0	48	38.3125
A_PB1	2121	50	A	0	0	50	39.78
A_PB1	2122	49	C	1	0	47	39.531914893617
A_PB1	2123	50	C	0	0	49	37.7755102040816
A_PB1	2124	50	G	0	0	48	37.75
A_PB1	2125	50	G	0	0	50	37.14
A_PB1	2126	50	T	0	0	50	37.16
A_PB1	2127	47	T	3	0	46	36.304347826087
A_PB1	2128	47	G	3	0	47	36.5744680851064
A_PB1	2129	47	G	3	0	47	37.6382978723404
A_PB1	2130	45	A	5	0	45	36.2666666666667
A_PB1	2131	45	A	5	0	44	35.5454545454545
A_PB1	2132	45	T	5	0	45	36.2666666666667
A_PB1	2133	45	T	5	0	45	37.6444444444444
A_PB1	2134	46	T	4	0	46	38.0652173913044
A_PB1	2135	45	C	5	0	45	36.9111111111111
A_PB1	2136	47	T	4	0	47	37.6170212765957
A_PB1	2137	47	A	4	0	47	37.2978723404255
A_PB1	2138	48	G	3	0	47	37.4893617021277
A_PB1	2139	48	C	3	0	48	37.2291666666667
A_PB1	2140	48	A	3	0	47	37.5531914893617
A_PB1	2141	50	T	1	0	50	37.4
A_PB1	2142	51	G	0	0	51	38.7843137254902
A_PB1	2143	51	G	0	0	51	39.2941176470588
A_PB1	2144	56	T	0	0	56	39.8571428571429
A_PB1	2145	56	G	0	0	56	40.8392857142857
A_PB1	2146	56	G	0	0	56	41.9464285714286
A_PB1	2147	56	A	0	0	56	39.4285714285714
A_PB1	2148	56	G	0	0	56	39.1607142857143
A_PB1	2149	56	G	0	0	56	39.2321428571429
A_PB1	2150	56	C	0	0	56	39.9107142857143
A_PB1	2151	56	C	0	0	56	39.9464285714286
A_PB1	2152	56	A	0	0	56	40.8928571428571
A_PB1	2153	56	T	0	0	56	40.6607142857143
A_PB1	2154	56	G	0	0	55	37.5090909090909
A_PB1	2155	56	G	0	0	56	36.9821428571429
A_PB1	2156	56	T	0	0	56	37.25
A_PB1	2157	56	G	0	0	54	37.1111111111111
A_PB1	2158	56	T	0	0	56	36.7142857142857
A_PB1	2159	56	C	0	0	54	37.5185185185185
A_PB1	2160	56	T	0	0	55	37.9636363636364
A_PB1	2161	55	A	1	0	55	35.2909090909091
A_PB1	2162	56	G	0	0	56	35.6964285714286
A_PB1	2163	56	G	0	0	56	35.4107142857143
A_PB1	2164	56	G	0	0	56	35.5535714285714
A_PB1	2165	56	C	0	0	56	35.5357142857143
A_PB1	2166	56	C	0	0	56	38.3035714285714
A_PB1	2167	56	C	0	0	55	38.7090909090909
A_PB1	2168	56	G	0	0	56	36.5535714285714
A_PB1	2169	56	G	0	0	56	35.8214285714286
A_PB1	2170	56	A	0	0	56	36.125
A_PB1	2171	56	T	0	0	56	35.7857142857143
A_PB1	2172	56	T	0	0	55	36.4545454545455
A_PB1	2173	56	G	0	0	56	35.7857142857143
A_PB1	2174	56	A	0	0	56	35.625
A_PB1	2175	56	T	0	0	56	37.4464285714286
A_PB1	2176	56	G	0	0	56	36.9285714285714
A_PB1	2177	56	C	0	0	56	36.9464285714286
A_PB1	2178	56	C	0	0	56	37.25
A_PB1	2179	56	A	0	0	56	35.6428571428571
A_PB1	2180	56	G	0	0	55	35.4545454545455
A_PB1	2181	56	A	0	0	56	36.5535714285714
A_PB1	2182	56	G	0	0	56	37.5
A_PB1	2183	56	T	0	0	56	39.3035714285714
A_PB1	2184	55	C	1	0	53	38.4716981132075
A_PB1	2185	56	G	0	0	55	38.8727272727273
A_PB1	2186	56	A	0	0	56	37.8392857142857
A_PB1	2187	56	C	0	0	56	37.4285714285714
A_PB1	2188	56	T	0	0	56	37.8214285714286
A_PB1	2189	56	T	0	0	56	39.0892857142857
A_PB1	2190	56	T	0	0	56	37.1071428571429
A_PB1	2191	56	G	0	0	56	35.6964285714286
A_PB1	2192	56	A	0	0	56	35.3035714285714
A_PB1	2193	56	G	0	0	55	36.0181818181818
A_PB1	2194	56	T	0	0	54	35.5925925925926
A_PB1	2195	56	C	0	0	54	35.9814814814815
A_PB1	2196	56	T	0	0	56	35.8928571428571
A_PB1	2197	56	G	0	0	55	33.9090909090909
A_PB1	2198	56	G	0	0	54	35.3148148148148
A_PB1	2199	56	A	0	0	55	34.8909090909091
A_PB1	2200	56	C	0	0	54	34.8703703703704
A_PB1	2201	56	G	0	0	55	33.1454545454545
A_PB1	2202	56	G	0	0	56	32.5
A_PB1	2203	55	A	1	0	55	33.5272727272727
A_PB1	2204	55	T	1	0	55	33.2181818181818
A_PB1	2205	55	T	1	0	55	33.5090909090909
A_PB1	2206	52	A	4	0	52	32.0192307692308
A_PB1	2207	56	A	0	0	56	31.75
A_PB1	2208	56	A	0	0	55	31
A_PB1	2209	56	A	0	0	55	32.2909090909091
A_PB1	2210	56	A	0	0	56	34.1785714285714
A_PB1	2211	56	A	0	0	56	35.0714285714286
A_PB1	2212	56	G	0	0	55	35.3454545454545
A_PB1	2213	56	A	0	0	56	34.5892857142857
A_PB1	2214	55	A	1	0	55	35.7454545454545
A_PB1	2215	54	G	2	0	54	35.6851851851852
A_PB1	2216	55	A	1	0	55	36.1636363636364
A_PB1	2217	55	A	1	0	55	36.2909090909091
A_PB1	2218	55	T	1	0	55	36.5090909090909
A_PB1	2219	54	T	2	0	54	35.7962962962963
A_PB1	2220	54	C	2	0	52	36.5769230769231
A_PB1	2221	56	T	0	0	56	36.0892857142857
A_PB1	2222	56	C	0	0	56	34.7142857142857
A_PB1	2223	56	T	0	0	56	36.0178571428571
A_PB1	2224	55	G	1	0	55	35.5090909090909
A_PB1	2225	55	A	1	0	55	36.8181818181818
A_PB1	2226	55	G	1	0	55	36.4545454545455
A_PB1	2227	56	A	0	0	56	37.8392857142857
A_PB1	2228	56	T	0	0	55	38.2545454545455
A_PB1	2229	56	C	0	0	56	37.3928571428571
A_PB1	2230	56	A	0	0	55	38.0363636363636
A_PB1	2231	56	T	0	0	55	38.1090909090909
A_PB1	2232	55	G	1	0	54	37.3333333333333
A_PB1	2233	55	A	1	0	55	38.5818181818182
A_PB1	2234	56	A	0	0	55	39.3636363636364
A_PB1	2235	56	G	0	0	55	40.2
A_PB1	2236	56	A	0	0	56	39.375
A_PB1	2237	55	T	1	0	54	39.6111111111111
A_PB1	2238	56	C	0	0	56	38.3035714285714
A_PB1	2239	56	T	0	0	56	38.4642857142857
A_PB1	2240	56	G	0	0	56	37.4107142857143
A_PB1	2241	56	T	0	0	56	38.0714285714286
A_PB1	2242	55	T	1	0	55	38.1818181818182
A_PB1	2243	55	C	1	0	55	36.9272727272727
A_PB1	2244	56	C	0	0	56	36.3214285714286
A_PB1	2245	56	A	0	0	56	37.2142857142857
A_PB1	2246	56	C	0	0	56	37.375
A_PB1	2247	56	C	0	0	56	38.5714285714286
A_PB1	2248	56	A	0	0	56	39.1964285714286
A_PB1	2249	56	T	0	0	56	38.6785714285714
A_PB1	2250	56	T	0	0	56	38.2678571428571
A_PB1	2251	56	G	0	0	56	38.0714285714286
A_PB1	2252	56	A	0	0	56	37.9642857142857
A_PB1	2253	56	A	0	0	55	37.9272727272727
A_PB1	2254	56	G	0	0	55	37.6363636363636
A_PB1	2255	56	A	0	0	56	39.4642857142857
A_PB1	2256	56	A	0	0	56	39.9107142857143
A_PB1	2257	56	C	0	0	56	39.3035714285714
A_PB1	2258	55	T	1	0	55	38.7818181818182
A_PB1	2259	56	C	0	0	53	37.3962264150943
A_PB1	2260	56	A	0	0	55	37.6727272727273
A_PB1	2261	56	G	0	0	55	37.3454545454545
A_PB1	2262	56	A	0	0	56	37.1607142857143
A_PB1	2263	56	C	0	0	55	36.3818181818182
A_PB1	2264	56	G	0	0	56	35.6964285714286
A_PB1	2265	56	G	0	0	56	35.625
A_PB1	2266	56	C	0	0	56	35.7857142857143
A_PB1	2267	56	A	0	0	56	36.0357142857143
A_PB1	2268	56	A	0	0	56	37.8571428571429
A_PB1	2269	55	A	0	0	55	38.3272727272727
A_PB1	2270	55	G	0	0	55	38.2727272727273
A_PB1	2271	55	A	0	0	55	37.6545454545455
A_PB1	2272	55	T	0	0	55	37.6545454545455
A_PB1	2273	55	A	0	0	55	36.9454545454545
A_PB1	2274	55	A	0	0	55	36.7090909090909
