Reference_Name	Position	Coverage Depth	Consensus	Deletions	Ambiguous	Consensus_Count	Consensus_Average_Quality
A_PB2	1	45	A	0	0	45	37.7111111111111
A_PB2	2	45	T	0	0	45	39.2222222222222
A_PB2	3	45	G	0	0	45	37.3555555555556
A_PB2	4	46	G	0	0	46	36.6739130434783
A_PB2	5	46	A	0	0	46	36.8913043478261
A_PB2	6	46	G	0	0	46	38.0869565217391
A_PB2	7	46	A	0	0	46	39.5217391304348
A_PB2	8	46	G	0	0	46	36.9782608695652
A_PB2	9	46	A	0	0	46	36.8260869565217
A_PB2	10	46	A	0	0	46	37.3478260869565
A_PB2	11	46	T	0	0	46	36.3913043478261
A_PB2	12	46	A	0	0	46	36.0652173913044
A_PB2	13	46	A	0	0	46	37.7608695652174
A_PB2	14	46	A	0	0	46	39.4565217391304
A_PB2	15	46	A	0	0	46	40.3695652173913
A_PB2	16	46	G	0	0	46	41.5652173913044
A_PB2	17	46	A	0	0	46	39.3913043478261
A_PB2	18	46	G	0	0	46	38.8695652173913
A_PB2	19	46	C	0	0	46	36.0434782608696
A_PB2	20	46	T	0	0	46	35.7173913043478
A_PB2	21	46	G	0	0	45	31.3333333333333
A_PB2	22	46	A	0	0	46	30.0217391304348
A_PB2	23	46	G	0	0	45	30.4888888888889
A_PB2	24	46	A	0	0	46	30.7173913043478
A_PB2	25	46	G	0	0	46	33.5217391304348
A_PB2	26	46	A	0	0	46	34.6304347826087
A_PB2	27	46	T	0	0	46	37.0217391304348
A_PB2	28	46	C	0	0	45	37.1333333333333
A_PB2	29	46	T	0	0	46	35.3913043478261
A_PB2	30	45	A	1	0	44	34.7954545454545
A_PB2	31	46	A	0	0	46	33.0217391304348
A_PB2	32	46	T	0	0	46	34.4782608695652
A_PB2	33	46	G	0	0	45	37.6888888888889
A_PB2	34	46	T	0	0	46	38.1739130434783
A_PB2	35	46	C	0	0	45	37.2666666666667
A_PB2	36	46	G	0	0	45	36.4444444444444
A_PB2	37	46	C	0	0	46	35.6304347826087
A_PB2	38	46	A	0	0	46	35.9130434782609
A_PB2	39	46	G	0	0	46	35.3695652173913
A_PB2	40	46	T	0	0	46	35.6521739130435
A_PB2	41	43	C	3	0	43	36
A_PB2	42	46	C	0	0	46	34.8260869565217
A_PB2	43	46	C	0	0	46	33.9347826086956
A_PB2	44	46	G	0	0	45	32.7333333333333
A_PB2	45	45	C	1	0	45	34.2222222222222
A_PB2	46	45	A	1	0	45	35.6666666666667
A_PB2	47	45	C	1	0	45	36.4
A_PB2	48	45	T	1	0	45	37.4444444444444
A_PB2	49	46	C	0	0	44	36.1136363636364
A_PB2	50	46	G	0	0	45	35
A_PB2	51	46	C	0	0	46	35.1521739130435
A_PB2	52	46	G	0	0	46	34.195652173913
A_PB2	53	46	A	0	0	46	34.1304347826087
A_PB2	54	46	G	0	0	46	35.0652173913044
A_PB2	55	46	A	0	0	46	36.1086956521739
A_PB2	56	47	T	0	0	47	39.2978723404255
A_PB2	57	47	A	0	0	47	38.2340425531915
A_PB2	58	47	C	0	0	46	38.1304347826087
A_PB2	59	47	T	0	0	47	37.8085106382979
A_PB2	60	47	C	0	0	47	37.5531914893617
A_PB2	61	47	A	0	0	47	37.5957446808511
A_PB2	62	47	C	0	0	47	37.8936170212766
A_PB2	63	47	T	0	0	47	37.8936170212766
A_PB2	64	47	A	0	0	47	37.2127659574468
A_PB2	65	47	A	0	0	47	37.7446808510638
A_PB2	66	47	G	0	0	47	36.8085106382979
A_PB2	67	47	A	0	0	47	37.2340425531915
A_PB2	68	47	C	0	0	47	38.4042553191489
A_PB2	69	47	C	0	0	47	39.3404255319149
A_PB2	70	47	A	0	0	47	39.4255319148936
A_PB2	71	47	C	0	0	47	40.3404255319149
A_PB2	72	47	T	0	0	47	40.1489361702128
A_PB2	73	47	G	0	0	47	39.6170212765957
A_PB2	74	47	T	0	0	47	40.3829787234043
A_PB2	75	47	G	0	0	47	39.4042553191489
A_PB2	76	47	G	0	0	47	40.1489361702128
A_PB2	77	47	A	0	0	47	39.9148936170213
A_PB2	78	47	C	0	0	47	38.8936170212766
A_PB2	79	47	C	0	0	47	40.1276595744681
A_PB2	80	47	A	0	0	47	40.2127659574468
A_PB2	81	47	T	0	0	47	39.468085106383
A_PB2	82	47	A	0	0	47	40.1489361702128
A_PB2	83	47	T	0	0	47	40.0212765957447
A_PB2	84	47	G	0	0	47	40.3829787234043
A_PB2	85	47	G	0	0	47	40.0851063829787
A_PB2	86	47	C	0	0	47	41
A_PB2	87	47	C	0	0	47	39.3404255319149
A_PB2	88	47	A	0	0	47	40.7872340425532
A_PB2	89	47	T	0	0	47	40.6170212765957
A_PB2	90	47	C	0	0	47	40.1276595744681
A_PB2	91	47	A	0	0	47	40.4042553191489
A_PB2	92	47	T	0	0	47	40.0851063829787
A_PB2	93	47	C	0	0	47	38.063829787234
A_PB2	94	44	A	3	0	44	37.8636363636364
A_PB2	95	45	A	2	0	45	37.9777777777778
A_PB2	96	47	G	0	0	47	38
A_PB2	97	47	A	0	0	47	38.2978723404255
A_PB2	98	47	A	0	0	47	38.8085106382979
A_PB2	99	47	G	0	0	47	38.3617021276596
A_PB2	100	45	T	2	0	45	38.9111111111111
A_PB2	101	47	A	0	0	45	37.8666666666667
A_PB2	102	47	C	0	0	47	40.3191489361702
A_PB2	103	47	A	0	0	47	36.8936170212766
A_PB2	104	47	C	0	0	47	37.0425531914894
A_PB2	105	47	A	0	0	47	36.2765957446809
A_PB2	106	47	T	0	0	47	36.8723404255319
A_PB2	107	47	C	0	0	47	35.3829787234043
A_PB2	108	47	G	0	0	47	36.8297872340426
A_PB2	109	47	G	0	0	47	36.8510638297872
A_PB2	110	47	G	0	0	47	36.9574468085106
A_PB2	111	47	A	0	0	46	37.9130434782609
A_PB2	112	47	A	0	0	47	40.3404255319149
A_PB2	113	47	G	0	0	47	41.936170212766
A_PB2	114	47	G	0	0	47	40.7021276595745
A_PB2	115	47	C	0	0	47	41.063829787234
A_PB2	116	47	A	0	0	47	39.4042553191489
A_PB2	117	47	A	0	0	46	37.4565217391304
A_PB2	118	47	G	0	0	46	37.6521739130435
A_PB2	119	47	A	0	0	47	36.468085106383
A_PB2	120	47	G	0	0	47	37.4893617021277
A_PB2	121	47	A	0	0	47	37
A_PB2	122	47	A	0	0	46	36.8478260869565
A_PB2	123	47	G	0	0	47	37.2340425531915
A_PB2	124	47	A	0	0	47	38.2553191489362
A_PB2	125	47	A	0	0	47	39.063829787234
A_PB2	126	47	C	0	0	47	36.936170212766
A_PB2	127	47	C	0	0	46	36.3260869565217
A_PB2	128	48	C	0	0	48	36.0833333333333
A_PB2	129	48	C	0	0	48	35.5
A_PB2	130	48	G	0	0	48	33.2083333333333
A_PB2	131	48	C	0	0	48	35.4583333333333
A_PB2	132	48	G	0	0	48	36.875
A_PB2	133	48	C	0	0	48	37.0833333333333
A_PB2	134	48	T	0	0	48	37.2083333333333
A_PB2	135	48	C	0	0	48	37.2708333333333
A_PB2	136	48	A	0	0	48	37.5625
A_PB2	137	48	G	0	0	48	37.1875
A_PB2	138	48	A	0	0	48	37.8958333333333
A_PB2	139	48	A	0	0	48	38.1458333333333
A_PB2	140	48	T	0	0	48	36.6666666666667
A_PB2	141	48	G	0	0	47	36.4255319148936
A_PB2	142	48	A	0	0	48	36.7708333333333
A_PB2	143	48	A	0	0	48	36.9375
A_PB2	144	48	G	0	0	48	37.125
A_PB2	145	48	T	0	0	48	37.7291666666667
A_PB2	146	48	G	0	0	48	36.5208333333333
A_PB2	147	47	G	1	0	47	39.0851063829787
A_PB2	148	47	A	1	0	47	38.3404255319149
A_PB2	149	47	T	1	0	47	39.7234042553191
A_PB2	150	48	G	0	0	48	39.4375
A_PB2	151	48	A	0	0	48	40.7083333333333
A_PB2	152	48	T	0	0	48	40.4791666666667
A_PB2	153	48	G	0	0	47	40.5957446808511
A_PB2	154	48	G	0	0	48	41.5625
A_PB2	155	48	C	0	0	48	40.1875
A_PB2	156	47	A	1	0	47	39.7872340425532
A_PB2	157	47	A	1	0	47	40.3191489361702
A_PB2	158	47	T	1	0	47	41.0851063829787
A_PB2	159	47	G	1	0	47	39.3617021276596
A_PB2	160	47	A	1	0	47	40.2553191489362
A_PB2	161	48	A	0	0	47	41.3404255319149
A_PB2	162	46	A	2	0	46	41.1521739130435
A_PB2	163	46	T	2	0	46	40.6304347826087
A_PB2	164	46	A	2	0	45	39.5333333333333
A_PB2	165	46	C	2	0	46	39.3913043478261
A_PB2	166	46	C	2	0	46	38.1521739130435
A_PB2	167	46	C	2	0	46	38.9130434782609
A_PB2	168	46	A	2	0	45	39
A_PB2	169	46	A	2	0	46	39.4782608695652
A_PB2	170	46	T	2	0	46	39.6739130434783
A_PB2	171	46	T	2	0	46	39.5434782608696
A_PB2	172	46	A	2	0	46	38.9565217391304
A_PB2	173	46	C	2	0	46	39.8913043478261
A_PB2	174	46	G	2	0	46	38.4130434782609
A_PB2	175	45	G	3	0	45	38.6444444444444
A_PB2	176	45	C	3	0	45	38.2666666666667
A_PB2	177	45	A	3	0	45	38.2444444444444
A_PB2	178	46	G	2	0	46	38.9347826086956
A_PB2	179	46	A	2	0	46	39.2826086956522
A_PB2	180	46	C	2	0	46	38.0652173913044
A_PB2	181	46	A	2	0	46	38.3695652173913
A_PB2	182	46	A	2	0	46	38.0217391304348
A_PB2	183	46	G	2	0	46	36.5434782608696
A_PB2	184	46	A	2	0	45	38.6666666666667
A_PB2	185	46	G	2	0	45	37.2222222222222
A_PB2	186	45	A	3	0	44	38.6590909090909
A_PB2	187	45	A	3	0	45	38
A_PB2	188	45	T	3	0	45	38.7777777777778
A_PB2	189	46	A	2	0	46	38.6521739130435
A_PB2	190	46	A	2	0	46	39.2391304347826
A_PB2	191	46	T	2	0	45	40.3555555555556
A_PB2	192	46	G	2	0	46	38.8695652173913
A_PB2	193	46	G	2	0	46	39.6521739130435
A_PB2	194	46	A	2	0	46	39.6739130434783
A_PB2	195	46	C	2	0	46	38.9130434782609
A_PB2	196	48	A	0	0	48	39.4166666666667
A_PB2	197	48	T	0	0	48	39.6458333333333
A_PB2	198	48	A	0	0	47	38.6595744680851
A_PB2	199	48	A	0	0	48	38.375
A_PB2	200	48	T	0	0	48	39.4166666666667
A_PB2	201	47	C	1	0	46	39
A_PB2	202	48	C	0	0	48	37.7291666666667
A_PB2	203	47	C	1	0	47	39.936170212766
A_PB2	204	46	A	2	0	46	37
A_PB2	205	46	G	2	0	46	37.1086956521739
A_PB2	206	48	A	0	0	48	36.5208333333333
A_PB2	207	48	G	0	0	48	35.1666666666667
A_PB2	208	48	A	0	0	48	38.7916666666667
A_PB2	209	48	G	0	0	48	39.8125
A_PB2	210	48	G	0	0	48	41.9166666666667
A_PB2	211	48	A	0	0	48	41.9791666666667
A_PB2	212	48	A	0	0	48	43.0208333333333
A_PB2	213	48	T	0	0	48	41.7083333333333
A_PB2	214	48	G	0	0	48	40.5208333333333
A_PB2	215	48	A	0	0	48	40.75
A_PB2	216	47	A	0	0	46	38.8478260869565
A_PB2	217	47	C	0	0	47	40.1276595744681
A_PB2	218	47	A	0	0	47	39.2978723404255
A_PB2	219	46	A	0	0	46	39.5869565217391
A_PB2	220	46	G	0	0	46	39.9782608695652
A_PB2	221	46	G	0	0	46	40.2826086956522
A_PB2	222	46	A	0	0	46	40.4347826086956
A_PB2	223	46	C	0	0	46	40.1086956521739
A_PB2	224	46	A	0	0	46	38.195652173913
A_PB2	225	46	G	0	0	46	38.4347826086956
A_PB2	226	44	A	0	0	44	39.1363636363636
A_PB2	227	44	C	0	0	44	38.8181818181818
A_PB2	228	44	C	0	0	44	39.1363636363636
A_PB2	229	44	C	0	0	44	37.9772727272727
A_PB2	230	44	T	0	0	44	38.6136363636364
A_PB2	231	44	C	0	0	44	38.9772727272727
A_PB2	232	44	T	0	0	44	38.7727272727273
A_PB2	233	44	G	0	0	44	36.8409090909091
A_PB2	234	43	G	1	0	43	37
A_PB2	235	43	A	1	0	42	37.2380952380952
A_PB2	236	44	G	0	0	44	39.2954545454545
A_PB2	237	44	C	0	0	44	40.1136363636364
A_PB2	238	44	A	0	0	44	39.3409090909091
A_PB2	239	44	A	0	0	44	39.3863636363636
A_PB2	240	44	A	0	0	44	40.1590909090909
A_PB2	241	44	A	0	0	44	40.2727272727273
A_PB2	242	44	T	0	0	44	39.9772727272727
A_PB2	243	44	G	0	0	43	39.1627906976744
A_PB2	244	44	A	0	0	44	40.3181818181818
A_PB2	245	44	A	0	0	43	41.6744186046512
A_PB2	246	44	C	0	0	44	41.6363636363636
A_PB2	247	44	G	0	0	42	41
A_PB2	248	44	A	0	0	44	40.3863636363636
A_PB2	249	44	T	0	0	44	39.6590909090909
A_PB2	250	43	G	0	0	43	40.2325581395349
A_PB2	251	43	C	0	0	43	41.4651162790698
A_PB2	252	42	T	0	0	42	42.5952380952381
A_PB2	253	42	G	0	0	42	40.5
A_PB2	254	42	G	0	0	42	40.9523809523809
A_PB2	255	42	A	0	0	42	39.7857142857143
A_PB2	256	42	T	0	0	42	40.4761904761905
A_PB2	257	42	C	0	0	42	39.4047619047619
A_PB2	258	42	A	0	0	42	39.9523809523809
A_PB2	259	42	G	0	0	42	40.0714285714286
A_PB2	260	42	A	0	0	42	39.5714285714286
A_PB2	261	42	C	0	0	42	38.8333333333333
A_PB2	262	42	C	0	0	42	38.9285714285714
A_PB2	263	43	G	0	0	43	37.1395348837209
A_PB2	264	43	A	0	0	43	37.7441860465116
A_PB2	265	43	G	0	0	43	38.1627906976744
A_PB2	266	43	T	0	0	43	38.4418604651163
A_PB2	267	43	G	0	0	43	40.4883720930233
A_PB2	268	42	A	0	0	42	41.8809523809524
A_PB2	269	42	T	0	0	42	42.3571428571429
A_PB2	270	42	G	0	0	42	41.8809523809524
A_PB2	271	42	G	0	0	42	42.2380952380952
A_PB2	272	42	T	0	0	42	41.0476190476191
A_PB2	273	42	A	0	0	42	39.5476190476191
A_PB2	274	42	T	0	0	42	39.7142857142857
A_PB2	275	42	C	0	0	42	38.4523809523809
A_PB2	276	42	A	0	0	42	38.1190476190476
A_PB2	277	42	C	0	0	42	39.7142857142857
A_PB2	278	42	C	0	0	42	40.2142857142857
A_PB2	279	42	T	0	0	42	41.0714285714286
A_PB2	280	42	C	0	0	41	40.8780487804878
A_PB2	281	42	T	0	0	42	40.4523809523809
A_PB2	282	42	G	0	0	42	39.7619047619048
A_PB2	283	25	G	0	0	25	38.04
A_PB2	284	25	C	0	0	25	39.56
A_PB2	285	24	A	1	0	24	38.2083333333333
A_PB2	286	24	G	1	0	24	37.5416666666667
A_PB2	287	24	T	1	0	24	38.2083333333333
A_PB2	288	25	A	0	0	25	35.2
A_PB2	289	25	A	0	0	25	37.36
A_PB2	290	23	C	0	0	22	38.4090909090909
A_PB2	291	23	G	0	0	23	35.3913043478261
A_PB2	292	23	T	0	0	22	36.8636363636364
A_PB2	293	23	G	0	0	22	36.9090909090909
A_PB2	294	23	G	0	0	23	39.7826086956522
A_PB2	295	23	T	0	0	22	39.9090909090909
A_PB2	296	23	G	0	0	23	40.5217391304348
A_PB2	297	23	G	0	0	23	38.7826086956522
A_PB2	298	22	A	1	0	22	40.3636363636364
A_PB2	299	23	A	0	0	23	39.5217391304348
A_PB2	300	23	T	0	0	22	40.1818181818182
A_PB2	301	23	A	0	0	23	37.4347826086956
A_PB2	302	23	G	0	0	23	38.304347826087
A_PB2	303	23	G	0	0	23	38.8695652173913
A_PB2	304	21	A	0	0	21	38.2857142857143
A_PB2	305	21	A	0	0	21	38.9523809523809
A_PB2	306	21	T	0	0	21	40.2380952380952
A_PB2	307	21	G	0	0	21	38.2380952380952
A_PB2	308	21	G	0	0	21	38.7142857142857
A_PB2	309	21	T	0	0	21	38.1904761904762
A_PB2	310	21	C	0	0	20	38.05
A_PB2	311	21	C	0	0	21	36.8095238095238
A_PB2	312	21	A	0	0	21	38.1428571428571
A_PB2	313	21	A	0	0	21	38.0476190476191
A_PB2	314	21	C	0	0	21	37.0952380952381
A_PB2	315	21	A	0	0	21	36.6666666666667
A_PB2	316	21	A	0	0	21	37.0952380952381
A_PB2	317	21	C	0	0	21	37.4761904761905
A_PB2	318	21	A	0	0	21	35.0952380952381
A_PB2	319	21	A	0	0	21	35.8095238095238
A_PB2	320	21	G	0	0	21	37.1428571428571
A_PB2	321	21	T	0	0	21	35.7619047619048
A_PB2	322	21	A	0	0	21	35.9523809523809
A_PB2	323	21	C	0	0	21	35.7619047619048
A_PB2	324	21	A	0	0	21	36.0952380952381
A_PB2	325	21	G	0	0	21	37.9047619047619
A_PB2	326	21	T	0	0	21	38.4285714285714
A_PB2	327	21	T	0	0	21	38.4285714285714
A_PB2	328	21	C	0	0	21	38.9047619047619
A_PB2	329	21	A	0	0	21	40.8095238095238
A_PB2	330	21	T	0	0	21	41.6190476190476
A_PB2	331	21	T	0	0	21	41.9047619047619
A_PB2	332	21	A	0	0	21	40.3333333333333
A_PB2	333	21	C	0	0	21	39
A_PB2	334	21	C	0	0	21	39.2380952380952
A_PB2	335	21	C	0	0	21	38.3809523809524
A_PB2	336	21	T	0	0	21	40.1904761904762
A_PB2	337	21	A	0	0	21	39.4761904761905
A_PB2	338	21	A	0	0	21	40.5714285714286
A_PB2	339	21	G	0	0	21	41.4761904761905
A_PB2	340	21	G	0	0	21	40.6190476190476
A_PB2	341	21	T	0	0	21	41.1904761904762
A_PB2	342	21	A	0	0	21	41.3809523809524
A_PB2	343	21	T	0	0	21	41.3333333333333
A_PB2	344	21	A	0	0	21	40.6190476190476
A_PB2	345	21	T	0	0	21	40.7142857142857
A_PB2	346	21	A	0	0	21	39.9523809523809
A_PB2	347	21	A	0	0	21	41.3809523809524
A_PB2	348	21	A	0	0	21	42.3333333333333
A_PB2	349	21	A	0	0	21	42.4285714285714
A_PB2	350	21	C	0	0	21	42.6666666666667
A_PB2	351	21	T	0	0	21	42.5714285714286
A_PB2	352	21	T	0	0	21	41.9523809523809
A_PB2	353	21	A	0	0	21	39.0952380952381
A_PB2	354	18	T	3	0	18	38.9444444444444
A_PB2	355	21	T	0	0	21	37.6666666666667
A_PB2	356	21	T	0	0	21	36.6190476190476
A_PB2	357	21	C	0	0	21	31.1904761904762
A_PB2	358	21	G	0	0	20	31.75
A_PB2	359	21	A	0	0	21	33.2857142857143
A_PB2	360	21	A	0	0	21	34.7142857142857
A_PB2	361	21	A	0	0	21	36.4761904761905
A_PB2	362	21	A	0	0	21	40.2380952380952
A_PB2	363	21	G	0	0	21	42.2857142857143
A_PB2	364	21	G	0	0	21	41.0952380952381
A_PB2	365	21	T	0	0	21	40.0952380952381
A_PB2	366	21	C	0	0	21	37.7619047619048
A_PB2	367	20	G	1	0	20	38.05
A_PB2	368	21	A	0	0	21	36.9047619047619
A_PB2	369	21	A	0	0	21	37.7142857142857
A_PB2	370	21	A	0	0	21	36.5714285714286
A_PB2	371	20	G	0	0	20	37.8
A_PB2	372	20	G	0	0	20	40.45
A_PB2	373	20	T	0	0	20	39.95
A_PB2	374	20	T	0	0	20	39.05
A_PB2	375	20	A	0	0	20	37.65
A_PB2	376	20	A	0	0	20	40.2
A_PB2	377	20	A	0	0	20	40.25
A_PB2	378	20	A	0	0	20	41.95
A_PB2	379	20	C	0	0	20	41.45
A_PB2	380	20	A	0	0	20	42.6
A_PB2	381	20	T	0	0	20	39.75
A_PB2	382	20	G	0	0	20	39.2
A_PB2	383	20	G	0	0	20	37.55
A_PB2	384	20	T	0	0	20	37.45
A_PB2	385	20	A	0	0	20	37.5
A_PB2	386	20	C	0	0	20	36.75
A_PB2	387	20	C	0	0	20	36.6
A_PB2	388	20	T	0	0	20	37.05
A_PB2	389	20	T	0	0	20	36.35
A_PB2	390	20	C	0	0	20	35.25
A_PB2	391	20	G	0	0	20	34.8
A_PB2	392	20	G	0	0	20	37.35
A_PB2	393	20	C	0	0	20	38.65
A_PB2	394	20	C	0	0	20	37.7
A_PB2	395	20	C	0	0	20	37.2
A_PB2	396	20	T	0	0	20	37.75
A_PB2	397	20	G	0	0	20	38.5
A_PB2	398	20	T	0	0	20	39.15
A_PB2	399	20	C	0	0	20	39.6
A_PB2	400	20	C	0	0	20	40.35
A_PB2	401	20	A	0	0	20	38.3
A_PB2	402	20	C	0	0	20	37.2
A_PB2	403	20	T	0	0	20	38.7
A_PB2	404	20	T	0	0	20	37.55
A_PB2	405	20	C	0	0	20	35.35
A_PB2	406	20	A	0	0	20	35.2
A_PB2	407	20	G	0	0	20	37.15
A_PB2	408	20	A	0	0	19	40.2105263157895
A_PB2	409	20	A	0	0	20	38.5
A_PB2	410	20	A	0	0	20	35.9
A_PB2	411	20	T	0	0	19	37.8947368421053
A_PB2	412	20	C	0	0	19	34.4210526315789
A_PB2	413	20	A	0	0	19	35.8947368421053
A_PB2	414	20	A	0	0	20	34.85
A_PB2	415	20	G	0	0	20	34.5
A_PB2	416	20	T	0	0	20	34
A_PB2	417	20	T	0	0	20	35.7
A_PB2	418	20	A	0	0	20	37.9
A_PB2	419	20	A	0	0	20	38
A_PB2	420	20	A	0	0	20	38.8
A_PB2	421	20	A	0	0	20	40.5
A_PB2	422	20	T	0	0	20	39.55
A_PB2	423	20	A	0	0	20	38.25
A_PB2	424	20	A	0	0	20	36.3
A_PB2	425	20	G	0	0	20	37.05
A_PB2	426	20	G	0	0	20	36.75
A_PB2	427	20	A	0	0	20	36.85
A_PB2	428	20	G	0	0	20	39.6
A_PB2	429	20	G	0	0	20	40.15
A_PB2	430	20	A	0	0	20	38.85
A_PB2	431	20	G	0	0	20	39.65
A_PB2	432	20	A	0	0	20	40.35
A_PB2	433	20	G	0	0	20	41.65
A_PB2	434	18	T	1	0	18	39.2777777777778
A_PB2	435	19	T	0	0	19	41.3684210526316
A_PB2	436	19	G	0	0	19	38.9473684210526
A_PB2	437	19	A	0	0	19	37.8421052631579
A_PB2	438	19	T	0	0	19	37.9473684210526
A_PB2	439	19	A	0	0	19	36.3684210526316
A_PB2	440	19	C	0	0	19	36.8421052631579
A_PB2	441	19	G	0	0	19	35.1578947368421
A_PB2	442	19	A	0	0	19	36.4210526315789
A_PB2	443	19	A	0	0	19	35.4210526315789
A_PB2	444	19	C	0	0	19	37.7368421052632
A_PB2	445	19	C	0	0	19	37.8421052631579
A_PB2	446	19	C	0	0	19	41.7368421052632
A_PB2	447	19	T	0	0	19	39
A_PB2	448	19	G	0	0	19	40.5263157894737
A_PB2	449	19	G	0	0	18	40.6666666666667
A_PB2	450	19	T	0	0	18	43
A_PB2	451	19	C	0	0	18	39.7777777777778
A_PB2	452	19	A	0	0	19	39.4210526315789
A_PB2	453	19	T	0	0	19	40.5789473684211
A_PB2	454	19	G	0	0	19	40.5789473684211
A_PB2	455	19	C	0	0	19	41.8421052631579
A_PB2	456	19	A	0	0	19	39.5789473684211
A_PB2	457	19	G	0	0	18	39.3333333333333
A_PB2	458	18	A	1	0	18	39.7777777777778
A_PB2	459	19	T	0	0	19	40.2105263157895
A_PB2	460	19	C	0	0	18	40.2222222222222
A_PB2	461	19	T	0	0	19	41.7894736842105
A_PB2	462	18	C	0	0	17	41.7058823529412
A_PB2	463	18	A	0	0	17	40.4705882352941
A_PB2	464	18	G	0	0	18	38
A_PB2	465	18	T	0	0	18	38.7222222222222
A_PB2	466	18	G	0	0	18	38.0555555555556
A_PB2	467	18	C	0	0	18	38.4444444444444
A_PB2	468	18	C	0	0	18	38.7222222222222
A_PB2	469	18	A	0	0	18	39
A_PB2	470	18	A	0	0	18	38.7222222222222
A_PB2	471	18	G	0	0	18	40
A_PB2	472	18	G	0	0	18	41.0555555555556
A_PB2	473	18	A	0	0	18	40.4444444444444
A_PB2	474	18	G	0	0	18	40.7222222222222
A_PB2	475	18	G	0	0	18	40
A_PB2	476	18	C	0	0	18	41.8888888888889
A_PB2	477	18	A	0	0	18	40.0555555555556
A_PB2	478	18	C	0	0	18	41.6666666666667
A_PB2	479	18	A	0	0	18	41
A_PB2	480	18	G	0	0	18	42.8333333333333
A_PB2	481	18	G	0	0	18	41.2777777777778
A_PB2	482	18	A	0	0	18	43
A_PB2	483	18	T	0	0	18	43.2777777777778
A_PB2	484	18	G	0	0	18	44.1666666666667
A_PB2	485	18	T	0	0	18	42.7777777777778
A_PB2	486	18	G	0	0	18	42.1111111111111
A_PB2	487	18	A	0	0	18	42.9444444444444
A_PB2	488	18	T	0	0	18	42.9444444444444
A_PB2	489	18	T	0	0	18	44.1111111111111
A_PB2	490	18	A	0	0	18	43.7222222222222
A_PB2	491	18	T	0	0	18	43.6666666666667
A_PB2	492	17	G	0	0	17	44.2941176470588
A_PB2	493	17	G	0	0	17	42.2352941176471
A_PB2	494	17	A	0	0	17	41.4705882352941
A_PB2	495	17	A	0	0	17	42.5294117647059
A_PB2	496	17	G	0	0	17	41.1176470588235
A_PB2	497	17	T	0	0	17	40.9411764705882
A_PB2	498	17	T	0	0	17	42.4117647058824
A_PB2	499	17	G	0	0	17	41.6470588235294
A_PB2	500	17	T	0	0	17	42.1764705882353
A_PB2	501	17	T	0	0	17	43.4705882352941
A_PB2	502	17	T	0	0	17	43.5882352941176
A_PB2	503	17	T	0	0	17	43.5882352941176
A_PB2	504	17	C	0	0	17	41.9411764705882
A_PB2	505	17	C	0	0	17	41.8823529411765
A_PB2	506	17	C	0	0	17	42.4705882352941
A_PB2	507	16	A	1	0	16	35.1875
A_PB2	508	17	A	0	0	17	38.4705882352941
A_PB2	509	17	A	0	0	17	39.5882352941176
A_PB2	510	17	T	0	0	16	39.4375
A_PB2	511	17	G	0	0	16	37.875
A_PB2	512	17	A	0	0	17	37.2352941176471
A_PB2	513	17	A	0	0	17	38.5294117647059
A_PB2	514	17	G	0	0	17	38.4117647058824
A_PB2	515	17	T	0	0	16	38.8125
A_PB2	516	16	G	1	0	16	39.0625
A_PB2	517	16	G	1	0	16	39.9375
A_PB2	518	16	G	1	0	16	38.5625
A_PB2	519	16	G	1	0	16	39
A_PB2	520	16	G	1	0	16	38.375
A_PB2	521	16	C	1	0	16	36.75
A_PB2	522	16	A	1	0	16	38
A_PB2	523	16	A	1	0	16	39.3125
A_PB2	524	16	G	1	0	16	38.0625
A_PB2	525	16	A	1	0	16	42.9375
A_PB2	526	16	A	1	0	16	40.8125
A_PB2	527	17	T	0	0	17	39.9411764705882
A_PB2	528	17	A	0	0	17	39.7647058823529
A_PB2	529	17	C	0	0	17	40.1176470588235
A_PB2	530	17	T	0	0	17	38.5882352941176
A_PB2	531	17	G	0	0	16	40.6875
A_PB2	532	17	A	0	0	17	40.2941176470588
A_PB2	533	17	C	0	0	17	41.8235294117647
A_PB2	534	17	A	0	0	17	41.2352941176471
A_PB2	535	17	T	0	0	17	42.2941176470588
A_PB2	536	17	C	0	0	16	43.1875
A_PB2	537	17	A	0	0	17	42
A_PB2	538	17	G	0	0	17	40.2352941176471
A_PB2	539	17	A	0	0	17	39.2352941176471
A_PB2	540	17	G	0	0	17	39
A_PB2	541	17	T	0	0	17	38.4117647058824
A_PB2	542	17	C	0	0	17	38.6470588235294
A_PB2	543	17	A	0	0	17	38.7647058823529
A_PB2	544	17	C	0	0	17	39.3529411764706
A_PB2	545	17	A	0	0	17	38.6470588235294
A_PB2	546	17	G	0	0	17	38.6470588235294
A_PB2	547	17	C	0	0	17	38.0588235294118
A_PB2	548	17	T	0	0	17	39
A_PB2	549	17	G	0	0	17	39.0588235294118
A_PB2	550	15	G	0	0	15	39.6
A_PB2	551	15	C	0	0	15	42.5333333333333
A_PB2	552	15	A	0	0	15	38.2666666666667
A_PB2	553	15	A	0	0	15	39.3333333333333
A_PB2	554	15	T	0	0	15	40.0666666666667
A_PB2	555	15	A	0	0	15	35.7333333333333
A_PB2	556	15	A	0	0	15	36.2666666666667
A_PB2	557	15	C	0	0	15	34.3333333333333
A_PB2	558	13	A	2	0	13	30.9230769230769
A_PB2	559	15	A	0	0	15	31.0666666666667
A_PB2	560	15	A	0	0	15	29
A_PB2	561	14	A	1	0	14	32.2142857142857
A_PB2	562	14	G	1	0	14	32.0714285714286
A_PB2	563	15	A	0	0	15	36.5333333333333
A_PB2	564	15	G	0	0	15	36.4
A_PB2	565	15	A	0	0	15	35.6
A_PB2	566	15	A	0	0	15	36.5333333333333
A_PB2	567	15	G	0	0	15	35.2666666666667
A_PB2	568	14	A	1	0	14	36.7857142857143
A_PB2	569	15	A	0	0	15	35.4666666666667
A_PB2	570	15	A	0	0	15	36.0666666666667
A_PB2	571	15	G	0	0	15	35.2
A_PB2	572	15	A	0	0	15	37.5333333333333
A_PB2	573	15	A	0	0	15	38.7333333333333
A_PB2	574	15	G	0	0	15	37.3333333333333
A_PB2	575	15	A	0	0	15	36.8666666666667
A_PB2	576	15	G	0	0	15	34.9333333333333
A_PB2	577	15	C	0	0	15	35.0666666666667
A_PB2	578	15	T	0	0	15	35.2666666666667
A_PB2	579	15	C	0	0	15	34
A_PB2	580	15	C	0	0	15	33.4666666666667
A_PB2	581	15	A	0	0	15	31.3333333333333
A_PB2	582	15	G	0	0	15	31.0666666666667
A_PB2	583	15	A	0	0	15	34.6
A_PB2	584	15	A	0	0	15	36.4666666666667
A_PB2	585	15	T	0	0	15	38.5333333333333
A_PB2	586	15	T	0	0	15	38.6
A_PB2	587	15	G	0	0	15	38.8
A_PB2	588	15	T	0	0	15	40.3333333333333
A_PB2	589	14	A	1	0	14	40.7857142857143
A_PB2	590	15	A	0	0	15	42
A_PB2	591	15	A	0	0	15	41.1333333333333
A_PB2	592	15	A	0	0	15	45.4666666666667
A_PB2	593	15	T	0	0	15	45.1333333333333
A_PB2	594	15	T	0	0	15	45.0666666666667
A_PB2	595	15	G	0	0	15	42.4666666666667
A_PB2	596	15	C	0	0	15	42.6
A_PB2	597	15	T	0	0	15	42.6666666666667
A_PB2	598	15	C	0	0	15	41
A_PB2	599	15	C	0	0	15	39.4
A_PB2	600	15	A	0	0	15	37.5333333333333
A_PB2	601	15	T	0	0	15	40.2666666666667
A_PB2	602	15	T	0	0	15	42.0666666666667
A_PB2	603	15	G	0	0	15	40.6
A_PB2	604	15	A	0	0	15	41.4666666666667
A_PB2	605	15	T	0	0	15	40
A_PB2	606	15	G	0	0	15	40.5333333333333
A_PB2	607	15	G	0	0	15	40.7333333333333
A_PB2	608	15	T	0	0	15	39.4666666666667
A_PB2	609	15	G	0	0	15	40.4666666666667
A_PB2	610	15	G	0	0	15	39.8666666666667
A_PB2	611	15	C	0	0	15	37.4
A_PB2	612	15	G	0	0	14	37.2142857142857
A_PB2	613	15	T	0	0	14	38.2142857142857
A_PB2	614	15	A	0	0	15	39.4666666666667
A_PB2	615	15	C	0	0	15	38.4666666666667
A_PB2	616	15	A	0	0	15	39.0666666666667
A_PB2	617	15	T	0	0	15	40.2666666666667
A_PB2	618	15	G	0	0	15	39.5333333333333
A_PB2	619	14	T	0	0	14	40.5714285714286
A_PB2	620	14	T	0	0	14	39.7142857142857
A_PB2	621	13	A	1	0	13	35
A_PB2	622	14	G	0	0	13	36.3076923076923
A_PB2	623	14	A	0	0	14	34.2142857142857
A_PB2	624	14	A	0	0	14	35.2857142857143
A_PB2	625	14	A	0	0	14	36.0714285714286
A_PB2	626	14	G	0	0	14	36.7857142857143
A_PB2	627	14	A	0	0	14	42.5714285714286
A_PB2	628	14	G	0	0	14	41.1428571428571
A_PB2	629	14	A	0	0	14	38.3571428571429
A_PB2	630	14	A	0	0	14	38.5
A_PB2	631	14	T	0	0	14	39.8571428571429
A_PB2	632	14	T	0	0	14	41
A_PB2	633	14	G	0	0	14	40.5714285714286
A_PB2	634	14	G	0	0	14	40.8571428571429
A_PB2	635	14	T	0	0	14	40.8571428571429
A_PB2	636	14	C	0	0	14	41.0714285714286
A_PB2	637	14	C	0	0	14	39.0714285714286
A_PB2	638	14	G	0	0	14	38.2857142857143
A_PB2	639	14	T	0	0	14	38.0714285714286
A_PB2	640	14	A	0	0	14	38
A_PB2	641	14	A	0	0	14	37.9285714285714
A_PB2	642	14	A	0	0	14	41.0714285714286
A_PB2	643	14	A	0	0	14	40.4285714285714
A_PB2	644	14	C	0	0	14	40.1428571428571
A_PB2	645	14	A	0	0	14	41.2857142857143
A_PB2	646	14	A	0	0	14	40.2857142857143
A_PB2	647	14	G	0	0	14	43.3571428571429
A_PB2	648	14	G	0	0	14	42.4285714285714
A_PB2	649	13	T	0	0	13	41.0769230769231
A_PB2	650	13	T	0	0	13	41.8461538461538
A_PB2	651	13	T	0	0	13	39.7692307692308
A_PB2	652	13	C	0	0	13	40.0769230769231
A_PB2	653	13	T	0	0	13	39.6153846153846
A_PB2	654	13	C	0	0	13	37.3846153846154
A_PB2	655	13	C	0	0	13	37.4615384615385
A_PB2	656	13	C	0	0	13	34.4615384615385
A_PB2	657	13	A	0	0	13	33.6923076923077
A_PB2	658	13	G	0	0	13	38.0769230769231
A_PB2	659	13	T	0	0	13	39.8461538461538
A_PB2	660	12	A	0	0	12	38.8333333333333
A_PB2	661	12	G	0	0	12	41.6666666666667
A_PB2	662	12	C	0	0	12	42.9166666666667
A_PB2	663	12	C	0	0	12	38.6666666666667
A_PB2	664	12	G	0	0	12	36.25
A_PB2	665	12	G	0	0	12	37.0833333333333
A_PB2	666	12	T	0	0	12	37.0833333333333
A_PB2	667	12	G	0	0	12	37.0833333333333
A_PB2	668	12	G	0	0	12	38.6666666666667
A_PB2	669	12	G	0	0	12	39.6666666666667
A_PB2	670	12	A	0	0	12	39.8333333333333
A_PB2	671	12	C	0	0	12	40.0833333333333
A_PB2	672	12	A	0	0	12	39.1666666666667
A_PB2	673	12	A	0	0	12	39.8333333333333
A_PB2	674	12	G	0	0	12	42.5
A_PB2	675	12	C	0	0	12	39.5
A_PB2	676	12	A	0	0	12	39
A_PB2	677	12	G	0	0	12	38.5833333333333
A_PB2	678	12	T	0	0	12	36.75
A_PB2	679	12	G	0	0	12	39.4166666666667
A_PB2	680	12	T	0	0	12	42.25
A_PB2	681	12	T	0	0	12	42.0833333333333
A_PB2	682	12	T	0	0	12	41.1666666666667
A_PB2	683	12	A	0	0	12	40.9166666666667
A_PB2	684	12	T	0	0	12	41.3333333333333
A_PB2	685	12	A	0	0	12	42
A_PB2	686	12	T	0	0	12	41.1666666666667
A_PB2	687	12	T	0	0	12	40.6666666666667
A_PB2	688	12	G	0	0	12	40.5
A_PB2	689	12	A	0	0	12	40.5
A_PB2	690	12	G	0	0	12	39.6666666666667
A_PB2	691	12	G	0	0	12	39
A_PB2	692	12	T	0	0	12	38.9166666666667
A_PB2	693	12	G	0	0	12	39.8333333333333
A_PB2	694	12	T	0	0	12	41.3333333333333
A_PB2	695	12	T	0	0	12	41.25
A_PB2	696	12	G	0	0	12	42.0833333333333
A_PB2	697	12	C	0	0	12	43.0833333333333
A_PB2	698	12	A	0	0	12	42.9166666666667
A_PB2	699	12	C	0	0	12	43.4166666666667
A_PB2	700	12	T	0	0	12	40.75
A_PB2	701	12	T	0	0	12	41.0833333333333
A_PB2	702	12	G	0	0	12	40.6666666666667
A_PB2	703	12	A	0	0	12	40.6666666666667
A_PB2	704	12	C	0	0	12	41.75
A_PB2	705	12	C	0	0	12	41.8333333333333
A_PB2	706	12	C	0	0	12	40.4166666666667
A_PB2	707	12	A	0	0	12	38.25
A_PB2	708	12	A	0	0	12	37.5
A_PB2	709	12	G	0	0	12	38.6666666666667
A_PB2	710	12	G	0	0	12	36.8333333333333
A_PB2	711	12	G	0	0	12	43.8333333333333
A_PB2	712	12	A	0	0	12	42.9166666666667
A_PB2	713	12	C	0	0	12	41.1666666666667
A_PB2	714	12	G	0	0	12	35.9166666666667
A_PB2	715	12	T	0	0	12	36.9166666666667
A_PB2	716	12	G	0	0	12	35.3333333333333
A_PB2	717	12	C	0	0	12	35.0833333333333
A_PB2	718	12	T	0	0	12	36
A_PB2	719	11	G	1	0	11	38.3636363636364
A_PB2	720	12	G	0	0	12	41.5
A_PB2	721	12	G	0	0	12	41.25
A_PB2	722	12	A	0	0	12	41
A_PB2	723	12	G	0	0	12	43.6666666666667
A_PB2	724	12	C	0	0	12	42.9166666666667
A_PB2	725	12	A	0	0	12	41.6666666666667
A_PB2	726	12	G	0	0	12	41.1666666666667
A_PB2	727	12	A	0	0	12	41.8333333333333
A_PB2	728	12	T	0	0	12	42
A_PB2	729	12	G	0	0	12	41.3333333333333
A_PB2	730	12	T	0	0	12	42.9166666666667
A_PB2	731	12	A	0	0	12	41.5833333333333
A_PB2	732	12	C	0	0	12	43.0833333333333
A_PB2	733	12	A	0	0	12	42.6666666666667
A_PB2	734	12	C	0	0	12	41.9166666666667
A_PB2	735	12	T	0	0	12	41.5
A_PB2	736	12	C	0	0	12	40.5
A_PB2	737	12	C	0	0	12	39.8333333333333
A_PB2	738	12	A	0	0	12	37
A_PB2	739	12	G	0	0	12	36.5833333333333
A_PB2	740	12	G	0	0	12	40.4166666666667
A_PB2	741	12	A	0	0	12	39.6666666666667
A_PB2	742	12	G	0	0	12	39.75
A_PB2	743	12	G	0	0	12	38.5
A_PB2	744	12	A	0	0	12	39.0833333333333
A_PB2	745	12	G	0	0	12	38.5
A_PB2	746	12	A	0	0	12	42.5
A_PB2	747	12	A	0	0	12	42.8333333333333
A_PB2	748	12	G	0	0	12	41.0833333333333
A_PB2	749	12	T	0	0	12	38.5833333333333
A_PB2	750	12	G	0	0	12	37
A_PB2	751	12	A	0	0	12	37.8333333333333
A_PB2	752	12	G	0	0	12	38.9166666666667
A_PB2	753	12	A	0	0	12	36.0833333333333
A_PB2	754	12	A	0	0	12	38.5833333333333
A_PB2	755	12	A	0	0	12	39.1666666666667
A_PB2	756	12	T	0	0	12	40
A_PB2	757	12	G	0	0	12	40.4166666666667
A_PB2	758	12	A	0	0	12	40.8333333333333
A_PB2	759	12	T	0	0	12	41.3333333333333
A_PB2	760	12	G	0	0	12	41.3333333333333
A_PB2	761	11	A	1	0	11	42.0909090909091
A_PB2	762	12	T	0	0	12	43.3333333333333
A_PB2	763	12	G	0	0	12	42.5
A_PB2	764	12	T	0	0	12	42.25
A_PB2	765	12	T	0	0	12	43.9166666666667
A_PB2	766	12	G	0	0	12	43
A_PB2	767	12	A	0	0	12	46.4166666666667
A_PB2	768	12	C	0	0	12	44.3333333333333
A_PB2	769	12	C	0	0	12	44
A_PB2	770	12	A	0	0	12	41.4166666666667
A_PB2	771	12	A	0	0	12	43.0833333333333
A_PB2	772	12	A	0	0	12	42.0833333333333
A_PB2	773	12	G	0	0	12	42.1666666666667
A_PB2	774	12	C	0	0	12	41.4166666666667
A_PB2	775	12	T	0	0	12	45.3333333333333
A_PB2	776	12	T	0	0	12	43.1666666666667
A_PB2	777	12	G	0	0	12	43.3333333333333
A_PB2	778	12	A	0	0	12	44.0833333333333
A_PB2	779	12	T	0	0	12	42.3333333333333
A_PB2	780	12	T	0	0	12	40.75
A_PB2	781	12	A	0	0	12	41.0833333333333
A_PB2	782	12	T	0	0	12	43.0833333333333
A_PB2	783	12	C	0	0	12	40
A_PB2	784	12	G	0	0	12	35.6666666666667
A_PB2	785	12	C	0	0	12	36
A_PB2	786	12	T	0	0	12	35.9166666666667
A_PB2	787	12	G	0	0	12	34.8333333333333
A_PB2	788	12	C	0	0	12	35.3333333333333
A_PB2	789	12	T	0	0	12	38.1666666666667
A_PB2	790	12	A	0	0	12	35.1666666666667
A_PB2	791	12	G	0	0	12	36.8333333333333
A_PB2	792	12	A	0	0	12	38.1666666666667
A_PB2	793	12	A	0	0	12	38.9166666666667
A_PB2	794	12	A	0	0	12	39.75
A_PB2	795	12	C	0	0	12	37.5833333333333
A_PB2	796	12	A	0	0	12	35.25
A_PB2	797	12	T	0	0	12	35.75
A_PB2	798	12	A	0	0	11	30.1818181818182
A_PB2	799	12	G	0	0	11	31.1818181818182
A_PB2	800	12	T	0	0	12	29.4166666666667
A_PB2	801	12	A	0	0	12	28.5833333333333
A_PB2	802	12	A	0	0	12	28.3333333333333
A_PB2	803	12	G	0	0	12	30.6666666666667
A_PB2	804	12	A	0	0	12	31.6666666666667
A_PB2	805	12	A	0	0	12	35.3333333333333
A_PB2	806	12	G	0	0	12	32.8333333333333
A_PB2	807	12	A	0	0	12	34.3333333333333
A_PB2	808	12	G	0	0	12	34.6666666666667
A_PB2	809	12	C	0	0	12	40
A_PB2	810	12	A	0	0	12	40.6666666666667
A_PB2	811	12	G	0	0	12	43.5833333333333
A_PB2	812	12	C	0	0	12	43.25
A_PB2	813	12	A	0	0	12	42.4166666666667
A_PB2	814	12	G	0	0	12	42.9166666666667
A_PB2	815	12	T	0	0	12	43.25
A_PB2	816	12	G	0	0	12	41.0833333333333
A_PB2	817	12	T	0	0	12	42.75
A_PB2	818	12	C	0	0	12	36.5
A_PB2	819	12	A	0	0	12	36.4166666666667
A_PB2	820	12	G	0	0	12	36.9166666666667
A_PB2	821	11	C	1	0	11	39.2727272727273
A_PB2	822	11	A	1	0	11	39.7272727272727
A_PB2	823	11	G	1	0	11	42.8181818181818
A_PB2	824	11	A	1	0	11	42.6363636363636
A_PB2	825	12	C	0	0	12	37.1666666666667
A_PB2	826	12	C	0	0	12	36.3333333333333
A_PB2	827	12	C	0	0	12	39.25
A_PB2	828	12	A	0	0	12	37
A_PB2	829	12	T	0	0	12	40.3333333333333
A_PB2	830	12	T	0	0	12	40
A_PB2	831	12	A	0	0	12	38.6666666666667
A_PB2	832	12	G	0	0	12	39.9166666666667
A_PB2	833	12	C	0	0	12	42.3333333333333
A_PB2	834	12	A	0	0	12	42.8333333333333
A_PB2	835	12	T	0	0	12	44.6666666666667
A_PB2	836	12	C	0	0	12	41.3333333333333
A_PB2	837	12	T	0	0	12	42.6666666666667
A_PB2	838	12	C	0	0	12	42.5
A_PB2	839	12	T	0	0	12	41.1666666666667
A_PB2	840	12	C	0	0	12	40.5
A_PB2	841	12	T	0	0	12	40.4166666666667
A_PB2	842	12	T	0	0	12	41.5
A_PB2	843	12	G	0	0	12	38.0833333333333
A_PB2	844	12	G	0	0	12	39.25
A_PB2	845	12	A	0	0	12	41.0833333333333
A_PB2	846	12	G	0	0	12	43.0833333333333
A_PB2	847	12	A	0	0	12	43.5
A_PB2	848	12	T	0	0	12	43.8333333333333
A_PB2	849	12	G	0	0	12	41.5833333333333
A_PB2	850	12	T	0	0	12	43.4166666666667
A_PB2	851	12	G	0	0	12	41.9166666666667
A_PB2	852	12	C	0	0	12	41.75
A_PB2	853	12	C	0	0	12	41
A_PB2	854	12	A	0	0	12	41.1666666666667
A_PB2	855	12	C	0	0	12	41.8333333333333
A_PB2	856	12	A	0	0	12	43.1666666666667
A_PB2	857	12	G	0	0	12	43.5833333333333
A_PB2	858	12	C	0	0	12	42
A_PB2	859	12	A	0	0	12	39.75
A_PB2	860	12	C	0	0	12	40.9166666666667
A_PB2	861	12	A	0	0	12	39.6666666666667
A_PB2	862	12	C	0	0	12	38.6666666666667
A_PB2	863	12	A	0	0	12	37.8333333333333
A_PB2	864	12	G	0	0	12	42.0833333333333
A_PB2	865	12	A	0	0	12	42.5833333333333
A_PB2	866	12	T	0	0	12	42.3333333333333
A_PB2	867	12	T	0	0	12	41.6666666666667
A_PB2	868	12	G	0	0	12	40.25
A_PB2	869	12	G	0	0	12	42
A_PB2	870	12	A	0	0	12	41.4166666666667
A_PB2	871	12	G	0	0	12	44.25
A_PB2	872	12	G	0	0	12	41.75
A_PB2	873	12	T	0	0	12	42.8333333333333
A_PB2	874	12	G	0	0	12	39.3333333333333
A_PB2	875	12	T	0	0	12	39.9166666666667
A_PB2	876	12	G	0	0	12	41.5
A_PB2	877	12	A	0	0	12	39.9166666666667
A_PB2	878	12	A	0	0	12	42.5
A_PB2	879	12	G	0	0	12	43.25
A_PB2	880	12	A	0	0	12	41.3333333333333
A_PB2	881	13	T	0	0	13	39.6923076923077
A_PB2	882	13	G	0	0	13	38.3846153846154
A_PB2	883	13	G	0	0	13	38.0769230769231
A_PB2	884	13	T	0	0	13	36.3076923076923
A_PB2	885	13	G	0	0	13	37.7692307692308
A_PB2	886	13	G	0	0	13	38
A_PB2	887	13	A	0	0	13	38.3076923076923
A_PB2	888	13	C	0	0	13	38.7692307692308
A_PB2	889	13	A	0	0	13	40.0769230769231
A_PB2	890	13	T	0	0	13	42.4615384615385
A_PB2	891	13	C	0	0	13	40.6923076923077
A_PB2	892	13	C	0	0	13	41.6923076923077
A_PB2	893	13	T	0	0	13	38.3846153846154
A_PB2	894	13	T	0	0	13	38.3846153846154
A_PB2	895	13	A	0	0	13	37.8461538461538
A_PB2	896	13	A	0	0	13	39.1538461538462
A_PB2	897	13	A	0	0	13	39.8461538461538
A_PB2	898	13	C	0	0	13	41.1538461538462
A_PB2	899	13	A	0	0	13	40.8461538461538
A_PB2	900	13	G	0	0	13	41.8461538461538
A_PB2	901	13	A	0	0	13	40.8461538461538
A_PB2	902	13	A	0	0	13	43.3846153846154
A_PB2	903	13	T	0	0	13	43.2307692307692
A_PB2	904	13	C	0	0	13	42.0769230769231
A_PB2	905	13	C	0	0	13	41.7692307692308
A_PB2	906	13	A	0	0	13	40.9230769230769
A_PB2	907	13	A	0	0	13	41.6153846153846
A_PB2	908	13	C	0	0	13	40.6153846153846
A_PB2	909	13	T	0	0	13	42.3846153846154
A_PB2	910	13	G	0	0	13	37.4615384615385
A_PB2	911	13	A	0	0	13	36.2307692307692
A_PB2	912	13	G	0	0	13	38.8461538461538
A_PB2	913	13	G	0	0	13	37.0769230769231
A_PB2	914	13	A	0	0	13	37.6923076923077
A_PB2	915	13	G	0	0	13	36.0769230769231
A_PB2	916	13	C	0	0	13	37.0769230769231
A_PB2	917	13	A	0	0	13	39.4615384615385
A_PB2	918	13	A	0	0	13	37.6923076923077
A_PB2	919	13	G	0	0	13	38.0769230769231
A_PB2	920	13	C	0	0	13	39.3076923076923
A_PB2	921	13	C	0	0	13	38.9230769230769
A_PB2	922	13	G	0	0	13	36.7692307692308
A_PB2	923	13	T	0	0	13	36.9230769230769
A_PB2	924	13	A	0	0	13	37.2307692307692
A_PB2	925	13	G	0	0	13	35.9230769230769
A_PB2	926	13	A	0	0	13	35
A_PB2	927	13	C	0	0	13	33
A_PB2	928	13	A	0	0	13	37.6153846153846
A_PB2	929	13	T	0	0	13	38.4615384615385
A_PB2	930	13	A	0	0	13	38.0769230769231
A_PB2	931	13	T	0	0	13	36.6153846153846
A_PB2	932	13	G	0	0	13	36.6923076923077
A_PB2	933	13	C	0	0	13	37.6153846153846
A_PB2	934	13	A	0	0	13	37.1538461538462
A_PB2	935	13	A	0	0	13	36.8461538461538
A_PB2	936	13	G	0	0	13	38.2307692307692
A_PB2	937	13	G	0	0	13	37.9230769230769
A_PB2	938	13	C	0	0	13	39.6923076923077
A_PB2	939	13	A	0	0	13	38.4615384615385
A_PB2	940	13	G	0	0	13	38.6153846153846
A_PB2	941	13	C	0	0	13	37.9230769230769
A_PB2	942	13	A	0	0	13	38.6923076923077
A_PB2	943	13	A	0	0	13	39.1538461538462
A_PB2	944	13	T	0	0	13	38.3076923076923
A_PB2	945	13	A	0	0	13	38
A_PB2	946	13	G	0	0	13	39.5384615384615
A_PB2	947	13	G	0	0	13	39.7692307692308
A_PB2	948	13	G	0	0	13	36.6923076923077
A_PB2	949	13	T	0	0	13	38.3076923076923
A_PB2	950	13	T	0	0	13	37.0769230769231
A_PB2	951	13	G	0	0	13	33.2307692307692
A_PB2	952	13	A	0	0	13	34.6153846153846
A_PB2	953	13	G	0	0	13	34.3076923076923
A_PB2	954	13	G	0	0	13	34.9230769230769
A_PB2	955	13	A	0	0	13	36.7692307692308
A_PB2	956	13	T	0	0	13	37.3076923076923
A_PB2	957	13	T	0	0	12	38.25
A_PB2	958	13	A	0	0	12	37.3333333333333
A_PB2	959	13	G	0	0	11	39.5454545454545
A_PB2	960	13	C	0	0	11	41.4545454545455
A_PB2	961	13	T	0	0	13	34.8461538461538
A_PB2	962	13	C	0	0	13	35.6923076923077
A_PB2	963	13	A	0	0	13	33.2307692307692
A_PB2	964	13	T	0	0	13	34.3076923076923
A_PB2	965	13	C	0	0	13	37.5384615384615
A_PB2	966	13	T	0	0	13	38.3846153846154
A_PB2	967	13	T	0	0	13	38.1538461538462
A_PB2	968	13	T	0	0	13	38.3076923076923
A_PB2	969	13	C	0	0	13	37
A_PB2	970	13	A	0	0	13	38.5384615384615
A_PB2	971	13	G	0	0	13	39.2307692307692
A_PB2	972	13	T	0	0	13	39.3076923076923
A_PB2	973	13	T	0	0	13	39.6923076923077
A_PB2	974	13	T	0	0	13	40.2307692307692
A_PB2	975	13	T	0	0	12	42.3333333333333
A_PB2	976	13	G	0	0	12	42.4166666666667
A_PB2	977	13	G	0	0	13	41.5384615384615
A_PB2	978	13	T	0	0	13	40.3076923076923
A_PB2	979	12	G	1	0	12	39.9166666666667
A_PB2	980	12	G	1	0	12	40.5833333333333
A_PB2	981	12	G	1	0	12	40.5833333333333
A_PB2	982	13	T	0	0	12	40.3333333333333
A_PB2	983	13	T	0	0	13	40.8461538461538
A_PB2	984	13	C	0	0	13	38.3846153846154
A_PB2	985	13	A	0	0	13	39.8461538461538
A_PB2	986	13	C	0	0	13	41.0769230769231
A_PB2	987	13	T	0	0	13	39.4615384615385
A_PB2	988	13	T	0	0	13	39.3846153846154
A_PB2	989	13	T	0	0	13	39.1538461538462
A_PB2	990	13	C	0	0	13	35.8461538461538
A_PB2	991	13	A	0	0	13	36.5384615384615
A_PB2	992	13	A	0	0	13	37.7692307692308
A_PB2	993	13	A	0	0	13	39.3076923076923
A_PB2	994	13	A	0	0	13	38.6153846153846
A_PB2	995	13	G	0	0	13	39
A_PB2	996	13	G	0	0	13	40
A_PB2	997	13	A	0	0	13	39.1538461538462
A_PB2	998	13	C	0	0	13	38.6153846153846
A_PB2	999	13	A	0	0	13	38.4615384615385
A_PB2	1000	13	A	0	0	13	39.1538461538462
A_PB2	1001	13	G	0	0	13	40.1538461538462
A_PB2	1002	13	C	0	0	13	38.1538461538462
A_PB2	1003	13	G	0	0	13	36.4615384615385
A_PB2	1004	13	G	0	0	13	37
A_PB2	1005	13	A	0	0	13	36.3076923076923
A_PB2	1006	13	T	0	0	13	37.1538461538462
A_PB2	1007	13	C	0	0	13	38.2307692307692
A_PB2	1008	13	A	0	0	13	38.9230769230769
A_PB2	1009	13	T	0	0	13	39.2307692307692
A_PB2	1010	13	C	0	0	13	39.0769230769231
A_PB2	1011	13	A	0	0	13	40.2307692307692
A_PB2	1012	13	G	0	0	13	40.4615384615385
A_PB2	1013	13	T	0	0	13	40.0769230769231
A_PB2	1014	13	C	0	0	13	37.3846153846154
A_PB2	1015	13	A	0	0	13	35.2307692307692
A_PB2	1016	13	A	0	0	13	34.5384615384615
A_PB2	1017	13	G	0	0	13	34.5384615384615
A_PB2	1018	13	A	0	0	13	35.9230769230769
A_PB2	1019	12	A	1	0	12	35.0833333333333
A_PB2	1020	12	A	1	0	12	35.9166666666667
A_PB2	1021	12	G	1	0	12	34.1666666666667
A_PB2	1022	13	A	0	0	13	32.3076923076923
A_PB2	1023	13	A	0	0	13	34.0769230769231
A_PB2	1024	13	G	0	0	13	34.1538461538462
A_PB2	1025	13	A	0	0	13	33.7692307692308
A_PB2	1026	13	G	0	0	13	38
A_PB2	1027	13	G	0	0	13	36.5384615384615
A_PB2	1028	13	A	0	0	13	36.2307692307692
A_PB2	1029	13	A	0	0	13	37.8461538461538
A_PB2	1030	13	A	0	0	13	39.3076923076923
A_PB2	1031	13	T	0	0	13	40.6153846153846
A_PB2	1032	13	G	0	0	13	40
A_PB2	1033	13	C	0	0	13	37.3846153846154
A_PB2	1034	13	T	0	0	13	37.6153846153846
A_PB2	1035	13	A	0	0	13	37.4615384615385
A_PB2	1036	13	A	0	0	13	34.6153846153846
A_PB2	1037	13	C	0	0	13	35.3076923076923
A_PB2	1038	13	G	0	0	13	33.7692307692308
A_PB2	1039	13	G	0	0	13	34.4615384615385
A_PB2	1040	13	G	0	0	13	33.7692307692308
A_PB2	1041	13	C	0	0	13	34.6153846153846
A_PB2	1042	13	A	0	0	13	34.9230769230769
A_PB2	1043	13	A	0	0	13	37.3076923076923
A_PB2	1044	13	C	0	0	13	35.3846153846154
A_PB2	1045	13	C	0	0	13	34.6923076923077
A_PB2	1046	13	T	0	0	13	35.4615384615385
A_PB2	1047	13	C	0	0	13	34.9230769230769
A_PB2	1048	13	C	0	0	13	34.7692307692308
A_PB2	1049	14	A	0	0	14	36.8571428571429
A_PB2	1050	14	A	0	0	14	37.0714285714286
A_PB2	1051	14	A	0	0	14	37.0714285714286
A_PB2	1052	14	C	0	0	14	39.0714285714286
A_PB2	1053	14	A	0	0	14	38.0714285714286
A_PB2	1054	14	C	0	0	14	38.5
A_PB2	1055	14	T	0	0	14	39.9285714285714
A_PB2	1056	14	G	0	0	14	37.3571428571429
A_PB2	1057	14	A	0	0	14	36.7142857142857
A_PB2	1058	14	A	0	0	14	38.7857142857143
A_PB2	1059	14	A	0	0	14	41.2857142857143
A_PB2	1060	14	T	0	0	14	41.0714285714286
A_PB2	1061	14	T	0	0	14	38.6428571428571
A_PB2	1062	14	A	0	0	14	36.7142857142857
A_PB2	1063	14	A	0	0	14	38.2142857142857
A_PB2	1064	14	G	0	0	14	36.9285714285714
A_PB2	1065	14	A	0	0	14	38.5714285714286
A_PB2	1066	14	G	0	0	14	38.0714285714286
A_PB2	1067	14	T	0	0	14	37.1428571428571
A_PB2	1068	14	A	0	0	14	36.4285714285714
A_PB2	1069	14	C	0	0	14	36.9285714285714
A_PB2	1070	14	A	0	0	14	36.2857142857143
A_PB2	1071	14	T	0	0	14	37.4285714285714
A_PB2	1072	14	G	0	0	14	37.7142857142857
A_PB2	1073	14	A	0	0	14	39.7857142857143
A_PB2	1074	14	A	0	0	14	40.0714285714286
A_PB2	1075	14	G	0	0	14	42
A_PB2	1076	14	G	0	0	14	43.3571428571429
A_PB2	1077	14	G	0	0	14	41.2857142857143
A_PB2	1078	14	T	0	0	14	40.8571428571429
A_PB2	1079	14	A	0	0	14	39.5
A_PB2	1080	14	T	0	0	14	39.1428571428571
A_PB2	1081	14	G	0	0	14	38.5714285714286
A_PB2	1082	14	A	0	0	13	39.8461538461538
A_PB2	1083	14	A	0	0	14	41.9285714285714
A_PB2	1084	14	G	0	0	13	41
A_PB2	1085	14	A	0	0	14	42.2857142857143
A_PB2	1086	14	A	0	0	14	43
A_PB2	1087	14	T	0	0	14	43.0714285714286
A_PB2	1088	14	T	0	0	13	42.2307692307692
A_PB2	1089	14	C	0	0	14	41.4285714285714
A_PB2	1090	14	A	0	0	14	40.7857142857143
A_PB2	1091	14	C	0	0	14	40
A_PB2	1092	14	A	0	0	14	38.5714285714286
A_PB2	1093	14	A	0	0	14	38.1428571428571
A_PB2	1094	14	T	0	0	14	38.9285714285714
A_PB2	1095	14	G	0	0	14	37
A_PB2	1096	14	G	0	0	14	35.0714285714286
A_PB2	1097	14	T	0	0	14	37.4285714285714
A_PB2	1098	14	T	0	0	14	35.7142857142857
A_PB2	1099	14	G	0	0	14	29.8571428571429
A_PB2	1100	14	G	0	0	14	29.2857142857143
A_PB2	1101	13	G	1	0	13	30.6923076923077
A_PB2	1102	13	A	1	0	13	31
A_PB2	1103	14	G	0	0	13	32.8461538461538
A_PB2	1104	13	A	1	0	13	29.4615384615385
A_PB2	1105	14	A	0	0	14	31.7857142857143
A_PB2	1106	14	G	0	0	13	33.9230769230769
A_PB2	1107	14	A	0	0	14	31.5
A_PB2	1108	14	G	0	0	14	30.7142857142857
A_PB2	1109	14	C	0	0	13	30.3076923076923
A_PB2	1110	14	A	0	0	14	30.4285714285714
A_PB2	1111	14	A	0	0	13	30.6153846153846
A_PB2	1112	14	C	0	0	13	29.9230769230769
A_PB2	1113	14	A	0	0	14	33.1428571428571
A_PB2	1114	14	G	0	0	14	36.0714285714286
A_PB2	1115	14	C	0	0	14	35.2857142857143
A_PB2	1116	14	T	0	0	13	38.6153846153846
A_PB2	1117	14	A	0	0	14	36.8571428571429
A_PB2	1118	14	T	0	0	14	37.5
A_PB2	1119	14	T	0	0	14	37.8571428571429
A_PB2	1120	14	C	0	0	14	36.4285714285714
A_PB2	1121	14	T	0	0	14	36.7142857142857
A_PB2	1122	14	C	0	0	14	35.1428571428571
A_PB2	1123	13	A	1	0	13	37.8461538461538
A_PB2	1124	14	G	0	0	13	36.4615384615385
A_PB2	1125	14	A	0	0	14	36
A_PB2	1126	14	A	0	0	14	37.7857142857143
A_PB2	1127	14	A	0	0	14	37.4285714285714
A_PB2	1128	14	G	0	0	14	36.4285714285714
A_PB2	1129	14	G	0	0	14	36.4285714285714
A_PB2	1130	14	C	0	0	14	35.5714285714286
A_PB2	1131	14	A	0	0	14	34.5
A_PB2	1132	14	A	0	0	14	34.3571428571429
A_PB2	1133	14	C	0	0	14	35.4285714285714
A_PB2	1134	14	C	0	0	14	35.5714285714286
A_PB2	1135	14	A	0	0	14	36.5
A_PB2	1136	14	G	0	0	14	38.7857142857143
A_PB2	1137	14	G	0	0	14	39
A_PB2	1138	14	A	0	0	14	38.0714285714286
A_PB2	1139	14	G	0	0	14	37.5
A_PB2	1140	14	A	0	0	14	37.8571428571429
A_PB2	1141	14	T	0	0	14	38.9285714285714
A_PB2	1142	14	T	0	0	14	38.2142857142857
A_PB2	1143	14	G	0	0	14	36.7142857142857
A_PB2	1144	14	A	0	0	14	40.5
A_PB2	1145	14	T	0	0	14	40.1428571428571
A_PB2	1146	14	C	0	0	14	37.6428571428571
A_PB2	1147	14	C	0	0	14	37.5714285714286
A_PB2	1148	14	A	0	0	14	38.8571428571429
A_PB2	1149	14	A	0	0	14	38.6428571428571
A_PB2	1150	14	T	0	0	14	39.4285714285714
A_PB2	1151	14	T	0	0	14	39.5714285714286
A_PB2	1152	14	G	0	0	14	41.0714285714286
A_PB2	1153	14	A	0	0	14	40.6428571428571
A_PB2	1154	14	T	0	0	14	41.9285714285714
A_PB2	1155	14	A	0	0	14	42.6428571428571
A_PB2	1156	14	G	0	0	14	43.1428571428571
A_PB2	1157	14	T	0	0	14	42.7857142857143
A_PB2	1158	14	A	0	0	14	42.0714285714286
A_PB2	1159	14	A	0	0	14	42.5
A_PB2	1160	14	G	0	0	14	40.4285714285714
A_PB2	1161	14	C	0	0	14	38.4285714285714
A_PB2	1162	14	G	0	0	14	38.4285714285714
A_PB2	1163	14	G	0	0	14	38.0714285714286
A_PB2	1164	14	G	0	0	14	37.8571428571429
A_PB2	1165	14	A	0	0	14	39.0714285714286
A_PB2	1166	14	G	0	0	14	38.1428571428571
A_PB2	1167	13	A	1	0	13	40.2307692307692
A_PB2	1168	14	G	0	0	14	38.8571428571429
A_PB2	1169	14	A	0	0	14	38.6428571428571
A_PB2	1170	14	C	0	0	14	37.2142857142857
A_PB2	1171	14	G	0	0	14	33.8571428571429
A_PB2	1172	14	A	0	0	13	35.5384615384615
A_PB2	1173	14	G	0	0	13	35.6153846153846
A_PB2	1174	14	C	0	0	14	33.8571428571429
A_PB2	1175	14	A	0	0	14	35.1428571428571
A_PB2	1176	14	G	0	0	14	35.7142857142857
A_PB2	1177	14	T	0	0	14	36
A_PB2	1178	14	C	0	0	14	38.2857142857143
A_PB2	1179	14	A	0	0	14	38.8571428571429
A_PB2	1180	14	A	0	0	14	36.6428571428571
A_PB2	1181	14	T	0	0	14	37.2142857142857
A_PB2	1182	14	A	0	0	14	37.1428571428571
A_PB2	1183	14	G	0	0	14	37.5
A_PB2	1184	14	C	0	0	14	38.7857142857143
A_PB2	1185	14	T	0	0	14	37.7857142857143
A_PB2	1186	14	G	0	0	14	38.1428571428571
A_PB2	1187	14	A	0	0	14	37.9285714285714
A_PB2	1188	14	A	0	0	14	37.7857142857143
A_PB2	1189	14	G	0	0	14	37.8571428571429
A_PB2	1190	14	C	0	0	14	38.7857142857143
A_PB2	1191	14	A	0	0	14	38.5
A_PB2	1192	14	A	0	0	14	38.7142857142857
A_PB2	1193	14	T	0	0	14	39.2142857142857
A_PB2	1194	14	A	0	0	14	39.7142857142857
A_PB2	1195	14	A	0	0	14	40.2142857142857
A_PB2	1196	14	T	0	0	14	40.3571428571429
A_PB2	1197	14	T	0	0	14	39.8571428571429
A_PB2	1198	14	G	0	0	14	39.2857142857143
A_PB2	1199	15	T	0	0	15	41.2
A_PB2	1200	15	G	0	0	15	38.6666666666667
A_PB2	1201	15	G	0	0	15	38.4666666666667
A_PB2	1202	15	C	0	0	15	38.1333333333333
A_PB2	1203	15	C	0	0	15	40.2666666666667
A_PB2	1204	15	A	0	0	15	38.6
A_PB2	1205	15	T	0	0	15	38.8666666666667
A_PB2	1206	15	G	0	0	15	38.4666666666667
A_PB2	1207	15	G	0	0	15	37.8666666666667
A_PB2	1208	15	T	0	0	15	39.1333333333333
A_PB2	1209	15	T	0	0	15	39.4666666666667
A_PB2	1210	15	T	0	0	15	41.4
A_PB2	1211	15	T	0	0	15	41.8
A_PB2	1212	15	C	0	0	15	40.2
A_PB2	1213	15	T	0	0	15	41.8666666666667
A_PB2	1214	15	C	0	0	15	38.8666666666667
A_PB2	1215	15	A	0	0	15	38.3333333333333
A_PB2	1216	15	C	0	0	15	37.9333333333333
A_PB2	1217	15	A	0	0	15	38.2
A_PB2	1218	15	A	0	0	15	39.4666666666667
A_PB2	1219	15	G	0	0	15	37.5333333333333
A_PB2	1220	15	A	0	0	15	39.8
A_PB2	1221	15	G	0	0	15	40.3333333333333
A_PB2	1222	15	G	0	0	15	39.8666666666667
A_PB2	1223	15	A	0	0	15	39.3333333333333
A_PB2	1224	15	T	0	0	15	40.2666666666667
A_PB2	1225	15	T	0	0	15	39.6
A_PB2	1226	15	G	0	0	15	36.7333333333333
A_PB2	1227	15	C	0	0	14	38.2142857142857
A_PB2	1228	15	A	0	0	15	38.0666666666667
A_PB2	1229	15	T	0	0	15	38.8
A_PB2	1230	15	G	0	0	15	37.3333333333333
A_PB2	1231	15	A	0	0	15	39.9333333333333
A_PB2	1232	15	T	0	0	15	39
A_PB2	1233	15	C	0	0	15	39.6666666666667
A_PB2	1234	15	A	0	0	15	38.2
A_PB2	1235	15	A	0	0	15	38.0666666666667
A_PB2	1236	15	A	0	0	15	38.5333333333333
A_PB2	1237	15	G	0	0	15	38.0666666666667
A_PB2	1238	15	C	0	0	15	35.8
A_PB2	1239	15	A	0	0	15	35.9333333333333
A_PB2	1240	15	G	0	0	15	34.3333333333333
A_PB2	1241	15	T	0	0	15	34.5333333333333
A_PB2	1242	15	T	0	0	14	38.2142857142857
A_PB2	1243	15	A	0	0	15	33.6666666666667
A_PB2	1244	14	G	1	0	13	37.3846153846154
A_PB2	1245	15	G	0	0	15	32.7333333333333
A_PB2	1246	15	G	0	0	15	35.8666666666667
A_PB2	1247	15	G	0	0	15	35.4666666666667
A_PB2	1248	15	C	0	0	14	34.1428571428571
A_PB2	1249	15	G	0	0	14	34.5
A_PB2	1250	15	A	0	0	15	31.4666666666667
A_PB2	1251	15	T	0	0	15	31.0666666666667
A_PB2	1252	15	C	0	0	15	30.9333333333333
A_PB2	1253	15	T	0	0	15	31.4
A_PB2	1254	14	G	1	0	14	32.9285714285714
A_PB2	1255	15	A	0	0	14	33.2142857142857
A_PB2	1256	15	A	0	0	15	32.5333333333333
A_PB2	1257	15	T	0	0	15	32.1333333333333
A_PB2	1258	15	T	0	0	15	31.8
A_PB2	1259	15	T	0	0	15	36.4
A_PB2	1260	14	T	1	0	14	38.3571428571429
A_PB2	1261	14	G	1	0	14	35.7142857142857
A_PB2	1262	15	T	0	0	15	34.4666666666667
A_PB2	1263	15	C	0	0	15	31
A_PB2	1264	15	A	0	0	15	28.3333333333333
A_PB2	1265	15	A	0	0	15	29.2666666666667
A_PB2	1266	15	T	0	0	15	32.2
A_PB2	1267	15	A	0	0	14	32.4285714285714
A_PB2	1268	15	G	0	0	14	34.1428571428571
A_PB2	1269	15	G	0	0	15	31.2
A_PB2	1270	15	G	0	0	15	31.8
A_PB2	1271	15	C	0	0	15	31.0666666666667
A_PB2	1272	15	A	0	0	15	33.6666666666667
A_PB2	1273	15	A	0	0	14	38.8571428571429
A_PB2	1274	15	A	0	0	15	34.9333333333333
A_PB2	1275	15	T	0	0	15	34.8666666666667
A_PB2	1276	15	C	0	0	15	32.9333333333333
A_PB2	1277	15	A	0	0	15	31.5333333333333
A_PB2	1278	15	G	0	0	14	33.7857142857143
A_PB2	1279	15	A	0	0	15	32.6666666666667
A_PB2	1280	15	G	0	0	15	30.9333333333333
A_PB2	1281	14	A	1	0	14	34.9285714285714
A_PB2	1282	14	C	1	0	14	35
A_PB2	1283	15	T	0	0	15	30.2666666666667
A_PB2	1284	15	G	0	0	14	33.5714285714286
A_PB2	1285	14	A	1	0	13	33.3076923076923
A_PB2	1286	15	A	0	0	15	30.2666666666667
A_PB2	1287	15	T	0	0	15	30.8666666666667
A_PB2	1288	15	C	0	0	14	35.2857142857143
A_PB2	1289	15	C	0	0	15	35.5333333333333
A_PB2	1290	15	C	0	0	15	37.4666666666667
A_PB2	1291	15	A	0	0	15	36.1333333333333
A_PB2	1292	15	T	0	0	15	37.2
A_PB2	1293	15	G	0	0	15	38.6
A_PB2	1294	14	C	1	0	13	37.6153846153846
A_PB2	1295	15	A	0	0	15	39.0666666666667
A_PB2	1296	15	C	0	0	15	38.9333333333333
A_PB2	1297	15	C	0	0	14	37.3571428571429
A_PB2	1298	15	A	0	0	15	37.3333333333333
A_PB2	1299	14	G	1	0	14	37.8571428571429
A_PB2	1300	15	C	0	0	15	35.0666666666667
A_PB2	1301	14	T	1	0	14	36.2857142857143
A_PB2	1302	14	C	1	0	14	35.8571428571429
A_PB2	1303	14	T	1	0	13	32.5384615384615
A_PB2	1304	15	T	0	0	15	31.8
A_PB2	1305	15	G	0	0	15	30.9333333333333
A_PB2	1306	15	A	0	0	15	31.7333333333333
A_PB2	1307	15	G	0	0	15	32.3333333333333
A_PB2	1308	15	G	0	0	15	34.3333333333333
A_PB2	1309	15	C	0	0	15	35.2666666666667
A_PB2	1310	15	A	0	0	15	33.9333333333333
A_PB2	1311	15	T	0	0	15	33.5333333333333
A_PB2	1312	15	T	0	0	15	34.2
A_PB2	1313	15	T	0	0	15	36.7333333333333
A_PB2	1314	15	C	0	0	15	33
A_PB2	1315	15	C	0	0	15	32.4666666666667
A_PB2	1316	15	A	0	0	15	27.5333333333333
A_PB2	1317	15	A	0	0	15	27.8
A_PB2	1318	15	A	0	0	15	31.0666666666667
A_PB2	1319	15	A	0	0	15	32.6666666666667
A_PB2	1320	15	A	0	0	15	36.8666666666667
A_PB2	1321	15	G	0	0	15	38.2
A_PB2	1322	15	A	0	0	15	36.9333333333333
A_PB2	1323	15	T	0	0	15	34.2666666666667
A_PB2	1324	15	G	0	0	15	34.3333333333333
A_PB2	1325	15	C	0	0	15	33.6666666666667
A_PB2	1326	15	A	0	0	15	35.8666666666667
A_PB2	1327	15	A	0	0	15	36.6666666666667
A_PB2	1328	15	A	0	0	15	35.7333333333333
A_PB2	1329	15	G	0	0	14	37.2857142857143
A_PB2	1330	16	G	0	0	15	40.8666666666667
A_PB2	1331	16	T	0	0	16	39.125
A_PB2	1332	16	G	0	0	16	35.9375
A_PB2	1333	16	C	0	0	16	35.75
A_PB2	1334	15	T	1	0	15	32
A_PB2	1335	16	T	0	0	16	30.5
A_PB2	1336	16	T	0	0	16	31.0625
A_PB2	1337	16	T	0	0	15	32.7333333333333
A_PB2	1338	16	C	0	0	16	29.875
A_PB2	1339	16	C	0	0	16	31.6875
A_PB2	1340	16	A	0	0	16	26
A_PB2	1341	16	G	0	0	16	26.75
A_PB2	1342	16	A	0	0	16	30.25
A_PB2	1343	16	A	0	0	15	29.4
A_PB2	1344	16	C	0	0	16	30.875
A_PB2	1345	16	T	0	0	16	32.0625
A_PB2	1346	16	G	0	0	16	27.0625
A_PB2	1347	16	G	0	0	16	28.1875
A_PB2	1348	16	G	0	0	16	28.5
A_PB2	1349	16	G	0	0	16	30.0625
A_PB2	1350	16	A	0	0	16	32.4375
A_PB2	1351	16	A	0	0	16	32.625
A_PB2	1352	16	T	0	0	16	31.5
A_PB2	1353	16	T	0	0	15	34.8666666666667
A_PB2	1354	16	G	0	0	16	35.6875
A_PB2	1355	14	A	2	0	14	36
A_PB2	1356	15	A	1	0	15	37.4666666666667
A_PB2	1357	16	A	0	0	16	38.375
A_PB2	1358	16	C	0	0	16	37.875
A_PB2	1359	16	C	0	0	15	40.4666666666667
A_PB2	1360	16	A	0	0	16	39.9375
A_PB2	1361	16	T	0	0	16	40.5625
A_PB2	1362	16	C	0	0	16	38.75
A_PB2	1363	16	G	0	0	15	38.7333333333333
A_PB2	1364	16	A	0	0	16	38.375
A_PB2	1365	16	C	0	0	16	39.5
A_PB2	1366	16	A	0	0	16	39.375
A_PB2	1367	16	A	0	0	16	40.125
A_PB2	1368	16	T	0	0	16	40.125
A_PB2	1369	16	G	0	0	16	41.4375
A_PB2	1370	16	T	0	0	16	41.6875
A_PB2	1371	16	G	0	0	16	42.0625
A_PB2	1372	16	A	0	0	16	41.3125
A_PB2	1373	16	T	0	0	16	41.625
A_PB2	1374	16	G	0	0	16	39.9375
A_PB2	1375	16	G	0	0	16	41.1875
A_PB2	1376	16	G	0	0	16	40.75
A_PB2	1377	16	A	0	0	16	40.8125
A_PB2	1378	16	A	0	0	16	41.5
A_PB2	1379	16	T	0	0	16	42.75
A_PB2	1380	16	G	0	0	16	38.6875
A_PB2	1381	16	A	0	0	16	39.75
A_PB2	1382	16	T	0	0	16	39.5
A_PB2	1383	16	C	0	0	16	36.875
A_PB2	1384	16	G	0	0	16	37.625
A_PB2	1385	16	G	0	0	16	37.75
A_PB2	1386	16	A	0	0	16	37.75
A_PB2	1387	16	A	0	0	16	38.9375
A_PB2	1388	16	T	0	0	16	42.3125
A_PB2	1389	16	A	0	0	16	41.1875
A_PB2	1390	16	C	0	0	16	40.875
A_PB2	1391	16	T	0	0	16	39.5
A_PB2	1392	16	G	0	0	16	39.625
A_PB2	1393	16	C	0	0	16	40.75
A_PB2	1394	16	C	0	0	16	40.8125
A_PB2	1395	16	C	0	0	16	39.75
A_PB2	1396	16	G	0	0	16	36.125
A_PB2	1397	16	A	0	0	16	35.125
A_PB2	1398	16	C	0	0	16	37.5
A_PB2	1399	16	A	0	0	16	38.5
A_PB2	1400	16	T	0	0	16	39.8125
A_PB2	1401	16	G	0	0	16	40.125
A_PB2	1402	16	A	0	0	15	38.2
A_PB2	1403	16	C	0	0	16	38.875
A_PB2	1404	16	C	0	0	16	38.3125
A_PB2	1405	16	C	0	0	16	36.125
A_PB2	1406	16	C	0	0	15	33.1333333333333
A_PB2	1407	16	A	0	0	15	31.7333333333333
A_PB2	1408	16	A	0	0	16	29.1875
A_PB2	1409	16	G	0	0	16	29.8125
A_PB2	1410	16	C	0	0	16	29.625
A_PB2	1411	16	A	0	0	16	28.8125
A_PB2	1412	16	C	0	0	16	32.8125
A_PB2	1413	16	G	0	0	16	30.875
A_PB2	1414	16	G	0	0	16	30.1875
A_PB2	1415	16	A	0	0	16	31
A_PB2	1416	16	G	0	0	16	31.625
A_PB2	1417	16	A	0	0	16	36.0625
A_PB2	1418	16	T	0	0	16	37.6875
A_PB2	1419	16	G	0	0	16	36.6875
A_PB2	1420	16	T	0	0	16	35.375
A_PB2	1421	16	C	0	0	15	32.2
A_PB2	1422	16	A	0	0	16	29.375
A_PB2	1423	16	A	0	0	16	28.1875
A_PB2	1424	16	T	0	0	16	29
A_PB2	1425	16	G	0	0	16	27.8125
A_PB2	1426	16	A	0	0	16	29.9375
A_PB2	1427	16	G	0	0	16	30.375
A_PB2	1428	16	A	0	0	16	33
A_PB2	1429	16	G	0	0	16	33.4375
A_PB2	1430	16	G	0	0	16	34.375
A_PB2	1431	16	A	0	0	16	37.3125
A_PB2	1432	16	A	0	0	16	38.3125
A_PB2	1433	16	T	0	0	16	40.4375
A_PB2	1434	16	A	0	0	16	40.25
A_PB2	1435	16	A	0	0	15	41.8
A_PB2	1436	16	G	0	0	15	39.6666666666667
A_PB2	1437	16	A	0	0	16	38.9375
A_PB2	1438	16	G	0	0	16	38.375
A_PB2	1439	16	T	0	0	16	40.1875
A_PB2	1440	16	C	0	0	16	38.875
A_PB2	1441	16	A	0	0	16	39.375
A_PB2	1442	16	G	0	0	16	38.5625
A_PB2	1443	16	C	0	0	16	39.5
A_PB2	1444	16	A	0	0	16	38.9375
A_PB2	1445	16	A	0	0	16	40.3125
A_PB2	1446	16	G	0	0	16	40.4375
A_PB2	1447	16	A	0	0	16	40.625
A_PB2	1448	16	T	0	0	16	40.0625
A_PB2	1449	16	G	0	0	16	38
A_PB2	1450	16	G	0	0	16	39.875
A_PB2	1451	16	G	0	0	15	41.6
A_PB2	1452	16	A	0	0	15	42.8
A_PB2	1453	16	G	0	0	16	41.75
A_PB2	1454	16	T	0	0	16	41.5625
A_PB2	1455	15	A	1	0	15	40.2666666666667
A_PB2	1456	15	G	1	0	15	41.3333333333333
A_PB2	1457	15	A	1	0	15	41.1333333333333
A_PB2	1458	15	T	1	0	15	42.9333333333333
A_PB2	1459	15	G	1	0	15	42
A_PB2	1460	16	A	0	0	16	42.625
A_PB2	1461	16	A	0	0	16	40.9375
A_PB2	1462	16	T	0	0	15	40.4
A_PB2	1463	16	A	0	0	15	40.5333333333333
A_PB2	1464	16	C	0	0	16	39.625
A_PB2	1465	16	T	0	0	15	39.4666666666667
A_PB2	1466	16	C	0	0	16	39.375
A_PB2	1467	16	C	0	0	16	40.25
A_PB2	1468	16	A	0	0	16	38.875
A_PB2	1469	16	G	0	0	16	40.75
A_PB2	1470	16	C	0	0	16	43.0625
A_PB2	1471	16	A	0	0	16	42.25
A_PB2	1472	16	C	0	0	16	44.6875
A_PB2	1473	16	G	0	0	16	43.0625
A_PB2	1474	16	G	0	0	16	41.6875
A_PB2	1475	16	A	0	0	16	39.3125
A_PB2	1476	16	G	0	0	16	38.6875
A_PB2	1477	16	A	0	0	16	39.8125
A_PB2	1478	16	G	0	0	16	40.5
A_PB2	1479	16	A	0	0	16	37.3125
A_PB2	1480	16	G	0	0	16	39.4375
A_PB2	1481	16	T	0	0	16	40.0625
A_PB2	1482	16	G	0	0	16	40.3125
A_PB2	1483	16	G	0	0	16	41.4375
A_PB2	1484	16	T	0	0	16	40.125
A_PB2	1485	16	A	0	0	16	40.3125
A_PB2	1486	16	G	0	0	16	40.625
A_PB2	1487	16	T	0	0	16	42.125
A_PB2	1488	16	G	0	0	16	39.5625
A_PB2	1489	16	A	0	0	16	39.5
A_PB2	1490	16	G	0	0	16	38.5625
A_PB2	1491	16	T	0	0	16	39.1875
A_PB2	1492	16	A	0	0	16	39.9375
A_PB2	1493	16	T	0	0	16	40.5
A_PB2	1494	16	T	0	0	16	39.375
A_PB2	1495	16	G	0	0	16	39.875
A_PB2	1496	16	A	0	0	16	38.875
A_PB2	1497	16	C	0	0	16	39.5625
A_PB2	1498	16	C	0	0	16	40.3125
A_PB2	1499	15	G	1	0	15	35.9333333333333
A_PB2	1500	16	A	0	0	16	34.5
A_PB2	1501	15	T	1	0	14	37.4285714285714
A_PB2	1502	16	T	0	0	16	31.6875
A_PB2	1503	16	T	0	0	16	32.5625
A_PB2	1504	16	T	0	0	16	37.25
A_PB2	1505	16	T	0	0	16	36.625
A_PB2	1506	16	G	0	0	16	34.5625
A_PB2	1507	16	A	0	0	16	33.6875
A_PB2	1508	16	G	0	0	16	35
A_PB2	1509	16	G	0	0	16	35
A_PB2	1510	16	G	0	0	16	38.1875
A_PB2	1511	16	T	0	0	16	37.875
A_PB2	1512	16	T	0	0	16	39.0625
A_PB2	1513	16	A	0	0	16	37.125
A_PB2	1514	16	G	0	0	16	37.5625
A_PB2	1515	16	A	0	0	16	36.625
A_PB2	1516	16	G	0	0	16	38.3125
A_PB2	1517	16	A	0	0	16	37.6875
A_PB2	1518	16	T	0	0	16	37.75
A_PB2	1519	16	C	0	0	16	36.1875
A_PB2	1520	15	A	1	0	15	33.8666666666667
A_PB2	1521	16	A	0	0	16	33.9375
A_PB2	1522	16	A	0	0	16	34.6875
A_PB2	1523	16	G	0	0	16	34.6875
A_PB2	1524	16	A	0	0	16	39.9375
A_PB2	1525	16	G	0	0	15	43
A_PB2	1526	16	G	0	0	16	41.6875
A_PB2	1527	16	A	0	0	16	40.5
A_PB2	1528	16	A	0	0	16	42.5625
A_PB2	1529	16	A	0	0	16	41.0625
A_PB2	1530	16	T	0	0	15	42
A_PB2	1531	16	G	0	0	15	42.4666666666667
A_PB2	1532	16	T	0	0	15	41.3333333333333
A_PB2	1533	16	A	0	0	16	39.3125
A_PB2	1534	16	C	0	0	16	38.5
A_PB2	1535	16	T	0	0	15	37.3333333333333
A_PB2	1536	16	A	0	0	16	36.3125
A_PB2	1537	16	T	0	0	16	36.3125
A_PB2	1538	16	T	0	0	16	36.5625
A_PB2	1539	16	G	0	0	16	36.375
A_PB2	1540	16	T	0	0	16	37.875
A_PB2	1541	16	C	0	0	16	38.5
A_PB2	1542	16	T	0	0	16	40.625
A_PB2	1543	16	C	0	0	16	40.4375
A_PB2	1544	16	C	0	0	16	40.8125
A_PB2	1545	16	T	0	0	16	41.875
A_PB2	1546	16	G	0	0	16	41.125
A_PB2	1547	16	A	0	0	16	42.5
A_PB2	1548	16	A	0	0	16	43.75
A_PB2	1549	16	G	0	0	16	40.0625
A_PB2	1550	16	A	0	0	16	41.4375
A_PB2	1551	16	A	0	0	16	42.4375
A_PB2	1552	16	G	0	0	16	42
A_PB2	1553	16	T	0	0	16	41.9375
A_PB2	1554	16	C	0	0	16	40.4375
A_PB2	1555	16	A	0	0	16	41.9375
A_PB2	1556	16	G	0	0	16	41.5625
A_PB2	1557	16	T	0	0	16	40.875
A_PB2	1558	16	G	0	0	16	40.375
A_PB2	1559	16	A	0	0	16	41.125
A_PB2	1560	16	A	0	0	16	41.875
A_PB2	1561	16	A	0	0	16	42.8125
A_PB2	1562	16	C	0	0	16	40.1875
A_PB2	1563	16	G	0	0	16	37.625
A_PB2	1564	16	C	0	0	16	37.5625
A_PB2	1565	16	A	0	0	16	35.0625
A_PB2	1566	16	A	0	0	16	34.9375
A_PB2	1567	16	G	0	0	16	37.75
A_PB2	1568	16	G	0	0	16	35.6875
A_PB2	1569	16	A	0	0	16	36.1875
A_PB2	1570	16	A	0	0	16	36.8125
A_PB2	1571	16	C	0	0	16	37.8125
A_PB2	1572	16	T	0	0	16	34.5
A_PB2	1573	16	G	0	0	16	35.9375
A_PB2	1574	16	A	0	0	16	35.25
A_PB2	1575	16	G	0	0	16	35.25
A_PB2	1576	16	A	0	0	16	37.5
A_PB2	1577	16	A	0	0	15	39.6666666666667
A_PB2	1578	16	G	0	0	16	38.1875
A_PB2	1579	16	T	0	0	16	39.3125
A_PB2	1580	16	T	0	0	16	38.375
A_PB2	1581	16	G	0	0	16	38.5
A_PB2	1582	16	A	0	0	15	41.0666666666667
A_PB2	1583	16	C	0	0	16	39.1875
A_PB2	1584	16	A	0	0	16	38.0625
A_PB2	1585	16	A	0	0	15	40.5333333333333
A_PB2	1586	16	T	0	0	15	41.6666666666667
A_PB2	1587	16	A	0	0	15	39.8666666666667
A_PB2	1588	16	A	0	0	16	38.5
A_PB2	1589	16	C	0	0	16	37.625
A_PB2	1590	15	T	1	0	15	41.1333333333333
A_PB2	1591	15	T	1	0	15	41.1333333333333
A_PB2	1592	15	A	1	0	15	38.1333333333333
A_PB2	1593	15	T	1	0	15	40.4666666666667
A_PB2	1594	15	T	1	0	15	41.4666666666667
A_PB2	1595	15	C	1	0	15	37.3333333333333
A_PB2	1596	15	G	1	0	15	36.8666666666667
A_PB2	1597	15	T	1	0	15	38.3333333333333
A_PB2	1598	15	C	1	0	15	37.6666666666667
A_PB2	1599	15	A	1	0	15	37.5333333333333
A_PB2	1600	15	T	1	0	15	39.8
A_PB2	1601	15	C	1	0	15	40.7333333333333
A_PB2	1602	15	A	1	0	15	41.9333333333333
A_PB2	1603	15	A	1	0	15	42
A_PB2	1604	15	T	1	0	15	44.6666666666667
A_PB2	1605	16	G	0	0	15	42.2666666666667
A_PB2	1606	16	A	0	0	16	41.0625
A_PB2	1607	16	T	0	0	15	42.6666666666667
A_PB2	1608	16	G	0	0	16	41.6875
A_PB2	1609	17	T	0	0	17	40.4705882352941
A_PB2	1610	17	G	0	0	17	38.1176470588235
A_PB2	1611	17	G	0	0	17	38.3529411764706
A_PB2	1612	17	G	0	0	17	38.9411764705882
A_PB2	1613	17	A	0	0	17	39.0588235294118
A_PB2	1614	17	A	0	0	17	41.2941176470588
A_PB2	1615	17	A	0	0	17	40.7058823529412
A_PB2	1616	17	T	0	0	17	41.0588235294118
A_PB2	1617	17	C	0	0	17	39.1764705882353
A_PB2	1618	17	A	0	0	17	40.4117647058824
A_PB2	1619	17	A	0	0	17	39.5882352941176
A_PB2	1620	17	C	0	0	17	36.1764705882353
A_PB2	1621	17	G	0	0	17	35.0588235294118
A_PB2	1622	17	G	0	0	16	37.1875
A_PB2	1623	17	T	0	0	17	36.1176470588235
A_PB2	1624	17	C	0	0	17	35.5882352941176
A_PB2	1625	17	C	0	0	17	40.1176470588235
A_PB2	1626	17	T	0	0	17	38.5882352941176
A_PB2	1627	17	G	0	0	17	38.3529411764706
A_PB2	1628	17	A	0	0	17	38.1764705882353
A_PB2	1629	17	G	0	0	17	39.9411764705882
A_PB2	1630	17	T	0	0	17	40.3529411764706
A_PB2	1631	17	C	0	0	17	41.4117647058824
A_PB2	1632	17	A	0	0	17	40.0588235294118
A_PB2	1633	17	G	0	0	17	39.5294117647059
A_PB2	1634	17	T	0	0	17	41.8823529411765
A_PB2	1635	17	G	0	0	17	41
A_PB2	1636	17	C	0	0	17	40.9411764705882
A_PB2	1637	17	T	0	0	17	40.6470588235294
A_PB2	1638	17	A	0	0	17	40.3529411764706
A_PB2	1639	17	G	0	0	17	42.2352941176471
A_PB2	1640	17	T	0	0	17	41.4705882352941
A_PB2	1641	17	C	0	0	17	39.8235294117647
A_PB2	1642	17	A	0	0	17	39.1764705882353
A_PB2	1643	17	A	0	0	17	38.2352941176471
A_PB2	1644	17	C	0	0	17	37.7647058823529
A_PB2	1645	17	A	0	0	17	37.8823529411765
A_PB2	1646	17	C	0	0	17	38.5294117647059
A_PB2	1647	17	T	0	0	17	37.8823529411765
A_PB2	1648	17	T	0	0	17	38.5294117647059
A_PB2	1649	17	A	0	0	17	40.1764705882353
A_PB2	1650	17	C	0	0	17	40.1176470588235
A_PB2	1651	17	C	0	0	17	40.8823529411765
A_PB2	1652	17	A	0	0	17	39.4705882352941
A_PB2	1653	17	A	0	0	17	39.8235294117647
A_PB2	1654	17	T	0	0	17	41
A_PB2	1655	17	G	0	0	17	39.8235294117647
A_PB2	1656	17	G	0	0	17	40.4117647058824
A_PB2	1657	17	A	0	0	17	40.7058823529412
A_PB2	1658	17	T	0	0	17	41.1176470588235
A_PB2	1659	17	A	0	0	17	38.3529411764706
A_PB2	1660	17	A	0	0	17	39.5294117647059
A_PB2	1661	17	T	0	0	17	40.4705882352941
A_PB2	1662	17	C	0	0	17	39.8235294117647
A_PB2	1663	17	A	0	0	17	40.0588235294118
A_PB2	1664	17	G	0	0	17	39.4705882352941
A_PB2	1665	17	A	0	0	17	40.2941176470588
A_PB2	1666	17	A	0	0	17	40.1764705882353
A_PB2	1667	17	A	0	0	17	40.9411764705882
A_PB2	1668	17	C	0	0	17	41.2352941176471
A_PB2	1669	17	T	0	0	17	39
A_PB2	1670	17	G	0	0	17	38.5882352941176
A_PB2	1671	17	G	0	0	17	38.5882352941176
A_PB2	1672	17	G	0	0	17	38
A_PB2	1673	17	A	0	0	17	38.9411764705882
A_PB2	1674	17	A	0	0	17	43.2352941176471
A_PB2	1675	17	A	0	0	17	41.7058823529412
A_PB2	1676	17	T	0	0	17	41.6470588235294
A_PB2	1677	17	T	0	0	17	42.2352941176471
A_PB2	1678	17	G	0	0	17	40.8823529411765
A_PB2	1679	17	T	0	0	17	41.5294117647059
A_PB2	1680	17	G	0	0	17	39.5882352941176
A_PB2	1681	17	A	0	0	16	39.4375
A_PB2	1682	17	A	0	0	17	38.1176470588235
A_PB2	1683	17	A	0	0	17	40.1176470588235
A_PB2	1684	17	A	0	0	17	39.4705882352941
A_PB2	1685	17	T	0	0	17	39.8823529411765
A_PB2	1686	17	T	0	0	17	39.4117647058824
A_PB2	1687	17	C	0	0	16	38.4375
A_PB2	1688	17	A	0	0	16	41
A_PB2	1689	17	A	0	0	17	39.7647058823529
A_PB2	1690	17	T	0	0	17	41.5882352941176
A_PB2	1691	17	G	0	0	17	40
A_PB2	1692	17	G	0	0	17	41
A_PB2	1693	17	T	0	0	17	42.5882352941176
A_PB2	1694	17	C	0	0	16	41.875
A_PB2	1695	17	A	0	0	17	39.2941176470588
A_PB2	1696	17	C	0	0	17	40.6470588235294
A_PB2	1697	17	A	0	0	17	38
A_PB2	1698	17	A	0	0	17	38.9411764705882
A_PB2	1699	17	G	0	0	17	37.5294117647059
A_PB2	1700	17	A	0	0	17	37.6470588235294
A_PB2	1701	17	C	0	0	17	37.2352941176471
A_PB2	1702	17	C	0	0	17	37.8235294117647
A_PB2	1703	17	C	0	0	17	37.7058823529412
A_PB2	1704	17	C	0	0	17	36
A_PB2	1705	17	A	0	0	17	36
A_PB2	1706	17	C	0	0	17	39.1764705882353
A_PB2	1707	17	A	0	0	17	40.1764705882353
A_PB2	1708	17	A	0	0	17	40.7647058823529
A_PB2	1709	17	T	0	0	17	40.1176470588235
A_PB2	1710	17	G	0	0	17	39.1764705882353
A_PB2	1711	17	T	0	0	17	40.0588235294118
A_PB2	1712	17	T	0	0	17	38.7058823529412
A_PB2	1713	17	A	0	0	17	36.8235294117647
A_PB2	1714	17	T	0	0	17	36.9411764705882
A_PB2	1715	17	A	0	0	17	36
A_PB2	1716	17	C	0	0	17	36.8235294117647
A_PB2	1717	17	A	0	0	17	36.7647058823529
A_PB2	1718	17	A	0	0	17	35
A_PB2	1719	17	C	0	0	17	35.7058823529412
A_PB2	1720	17	A	0	0	16	34.5
A_PB2	1721	17	A	0	0	17	34.7647058823529
A_PB2	1722	17	A	0	0	17	35.1176470588235
A_PB2	1723	17	A	0	0	17	35.6470588235294
A_PB2	1724	17	T	0	0	16	37
A_PB2	1725	17	G	0	0	16	35.3125
A_PB2	1726	17	G	0	0	17	33.7647058823529
A_PB2	1727	17	A	0	0	17	34.1176470588235
A_PB2	1728	17	A	0	0	17	34.3529411764706
A_PB2	1729	17	T	0	0	17	34.4117647058824
A_PB2	1730	16	T	1	0	16	36.5
A_PB2	1731	16	T	1	0	16	37.375
A_PB2	1732	16	G	1	0	16	37.5
A_PB2	1733	17	A	0	0	17	35.2352941176471
A_PB2	1734	17	A	0	0	17	37.4117647058824
A_PB2	1735	17	C	0	0	16	36.625
A_PB2	1736	17	C	0	0	17	34.2352941176471
A_PB2	1737	17	A	0	0	17	33.7647058823529
A_PB2	1738	17	T	0	0	17	33.8235294117647
A_PB2	1739	17	T	0	0	17	33.0588235294118
A_PB2	1740	17	T	0	0	17	33.7058823529412
A_PB2	1741	17	C	0	0	17	33.2941176470588
A_PB2	1742	17	A	0	0	17	33.7058823529412
A_PB2	1743	17	G	0	0	17	31.4705882352941
A_PB2	1744	17	T	0	0	17	32
A_PB2	1745	17	C	0	0	17	31.8235294117647
A_PB2	1746	17	T	0	0	17	32.8235294117647
A_PB2	1747	17	C	0	0	17	34.1176470588235
A_PB2	1748	17	T	0	0	17	35.0588235294118
A_PB2	1749	17	T	0	0	16	36.1875
A_PB2	1750	19	G	0	0	18	36.1111111111111
A_PB2	1751	19	T	0	0	19	35.5789473684211
A_PB2	1752	19	T	0	0	19	36.8421052631579
A_PB2	1753	19	C	0	0	19	35.8421052631579
A_PB2	1754	19	C	0	0	18	37.7777777777778
A_PB2	1755	19	T	0	0	18	39.4444444444444
A_PB2	1756	19	A	0	0	18	37.4444444444444
A_PB2	1757	19	A	0	0	19	37.5789473684211
A_PB2	1758	19	G	0	0	19	38.1052631578947
A_PB2	1759	19	G	0	0	19	39.1578947368421
A_PB2	1760	19	C	0	0	19	39.8947368421053
A_PB2	1761	19	A	0	0	19	40.3684210526316
A_PB2	1762	19	A	0	0	19	39.1578947368421
A_PB2	1763	19	C	0	0	19	38.2631578947368
A_PB2	1764	19	C	0	0	18	39.6111111111111
A_PB2	1765	19	A	0	0	19	36.1578947368421
A_PB2	1766	19	G	0	0	19	36.2631578947368
A_PB2	1767	20	A	0	0	20	37.65
A_PB2	1768	20	A	0	0	20	36.5
A_PB2	1769	20	G	0	0	20	36.5
A_PB2	1770	20	C	0	0	20	37.95
A_PB2	1771	20	C	0	0	20	36
A_PB2	1772	20	G	0	0	20	35.65
A_PB2	1773	20	G	0	0	20	34.5
A_PB2	1774	20	T	0	0	20	36.7
A_PB2	1775	20	A	0	0	20	35.6
A_PB2	1776	20	C	0	0	20	36.75
A_PB2	1777	20	A	0	0	20	39.15
A_PB2	1778	20	G	0	0	20	39.4
A_PB2	1779	21	T	0	0	21	40.7142857142857
A_PB2	1780	24	G	0	0	24	40.375
A_PB2	1781	24	G	0	0	24	39.4166666666667
A_PB2	1782	24	A	0	0	23	41.1304347826087
A_PB2	1783	25	T	0	0	24	39.5833333333333
A_PB2	1784	25	T	0	0	25	39.6
A_PB2	1785	25	C	0	0	25	37.68
A_PB2	1786	24	G	1	0	24	37.7083333333333
A_PB2	1787	25	T	0	0	24	38.3333333333333
A_PB2	1788	25	A	0	0	25	36.76
A_PB2	1789	24	A	1	0	24	36.2083333333333
A_PB2	1790	24	G	1	0	23	38.2173913043478
A_PB2	1791	25	G	0	0	24	37.9583333333333
A_PB2	1792	25	A	0	0	25	39.24
A_PB2	1793	25	C	0	0	24	40.75
A_PB2	1794	25	A	0	0	25	39.16
A_PB2	1795	25	C	0	0	25	38.08
A_PB2	1796	25	T	0	0	25	38.24
A_PB2	1797	25	G	0	0	25	37.64
A_PB2	1798	25	T	0	0	25	36.88
A_PB2	1799	26	T	0	0	26	35.4615384615385
A_PB2	1800	26	C	0	0	26	34.3461538461538
A_PB2	1801	26	C	0	0	26	35.0769230769231
A_PB2	1802	26	A	0	0	26	34.1153846153846
A_PB2	1803	28	G	0	0	28	33.6071428571429
A_PB2	1804	28	C	0	0	28	34.0714285714286
A_PB2	1805	31	A	0	0	31	33.8387096774194
A_PB2	1806	31	A	0	0	31	35.5161290322581
A_PB2	1807	31	A	0	0	31	36.6129032258064
A_PB2	1808	31	T	0	0	28	37.0714285714286
A_PB2	1809	31	G	0	0	31	36.8709677419355
A_PB2	1810	31	A	0	0	31	36.1290322580645
A_PB2	1811	31	G	0	0	31	33.3548387096774
A_PB2	1812	31	G	0	0	31	35.0645161290323
A_PB2	1813	31	G	0	0	31	36.8709677419355
A_PB2	1814	31	A	0	0	31	37.6129032258064
A_PB2	1815	31	T	0	0	31	37.7741935483871
A_PB2	1816	31	G	0	0	31	38.5806451612903
A_PB2	1817	31	T	0	0	28	38.3928571428571
A_PB2	1818	31	A	0	0	30	37.6333333333333
A_PB2	1819	31	C	0	0	30	37.3666666666667
A_PB2	1820	31	T	0	0	30	36.4666666666667
A_PB2	1821	30	T	1	0	30	36.1
A_PB2	1822	31	G	1	0	30	35.3333333333333
A_PB2	1823	31	G	1	0	31	35.9354838709677
A_PB2	1824	31	G	1	0	31	36.5483870967742
A_PB2	1825	32	A	0	0	32	38.90625
A_PB2	1826	32	C	0	0	31	38.8064516129032
A_PB2	1827	32	A	0	0	32	39.5
A_PB2	1828	32	T	0	0	31	40.4838709677419
A_PB2	1829	32	T	0	0	31	38.4838709677419
A_PB2	1830	32	T	0	0	32	39.78125
A_PB2	1831	32	G	0	0	31	39.0322580645161
A_PB2	1832	32	A	0	0	32	37.03125
A_PB2	1833	32	C	0	0	31	39.2903225806452
A_PB2	1834	32	A	0	0	32	38.53125
A_PB2	1835	32	C	0	0	32	37.78125
A_PB2	1836	32	T	0	0	32	38.4375
A_PB2	1837	32	G	0	0	32	39.375
A_PB2	1838	32	T	0	0	31	39.4193548387097
A_PB2	1839	32	C	0	0	32	39.96875
A_PB2	1840	32	C	0	0	32	41.34375
A_PB2	1841	31	A	1	0	31	39.9032258064516
A_PB2	1842	32	A	0	0	32	40.375
A_PB2	1843	32	A	0	0	32	40.71875
A_PB2	1844	32	T	0	0	32	39.75
A_PB2	1845	32	A	0	0	32	38.5625
A_PB2	1846	32	A	0	0	32	38.9375
A_PB2	1847	32	T	0	0	32	37.75
A_PB2	1848	45	A	0	0	45	33.3111111111111
A_PB2	1849	45	A	0	0	45	37.4888888888889
A_PB2	1850	45	A	0	0	45	38.7111111111111
A_PB2	1851	47	A	0	0	47	38.5744680851064
A_PB2	1852	47	C	0	0	47	36.2127659574468
A_PB2	1853	48	T	0	0	48	35.3333333333333
A_PB2	1854	48	T	0	0	48	34.3125
A_PB2	1855	48	C	0	0	48	34.2291666666667
A_PB2	1856	48	T	0	0	48	33.7083333333333
A_PB2	1857	48	C	0	0	48	32.625
A_PB2	1858	48	C	0	0	48	33.8333333333333
A_PB2	1859	48	C	0	0	48	34
A_PB2	1860	48	C	0	0	47	33.1063829787234
A_PB2	1861	45	T	3	0	45	34.5333333333333
A_PB2	1862	48	T	0	0	48	36.125
A_PB2	1863	48	T	0	0	48	34.3958333333333
A_PB2	1864	48	G	0	0	48	27.1666666666667
A_PB2	1865	49	C	0	0	49	29.5102040816327
A_PB2	1866	49	C	0	0	49	35.1632653061224
A_PB2	1867	49	G	0	0	49	34.4489795918367
A_PB2	1868	49	C	0	0	49	34.8163265306122
A_PB2	1869	49	T	0	0	49	35.5510204081633
A_PB2	1870	49	G	0	0	49	35.9795918367347
A_PB2	1871	49	C	0	0	49	38.4081632653061
A_PB2	1872	49	T	0	0	48	39.5208333333333
A_PB2	1873	49	C	0	0	48	37.8333333333333
A_PB2	1874	49	C	0	0	49	37.6326530612245
A_PB2	1875	49	A	0	0	49	36.0204081632653
A_PB2	1876	49	C	0	0	49	35.9591836734694
A_PB2	1877	49	C	0	0	49	37.1428571428571
A_PB2	1878	49	A	0	0	49	36.6326530612245
A_PB2	1879	49	G	0	0	49	36.5918367346939
A_PB2	1880	47	A	2	0	47	38.2127659574468
A_PB2	1881	47	A	2	0	47	37.8085106382979
A_PB2	1882	47	C	2	0	47	38.1276595744681
A_PB2	1883	47	A	2	0	46	37.2826086956522
A_PB2	1884	47	G	2	0	46	34.4347826086956
A_PB2	1885	49	A	2	0	49	33.5918367346939
A_PB2	1886	49	G	2	0	49	33.469387755102
A_PB2	1887	49	C	2	0	49	33.5714285714286
A_PB2	1888	49	A	2	0	49	34.1632653061224
A_PB2	1889	49	G	2	0	49	36.1428571428571
A_PB2	1890	49	G	3	0	49	37.3265306122449
A_PB2	1891	49	A	3	0	49	36.9387755102041
A_PB2	1892	51	T	2	0	51	36.2156862745098
A_PB2	1893	53	G	0	0	52	38.0576923076923
A_PB2	1894	53	C	0	0	51	38.4117647058824
A_PB2	1895	53	A	0	0	52	36.5961538461538
A_PB2	1896	53	A	0	0	53	37.7735849056604
A_PB2	1897	53	T	0	0	53	37.5094339622642
A_PB2	1898	53	T	0	0	52	36.7884615384615
A_PB2	1899	53	C	0	0	50	36.92
A_PB2	1900	53	T	0	0	53	35.3962264150943
A_PB2	1901	52	C	1	0	52	34.6730769230769
A_PB2	1902	53	T	0	0	53	35.2264150943396
A_PB2	1903	53	T	0	0	53	34.9433962264151
A_PB2	1904	53	C	0	0	53	36.1698113207547
A_PB2	1905	53	A	0	0	53	35.9245283018868
A_PB2	1906	53	T	0	0	53	37.811320754717
A_PB2	1907	53	T	0	0	53	39.0566037735849
A_PB2	1908	53	A	0	0	53	38.9622641509434
A_PB2	1909	54	A	0	0	54	40.0185185185185
A_PB2	1910	54	C	0	0	54	39.7777777777778
A_PB2	1911	54	T	0	0	54	39.9814814814815
A_PB2	1912	54	G	0	0	54	39.7407407407407
A_PB2	1913	55	T	0	0	54	40.2222222222222
A_PB2	1914	54	G	1	0	54	39.962962962963
A_PB2	1915	54	A	1	0	54	39.7407407407407
A_PB2	1916	54	A	1	0	54	40.4074074074074
A_PB2	1917	54	T	1	0	54	40.1851851851852
A_PB2	1918	54	G	1	0	54	39.7592592592593
A_PB2	1919	54	T	1	0	54	39.2222222222222
A_PB2	1920	54	G	1	0	54	38.4259259259259
A_PB2	1921	54	A	1	0	54	38.0555555555556
A_PB2	1922	54	G	1	0	54	37.6666666666667
A_PB2	1923	54	A	1	0	54	37.6666666666667
A_PB2	1924	55	G	0	0	55	37
A_PB2	1925	55	G	0	0	55	37.8
A_PB2	1926	55	A	0	0	54	37.8148148148148
A_PB2	1927	55	T	0	0	55	37.6
A_PB2	1928	55	C	0	0	53	35.6792452830189
A_PB2	1929	55	A	0	0	54	36.537037037037
A_PB2	1930	55	G	0	0	55	36.3090909090909
A_PB2	1931	55	G	0	0	55	36.3090909090909
A_PB2	1932	55	G	0	0	55	36.8
A_PB2	1933	55	T	0	0	55	37.2
A_PB2	1934	55	T	0	0	55	38.5818181818182
A_PB2	1935	55	A	0	0	55	37.8545454545455
A_PB2	1936	55	A	0	0	54	38.5
A_PB2	1937	55	G	0	0	55	38.3818181818182
A_PB2	1938	55	G	0	0	55	39.7636363636364
A_PB2	1939	55	A	0	0	55	40.0545454545455
A_PB2	1940	55	T	0	0	55	39.8727272727273
A_PB2	1941	55	A	0	0	55	38.3818181818182
A_PB2	1942	55	C	0	0	55	35.8
A_PB2	1943	56	T	0	0	56	36.5714285714286
A_PB2	1944	56	G	0	0	56	35.25
A_PB2	1945	56	G	0	0	56	34.1785714285714
A_PB2	1946	61	T	0	0	61	36.1475409836066
A_PB2	1947	61	A	0	0	61	37.3606557377049
A_PB2	1948	61	A	0	0	61	36.6885245901639
A_PB2	1949	61	G	0	0	61	37.6885245901639
A_PB2	1950	61	A	0	0	60	37.0833333333333
A_PB2	1951	61	G	0	0	61	37.4262295081967
A_PB2	1952	61	G	0	0	60	37.4
A_PB2	1953	61	C	0	0	61	37.0655737704918
A_PB2	1954	61	A	0	0	61	36.3934426229508
A_PB2	1955	61	A	0	0	61	37.0491803278689
A_PB2	1956	61	T	0	0	61	37.2459016393443
A_PB2	1957	61	T	0	0	61	36.9672131147541
A_PB2	1958	61	C	0	0	61	37.1147540983607
A_PB2	1959	61	T	0	0	61	37.6065573770492
A_PB2	1960	61	C	0	0	61	37.5737704918033
A_PB2	1961	61	C	0	0	61	36.9672131147541
A_PB2	1962	60	A	1	0	60	36.2666666666667
A_PB2	1963	61	G	0	0	61	36.7868852459016
A_PB2	1964	61	T	0	0	61	38.0491803278689
A_PB2	1965	61	A	0	0	61	37.2459016393443
A_PB2	1966	61	T	0	0	61	38.5245901639344
A_PB2	1967	61	T	0	0	61	39.0327868852459
A_PB2	1968	61	C	0	0	61	39.2950819672131
A_PB2	1969	61	A	0	0	61	39.8852459016393
A_PB2	1970	61	A	0	0	61	39.8032786885246
A_PB2	1971	61	T	0	0	61	40.5901639344262
A_PB2	1972	61	T	0	0	61	40.4262295081967
A_PB2	1973	62	A	0	0	62	38.6935483870968
A_PB2	1974	63	T	0	0	63	39.8730158730159
A_PB2	1975	66	A	0	0	66	39.1969696969697
A_PB2	1976	67	A	0	0	67	39.5223880597015
A_PB2	1977	67	C	0	0	67	40.1791044776119
A_PB2	1978	67	A	0	0	67	39.7014925373134
A_PB2	1979	67	A	0	0	67	39.7611940298507
A_PB2	1980	67	G	0	0	67	40.5373134328358
A_PB2	1981	67	G	0	0	66	40.1969696969697
A_PB2	1982	67	C	0	0	66	39.3333333333333
A_PB2	1983	67	A	0	0	67	39.044776119403
A_PB2	1984	67	A	0	0	67	39.4179104477612
A_PB2	1985	67	C	0	0	66	39.1212121212121
A_PB2	1986	67	C	0	0	66	38.4393939393939
A_PB2	1987	67	A	0	0	67	37.5373134328358
A_PB2	1988	67	A	0	0	67	39.2388059701493
A_PB2	1989	67	A	0	0	67	38.9850746268657
A_PB2	1990	67	C	0	0	67	39.4029850746269
A_PB2	1991	66	G	1	0	65	36.7692307692308
A_PB2	1992	67	A	0	0	67	36.5522388059701
A_PB2	1993	67	C	0	0	66	36.530303030303
A_PB2	1994	67	T	0	0	67	36.8208955223881
A_PB2	1995	67	T	0	0	67	37.3880597014925
A_PB2	1996	67	A	0	0	67	38.8059701492537
A_PB2	1997	67	C	0	0	67	38.3731343283582
A_PB2	1998	67	G	0	0	66	38.2727272727273
A_PB2	1999	67	A	0	0	67	38.7462686567164
A_PB2	2000	67	T	0	0	67	38.1492537313433
A_PB2	2001	67	T	0	0	67	38.5373134328358
A_PB2	2002	67	C	0	0	67	38.4477611940299
A_PB2	2003	67	T	0	0	67	39.2089552238806
A_PB2	2004	67	T	0	0	67	40.0746268656716
A_PB2	2005	67	G	0	0	67	37.6865671641791
A_PB2	2006	67	G	0	0	67	37.7164179104478
A_PB2	2007	66	A	1	0	65	38.8
A_PB2	2008	67	A	0	0	67	40.2686567164179
A_PB2	2009	67	A	0	0	67	40.2238805970149
A_PB2	2010	67	G	0	0	67	39.1641791044776
A_PB2	2011	67	G	0	0	67	39.3582089552239
A_PB2	2012	67	A	0	0	67	39.9253731343284
A_PB2	2013	70	T	0	0	70	39.7857142857143
A_PB2	2014	74	G	0	0	74	38.8378378378378
A_PB2	2015	74	C	0	0	74	39.0810810810811
A_PB2	2016	74	A	0	0	74	37.3918918918919
A_PB2	2017	74	G	0	0	74	38.6756756756757
A_PB2	2018	74	G	0	0	74	37.3243243243243
A_PB2	2019	76	T	0	0	76	38.75
A_PB2	2020	76	G	0	0	76	38.5921052631579
A_PB2	2021	76	C	0	0	76	40.5526315789474
A_PB2	2022	76	A	0	0	76	40.0394736842105
A_PB2	2023	76	T	0	0	76	40.3684210526316
A_PB2	2024	77	T	0	0	77	40.2467532467532
A_PB2	2025	77	G	0	0	71	39.6338028169014
A_PB2	2026	77	A	0	0	76	38.6578947368421
A_PB2	2027	76	C	1	0	76	38.3289473684211
A_PB2	2028	77	T	0	0	77	37.2467532467532
A_PB2	2029	77	G	0	0	76	36.4605263157895
A_PB2	2030	77	A	0	0	76	37.6578947368421
A_PB2	2031	76	A	1	0	76	38.5394736842105
A_PB2	2032	76	G	1	0	76	40.0789473684211
A_PB2	2033	77	A	0	0	77	39.987012987013
A_PB2	2034	77	T	0	0	77	38.8441558441558
A_PB2	2035	77	C	0	0	76	39.5526315789474
A_PB2	2036	77	C	0	0	76	39.2631578947368
A_PB2	2037	77	A	0	0	77	39.5974025974026
A_PB2	2038	77	G	0	0	77	39.3636363636364
A_PB2	2039	77	A	0	0	77	39.2207792207792
A_PB2	2040	77	T	0	0	77	40.6883116883117
A_PB2	2041	77	G	0	0	77	39.5194805194805
A_PB2	2042	77	A	0	0	77	39.4805194805195
A_PB2	2043	77	A	0	0	77	39.8831168831169
A_PB2	2044	77	G	0	0	77	41.3246753246753
A_PB2	2045	78	G	0	0	78	41.5641025641026
A_PB2	2046	78	C	0	0	78	41.6923076923077
A_PB2	2047	78	A	0	0	78	40.8461538461538
A_PB2	2048	78	C	0	0	78	42.0384615384615
A_PB2	2049	78	A	0	0	78	40.8461538461538
A_PB2	2050	78	T	0	0	78	40.6923076923077
A_PB2	2051	78	C	0	0	78	39.3076923076923
A_PB2	2052	78	T	0	0	78	40.5641025641026
A_PB2	2053	78	G	0	0	78	38.3076923076923
A_PB2	2054	78	G	0	0	78	39.1794871794872
A_PB2	2055	78	G	0	0	78	38.9487179487179
A_PB2	2056	78	G	0	0	78	38.8717948717949
A_PB2	2057	78	T	0	0	78	39.3974358974359
A_PB2	2058	78	G	0	0	78	39.6410256410256
A_PB2	2059	78	G	0	0	78	39.3333333333333
A_PB2	2060	78	A	0	0	78	39.025641025641
A_PB2	2061	78	G	0	0	78	38.525641025641
A_PB2	2062	78	T	0	0	78	38.7179487179487
A_PB2	2063	78	C	0	0	78	37.2692307692308
A_PB2	2064	78	T	0	0	78	37.7179487179487
A_PB2	2065	78	G	0	0	78	37.8974358974359
A_PB2	2066	78	C	0	0	78	38.474358974359
A_PB2	2067	78	T	0	0	78	38.6410256410256
A_PB2	2068	77	G	1	0	77	40.4805194805195
A_PB2	2069	77	T	1	0	77	40.1038961038961
A_PB2	2070	77	C	1	0	77	38.3376623376623
A_PB2	2071	77	C	1	0	77	37.1428571428571
A_PB2	2072	78	T	0	0	78	37
A_PB2	2073	78	G	0	0	77	35.4545454545455
A_PB2	2074	78	A	0	0	78	37.3461538461538
A_PB2	2075	78	G	0	0	78	37.0512820512821
A_PB2	2076	78	A	0	0	78	38.7179487179487
A_PB2	2077	77	G	1	0	77	40.1818181818182
A_PB2	2078	77	G	1	0	77	40.6363636363636
A_PB2	2079	77	A	1	0	77	41.8441558441558
A_PB2	2080	77	T	1	0	77	40.8441558441558
A_PB2	2081	78	T	0	0	78	40.2179487179487
A_PB2	2082	78	C	0	0	78	40.2692307692308
A_PB2	2083	78	C	0	0	78	40.6153846153846
A_PB2	2084	78	T	0	0	78	40.1666666666667
A_PB2	2085	78	C	0	0	77	40.4805194805195
A_PB2	2086	78	A	0	0	78	39.4615384615385
A_PB2	2087	78	T	0	0	78	40.1410256410256
A_PB2	2088	78	T	0	0	78	39.5128205128205
A_PB2	2089	78	T	0	0	78	40.7564102564103
A_PB2	2090	78	T	0	0	78	40.8846153846154
A_PB2	2091	78	A	0	0	78	39.4487179487179
A_PB2	2092	78	G	0	0	78	39.6794871794872
A_PB2	2093	78	G	0	0	78	39.7820512820513
A_PB2	2094	78	C	0	0	78	39.2307692307692
A_PB2	2095	79	A	0	0	79	38.9367088607595
A_PB2	2096	79	A	0	0	79	40.746835443038
A_PB2	2097	79	A	0	0	79	40.2278481012658
A_PB2	2098	79	G	0	0	79	40.1645569620253
A_PB2	2099	79	A	0	0	79	42.0759493670886
A_PB2	2100	79	A	0	0	79	42.1518987341772
A_PB2	2101	79	G	0	0	79	41.746835443038
A_PB2	2102	79	A	0	0	79	41.6708860759494
A_PB2	2103	79	C	0	0	79	40.8987341772152
A_PB2	2104	79	A	0	0	79	39.9113924050633
A_PB2	2105	79	A	0	0	78	39.4102564102564
A_PB2	2106	79	G	0	0	78	39.7692307692308
A_PB2	2107	79	A	0	0	79	39.6582278481013
A_PB2	2108	79	G	0	0	79	41.0632911392405
A_PB2	2109	79	G	0	0	78	40.525641025641
A_PB2	2110	79	T	0	0	79	41.1645569620253
A_PB2	2111	79	A	0	0	79	40.7341772151899
A_PB2	2112	79	T	0	0	78	40.6025641025641
A_PB2	2113	79	G	0	0	79	40.2025316455696
A_PB2	2114	79	G	0	0	79	40.1772151898734
A_PB2	2115	79	C	0	0	78	39.3461538461538
A_PB2	2116	79	C	0	0	79	39.4050632911392
A_PB2	2117	79	C	0	0	78	40.2948717948718
A_PB2	2118	79	A	0	0	78	39.525641025641
A_PB2	2119	79	G	0	0	79	40.6962025316456
A_PB2	2120	79	C	0	0	79	40.0253164556962
A_PB2	2121	79	A	0	0	79	39.9367088607595
A_PB2	2122	79	T	0	0	79	40.7215189873418
A_PB2	2123	78	T	1	0	78	41.0128205128205
A_PB2	2124	78	A	1	0	78	40.2051282051282
A_PB2	2125	80	A	0	0	80	40.1875
A_PB2	2126	80	G	0	0	79	40.4430379746835
A_PB2	2127	80	C	0	0	79	40.1139240506329
A_PB2	2128	80	A	0	0	79	39.7594936708861
A_PB2	2129	80	T	0	0	80	40.7
A_PB2	2130	80	C	0	0	79	39.5443037974684
A_PB2	2131	80	A	0	0	79	40.5949367088608
A_PB2	2132	80	A	0	0	80	39.95
A_PB2	2133	80	T	0	0	80	39.7125
A_PB2	2134	80	G	0	0	80	39.575
A_PB2	2135	80	A	0	0	80	40.725
A_PB2	2136	80	A	0	0	80	41.5375
A_PB2	2137	80	C	0	0	80	40.525
A_PB2	2138	80	T	0	0	80	40.525
A_PB2	2139	80	G	0	0	80	40.175
A_PB2	2140	80	A	0	0	80	40.4625
A_PB2	2141	80	G	0	0	80	39.175
A_PB2	2142	80	C	0	0	79	40.0253164556962
A_PB2	2143	80	A	0	0	80	39
A_PB2	2144	80	A	0	0	80	39.7125
A_PB2	2145	80	T	0	0	78	39.7179487179487
A_PB2	2146	80	C	0	0	79	39.746835443038
A_PB2	2147	80	T	0	0	79	40.6708860759494
A_PB2	2148	79	T	1	0	78	41.7179487179487
A_PB2	2149	79	G	1	0	79	39.746835443038
A_PB2	2150	79	C	1	0	78	39.8205128205128
A_PB2	2151	80	T	0	0	78	40.3589743589744
A_PB2	2152	80	A	0	0	80	39.425
A_PB2	2153	80	A	0	0	80	40.275
A_PB2	2154	79	A	1	0	79	40.9113924050633
A_PB2	2155	79	G	1	0	79	40.7341772151899
A_PB2	2156	78	G	2	0	78	42.1666666666667
A_PB2	2157	79	A	1	0	77	42.4805194805195
A_PB2	2158	80	G	0	0	80	40.6875
A_PB2	2159	80	A	0	0	80	40.9375
A_PB2	2160	80	G	0	0	79	40.3924050632911
A_PB2	2161	80	A	0	0	80	40.1875
A_PB2	2162	80	A	0	0	80	41.0375
A_PB2	2163	80	A	0	0	79	41.7341772151899
A_PB2	2164	80	G	0	0	80	40.3125
A_PB2	2165	80	C	0	0	80	39.8375
A_PB2	2166	80	T	0	0	80	39.95
A_PB2	2167	80	A	0	0	79	39.1392405063291
A_PB2	2168	80	A	0	0	80	38.675
A_PB2	2169	79	T	1	0	79	39.7215189873418
A_PB2	2170	79	G	1	0	79	40.4810126582278
A_PB2	2171	80	T	0	0	80	40.4625
A_PB2	2172	80	G	0	0	80	39.1625
A_PB2	2173	80	C	0	0	79	38.6835443037975
A_PB2	2174	80	T	0	0	79	39.2911392405063
A_PB2	2175	80	A	0	0	80	36.65
A_PB2	2176	80	A	0	0	80	36.7
A_PB2	2177	79	T	1	0	79	37.8354430379747
A_PB2	2178	80	T	0	0	80	38.3375
A_PB2	2179	80	G	0	0	78	38.4230769230769
A_PB2	2180	80	G	0	0	80	37.8125
A_PB2	2181	104	G	0	0	104	37.0192307692308
A_PB2	2182	104	C	0	0	103	36.6504854368932
A_PB2	2183	104	A	0	0	104	34.3365384615385
A_PB2	2184	107	G	2	0	106	33.622641509434
A_PB2	2185	110	G	1	0	110	32.6181818181818
A_PB2	2186	111	G	0	0	111	33.1711711711712
A_PB2	2187	111	G	0	0	110	34.3818181818182
A_PB2	2188	111	G	0	0	111	38.6756756756757
A_PB2	2189	111	A	0	0	111	38.2972972972973
A_PB2	2190	111	C	0	0	111	38.3513513513514
A_PB2	2191	111	A	0	0	110	38.4636363636364
A_PB2	2192	111	T	0	0	110	38.5727272727273
A_PB2	2193	111	A	0	0	109	36.6422018348624
A_PB2	2194	111	G	0	0	110	36.4454545454545
A_PB2	2195	111	T	0	0	110	36.5545454545455
A_PB2	2196	111	G	0	0	111	35.9009009009009
A_PB2	2197	111	T	0	0	111	36.4054054054054
A_PB2	2198	111	T	0	0	109	38.8348623853211
A_PB2	2199	111	G	0	0	110	39.6272727272727
A_PB2	2200	111	G	0	0	111	39.5225225225225
A_PB2	2201	111	T	0	0	111	39.8648648648649
A_PB2	2202	111	A	0	0	111	39.954954954955
A_PB2	2203	111	A	0	0	111	40.7297297297297
A_PB2	2204	111	T	0	0	109	39.9174311926606
A_PB2	2205	111	G	0	0	108	38.0648148148148
A_PB2	2206	111	A	0	0	111	37.009009009009
A_PB2	2207	111	A	0	0	111	39.963963963964
A_PB2	2208	111	A	0	0	111	39.981981981982
A_PB2	2209	111	C	0	0	111	38.8918918918919
A_PB2	2210	111	G	0	0	111	36.2432432432432
A_PB2	2211	111	A	0	0	110	35.7727272727273
A_PB2	2212	111	A	0	0	111	36.2612612612613
A_PB2	2213	111	A	0	0	110	37.2818181818182
A_PB2	2214	111	A	0	0	110	39.2909090909091
A_PB2	2215	111	C	0	0	110	38.9909090909091
A_PB2	2216	109	G	2	0	109	38.045871559633
A_PB2	2217	111	G	0	0	111	37.6306306306306
A_PB2	2218	111	G	0	0	110	35.9181818181818
A_PB2	2219	111	A	0	0	110	35.1636363636364
A_PB2	2220	110	C	1	0	110	35.1
A_PB2	2221	111	T	0	0	111	35.6486486486486
A_PB2	2222	110	C	1	0	110	35.3818181818182
A_PB2	2223	110	T	1	0	110	36.5181818181818
A_PB2	2224	110	A	1	0	110	36.7636363636364
A_PB2	2225	110	G	1	0	110	38.1
A_PB2	2226	111	C	0	0	110	38.7181818181818
A_PB2	2227	110	A	1	0	110	37.8272727272727
A_PB2	2228	110	T	1	0	110	38.9545454545455
A_PB2	2229	111	A	0	0	111	38.7657657657658
A_PB2	2230	111	C	0	0	111	39.4504504504505
A_PB2	2231	111	T	0	0	110	39.5090909090909
A_PB2	2232	111	T	0	0	111	39.5495495495495
A_PB2	2233	111	A	0	0	111	38.972972972973
A_PB2	2234	111	C	0	0	111	38.6396396396396
A_PB2	2235	111	T	0	0	111	39.3423423423423
A_PB2	2236	111	G	0	0	111	40
A_PB2	2237	111	A	0	0	111	40
A_PB2	2238	111	C	0	0	111	40.1891891891892
A_PB2	2239	111	A	0	0	111	40.7927927927928
A_PB2	2240	111	G	0	0	111	41.6396396396396
A_PB2	2241	111	C	0	0	111	41.1261261261261
A_PB2	2242	111	C	0	0	111	41.4774774774775
A_PB2	2243	111	A	0	0	110	41.2181818181818
A_PB2	2244	110	G	1	0	110	41.0363636363636
A_PB2	2245	111	A	0	0	111	40.5675675675676
A_PB2	2246	110	C	1	0	110	40.6363636363636
A_PB2	2247	110	A	1	0	109	40.2110091743119
A_PB2	2248	110	G	1	0	110	39.6
A_PB2	2249	111	C	0	0	110	38.7727272727273
A_PB2	2250	111	G	0	0	110	36.8181818181818
A_PB2	2251	111	A	0	0	110	36.4727272727273
A_PB2	2252	111	C	0	0	111	36.3513513513514
A_PB2	2253	111	C	0	0	111	35.9459459459459
A_PB2	2254	109	A	2	0	109	35.7247706422018
A_PB2	2255	110	A	1	0	110	37.2454545454545
A_PB2	2256	111	A	0	0	110	38.8545454545455
A_PB2	2257	111	A	0	0	110	40.3727272727273
A_PB2	2258	110	G	0	0	110	41.6727272727273
A_PB2	2259	110	A	0	0	110	42.1727272727273
A_PB2	2260	110	A	0	0	110	41.6181818181818
A_PB2	2261	110	T	0	0	110	41.0818181818182
A_PB2	2262	110	T	0	0	109	41.4770642201835
A_PB2	2263	110	C	0	0	110	39.7
A_PB2	2264	109	G	0	0	109	38.697247706422
A_PB2	2265	108	A	1	0	107	39.214953271028
A_PB2	2266	109	A	0	0	109	38.8440366972477
A_PB2	2267	109	T	0	0	109	38.1009174311927
A_PB2	2268	109	G	0	0	109	38.5137614678899
A_PB2	2269	109	G	0	0	109	39.2385321100917
A_PB2	2270	109	C	0	0	108	38.8796296296296
A_PB2	2271	109	C	0	0	107	38.196261682243
A_PB2	2272	109	A	0	0	109	38.6880733944954
A_PB2	2273	109	T	0	0	109	38.7889908256881
A_PB2	2274	109	C	0	0	109	38.1100917431193
A_PB2	2275	109	A	0	0	109	38.5229357798165
A_PB2	2276	109	A	0	0	109	38.6146788990826
A_PB2	2277	109	T	0	0	108	38.4537037037037
A_PB2	2278	109	T	0	0	109	37.3577981651376
A_PB2	2279	108	A	0	0	108	37.0555555555556
A_PB2	2280	106	G	0	0	106	36.8679245283019
