Reference_Name	Position	Allele	Count	Total	Frequency	Average_Quality	ConfidenceNotMacErr	PairedUB	QualityUB	Allele_Type
A_MP	1	A	14	14	1	35.2857142857143	0.999703906706037	0.349772866933434	0.350209275184071	Consensus
A_MP	2	T	14	14	1	34.5	0.999645186610766	0.349772866933434	0.350295770196393	Consensus
A_MP	3	G	14	14	1	32.4285714285714	0.999428333349809	0.349772866933434	0.350615047954003	Consensus
A_MP	4	A	15	15	1	33.8	0.99958313061653	0.329785645795638	0.330434315561426	Consensus
A_MP	5	G	15	15	1	34.2666666666667	0.999625602161018	0.329785645795638	0.330368275279061	Consensus
A_MP	6	C	15	15	1	34.0666666666667	0.999607957334473	0.329785645795638	0.330395713059013	Consensus
A_MP	7	C	15	15	1	35.6	0.999724577129666	0.329785645795638	0.330214334288409	Consensus
A_MP	8	T	15	15	1	35.9333333333333	0.999744925721629	0.329785645795638	0.330182677788372	Consensus
A_MP	9	T	15	15	1	37.2	0.999809453928204	0.329785645795638	0.330082274243217	Consensus
A_MP	10	C	15	15	1	37.4	0.999818029914139	0.329785645795638	0.330068928443176	Consensus
A_MP	11	T	15	15	1	36.9333333333333	0.999797387298738	0.329785645795638	0.330101051375835	Consensus
A_MP	12	T	15	15	1	36.4666666666667	0.999774402993116	0.329785645795638	0.33013681531829	Consensus
A_MP	13	A	15	15	1	34.9333333333333	0.999678880509064	0.329785645795638	0.330285415932044	Consensus
A_MP	14	C	15	15	1	34.5333333333333	0.999647899479832	0.329785645795638	0.330333600193306	Consensus
A_MP	15	C	15	15	1	32.0666666666667	0.999378654248252	0.329785645795638	0.330752111384612	Consensus
A_MP	16	G	14	15	0.933333333333333	32.8571428571429	0.999445056284368	0.329785645795638	0.33059144160951	Consensus
A_MP	16	A	1	15	0.0666666666666667	14	0.402839244169754	0.329785645795638	0.387765536464955	Minority
A_MP	17	A	15	15	1	31.7333333333333	0.999329086290045	0.329785645795638	0.330829112067879	Consensus
A_MP	18	G	15	15	1	33.4666666666667	0.999549874793794	0.329785645795638	0.330486018521769	Consensus
A_MP	19	G	15	15	1	34.8	0.999668868878517	0.329785645795638	0.330300987476162	Consensus
A_MP	20	T	15	15	1	35.3333333333333	0.999707135543538	0.329785645795638	0.330241466359583	Consensus
A_MP	21	T	15	15	1	35.3333333333333	0.999707135543538	0.329785645795638	0.330241466359583	Consensus
A_MP	22	G	15	15	1	35.0666666666667	0.999688589441555	0.329785645795638	0.330270314615541	Consensus
A_MP	23	G	1	15	0.0666666666666667	5	0	0.329785645795638	0.683556936974386	Minority
A_MP	23	A	13	15	0.866666666666667	36.4615384615385	0.999739388209148	0.329785645795638	0.330137230048254	Consensus
A_MP	23	-	1	15	0.0666666666666667	NA	NA	0.329785645795638	0	Minority
A_MP	24	A	14	15	0.933333333333333	34.1428571428571	0.999587259097853	0.329785645795638	0.330385111535068	Consensus
A_MP	24	G	1	15	0.0666666666666667	5	0	0.329785645795638	0.683556936974386	Minority
A_MP	25	C	1	15	0.0666666666666667	5	0	0.329785645795638	0.683556936974386	Minority
A_MP	25	A	14	15	0.933333333333333	34.9285714285714	0.999655565948247	0.329785645795638	0.330285963875957	Consensus
A_MP	26	C	15	15	1	32.7333333333333	0.999467074297119	0.329785645795638	0.330614720116071	Consensus
A_MP	27	G	14	15	0.933333333333333	32.1428571428571	0.999345849753937	0.329785645795638	0.330735323749075	Consensus
A_MP	27	-	1	15	0.0666666666666667	NA	NA	0.329785645795638	0	Minority
A_MP	28	-	1	15	0.0666666666666667	NA	NA	0.329785645795638	0	Minority
A_MP	28	T	14	15	0.933333333333333	33.1428571428571	0.999480389989801	0.329785645795638	0.330540183759327	Consensus
A_MP	29	A	15	15	1	31.6	0.999308169029081	0.329785645795638	0.330861601321903	Consensus
A_MP	30	C	1	15	0.0666666666666667	4	0	0.329785645795638	0.751393656769445	Minority
A_MP	30	T	14	15	0.933333333333333	34.1428571428571	0.999587259097853	0.329785645795638	0.330385111535068	Consensus
A_MP	31	G	15	15	1	32.8	0.99947519253975	0.329785645795638	0.330602103270463	Consensus
A_MP	32	T	15	15	1	34.6666666666667	0.999658545112617	0.329785645795638	0.33031704387102	Consensus
A_MP	33	-	2	15	0.133333333333333	NA	NA	0.329785645795638	0	Minority
A_MP	33	T	13	15	0.866666666666667	33.3076923076923	0.999461260677265	0.329785645795638	0.330512107379654	Consensus
A_MP	34	-	2	15	0.133333333333333	NA	NA	0.329785645795638	0	Minority
A_MP	34	C	13	15	0.866666666666667	32	0.999271972294831	0.329785645795638	0.330767043527883	Consensus
A_MP	35	T	15	15	1	32.8	0.99947519253975	0.329785645795638	0.330602103270463	Consensus
A_MP	36	C	15	15	1	32.8	0.99947519253975	0.329785645795638	0.330602103270463	Consensus
A_MP	37	T	15	15	1	30.9333333333333	0.999193384307823	0.329785645795638	0.331039841752657	Consensus
A_MP	38	C	15	15	1	28	0.998415106807539	0.329785645795638	0.33224631290098	Consensus
A_MP	39	T	15	15	1	27.8666666666667	0.998365694157277	0.329785645795638	0.332322791003338	Consensus
A_MP	40	A	15	15	1	29.6	0.998903521803857	0.329785645795638	0.331489599227475	Consensus
A_MP	41	T	15	15	1	29.9333333333333	0.998984531007567	0.329785645795638	0.331363953543993	Consensus
A_MP	42	G	1	15	0.0666666666666667	25	0.952565835097474	0.329785645795638	0.334680680750423	Minority
A_MP	42	T	1	15	0.0666666666666667	21	0.880850764791358	0.329785645795638	0.341973244115338	Minority
A_MP	42	C	13	15	0.866666666666667	29.6923076923077	0.998761439750729	0.329785645795638	0.331453838067942	Consensus
A_MP	43	G	15	15	1	30.8	0.999168236228897	0.329785645795638	0.331078881833867	Consensus
A_MP	44	T	15	15	1	31.3333333333333	0.99926435774554	0.329785645795638	0.330929641758097	Consensus
A_MP	45	T	15	15	1	31.9333333333333	0.999359282381132	0.329785645795638	0.330782206093656	Consensus
A_MP	46	C	15	15	1	34.2666666666667	0.999625602161018	0.329785645795638	0.330368275279061	Consensus
A_MP	47	C	15	15	1	34.6666666666667	0.999658545112617	0.329785645795638	0.33031704387102	Consensus
A_MP	48	A	15	15	1	34.5333333333333	0.999647899479832	0.329785645795638	0.330333600193306	Consensus
A_MP	49	T	15	15	1	37.7333333333333	0.999831474095525	0.329785645795638	0.330048005955177	Consensus
A_MP	50	C	15	15	1	34.6666666666667	0.999658545112617	0.329785645795638	0.33031704387102	Consensus
A_MP	51	A	15	15	1	37.5333333333333	0.999823531714338	0.329785645795638	0.330060366405432	Consensus
A_MP	52	G	15	15	1	36.6666666666667	0.999784556530997	0.329785645795638	0.330121016643139	Consensus
A_MP	53	G	15	15	1	37.4	0.999818029914139	0.329785645795638	0.330068928443176	Consensus
A_MP	54	C	15	15	1	36.6	0.999781223837605	0.329785645795638	0.330126202306695	Consensus
A_MP	55	C	15	15	1	36.0666666666667	0.999752637800836	0.329785645795638	0.33017067938506	Consensus
A_MP	56	C	15	15	1	36.0666666666667	0.999752637800836	0.329785645795638	0.33017067938506	Consensus
A_MP	57	C	15	15	1	36.2666666666667	0.999763770933737	0.329785645795638	0.330153357900418	Consensus
A_MP	58	C	15	15	1	35.8666666666667	0.999740979979547	0.329785645795638	0.330188816410908	Consensus
A_MP	59	T	15	15	1	35.6	0.999724577129666	0.329785645795638	0.330214334288409	Consensus
A_MP	60	C	15	15	1	34.4	0.99963692194523	0.329785645795638	0.330350671987252	Consensus
A_MP	61	A	15	15	1	34.9333333333333	0.999678880509064	0.329785645795638	0.330285415932044	Consensus
A_MP	62	A	15	15	1	36.8666666666667	0.999794253084395	0.329785645795638	0.330105928449146	Consensus
A_MP	63	A	15	15	1	37.6	0.999826219917125	0.329785645795638	0.330056182891708	Consensus
A_MP	64	G	15	15	1	37.5333333333333	0.999823531714338	0.329785645795638	0.330060366405432	Consensus
A_MP	65	C	15	15	1	37.6	0.999826219917125	0.329785645795638	0.330056182891708	Consensus
A_MP	66	C	15	15	1	36.3333333333333	0.999767369493285	0.329785645795638	0.330147758922917	Consensus
A_MP	67	G	15	15	1	37.0666666666667	0.999803513221001	0.329785645795638	0.33009151881003	Consensus
A_MP	68	A	15	15	1	35.9333333333333	0.999744925721629	0.329785645795638	0.330182677788372	Consensus
A_MP	69	G	15	15	1	36.4666666666667	0.999774402993116	0.329785645795638	0.33013681531829	Consensus
A_MP	70	A	15	15	1	36.5333333333333	0.999777839590804	0.329785645795638	0.330131468119178	Consensus
A_MP	71	T	15	15	1	37.2	0.999809453928204	0.329785645795638	0.330082274243217	Consensus
A_MP	72	C	15	15	1	36.4	0.999770913234723	0.329785645795638	0.330142245160817	Consensus
A_MP	73	G	15	15	1	35.9333333333333	0.999744925721629	0.329785645795638	0.330182677788372	Consensus
A_MP	74	C	15	15	1	35.2666666666667	0.999702605225476	0.329785645795638	0.33024851340898	Consensus
A_MP	75	G	15	15	1	38.1333333333333	0.999846302548406	0.329785645795638	0.330024927940396	Consensus
A_MP	76	C	15	15	1	38.3333333333333	0.999853220073238	0.329785645795638	0.330014161515416	Consensus
A_MP	77	A	15	15	1	39.2666666666667	0.999881605007777	0.329785645795638	0.32996998024314	Consensus
A_MP	78	G	15	15	1	38.4666666666667	0.999857657911614	0.329785645795638	0.330007254319562	Consensus
A_MP	79	A	15	15	1	38.3333333333333	0.999853220073238	0.329785645795638	0.330014161515416	Consensus
A_MP	80	G	15	15	1	38.0666666666667	0.999843925003691	0.329785645795638	0.330028628281089	Consensus
A_MP	81	A	15	15	1	37.6666666666667	0.999828867169584	0.329785645795638	0.330052063064583	Consensus
A_MP	82	T	1	15	0.0666666666666667	7	0	0.329785645795638	0.573891959039137	Minority
A_MP	82	C	14	15	0.933333333333333	38.3571428571429	0.999843595610405	0.329785645795638	0.330012912492573	Consensus
A_MP	83	T	15	15	1	37.1333333333333	0.999806506372461	0.329785645795638	0.330086861076411	Consensus
A_MP	84	T	15	15	1	36.0666666666667	0.999752637800836	0.329785645795638	0.33017067938506	Consensus
A_MP	85	G	15	15	1	36	0.999748811356849	0.329785645795638	0.330176632586544	Consensus
A_MP	86	A	15	15	1	36.9333333333333	0.999797387298738	0.329785645795638	0.330101051375835	Consensus
A_MP	87	A	15	15	1	34.9333333333333	0.999678880509064	0.329785645795638	0.330285415932044	Consensus
A_MP	88	G	15	15	1	37	0.999800473768503	0.329785645795638	0.330096248539176	Consensus
A_MP	89	A	15	15	1	38.8	0.999868174326144	0.329785645795638	0.329990885758822	Consensus
A_MP	90	T	15	15	1	36.8666666666667	0.999794253084395	0.329785645795638	0.330105928449146	Consensus
A_MP	91	G	15	15	1	38.3333333333333	0.999853220073238	0.329785645795638	0.330014161515416	Consensus
A_MP	92	T	15	15	1	39.5333333333333	0.999888656039094	0.329785645795638	0.329959004533496	Consensus
A_MP	93	C	15	15	1	38.9333333333333	0.999872160028054	0.329785645795638	0.329984681930894	Consensus
A_MP	94	T	15	15	1	39.8	0.999895287145195	0.329785645795638	0.329948682211773	Consensus
A_MP	95	T	15	15	1	38.2	0.999848643875156	0.329785645795638	0.330021283935167	Consensus
A_MP	96	T	15	15	1	38.9333333333333	0.999872160028054	0.329785645795638	0.329984681930894	Consensus
A_MP	97	G	15	15	1	38	0.999841510680754	0.329785645795638	0.33003238582765	Consensus
A_MP	98	C	15	15	1	37.4666666666667	0.999820801927762	0.329785645795638	0.330064614589586	Consensus
A_MP	99	T	15	15	1	37.5333333333333	0.999823531714338	0.329785645795638	0.330060366405432	Consensus
A_MP	100	G	15	15	1	35.4666666666667	0.999715990195209	0.329785645795638	0.330227692321456	Consensus
A_MP	101	G	15	15	1	31.7333333333333	0.999329086290045	0.329785645795638	0.330829112067879	Consensus
A_MP	102	G	15	15	1	31.1333333333333	0.999229687994203	0.329785645795638	0.330983476993405	Consensus
A_MP	103	A	15	15	1	35.7333333333333	0.999732904441244	0.329785645795638	0.330201379709305	Consensus
A_MP	104	A	15	15	1	36.5333333333333	0.999777839590804	0.329785645795638	0.330131468119178	Consensus
A_MP	105	A	15	15	1	35.4	0.999711596849687	0.329785645795638	0.33023452654036	Consensus
A_MP	106	A	15	15	1	35.2666666666667	0.999702605225476	0.329785645795638	0.33024851340898	Consensus
A_MP	107	A	15	15	1	32.8666666666667	0.999483187114367	0.329785645795638	0.330589678237685	Consensus
A_MP	108	C	15	15	1	32.4	0.999424560062663	0.329785645795638	0.33068078656439	Consensus
A_MP	109	A	15	15	1	32.5333333333333	0.999441958282523	0.329785645795638	0.330653751307676	Consensus
A_MP	110	C	15	15	1	34.5333333333333	0.999647899479832	0.329785645795638	0.330333600193306	Consensus
A_MP	111	A	15	15	1	35.6	0.999724577129666	0.329785645795638	0.330214334288409	Consensus
A_MP	112	G	14	15	0.933333333333333	36.7142857142857	0.999771684891211	0.329785645795638	0.330117360992577	Consensus
A_MP	112	A	1	15	0.0666666666666667	3	0	0.329785645795638	0.827511554733105	Minority
A_MP	113	G	1	15	0.0666666666666667	3	0	0.329785645795638	0.827511554733105	Minority
A_MP	113	A	14	15	0.933333333333333	37.3571428571429	0.999803098539423	0.329785645795638	0.330071736783509	Consensus
A_MP	114	T	15	15	1	34.8666666666667	0.999673913114088	0.329785645795638	0.330293142022175	Consensus
A_MP	115	G	1	15	0.0666666666666667	4	0	0.329785645795638	0.751393656769445	Minority
A_MP	115	C	14	15	0.933333333333333	35.6428571428571	0.999707801818282	0.329785645795638	0.330210126909703	Consensus
A_MP	116	T	15	15	1	34	0.999601892829446	0.329785645795638	0.330405142960539	Consensus
A_MP	117	T	15	15	1	32.5333333333333	0.999441958282523	0.329785645795638	0.330653751307676	Consensus
A_MP	118	G	15	15	1	30.0666666666667	0.99901523334789	0.329785645795638	0.331316323911693	Consensus
A_MP	119	A	15	15	1	29.4666666666667	0.99886933660205	0.329785645795638	0.33154260900512	Consensus
A_MP	120	G	15	15	1	30.4666666666667	0.999101882139039	0.329785645795638	0.331181872447032	Consensus
A_MP	121	G	15	15	1	31.2666666666667	0.999252978101073	0.329785645795638	0.33094731287232	Consensus
A_MP	122	C	15	15	1	33.6666666666667	0.999570133765292	0.329785645795638	0.330454522603837	Consensus
A_MP	123	T	15	15	1	35.2	0.99969800482796	0.329785645795638	0.330255669343502	Consensus
A_MP	124	C	15	15	1	36.0666666666667	0.999752637800836	0.329785645795638	0.33017067938506	Consensus
A_MP	125	T	15	15	1	35.0666666666667	0.999688589441555	0.329785645795638	0.330270314615541	Consensus
A_MP	126	C	14	15	0.933333333333333	40.5	0.999904508828057	0.329785645795638	0.32992441646032	Consensus
A_MP	126	G	1	15	0.0666666666666667	5	0	0.329785645795638	0.683556936974386	Minority
A_MP	127	A	15	15	1	38.2	0.999848643875156	0.329785645795638	0.330021283935167	Consensus
A_MP	128	T	15	15	1	37.0666666666667	0.999803513221001	0.329785645795638	0.33009151881003	Consensus
A_MP	129	G	14	15	0.933333333333333	40.2857142857143	0.99989967901334	0.329785645795638	0.329931434026649	Consensus
A_MP	129	-	1	15	0.0666666666666667	NA	NA	0.329785645795638	0	Minority
A_MP	130	G	14	15	0.933333333333333	41.3571428571429	0.999921612116652	0.329785645795638	0.329899564948554	Consensus
A_MP	130	-	1	15	0.0666666666666667	NA	NA	0.329785645795638	0	Minority
A_MP	131	A	15	15	1	37.6666666666667	0.999828867169584	0.329785645795638	0.330052063064583	Consensus
A_MP	132	A	15	15	1	37.4	0.999818029914139	0.329785645795638	0.330068928443176	Consensus
A_MP	133	T	15	15	1	39.5333333333333	0.999888656039094	0.329785645795638	0.329959004533496	Consensus
A_MP	134	G	15	15	1	40.2	0.999904500741398	0.329785645795638	0.329934339414914	Consensus
A_MP	135	G	15	15	1	39.2	0.999879773556538	0.329785645795638	0.329972831050653	Consensus
A_MP	136	C	15	15	1	38.1333333333333	0.999846302548406	0.329785645795638	0.330024927940396	Consensus
A_MP	137	T	15	15	1	38.6	0.99986196157354	0.329785645795638	0.330000555847522	Consensus
A_MP	138	A	15	15	1	37.2	0.999809453928204	0.329785645795638	0.330082274243217	Consensus
A_MP	139	A	15	15	1	38.8	0.999868174326144	0.329785645795638	0.329990885758822	Consensus
A_MP	140	A	15	15	1	36.1333333333333	0.999756405955271	0.329785645795638	0.330164816785113	Consensus
A_MP	141	G	15	15	1	38.2	0.999848643875156	0.329785645795638	0.330021283935167	Consensus
A_MP	142	A	15	15	1	40.5333333333333	0.999911556348086	0.329785645795638	0.329923355614046	Consensus
A_MP	143	C	15	15	1	40.4666666666667	0.999910188213904	0.329785645795638	0.329925485477399	Consensus
A_MP	144	A	15	15	1	40.5333333333333	0.999911556348086	0.329785645795638	0.329923355614046	Consensus
A_MP	145	A	15	15	1	40.2666666666667	0.999905955514827	0.329785645795638	0.329932074723881	Consensus
A_MP	146	G	15	15	1	40.4	0.999908798916064	0.329785645795638	0.329927648276099	Consensus
A_MP	147	A	15	15	1	40.8666666666667	0.999918090677578	0.329785645795638	0.32991318304395	Consensus
A_MP	148	C	15	15	1	39.8666666666667	0.999896882272541	0.329785645795638	0.329946199114931	Consensus
A_MP	149	C	15	15	1	40.2666666666667	0.999905955514827	0.329785645795638	0.329932074723881	Consensus
A_MP	150	A	15	15	1	39.9333333333333	0.999898453100757	0.329785645795638	0.32994375382905	Consensus
A_MP	151	A	15	15	1	39.9333333333333	0.999898453100757	0.329785645795638	0.32994375382905	Consensus
A_MP	152	T	15	15	1	39	0.999874107458821	0.329785645795638	0.329981650679754	Consensus
A_MP	153	T	15	15	1	41.3333333333333	0.999926435774554	0.329785645795638	0.329900191119005	Consensus
A_MP	154	C	15	15	1	39.1333333333333	0.999877913774594	0.329785645795638	0.3299757259367	Consensus
A_MP	155	T	15	15	1	38.2	0.999848643875156	0.329785645795638	0.330021283935167	Consensus
A_MP	156	G	15	15	1	36.0666666666667	0.999752637800836	0.329785645795638	0.33017067938506	Consensus
A_MP	157	T	15	15	1	38.4	0.999855456022925	0.329785645795638	0.330010681425424	Consensus
A_MP	158	C	15	15	1	37.8	0.999834041309256	0.329785645795638	0.330044010609327	Consensus
A_MP	159	A	15	15	1	41.0666666666667	0.999921777204361	0.329785645795638	0.329907443787787	Consensus
A_MP	160	C	15	15	1	43.0666666666667	0.999950644752586	0.329785645795638	0.329862499410574	Consensus
A_MP	161	C	15	15	1	41.5333333333333	0.999929746710103	0.329785645795638	0.329895036428455	Consensus
A_MP	162	T	15	15	1	41.6666666666667	0.999931870793094	0.329785645795638	0.329891729476368	Consensus
A_MP	163	T	15	15	1	42.4	0.999942456006266	0.329785645795638	0.329875249117315	Consensus
A_MP	164	T	15	15	1	43	0.999949881276637	0.329785645795638	0.329863688143674	Consensus
A_MP	165	G	15	15	1	41.2	0.999924142242497	0.329785645795638	0.329903761807754	Consensus
A_MP	166	A	15	15	1	40.7333333333333	0.999915536968142	0.329785645795638	0.329917158660357	Consensus
A_MP	167	C	15	15	1	40.1333333333333	0.999903023464089	0.329785645795638	0.329936639125443	Consensus
A_MP	168	T	15	15	1	38.4	0.999855456022925	0.329785645795638	0.330010681425424	Consensus
A_MP	169	A	15	15	1	38.4666666666667	0.999857657911614	0.329785645795638	0.330007254319562	Consensus
A_MP	170	A	15	15	1	38.3333333333333	0.999853220073238	0.329785645795638	0.330014161515416	Consensus
A_MP	171	G	15	15	1	38.1333333333333	0.999846302548406	0.329785645795638	0.330024927940396	Consensus
A_MP	172	G	15	15	1	39.0666666666667	0.999876025223697	0.329785645795638	0.329978665582492	Consensus
A_MP	173	G	15	15	1	40.8	0.99991682362289	0.329785645795638	0.329915155600352	Consensus
A_MP	174	G	15	15	1	42.4666666666667	0.999943332593942	0.329785645795638	0.329873884307878	Consensus
A_MP	175	A	15	15	1	40.0666666666667	0.999901523334789	0.329785645795638	0.329938974396778	Consensus
A_MP	176	T	15	15	1	39.2666666666667	0.999881605007777	0.329785645795638	0.32996998024314	Consensus
A_MP	177	T	15	15	1	39.8	0.999895287145195	0.329785645795638	0.329948682211773	Consensus
A_MP	178	T	15	15	1	37.4	0.999818029914139	0.329785645795638	0.330068928443176	Consensus
A_MP	179	T	15	15	1	34.4	0.99963692194523	0.329785645795638	0.330350671987252	Consensus
A_MP	180	A	15	15	1	33.5333333333333	0.999556731707654	0.329785645795638	0.330475358590687	Consensus
A_MP	181	G	15	15	1	33.4666666666667	0.999549874793794	0.329785645795638	0.330486018521769	Consensus
A_MP	182	G	15	15	1	33.0666666666667	0.99950644752586	0.329785645795638	0.330553525131743	Consensus
A_MP	183	G	15	15	1	34.8	0.999668868878517	0.329785645795638	0.330300987476162	Consensus
A_MP	184	T	15	15	1	35.4666666666667	0.999715990195209	0.329785645795638	0.330227692321456	Consensus
A_MP	185	T	15	15	1	36.4666666666667	0.999774402993116	0.329785645795638	0.33013681531829	Consensus
A_MP	186	T	15	15	1	34.0666666666667	0.999607957334473	0.329785645795638	0.330395713059013	Consensus
A_MP	187	A	1	15	0.0666666666666667	6	0	0.329785645795638	0.624517927222568	Minority
A_MP	187	G	14	15	0.933333333333333	35.9285714285714	0.999726406307692	0.329785645795638	0.330183113146319	Consensus
A_MP	188	T	15	15	1	30.6	0.999129036410044	0.329785645795638	0.331139728465405	Consensus
A_MP	189	T	14	15	0.933333333333333	32.2857142857143	0.999367017366615	0.329785645795638	0.330704628026075	Consensus
A_MP	189	C	1	15	0.0666666666666667	15	0.525658350974743	0.329785645795638	0.376416639940347	Minority
A_MP	190	T	15	15	1	29.6666666666667	0.998920224837672	0.329785645795638	0.331463695914242	Consensus
A_MP	191	T	15	15	1	28.6666666666667	0.998640643609122	0.329785645795638	0.331897057656487	Consensus
A_MP	192	C	14	15	0.933333333333333	28.9285714285714	0.998628783342145	0.329785645795638	0.331773792537048	Consensus
A_MP	192	T	1	15	0.0666666666666667	5	0	0.329785645795638	0.683556936974386	Minority
A_MP	193	A	15	15	1	29.2	0.998797735565383	0.329785645795638	0.331653615814513	Consensus
A_MP	194	C	13	15	0.866666666666667	32.0769230769231	0.99928475373426	0.329785645795638	0.330749834360175	Consensus
A_MP	194	T	1	15	0.0666666666666667	9	0	0.329785645795638	0.494782293557327	Minority
A_MP	194	-	1	15	0.0666666666666667	NA	NA	0.329785645795638	0	Minority
A_MP	195	G	15	15	1	28.9333333333333	0.998721600280537	0.329785645795638	0.331771619109062	Consensus
A_MP	196	C	15	15	1	30.4666666666667	0.999101882139039	0.329785645795638	0.331181872447032	Consensus
A_MP	197	-	2	15	0.133333333333333	NA	NA	0.329785645795638	0	Minority
A_MP	197	T	13	15	0.866666666666667	35.1538461538462	0.999647821133473	0.329785645795638	0.330260688119187	Consensus
A_MP	198	C	15	15	1	32.0666666666667	0.999378654248252	0.329785645795638	0.330752111384612	Consensus
A_MP	199	A	15	15	1	33.5333333333333	0.999556731707654	0.329785645795638	0.330475358590687	Consensus
A_MP	200	C	15	15	1	37.0666666666667	0.999803513221001	0.329785645795638	0.33009151881003	Consensus
A_MP	201	C	15	15	1	37.2666666666667	0.999812356582804	0.329785645795638	0.330077757231983	Consensus
A_MP	202	G	15	15	1	38.4	0.999855456022925	0.329785645795638	0.330010681425424	Consensus
A_MP	203	T	15	15	1	37.6666666666667	0.999828867169584	0.329785645795638	0.330052063064583	Consensus
A_MP	204	G	15	15	1	37.8666666666667	0.999836569415728	0.329785645795638	0.330040076087369	Consensus
A_MP	205	C	15	15	1	41	0.999920567176528	0.329785645795638	0.329909327591502	Consensus
A_MP	206	C	15	15	1	42	0.999936904265552	0.329785645795638	0.329883892832524	Consensus
A_MP	207	C	15	15	1	45.2666666666667	0.999970260522548	0.329785645795638	0.329831956429758	Consensus
A_MP	208	A	15	15	1	42.8666666666667	0.999948318711437	0.329785645795638	0.329866121048924	Consensus
A_MP	209	G	15	15	1	41.6	0.999930816902908	0.329785645795638	0.329893370265148	Consensus
A_MP	210	T	15	15	1	41.4	0.999927556403992	0.329785645795638	0.329898446453938	Consensus
A_MP	211	G	15	15	1	40.7333333333333	0.999915536968142	0.329785645795638	0.329917158660357	Consensus
A_MP	212	A	15	15	1	39.8	0.999895287145195	0.329785645795638	0.329948682211773	Consensus
A_MP	213	G	15	15	1	37.6	0.999826219917125	0.329785645795638	0.330056182891708	Consensus
A_MP	214	C	15	15	1	37.3333333333333	0.999815215020258	0.329785645795638	0.33007330898062	Consensus
A_MP	215	G	15	15	1	36.5333333333333	0.999777839590804	0.329785645795638	0.330131468119178	Consensus
A_MP	216	G	15	15	1	36.9333333333333	0.999797387298738	0.329785645795638	0.330101051375835	Consensus
A_MP	217	G	15	15	1	37.4	0.999818029914139	0.329785645795638	0.330068928443176	Consensus
A_MP	218	G	15	15	1	36.2666666666667	0.999763770933737	0.329785645795638	0.330153357900418	Consensus
A_MP	219	A	15	15	1	36.2666666666667	0.999763770933737	0.329785645795638	0.330153357900418	Consensus
A_MP	220	C	15	15	1	33.8666666666667	0.999589480932873	0.329785645795638	0.330424441948468	Consensus
A_MP	221	T	15	15	1	33.4666666666667	0.999549874793794	0.329785645795638	0.330486018521769	Consensus
A_MP	222	G	15	15	1	33.6	0.99956348416776	0.329785645795638	0.330464860771792	Consensus
A_MP	223	C	15	15	1	33.3333333333333	0.999535841116639	0.329785645795638	0.330507834755113	Consensus
A_MP	224	A	15	15	1	32.8	0.99947519253975	0.329785645795638	0.330602103270463	Consensus
A_MP	225	G	15	15	1	31.2	0.999241422424971	0.329785645795638	0.330965256553448	Consensus
A_MP	226	C	15	15	1	31.2666666666667	0.999252978101073	0.329785645795638	0.33094731287232	Consensus
A_MP	227	G	15	15	1	31.8	0.999339306551992	0.329785645795638	0.330813236734808	Consensus
A_MP	228	T	15	15	1	31.9333333333333	0.999359282381132	0.329785645795638	0.330782206093656	Consensus
A_MP	229	A	15	15	1	31.2	0.999241422424971	0.329785645795638	0.330965256553448	Consensus
A_MP	230	G	15	15	1	31	0.999205671765276	0.329785645795638	0.331020765238918	Consensus
A_MP	231	A	15	15	1	28.4666666666667	0.998576579116136	0.329785645795638	0.331996295210161	Consensus
A_MP	232	C	13	15	0.866666666666667	30.4615384615385	0.998962485773308	0.329785645795638	0.331183519262178	Consensus
A_MP	232	T	2	15	0.133333333333333	17	0.850355326377334	0.329785645795638	0.35976611886215	Minority
A_MP	233	G	15	15	1	29.2666666666667	0.998816050077771	0.329785645795638	0.33162522475536	Consensus
A_MP	234	C	15	15	1	31.2	0.999241422424971	0.329785645795638	0.330965256553448	Consensus
A_MP	235	T	15	15	1	31.4666666666667	0.999286599624929	0.329785645795638	0.330895100777413	Consensus
A_MP	236	T	15	15	1	35.2	0.99969800482796	0.329785645795638	0.330255669343502	Consensus
A_MP	237	T	15	15	1	34.8	0.999668868878517	0.329785645795638	0.330300987476162	Consensus
A_MP	238	G	15	15	1	35.8666666666667	0.999740979979547	0.329785645795638	0.330188816410908	Consensus
A_MP	239	T	15	15	1	37.2	0.999809453928204	0.329785645795638	0.330082274243217	Consensus
A_MP	240	C	15	15	1	38.1333333333333	0.999846302548406	0.329785645795638	0.330024927940396	Consensus
A_MP	241	C	15	15	1	37	0.999800473768503	0.329785645795638	0.330096248539176	Consensus
A_MP	242	A	15	15	1	37.5333333333333	0.999823531714338	0.329785645795638	0.330060366405432	Consensus
A_MP	243	A	15	15	1	36.4666666666667	0.999774402993116	0.329785645795638	0.33013681531829	Consensus
A_MP	244	A	15	15	1	37.0666666666667	0.999803513221001	0.329785645795638	0.33009151881003	Consensus
A_MP	245	A	15	15	1	36.5333333333333	0.999777839590804	0.329785645795638	0.330131468119178	Consensus
A_MP	246	T	15	15	1	35.8666666666667	0.999740979979547	0.329785645795638	0.330188816410908	Consensus
A_MP	247	G	15	15	1	36.4	0.999770913234723	0.329785645795638	0.330142245160817	Consensus
A_MP	248	C	15	15	1	35.7333333333333	0.999732904441244	0.329785645795638	0.330201379709305	Consensus
A_MP	249	C	15	15	1	37.5333333333333	0.999823531714338	0.329785645795638	0.330060366405432	Consensus
A_MP	250	C	15	15	1	38.9333333333333	0.999872160028054	0.329785645795638	0.329984681930894	Consensus
A_MP	251	T	15	15	1	38.2	0.999848643875156	0.329785645795638	0.330021283935167	Consensus
A_MP	252	C	15	15	1	38.4	0.999855456022925	0.329785645795638	0.330010681425424	Consensus
A_MP	253	A	15	15	1	40.2666666666667	0.999905955514827	0.329785645795638	0.329932074723881	Consensus
A_MP	254	A	15	15	1	37.5333333333333	0.999823531714338	0.329785645795638	0.330060366405432	Consensus
A_MP	255	T	15	15	1	39.2	0.999879773556538	0.329785645795638	0.329972831050653	Consensus
A_MP	256	G	15	15	1	37	0.999800473768503	0.329785645795638	0.330096248539176	Consensus
A_MP	257	G	15	15	1	34.0666666666667	0.999607957334473	0.329785645795638	0.330395713059013	Consensus
A_MP	258	G	14	15	0.933333333333333	33.9285714285714	0.999566383219561	0.329785645795638	0.330415408108386	Consensus
A_MP	258	A	1	15	0.0666666666666667	7	0	0.329785645795638	0.573891959039137	Minority
A_MP	259	A	15	15	1	33.4	0.999542911810385	0.329785645795638	0.330496843064095	Consensus
A_MP	260	G	1	15	0.0666666666666667	5	0	0.329785645795638	0.683556936974386	Minority
A_MP	260	A	14	15	0.933333333333333	34.8571428571429	0.999649854186849	0.329785645795638	0.330294255450673	Consensus
A_MP	261	T	15	15	1	35.1333333333333	0.999693333266929	0.329785645795638	0.330262935843587	Consensus
A_MP	262	C	1	15	0.0666666666666667	3	0	0.329785645795638	0.827511554733105	Minority
A_MP	262	G	14	15	0.933333333333333	38.6428571428571	0.999853554001634	0.329785645795638	0.329998446053085	Consensus
A_MP	263	G	15	15	1	36	0.999748811356849	0.329785645795638	0.330176632586544	Consensus
A_MP	264	A	15	15	1	35	0.999683772233983	0.329785645795638	0.330277807391944	Consensus
A_MP	265	G	15	15	1	36.0666666666667	0.999752637800836	0.329785645795638	0.33017067938506	Consensus
A_MP	266	A	15	15	1	35	0.999683772233983	0.329785645795638	0.330277807391944	Consensus
A_MP	267	C	15	15	1	36.8666666666667	0.999794253084395	0.329785645795638	0.330105928449146	Consensus
A_MP	268	C	15	15	1	34.5333333333333	0.999647899479832	0.329785645795638	0.330333600193306	Consensus
A_MP	269	C	15	15	1	33.1333333333333	0.999513965982401	0.329785645795638	0.330541838683005	Consensus
A_MP	270	-	1	15	0.0666666666666667	NA	NA	0.329785645795638	0	Minority
A_MP	270	A	14	15	0.933333333333333	36.3571428571429	0.99975211574766	0.329785645795638	0.330145780007504	Consensus
A_MP	271	A	15	15	1	34.2	0.999619810603679	0.329785645795638	0.33037728138029	Consensus
A_MP	272	A	15	15	1	35.2666666666667	0.999702605225476	0.329785645795638	0.33024851340898	Consensus
A_MP	273	C	15	15	1	39.2	0.999879773556538	0.329785645795638	0.329972831050653	Consensus
A_MP	274	A	15	15	1	40.1333333333333	0.999903023464089	0.329785645795638	0.329936639125443	Consensus
A_MP	275	A	15	15	1	43.9333333333333	0.999959573451264	0.329785645795638	0.329848597154708	Consensus
A_MP	276	C	15	15	1	43.4666666666667	0.999954987479379	0.329785645795638	0.329855737712436	Consensus
A_MP	277	A	15	15	1	42.7333333333333	0.999946707429712	0.329785645795638	0.329868629790179	Consensus
A_MP	278	T	15	15	1	41.8666666666667	0.999934937112513	0.329785645795638	0.329886955523141	Consensus
A_MP	279	G	15	15	1	42.5333333333333	0.999944195828252	0.329785645795638	0.329872540284551	Consensus
A_MP	280	G	15	15	1	42.7333333333333	0.999946707429712	0.329785645795638	0.329868629790179	Consensus
A_MP	281	A	15	15	1	42.8	0.999947519253975	0.329785645795638	0.329867365794038	Consensus
A_MP	282	C	15	15	1	43.7333333333333	0.999957668206719	0.329785645795638	0.329851563718681	Consensus
A_MP	283	A	15	15	1	42.1333333333333	0.999938811942425	0.329785645795638	0.329880922719073	Consensus
A_MP	284	A	15	15	1	42.8	0.999947519253975	0.329785645795638	0.329867365794038	Consensus
A_MP	285	A	15	15	1	42.1333333333333	0.999938811942425	0.329785645795638	0.329880922719073	Consensus
A_MP	286	G	15	15	1	42	0.999936904265552	0.329785645795638	0.329883892832524	Consensus
A_MP	287	C	15	15	1	41.8	0.999933930655199	0.329785645795638	0.329888522482926	Consensus
A_MP	288	A	15	15	1	43.7333333333333	0.999957668206719	0.329785645795638	0.329851563718681	Consensus
A_MP	289	A	1	15	0.0666666666666667	46	0.999623217035274	0.329785645795638	0.329824761509848	Minority
A_MP	289	G	14	15	0.933333333333333	42.4285714285714	0.999938750001765	0.329785645795638	0.329874661633246	Consensus
A_MP	290	T	15	15	1	42.6	0.999945045912614	0.329785645795638	0.329871216730827	Consensus
A_MP	291	T	15	15	1	41.8	0.999933930655199	0.329785645795638	0.329888522482926	Consensus
A_MP	292	A	15	15	1	40.6666666666667	0.999914230410141	0.329785645795638	0.329919192695516	Consensus
A_MP	293	A	15	15	1	42.7333333333333	0.999946707429712	0.329785645795638	0.329868629790179	Consensus
A_MP	294	A	15	15	1	41	0.999920567176528	0.329785645795638	0.329909327591502	Consensus
A_MP	295	C	15	15	1	39.8666666666667	0.999896882272541	0.329785645795638	0.329946199114931	Consensus
A_MP	296	T	15	15	1	41.8666666666667	0.999934937112513	0.329785645795638	0.329886955523141	Consensus
A_MP	297	G	15	15	1	41.8666666666667	0.999934937112513	0.329785645795638	0.329886955523141	Consensus
A_MP	298	T	15	15	1	40.3333333333333	0.999907388127187	0.329785645795638	0.329929844519266	Consensus
A_MP	299	A	15	15	1	36.2666666666667	0.999763770933737	0.329785645795638	0.330153357900418	Consensus
A_MP	300	T	15	15	1	35.0666666666667	0.999688589441555	0.329785645795638	0.330270314615541	Consensus
A_MP	301	A	15	15	1	35.1333333333333	0.999693333266929	0.329785645795638	0.330262935843587	Consensus
A_MP	302	G	15	15	1	37.0666666666667	0.999803513221001	0.329785645795638	0.33009151881003	Consensus
A_MP	303	G	15	15	1	37.0666666666667	0.999803513221001	0.329785645795638	0.33009151881003	Consensus
A_MP	304	A	15	15	1	40.5333333333333	0.999911556348086	0.329785645795638	0.329923355614046	Consensus
A_MP	305	A	15	15	1	41.6	0.999930816902908	0.329785645795638	0.329893370265148	Consensus
A_MP	306	A	15	15	1	40.9333333333333	0.999919338430782	0.329785645795638	0.329911240526771	Consensus
A_MP	307	C	15	15	1	42.4666666666667	0.999943332593942	0.329785645795638	0.329873884307878	Consensus
A_MP	308	T	15	15	1	41.5333333333333	0.999929746710103	0.329785645795638	0.329895036428455	Consensus
A_MP	309	T	15	15	1	39.9333333333333	0.999898453100757	0.329785645795638	0.32994375382905	Consensus
A_MP	310	A	15	15	1	36.8666666666667	0.999794253084395	0.329785645795638	0.330105928449146	Consensus
A_MP	311	A	15	15	1	35	0.999683772233983	0.329785645795638	0.330277807391944	Consensus
A_MP	312	G	15	15	1	33.9333333333333	0.999595734512638	0.329785645795638	0.330414718508353	Consensus
A_MP	313	A	15	15	1	34.6666666666667	0.999658545112617	0.329785645795638	0.33031704387102	Consensus
A_MP	314	G	15	15	1	35.6666666666667	0.999728772742067	0.329785645795638	0.330207807336664	Consensus
A_MP	315	G	15	15	1	35.2666666666667	0.999702605225476	0.329785645795638	0.33024851340898	Consensus
A_MP	316	G	15	15	1	37.3333333333333	0.999815215020258	0.329785645795638	0.33007330898062	Consensus
A_MP	317	A	15	15	1	39.6	0.999890352180386	0.329785645795638	0.329956364257595	Consensus
A_MP	318	G	15	15	1	40.1333333333333	0.999903023464089	0.329785645795638	0.329936639125443	Consensus
A_MP	319	A	15	15	1	40.1333333333333	0.999903023464089	0.329785645795638	0.329936639125443	Consensus
A_MP	320	T	15	15	1	40.3333333333333	0.999907388127187	0.329785645795638	0.329929844519266	Consensus
A_MP	321	A	15	15	1	40	0.9999	0.329785645795638	0.329941345778593	Consensus
A_MP	322	A	15	15	1	40.4666666666667	0.999910188213904	0.329785645795638	0.329925485477399	Consensus
A_MP	323	C	15	15	1	39.2	0.999879773556538	0.329785645795638	0.329972831050653	Consensus
A_MP	324	G	15	15	1	37.8666666666667	0.999836569415728	0.329785645795638	0.330040076087369	Consensus
A_MP	325	T	15	15	1	39.3333333333333	0.999883408559882	0.329785645795638	0.329967172843311	Consensus
A_MP	326	T	15	15	1	37.7333333333333	0.999831474095525	0.329785645795638	0.330048005955177	Consensus
A_MP	327	C	15	15	1	35.8666666666667	0.999740979979547	0.329785645795638	0.330188816410908	Consensus
A_MP	328	C	15	15	1	37.5333333333333	0.999823531714338	0.329785645795638	0.330060366405432	Consensus
A_MP	329	A	15	15	1	38.0666666666667	0.999843925003691	0.329785645795638	0.330028628281089	Consensus
A_MP	330	T	15	15	1	39.6	0.999890352180386	0.329785645795638	0.329956364257595	Consensus
A_MP	331	G	15	15	1	36.2666666666667	0.999763770933737	0.329785645795638	0.330153357900418	Consensus
A_MP	332	G	15	15	1	38.2	0.999848643875156	0.329785645795638	0.330021283935167	Consensus
A_MP	333	G	15	15	1	38.5333333333333	0.999859826258165	0.329785645795638	0.330003879391591	Consensus
A_MP	334	G	15	15	1	39.6	0.999890352180386	0.329785645795638	0.329956364257595	Consensus
A_MP	335	C	15	15	1	40.5333333333333	0.999911556348086	0.329785645795638	0.329923355614046	Consensus
A_MP	336	C	15	15	1	40.6666666666667	0.999914230410141	0.329785645795638	0.329919192695516	Consensus
A_MP	337	A	15	15	1	39.8666666666667	0.999896882272541	0.329785645795638	0.329946199114931	Consensus
A_MP	338	A	15	15	1	37.2666666666667	0.999812356582804	0.329785645795638	0.330077757231983	Consensus
A_MP	339	A	15	15	1	37.1333333333333	0.999806506372461	0.329785645795638	0.330086861076411	Consensus
A_MP	340	G	15	15	1	39.0666666666667	0.999876025223697	0.329785645795638	0.329978665582492	Consensus
A_MP	341	A	15	15	1	39.4	0.99988518463785	0.329785645795638	0.329964408190514	Consensus
A_MP	342	A	15	15	1	40.5333333333333	0.999911556348086	0.329785645795638	0.329923355614046	Consensus
A_MP	343	A	15	15	1	37	0.999800473768503	0.329785645795638	0.330096248539176	Consensus
A_MP	344	T	15	15	1	40.4666666666667	0.999910188213904	0.329785645795638	0.329925485477399	Consensus
A_MP	345	A	15	15	1	39.0666666666667	0.999876025223697	0.329785645795638	0.329978665582492	Consensus
A_MP	346	G	15	15	1	39.7333333333333	0.999893667342836	0.329785645795638	0.329951203704003	Consensus
A_MP	347	C	15	15	1	38.9333333333333	0.999872160028054	0.329785645795638	0.329984681930894	Consensus
A_MP	348	T	15	15	1	39.8	0.999895287145195	0.329785645795638	0.329948682211773	Consensus
A_MP	349	C	15	15	1	41.3333333333333	0.999926435774554	0.329785645795638	0.329900191119005	Consensus
A_MP	350	T	15	15	1	41	0.999920567176528	0.329785645795638	0.329909327591502	Consensus
A_MP	351	C	15	15	1	38.1333333333333	0.999846302548406	0.329785645795638	0.330024927940396	Consensus
A_MP	352	A	15	15	1	39.7333333333333	0.999893667342836	0.329785645795638	0.329951203704003	Consensus
A_MP	353	G	15	15	1	37.7333333333333	0.999831474095525	0.329785645795638	0.330048005955177	Consensus
A_MP	354	T	15	15	1	38.1333333333333	0.999846302548406	0.329785645795638	0.330024927940396	Consensus
A_MP	355	T	15	15	1	39.6	0.999890352180386	0.329785645795638	0.329956364257595	Consensus
A_MP	356	A	15	15	1	39.7333333333333	0.999893667342836	0.329785645795638	0.329951203704003	Consensus
A_MP	357	T	15	15	1	40.8	0.99991682362289	0.329785645795638	0.329915155600352	Consensus
A_MP	358	T	15	15	1	39.6666666666667	0.999892022483767	0.329785645795638	0.329953764185071	Consensus
A_MP	359	C	15	15	1	40.5333333333333	0.999911556348086	0.329785645795638	0.329923355614046	Consensus
A_MP	360	T	15	15	1	41.4666666666667	0.999928659962493	0.329785645795638	0.329896728358596	Consensus
A_MP	361	G	15	15	1	42.2666666666667	0.999940661941372	0.329785645795638	0.329878042385073	Consensus
A_MP	362	C	15	15	1	42.2	0.999939744041393	0.329785645795638	0.329879471501168	Consensus
A_MP	363	T	15	15	1	41.6	0.999930816902908	0.329785645795638	0.329893370265148	Consensus
A_MP	364	G	15	15	1	41.7333333333333	0.999932908629004	0.329785645795638	0.32989011367578	Consensus
A_MP	365	G	15	15	1	40.6666666666667	0.999914230410141	0.329785645795638	0.329919192695516	Consensus
A_MP	366	T	15	15	1	41.9333333333333	0.999935928238113	0.329785645795638	0.329885412427456	Consensus
A_MP	367	G	15	15	1	42.2666666666667	0.999940661941372	0.329785645795638	0.329878042385073	Consensus
A_MP	368	C	15	15	1	43.2666666666667	0.999952866104638	0.329785645795638	0.329859040742479	Consensus
A_MP	369	A	15	15	1	41.5333333333333	0.999929746710103	0.329785645795638	0.329895036428455	Consensus
A_MP	370	C	15	15	1	44.2666666666667	0.999962560216102	0.329785645795638	0.32984394656402	Consensus
A_MP	371	T	15	15	1	43	0.999949881276637	0.329785645795638	0.329863688143674	Consensus
A_MP	372	T	15	15	1	40.4	0.999908798916064	0.329785645795638	0.329927648276099	Consensus
A_MP	373	G	15	15	1	42.5333333333333	0.999944195828252	0.329785645795638	0.329872540284551	Consensus
A_MP	374	C	15	15	1	41.5333333333333	0.999929746710103	0.329785645795638	0.329895036428455	Consensus
A_MP	375	C	15	15	1	42.8666666666667	0.999948318711437	0.329785645795638	0.329866121048924	Consensus
A_MP	376	A	15	15	1	42.6	0.999945045912614	0.329785645795638	0.329871216730827	Consensus
A_MP	377	G	15	15	1	42.0666666666667	0.999937865424825	0.329785645795638	0.329882396380521	Consensus
A_MP	378	T	15	15	1	42.7333333333333	0.999946707429712	0.329785645795638	0.329868629790179	Consensus
A_MP	379	T	15	15	1	43.5333333333333	0.999955673170765	0.329785645795638	0.329854670069147	Consensus
A_MP	380	G	15	15	1	43.3333333333333	0.999953584111664	0.329785645795638	0.329857922791787	Consensus
A_MP	381	C	15	15	1	43.5333333333333	0.999955673170765	0.329785645795638	0.329854670069147	Consensus
A_MP	382	A	15	15	1	42.9333333333333	0.999949105990485	0.329785645795638	0.329864895261695	Consensus
A_MP	383	T	15	15	1	42.1333333333333	0.999938811942425	0.329785645795638	0.329880922719073	Consensus
A_MP	384	G	15	15	1	42.5333333333333	0.999944195828252	0.329785645795638	0.329872540284551	Consensus
A_MP	385	G	15	15	1	43.2666666666667	0.999952866104638	0.329785645795638	0.329859040742479	Consensus
A_MP	386	G	15	15	1	43.0666666666667	0.999950644752586	0.329785645795638	0.329862499410574	Consensus
A_MP	387	C	15	15	1	43.8666666666667	0.999958948093287	0.329785645795638	0.329849570871718	Consensus
A_MP	388	C	15	15	1	43.4666666666667	0.999954987479379	0.329785645795638	0.329855737712436	Consensus
A_MP	389	T	15	15	1	43.8666666666667	0.999958948093287	0.329785645795638	0.329849570871718	Consensus
A_MP	390	C	15	15	1	44.1333333333333	0.999961392945678	0.329785645795638	0.329845764087762	Consensus
A_MP	391	A	15	15	1	44.8	0.999966886887852	0.329785645795638	0.329837209554515	Consensus
A_MP	392	T	15	15	1	43.7333333333333	0.999957668206719	0.329785645795638	0.329851563718681	Consensus
A_MP	393	A	15	15	1	45.0666666666667	0.999968858944156	0.329785645795638	0.32983413885163	Consensus
A_MP	394	T	15	15	1	43.2666666666667	0.999952866104638	0.329785645795638	0.329859040742479	Consensus
A_MP	395	A	15	15	1	42.6	0.999945045912614	0.329785645795638	0.329871216730827	Consensus
A_MP	396	C	15	15	1	43.4666666666667	0.999954987479379	0.329785645795638	0.329855737712436	Consensus
A_MP	397	A	15	15	1	42.8	0.999947519253975	0.329785645795638	0.329867365794038	Consensus
A_MP	398	A	15	15	1	41.9333333333333	0.999935928238113	0.329785645795638	0.329885412427456	Consensus
A_MP	399	T	15	15	1	41.6666666666667	0.999931870793094	0.329785645795638	0.329891729476368	Consensus
A_MP	400	A	15	15	1	41.0666666666667	0.999921777204361	0.329785645795638	0.329907443787787	Consensus
A_MP	401	G	15	15	1	42.9333333333333	0.999949105990485	0.329785645795638	0.329864895261695	Consensus
A_MP	402	G	15	15	1	41.2666666666667	0.999925297810107	0.329785645795638	0.32990196276457	Consensus
A_MP	403	A	15	15	1	41.4666666666667	0.999928659962493	0.329785645795638	0.329896728358596	Consensus
A_MP	404	T	15	15	1	40.6666666666667	0.999914230410141	0.329785645795638	0.329919192695516	Consensus
A_MP	405	G	15	15	1	40.9333333333333	0.999919338430782	0.329785645795638	0.329911240526771	Consensus
A_MP	406	G	15	15	1	41	0.999920567176528	0.329785645795638	0.329909327591502	Consensus
A_MP	407	G	15	15	1	39	0.999874107458821	0.329785645795638	0.329981650679754	Consensus
A_MP	408	G	15	15	1	37.6	0.999826219917125	0.329785645795638	0.330056182891708	Consensus
A_MP	409	G	15	15	1	38.7333333333333	0.999866135115793	0.329785645795638	0.329994059795316	Consensus
A_MP	410	C	15	15	1	39.3333333333333	0.999883408559882	0.329785645795638	0.329967172843311	Consensus
A_MP	411	T	15	15	1	39.3333333333333	0.999883408559882	0.329785645795638	0.329967172843311	Consensus
A_MP	412	G	15	15	1	43	0.999949881276637	0.329785645795638	0.329863688143674	Consensus
A_MP	413	T	15	15	1	42.9333333333333	0.999949105990485	0.329785645795638	0.329864895261695	Consensus
A_MP	414	A	15	15	1	42.2666666666667	0.999940661941372	0.329785645795638	0.329878042385073	Consensus
A_MP	415	A	15	15	1	43	0.999949881276637	0.329785645795638	0.329863688143674	Consensus
A_MP	416	C	15	15	1	42.1333333333333	0.999938811942425	0.329785645795638	0.329880922719073	Consensus
A_MP	417	C	15	15	1	42.0666666666667	0.999937865424825	0.329785645795638	0.329882396380521	Consensus
A_MP	418	A	15	15	1	42.7333333333333	0.999946707429712	0.329785645795638	0.329868629790179	Consensus
A_MP	419	C	15	15	1	44.0666666666667	0.999960795733447	0.329785645795638	0.329846693986862	Consensus
A_MP	420	T	15	15	1	41.6666666666667	0.999931870793094	0.329785645795638	0.329891729476368	Consensus
A_MP	421	G	15	15	1	43.1333333333333	0.99995139659824	0.329785645795638	0.32986132878244	Consensus
A_MP	422	A	15	15	1	40.7333333333333	0.999915536968142	0.329785645795638	0.329917158660357	Consensus
A_MP	423	A	15	15	1	40.8666666666667	0.999918090677578	0.329785645795638	0.32991318304395	Consensus
A_MP	424	G	15	15	1	39.7333333333333	0.999893667342836	0.329785645795638	0.329951203704003	Consensus
A_MP	425	T	15	15	1	40.0666666666667	0.999901523334789	0.329785645795638	0.329938974396778	Consensus
A_MP	426	G	15	15	1	41.3333333333333	0.999926435774554	0.329785645795638	0.329900191119005	Consensus
A_MP	427	G	15	15	1	40.5333333333333	0.999911556348086	0.329785645795638	0.329923355614046	Consensus
A_MP	428	C	15	15	1	43.8	0.999958313061653	0.329785645795638	0.329850559648746	Consensus
A_MP	429	A	15	15	1	44	0.999960189282945	0.329785645795638	0.329847638268373	Consensus
A_MP	430	T	15	15	1	45.6666666666667	0.999972877274207	0.329785645795638	0.329827881809075	Consensus
A_MP	431	T	15	15	1	44.0666666666667	0.999960795733447	0.329785645795638	0.329846693986862	Consensus
A_MP	432	T	15	15	1	45.3333333333333	0.999970713554354	0.329785645795638	0.329831251003602	Consensus
A_MP	433	G	15	15	1	45.0666666666667	0.999968858944156	0.329785645795638	0.32983413885163	Consensus
A_MP	434	G	15	15	1	43.8666666666667	0.999958948093287	0.329785645795638	0.329849570871718	Consensus
A_MP	435	C	15	15	1	44.3333333333333	0.999963130549355	0.329785645795638	0.329843058511276	Consensus
A_MP	436	C	15	15	1	42.6666666666667	0.999945883047345	0.329785645795638	0.329869913335018	Consensus
A_MP	437	T	15	15	1	41	0.999920567176528	0.329785645795638	0.329909327591502	Consensus
A_MP	438	G	15	15	1	42.3333333333333	0.999941565858663	0.329785645795638	0.329876635034258	Consensus
A_MP	439	G	15	15	1	42.4666666666667	0.999943332593942	0.329785645795638	0.329873884307878	Consensus
A_MP	440	T	15	15	1	43.5333333333333	0.999955673170765	0.329785645795638	0.329854670069147	Consensus
A_MP	441	G	15	15	1	43.9333333333333	0.999959573451264	0.329785645795638	0.329848597154708	Consensus
A_MP	442	T	15	15	1	46.2666666666667	0.999976377093374	0.329785645795638	0.32982243207382	Consensus
A_MP	443	G	15	15	1	44.7333333333333	0.999966374661371	0.329785645795638	0.329838007142188	Consensus
A_MP	444	T	15	15	1	45.8	0.999973697320081	0.329785645795638	0.329826604883153	Consensus
A_MP	445	G	15	15	1	45.2666666666667	0.999970260522548	0.329785645795638	0.329831956429758	Consensus
A_MP	446	C	15	15	1	45.5333333333333	0.999972031661537	0.329785645795638	0.329829198541838	Consensus
A_MP	447	A	15	15	1	45.8666666666667	0.999974097997955	0.329785645795638	0.329825980970291	Consensus
A_MP	448	A	15	15	1	43.6	0.999956348416776	0.329785645795638	0.329853618686881	Consensus
A_MP	449	C	15	15	1	44.8	0.999966886887852	0.329785645795638	0.329837209554515	Consensus
A_MP	450	A	15	15	1	43.4	0.999954291181039	0.329785645795638	0.329856821868202	Consensus
A_MP	451	T	15	15	1	42.6666666666667	0.999945883047345	0.329785645795638	0.329869913335018	Consensus
A_MP	452	G	15	15	1	43.2	0.999952136990768	0.329785645795638	0.329860175983575	Consensus
A_MP	453	T	15	15	1	39.6666666666667	0.999892022483767	0.329785645795638	0.329953764185071	Consensus
A_MP	454	G	15	15	1	38.1333333333333	0.999846302548406	0.329785645795638	0.330024927940396	Consensus
A_MP	455	A	15	15	1	38.4	0.999855456022925	0.329785645795638	0.330010681425424	Consensus
A_MP	456	G	15	15	1	40.3333333333333	0.999907388127187	0.329785645795638	0.329929844519266	Consensus
A_MP	457	C	15	15	1	39.1333333333333	0.999877913774594	0.329785645795638	0.3299757259367	Consensus
A_MP	458	A	15	15	1	39.5333333333333	0.999888656039094	0.329785645795638	0.329959004533496	Consensus
A_MP	459	G	15	15	1	39.4	0.99988518463785	0.329785645795638	0.329964408190514	Consensus
A_MP	460	A	15	15	1	38.4666666666667	0.999857657911614	0.329785645795638	0.330007254319562	Consensus
A_MP	461	T	15	15	1	38.9333333333333	0.999872160028054	0.329785645795638	0.329984681930894	Consensus
A_MP	462	T	15	15	1	39.9333333333333	0.999898453100757	0.329785645795638	0.32994375382905	Consensus
A_MP	463	G	15	15	1	41.6666666666667	0.999931870793094	0.329785645795638	0.329891729476368	Consensus
A_MP	464	C	15	15	1	39.2666666666667	0.999881605007777	0.329785645795638	0.32996998024314	Consensus
A_MP	465	T	15	15	1	40.4	0.999908798916064	0.329785645795638	0.329927648276099	Consensus
A_MP	466	T	1	15	0.0666666666666667	11	0	0.329785645795638	0.43946965704173	Minority
A_MP	466	G	14	15	0.933333333333333	41.5714285714286	0.99992538599254	0.329785645795638	0.329894081205314	Consensus
A_MP	467	A	15	15	1	39.2	0.999879773556538	0.329785645795638	0.329972831050653	Consensus
A_MP	468	T	15	15	1	39.4666666666667	0.999886933660205	0.329785645795638	0.329961685634146	Consensus
A_MP	469	T	15	15	1	40.6666666666667	0.999914230410141	0.329785645795638	0.329919192695516	Consensus
A_MP	470	C	15	15	1	41.8666666666667	0.999934937112513	0.329785645795638	0.329886955523141	Consensus
A_MP	471	C	15	15	1	43.2666666666667	0.999952866104638	0.329785645795638	0.329859040742479	Consensus
A_MP	472	C	15	15	1	43.6666666666667	0.999957013376529	0.329785645795638	0.329852583318011	Consensus
A_MP	473	A	15	15	1	43.6	0.999956348416776	0.329785645795638	0.329853618686881	Consensus
A_MP	474	G	15	15	1	42.4	0.999942456006266	0.329785645795638	0.329875249117315	Consensus
A_MP	475	C	15	15	1	44.4	0.999963692194523	0.329785645795638	0.329842183984641	Consensus
A_MP	476	A	15	15	1	45	0.999968377223398	0.329785645795638	0.3298348889446	Consensus
A_MP	477	C	15	15	1	43.4666666666667	0.999954987479379	0.329785645795638	0.329855737712436	Consensus
A_MP	478	A	15	15	1	42.4	0.999942456006266	0.329785645795638	0.329875249117315	Consensus
A_MP	479	G	15	15	1	43.4	0.999954291181039	0.329785645795638	0.329856821868202	Consensus
A_MP	480	G	15	15	1	42.4666666666667	0.999943332593942	0.329785645795638	0.329873884307878	Consensus
A_MP	481	T	15	15	1	44	0.999960189282945	0.329785645795638	0.329847638268373	Consensus
A_MP	482	C	15	15	1	44.8	0.999966886887852	0.329785645795638	0.329837209554515	Consensus
A_MP	483	T	15	15	1	44.5333333333333	0.999964789947983	0.329785645795638	0.329840474688868	Consensus
A_MP	484	C	15	15	1	42.8	0.999947519253975	0.329785645795638	0.329867365794038	Consensus
A_MP	485	A	15	15	1	44.0666666666667	0.999960795733447	0.329785645795638	0.329846693986862	Consensus
A_MP	486	T	15	15	1	43.4	0.999954291181039	0.329785645795638	0.329856821868202	Consensus
A_MP	487	A	15	15	1	42.7333333333333	0.999946707429712	0.329785645795638	0.329868629790179	Consensus
A_MP	488	G	15	15	1	41.7333333333333	0.999932908629004	0.329785645795638	0.32989011367578	Consensus
A_MP	489	G	15	15	1	41.3333333333333	0.999926435774554	0.329785645795638	0.329900191119005	Consensus
A_MP	490	C	15	15	1	44.4666666666667	0.999964245283955	0.329785645795638	0.329841322778123	Consensus
A_MP	491	A	15	15	1	43.8666666666667	0.999958948093287	0.329785645795638	0.329849570871718	Consensus
A_MP	492	G	15	15	1	44.8666666666667	0.999967391311409	0.329785645795638	0.329836424115233	Consensus
A_MP	493	A	15	15	1	44.8666666666667	0.999967391311409	0.329785645795638	0.329836424115233	Consensus
A_MP	494	T	15	15	1	46.2666666666667	0.999976377093374	0.329785645795638	0.32982243207382	Consensus
A_MP	495	G	15	15	1	45.1333333333333	0.999969333326693	0.329785645795638	0.329833400183726	Consensus
A_MP	496	G	15	15	1	45.2666666666667	0.999970260522548	0.329785645795638	0.329831956429758	Consensus
A_MP	497	T	15	15	1	44.8	0.999966886887852	0.329785645795638	0.329837209554515	Consensus
A_MP	498	G	15	15	1	43.6666666666667	0.999957013376529	0.329785645795638	0.329852583318011	Consensus
A_MP	499	G	15	15	1	43.6666666666667	0.999957013376529	0.329785645795638	0.329852583318011	Consensus
A_MP	500	C	15	15	1	44.1333333333333	0.999961392945678	0.329785645795638	0.329845764087762	Consensus
A_MP	501	A	15	15	1	43.8666666666667	0.999958948093287	0.329785645795638	0.329849570871718	Consensus
A_MP	502	A	15	15	1	44.0666666666667	0.999960795733447	0.329785645795638	0.329846693986862	Consensus
A_MP	503	C	15	15	1	42.3333333333333	0.999941565858663	0.329785645795638	0.329876635034258	Consensus
A_MP	504	A	15	15	1	43.8666666666667	0.999958948093287	0.329785645795638	0.329849570871718	Consensus
A_MP	505	G	1	15	0.0666666666666667	50	0.99985	0.329785645795638	0.329801218496033	Minority
A_MP	505	A	14	15	0.933333333333333	41.8571428571429	0.999930136725428	0.329785645795638	0.329887177904927	Consensus
A_MP	506	C	15	15	1	44.6	0.999965326314955	0.329785645795638	0.329839639517111	Consensus
A_MP	507	C	15	15	1	44.3333333333333	0.999963130549355	0.329785645795638	0.329843058511276	Consensus
A_MP	508	A	15	15	1	43.8666666666667	0.999958948093287	0.329785645795638	0.329849570871718	Consensus
A_MP	509	A	15	15	1	43.1333333333333	0.99995139659824	0.329785645795638	0.32986132878244	Consensus
A_MP	510	T	15	15	1	43.8666666666667	0.999958948093287	0.329785645795638	0.329849570871718	Consensus
A_MP	511	C	15	15	1	41.6	0.999930816902908	0.329785645795638	0.329893370265148	Consensus
A_MP	512	C	15	15	1	43.2666666666667	0.999952866104638	0.329785645795638	0.329859040742479	Consensus
A_MP	513	A	15	15	1	43.6666666666667	0.999957013376529	0.329785645795638	0.329852583318011	Consensus
A_MP	514	T	15	15	1	44.5333333333333	0.999964789947983	0.329785645795638	0.329840474688868	Consensus
A_MP	515	T	15	15	1	42.4666666666667	0.999943332593942	0.329785645795638	0.329873884307878	Consensus
A_MP	516	A	15	15	1	42	0.999936904265552	0.329785645795638	0.329883892832524	Consensus
A_MP	517	A	15	15	1	39.7333333333333	0.999893667342836	0.329785645795638	0.329951203704003	Consensus
A_MP	518	T	15	15	1	40.5333333333333	0.999911556348086	0.329785645795638	0.329923355614046	Consensus
A_MP	519	A	15	15	1	39.5333333333333	0.999888656039094	0.329785645795638	0.329959004533496	Consensus
A_MP	520	A	15	15	1	39.7333333333333	0.999893667342836	0.329785645795638	0.329951203704003	Consensus
A_MP	521	A	15	15	1	40.8	0.99991682362289	0.329785645795638	0.329915155600352	Consensus
A_MP	522	A	15	15	1	40.6	0.999912903641004	0.329785645795638	0.329921258184667	Consensus
A_MP	523	C	15	15	1	41.4666666666667	0.999928659962493	0.329785645795638	0.329896728358596	Consensus
A_MP	524	A	15	15	1	40.2	0.999904500741398	0.329785645795638	0.329934339414914	Consensus
A_MP	525	T	15	15	1	40.6	0.999912903641004	0.329785645795638	0.329921258184667	Consensus
A_MP	526	G	15	15	1	38.5333333333333	0.999859826258165	0.329785645795638	0.330003879391591	Consensus
A_MP	527	A	15	15	1	39.3333333333333	0.999883408559882	0.329785645795638	0.329967172843311	Consensus
A_MP	528	G	15	15	1	40.8666666666667	0.999918090677578	0.329785645795638	0.32991318304395	Consensus
A_MP	529	A	15	15	1	39.0666666666667	0.999876025223697	0.329785645795638	0.329978665582492	Consensus
A_MP	530	A	15	15	1	40.4	0.999908798916064	0.329785645795638	0.329927648276099	Consensus
A_MP	531	C	15	15	1	40.2	0.999904500741398	0.329785645795638	0.329934339414914	Consensus
A_MP	532	A	15	15	1	39.8	0.999895287145195	0.329785645795638	0.329948682211773	Consensus
A_MP	533	G	15	15	1	38.6666666666667	0.999864064360912	0.329785645795638	0.329997282905441	Consensus
A_MP	534	A	15	15	1	38.3333333333333	0.999853220073238	0.329785645795638	0.330014161515416	Consensus
A_MP	535	A	15	15	1	38.3333333333333	0.999853220073238	0.329785645795638	0.330014161515416	Consensus
A_MP	536	T	15	15	1	38.3333333333333	0.999853220073238	0.329785645795638	0.330014161515416	Consensus
A_MP	537	G	15	15	1	37.2666666666667	0.999812356582804	0.329785645795638	0.330077757231983	Consensus
A_MP	538	G	15	15	1	40.8666666666667	0.999918090677578	0.329785645795638	0.32991318304395	Consensus
A_MP	539	T	15	15	1	38.6666666666667	0.999864064360912	0.329785645795638	0.329997282905441	Consensus
A_MP	540	T	15	15	1	40.4	0.999908798916064	0.329785645795638	0.329927648276099	Consensus
A_MP	541	T	15	15	1	40.7333333333333	0.999915536968142	0.329785645795638	0.329917158660357	Consensus
A_MP	542	T	15	15	1	40.6666666666667	0.999914230410141	0.329785645795638	0.329919192695516	Consensus
A_MP	543	G	15	15	1	39.6666666666667	0.999892022483767	0.329785645795638	0.329953764185071	Consensus
A_MP	544	G	15	15	1	39.4666666666667	0.999886933660205	0.329785645795638	0.329961685634146	Consensus
A_MP	545	C	15	15	1	40.2	0.999904500741398	0.329785645795638	0.329934339414914	Consensus
A_MP	546	C	15	15	1	40.6	0.999912903641004	0.329785645795638	0.329921258184667	Consensus
A_MP	547	A	15	15	1	40.9333333333333	0.999919338430782	0.329785645795638	0.329911240526771	Consensus
A_MP	548	G	15	15	1	41.1333333333333	0.99992296879942	0.329785645795638	0.329905588672123	Consensus
A_MP	549	C	15	15	1	41.5333333333333	0.999929746710103	0.329785645795638	0.329895036428455	Consensus
A_MP	550	A	15	15	1	41.6	0.999930816902908	0.329785645795638	0.329893370265148	Consensus
A_MP	551	C	15	15	1	39.9333333333333	0.999898453100757	0.329785645795638	0.32994375382905	Consensus
A_MP	552	T	15	15	1	39.6666666666667	0.999892022483767	0.329785645795638	0.329953764185071	Consensus
A_MP	553	A	15	15	1	39.6666666666667	0.999892022483767	0.329785645795638	0.329953764185071	Consensus
A_MP	554	C	15	15	1	38.9333333333333	0.999872160028054	0.329785645795638	0.329984681930894	Consensus
A_MP	555	A	15	15	1	38.5333333333333	0.999859826258165	0.329785645795638	0.330003879391591	Consensus
A_MP	556	G	15	15	1	39.6666666666667	0.999892022483767	0.329785645795638	0.329953764185071	Consensus
A_MP	557	C	15	15	1	37.6666666666667	0.999828867169584	0.329785645795638	0.330052063064583	Consensus
A_MP	558	T	15	15	1	37.6666666666667	0.999828867169584	0.329785645795638	0.330052063064583	Consensus
A_MP	559	A	15	15	1	40.4	0.999908798916064	0.329785645795638	0.329927648276099	Consensus
A_MP	560	A	15	15	1	38.0666666666667	0.999843925003691	0.329785645795638	0.330028628281089	Consensus
A_MP	561	G	15	15	1	38.7333333333333	0.999866135115793	0.329785645795638	0.329994059795316	Consensus
A_MP	562	G	15	15	1	39.0666666666667	0.999876025223697	0.329785645795638	0.329978665582492	Consensus
A_MP	563	C	15	15	1	41.5333333333333	0.999929746710103	0.329785645795638	0.329895036428455	Consensus
A_MP	564	T	15	15	1	40.9333333333333	0.999919338430782	0.329785645795638	0.329911240526771	Consensus
A_MP	565	A	15	15	1	41.0666666666667	0.999921777204361	0.329785645795638	0.329907443787787	Consensus
A_MP	566	T	15	15	1	38.4666666666667	0.999857657911614	0.329785645795638	0.330007254319562	Consensus
A_MP	567	G	15	15	1	35.1333333333333	0.999693333266929	0.329785645795638	0.330262935843587	Consensus
A_MP	568	G	15	15	1	35.8	0.99973697320081	0.329785645795638	0.330195049896396	Consensus
A_MP	569	A	15	15	1	35.3333333333333	0.999707135543538	0.329785645795638	0.330241466359583	Consensus
A_MP	570	G	15	15	1	38	0.999841510680754	0.329785645795638	0.33003238582765	Consensus
A_MP	571	C	15	15	1	37.7333333333333	0.999831474095525	0.329785645795638	0.330048005955177	Consensus
A_MP	572	A	15	15	1	41.3333333333333	0.999926435774554	0.329785645795638	0.329900191119005	Consensus
A_MP	573	A	15	15	1	40.9333333333333	0.999919338430782	0.329785645795638	0.329911240526771	Consensus
A_MP	574	A	15	15	1	42.1333333333333	0.999938811942425	0.329785645795638	0.329880922719073	Consensus
A_MP	575	T	15	15	1	42	0.999936904265552	0.329785645795638	0.329883892832524	Consensus
A_MP	576	G	15	15	1	41.6666666666667	0.999931870793094	0.329785645795638	0.329891729476368	Consensus
A_MP	577	G	15	15	1	42.4	0.999942456006266	0.329785645795638	0.329875249117315	Consensus
A_MP	578	C	15	15	1	43.4	0.999954291181039	0.329785645795638	0.329856821868202	Consensus
A_MP	579	T	15	15	1	42.6666666666667	0.999945883047345	0.329785645795638	0.329869913335018	Consensus
A_MP	580	G	15	15	1	44.9333333333333	0.999967888050906	0.329785645795638	0.329835650639327	Consensus
A_MP	581	G	15	15	1	42.4	0.999942456006266	0.329785645795638	0.329875249117315	Consensus
A_MP	582	A	15	15	1	44.0666666666667	0.999960795733447	0.329785645795638	0.329846693986862	Consensus
A_MP	583	T	15	15	1	44.2	0.999961981060368	0.329785645795638	0.329844848352045	Consensus
A_MP	584	C	15	15	1	41.8666666666667	0.999934937112513	0.329785645795638	0.329886955523141	Consensus
A_MP	585	A	14	15	0.933333333333333	42.5714285714286	0.999940731987168	0.329785645795638	0.329871781481756	Consensus
A_MP	585	-	1	15	0.0666666666666667	NA	NA	0.329785645795638	0	Minority
A_MP	586	A	15	15	1	42.2	0.999939744041393	0.329785645795638	0.329879471501168	Consensus
A_MP	587	G	15	15	1	41.3333333333333	0.999926435774554	0.329785645795638	0.329900191119005	Consensus
A_MP	588	T	15	15	1	41.3333333333333	0.999926435774554	0.329785645795638	0.329900191119005	Consensus
A_MP	589	G	15	15	1	42.5333333333333	0.999944195828252	0.329785645795638	0.329872540284551	Consensus
A_MP	590	A	15	15	1	40.8	0.99991682362289	0.329785645795638	0.329915155600352	Consensus
A_MP	591	G	15	15	1	41.1333333333333	0.99992296879942	0.329785645795638	0.329905588672123	Consensus
A_MP	592	C	15	15	1	42.1333333333333	0.999938811942425	0.329785645795638	0.329880922719073	Consensus
A_MP	593	A	15	15	1	39.3333333333333	0.999883408559882	0.329785645795638	0.329967172843311	Consensus
A_MP	594	G	15	15	1	37.0666666666667	0.999803513221001	0.329785645795638	0.33009151881003	Consensus
A_MP	595	G	15	15	1	38.0666666666667	0.999843925003691	0.329785645795638	0.330028628281089	Consensus
A_MP	596	C	15	15	1	36.5333333333333	0.999777839590804	0.329785645795638	0.330131468119178	Consensus
A_MP	597	A	15	15	1	37.5333333333333	0.999823531714338	0.329785645795638	0.330060366405432	Consensus
A_MP	598	G	15	15	1	38.4666666666667	0.999857657911614	0.329785645795638	0.330007254319562	Consensus
A_MP	599	C	14	14	1	38.7857142857143	0.999867739983841	0.349772866933434	0.349967857274267	Consensus
A_MP	600	G	14	14	1	40.1428571428571	0.999903235894629	0.349772866933434	0.349915534370981	Consensus
A_MP	601	G	14	14	1	39.3571428571429	0.999884046005489	0.349772866933434	0.349943822090547	Consensus
A_MP	602	A	13	13	1	39.4615384615385	0.99988680007116	0.372444843387791	0.372601034931752	Consensus
A_MP	603	G	13	13	1	41.6923076923077	0.999932271847226	0.372444843387791	0.372538299824061	Consensus
A_MP	604	G	13	13	1	40.4615384615385	0.999910082100353	0.372444843387791	0.372568914927412	Consensus
A_MP	605	C	13	13	1	43.3076923076923	0.999953309258696	0.372444843387791	0.372509272774713	Consensus
A_MP	606	C	13	13	1	41.9230769230769	0.999935776745778	0.372444843387791	0.372533463949738	Consensus
A_MP	607	A	13	13	1	42.6923076923077	0.999946201615966	0.372444843387791	0.372519079972814	Consensus
A_MP	608	T	13	13	1	42.5384615384615	0.999944261683647	0.372444843387791	0.372521756676156	Consensus
A_MP	609	G	13	13	1	41.4615384615385	0.999928575673504	0.372444843387791	0.372543399556561	Consensus
A_MP	610	G	13	13	1	40.7692307692308	0.999916232235993	0.372444843387791	0.372560429807559	Consensus
A_MP	611	A	13	13	1	41.9230769230769	0.999935776745778	0.372444843387791	0.372533463949738	Consensus
A_MP	612	G	13	13	1	43.1538461538462	0.999951625623032	0.372444843387791	0.372511595890678	Consensus
A_MP	613	A	13	13	1	42.0769230769231	0.999938011990303	0.372444843387791	0.372530379851476	Consensus
A_MP	614	T	13	13	1	44.4615384615385	0.99996420303939	0.372444843387791	0.372494241032511	Consensus
A_MP	615	T	13	13	1	41.6923076923077	0.999932271847226	0.372444843387791	0.372538299824061	Consensus
A_MP	616	G	13	13	1	42.1538461538462	0.999939100267556	0.372444843387791	0.372528878284146	Consensus
A_MP	617	C	13	13	1	43.0769230769231	0.999950761173683	0.372444843387791	0.3725127886717	Consensus
A_MP	618	T	13	13	1	41.9230769230769	0.999935776745778	0.372444843387791	0.372533463949738	Consensus
A_MP	619	A	13	13	1	41	0.999920567176528	0.372444843387791	0.372554448955912	Consensus
A_MP	620	G	13	13	1	41.5384615384615	0.999929829617133	0.372444843387791	0.372541669455401	Consensus
A_MP	621	T	13	13	1	43.5384615384615	0.999955725481565	0.372444843387791	0.372505938799672	Consensus
A_MP	622	C	13	13	1	44	0.999960189282945	0.372444843387791	0.372499779454439	Consensus
A_MP	623	G	1	13	0.0769230769230769	50	0.99987	0.372444843387791	0.37245864330027	Minority
A_MP	623	A	12	13	0.923076923076923	43.8333333333333	0.999955184445641	0.372444843387791	0.372501928551035	Consensus
A_MP	624	G	13	13	1	43.3846153846154	0.999954128973218	0.372444843387791	0.372508141711239	Consensus
A_MP	625	G	13	13	1	44.3846153846154	0.999963563348271	0.372444843387791	0.372495123721009	Consensus
A_MP	626	C	13	13	1	43.3076923076923	0.999953309258696	0.372444843387791	0.372509272774713	Consensus
A_MP	627	C	13	13	1	41.5384615384615	0.999929829617133	0.372444843387791	0.372541669455401	Consensus
A_MP	628	A	13	13	1	42.6153846153846	0.999945240239696	0.372444843387791	0.372520406474105	Consensus
A_MP	629	G	13	13	1	42.3076923076923	0.999941219839277	0.372444843387791	0.372525953758766	Consensus
A_MP	630	G	13	13	1	41.6923076923077	0.999932271847226	0.372444843387791	0.372538299824061	Consensus
A_MP	631	C	13	13	1	44.6153846153846	0.999965448927054	0.372444843387791	0.372492521868863	Consensus
A_MP	632	A	13	13	1	42.0769230769231	0.999938011990303	0.372444843387791	0.372530379851476	Consensus
A_MP	633	G	13	13	1	42.9230769230769	0.999948985655845	0.372444843387791	0.372515238550201	Consensus
A_MP	634	A	13	13	1	40.7692307692308	0.999916232235993	0.372444843387791	0.372560429807559	Consensus
A_MP	635	T	13	13	1	42.0769230769231	0.999938011990303	0.372444843387791	0.372530379851476	Consensus
A_MP	636	G	13	13	1	41.1538461538462	0.999923331779255	0.372444843387791	0.372550634636255	Consensus
A_MP	637	G	13	13	1	42.6923076923077	0.999946201615966	0.372444843387791	0.372519079972814	Consensus
A_MP	638	T	13	13	1	40.7692307692308	0.999916232235993	0.372444843387791	0.372560429807559	Consensus
A_MP	639	G	13	13	1	43.7692307692308	0.99995801666609	0.372444843387791	0.372502777334625	Consensus
A_MP	640	C	13	13	1	41.3076923076923	0.999926000161957	0.372444843387791	0.372546953042285	Consensus
A_MP	641	A	13	13	1	42.3076923076923	0.999941219839277	0.372444843387791	0.372525953758766	Consensus
A_MP	642	G	13	13	1	42.4615384615385	0.999943265640818	0.372444843387791	0.372523131002363	Consensus
A_MP	643	G	13	13	1	43.2307692307692	0.999952474895889	0.372444843387791	0.372510424047512	Consensus
A_MP	644	C	13	13	1	43.1538461538462	0.999951625623032	0.372444843387791	0.372511595890678	Consensus
A_MP	645	A	13	13	1	41.6153846153846	0.999931061546209	0.372444843387791	0.372539969722212	Consensus
A_MP	646	A	13	13	1	41.3846153846154	0.999927299321921	0.372444843387791	0.372545160568144	Consensus
A_MP	647	T	13	13	1	42.5384615384615	0.999944261683647	0.372444843387791	0.372521756676156	Consensus
A_MP	648	G	13	13	1	41.6153846153846	0.999931061546209	0.372444843387791	0.372539969722212	Consensus
A_MP	649	A	13	13	1	39.5384615384615	0.999888787437882	0.372444843387791	0.37259829323524	Consensus
A_MP	650	G	13	13	1	42.3076923076923	0.999941219839277	0.372444843387791	0.372525953758766	Consensus
A_MP	651	A	13	13	1	38.3846153846154	0.999854943076757	0.372444843387791	0.372644981490421	Consensus
A_MP	652	G	13	13	1	40	0.9999	0.372444843387791	0.372582824509693	Consensus
A_MP	653	C	13	13	1	41.1538461538462	0.999923331779255	0.372444843387791	0.372550634636255	Consensus
A_MP	654	C	13	13	1	41.6923076923077	0.999932271847226	0.372444843387791	0.372538299824061	Consensus
A_MP	655	A	13	13	1	41.9230769230769	0.999935776745778	0.372444843387791	0.372533463949738	Consensus
A_MP	656	T	13	13	1	43.8461538461538	0.999958753736171	0.372444843387791	0.372501760292348	Consensus
A_MP	657	T	13	13	1	41.9230769230769	0.999935776745778	0.372444843387791	0.372533463949738	Consensus
A_MP	658	G	13	13	1	42.0769230769231	0.999938011990303	0.372444843387791	0.372530379851476	Consensus
A_MP	659	G	13	13	1	43.6153846153846	0.999956502776264	0.372444843387791	0.372504866260729	Consensus
A_MP	660	A	13	13	1	42.3076923076923	0.999941219839277	0.372444843387791	0.372525953758766	Consensus
A_MP	661	A	13	13	1	43.1538461538462	0.999951625623032	0.372444843387791	0.372511595890678	Consensus
A_MP	662	C	13	13	1	42.3846153846154	0.999942251798719	0.372444843387791	0.372524529883682	Consensus
A_MP	663	T	13	13	1	40.3076923076923	0.999906839723419	0.372444843387791	0.372573388256793	Consensus
A_MP	664	C	13	13	1	40.9230769230769	0.999919147713231	0.372444843387791	0.372556407376147	Consensus
A_MP	665	A	13	13	1	39.6153846153846	0.999890739913888	0.372444843387791	0.372595599657273	Consensus
A_MP	666	T	13	13	1	40.9230769230769	0.999919147713231	0.372444843387791	0.372556407376147	Consensus
A_MP	667	C	13	13	1	39.6153846153846	0.999890739913888	0.372444843387791	0.372595599657273	Consensus
A_MP	668	T	1	13	0.0769230769230769	50	0.99987	0.372444843387791	0.37245864330027	Minority
A_MP	668	C	12	13	0.923076923076923	40.9166666666667	0.999912280642992	0.372444843387791	0.372556572148636	Consensus
A_MP	669	T	13	13	1	40.7692307692308	0.999916232235993	0.372444843387791	0.372560429807559	Consensus
A_MP	670	A	13	13	1	41.9230769230769	0.999935776745778	0.372444843387791	0.372533463949738	Consensus
A_MP	671	G	13	13	1	41.6153846153846	0.999931061546209	0.372444843387791	0.372539969722212	Consensus
A_MP	672	T	13	13	1	42.2307692307692	0.999940169438737	0.372444843387791	0.372527403074101	Consensus
A_MP	673	T	13	13	1	41.6153846153846	0.999931061546209	0.372444843387791	0.372539969722212	Consensus
A_MP	674	C	13	13	1	43.4615384615385	0.999954934296623	0.372444843387791	0.372507030502386	Consensus
A_MP	675	C	13	13	1	42.2307692307692	0.999940169438737	0.372444843387791	0.372527403074101	Consensus
A_MP	676	A	13	13	1	40.0769230769231	0.999901755625416	0.372444843387791	0.372580402422955	Consensus
A_MP	677	G	13	13	1	40.3076923076923	0.999906839723419	0.372444843387791	0.372573388256793	Consensus
A_MP	678	C	13	13	1	41.6153846153846	0.999931061546209	0.372444843387791	0.372539969722212	Consensus
A_MP	679	A	13	13	1	41.2307692307692	0.999924677786024	0.372444843387791	0.37254877754098	Consensus
A_MP	680	C	13	13	1	42.2307692307692	0.999940169438737	0.372444843387791	0.372527403074101	Consensus
A_MP	681	T	13	13	1	44.2307692307692	0.999962249467947	0.372444843387791	0.372496936695633	Consensus
A_MP	682	G	13	13	1	40.3076923076923	0.999906839723419	0.372444843387791	0.372573388256793	Consensus
A_MP	683	G	13	13	1	38.7692307692308	0.999867237041078	0.372444843387791	0.372628022510969	Consensus
A_MP	684	T	13	13	1	38.0769230769231	0.999844293159525	0.372444843387791	0.372659672091489	Consensus
A_MP	685	C	13	13	1	36.3076923076923	0.9997659919653	0.372444843387791	0.372767667621367	Consensus
A_MP	686	T	13	13	1	36.0769230769231	0.999753221288511	0.372444843387791	0.372785279028132	Consensus
A_MP	687	A	13	13	1	32.9230769230769	0.999489856558454	0.372444843387791	0.373148327243423	Consensus
A_MP	688	A	13	13	1	32.7692307692308	0.999471461140692	0.372444843387791	0.373173674997581	Consensus
A_MP	689	G	13	13	1	33.3846153846154	0.999541289732177	0.372444843387791	0.373077448344856	Consensus
A_MP	690	A	13	13	1	37.2307692307692	0.999810799152723	0.372444843387791	0.372705871101847	Consensus
A_MP	691	G	13	13	1	38.2307692307692	0.999849712424974	0.372444843387791	0.37265219675981	Consensus
A_MP	692	A	13	13	1	41.5384615384615	0.999929829617133	0.372444843387791	0.372541669455401	Consensus
A_MP	693	T	13	13	1	39.9230769230769	0.999898213001585	0.372444843387791	0.372585289866428	Consensus
A_MP	694	G	13	13	1	42.1538461538462	0.999939100267556	0.372444843387791	0.372528878284146	Consensus
A_MP	695	A	13	13	1	41.7692307692308	0.99993346089989	0.372444843387791	0.372536659237362	Consensus
A_MP	696	T	13	13	1	42.1538461538462	0.999939100267556	0.372444843387791	0.372528878284146	Consensus
A_MP	697	C	13	13	1	41.3846153846154	0.999927299321921	0.372444843387791	0.372545160568144	Consensus
A_MP	698	T	13	13	1	40.3076923076923	0.999906839723419	0.372444843387791	0.372573388256793	Consensus
A_MP	699	T	13	13	1	40.1538461538462	0.999903480428627	0.372444843387791	0.372578022846987	Consensus
A_MP	700	C	13	13	1	39.0769230769231	0.999876317660271	0.372444843387791	0.372615495810998	Consensus
A_MP	701	T	13	13	1	38.7692307692308	0.999867237041078	0.372444843387791	0.372628022510969	Consensus
A_MP	702	T	13	13	1	38.2307692307692	0.999849712424974	0.372444843387791	0.37265219675981	Consensus
A_MP	703	G	13	13	1	38.3846153846154	0.999854943076757	0.372444843387791	0.372644981490421	Consensus
A_MP	704	A	13	13	1	38	0.999841510680754	0.372444843387791	0.37266351019553	Consensus
A_MP	705	A	13	13	1	39.5384615384615	0.999888787437882	0.372444843387791	0.37259829323524	Consensus
A_MP	706	A	13	13	1	43.6923076923077	0.999957266424579	0.372444843387791	0.372503812549199	Consensus
A_MP	707	A	13	13	1	45.6923076923077	0.999973036936732	0.372444843387791	0.37248205126398	Consensus
A_MP	708	T	13	13	1	44.4615384615385	0.99996420303939	0.372444843387791	0.372494241032511	Consensus
A_MP	709	T	13	13	1	44.4615384615385	0.99996420303939	0.372444843387791	0.372494241032511	Consensus
A_MP	710	T	13	13	1	43.8461538461538	0.999958753736171	0.372444843387791	0.372501760292348	Consensus
A_MP	711	A	13	13	1	42	0.999936904265552	0.372444843387791	0.372531908246926	Consensus
A_MP	712	C	13	13	1	42.7692307692308	0.999947146114069	0.372444843387791	0.372517776756317	Consensus
A_MP	713	A	13	13	1	43.0769230769231	0.999950761173683	0.372444843387791	0.3725127886717	Consensus
A_MP	714	G	13	13	1	43.3076923076923	0.999953309258696	0.372444843387791	0.372509272774713	Consensus
A_MP	715	A	13	13	1	41.6153846153846	0.999931061546209	0.372444843387791	0.372539969722212	Consensus
A_MP	716	C	13	13	1	40.3076923076923	0.999906839723419	0.372444843387791	0.372573388256793	Consensus
A_MP	717	C	13	13	1	41.2307692307692	0.999924677786024	0.372444843387791	0.37254877754098	Consensus
A_MP	718	T	13	13	1	42.6153846153846	0.999945240239696	0.372444843387791	0.372520406474105	Consensus
A_MP	719	A	13	13	1	43	0.999949881276637	0.372444843387791	0.37251400276463	Consensus
A_MP	720	T	13	13	1	44.2307692307692	0.999962249467947	0.372444843387791	0.372496936695633	Consensus
A_MP	721	C	13	13	1	41.8461538461538	0.999934629077243	0.372444843387791	0.372535047447713	Consensus
A_MP	722	A	13	13	1	43.8461538461538	0.999958753736171	0.372444843387791	0.372501760292348	Consensus
A_MP	723	G	13	13	1	43.0769230769231	0.999950761173683	0.372444843387791	0.3725127886717	Consensus
A_MP	724	A	13	13	1	41.0769230769231	0.999921961719365	0.372444843387791	0.372552524910354	Consensus
A_MP	725	A	13	13	1	40.8461538461538	0.999917702884149	0.372444843387791	0.372558400785046	Consensus
A_MP	726	A	13	13	1	39.6153846153846	0.999890739913888	0.372444843387791	0.372595599657273	Consensus
A_MP	727	C	13	13	1	38.6923076923077	0.999864864569107	0.372444843387791	0.372631295278043	Consensus
A_MP	728	G	13	13	1	37.9230769230769	0.999838678479132	0.372444843387791	0.372667416854663	Consensus
A_MP	729	A	13	13	1	37.6153846153846	0.999826834433314	0.372444843387791	0.372683753850572	Consensus
A_MP	730	A	13	13	1	38.3076923076923	0.999852350911839	0.372444843387791	0.372648557190054	Consensus
A_MP	731	T	13	13	1	37.2307692307692	0.999810799152723	0.372444843387791	0.372705871101847	Consensus
A_MP	732	G	13	13	1	38.1538461538462	0.999847026788391	0.372444843387791	0.372655901340053	Consensus
A_MP	733	G	13	13	1	40.6153846153846	0.999913211628673	0.372444843387791	0.372564597249201	Consensus
A_MP	734	G	13	13	1	40.7692307692308	0.999916232235993	0.372444843387791	0.372560429807559	Consensus
A_MP	735	G	13	13	1	39.6153846153846	0.999890739913888	0.372444843387791	0.372595599657273	Consensus
A_MP	736	G	13	13	1	38.9230769230769	0.999871857761106	0.372444843387791	0.372621648276102	Consensus
A_MP	737	T	13	13	1	39.3846153846154	0.999884777190226	0.372444843387791	0.372603825606124	Consensus
A_MP	738	G	13	13	1	38.3076923076923	0.999852350911839	0.372444843387791	0.372648557190054	Consensus
A_MP	739	C	13	13	1	38.6153846153846	0.999862449701099	0.372444843387791	0.372634626506312	Consensus
A_MP	740	A	13	13	1	37.6153846153846	0.999826834433314	0.372444843387791	0.372683753850572	Consensus
A_MP	741	G	13	13	1	38.1538461538462	0.999847026788391	0.372444843387791	0.372655901340053	Consensus
A_MP	742	A	13	13	1	37.0769230769231	0.999803976701735	0.372444843387791	0.372715280907172	Consensus
A_MP	743	T	13	13	1	38.3076923076923	0.999852350911839	0.372444843387791	0.372648557190054	Consensus
A_MP	744	G	13	13	1	37.0769230769231	0.999803976701735	0.372444843387791	0.372715280907172	Consensus
A_MP	745	C	13	13	1	39	0.999874107458821	0.372444843387791	0.372618544810786	Consensus
A_MP	746	A	13	13	1	38.4615384615385	0.99985748973297	0.372444843387791	0.372641468540531	Consensus
A_MP	747	A	13	13	1	39.5384615384615	0.999888787437882	0.372444843387791	0.37259829323524	Consensus
A_MP	748	C	13	13	1	38.4615384615385	0.99985748973297	0.372444843387791	0.372641468540531	Consensus
A_MP	749	G	13	13	1	37.2307692307692	0.999810799152723	0.372444843387791	0.372705871101847	Consensus
A_MP	750	A	13	13	1	37	0.999800473768503	0.372444843387791	0.372720112224696	Consensus
A_MP	751	T	13	13	1	38	0.999841510680754	0.372444843387791	0.37266351019553	Consensus
A_MP	752	T	13	13	1	38.2307692307692	0.999849712424974	0.372444843387791	0.37265219675981	Consensus
A_MP	753	G	1	13	0.0769230769230769	17	0.740615899054046	0.372444843387791	0.399234558049782	Minority
A_MP	753	C	12	13	0.923076923076923	40.6666666666667	0.999907082944319	0.372444843387791	0.372563191670936	Consensus
A_MP	754	A	13	13	1	38.6153846153846	0.999862449701099	0.372444843387791	0.372634626506312	Consensus
A_MP	755	A	13	13	1	38.2307692307692	0.999849712424974	0.372444843387791	0.37265219675981	Consensus
A_MP	756	G	13	13	1	37.3846153846154	0.999817384153173	0.372444843387791	0.372696788621763	Consensus
A_MP	757	T	13	13	1	38.4615384615385	0.99985748973297	0.372444843387791	0.372641468540531	Consensus
A_MP	758	G	13	13	1	39.3846153846154	0.999884777190226	0.372444843387791	0.372603825606124	Consensus
A_MP	759	A	13	13	1	38	0.999841510680754	0.372444843387791	0.37266351019553	Consensus
A_MP	760	C	13	13	1	39.1538461538462	0.999878489058862	0.372444843387791	0.372612500321211	Consensus
A_MP	761	C	13	13	1	38.1538461538462	0.999847026788391	0.372444843387791	0.372655901340053	Consensus
A_MP	762	T	13	13	1	38.6153846153846	0.999862449701099	0.372444843387791	0.372634626506312	Consensus
A_MP	763	G	13	13	1	37.4615384615385	0.999820590203394	0.372444843387791	0.372692366556748	Consensus
A_MP	764	C	13	13	1	38.2307692307692	0.999849712424974	0.372444843387791	0.37265219675981	Consensus
A_MP	765	T	13	13	1	37.4615384615385	0.999820590203394	0.372444843387791	0.372692366556748	Consensus
A_MP	766	T	13	13	1	38.3076923076923	0.999852350911839	0.372444843387791	0.372648557190054	Consensus
A_MP	767	G	13	13	1	38.1538461538462	0.999847026788391	0.372444843387791	0.372655901340053	Consensus
A_MP	768	T	13	13	1	39	0.999874107458821	0.372444843387791	0.372618544810786	Consensus
A_MP	769	T	13	13	1	39.3846153846154	0.999884777190226	0.372444843387791	0.372603825606124	Consensus
A_MP	770	G	13	13	1	40.7692307692308	0.999916232235993	0.372444843387791	0.372560429807559	Consensus
A_MP	771	T	13	13	1	41	0.999920567176528	0.372444843387791	0.372554448955912	Consensus
A_MP	772	T	13	13	1	37.6923076923077	0.999829874572015	0.372444843387791	0.372679560511484	Consensus
A_MP	773	G	13	13	1	40.0769230769231	0.999901755625416	0.372444843387791	0.372580402422955	Consensus
A_MP	774	C	13	13	1	36.6923076923077	0.999785824775517	0.372444843387791	0.372740315886006	Consensus
A_MP	775	C	13	13	1	35.8461538461538	0.999739753669047	0.372444843387791	0.372803850848698	Consensus
A_MP	776	G	13	13	1	34.6153846153846	0.999654489270541	0.372444843387791	0.372921413490371	Consensus
A_MP	777	C	13	13	1	35.0769230769231	0.999689324009017	0.372444843387791	0.372873386820514	Consensus
A_MP	778	G	13	13	1	35.6923076923077	0.999730369367322	0.372444843387791	0.372816791354238	Consensus
A_MP	779	A	12	13	0.923076923076923	40.6666666666667	0.999907082944319	0.372444843387791	0.372563191670936	Consensus
A_MP	779	-	1	13	0.0769230769230769	NA	NA	0.372444843387791	0	Minority
A_MP	780	A	13	13	1	39.4615384615385	0.99988680007116	0.372444843387791	0.372601034931752	Consensus
A_MP	781	T	13	13	1	39.3846153846154	0.999884777190226	0.372444843387791	0.372603825606124	Consensus
A_MP	782	A	13	13	1	39.3076923076923	0.999882718160442	0.372444843387791	0.372606666133004	Consensus
A_MP	783	T	13	13	1	43.2307692307692	0.999952474895889	0.372444843387791	0.372510424047512	Consensus
A_MP	784	C	13	13	1	42.4615384615385	0.999943265640818	0.372444843387791	0.372523131002363	Consensus
A_MP	785	A	13	13	1	42.6153846153846	0.999945240239696	0.372444843387791	0.372520406474105	Consensus
A_MP	786	T	13	13	1	43.8461538461538	0.999958753736171	0.372444843387791	0.372501760292348	Consensus
A_MP	787	T	13	13	1	39.6923076923077	0.99989265811173	0.372444843387791	0.372592953353605	Consensus
A_MP	788	G	13	13	1	41	0.999920567176528	0.372444843387791	0.372554448955912	Consensus
A_MP	789	G	13	13	1	41	0.999920567176528	0.372444843387791	0.372554448955912	Consensus
A_MP	790	G	13	13	1	41.1538461538462	0.999923331779255	0.372444843387791	0.372550634636255	Consensus
A_MP	791	A	13	13	1	41.6923076923077	0.999932271847226	0.372444843387791	0.372538299824061	Consensus
A_MP	792	T	13	13	1	41.1538461538462	0.999923331779255	0.372444843387791	0.372550634636255	Consensus
A_MP	793	C	13	13	1	40.6153846153846	0.999913211628673	0.372444843387791	0.372564597249201	Consensus
A_MP	794	T	13	13	1	41.8461538461538	0.999934629077243	0.372444843387791	0.372535047447713	Consensus
A_MP	795	T	13	13	1	42.3846153846154	0.999942251798719	0.372444843387791	0.372524529883682	Consensus
A_MP	796	G	13	13	1	43.7692307692308	0.99995801666609	0.372444843387791	0.372502777334625	Consensus
A_MP	797	C	13	13	1	41.5384615384615	0.999929829617133	0.372444843387791	0.372541669455401	Consensus
A_MP	798	A	13	13	1	41.8461538461538	0.999934629077243	0.372444843387791	0.372535047447713	Consensus
A_MP	799	C	13	13	1	42.1538461538462	0.999939100267556	0.372444843387791	0.372528878284146	Consensus
A_MP	800	T	13	13	1	42	0.999936904265552	0.372444843387791	0.372531908246926	Consensus
A_MP	801	T	13	13	1	43.4615384615385	0.999954934296623	0.372444843387791	0.372507030502386	Consensus
A_MP	802	G	13	13	1	40.9230769230769	0.999919147713231	0.372444843387791	0.372556407376147	Consensus
A_MP	803	A	13	13	1	41	0.999920567176528	0.372444843387791	0.372554448955912	Consensus
A_MP	804	T	13	13	1	41.6923076923077	0.999932271847226	0.372444843387791	0.372538299824061	Consensus
A_MP	805	A	13	13	1	40.6153846153846	0.999913211628673	0.372444843387791	0.372564597249201	Consensus
A_MP	806	T	13	13	1	42.0769230769231	0.999938011990303	0.372444843387791	0.372530379851476	Consensus
A_MP	807	T	13	13	1	41	0.999920567176528	0.372444843387791	0.372554448955912	Consensus
A_MP	808	G	13	13	1	41.6923076923077	0.999932271847226	0.372444843387791	0.372538299824061	Consensus
A_MP	809	T	13	13	1	39.9230769230769	0.999898213001585	0.372444843387791	0.372585289866428	Consensus
A_MP	810	G	13	13	1	35.6153846153846	0.99972555107219	0.372444843387791	0.372823435417403	Consensus
A_MP	811	G	13	13	1	35.2307692307692	0.999700136865142	0.372444843387791	0.372858478146474	Consensus
A_MP	812	A	13	13	1	37.5384615384615	0.999823739967382	0.372444843387791	0.372688022086647	Consensus
A_MP	813	T	13	13	1	36.3076923076923	0.9997659919653	0.372444843387791	0.372767667621367	Consensus
A_MP	814	T	13	13	1	34.2307692307692	0.999622494679468	0.372444843387791	0.372965520184674	Consensus
A_MP	815	C	13	13	1	35	0.999683772233983	0.372444843387791	0.372881041379492	Consensus
A_MP	816	T	13	13	1	31.4615384615385	0.999285756735036	0.372444843387791	0.373429488869729	Consensus
A_MP	817	-	1	13	0.0769230769230769	NA	NA	0.372444843387791	0	Minority
A_MP	817	T	12	13	0.923076923076923	31.8333333333333	0.999289721329797	0.372444843387791	0.373348778314605	Consensus
A_MP	818	-	2	13	0.153846153846154	NA	NA	0.372444843387791	0	Minority
A_MP	818	G	11	13	0.846153846153846	33	0.999407687814804	0.372444843387791	0.373135985652282	Consensus
A_MP	819	A	13	13	1	27.8461538461538	0.998357956661113	0.372444843387791	0.374705517361807	Consensus
A_MP	820	T	13	13	1	29.1538461538462	0.998784890588624	0.372444843387791	0.37411876614136	Consensus
A_MP	821	T	1	13	0.0769230769230769	7	0	0.372444843387791	0.597555814347618	Minority
A_MP	821	C	12	13	0.923076923076923	32.25	0.99935469934451	0.372444843387791	0.373266155333935	Consensus
A_MP	822	G	13	13	1	33.2307692307692	0.999524748958894	0.372444843387791	0.373100243961087	Consensus
A_MP	823	T	13	13	1	33.0769230769231	0.999507611736829	0.372444843387791	0.37312386042229	Consensus
A_MP	824	C	13	13	1	34.3076923076923	0.999629122258823	0.372444843387791	0.372956383956187	Consensus
A_MP	825	T	13	13	1	37.3846153846154	0.999817384153173	0.372444843387791	0.372696788621763	Consensus
A_MP	826	T	13	13	1	38.5384615384615	0.999859991679439	0.372444843387791	0.372638017239644	Consensus
A_MP	827	T	13	13	1	40.5384615384615	0.999911660721853	0.372444843387791	0.372566736974814	Consensus
A_MP	828	T	13	13	1	39.0769230769231	0.999876317660271	0.372444843387791	0.372615495810998	Consensus
A_MP	829	T	13	13	1	37.3846153846154	0.999817384153173	0.372444843387791	0.372696788621763	Consensus
A_MP	830	T	13	13	1	37.4615384615385	0.999820590203394	0.372444843387791	0.372692366556748	Consensus
A_MP	831	T	13	13	1	36.8461538461538	0.999793278991341	0.372444843387791	0.372730035255571	Consensus
A_MP	832	C	13	13	1	34.3846153846154	0.99963563348271	0.372444843387791	0.37294740795513	Consensus
A_MP	833	A	13	13	1	33.2307692307692	0.999524748958894	0.372444843387791	0.373100243961087	Consensus
A_MP	834	A	13	13	1	30.8461538461538	0.999177028841487	0.372444843387791	0.373579201493546	Consensus
A_MP	835	A	13	13	1	30.3846153846154	0.999084752689123	0.372444843387791	0.37370622413507	Consensus
A_MP	836	T	13	13	1	31.2307692307692	0.999246777860241	0.372444843387791	0.373483166138513	Consensus
A_MP	837	G	13	13	1	31.3846153846154	0.999272993219215	0.372444843387791	0.373447065995024	Consensus
A_MP	838	C	13	13	1	32.6923076923077	0.999462016159656	0.372444843387791	0.373186689077222	Consensus
A_MP	839	G	13	13	1	29.6923076923077	0.998926581117299	0.372444843387791	0.373923876562215	Consensus
A_MP	840	-	1	13	0.0769230769230769	NA	NA	0.372444843387791	0	Minority
A_MP	840	T	12	13	0.923076923076923	31.75	0.999275960755967	0.372444843387791	0.373366273776763	Consensus
A_MP	841	C	13	13	1	30.1538461538462	0.999034804286265	0.372444843387791	0.373774966476954	Consensus
A_MP	842	T	13	13	1	30.3846153846154	0.999084752689123	0.372444843387791	0.37370622413507	Consensus
A_MP	843	A	13	13	1	30.6923076923077	0.999147353073784	0.372444843387791	0.373620055324202	Consensus
A_MP	844	C	13	13	1	28.8461538461538	0.998695678613281	0.372444843387791	0.374241432896944	Consensus
A_MP	845	C	13	13	1	29	0.998741074588206	0.372444843387791	0.374179017211603	Consensus
A_MP	846	G	13	13	1	30.2307692307692	0.999051749507532	0.372444843387791	0.373751646434938	Consensus
A_MP	847	-	1	13	0.0769230769230769	NA	NA	0.372444843387791	0	Minority
A_MP	847	A	12	13	0.923076923076923	31.5833333333333	0.999247634672674	0.372444843387791	0.373402286093742	Consensus
A_MP	848	T	12	13	0.923076923076923	32.25	0.99935469934451	0.372444843387791	0.373266155333935	Consensus
A_MP	848	-	1	13	0.0769230769230769	NA	NA	0.372444843387791	0	Minority
A_MP	849	T	13	13	1	31.3846153846154	0.999272993219215	0.372444843387791	0.373447065995024	Consensus
A_MP	850	T	3	13	0.230769230769231	26.3333333333333	0.989919344709001	0.372444843387791	0.375644429820141	Minority
A_MP	850	C	10	13	0.769230769230769	34	0.99948246067828	0.372444843387791	0.37299391905993	Consensus
A_MP	851	T	13	13	1	32	0.99936904265552	0.372444843387791	0.373314776755771	Consensus
A_MP	852	T	13	13	1	31.7692307692308	0.999334608998897	0.372444843387791	0.373362206572032	Consensus
A_MP	853	C	13	13	1	32.5384615384615	0.999442616836473	0.372444843387791	0.373213417963262	Consensus
A_MP	854	A	13	13	1	31	0.999205671765276	0.372444843387791	0.373539766237765	Consensus
A_MP	855	A	13	13	1	31.5384615384615	0.99929829617133	0.372444843387791	0.3734122197028	Consensus
A_MP	856	A	13	13	1	30.0769230769231	0.999017556254163	0.372444843387791	0.373798702079611	Consensus
A_MP	857	C	13	13	1	31.0769230769231	0.999219617193653	0.372444843387791	0.373520565150176	Consensus
A_MP	858	A	13	13	1	31.7692307692308	0.999334608998897	0.372444843387791	0.373362206572032	Consensus
A_MP	859	C	13	13	1	32.1538461538462	0.999391002675558	0.372444843387791	0.373284525990224	Consensus
A_MP	860	G	13	13	1	34.4615384615385	0.999642030393896	0.372444843387791	0.372938589374434	Consensus
A_MP	861	G	13	13	1	34	0.999601892829446	0.372444843387791	0.37299391905993	Consensus
A_MP	862	C	13	13	1	36	0.999748811356849	0.372444843387791	0.372791360394876	Consensus
A_MP	863	C	13	13	1	38	0.999841510680754	0.372444843387791	0.37266351019553	Consensus
A_MP	864	T	13	13	1	39.8461538461538	0.999896394069537	0.372444843387791	0.372587799265937	Consensus
A_MP	865	T	13	13	1	36.3846153846154	0.999770100269833	0.372444843387791	0.372762001923996	Consensus
A_MP	866	A	13	13	1	35.9230769230769	0.999744322619778	0.372444843387791	0.372797550355829	Consensus
A_MP	867	A	13	13	1	36.0769230769231	0.999753221288511	0.372444843387791	0.372785279028132	Consensus
A_MP	868	A	13	13	1	34.6923076923077	0.999660555144723	0.372444843387791	0.372913050814839	Consensus
A_MP	869	A	13	13	1	36.5384615384615	0.999778101765854	0.372444843387791	0.372750966994804	Consensus
A_MP	870	G	13	13	1	37	0.999800473768503	0.372444843387791	0.372720112224696	Consensus
A_MP	871	A	13	13	1	37.8461538461538	0.999835795666111	0.372444843387791	0.37267139329282	Consensus
A_MP	872	G	13	13	1	38.6153846153846	0.999862449701099	0.372444843387791	0.372634626506312	Consensus
A_MP	873	G	13	13	1	39	0.999874107458821	0.372444843387791	0.372618544810786	Consensus
A_MP	874	T	13	13	1	39.8461538461538	0.999896394069537	0.372444843387791	0.372587799265937	Consensus
A_MP	875	C	13	13	1	40.4615384615385	0.999910082100353	0.372444843387791	0.372568914927412	Consensus
A_MP	876	C	13	13	1	40.3846153846154	0.999908475268912	0.372444843387791	0.372571131789756	Consensus
A_MP	877	T	13	13	1	39.5384615384615	0.999888787437882	0.372444843387791	0.37259829323524	Consensus
A_MP	878	T	13	13	1	41.0769230769231	0.999921961719365	0.372444843387791	0.372552524910354	Consensus
A_MP	879	C	13	13	1	38.0769230769231	0.999844293159525	0.372444843387791	0.372659672091489	Consensus
A_MP	880	T	13	13	1	36.9230769230769	0.99979690823791	0.372444843387791	0.372725029827461	Consensus
A_MP	881	A	13	13	1	35.4615384615385	0.999715654634698	0.372444843387791	0.372837081562782	Consensus
A_MP	882	C	13	13	1	32.6923076923077	0.999462016159656	0.372444843387791	0.373186689077222	Consensus
A_MP	883	G	13	13	1	32.3076923076923	0.999412198392773	0.372444843387791	0.373255326262369	Consensus
A_MP	884	G	13	13	1	34.2307692307692	0.999622494679468	0.372444843387791	0.372965520184674	Consensus
A_MP	885	A	13	13	1	33.3076923076923	0.999533092586963	0.372444843387791	0.373088745351706	Consensus
A_MP	886	A	13	13	1	36.3076923076923	0.9997659919653	0.372444843387791	0.372767667621367	Consensus
A_MP	887	G	13	13	1	36.6923076923077	0.999785824775517	0.372444843387791	0.372740315886006	Consensus
A_MP	888	G	13	13	1	41.3846153846154	0.999927299321921	0.372444843387791	0.372545160568144	Consensus
A_MP	889	A	13	13	1	40.1538461538462	0.999903480428627	0.372444843387791	0.372578022846987	Consensus
A_MP	890	G	13	13	1	38.9230769230769	0.999871857761106	0.372444843387791	0.372621648276102	Consensus
A_MP	891	T	13	13	1	38.1538461538462	0.999847026788391	0.372444843387791	0.372655901340053	Consensus
A_MP	892	A	13	13	1	37.0769230769231	0.999803976701735	0.372444843387791	0.372715280907172	Consensus
A_MP	893	C	13	13	1	37.7692307692308	0.999832861337268	0.372444843387791	0.372675440755766	Consensus
A_MP	894	C	13	13	1	36.5384615384615	0.999778101765854	0.372444843387791	0.372750966994804	Consensus
A_MP	895	T	13	13	1	36.1538461538462	0.999757553798292	0.372444843387791	0.372779304351813	Consensus
A_MP	896	G	13	13	1	34.6923076923077	0.999660555144723	0.372444843387791	0.372913050814839	Consensus
A_MP	897	A	13	13	1	33.8461538461538	0.99958753736171	0.372444843387791	0.3730137065322	Consensus
A_MP	898	G	13	13	1	33.6923076923077	0.999572664245789	0.372444843387791	0.373034206660856	Consensus
A_MP	899	T	13	13	1	35.7692307692308	0.999735103071239	0.372444843387791	0.372810263845712	Consensus
A_MP	900	C	13	13	1	37	0.999800473768503	0.372444843387791	0.372720112224696	Consensus
A_MP	901	C	13	13	1	38	0.999841510680754	0.372444843387791	0.37266351019553	Consensus
A_MP	902	A	13	13	1	37.4615384615385	0.999820590203394	0.372444843387791	0.372692366556748	Consensus
A_MP	903	T	13	13	1	37.6923076923077	0.999829874572015	0.372444843387791	0.372679560511484	Consensus
A_MP	904	G	13	13	1	36.6923076923077	0.999785824775517	0.372444843387791	0.372740315886006	Consensus
A_MP	905	A	13	13	1	34.8461538461538	0.999672369280637	0.372444843387791	0.372896762916798	Consensus
A_MP	906	G	13	13	1	34.8461538461538	0.999672369280637	0.372444843387791	0.372896762916798	Consensus
A_MP	907	G	13	13	1	34.4615384615385	0.999642030393896	0.372444843387791	0.372938589374434	Consensus
A_MP	908	G	13	13	1	33.8461538461538	0.99958753736171	0.372444843387791	0.3730137065322	Consensus
A_MP	909	A	13	13	1	35.3076923076923	0.999705401338552	0.372444843387791	0.372851219366496	Consensus
A_MP	910	A	13	13	1	36.8461538461538	0.999793278991341	0.372444843387791	0.372730035255571	Consensus
A_MP	911	G	13	13	1	34.9230769230769	0.999678121248818	0.372444843387791	0.372888832599061	Consensus
A_MP	912	A	13	13	1	39.6153846153846	0.999890739913888	0.372444843387791	0.372595599657273	Consensus
A_MP	913	A	13	13	1	38.4615384615385	0.99985748973297	0.372444843387791	0.372641468540531	Consensus
A_MP	914	T	13	13	1	38.6153846153846	0.999862449701099	0.372444843387791	0.372634626506312	Consensus
A_MP	915	A	12	13	0.923076923076923	41.0833333333333	0.999915583221836	0.372444843387791	0.372552366105873	Consensus
A_MP	915	G	1	13	0.0769230769230769	41	0.998967373294858	0.372444843387791	0.372554448955912	Minority
A_MP	916	T	13	13	1	38.6153846153846	0.999862449701099	0.372444843387791	0.372634626506312	Consensus
A_MP	917	C	13	13	1	36.3846153846154	0.999770100269833	0.372444843387791	0.372762001923996	Consensus
A_MP	918	G	13	13	1	34.6153846153846	0.999654489270541	0.372444843387791	0.372921413490371	Consensus
A_MP	919	A	13	13	1	33.3076923076923	0.999533092586963	0.372444843387791	0.373088745351706	Consensus
A_MP	920	A	13	13	1	33.5384615384615	0.99955725481565	0.372444843387791	0.373055445080351	Consensus
A_MP	921	A	13	13	1	31.4615384615385	0.999285756735036	0.372444843387791	0.373429488869729	Consensus
A_MP	922	G	13	13	1	32.2307692307692	0.99940169438737	0.372444843387791	0.373269797055181	Consensus
A_MP	923	G	13	13	1	33	0.999498812766373	0.372444843387791	0.373135985652282	Consensus
A_MP	924	A	13	13	1	30.3076923076923	0.999068397234187	0.372444843387791	0.37372873469762	Consensus
A_MP	925	G	1	13	0.0769230769230769	7	0	0.372444843387791	0.597555814347618	Minority
A_MP	925	A	12	13	0.923076923076923	34.5	0.99961561882833	0.372444843387791	0.372934238252955	Consensus
A_MP	926	C	13	13	1	33.6923076923077	0.999572664245789	0.372444843387791	0.373034206660856	Consensus
A_MP	927	A	13	13	1	35.6923076923077	0.999730369367322	0.372444843387791	0.372816791354238	Consensus
A_MP	928	G	13	13	1	35.6153846153846	0.99972555107219	0.372444843387791	0.372823435417403	Consensus
A_MP	929	C	13	13	1	37.5384615384615	0.999823739967382	0.372444843387791	0.372688022086647	Consensus
A_MP	930	A	13	13	1	38.2307692307692	0.999849712424974	0.372444843387791	0.37265219675981	Consensus
A_MP	931	G	13	13	1	37	0.999800473768503	0.372444843387791	0.372720112224696	Consensus
A_MP	932	A	13	13	1	37.0769230769231	0.999803976701735	0.372444843387791	0.372715280907172	Consensus
A_MP	933	G	13	13	1	36.8461538461538	0.999793278991341	0.372444843387791	0.372730035255571	Consensus
A_MP	934	T	13	13	1	36	0.999748811356849	0.372444843387791	0.372791360394876	Consensus
A_MP	935	G	13	13	1	36	0.999748811356849	0.372444843387791	0.372791360394876	Consensus
A_MP	936	C	13	13	1	37.6153846153846	0.999826834433314	0.372444843387791	0.372683753850572	Consensus
A_MP	937	T	13	13	1	37	0.999800473768503	0.372444843387791	0.372720112224696	Consensus
A_MP	938	G	13	13	1	38.8461538461538	0.999869567861328	0.372444843387791	0.372624807179519	Consensus
A_MP	939	T	13	13	1	39.6153846153846	0.999890739913888	0.372444843387791	0.372595599657273	Consensus
A_MP	940	G	13	13	1	39.6923076923077	0.99989265811173	0.372444843387791	0.372592953353605	Consensus
A_MP	941	G	13	13	1	41.8461538461538	0.999934629077243	0.372444843387791	0.372535047447713	Consensus
A_MP	942	A	13	13	1	40.9230769230769	0.999919147713231	0.372444843387791	0.372556407376147	Consensus
A_MP	943	T	13	13	1	40.3076923076923	0.999906839723419	0.372444843387791	0.372573388256793	Consensus
A_MP	944	G	13	13	1	39.6153846153846	0.999890739913888	0.372444843387791	0.372595599657273	Consensus
A_MP	945	C	13	13	1	39.6153846153846	0.999890739913888	0.372444843387791	0.372595599657273	Consensus
A_MP	946	T	13	13	1	39.6153846153846	0.999890739913888	0.372444843387791	0.372595599657273	Consensus
A_MP	947	G	13	13	1	39.4615384615385	0.99988680007116	0.372444843387791	0.372601034931752	Consensus
A_MP	948	A	13	13	1	38.7692307692308	0.999867237041078	0.372444843387791	0.372628022510969	Consensus
A_MP	949	C	13	13	1	39.2307692307692	0.999880622335829	0.372444843387791	0.372609557402652	Consensus
A_MP	950	G	13	13	1	38.4615384615385	0.99985748973297	0.372444843387791	0.372641468540531	Consensus
A_MP	951	A	13	13	1	39.1538461538462	0.999878489058862	0.372444843387791	0.372612500321211	Consensus
A_MP	952	C	13	13	1	39.7692307692308	0.999894542633203	0.372444843387791	0.372590353494793	Consensus
A_MP	953	A	13	13	1	41	0.999920567176528	0.372444843387791	0.372554448955912	Consensus
A_MP	954	G	13	13	1	40.2307692307692	0.999905174950753	0.372444843387791	0.372575685035877	Consensus
A_MP	955	T	13	13	1	41.6153846153846	0.999931061546209	0.372444843387791	0.372539969722212	Consensus
A_MP	956	C	13	13	1	40.9230769230769	0.999919147713231	0.372444843387791	0.372556407376147	Consensus
A_MP	957	A	13	13	1	40.7692307692308	0.999916232235993	0.372444843387791	0.372560429807559	Consensus
A_MP	958	T	13	13	1	41.6153846153846	0.999931061546209	0.372444843387791	0.372539969722212	Consensus
A_MP	959	T	13	13	1	41.4615384615385	0.999928575673504	0.372444843387791	0.372543399556561	Consensus
A_MP	960	T	13	13	1	42.8461538461538	0.999948074030324	0.372444843387791	0.372516496415946	Consensus
A_MP	961	T	13	13	1	41.4615384615385	0.999928575673504	0.372444843387791	0.372543399556561	Consensus
A_MP	962	G	13	13	1	41.9230769230769	0.999935776745778	0.372444843387791	0.372533463949738	Consensus
A_MP	963	T	13	13	1	41.6153846153846	0.999931061546209	0.372444843387791	0.372539969722212	Consensus
A_MP	964	C	13	13	1	41.5384615384615	0.999929829617133	0.372444843387791	0.372541669455401	Consensus
A_MP	965	A	13	13	1	41.6923076923077	0.999932271847226	0.372444843387791	0.372538299824061	Consensus
A_MP	966	G	13	13	1	40.9230769230769	0.999919147713231	0.372444843387791	0.372556407376147	Consensus
A_MP	967	C	13	13	1	39.6153846153846	0.999890739913888	0.372444843387791	0.372595599657273	Consensus
A_MP	968	A	13	13	1	40.6153846153846	0.999913211628673	0.372444843387791	0.372564597249201	Consensus
A_MP	969	T	13	13	1	40.8461538461538	0.999917702884149	0.372444843387791	0.372558400785046	Consensus
A_MP	970	A	13	13	1	40.0769230769231	0.999901755625416	0.372444843387791	0.372580402422955	Consensus
A_MP	971	G	13	13	1	41.1538461538462	0.999923331779255	0.372444843387791	0.372550634636255	Consensus
A_MP	972	A	13	13	1	41.1538461538462	0.999923331779255	0.372444843387791	0.372550634636255	Consensus
A_MP	973	A	13	13	1	41.4615384615385	0.999928575673504	0.372444843387791	0.372543399556561	Consensus
A_MP	974	T	13	13	1	41.7692307692308	0.99993346089989	0.372444843387791	0.372536659237362	Consensus
A_MP	975	T	13	13	1	42.0769230769231	0.999938011990303	0.372444843387791	0.372530379851476	Consensus
A_MP	976	G	13	13	1	40.4615384615385	0.999910082100353	0.372444843387791	0.372568914927412	Consensus
A_MP	977	G	13	13	1	39.3846153846154	0.999884777190226	0.372444843387791	0.372603825606124	Consensus
A_MP	978	A	13	13	1	38.4615384615385	0.99985748973297	0.372444843387791	0.372641468540531	Consensus
A_MP	979	G	13	13	1	38	0.999841510680754	0.372444843387791	0.37266351019553	Consensus
A_MP	980	T	13	13	1	38.6153846153846	0.999862449701099	0.372444843387791	0.372634626506312	Consensus
A_MP	981	A	13	13	1	39.5384615384615	0.999888787437882	0.372444843387791	0.37259829323524	Consensus
A_MP	982	A	13	13	1	40.2307692307692	0.999905174950753	0.372444843387791	0.372575685035877	Consensus
