Reference_Name	Position	Coverage Depth	Consensus	Deletions	Ambiguous	Consensus_Count	Consensus_Average_Quality
A_MP	1	981	A	0	0	981	38.5830784913354
A_MP	2	985	T	0	0	985	39.0741116751269
A_MP	3	986	G	0	0	986	33.8113590263692
A_MP	4	1009	A	0	0	1008	32.2003968253968
A_MP	5	1011	G	0	0	1010	31.6980198019802
A_MP	6	1013	T	0	0	1010	32.0049504950495
A_MP	7	1014	C	0	0	1010	32.590099009901
A_MP	8	1012	T	4	0	1009	35.4866204162537
A_MP	9	1022	T	0	0	1021	35.437806072478
A_MP	10	1011	C	11	0	1007	35.201588877855
A_MP	11	1026	T	0	0	1011	35.2205736894164
A_MP	12	1028	A	0	0	1028	35.261673151751
A_MP	13	1028	A	0	0	1025	35.899512195122
A_MP	14	1028	C	0	0	1028	35.7402723735409
A_MP	15	1028	C	0	0	1025	36.3190243902439
A_MP	16	1028	G	0	0	1020	36.1745098039216
A_MP	17	1028	A	0	0	1027	35.8149951314508
A_MP	18	1029	G	0	0	1028	36.204280155642
A_MP	19	1029	G	0	0	1028	36.0632295719844
A_MP	20	1029	T	0	0	1027	37.6426484907498
A_MP	21	1029	C	0	0	1020	35.0480392156863
A_MP	22	1000	G	32	0	977	33.921187308086
A_MP	23	1031	A	2	0	1031	32.5984481086324
A_MP	24	1032	A	1	0	1032	32.906976744186
A_MP	25	1030	A	3	0	1028	33.3968871595331
A_MP	26	1030	C	3	0	1017	34.2173058013766
A_MP	27	1029	G	4	0	1016	35.1574803149606
A_MP	28	1030	T	3	0	1029	34.8503401360544
A_MP	29	1032	A	1	0	1022	33.3003913894325
A_MP	30	1028	C	5	0	1014	33.767258382643
A_MP	31	1030	G	3	0	1012	33.802371541502
A_MP	32	1028	T	5	0	1026	34.0818713450292
A_MP	33	1029	T	4	0	1027	34.269717624148
A_MP	34	1029	C	4	0	1024	34.8330078125
A_MP	35	1023	T	10	0	1021	36.2928501469148
A_MP	36	1028	T	6	0	1028	36.9143968871595
A_MP	37	1027	T	7	0	1026	36.0730994152047
A_MP	38	1026	C	8	0	1021	32.7737512242899
A_MP	39	1028	T	6	0	1023	35.0019550342131
A_MP	40	1031	A	3	0	1031	34.7497575169738
A_MP	41	1032	T	2	0	1031	35.823472356935
A_MP	42	1031	C	3	0	1028	36.7130350194553
A_MP	43	1032	A	2	0	1032	39.2596899224806
A_MP	44	1032	T	2	0	1031	39.6527643064985
A_MP	45	1028	C	6	0	1025	38.7209756097561
A_MP	46	1033	C	2	0	1032	38.718023255814
A_MP	47	1034	C	1	0	1032	37.7858527131783
A_MP	48	1034	A	1	0	1032	36.5203488372093
A_MP	49	1034	T	1	0	1033	37.4375605033882
A_MP	50	1032	C	3	0	1029	38.7609329446064
A_MP	51	1033	A	2	0	1028	39.5330739299611
A_MP	52	1032	G	3	0	1031	39.2337536372454
A_MP	53	1032	G	3	0	1030	38.195145631068
A_MP	54	1028	C	7	0	1025	37.9843902439024
A_MP	55	1034	C	1	0	1032	37.7054263565892
A_MP	56	1034	C	1	0	1033	38.6834462729913
A_MP	57	1035	C	0	0	1033	38.6795740561471
A_MP	58	1015	C	20	0	1013	37.7314906219151
A_MP	59	1011	T	24	0	1008	37.1220238095238
A_MP	60	1030	C	5	0	1024	34.4404296875
A_MP	61	1033	A	2	0	1032	34.5164728682171
A_MP	62	1035	A	0	0	1034	36.1363636363636
A_MP	63	1035	A	0	0	1033	37.7182962245886
A_MP	64	1035	G	0	0	1034	39.6334622823985
A_MP	65	1035	C	0	0	1033	39.5759922555663
A_MP	66	1035	C	0	0	1033	38.2100677637948
A_MP	67	1033	G	2	0	1030	37.5621359223301
A_MP	68	1035	A	0	0	1034	36.9168278529981
A_MP	69	1032	G	3	0	1031	37.1542192046557
A_MP	70	1035	A	0	0	1034	37.100580270793
A_MP	71	1035	T	0	0	1034	38.78916827853
A_MP	72	1033	C	2	0	1026	37.906432748538
A_MP	73	1034	G	1	0	1032	37.0949612403101
A_MP	74	1035	C	0	0	1034	36.9970986460348
A_MP	75	1035	A	0	0	1034	36.9593810444874
A_MP	76	1034	C	1	0	1034	37.8036750483559
A_MP	77	1029	A	6	0	1028	38.2684824902724
A_MP	78	1030	G	5	0	1029	39.5898931000972
A_MP	79	1034	A	1	0	1029	38.4956268221574
A_MP	80	1035	G	1	0	1029	38.3022351797862
A_MP	81	1036	A	0	0	1034	37.5029013539652
A_MP	82	1036	C	0	0	1034	37.7514506769826
A_MP	83	1035	T	1	0	1033	37.6060019361084
A_MP	84	1034	G	2	0	1033	37.2274927395934
A_MP	85	1034	G	2	0	1033	37.082284607938
A_MP	86	1030	A	6	0	1030	37.7970873786408
A_MP	87	1035	A	1	0	1033	38.5091965150048
A_MP	88	1033	A	3	0	1025	39.2292682926829
A_MP	89	1031	G	5	0	1031	38.6954413191077
A_MP	90	1033	T	3	0	1025	39.1024390243902
A_MP	91	1036	G	0	0	1034	38.9758220502901
A_MP	92	1035	T	1	0	1032	40.7868217054264
A_MP	93	1034	C	2	0	1029	40.6511175898931
A_MP	94	1032	T	4	0	1031	41.3336566440349
A_MP	95	1036	T	1	0	1034	41.1344294003868
A_MP	96	1035	T	2	0	1033	39.9438528557599
A_MP	97	1034	G	3	0	1027	39.5004868549172
A_MP	98	1035	C	2	0	1028	39.897859922179
A_MP	99	1030	A	7	0	1029	37.8668610301263
A_MP	100	1027	G	10	0	1024	38.0078125
A_MP	101	994	G	43	0	990	37.4737373737374
A_MP	102	993	A	44	0	992	37.8951612903226
A_MP	103	1035	A	3	0	1034	37.1818181818182
A_MP	104	1035	A	3	0	1033	37.0222652468538
A_MP	105	1034	G	3	0	1031	37.2065955383123
A_MP	106	1021	A	16	0	1019	38.3297350343474
A_MP	107	1033	A	4	0	1030	38.6436893203883
A_MP	108	1033	C	4	0	1027	36.9805258033106
A_MP	109	1036	A	1	0	1027	36.0740019474197
A_MP	110	1035	C	3	0	1035	36.1980676328502
A_MP	111	1034	A	4	0	1024	36.4208984375
A_MP	112	1036	G	2	0	1029	36.5549076773567
A_MP	113	1034	A	4	0	1029	36.4101068999028
A_MP	114	1037	T	1	0	1035	37.6048309178744
A_MP	115	1038	C	1	0	1028	36.8608949416342
A_MP	116	1036	T	3	0	1034	36.9081237911025
A_MP	117	1040	T	0	0	1035	36.6628019323672
A_MP	118	1040	G	0	0	1039	35.1126082771896
A_MP	119	1040	A	0	0	1040	34.6125
A_MP	120	1039	G	1	0	1038	36.4845857418112
A_MP	121	1041	G	0	0	1040	37.2692307692308
A_MP	122	1041	C	0	0	1039	38.9634263715111
A_MP	123	1041	C	0	0	1035	38.6193236714976
A_MP	124	1041	A	0	0	1039	38.4841193455245
A_MP	125	1041	T	0	0	1039	39.3118383060635
A_MP	126	1041	C	0	0	1033	38.298160696999
A_MP	127	1041	A	0	0	1034	38.9003868471954
A_MP	128	1041	T	0	0	1035	38.775845410628
A_MP	129	1038	G	3	0	840	37.7535714285714
A_MP	130	1039	G	2	0	1036	37.7326254826255
A_MP	131	1039	A	2	0	1036	37.8368725868726
A_MP	132	1041	A	0	0	1038	38.7851637764933
A_MP	133	1041	T	0	0	1036	38.7046332046332
A_MP	134	1038	G	3	0	1033	38.4211035818006
A_MP	135	1038	G	3	0	1036	38.4034749034749
A_MP	136	1039	C	3	0	1035	37.43961352657
A_MP	137	1040	T	2	0	1025	37.4780487804878
A_MP	138	1031	A	11	0	1024	36.6240234375
A_MP	139	1039	A	3	0	1036	36.6476833976834
A_MP	140	1039	A	3	0	1034	36.4661508704062
A_MP	141	1040	G	2	0	1033	38.296224588577
A_MP	142	1035	A	7	0	1031	39.5354025218235
A_MP	143	1038	C	4	0	1037	40.3037608486017
A_MP	144	1036	A	6	0	1035	39.6048309178744
A_MP	145	1039	A	3	0	1035	39.024154589372
A_MP	146	1039	G	3	0	1035	38.8144927536232
A_MP	147	1038	A	4	0	1032	38.9980620155039
A_MP	148	1041	C	1	0	1041	38.745437079731
A_MP	149	1042	C	0	0	1036	38.7567567567568
A_MP	150	1042	A	1	0	1036	38.4527027027027
A_MP	151	1043	A	0	0	1040	38.5
A_MP	152	1041	T	2	0	1038	39.4017341040462
A_MP	153	1041	C	2	0	1034	38.9912959381045
A_MP	154	1036	T	7	0	1034	39.0938104448743
A_MP	155	1041	T	2	0	1041	39.4274735830932
A_MP	156	1040	G	3	0	1039	38.9740134744947
A_MP	157	1039	T	4	0	1037	39.4464802314368
A_MP	158	1039	C	3	0	1038	39.9287090558767
A_MP	159	1041	A	1	0	1040	39.9432692307692
A_MP	160	1041	C	1	0	1040	39.8634615384615
A_MP	161	1041	C	1	0	1041	39.4812680115274
A_MP	162	1041	T	1	0	1040	40.3817307692308
A_MP	163	1042	C	0	0	1042	39.778310940499
A_MP	164	1040	T	2	0	1038	39.8911368015414
A_MP	165	1041	G	1	0	1037	37.9951783992285
A_MP	166	1041	A	1	0	1038	38.150289017341
A_MP	167	1042	C	0	0	1038	38.0211946050096
A_MP	168	1041	T	0	0	1037	37.1311475409836
A_MP	169	1037	A	4	0	1032	36.2713178294574
A_MP	170	1039	A	2	0	1036	35.8359073359073
A_MP	171	1038	G	3	0	1036	36.8397683397683
A_MP	172	1041	G	0	0	1040	39.0701923076923
A_MP	173	1040	G	1	0	1030	40.068932038835
A_MP	174	1040	A	1	0	1039	40.2993262752647
A_MP	175	1040	A	1	0	1036	40.1544401544402
A_MP	176	1034	T	7	0	1028	40.1284046692607
A_MP	177	1040	T	1	0	1038	39.9605009633911
A_MP	178	1041	T	0	0	1039	40.507218479307
A_MP	179	1041	T	0	0	1035	40.3449275362319
A_MP	180	1040	A	1	0	1038	35.0635838150289
A_MP	181	1040	G	0	0	1039	35.1126082771896
A_MP	182	1039	G	1	0	1037	34.0077145612343
A_MP	183	1037	A	3	0	1034	34.6760154738878
A_MP	184	1037	T	3	0	1032	39.0678294573643
A_MP	185	1040	T	0	0	1037	39.2391513982642
A_MP	186	1040	T	0	0	1030	38.9116504854369
A_MP	187	1039	G	1	0	1034	37.7852998065764
A_MP	188	1038	T	2	0	1031	38.7012609117362
A_MP	189	1037	G	3	0	1027	38.6455696202532
A_MP	190	1028	T	12	0	1025	38.4448780487805
A_MP	191	1039	T	1	0	1035	36.6937198067633
A_MP	192	1036	C	4	0	1021	35.6199804113614
A_MP	193	1038	A	2	0	1033	33.8683446272991
A_MP	194	1039	C	1	0	1022	33.3326810176125
A_MP	195	1038	G	3	0	1034	33.816247582205
A_MP	196	1036	C	6	0	1034	34.4448742746615
A_MP	197	1036	T	5	0	1033	34.7115198451113
A_MP	198	1039	C	2	0	1032	36.5339147286822
A_MP	199	1039	A	2	0	1036	37.6698841698842
A_MP	200	1041	C	0	0	1040	38.9509615384615
A_MP	201	1041	C	0	0	1036	37.9980694980695
A_MP	202	1040	G	1	0	1039	38.2107795957652
A_MP	203	1042	T	1	0	1039	38.1780558229066
A_MP	204	1041	G	2	0	1039	37.6977863330125
A_MP	205	1041	C	3	0	1038	38.9190751445087
A_MP	206	1043	C	1	0	1043	39.5886864813039
A_MP	207	1042	C	2	0	1039	39.7401347449471
A_MP	208	1040	A	4	0	1040	37.9769230769231
A_MP	209	1039	G	5	0	1037	38.7647058823529
A_MP	210	1040	T	4	0	1038	38.7408477842004
A_MP	211	1040	G	4	0	1031	36.8516003879728
A_MP	212	1033	A	11	0	1032	36.2926356589147
A_MP	213	1040	G	4	0	1039	35.507218479307
A_MP	214	1042	C	1	0	1033	34.9283639883834
A_MP	215	1034	G	9	0	1022	33.619373776908
A_MP	216	1034	A	9	0	1027	33.9785783836417
A_MP	217	1027	G	16	0	1019	34.8429833169774
A_MP	218	1040	G	3	0	1036	34.4604247104247
A_MP	219	1040	A	3	0	1036	36.0405405405405
A_MP	220	1040	C	3	0	1035	36.4270531400966
A_MP	221	1041	T	2	0	1036	36.1795366795367
A_MP	222	1032	G	10	0	1023	35.7507331378299
A_MP	223	1037	C	5	0	1034	34.6972920696325
A_MP	224	1041	A	1	0	1032	33.3304263565892
A_MP	225	1041	G	1	0	1035	34.3797101449275
A_MP	226	1038	C	4	0	1035	34.0434782608696
A_MP	227	1038	G	4	0	1036	35.2094594594595
A_MP	228	1039	T	3	0	1038	36.2466281310212
A_MP	229	1038	A	4	0	1031	35.1435499515034
A_MP	230	1039	G	3	0	1029	35.8066083576288
A_MP	231	1039	A	3	0	1030	35.4514563106796
A_MP	232	1037	C	5	0	1023	35.2991202346041
A_MP	233	1038	G	4	0	1035	35.9835748792271
A_MP	234	1038	C	4	0	1036	36.2413127413127
A_MP	235	1036	T	6	0	1035	37.3565217391304
A_MP	236	1039	T	3	0	1036	37.8137065637066
A_MP	237	1042	T	1	0	1039	37.8729547641963
A_MP	238	1042	A	1	0	1040	38.2990384615385
A_MP	239	1043	T	0	0	1042	38.5009596928983
A_MP	240	1040	C	3	0	1036	37.9488416988417
A_MP	241	1043	C	1	0	1036	39.6438223938224
A_MP	242	1040	A	4	0	1040	38.2798076923077
A_MP	243	1042	A	2	0	1040	39.5548076923077
A_MP	244	1042	A	2	0	1041	40.4591738712776
A_MP	245	1043	A	1	0	1039	41.4119345524543
A_MP	246	1042	T	1	0	1042	41.6631477927063
A_MP	247	1041	G	2	0	1041	40.1239193083574
A_MP	248	1041	C	2	0	1041	39.6974063400576
A_MP	249	1042	C	1	0	1041	39.5196926032661
A_MP	250	1042	C	1	0	1038	39.4181117533719
A_MP	251	1041	T	1	0	1034	39.0560928433269
A_MP	252	1040	A	2	0	1035	37.3072463768116
A_MP	253	1041	A	2	0	1041	37.3871277617675
A_MP	254	1041	A	2	0	1039	36.3407122232916
A_MP	255	1040	T	3	0	1038	37.0539499036609
A_MP	256	1039	G	4	0	1038	35.9489402697495
A_MP	257	1038	G	4	0	1038	34.0125240847784
A_MP	258	1037	A	5	0	1028	32.7859922178988
A_MP	259	1037	A	4	0	1033	34.9622458857696
A_MP	260	1035	A	4	0	1027	33.888023369036
A_MP	261	1034	T	5	0	1030	33.8
A_MP	262	1019	G	19	0	1014	33.2149901380671
A_MP	263	1031	G	8	0	1015	33.128078817734
A_MP	264	1034	G	5	0	1026	31.7738791423002
A_MP	265	1034	G	5	0	1002	33.3652694610778
A_MP	266	1033	A	6	0	1028	32.7373540856031
A_MP	267	1024	C	15	0	1001	32.5084915084915
A_MP	268	1023	C	16	0	999	32.007007007007
A_MP	269	1025	C	14	0	1002	30.8552894211577
A_MP	270	1009	G	30	0	952	30.5199579831933
A_MP	271	1033	A	9	0	1031	29.1037827352085
A_MP	272	1037	A	5	0	1032	29.5891472868217
A_MP	273	1038	C	4	0	1036	30.8146718146718
A_MP	274	1041	A	1	0	1030	34.478640776699
A_MP	275	1042	A	1	0	1041	37.9702209414025
A_MP	276	1041	C	2	0	1039	39.0019249278152
A_MP	277	1042	A	1	0	1040	39.2038461538462
A_MP	278	1042	T	1	0	1042	39.9424184261037
A_MP	279	1042	G	1	0	1033	39.1742497579864
A_MP	280	1043	G	0	0	1034	39.4777562862669
A_MP	281	1042	A	1	0	1041	39.0624399615754
A_MP	282	1042	T	1	0	1041	40.6445725264169
A_MP	283	1031	A	12	0	1027	39.5842259006816
A_MP	284	1035	G	8	0	1028	40.9873540856031
A_MP	285	1042	A	1	0	1039	40.6525505293551
A_MP	286	1040	G	3	0	1036	40.8996138996139
A_MP	287	1042	C	1	0	1038	41.1666666666667
A_MP	288	1042	A	1	0	1040	41.3490384615385
A_MP	289	1041	G	2	0	1037	41.3481195756991
A_MP	290	1043	T	0	0	1040	41.3778846153846
A_MP	291	1042	T	1	0	1039	40.3618864292589
A_MP	292	1041	A	2	0	1034	39.2911025145068
A_MP	293	1039	G	4	0	1031	39.4151309408341
A_MP	294	1040	A	3	0	1033	38.9428848015489
A_MP	295	1040	C	3	0	1035	38.4753623188406
A_MP	296	1038	T	4	0	1031	38.8865179437439
A_MP	297	1040	A	2	0	1033	38.702807357212
A_MP	298	1042	T	0	0	1042	38.9107485604607
A_MP	299	1035	A	7	0	1033	38.2478218780252
A_MP	300	1041	C	1	0	1040	38.7961538461538
A_MP	301	1039	A	3	0	1038	38.5077071290944
A_MP	302	1038	A	4	0	1034	38.536750483559
A_MP	303	1038	G	4	0	1036	38.6689189189189
A_MP	304	1037	A	5	0	1037	40.1581485053038
A_MP	305	1041	A	1	0	1036	40.3223938223938
A_MP	306	1039	A	3	0	1037	38.25168756027
A_MP	307	1039	C	3	0	1035	37.1777777777778
A_MP	308	1038	T	4	0	1036	36.9411196911197
A_MP	309	1035	C	8	0	1031	35.5266731328807
A_MP	310	981	A	63	0	973	35.9825282631038
A_MP	311	1040	A	4	0	1040	35.3105769230769
A_MP	312	1044	A	0	0	1043	35.3346116970278
A_MP	313	1045	A	0	0	1038	37.0115606936416
A_MP	314	1042	G	3	0	1034	38.6450676982592
A_MP	315	1041	A	4	0	1040	39.5096153846154
A_MP	316	1038	G	7	0	1025	39.4780487804878
A_MP	317	1042	A	3	0	1028	39.522373540856
A_MP	318	1044	A	1	0	1040	39.9903846153846
A_MP	319	1044	A	1	0	1041	39.3698366954851
A_MP	320	1043	T	2	0	1037	39.8428158148505
A_MP	321	1042	A	3	0	1042	40.0690978886756
A_MP	322	1044	A	1	0	1043	40.1064237775647
A_MP	323	1042	C	3	0	1036	38.7953667953668
A_MP	324	1044	G	1	0	1041	38.283381364073
A_MP	325	1044	T	1	0	1044	38.5852490421456
A_MP	326	1044	T	1	0	1043	38.4813039309684
A_MP	327	1043	C	2	0	1039	38.1077959576516
A_MP	328	1043	C	2	0	1041	39.4197886647454
A_MP	329	1045	A	1	0	1045	39.4267942583732
A_MP	330	1045	T	1	0	1044	39.7155172413793
A_MP	331	1039	G	7	0	1037	37.6075216972035
A_MP	332	1045	G	1	0	1045	40.2334928229665
A_MP	333	1046	G	0	0	1044	39.3304597701149
A_MP	334	1046	G	0	0	1043	38.7574304889741
A_MP	335	1046	C	0	0	1046	39.6778202676864
A_MP	336	1044	C	2	0	1038	38.7321772639692
A_MP	337	1036	A	10	0	1030	35.8126213592233
A_MP	338	1040	A	6	0	1038	35.6628131021195
A_MP	339	1042	A	4	0	1039	35.9104908565929
A_MP	340	1043	G	3	0	1039	36.6939364773821
A_MP	341	1043	A	3	0	1042	37.9990403071017
A_MP	342	1045	A	1	0	1040	39.2769230769231
A_MP	343	1043	G	3	0	1036	39.2287644787645
A_MP	344	1043	T	3	0	1042	39.5902111324376
A_MP	345	1045	G	1	0	1042	39.9520153550864
A_MP	346	1045	T	1	0	1044	39.9961685823755
A_MP	347	1045	C	1	0	1036	40.0125482625483
A_MP	348	1043	A	3	0	1036	40.7635135135135
A_MP	349	1042	C	4	0	1040	39.7336538461538
A_MP	350	1042	T	4	0	1040	39.1769230769231
A_MP	351	1038	A	8	0	1029	39.2157434402332
A_MP	352	1046	A	0	0	1041	38.7252641690682
A_MP	353	1045	G	1	0	1045	38.488995215311
A_MP	354	1046	C	0	0	1041	39.0912584053794
A_MP	355	1045	T	1	0	1043	38.7746883988495
A_MP	356	1045	A	1	0	1037	38.0520732883317
A_MP	357	1045	T	1	0	1045	37.9971291866029
A_MP	358	1046	T	0	0	1046	37.5057361376673
A_MP	359	1046	C	1	0	1043	37.9693192713327
A_MP	360	1047	A	0	0	1045	38.755023923445
A_MP	361	1047	A	0	0	1046	39.3441682600382
A_MP	362	1046	C	0	0	1045	39.9416267942584
A_MP	363	1044	T	3	0	1044	41.1992337164751
A_MP	364	1046	G	1	0	1044	41.2394636015326
A_MP	365	1046	G	1	0	1046	40.9273422562141
A_MP	366	1046	T	1	0	1045	40.8842105263158
A_MP	367	1046	G	1	0	1045	40.8459330143541
A_MP	368	1046	C	1	0	1046	41.5143403441683
A_MP	369	1047	A	1	0	1043	40.0949185043145
A_MP	370	1048	C	0	0	1046	40.2390057361377
A_MP	371	1048	T	0	0	1044	39.4252873563218
A_MP	372	1048	T	0	0	1048	39.3664122137405
A_MP	373	1046	G	1	0	1044	38.2308429118774
A_MP	374	1046	C	1	0	1043	39.3432406519655
A_MP	375	1043	A	4	0	1042	39.1554702495202
A_MP	376	1047	A	0	0	1043	40.294343240652
A_MP	377	1047	G	0	0	1041	40.7060518731988
A_MP	378	1047	T	0	0	1040	42.1653846153846
A_MP	379	1047	T	0	0	1044	42.02969348659
A_MP	380	1047	G	0	0	1041	41.5408261287224
A_MP	381	1047	C	0	0	1045	41.7148325358852
A_MP	382	1047	A	0	0	1045	41.1885167464115
A_MP	383	1046	T	1	0	1045	41.844019138756
A_MP	384	1044	G	3	0	1043	40.1275167785235
A_MP	385	1047	G	0	0	1046	41.3059273422562
A_MP	386	1046	G	1	0	1046	40.7877629063098
A_MP	387	1045	C	2	0	1045	40.888995215311
A_MP	388	1045	C	2	0	1042	41.4932821497121
A_MP	389	1045	T	2	0	1041	41.7780979827089
A_MP	390	1045	C	2	0	1033	40.2178121974831
A_MP	391	1036	A	11	0	1030	40.4883495145631
A_MP	392	1036	T	11	0	1032	40.6124031007752
A_MP	393	1043	A	4	0	1041	40.1104707012488
A_MP	394	1043	T	4	0	1042	40.3618042226488
A_MP	395	1043	A	4	0	1039	38.8460057747834
A_MP	396	1044	T	3	0	1041	37.8895292987512
A_MP	397	1045	A	2	0	1043	39.7603068072867
A_MP	398	1046	A	1	0	1045	40.1138755980861
A_MP	399	1045	C	2	0	1044	40.661877394636
A_MP	400	1046	A	1	0	1044	42.0622605363985
A_MP	401	1046	G	1	0	1044	42.7710727969349
A_MP	402	1046	G	1	0	1046	42.2323135755258
A_MP	403	1046	A	1	0	1046	42.1759082217973
A_MP	404	1046	T	1	0	1045	41.7425837320574
A_MP	405	1043	G	4	0	1041	40.0768491834774
A_MP	406	1046	G	2	0	1046	38.0564053537285
A_MP	407	1046	G	2	0	1039	37.2242540904716
A_MP	408	1046	A	2	0	1041	39.268972142171
A_MP	409	1048	A	1	0	1047	39.5931232091691
A_MP	410	1048	C	1	0	1044	39.5967432950192
A_MP	411	1048	A	1	0	1048	40.0687022900763
A_MP	412	1048	G	1	0	1045	41.3062200956938
A_MP	413	1048	T	1	0	1047	41.7230181470869
A_MP	414	1048	G	1	0	1044	39.5823754789272
A_MP	415	1045	A	4	0	1036	39.4266409266409
A_MP	416	1049	C	0	0	1044	39.8141762452107
A_MP	417	1048	C	1	0	1047	39.6695319961796
A_MP	418	1048	A	1	0	1045	39.1674641148325
A_MP	419	1049	C	0	0	1046	39.0449330783939
A_MP	420	1046	A	3	0	1045	40.5033492822967
A_MP	421	1046	G	3	0	1044	40.4846743295019
A_MP	422	1047	A	2	0	1046	40.0133843212237
A_MP	423	1049	A	0	0	1048	40.6812977099237
A_MP	424	1049	G	0	0	1047	40.3381088825215
A_MP	425	1049	C	0	0	1047	40.8853868194842
A_MP	426	1048	T	1	0	1047	41.1700095510984
A_MP	427	1048	G	1	0	1047	41.1308500477555
A_MP	428	1048	C	1	0	1046	41.0210325047801
A_MP	429	1043	T	6	0	1042	40.8886756238004
A_MP	430	1049	T	0	0	1049	41.8894184938036
A_MP	431	1048	T	1	0	1046	39.6453154875717
A_MP	432	1046	C	3	0	1035	36.8608695652174
A_MP	433	1047	G	2	0	1041	35.9433237271854
A_MP	434	1047	G	2	0	1043	35.5417066155321
A_MP	435	1048	T	1	0	1043	34.8034515819751
A_MP	436	1045	C	4	0	1032	34.7325581395349
A_MP	437	1043	T	6	0	1032	35.8352713178295
A_MP	438	1046	A	3	0	1044	34.8342911877395
A_MP	439	1047	G	2	0	1044	34.9425287356322
A_MP	440	1045	T	4	0	1043	35.6366251198466
A_MP	441	1049	T	0	0	1048	37.1937022900763
A_MP	442	1047	T	2	0	1041	38.3775216138329
A_MP	443	1046	G	3	0	1041	39.1959654178674
A_MP	444	1048	T	1	0	1042	39.8253358925144
A_MP	445	1048	G	1	0	1046	39.5095602294455
A_MP	446	1048	C	1	0	1044	41.2749042145594
A_MP	447	1049	C	0	0	1047	40.6695319961796
A_MP	448	1049	A	0	0	1048	40.9961832061069
A_MP	449	1049	C	0	0	1048	40.9217557251908
A_MP	450	1047	T	2	0	1045	40.9062200956938
A_MP	451	1047	T	2	0	1043	41.3978906999041
A_MP	452	1047	G	2	0	1045	40.333014354067
A_MP	453	1049	T	0	0	1047	40.6198662846227
A_MP	454	1048	G	1	0	1045	39.422966507177
A_MP	455	1044	A	5	0	1042	39.7034548944338
A_MP	456	1048	A	1	0	1048	39.0295801526718
A_MP	457	1049	C	0	0	1041	39.5408261287224
A_MP	458	1047	A	1	0	1047	39.7841451766953
A_MP	459	1043	G	4	0	1030	40.9650485436893
A_MP	460	1044	A	3	0	1042	40.3224568138196
A_MP	461	1046	T	1	0	1044	40.0651340996169
A_MP	462	1044	T	3	0	1042	39.7917466410749
A_MP	463	1042	G	5	0	1042	39.9692898272553
A_MP	464	1045	C	2	0	1042	39.2092130518234
A_MP	465	1044	T	3	0	1042	38.0614203454894
A_MP	466	1046	G	1	0	1032	37.2160852713178
A_MP	467	1045	A	2	0	1045	37.3636363636364
A_MP	468	1047	T	0	0	1046	37.6558317399618
A_MP	469	1046	T	1	0	1046	38.1586998087954
A_MP	470	1042	C	3	0	1034	39.5290135396518
A_MP	471	1044	A	2	0	1037	40.4117647058824
A_MP	472	1045	C	1	0	1044	40.4157088122605
A_MP	473	1045	A	1	0	1045	40.3406698564593
A_MP	474	1045	G	1	0	1043	40.9098753595398
A_MP	475	1045	C	1	0	1044	41.0335249042146
A_MP	476	1045	A	1	0	1044	40.5909961685824
A_MP	477	1044	T	2	0	1041	40.5417867435158
A_MP	478	1044	C	2	0	1037	38.2661523625844
A_MP	479	1045	G	1	0	1041	37.4447646493756
A_MP	480	1044	G	2	0	1039	36.8768046198268
A_MP	481	1044	T	2	0	1038	37.1830443159923
A_MP	482	1044	C	2	0	1035	37.1333333333333
A_MP	483	1045	T	1	0	1037	39.3143683702989
A_MP	484	1046	C	0	0	1042	39.5345489443378
A_MP	485	1045	A	1	0	1043	40.1361457334612
A_MP	486	1045	C	1	0	1044	40.3295019157088
A_MP	487	1045	A	1	0	1044	40.2126436781609
A_MP	488	1042	G	4	0	1037	39.9257473481196
A_MP	489	1045	A	1	0	1040	39.7894230769231
A_MP	490	1044	C	2	0	1043	40.6740172579099
A_MP	491	1043	A	3	0	1042	39.9107485604607
A_MP	492	1046	A	0	0	1044	40.6666666666667
A_MP	493	1045	A	1	0	1042	40.8032629558541
A_MP	494	1045	T	1	0	1044	40.6034482758621
A_MP	495	1045	G	1	0	1043	41.712368168744
A_MP	496	1045	G	1	0	1045	42.133971291866
A_MP	497	1045	C	1	0	1044	41.3984674329502
A_MP	498	1045	T	1	0	1042	41.0431861804223
A_MP	499	1046	A	0	0	1039	39.934552454283
A_MP	500	1046	C	0	0	1044	39.3151340996169
A_MP	501	1040	T	6	0	1037	38.7878495660559
A_MP	502	1040	A	6	0	1033	38.1006776379477
A_MP	503	1045	C	1	0	1044	38.0047892720306
A_MP	504	1045	C	1	0	1045	38.0334928229665
A_MP	505	1046	A	0	0	1045	38.6813397129187
A_MP	506	1045	C	0	0	1044	39.2461685823755
A_MP	507	1042	A	3	0	1041	39.9634966378482
A_MP	508	1045	A	0	0	1044	40.6187739463602
A_MP	509	1045	A	0	0	1044	41.3477011494253
A_MP	510	1045	T	0	0	1045	40.9014354066986
A_MP	511	1045	C	0	0	1044	41.4224137931034
A_MP	512	1045	C	0	0	1045	41.7751196172249
A_MP	513	1045	A	0	0	1045	40.7358851674641
A_MP	514	1044	C	1	0	1043	40.4621284755513
A_MP	515	1045	T	0	0	1044	39.8783524904215
A_MP	516	1045	A	0	0	1044	40.176245210728
A_MP	517	1045	A	0	0	1045	40.0478468899522
A_MP	518	1045	T	0	0	1045	40.2019138755981
A_MP	519	1045	C	0	0	1041	40.9750240153698
A_MP	520	1042	A	2	0	1038	40.5847784200385
A_MP	521	1043	G	1	0	1040	40.6432692307692
A_MP	522	1044	G	0	0	1043	39.5570469798658
A_MP	523	1044	C	0	0	1042	39.9548944337812
A_MP	524	1044	A	0	0	1041	38.9442843419789
A_MP	525	1044	T	0	0	1043	39.5407478427613
A_MP	526	1044	G	0	0	1043	36.9357622243528
A_MP	527	1024	A	20	0	1023	37.6647116324536
A_MP	528	1035	A	9	0	1032	36.6511627906977
A_MP	529	1042	A	2	0	1041	37.5782901056676
A_MP	530	1043	A	1	0	1042	38.3867562380038
A_MP	531	1044	C	1	0	1042	39.4289827255278
A_MP	532	1044	A	1	0	1042	39.3886756238004
A_MP	533	1045	G	1	0	1042	38.8694817658349
A_MP	534	1046	A	0	0	1045	39.7502392344498
A_MP	535	1045	A	1	0	1044	40.6034482758621
A_MP	536	1045	T	1	0	1045	40.7282296650718
A_MP	537	1045	G	1	0	1044	41.6187739463602
A_MP	538	1046	G	0	0	1045	42.1588516746411
A_MP	539	1046	T	0	0	1046	42.4263862332696
A_MP	540	1045	G	1	0	1045	42.0277511961722
A_MP	541	1047	C	0	0	1046	42.3661567877629
A_MP	542	1047	T	0	0	1045	41.9349282296651
A_MP	543	1045	G	2	0	1044	41.5
A_MP	544	1044	G	3	0	1043	41.9204218600192
A_MP	545	1045	C	2	0	1044	41.4252873563218
A_MP	546	1045	T	2	0	1043	41.3355704697987
A_MP	547	1045	A	2	0	1045	40.7368421052632
A_MP	548	1047	G	0	0	1046	40.5889101338432
A_MP	549	1047	C	0	0	1047	39.9006685768863
A_MP	550	1045	A	1	0	1044	39.3563218390805
A_MP	551	1046	C	0	0	1039	39.111645813282
A_MP	552	1045	T	1	0	1031	39.2803103782735
A_MP	553	1043	A	3	0	1043	37.744966442953
A_MP	554	1045	C	1	0	1043	37.0814956855225
A_MP	555	1046	G	0	0	1041	35.8914505283381
A_MP	556	1046	G	0	0	1046	37.2848948374761
A_MP	557	1046	C	0	0	1045	37.5645933014354
A_MP	558	1046	A	0	0	1045	38.6516746411483
A_MP	559	1046	A	0	0	1046	41.6108986615679
A_MP	560	1046	A	0	0	1044	41.5814176245211
A_MP	561	1045	G	1	0	1042	42.3752399232246
A_MP	562	1046	G	0	0	1046	42.2609942638623
A_MP	563	1047	C	0	0	1044	42.205938697318
A_MP	564	1047	T	0	0	1045	41.5942583732057
A_MP	565	1047	A	0	0	1046	40.6290630975143
A_MP	566	1048	T	0	0	1047	41.5873925501433
A_MP	567	1040	G	8	0	1037	38.7145612343298
A_MP	568	1047	G	0	0	1045	38.4468899521531
A_MP	569	1044	A	3	0	1042	38.5431861804223
A_MP	570	1047	A	0	0	1044	39.0306513409962
A_MP	571	1047	C	0	0	1045	39.6028708133971
A_MP	572	1046	A	1	0	1043	40.424736337488
A_MP	573	1046	G	1	0	1044	41.5929118773946
A_MP	574	1046	G	1	0	1044	41.0373563218391
A_MP	575	1045	T	2	0	1044	41.205938697318
A_MP	576	1045	G	2	0	1042	40.5259117082534
A_MP	577	1045	G	2	0	1045	41.1004784688995
A_MP	578	1046	C	2	0	1045	41.088038277512
A_MP	579	1047	T	1	0	1046	41.1778202676864
A_MP	580	1045	G	3	0	1042	39.5825335892514
A_MP	581	1047	G	1	0	1042	39.6497120921305
A_MP	582	1048	A	1	0	1047	38.3065902578797
A_MP	583	1048	T	1	0	1046	38.4168260038241
A_MP	584	1036	C	13	0	1028	35.5739299610895
A_MP	585	1044	G	5	0	1032	35.5542635658915
A_MP	586	1048	A	1	0	1043	34.9223394055609
A_MP	587	1048	G	1	0	1046	35.1099426386233
A_MP	588	1049	T	1	0	1046	36.0535372848948
A_MP	589	1049	G	1	0	1049	38.0877025738799
A_MP	590	1046	A	3	0	1041	38.5917387127762
A_MP	591	1046	A	2	0	1041	38.6051873198847
A_MP	592	1047	C	1	0	1046	39.4770554493308
A_MP	593	1047	A	1	0	1043	39.8571428571429
A_MP	594	1047	G	1	0	1046	40.895793499044
A_MP	595	1046	G	2	0	1045	40.5253588516746
A_MP	596	1042	C	6	0	1041	40.2391930835735
A_MP	597	1046	A	2	0	1042	39.5604606525912
A_MP	598	1047	G	1	0	1046	39.9263862332696
A_MP	599	1047	C	1	0	1046	38.6003824091778
A_MP	600	1047	G	2	0	1040	37.0951923076923
A_MP	601	1049	G	0	0	1049	36.7721639656816
A_MP	602	1048	A	1	0	1046	36.8413001912046
A_MP	603	1048	G	1	0	1047	37.7507163323782
A_MP	604	1048	G	1	0	1047	39.6017191977077
A_MP	605	1048	C	1	0	1045	41.4210526315789
A_MP	606	1047	C	2	0	1045	39.9913875598086
A_MP	607	1047	A	2	0	1043	40.352828379674
A_MP	608	1048	T	1	0	1046	40.1634799235182
A_MP	609	1049	G	0	0	1048	38.1459923664122
A_MP	610	1049	G	0	0	1047	39.0343839541547
A_MP	611	1049	A	0	0	1047	39
A_MP	612	1047	G	2	0	1044	40.0325670498084
A_MP	613	1048	G	1	0	1046	39.925430210325
A_MP	614	1048	T	1	0	1045	40.5377990430622
A_MP	615	1048	T	1	0	1046	40.065965583174
A_MP	616	1048	G	1	0	1045	40.3732057416268
A_MP	617	1044	C	5	0	1043	39.6289549376798
A_MP	618	1044	T	6	0	1039	39.6958614051973
A_MP	619	1045	A	6	0	1026	37.3411306042885
A_MP	620	1048	A	3	0	1044	36.8438697318008
A_MP	621	1047	T	4	0	1038	36.519267822736
A_MP	622	1037	A	14	0	1017	36.5437561455261
A_MP	623	1045	A	6	0	1040	35.6317307692308
A_MP	624	1046	G	5	0	1044	35.1532567049808
A_MP	625	1047	A	4	0	1045	35.1626794258373
A_MP	626	1050	C	1	0	1039	35.0240615976901
A_MP	627	1051	T	0	0	1046	34.9512428298279
A_MP	628	1051	A	0	0	1049	34.2926596758818
A_MP	629	1050	G	1	0	1050	34.6085714285714
A_MP	630	1050	G	1	0	1049	35.6244041944709
A_MP	631	1050	C	1	0	1048	39.3463740458015
A_MP	632	1051	A	0	0	1049	40.1325071496663
A_MP	633	1050	G	1	0	1049	40.9809342230696
A_MP	634	1050	A	1	0	1049	40.8274547187798
A_MP	635	1051	T	0	0	1050	40.9657142857143
A_MP	636	1049	G	1	0	1049	40.3050524308866
A_MP	637	1050	G	0	0	1049	40.1811248808389
A_MP	638	1050	T	0	0	1049	39.9818875119161
A_MP	639	1049	A	1	0	1043	39.7813998082454
A_MP	640	1049	C	1	0	1045	40.1023923444976
A_MP	641	1050	A	0	0	1047	39.9732569245463
A_MP	642	1050	T	0	0	1048	40.6078244274809
A_MP	643	1050	G	0	0	1047	40.712511938873
A_MP	644	1050	C	0	0	1048	41.5935114503817
A_MP	645	1049	A	1	0	1048	40.3635496183206
A_MP	646	1050	A	0	0	1049	41.0724499523356
A_MP	647	1048	T	2	0	1047	41.0821394460363
A_MP	648	1046	G	4	0	1043	39.7392138063279
A_MP	649	1046	A	4	0	1042	38.820537428023
A_MP	650	1047	G	3	0	1044	38.7452107279694
A_MP	651	1046	A	4	0	1040	38.0586538461538
A_MP	652	1047	A	3	0	1042	37.9558541266795
A_MP	653	1047	C	3	0	1042	37.2053742802303
A_MP	654	1046	T	4	0	1041	37.7223823246878
A_MP	655	1044	A	6	0	1040	37.4615384615385
A_MP	656	1046	T	4	0	1043	37.5378715244487
A_MP	657	1048	T	2	0	1046	37.17017208413
A_MP	658	1047	G	3	0	1042	37.4568138195777
A_MP	659	1048	G	2	0	1044	36.7011494252874
A_MP	660	1048	A	2	0	1045	37.8086124401914
A_MP	661	1047	A	2	0	1044	39.2672413793103
A_MP	662	1045	C	3	0	1044	38.7624521072797
A_MP	663	1046	C	2	0	1042	38.9510556621881
A_MP	664	1047	C	1	0	1043	38.9271332694152
A_MP	665	1047	A	1	0	1047	38.0955109837631
A_MP	666	1048	T	0	0	1048	38.5104961832061
A_MP	667	1048	C	0	0	1045	38.7846889952153
A_MP	668	1048	C	0	0	1044	40.4090038314176
A_MP	669	1047	T	1	0	1044	40.5727969348659
A_MP	670	1048	A	0	0	1042	38.4769673704415
A_MP	671	1048	G	0	0	1046	38.774378585086
A_MP	672	1047	C	1	0	1045	39.1913875598086
A_MP	673	1047	T	1	0	1044	40.139846743295
A_MP	674	1046	C	2	0	1045	40.9789473684211
A_MP	675	1047	C	1	0	1046	40.7868068833652
A_MP	676	1047	A	2	0	1046	39.6644359464627
A_MP	677	1047	G	2	0	1047	39.5616045845272
A_MP	678	1046	T	3	0	1045	41.1090909090909
A_MP	679	1047	G	2	0	1047	41.6895893027698
A_MP	680	1047	C	2	0	1047	41.6351480420248
A_MP	681	1048	T	2	0	1045	41.8258373205742
A_MP	682	1047	G	2	0	1044	39.3151340996169
A_MP	683	1046	G	3	0	1044	38.389846743295
A_MP	684	1044	T	5	0	1041	37.9596541786743
A_MP	685	1045	C	4	0	1040	36.6826923076923
A_MP	686	1039	T	10	0	1036	36.3918918918919
A_MP	687	1010	A	39	0	1007	35.3624627606753
A_MP	688	1044	A	5	0	1039	34.3647738209817
A_MP	689	1046	G	3	0	1042	34.3138195777351
A_MP	690	1047	A	2	0	1042	36.267754318618
A_MP	691	1047	G	2	0	1043	38.7651006711409
A_MP	692	1049	A	0	0	1048	39.6221374045802
A_MP	693	1049	T	0	0	1047	40.3333333333333
A_MP	694	1048	G	1	0	1041	40.1018251681076
A_MP	695	1049	A	0	0	1046	40.6816443594646
A_MP	696	1048	C	1	0	1048	40.9236641221374
A_MP	697	1047	C	2	0	1045	39.7693779904306
A_MP	698	1040	T	9	0	1040	41.1894230769231
A_MP	699	1045	T	4	0	1045	40.0095693779904
A_MP	700	1045	C	4	0	1042	38.0863723608445
A_MP	701	1045	T	5	0	1042	37.8953934740883
A_MP	702	1047	T	2	0	1047	36.7994269340974
A_MP	703	1043	G	6	0	1037	33.8553519768563
A_MP	704	1046	A	3	0	1044	34.5239463601533
A_MP	705	1049	A	0	0	1047	38.5224450811843
A_MP	706	1048	A	1	0	1048	40.9437022900763
A_MP	707	1045	A	3	0	1043	41.8485139022052
A_MP	708	1044	T	4	0	1041	42.8655139289145
A_MP	709	1047	T	1	0	1042	42.1928982725528
A_MP	710	1047	T	1	0	1043	41.2895493767977
A_MP	711	1047	A	1	0	1044	39.1168582375479
A_MP	712	1046	C	2	0	1043	39.0556088207095
A_MP	713	1046	A	2	0	1046	38.2772466539197
A_MP	714	1046	G	2	0	1044	39.4425287356322
A_MP	715	1046	G	2	0	1046	39.236137667304
A_MP	716	1046	C	2	0	1044	40.4358237547893
A_MP	717	1048	C	0	0	1048	39.6956106870229
A_MP	718	1048	T	1	0	1044	40.654214559387
A_MP	719	1047	A	2	0	1045	39.6583732057416
A_MP	720	1046	C	3	0	1045	40.4143540669856
A_MP	721	1048	C	1	0	1048	39.9446564885496
A_MP	722	1049	A	1	0	1048	39.9704198473282
A_MP	723	1049	G	1	0	1048	40.0104961832061
A_MP	724	1050	A	0	0	1049	40.1201143946616
A_MP	725	1050	A	0	0	1048	40.6583969465649
A_MP	726	1050	G	0	0	1050	39.6961904761905
A_MP	727	1050	C	0	0	1050	38.8514285714286
A_MP	728	1050	G	0	0	1036	35.3832046332046
A_MP	729	1049	A	1	0	1048	35.4656488549618
A_MP	730	1050	A	0	0	1047	35.414517669532
A_MP	731	1050	T	0	0	1050	35.7847619047619
A_MP	732	1045	G	5	0	1043	36.56184084372
A_MP	733	1051	G	0	0	1050	38.6666666666667
A_MP	734	1049	G	2	0	1042	37.8905950095969
A_MP	735	1048	A	3	0	1041	38.2660902977906
A_MP	736	1050	G	2	0	1040	38.3807692307692
A_MP	737	1050	T	2	0	1049	38.02192564347
A_MP	738	1050	G	2	0	1047	38.7593123209169
A_MP	739	1048	C	5	0	1047	39.5826170009551
A_MP	740	1049	A	4	0	1046	39.5066921606119
A_MP	741	1052	A	1	0	1050	41.0209523809524
A_MP	742	1053	A	0	0	1053	40.9116809116809
A_MP	743	1053	T	0	0	1050	41.3561904761905
A_MP	744	1052	G	1	0	1048	41.2404580152672
A_MP	745	1053	C	0	0	1050	41.5942857142857
A_MP	746	1054	A	0	0	1053	40.0978157644824
A_MP	747	1054	G	0	0	1051	40.0742150333016
A_MP	748	1054	C	0	0	1049	38.7102001906578
A_MP	749	1054	G	0	0	1052	37.504752851711
A_MP	750	1052	G	2	0	1049	37.2755004766444
A_MP	751	1052	T	2	0	1050	37.6895238095238
A_MP	752	1053	T	1	0	1053	38.0864197530864
A_MP	753	1052	C	2	0	1049	38.3632030505243
A_MP	754	1050	A	4	0	1048	38.4198473282443
A_MP	755	1053	A	1	0	1051	38.7202664129401
A_MP	756	1054	A	0	0	1053	38.2355175688509
A_MP	757	1053	T	0	0	1053	38.2640075973409
A_MP	758	1053	G	0	0	1048	38.7700381679389
A_MP	759	1053	A	0	0	1049	39.0228789323165
A_MP	760	1050	T	3	0	1046	38.9875717017208
A_MP	761	1051	C	1	0	1045	37.3023923444976
A_MP	762	1003	C	49	0	995	36.8030150753769
A_MP	763	1002	T	50	0	999	36.8588588588589
A_MP	764	1044	C	8	0	1044	34.2624521072797
A_MP	765	1041	T	11	0	1039	34.0375360923965
A_MP	766	1036	C	16	0	1029	32.9922254616132
A_MP	767	1052	G	0	0	1051	32.4843006660323
A_MP	768	1053	T	0	0	1053	34.3456790123457
A_MP	769	1053	C	0	0	1052	35.1939163498099
A_MP	770	1053	A	0	0	1052	38.7737642585551
A_MP	771	1052	C	1	0	1051	40.0313986679353
A_MP	772	1052	T	1	0	1052	40.8070342205323
A_MP	773	1050	G	3	0	1048	41.3177480916031
A_MP	774	1050	C	3	0	1049	41.5319351763584
A_MP	775	1050	A	3	0	1049	41.1468064823642
A_MP	776	1053	G	0	0	1051	41.6117982873454
A_MP	777	1052	C	1	0	1051	41.6593720266413
A_MP	778	1051	A	2	0	1051	40.90675547098
A_MP	779	1052	A	1	0	1052	41.2214828897338
A_MP	780	1052	A	2	0	1052	41.4410646387833
A_MP	781	1053	C	1	0	1053	42.0759734093067
A_MP	782	1053	A	1	0	1049	40.7569113441373
A_MP	783	1053	T	1	0	1053	40.9116809116809
A_MP	784	1054	C	0	0	1050	39.7209523809524
A_MP	785	1054	A	0	0	1049	40.3632030505243
A_MP	786	1054	T	0	0	1054	40.2362428842505
A_MP	787	1053	T	1	0	1052	39.8811787072243
A_MP	788	1048	G	6	0	1047	39.2349570200573
A_MP	789	1053	G	1	0	1049	38.0600571973308
A_MP	790	1053	G	1	0	1045	37.5540669856459
A_MP	791	1053	A	1	0	1051	38.1065651760228
A_MP	792	1054	T	0	0	1050	38.7628571428571
A_MP	793	1052	C	2	0	1046	37.7648183556405
A_MP	794	1048	T	6	0	1041	39.731027857829
A_MP	795	1054	T	0	0	1052	39.7395437262357
A_MP	796	1053	G	1	0	1053	39.0474833808167
A_MP	797	1052	C	2	0	1050	39.1742857142857
A_MP	798	1053	A	1	0	1049	38.3832221163012
A_MP	799	1052	C	2	0	1050	39.6285714285714
A_MP	800	1053	C	1	0	1052	37.9439163498099
A_MP	801	1052	T	2	0	1051	37.7573739295909
A_MP	802	1050	G	4	0	1048	37.5620229007634
A_MP	803	1051	A	4	0	1051	38.90675547098
A_MP	804	1051	T	4	0	1049	39.9027645376549
A_MP	805	1053	A	2	0	1053	39.8138651471985
A_MP	806	1052	T	3	0	1051	40.8734538534729
A_MP	807	1053	T	1	0	1049	40.7845567206864
A_MP	808	1053	G	1	0	1052	40.7804182509506
A_MP	809	1053	T	1	0	1046	40.8833652007648
A_MP	810	1053	G	1	0	1051	40.394862036156
A_MP	811	1053	G	1	0	1050	40.8314285714286
A_MP	812	1053	A	1	0	1053	40.1500474833808
A_MP	813	1052	T	2	0	1052	40.2062737642586
A_MP	814	1052	T	2	0	1052	39.5589353612167
A_MP	815	1052	A	2	0	1048	38.5992366412214
A_MP	816	1051	C	3	0	1048	36.2833969465649
A_MP	817	1044	T	10	0	1042	34.1497120921305
A_MP	818	1047	G	7	0	1015	33.0729064039409
A_MP	819	1053	A	1	0	1048	32.4589694656489
A_MP	820	1052	T	2	0	1051	33.0761179828735
A_MP	821	1052	C	2	0	1034	32.8568665377176
A_MP	822	1053	G	1	0	1046	33.8919694072658
A_MP	823	1051	T	3	0	1047	34.7478510028653
A_MP	824	1051	C	3	0	1045	34.0746411483254
A_MP	825	1020	T	34	0	1012	35.6887351778656
A_MP	826	1044	T	10	0	1041	35.9731027857829
A_MP	827	1047	T	7	0	1046	38.0908221797323
A_MP	828	1054	T	0	0	1052	40.1939163498099
A_MP	829	1052	T	1	0	1052	40.2528517110266
A_MP	830	1052	T	1	0	1052	41.6235741444867
A_MP	831	1050	T	3	0	1048	41.2395038167939
A_MP	832	1048	C	4	0	1048	37.7757633587786
A_MP	833	1050	A	3	0	1050	36.3228571428571
A_MP	834	1052	A	1	0	1051	36.9866793529971
A_MP	835	1052	A	1	0	1050	37.4485714285714
A_MP	836	1052	T	1	0	1051	38.9276879162702
A_MP	837	1050	G	2	0	1050	39.5647619047619
A_MP	838	1050	C	2	0	1049	41.4585319351764
A_MP	839	1050	A	1	0	1046	40.1567877629063
A_MP	840	1048	T	3	0	1045	41.6248803827751
A_MP	841	1049	T	2	0	1048	40.9847328244275
A_MP	842	1049	T	2	0	1047	40.7583572110793
A_MP	843	1050	A	1	0	1045	40.2
A_MP	844	1051	T	0	0	1051	40.0285442435775
A_MP	845	1051	C	0	0	1044	37.5862068965517
A_MP	846	1051	G	0	0	1044	36.7375478927203
A_MP	847	1051	T	0	0	1051	36.3206470028544
A_MP	848	1051	C	0	0	1048	36.0839694656489
A_MP	849	1051	G	0	0	1044	36.4157088122605
A_MP	850	1051	C	0	0	1050	37.6352380952381
A_MP	851	1051	T	0	0	1050	37.967619047619
A_MP	852	1051	T	0	0	1051	38.977164605138
A_MP	853	1051	T	0	0	1050	39.5628571428571
A_MP	854	1052	A	0	0	1049	39.5958055290753
A_MP	855	1051	A	1	0	1048	40.2891221374046
A_MP	856	1051	A	1	0	1049	39.9818875119161
A_MP	857	1050	T	2	0	1048	40.293893129771
A_MP	858	1051	A	1	0	1049	39.9370829361296
A_MP	859	1051	C	1	0	1049	39.4766444232602
A_MP	860	1051	G	1	0	1048	37.7251908396947
A_MP	861	1051	G	1	0	1050	37.2971428571429
A_MP	862	1050	T	2	0	1048	37.3110687022901
A_MP	863	1050	T	2	0	1047	37.748806112703
A_MP	864	1048	T	4	0	1046	37.7466539196941
A_MP	865	1044	G	8	0	1041	35.8751200768492
A_MP	866	1020	A	33	0	1017	34.9882005899705
A_MP	867	1049	A	4	0	1047	34.2808022922636
A_MP	868	1053	A	0	0	1053	34.2516619183286
A_MP	869	1051	A	1	0	1048	34.4551526717557
A_MP	870	1048	G	4	0	1038	34.4527938342967
A_MP	871	1049	A	3	0	1044	36.4051724137931
A_MP	872	1046	G	6	0	1043	36.2147651006711
A_MP	873	1049	G	3	0	1047	36.1241642788921
A_MP	874	1048	G	4	0	1048	36.969465648855
A_MP	875	1049	C	3	0	1041	36.3275696445725
A_MP	876	1048	C	4	0	1045	37.155023923445
A_MP	877	1046	T	6	0	1040	37.2278846153846
A_MP	878	1050	T	2	0	1049	36.5300285986654
A_MP	879	1049	C	3	0	1034	34.8413926499033
A_MP	880	1051	T	1	0	1042	34.9088291746641
A_MP	881	1050	A	2	0	1038	33.650289017341
A_MP	882	1048	C	4	0	1044	33.492337164751
A_MP	883	1042	G	10	0	1039	31.9826756496631
A_MP	884	1052	G	0	0	1050	32.7238095238095
A_MP	885	1048	A	4	0	1047	32.7679083094556
A_MP	886	1050	A	2	0	1049	35.9590085795996
A_MP	887	1050	G	2	0	1048	38.2471374045802
A_MP	888	1050	G	2	0	1047	38.756446991404
A_MP	889	1050	A	2	0	1046	39.3833652007648
A_MP	890	1027	G	25	0	1022	38.6761252446184
A_MP	891	1051	T	1	0	1046	35.5898661567878
A_MP	892	1051	G	1	0	1048	35.425572519084
A_MP	893	1049	C	3	0	1046	35.4732313575526
A_MP	894	1050	C	2	0	1049	34.1754051477598
A_MP	895	1044	T	7	0	1040	36.7067307692308
A_MP	896	1042	G	9	0	1035	34.1381642512077
A_MP	897	1047	A	4	0	1043	33.960690316395
A_MP	898	1050	G	1	0	1040	34.1317307692308
A_MP	899	1050	T	1	0	1045	35.999043062201
A_MP	900	1044	C	6	0	1033	36.0619554695063
A_MP	901	1048	C	2	0	1034	36.4535783365571
A_MP	902	1050	A	0	0	1048	35.5362595419847
A_MP	903	1050	T	0	0	1047	35.9694364851958
A_MP	904	1046	G	4	0	1041	34.9634966378482
A_MP	905	1048	A	2	0	1045	35.5540669856459
A_MP	906	1038	G	12	0	1033	35.5808325266215
A_MP	907	1046	G	4	0	1044	36.0459770114943
A_MP	908	1048	G	2	0	1045	36.9789473684211
A_MP	909	1047	A	3	0	1044	36.595785440613
A_MP	910	1047	A	3	0	1047	38.1098376313276
A_MP	911	1046	G	4	0	1043	39.1428571428571
A_MP	912	1042	A	8	0	1039	40.0404234841193
A_MP	913	1044	A	6	0	1043	40.3758389261745
A_MP	914	1045	T	5	0	1039	39.0952839268527
A_MP	915	1044	A	6	0	1040	38.7009615384615
A_MP	916	1045	T	5	0	1044	38.1877394636015
A_MP	917	1046	C	4	0	1042	36.1976967370441
A_MP	918	1046	A	4	0	1041	36.3198847262248
A_MP	919	1050	A	0	0	1049	36.2221163012393
A_MP	920	1050	C	0	0	1047	37.8376313276027
A_MP	921	1050	A	0	0	1050	38.747619047619
A_MP	922	1050	G	0	0	1049	40.6072449952336
A_MP	923	1049	G	1	0	1048	40.3091603053435
A_MP	924	1048	A	2	0	1046	40.5535372848948
A_MP	925	1047	G	3	0	1047	39.7211079274117
A_MP	926	1048	C	2	0	1046	39.7944550669216
A_MP	927	1050	A	0	0	1047	39.8347659980898
A_MP	928	1050	G	0	0	1050	40.207619047619
A_MP	929	1050	C	0	0	1050	40.2266666666667
A_MP	930	1048	A	2	0	1048	40.5524809160305
A_MP	931	1050	G	0	0	1047	40.4278892072588
A_MP	932	1050	A	0	0	1049	39.628217349857
A_MP	933	1049	G	1	0	1043	39.1668264621285
A_MP	934	1050	T	0	0	1049	38.8836987607245
A_MP	935	1050	G	0	0	1049	39.0333651096282
A_MP	936	1050	C	0	0	1049	39.3803622497617
A_MP	937	1047	T	3	0	1043	40.1160115052732
A_MP	938	1047	G	3	0	1047	40.2540592168099
A_MP	939	1048	T	2	0	1046	40.4732313575526
A_MP	940	1044	G	4	0	1041	39.2420749279539
A_MP	941	1047	G	1	0	1041	39.297790585975
A_MP	942	1047	A	1	0	1047	38.7908309455587
A_MP	943	1048	T	0	0	1044	39.132183908046
A_MP	944	1048	G	0	0	1046	38.1749521988528
A_MP	945	1046	T	1	0	1044	38.9818007662835
A_MP	946	1046	T	1	0	1039	38.7699711260828
A_MP	947	1045	G	2	0	1038	38.4961464354528
A_MP	948	1046	A	1	0	1045	37.7684210526316
A_MP	949	1046	C	1	0	1044	36.1015325670498
A_MP	950	1045	G	2	0	1035	34.8222222222222
A_MP	951	1046	A	1	0	1045	35.1952153110048
A_MP	952	1045	T	1	0	1042	35.7044145873321
A_MP	953	1045	G	0	0	1043	35.8859060402685
A_MP	954	1044	G	1	0	1042	38.4664107485605
A_MP	955	1044	T	1	0	1041	39.299711815562
A_MP	956	1043	C	2	0	1029	38.1700680272109
A_MP	957	1043	A	2	0	1042	38.1852207293666
A_MP	958	1039	T	6	0	1038	38.6030828516378
A_MP	959	1043	T	2	0	1042	38.1497120921305
A_MP	960	1043	T	2	0	1043	39.4880153403643
A_MP	961	1043	T	2	0	1042	41.742802303263
A_MP	962	1042	G	3	0	1041	41.0461095100865
A_MP	963	1044	T	1	0	1041	40.7108549471662
A_MP	964	1043	C	1	0	1040	37.0980769230769
A_MP	965	1043	A	1	0	1036	36.9160231660232
A_MP	966	1043	A	0	0	1042	36.478886756238
A_MP	967	1043	C	0	0	1043	37.0402684563758
A_MP	968	1043	A	0	0	1043	37.1792905081496
A_MP	969	1043	T	0	0	1043	38.1217641418984
A_MP	970	1037	A	6	0	1029	37.019436345967
A_MP	971	1039	G	4	0	1035	36.3536231884058
A_MP	972	1043	A	0	0	1043	36.0604026845638
A_MP	973	1043	G	0	0	1041	36.3439000960615
A_MP	974	1042	C	0	0	1042	36.9510556621881
A_MP	975	1041	T	0	0	1040	38.3105769230769
A_MP	976	1037	A	0	0	1035	36.4772946859903
A_MP	977	1034	G	0	0	1034	35.7775628626692
A_MP	978	1022	A	0	0	1020	34.4980392156863
A_MP	979	1019	G	0	0	1019	33.9695780176644
A_MP	980	1002	T	0	0	1002	35.2924151696607
A_MP	981	999	A	0	0	999	34.2662662662663
A_MP	982	999	A	0	0	999	35.5085085085085
