Reference_Name	Position	Coverage Depth	Consensus	Deletions	Ambiguous	Consensus_Count	Consensus_Average_Quality
A_NA_N1	1	221	A	0	0	221	34.0904977375566
A_NA_N1	2	221	T	0	0	221	36.0588235294118
A_NA_N1	3	221	G	0	0	221	34.5203619909502
A_NA_N1	4	225	A	0	0	225	35.88
A_NA_N1	5	225	A	0	0	225	36.7422222222222
A_NA_N1	6	225	T	0	0	225	36.9288888888889
A_NA_N1	7	224	C	1	0	223	37.3452914798206
A_NA_N1	8	225	C	0	0	224	38.5625
A_NA_N1	9	226	A	0	0	226	38.358407079646
A_NA_N1	10	226	A	0	0	226	39.0221238938053
A_NA_N1	11	226	A	0	0	226	39.212389380531
A_NA_N1	12	226	C	0	0	226	39.0796460176991
A_NA_N1	13	226	C	0	0	226	38.6902654867257
A_NA_N1	14	224	A	2	0	224	38.4241071428571
A_NA_N1	15	226	A	0	0	225	38.8266666666667
A_NA_N1	16	226	A	0	0	226	40.2787610619469
A_NA_N1	17	226	A	0	0	226	41.0884955752212
A_NA_N1	18	226	G	0	0	223	42.457399103139
A_NA_N1	19	226	A	0	0	226	41.0176991150442
A_NA_N1	20	226	T	0	0	225	41.2666666666667
A_NA_N1	21	227	A	0	0	227	39.2114537444934
A_NA_N1	22	227	A	0	0	227	39.5066079295154
A_NA_N1	23	227	T	0	0	227	39.4713656387665
A_NA_N1	24	226	A	1	0	225	39.1644444444444
A_NA_N1	25	226	A	1	0	225	38.9555555555556
A_NA_N1	26	226	C	1	0	226	39.0132743362832
A_NA_N1	27	227	C	0	0	227	38.5506607929515
A_NA_N1	28	227	A	0	0	227	38.1233480176211
A_NA_N1	29	227	T	0	0	227	38.9074889867841
A_NA_N1	30	227	T	0	0	226	39.5442477876106
A_NA_N1	31	227	G	0	0	226	39.6548672566372
A_NA_N1	32	227	G	0	0	227	39.511013215859
A_NA_N1	33	227	T	0	0	226	40.3805309734513
A_NA_N1	34	227	T	0	0	226	40.0353982300885
A_NA_N1	35	227	C	0	0	224	39.3571428571429
A_NA_N1	36	226	T	1	0	225	39.9733333333333
A_NA_N1	37	227	A	0	0	227	39.1762114537445
A_NA_N1	38	227	T	0	0	227	39.7577092511013
A_NA_N1	39	227	C	0	0	226	39.2566371681416
A_NA_N1	40	227	T	0	0	227	40.6431718061674
A_NA_N1	41	227	G	0	0	226	40.4115044247788
A_NA_N1	42	227	T	0	0	227	39.9691629955947
A_NA_N1	43	227	A	0	0	227	39
A_NA_N1	44	227	T	0	0	227	39.2599118942731
A_NA_N1	45	226	G	1	0	225	38.6755555555556
A_NA_N1	46	226	A	1	0	226	39.0884955752212
A_NA_N1	47	226	C	1	0	226	39.2212389380531
A_NA_N1	48	227	A	0	0	227	39.6387665198238
A_NA_N1	49	226	A	1	0	226	40.0929203539823
A_NA_N1	50	226	T	1	0	225	40.2577777777778
A_NA_N1	51	226	T	1	0	225	40.92
A_NA_N1	52	225	G	2	0	225	41.1511111111111
A_NA_N1	53	226	G	1	0	225	40.9244444444444
A_NA_N1	54	227	A	0	0	226	41.2610619469027
A_NA_N1	55	227	A	0	0	226	40.9380530973451
A_NA_N1	56	227	C	0	0	226	39.4823008849558
A_NA_N1	57	227	G	0	0	226	38.6991150442478
A_NA_N1	58	227	G	0	0	225	38.2177777777778
A_NA_N1	59	226	C	1	0	225	38.12
A_NA_N1	60	226	T	1	0	225	38.7688888888889
A_NA_N1	61	227	A	0	0	227	39.1497797356828
A_NA_N1	62	226	A	1	0	226	41.7300884955752
A_NA_N1	63	226	C	1	0	225	40.7066666666667
A_NA_N1	64	226	T	1	0	226	40.570796460177
A_NA_N1	65	226	T	1	0	225	40.96
A_NA_N1	66	227	A	0	0	225	39.68
A_NA_N1	67	227	A	0	0	226	40.1061946902655
A_NA_N1	68	227	T	0	0	225	40.6711111111111
A_NA_N1	69	227	A	0	0	226	40.8318584070796
A_NA_N1	70	227	T	0	0	226	41.5530973451327
A_NA_N1	71	227	T	0	0	227	41.8678414096916
A_NA_N1	72	227	A	0	0	227	40.7312775330396
A_NA_N1	73	227	C	0	0	227	41.4933920704846
A_NA_N1	74	226	A	1	0	226	41.0398230088496
A_NA_N1	75	227	A	0	0	227	41.273127753304
A_NA_N1	76	227	A	0	0	227	41.1541850220264
A_NA_N1	77	226	T	1	0	225	40.6266666666667
A_NA_N1	78	226	T	1	0	226	41.0221238938053
A_NA_N1	79	225	G	2	0	225	40.8488888888889
A_NA_N1	80	227	G	0	0	226	41.3274336283186
A_NA_N1	81	225	A	2	0	223	41.6636771300448
A_NA_N1	82	227	A	0	0	227	41.9911894273128
A_NA_N1	83	227	A	0	0	225	42.5644444444444
A_NA_N1	84	227	C	0	0	226	41.9690265486726
A_NA_N1	85	227	A	0	0	227	40.1321585903084
A_NA_N1	86	227	T	0	0	226	40.1150442477876
A_NA_N1	87	227	A	0	0	226	38.8097345132743
A_NA_N1	88	227	A	0	0	227	38.8149779735683
A_NA_N1	89	227	T	0	0	227	39.295154185022
A_NA_N1	90	227	C	0	0	227	39.7709251101322
A_NA_N1	91	226	T	1	0	226	40.1637168141593
A_NA_N1	92	227	C	0	0	225	40.3644444444444
A_NA_N1	93	227	A	0	0	226	40.7699115044248
A_NA_N1	94	225	A	2	0	225	40.7422222222222
A_NA_N1	95	225	T	2	0	224	41.8080357142857
A_NA_N1	96	227	A	0	0	227	41.2290748898678
A_NA_N1	97	227	T	0	0	227	41.920704845815
A_NA_N1	98	227	G	0	0	227	41.15859030837
A_NA_N1	99	227	G	0	0	227	41.9162995594714
A_NA_N1	100	227	G	0	0	227	41.3436123348018
A_NA_N1	101	227	T	0	0	227	41.8017621145374
A_NA_N1	102	227	T	0	0	227	42.0528634361233
A_NA_N1	103	227	A	0	0	227	41.568281938326
A_NA_N1	104	227	G	0	0	227	42.3480176211454
A_NA_N1	105	227	C	0	0	227	41.7136563876652
A_NA_N1	106	227	C	0	0	227	41.568281938326
A_NA_N1	107	227	A	0	0	227	40.920704845815
A_NA_N1	108	227	C	0	0	227	40.6872246696035
A_NA_N1	109	227	T	0	0	227	40.2070484581498
A_NA_N1	110	227	C	0	0	226	38.3053097345133
A_NA_N1	111	227	A	0	0	227	38.8766519823789
A_NA_N1	112	227	A	0	0	227	38.4581497797357
A_NA_N1	113	226	T	1	0	226	39.5929203539823
A_NA_N1	114	227	T	0	0	226	39.0929203539823
A_NA_N1	115	227	C	0	0	227	39.0660792951542
A_NA_N1	116	226	A	1	0	226	39.8982300884956
A_NA_N1	117	227	A	0	0	227	40.079295154185
A_NA_N1	118	227	A	0	0	227	40.8546255506608
A_NA_N1	119	227	T	0	0	226	40.5265486725664
A_NA_N1	120	227	T	0	0	226	40.5575221238938
A_NA_N1	121	227	G	0	0	227	40.3083700440529
A_NA_N1	122	227	G	0	0	227	40.2378854625551
A_NA_N1	123	227	A	0	0	227	40.8678414096916
A_NA_N1	124	227	A	0	0	227	41.5814977973568
A_NA_N1	125	227	A	0	0	227	41.1321585903084
A_NA_N1	126	227	T	0	0	227	41.6079295154185
A_NA_N1	127	227	C	0	0	225	40.4222222222222
A_NA_N1	128	227	A	0	0	227	38.6387665198238
A_NA_N1	129	227	A	0	0	227	38.7621145374449
A_NA_N1	130	227	A	0	0	227	40.0837004405286
A_NA_N1	131	227	G	0	0	227	38.9735682819383
A_NA_N1	132	227	C	0	0	227	38.8502202643172
A_NA_N1	133	226	C	0	0	226	38.3451327433628
A_NA_N1	134	226	A	0	0	226	38.7743362831858
A_NA_N1	135	225	G	1	0	225	38.5466666666667
A_NA_N1	136	226	A	0	0	226	38.7920353982301
A_NA_N1	137	226	T	0	0	225	39.3155555555556
A_NA_N1	138	226	T	0	0	226	40.1238938053097
A_NA_N1	139	226	G	0	0	225	39.5866666666667
A_NA_N1	140	226	A	0	0	225	40.1866666666667
A_NA_N1	141	226	A	0	0	226	40.7477876106195
A_NA_N1	142	226	A	0	0	225	39.7911111111111
A_NA_N1	143	226	C	0	0	225	39.1155555555556
A_NA_N1	144	226	A	0	0	226	38.7787610619469
A_NA_N1	145	226	T	0	0	226	39.4159292035398
A_NA_N1	146	226	G	0	0	226	38.8008849557522
A_NA_N1	147	226	C	0	0	225	39.0177777777778
A_NA_N1	148	226	A	0	0	226	38.2035398230088
A_NA_N1	149	226	A	0	0	226	38.2787610619469
A_NA_N1	150	226	T	0	0	226	38.0796460176991
A_NA_N1	151	226	A	0	0	224	37.3571428571429
A_NA_N1	152	226	A	0	0	226	38.2610619469027
A_NA_N1	153	226	A	0	0	226	39.4778761061947
A_NA_N1	154	226	A	0	0	226	39.1371681415929
A_NA_N1	155	226	G	0	0	226	39.216814159292
A_NA_N1	156	226	C	0	0	224	39.0133928571429
A_NA_N1	157	226	G	0	0	224	38.7008928571429
A_NA_N1	158	225	T	1	0	224	38.5223214285714
A_NA_N1	159	225	C	1	0	222	38.4459459459459
A_NA_N1	160	226	A	0	0	225	39.4222222222222
A_NA_N1	161	225	T	1	0	223	40.6726457399103
A_NA_N1	162	225	T	1	0	223	41.3004484304933
A_NA_N1	163	224	A	2	0	224	40.2455357142857
A_NA_N1	164	225	C	1	0	223	40.5829596412556
A_NA_N1	165	226	T	0	0	224	40.6607142857143
A_NA_N1	166	226	T	0	0	225	40.5955555555556
A_NA_N1	167	226	A	0	0	225	39.3022222222222
A_NA_N1	168	226	T	0	0	225	39.96
A_NA_N1	169	226	G	0	0	226	39.146017699115
A_NA_N1	170	226	A	1	0	225	39.1244444444444
A_NA_N1	171	227	A	0	0	227	39.3656387665198
A_NA_N1	172	227	A	0	0	227	40.6035242290749
A_NA_N1	173	227	A	0	0	226	41.5221238938053
A_NA_N1	174	226	C	1	0	225	41.3511111111111
A_NA_N1	175	227	A	0	0	225	40.8577777777778
A_NA_N1	176	227	A	0	0	226	40.8008849557522
A_NA_N1	177	227	C	0	0	227	40.5859030837004
A_NA_N1	178	227	A	0	0	227	39.6696035242291
A_NA_N1	179	227	C	0	0	226	39.5796460176991
A_NA_N1	180	226	T	1	0	223	40.0582959641256
A_NA_N1	181	227	T	0	0	225	40.2177777777778
A_NA_N1	182	227	G	0	0	226	39.4734513274336
A_NA_N1	183	226	G	1	0	226	40.1592920353982
A_NA_N1	184	226	G	1	0	226	40.6946902654867
A_NA_N1	185	226	T	1	0	226	41.0929203539823
A_NA_N1	186	226	A	1	0	226	40.853982300885
A_NA_N1	187	227	A	0	0	227	40.9074889867841
A_NA_N1	188	227	A	0	0	226	40.2035398230088
A_NA_N1	189	227	T	0	0	226	39.9513274336283
A_NA_N1	190	227	C	0	0	225	38.8177777777778
A_NA_N1	191	227	A	0	0	227	37.5947136563877
A_NA_N1	192	227	G	0	0	227	37.3436123348018
A_NA_N1	193	227	A	0	0	226	37.5840707964602
A_NA_N1	194	227	C	0	0	225	37.56
A_NA_N1	195	227	A	0	0	225	38.1111111111111
A_NA_N1	196	226	T	1	0	226	39.1371681415929
A_NA_N1	197	227	T	0	0	227	40.2511013215859
A_NA_N1	198	227	T	0	0	227	41.3127753303965
A_NA_N1	199	227	G	0	0	226	41.8097345132743
A_NA_N1	200	227	T	0	0	225	42.2711111111111
A_NA_N1	201	227	T	0	0	227	41.7400881057269
A_NA_N1	202	226	A	1	0	224	40.9419642857143
A_NA_N1	203	228	A	0	0	228	40.4254385964912
A_NA_N1	204	228	C	0	0	228	40.6447368421053
A_NA_N1	205	228	A	0	0	228	40.4385964912281
A_NA_N1	206	227	T	0	0	227	41.1057268722467
A_NA_N1	207	227	C	0	0	227	40.2334801762115
A_NA_N1	208	227	A	0	0	227	41.1057268722467
A_NA_N1	209	227	G	0	0	227	41.1013215859031
A_NA_N1	210	226	C	1	0	226	41.141592920354
A_NA_N1	211	225	A	2	0	225	41.3244444444444
A_NA_N1	212	226	A	1	0	226	41.0884955752212
A_NA_N1	213	227	C	0	0	227	40.9647577092511
A_NA_N1	214	227	A	0	0	227	40.352422907489
A_NA_N1	215	227	C	0	0	227	39.7885462555066
A_NA_N1	216	227	T	0	0	227	39.7577092511013
A_NA_N1	217	227	A	0	0	227	38.431718061674
A_NA_N1	218	227	A	0	0	226	39.6902654867257
A_NA_N1	219	227	C	0	0	227	40.2290748898678
A_NA_N1	220	227	T	0	0	227	40.4977973568282
A_NA_N1	221	227	C	0	0	227	40.8766519823789
A_NA_N1	222	227	T	0	0	227	40.9471365638767
A_NA_N1	223	227	G	0	0	227	40.2334801762115
A_NA_N1	224	227	C	0	0	227	40.6784140969163
A_NA_N1	225	227	T	0	0	227	40.4581497797357
A_NA_N1	226	227	G	0	0	227	39.9779735682819
A_NA_N1	227	227	C	0	0	227	39.9559471365639
A_NA_N1	228	227	T	0	0	227	39.5947136563877
A_NA_N1	229	226	A	1	0	226	37.8318584070796
A_NA_N1	230	226	G	1	0	223	38.762331838565
A_NA_N1	231	227	A	0	0	227	37.9074889867841
A_NA_N1	232	226	C	1	0	226	38.1150442477876
A_NA_N1	233	225	A	2	0	225	38.3555555555556
A_NA_N1	234	225	G	2	0	225	38.1333333333333
A_NA_N1	235	225	T	2	0	225	38.0444444444444
A_NA_N1	236	227	C	0	0	226	36.9867256637168
A_NA_N1	237	227	A	0	0	227	37.1938325991189
A_NA_N1	238	227	G	0	0	227	37.920704845815
A_NA_N1	239	227	T	0	0	224	37.5982142857143
A_NA_N1	240	227	G	0	0	226	37.7300884955752
A_NA_N1	241	227	G	0	0	226	38.4601769911504
A_NA_N1	242	227	C	0	0	227	38.0616740088106
A_NA_N1	243	227	T	0	0	227	37.4625550660793
A_NA_N1	244	227	T	0	0	226	36.8672566371681
A_NA_N1	245	226	C	0	0	224	36.3125
A_NA_N1	246	225	C	1	0	222	35.6891891891892
A_NA_N1	247	225	G	1	0	225	33.6977777777778
A_NA_N1	248	225	T	1	0	224	34.9642857142857
A_NA_N1	249	225	G	1	0	224	37.0223214285714
A_NA_N1	250	223	A	3	0	223	38.4035874439462
A_NA_N1	251	225	A	1	0	223	38.6636771300448
A_NA_N1	252	226	A	0	0	226	38.9734513274336
A_NA_N1	253	226	T	0	0	225	39.7688888888889
A_NA_N1	254	226	T	0	0	223	39.6905829596413
A_NA_N1	255	226	A	0	0	221	37.0316742081448
A_NA_N1	256	225	G	1	0	223	36.9192825112108
A_NA_N1	257	222	C	4	0	219	35.8264840182648
A_NA_N1	258	224	G	2	0	221	34.2262443438914
A_NA_N1	259	226	G	0	0	225	32.2711111111111
A_NA_N1	260	226	G	0	0	225	34.5733333333333
A_NA_N1	261	226	C	0	0	222	36.0675675675676
A_NA_N1	262	225	A	1	0	224	37.9776785714286
A_NA_N1	263	226	A	0	0	226	39.9469026548673
A_NA_N1	264	226	T	0	0	224	39.9330357142857
A_NA_N1	265	226	T	0	0	226	39.9026548672566
A_NA_N1	266	225	C	1	0	225	40.0222222222222
A_NA_N1	267	195	C	31	0	195	40.7487179487179
A_NA_N1	268	193	T	33	0	193	39.9637305699482
A_NA_N1	269	222	C	4	0	221	38.3076923076923
A_NA_N1	270	222	T	4	0	222	38.6486486486486
A_NA_N1	271	222	C	4	0	222	38.1576576576577
A_NA_N1	272	222	T	4	0	222	37.9054054054054
A_NA_N1	273	223	C	3	0	223	39.1973094170404
A_NA_N1	274	223	T	3	0	222	41.481981981982
A_NA_N1	275	225	G	1	0	224	40.7589285714286
A_NA_N1	276	225	C	1	0	225	41.5777777777778
A_NA_N1	277	226	C	0	0	226	41.646017699115
A_NA_N1	278	226	C	0	0	226	41.9247787610619
A_NA_N1	279	225	T	1	0	225	40.4444444444444
A_NA_N1	280	226	G	0	0	226	40.6504424778761
A_NA_N1	281	226	T	0	0	226	41.4115044247788
A_NA_N1	282	226	T	0	0	226	41.4070796460177
A_NA_N1	283	226	A	0	0	226	39.6725663716814
A_NA_N1	284	226	G	0	0	225	39.5111111111111
A_NA_N1	285	226	T	0	0	226	39.3141592920354
A_NA_N1	286	226	G	0	0	226	39.8451327433628
A_NA_N1	287	226	G	0	0	226	40.9380530973451
A_NA_N1	288	226	A	0	0	226	41.6991150442478
A_NA_N1	289	226	T	0	0	226	41.9424778761062
A_NA_N1	290	226	G	0	0	226	40.287610619469
A_NA_N1	291	225	G	1	0	224	41.2723214285714
A_NA_N1	292	225	G	1	0	225	41.0577777777778
A_NA_N1	293	225	T	1	0	225	41.2222222222222
A_NA_N1	294	225	T	1	0	224	41.6785714285714
A_NA_N1	295	226	A	0	0	226	41.6327433628319
A_NA_N1	296	225	T	1	0	225	42.3955555555556
A_NA_N1	297	226	A	0	0	224	41.625
A_NA_N1	298	226	T	0	0	225	42.2488888888889
A_NA_N1	299	226	A	0	0	225	40.7422222222222
A_NA_N1	300	226	C	0	0	224	41.5803571428571
A_NA_N1	301	226	A	0	0	225	40.0844444444444
A_NA_N1	302	226	G	0	0	226	39.4026548672566
A_NA_N1	303	226	T	0	0	226	39.283185840708
A_NA_N1	304	226	A	0	0	224	38.6517857142857
A_NA_N1	305	226	A	0	0	226	39.4424778761062
A_NA_N1	306	226	A	0	0	226	39.8274336283186
A_NA_N1	307	226	G	0	0	226	39.3938053097345
A_NA_N1	308	226	A	0	0	226	39.7522123893805
A_NA_N1	309	226	C	0	0	226	40.0530973451327
A_NA_N1	310	226	A	0	0	224	39.3839285714286
A_NA_N1	311	226	A	0	0	225	38.9688888888889
A_NA_N1	312	226	C	0	0	226	38.929203539823
A_NA_N1	313	225	A	1	0	225	38.6755555555556
A_NA_N1	314	225	G	1	0	225	39.0888888888889
A_NA_N1	315	225	T	1	0	225	40.0977777777778
A_NA_N1	316	225	G	1	0	225	39.4711111111111
A_NA_N1	317	225	T	1	0	225	39.5333333333333
A_NA_N1	318	225	A	1	0	225	38.3377777777778
A_NA_N1	319	225	A	1	0	224	36.2544642857143
A_NA_N1	320	225	G	1	0	222	36.8783783783784
A_NA_N1	321	226	A	0	0	226	39.1327433628319
A_NA_N1	322	226	A	0	0	226	39.7256637168142
A_NA_N1	323	226	T	0	0	225	39.4088888888889
A_NA_N1	324	226	C	0	0	222	38.027027027027
A_NA_N1	325	226	G	0	0	226	35.1725663716814
A_NA_N1	326	226	G	0	0	224	34.9955357142857
A_NA_N1	327	226	T	0	0	225	35.5244444444444
A_NA_N1	328	225	T	1	0	225	36.5822222222222
A_NA_N1	329	225	C	1	0	224	37.2410714285714
A_NA_N1	330	224	C	2	0	223	39.3318385650224
A_NA_N1	331	225	A	1	0	224	38.1830357142857
A_NA_N1	332	224	A	2	0	223	37.9192825112108
A_NA_N1	333	222	G	4	0	220	37.4272727272727
A_NA_N1	334	225	G	1	0	225	37.1688888888889
A_NA_N1	335	225	G	1	0	225	38.3955555555556
A_NA_N1	336	225	G	1	0	225	38.8266666666667
A_NA_N1	337	225	G	1	0	224	39.0535714285714
A_NA_N1	338	225	A	1	0	224	38.6026785714286
A_NA_N1	339	225	T	1	0	225	38.24
A_NA_N1	340	225	G	1	0	225	37.4622222222222
A_NA_N1	341	225	T	1	0	225	39.6888888888889
A_NA_N1	342	225	G	1	0	225	39.7022222222222
A_NA_N1	343	225	T	1	0	225	39.5422222222222
A_NA_N1	344	225	T	1	0	224	39.9196428571429
A_NA_N1	345	225	T	1	0	225	39.76
A_NA_N1	346	225	G	1	0	225	38.7466666666667
A_NA_N1	347	224	T	2	0	224	39.1116071428571
A_NA_N1	348	224	C	2	0	224	38.4285714285714
A_NA_N1	349	225	A	1	0	224	38.0044642857143
A_NA_N1	350	225	T	1	0	225	38.2888888888889
A_NA_N1	351	225	A	1	0	225	37.5688888888889
A_NA_N1	352	225	A	1	0	224	37.84375
A_NA_N1	353	223	G	2	0	222	38.0990990990991
A_NA_N1	354	224	G	1	0	221	39.710407239819
A_NA_N1	355	224	G	1	0	220	39.5772727272727
A_NA_N1	356	224	A	1	0	223	38.7892376681614
A_NA_N1	357	224	A	1	0	223	39.4663677130045
A_NA_N1	358	223	C	2	0	222	38.6351351351351
A_NA_N1	359	223	C	2	0	223	38.0762331838565
A_NA_N1	360	223	A	2	0	222	37.8468468468468
A_NA_N1	361	223	T	2	0	223	38.2107623318386
A_NA_N1	362	223	T	2	0	221	38.3122171945701
A_NA_N1	363	224	C	1	0	222	37.9144144144144
A_NA_N1	364	224	A	1	0	224	38.1116071428571
A_NA_N1	365	224	T	1	0	223	39.1928251121076
A_NA_N1	366	224	A	1	0	224	39.0803571428571
A_NA_N1	367	224	T	1	0	223	40.0717488789238
A_NA_N1	368	224	C	2	0	223	39.9910313901345
A_NA_N1	369	225	A	1	0	225	39.3066666666667
A_NA_N1	370	225	T	1	0	225	39.1955555555556
A_NA_N1	371	225	G	1	0	224	39.0714285714286
A_NA_N1	372	225	C	1	0	225	39.12
A_NA_N1	373	225	T	1	0	225	39.9244444444444
A_NA_N1	374	225	C	1	0	224	39.7455357142857
A_NA_N1	375	225	T	1	0	224	38.7455357142857
A_NA_N1	376	223	C	3	0	221	37.8009049773756
A_NA_N1	377	225	C	1	0	224	38.0089285714286
A_NA_N1	378	225	C	1	0	225	37.3333333333333
A_NA_N1	379	225	T	1	0	225	35.1155555555556
A_NA_N1	380	225	T	1	0	225	38.08
A_NA_N1	381	225	G	1	0	224	38.8526785714286
A_NA_N1	382	224	G	2	0	224	38.375
A_NA_N1	383	224	A	2	0	224	39.6830357142857
A_NA_N1	384	224	A	2	0	224	39.8794642857143
A_NA_N1	385	224	T	1	0	223	39.8430493273543
A_NA_N1	386	223	G	1	0	222	39.2027027027027
A_NA_N1	387	223	C	1	0	222	39.036036036036
A_NA_N1	388	223	A	1	0	221	38.3665158371041
A_NA_N1	389	223	G	1	0	221	37.5158371040724
A_NA_N1	390	223	A	1	0	222	37.1756756756757
A_NA_N1	391	223	A	1	0	223	37.6591928251121
A_NA_N1	392	223	C	1	0	223	36.9910313901345
A_NA_N1	393	222	C	2	0	220	37.9636363636364
A_NA_N1	394	222	T	2	0	222	38.0810810810811
A_NA_N1	395	222	T	2	0	221	38.3981900452489
A_NA_N1	396	222	C	2	0	222	37.0315315315315
A_NA_N1	397	221	T	3	0	221	38.7828054298643
A_NA_N1	398	221	T	3	0	220	38.7272727272727
A_NA_N1	399	222	C	2	0	221	37.8733031674208
A_NA_N1	400	222	T	2	0	221	39.3122171945701
A_NA_N1	401	222	T	2	0	222	40.5495495495495
A_NA_N1	402	222	G	2	0	219	40.2191780821918
A_NA_N1	403	223	A	1	0	223	40.0493273542601
A_NA_N1	404	223	C	1	0	223	41.2690582959641
A_NA_N1	405	221	T	3	0	221	41.3031674208145
A_NA_N1	406	224	C	0	0	221	40.5972850678733
A_NA_N1	407	224	A	0	0	223	40.5874439461883
A_NA_N1	408	223	A	1	0	223	39.9955156950673
A_NA_N1	409	223	G	1	0	223	39.6816143497758
A_NA_N1	410	224	G	0	0	224	40.1383928571429
A_NA_N1	411	224	G	0	0	224	41.4910714285714
A_NA_N1	412	224	G	0	0	224	41.25
A_NA_N1	413	224	C	0	0	224	41.2455357142857
A_NA_N1	414	224	T	0	0	224	41.28125
A_NA_N1	415	224	T	0	0	223	42.3139013452915
A_NA_N1	416	224	T	0	0	224	42.4732142857143
A_NA_N1	417	224	G	0	0	222	42.4234234234234
A_NA_N1	418	223	C	1	0	223	42.0403587443946
A_NA_N1	419	222	T	2	0	222	42.8243243243243
A_NA_N1	420	223	A	1	0	222	41.3693693693694
A_NA_N1	421	224	A	0	0	224	42.1160714285714
A_NA_N1	422	224	A	0	0	224	42.15625
A_NA_N1	423	224	T	0	0	223	41.8789237668161
A_NA_N1	424	224	G	0	0	222	41.9234234234234
A_NA_N1	425	224	A	0	0	223	41.6233183856502
A_NA_N1	426	224	C	0	0	224	40.03125
A_NA_N1	427	224	A	0	0	224	38.9508928571429
A_NA_N1	428	224	A	0	0	223	38.7264573991031
A_NA_N1	429	224	A	0	0	224	39.7366071428571
A_NA_N1	430	224	C	0	0	221	41.5565610859729
A_NA_N1	431	224	A	0	0	223	41.372197309417
A_NA_N1	432	224	T	0	0	224	41.7991071428571
A_NA_N1	433	223	T	1	0	223	41.1704035874439
A_NA_N1	434	223	C	1	0	223	38.3318385650224
A_NA_N1	435	223	C	1	0	223	38.3363228699552
A_NA_N1	436	224	A	0	0	222	37.5810810810811
A_NA_N1	437	224	A	0	0	224	36.9151785714286
A_NA_N1	438	224	T	0	0	223	38.0134529147982
A_NA_N1	439	223	G	1	0	222	39.3828828828829
A_NA_N1	440	224	G	0	0	224	39.5089285714286
A_NA_N1	441	224	A	0	0	224	39.6026785714286
A_NA_N1	442	224	A	0	0	224	40.2098214285714
A_NA_N1	443	224	C	0	0	223	40.7713004484305
A_NA_N1	444	224	A	0	0	224	40.3705357142857
A_NA_N1	445	224	A	0	0	224	40.4508928571429
A_NA_N1	446	224	T	0	0	224	40.9732142857143
A_NA_N1	447	224	T	0	0	222	40.3918918918919
A_NA_N1	448	222	A	2	0	220	39.4090909090909
A_NA_N1	449	224	A	0	0	224	39.8883928571429
A_NA_N1	450	224	A	0	0	220	39.9318181818182
A_NA_N1	451	224	G	0	0	220	39.4818181818182
A_NA_N1	452	224	A	0	0	223	38.9910313901345
A_NA_N1	453	223	C	1	0	222	38.5585585585586
A_NA_N1	454	224	A	0	0	223	37.3811659192825
A_NA_N1	455	224	G	0	0	220	37.5681818181818
A_NA_N1	456	224	A	0	0	220	37.0909090909091
A_NA_N1	457	224	A	0	0	224	38.0803571428571
A_NA_N1	458	224	G	0	0	223	39.0448430493274
A_NA_N1	459	224	C	0	0	223	38.8609865470852
A_NA_N1	460	224	C	0	0	224	39.21875
A_NA_N1	461	224	C	0	0	223	39.5336322869955
A_NA_N1	462	224	A	0	0	224	39.25
A_NA_N1	463	224	T	0	0	222	39.6486486486486
A_NA_N1	464	224	A	0	0	224	39.6785714285714
A_NA_N1	465	224	T	0	0	224	39.7276785714286
A_NA_N1	466	224	C	0	0	221	37.2579185520362
A_NA_N1	467	224	G	0	0	222	36.0540540540541
A_NA_N1	468	224	A	0	0	224	36.2633928571429
A_NA_N1	469	224	A	0	0	224	36.0982142857143
A_NA_N1	470	223	C	1	0	222	35.5585585585586
A_NA_N1	471	224	C	0	0	223	37.1076233183856
A_NA_N1	472	223	C	1	0	222	39.1981981981982
A_NA_N1	473	223	T	1	0	222	39.2432432432432
A_NA_N1	474	223	A	1	0	223	39.1165919282511
A_NA_N1	475	224	A	0	0	224	39.9151785714286
A_NA_N1	476	224	T	0	0	224	39.3169642857143
A_NA_N1	477	224	G	0	0	223	38.7847533632287
A_NA_N1	478	224	A	0	0	224	38.1294642857143
A_NA_N1	479	224	G	0	0	224	37.5848214285714
A_NA_N1	480	224	C	0	0	224	37.75
A_NA_N1	481	223	T	1	0	223	37.8295964125561
A_NA_N1	482	223	G	1	0	222	37.7477477477477
A_NA_N1	483	225	T	0	0	225	37.28
A_NA_N1	484	225	C	0	0	224	37.7098214285714
A_NA_N1	485	225	C	0	0	225	38.1466666666667
A_NA_N1	486	225	T	0	0	224	38.25
A_NA_N1	487	224	A	1	0	224	38.0089285714286
A_NA_N1	488	225	T	0	0	224	38.3080357142857
A_NA_N1	489	225	T	0	0	224	38.1830357142857
A_NA_N1	490	221	G	4	0	220	38.0727272727273
A_NA_N1	491	225	G	0	0	225	37.6266666666667
A_NA_N1	492	225	T	0	0	225	38.0666666666667
A_NA_N1	493	224	G	1	0	224	39.7991071428571
A_NA_N1	494	222	A	3	0	222	39.4189189189189
A_NA_N1	495	224	A	1	0	222	40.0810810810811
A_NA_N1	496	225	G	0	0	224	40.3705357142857
A_NA_N1	497	225	T	0	0	225	40.9333333333333
A_NA_N1	498	225	T	0	0	224	41.1294642857143
A_NA_N1	499	225	C	0	0	224	40.2142857142857
A_NA_N1	500	225	C	0	0	225	39.9333333333333
A_NA_N1	501	224	C	1	0	223	38.8565022421525
A_NA_N1	502	224	T	1	0	220	36.7318181818182
A_NA_N1	503	225	C	0	0	222	36.8873873873874
A_NA_N1	504	225	T	0	0	225	37.4666666666667
A_NA_N1	505	225	C	0	0	224	36.9776785714286
A_NA_N1	506	225	C	0	0	224	39.4196428571429
A_NA_N1	507	224	A	1	0	224	40.2366071428571
A_NA_N1	508	224	T	1	0	223	41.237668161435
A_NA_N1	509	224	A	1	0	224	41.5625
A_NA_N1	510	223	C	2	0	223	41.1748878923767
A_NA_N1	511	225	A	0	0	224	41
A_NA_N1	512	225	A	0	0	225	40.4888888888889
A_NA_N1	513	225	C	0	0	225	40.6044444444444
A_NA_N1	514	225	T	0	0	225	41.3333333333333
A_NA_N1	515	224	C	1	0	223	40.1614349775785
A_NA_N1	516	225	A	0	0	225	40.2711111111111
A_NA_N1	517	225	A	0	0	225	38.4222222222222
A_NA_N1	518	225	G	0	0	224	38.4553571428571
A_NA_N1	519	225	A	0	0	225	37.9022222222222
A_NA_N1	520	225	T	0	0	225	38.2444444444444
A_NA_N1	521	225	T	0	0	225	39.0755555555556
A_NA_N1	522	225	T	0	0	225	39.7422222222222
A_NA_N1	523	225	G	0	0	225	39.7377777777778
A_NA_N1	524	225	A	0	0	224	39.8705357142857
A_NA_N1	525	225	G	0	0	224	39.7589285714286
A_NA_N1	526	225	T	0	0	223	39.5784753363229
A_NA_N1	527	225	C	0	0	221	39.3438914027149
A_NA_N1	528	225	A	0	0	224	39.2991071428571
A_NA_N1	529	225	G	0	0	223	38.6008968609865
A_NA_N1	530	225	T	0	0	225	38.8177777777778
A_NA_N1	531	225	C	0	0	216	37.9444444444444
A_NA_N1	532	225	G	0	0	223	36.9551569506726
A_NA_N1	533	225	C	0	0	225	36.8044444444444
A_NA_N1	534	225	T	0	0	225	36.6
A_NA_N1	535	225	T	0	0	225	36.8311111111111
A_NA_N1	536	224	G	1	0	224	36.6919642857143
A_NA_N1	537	224	G	1	0	224	38.7008928571429
A_NA_N1	538	225	T	0	0	225	40.1733333333333
A_NA_N1	539	225	C	0	0	224	39.6339285714286
A_NA_N1	540	225	A	0	0	225	40.3555555555556
A_NA_N1	541	225	G	0	0	224	40.4151785714286
A_NA_N1	542	225	C	0	0	225	39.8222222222222
A_NA_N1	543	225	A	0	0	225	39.2488888888889
A_NA_N1	544	224	A	1	0	222	39.7522522522523
A_NA_N1	545	225	G	1	0	224	39.6116071428571
A_NA_N1	546	224	T	2	0	224	40.1205357142857
A_NA_N1	547	225	G	1	0	225	40.2044444444444
A_NA_N1	548	225	C	1	0	225	39.7511111111111
A_NA_N1	549	225	T	1	0	225	40.0622222222222
A_NA_N1	550	226	T	0	0	226	40.2079646017699
A_NA_N1	551	226	G	0	0	225	40.5288888888889
A_NA_N1	552	226	T	0	0	226	41.1327433628319
A_NA_N1	553	226	C	0	0	226	40.9336283185841
A_NA_N1	554	226	A	0	0	226	40.9336283185841
A_NA_N1	555	226	T	0	0	226	40.9380530973451
A_NA_N1	556	226	G	0	0	225	41.2888888888889
A_NA_N1	557	226	A	0	0	226	41.6725663716814
A_NA_N1	558	226	T	0	0	225	40.8533333333333
A_NA_N1	559	226	G	0	0	225	41.3155555555556
A_NA_N1	560	225	G	1	0	225	41.5066666666667
A_NA_N1	561	225	C	1	0	225	41.2933333333333
A_NA_N1	562	225	A	1	0	224	41.9419642857143
A_NA_N1	563	224	C	1	0	224	42.2410714285714
A_NA_N1	564	224	C	1	0	224	42.28125
A_NA_N1	565	225	A	0	0	225	41.4266666666667
A_NA_N1	566	225	A	0	0	225	41.5111111111111
A_NA_N1	567	225	T	0	0	225	41.9644444444444
A_NA_N1	568	225	T	0	0	225	42.0711111111111
A_NA_N1	569	225	G	0	0	225	42.0355555555556
A_NA_N1	570	224	G	0	0	224	42.34375
A_NA_N1	571	223	C	1	0	223	41.457399103139
A_NA_N1	572	224	T	0	0	223	40.4932735426009
A_NA_N1	573	224	A	0	0	223	39.7174887892377
A_NA_N1	574	224	A	0	0	222	40.1126126126126
A_NA_N1	575	224	C	0	0	223	39.9686098654709
A_NA_N1	576	224	A	0	0	224	39.4910714285714
A_NA_N1	577	224	A	0	0	224	39.4732142857143
A_NA_N1	578	224	T	0	0	224	39.8705357142857
A_NA_N1	579	224	T	0	0	224	39.0089285714286
A_NA_N1	580	224	G	0	0	222	38.0945945945946
A_NA_N1	581	224	G	0	0	223	38.1121076233184
A_NA_N1	582	224	A	0	0	223	38.4035874439462
A_NA_N1	583	224	A	0	0	224	38.78125
A_NA_N1	584	222	T	2	0	222	39.9414414414414
A_NA_N1	585	224	T	0	0	224	40.0401785714286
A_NA_N1	586	223	T	1	0	222	41.4504504504505
A_NA_N1	587	223	C	1	0	221	39.9004524886878
A_NA_N1	588	223	T	1	0	222	39.2027027027027
A_NA_N1	589	224	G	0	0	223	37.4439461883408
A_NA_N1	590	224	G	0	0	223	36.8161434977578
A_NA_N1	591	224	C	0	0	223	36.9192825112108
A_NA_N1	592	224	C	0	0	223	37.9103139013453
A_NA_N1	593	224	C	0	0	224	39.15625
A_NA_N1	594	224	A	0	0	223	38.4932735426009
A_NA_N1	595	223	G	1	0	222	39.3063063063063
A_NA_N1	596	224	A	0	0	224	39.3660714285714
A_NA_N1	597	224	C	0	0	224	39.9017857142857
A_NA_N1	598	224	A	0	0	224	38.6026785714286
A_NA_N1	599	224	A	0	0	224	39.4866071428571
A_NA_N1	600	224	T	0	0	224	40.5848214285714
A_NA_N1	601	222	G	2	0	221	40.4932126696833
A_NA_N1	602	224	G	0	0	224	41.1607142857143
A_NA_N1	603	224	G	0	0	224	41.7544642857143
A_NA_N1	604	224	G	0	0	224	41.3258928571429
A_NA_N1	605	224	C	0	0	223	41.5022421524664
A_NA_N1	606	224	A	0	0	224	40.7232142857143
A_NA_N1	607	224	G	0	0	224	41.03125
A_NA_N1	608	224	T	0	0	223	40.5919282511211
A_NA_N1	609	225	G	0	0	225	40.3688888888889
A_NA_N1	610	225	G	0	0	224	41.0133928571429
A_NA_N1	611	225	C	0	0	225	41.4355555555556
A_NA_N1	612	225	T	0	0	225	41.4355555555556
A_NA_N1	613	224	G	0	0	223	42.085201793722
A_NA_N1	614	224	T	0	0	223	42.0896860986547
A_NA_N1	615	224	G	0	0	224	41.1205357142857
A_NA_N1	616	224	T	0	0	224	41.1160714285714
A_NA_N1	617	224	T	0	0	224	40.6785714285714
A_NA_N1	618	223	A	1	0	223	40.1973094170404
A_NA_N1	619	224	A	0	0	224	40.1160714285714
A_NA_N1	620	224	A	0	0	224	41.0803571428571
A_NA_N1	621	224	A	0	0	224	42.0982142857143
A_NA_N1	622	224	T	0	0	224	43.1517857142857
A_NA_N1	623	223	A	0	0	222	43.1711711711712
A_NA_N1	624	223	C	0	0	223	42.7040358744395
A_NA_N1	625	222	A	1	0	222	42.3963963963964
A_NA_N1	626	223	A	0	0	223	42.0493273542601
A_NA_N1	627	223	T	0	0	223	42.0044843049327
A_NA_N1	628	223	G	0	0	223	41.5874439461883
A_NA_N1	629	223	G	0	0	223	41.9282511210762
A_NA_N1	630	223	C	0	0	222	43
A_NA_N1	631	223	A	0	0	223	42.0538116591928
A_NA_N1	632	223	T	0	0	222	41.9864864864865
A_NA_N1	633	223	A	0	0	223	41.8026905829596
A_NA_N1	634	223	A	0	0	221	42.5565610859729
A_NA_N1	635	223	T	0	0	222	41.6036036036036
A_NA_N1	636	222	A	1	0	220	41.7090909090909
A_NA_N1	637	222	A	1	0	222	41.7612612612613
A_NA_N1	638	222	C	1	0	222	41.1801801801802
A_NA_N1	639	222	A	1	0	222	41.1171171171171
A_NA_N1	640	222	G	1	0	222	40.5765765765766
A_NA_N1	641	223	A	0	0	223	40.5964125560538
A_NA_N1	642	223	C	0	0	223	41.1479820627803
A_NA_N1	643	223	A	0	0	223	40.4932735426009
A_NA_N1	644	223	C	0	0	223	40.7130044843049
A_NA_N1	645	223	T	0	0	223	40.4170403587444
A_NA_N1	646	223	A	0	0	223	40.7219730941704
A_NA_N1	647	223	T	0	0	223	40.6547085201794
A_NA_N1	648	222	C	1	0	221	38.7556561085973
A_NA_N1	649	222	A	1	0	221	39
A_NA_N1	650	223	A	0	0	222	38.5540540540541
A_NA_N1	651	222	G	1	0	220	39.1590909090909
A_NA_N1	652	222	A	1	0	221	38.6470588235294
A_NA_N1	653	222	G	1	0	222	39.1036036036036
A_NA_N1	654	222	T	1	0	221	40.2352941176471
A_NA_N1	655	222	T	1	0	222	40.0495495495495
A_NA_N1	656	222	G	1	0	221	38.3619909502262
A_NA_N1	657	222	G	1	0	222	38.2387387387387
A_NA_N1	658	222	A	1	0	221	38.3076923076923
A_NA_N1	659	223	G	0	0	223	38.9372197309417
A_NA_N1	660	222	G	1	0	221	38.5113122171946
A_NA_N1	661	222	A	1	0	222	38.8333333333333
A_NA_N1	662	223	A	0	0	223	39.0179372197309
A_NA_N1	663	223	C	0	0	222	39.518018018018
A_NA_N1	664	222	A	1	0	221	39.8914027149321
A_NA_N1	665	222	A	1	0	221	40.1085972850679
A_NA_N1	666	222	G	1	0	220	40.4045454545455
A_NA_N1	667	223	A	0	0	222	39.7477477477477
A_NA_N1	668	222	T	1	0	221	39.3122171945701
A_NA_N1	669	222	A	1	0	220	38.8090909090909
A_NA_N1	670	223	T	0	0	223	37.9506726457399
A_NA_N1	671	223	T	0	0	223	38.3991031390135
A_NA_N1	672	222	G	1	0	222	37.472972972973
A_NA_N1	673	223	A	0	0	223	38.5919282511211
A_NA_N1	674	223	G	0	0	222	38.7657657657658
A_NA_N1	675	222	A	1	0	221	40.7285067873303
A_NA_N1	676	223	A	0	0	223	41
A_NA_N1	677	223	C	0	0	222	40.6576576576577
A_NA_N1	678	223	A	0	0	223	40.7264573991031
A_NA_N1	679	223	C	0	0	222	41.6801801801802
A_NA_N1	680	223	A	0	0	223	41.4439461883408
A_NA_N1	681	223	A	0	0	223	41.4304932735426
A_NA_N1	682	223	G	0	0	222	41.0630630630631
A_NA_N1	683	223	A	0	0	223	40.9282511210762
A_NA_N1	684	223	G	0	0	222	41.0720720720721
A_NA_N1	685	223	T	0	0	222	42.045045045045
A_NA_N1	686	222	C	1	0	221	42
A_NA_N1	687	223	T	0	0	222	42.4684684684685
A_NA_N1	688	223	G	0	0	220	42.4
A_NA_N1	689	223	A	0	0	222	42.6216216216216
A_NA_N1	690	223	A	0	0	223	43.3542600896861
A_NA_N1	691	223	T	0	0	223	43.2286995515695
A_NA_N1	692	223	G	0	0	223	43.0134529147982
A_NA_N1	693	223	T	0	0	223	43.4125560538117
A_NA_N1	694	223	G	0	0	223	42.8161434977578
A_NA_N1	695	222	C	1	0	222	42.3783783783784
A_NA_N1	696	223	A	0	0	223	41.847533632287
A_NA_N1	697	223	T	0	0	222	41.6261261261261
A_NA_N1	698	223	G	0	0	223	41.780269058296
A_NA_N1	699	223	T	0	0	223	42.1973094170404
A_NA_N1	700	223	G	0	0	223	42.6547085201794
A_NA_N1	701	224	T	0	0	224	41.8526785714286
A_NA_N1	702	224	A	0	0	223	41.0582959641256
A_NA_N1	703	224	A	0	0	224	41.6964285714286
A_NA_N1	704	224	A	0	0	224	41.4508928571429
A_NA_N1	705	224	T	0	0	223	41.609865470852
A_NA_N1	706	224	G	0	0	224	41.5848214285714
A_NA_N1	707	224	G	0	0	222	42.4864864864865
A_NA_N1	708	224	T	0	0	223	41.5201793721973
A_NA_N1	709	223	T	1	0	221	41.2805429864253
A_NA_N1	710	222	C	2	0	219	40.662100456621
A_NA_N1	711	223	T	1	0	223	40.5067264573991
A_NA_N1	712	223	T	1	0	223	40.1434977578475
A_NA_N1	713	223	G	1	0	223	40.0627802690583
A_NA_N1	714	224	C	0	0	223	39.8071748878924
A_NA_N1	715	223	T	1	0	223	40.6816143497758
A_NA_N1	716	224	T	0	0	223	40.6816143497758
A_NA_N1	717	224	T	0	0	224	39.5580357142857
A_NA_N1	718	224	A	0	0	224	38.7946428571429
A_NA_N1	719	224	C	0	0	224	39.25
A_NA_N1	720	224	C	0	0	224	39.1205357142857
A_NA_N1	721	224	A	0	0	224	39.4508928571429
A_NA_N1	722	224	T	0	0	223	39.3766816143498
A_NA_N1	723	224	A	0	0	223	40.0582959641256
A_NA_N1	724	224	A	0	0	223	40.8206278026906
A_NA_N1	725	224	T	0	0	224	41.2008928571429
A_NA_N1	726	224	G	0	0	223	40.0986547085202
A_NA_N1	727	224	A	0	0	223	40.4529147982063
A_NA_N1	728	224	C	0	0	224	41.3928571428571
A_NA_N1	729	224	C	0	0	224	40.0892857142857
A_NA_N1	730	223	G	1	0	220	39.6863636363636
A_NA_N1	731	223	A	1	0	223	39.7085201793722
A_NA_N1	732	224	T	0	0	224	39.4151785714286
A_NA_N1	733	223	G	1	0	222	37.8513513513514
A_NA_N1	734	224	G	0	0	222	39.527027027027
A_NA_N1	735	224	A	0	0	223	41.4170403587444
A_NA_N1	736	223	C	1	0	222	41.6576576576577
A_NA_N1	737	224	C	0	0	223	40.6591928251121
A_NA_N1	738	224	A	0	0	224	40.2589285714286
A_NA_N1	739	224	A	0	0	223	40.3363228699552
A_NA_N1	740	224	G	0	0	223	40.1121076233184
A_NA_N1	741	224	T	0	0	224	40.0178571428571
A_NA_N1	742	224	G	0	0	224	40.59375
A_NA_N1	743	224	A	0	0	224	41.2321428571429
A_NA_N1	744	224	T	0	0	224	41.4955357142857
A_NA_N1	745	223	G	1	0	223	41.3408071748879
A_NA_N1	746	224	G	0	0	224	41.9508928571429
A_NA_N1	747	224	A	0	0	224	41.9330357142857
A_NA_N1	748	224	C	0	0	224	41.65625
A_NA_N1	749	224	A	0	0	224	41.5223214285714
A_NA_N1	750	224	G	0	0	224	41.625
A_NA_N1	751	224	G	0	0	223	40.8834080717489
A_NA_N1	752	224	C	0	0	224	40.0178571428571
A_NA_N1	753	223	C	0	0	223	40.3183856502242
A_NA_N1	754	223	T	0	0	223	41.0269058295964
A_NA_N1	755	223	C	0	0	223	40.3452914798206
A_NA_N1	756	223	A	0	0	223	40.1255605381166
A_NA_N1	757	223	T	0	0	223	39.7443946188341
A_NA_N1	758	223	A	0	0	222	38.8288288288288
A_NA_N1	759	222	C	1	0	222	39.3063063063063
A_NA_N1	760	222	A	1	0	222	38.5765765765766
A_NA_N1	761	223	A	0	0	223	38.677130044843
A_NA_N1	762	223	A	0	0	222	39.3693693693694
A_NA_N1	763	223	A	0	0	223	39.3856502242152
A_NA_N1	764	223	T	0	0	222	40.2972972972973
A_NA_N1	765	223	C	0	0	223	39.0986547085202
A_NA_N1	766	223	T	0	0	223	39.2690582959641
A_NA_N1	767	223	T	0	0	223	37.3497757847534
A_NA_N1	768	222	C	1	0	221	35.4072398190045
A_NA_N1	769	223	A	0	0	223	33.9461883408072
A_NA_N1	770	223	G	0	0	221	35.393665158371
A_NA_N1	771	222	A	1	0	222	36.6981981981982
A_NA_N1	772	223	A	0	0	223	36.3452914798206
A_NA_N1	773	223	T	0	0	222	37.0855855855856
A_NA_N1	774	220	A	3	0	219	36.8630136986301
A_NA_N1	775	218	G	5	0	217	37.4470046082949
A_NA_N1	776	221	A	2	0	221	37.1538461538462
A_NA_N1	777	220	G	3	0	220	38.0227272727273
A_NA_N1	778	220	A	3	0	220	39.4954545454545
A_NA_N1	779	223	A	0	0	223	39.9955156950673
A_NA_N1	780	221	G	2	0	219	40.3013698630137
A_NA_N1	781	223	G	0	0	223	40.2959641255605
A_NA_N1	782	223	G	0	0	223	39.4349775784753
A_NA_N1	783	220	A	3	0	220	39.7863636363636
A_NA_N1	784	223	A	0	0	223	41.3587443946188
A_NA_N1	785	223	A	0	0	223	41.2825112107623
A_NA_N1	786	223	G	0	0	222	39.5630630630631
A_NA_N1	787	223	A	0	0	222	39.2747747747748
A_NA_N1	788	224	T	0	0	224	39.15625
A_NA_N1	789	224	A	0	0	224	37.9553571428571
A_NA_N1	790	224	A	0	0	224	38.0580357142857
A_NA_N1	791	224	C	0	0	224	38.6294642857143
A_NA_N1	792	224	C	0	0	224	38.6830357142857
A_NA_N1	793	224	A	0	0	224	39.5044642857143
A_NA_N1	794	224	A	0	0	224	39.7098214285714
A_NA_N1	795	224	A	0	0	223	40.1345291479821
A_NA_N1	796	224	T	0	0	223	40.0717488789238
A_NA_N1	797	224	C	0	0	224	39.9017857142857
A_NA_N1	798	224	A	0	0	223	39.9192825112108
A_NA_N1	799	224	G	0	0	223	38.7757847533632
A_NA_N1	800	224	T	0	0	222	39.8558558558559
A_NA_N1	801	223	C	1	0	221	37.6696832579185
A_NA_N1	802	224	G	0	0	223	36.4798206278027
A_NA_N1	803	224	A	0	0	223	36.3677130044843
A_NA_N1	804	224	A	0	0	224	36.7455357142857
A_NA_N1	805	224	A	0	0	223	37.5874439461883
A_NA_N1	806	224	T	0	0	223	38.5560538116592
A_NA_N1	807	224	G	0	0	224	39.4330357142857
A_NA_N1	808	224	A	0	0	224	40.9375
A_NA_N1	809	224	A	0	0	223	40.8923766816144
A_NA_N1	810	224	G	0	0	223	40.5739910313901
A_NA_N1	811	224	G	0	0	224	40.7455357142857
A_NA_N1	812	224	C	0	0	223	40.4798206278027
A_NA_N1	813	224	C	0	0	224	39.40625
A_NA_N1	814	224	C	0	0	224	40.03125
A_NA_N1	815	224	C	0	0	224	39.0669642857143
A_NA_N1	816	224	T	0	0	220	39.6954545454545
A_NA_N1	817	224	A	0	0	224	39.2276785714286
A_NA_N1	818	224	A	0	0	223	40.2735426008969
A_NA_N1	819	224	T	0	0	223	40.3004484304933
A_NA_N1	820	224	T	0	0	224	41.53125
A_NA_N1	821	224	A	0	0	224	41.6830357142857
A_NA_N1	822	224	T	0	0	224	41.6517857142857
A_NA_N1	823	224	C	0	0	224	40.8571428571429
A_NA_N1	824	224	A	0	0	224	41.1607142857143
A_NA_N1	825	224	C	0	0	224	40.4241071428571
A_NA_N1	826	224	T	0	0	224	40.4017857142857
A_NA_N1	827	224	A	0	0	224	39.7544642857143
A_NA_N1	828	224	T	0	0	224	39.7678571428571
A_NA_N1	829	223	G	1	0	223	38.7488789237668
A_NA_N1	830	223	A	1	0	222	39.4954954954955
A_NA_N1	831	223	A	1	0	223	39.5784753363229
A_NA_N1	832	224	G	0	0	223	39.9641255605381
A_NA_N1	833	222	A	2	0	222	40.7387387387387
A_NA_N1	834	222	A	2	0	222	40.3693693693694
A_NA_N1	835	222	T	2	0	222	40.7702702702703
A_NA_N1	836	223	G	1	0	222	40.7612612612613
A_NA_N1	837	222	C	2	0	221	40.710407239819
A_NA_N1	838	223	T	1	0	223	41.237668161435
A_NA_N1	839	223	C	1	0	223	40.7264573991031
A_NA_N1	840	223	C	1	0	222	40.2432432432432
A_NA_N1	841	224	T	0	0	224	40.2455357142857
A_NA_N1	842	224	G	0	0	224	40.0892857142857
A_NA_N1	843	224	T	0	0	224	40.2410714285714
A_NA_N1	844	223	T	1	0	221	40.8823529411765
A_NA_N1	845	223	A	1	0	222	39.8828828828829
A_NA_N1	846	223	C	1	0	223	40.4932735426009
A_NA_N1	847	223	C	1	0	223	40.7982062780269
A_NA_N1	848	224	C	0	0	224	40.8794642857143
A_NA_N1	849	224	T	0	0	223	40.9820627802691
A_NA_N1	850	224	G	0	0	223	41.677130044843
A_NA_N1	851	225	A	0	0	224	41.8883928571429
A_NA_N1	852	225	T	0	0	223	41.6412556053812
A_NA_N1	853	225	T	0	0	225	42.6622222222222
A_NA_N1	854	225	C	0	0	223	41.7130044843049
A_NA_N1	855	225	T	0	0	225	41.3244444444444
A_NA_N1	856	225	A	0	0	225	39.24
A_NA_N1	857	225	G	0	0	225	39.1644444444444
A_NA_N1	858	225	T	0	0	225	39.0088888888889
A_NA_N1	859	225	G	0	0	225	38.8
A_NA_N1	860	225	A	0	0	225	39.32
A_NA_N1	861	225	A	0	0	225	41.6711111111111
A_NA_N1	862	225	A	0	0	225	40.7511111111111
A_NA_N1	863	225	T	0	0	225	41.2711111111111
A_NA_N1	864	225	C	0	0	224	40.3035714285714
A_NA_N1	865	225	A	0	0	224	39.3214285714286
A_NA_N1	866	225	C	0	0	225	38.84
A_NA_N1	867	225	A	0	0	225	37.5866666666667
A_NA_N1	868	224	T	1	0	223	37.9103139013453
A_NA_N1	869	225	G	0	0	225	38.4977777777778
A_NA_N1	870	225	T	0	0	225	39.0311111111111
A_NA_N1	871	225	G	0	0	225	39.96
A_NA_N1	872	225	T	0	0	225	40.4755555555556
A_NA_N1	873	225	T	0	0	225	40.5288888888889
A_NA_N1	874	225	T	0	0	225	40.16
A_NA_N1	875	227	G	0	0	226	38.8495575221239
A_NA_N1	876	227	C	0	0	227	39.1938325991189
A_NA_N1	877	227	A	0	0	227	38.8017621145374
A_NA_N1	878	228	G	0	0	227	38.9823788546256
A_NA_N1	879	228	G	0	0	227	39.1718061674009
A_NA_N1	880	228	G	0	0	225	39.3911111111111
A_NA_N1	881	228	A	0	0	228	38.3684210526316
A_NA_N1	882	228	T	0	0	227	38.4008810572687
A_NA_N1	883	228	A	0	0	227	37.295154185022
A_NA_N1	884	227	A	1	0	227	37.4537444933921
A_NA_N1	885	227	T	1	0	227	37.3127753303965
A_NA_N1	886	228	T	0	0	227	37.2555066079295
A_NA_N1	887	226	G	2	0	226	36.8938053097345
A_NA_N1	888	228	G	0	0	228	36.0921052631579
A_NA_N1	889	226	C	1	0	226	36.4513274336283
A_NA_N1	890	226	A	1	0	226	36.4469026548673
A_NA_N1	891	226	T	1	0	226	37.4115044247788
A_NA_N1	892	226	G	1	0	226	37.5575221238938
A_NA_N1	893	225	G	1	0	225	38.44
A_NA_N1	894	225	C	1	0	225	37.9066666666667
A_NA_N1	895	226	T	0	0	226	38.2300884955752
A_NA_N1	896	224	C	2	0	222	35.2297297297297
A_NA_N1	897	226	G	0	0	224	33.1607142857143
A_NA_N1	898	226	A	0	0	226	34.5
A_NA_N1	899	225	A	1	0	224	35.4732142857143
A_NA_N1	900	222	T	4	0	222	36.3828828828829
A_NA_N1	901	226	C	0	0	224	37.0178571428571
A_NA_N1	902	226	G	0	0	224	37.6160714285714
A_NA_N1	903	226	A	0	0	226	37.9690265486726
A_NA_N1	904	226	C	0	0	226	38.2699115044248
A_NA_N1	905	226	C	0	0	225	37.7955555555556
A_NA_N1	906	226	T	0	0	226	38.3716814159292
A_NA_N1	907	227	T	0	0	227	38.9779735682819
A_NA_N1	908	225	G	2	0	225	37.08
A_NA_N1	909	227	G	0	0	226	37.7920353982301
A_NA_N1	910	227	G	0	0	225	37.5244444444444
A_NA_N1	911	226	T	1	0	224	38.75
A_NA_N1	912	228	G	0	0	225	38.9022222222222
A_NA_N1	913	227	T	0	0	227	40.0044052863436
A_NA_N1	914	224	C	3	0	222	39.1756756756757
A_NA_N1	915	226	T	1	0	223	39.677130044843
A_NA_N1	916	227	T	0	0	227	38.2246696035242
A_NA_N1	917	227	T	0	0	227	37.5594713656388
A_NA_N1	918	227	C	0	0	225	36.3555555555556
A_NA_N1	919	227	A	0	0	225	36.4311111111111
A_NA_N1	920	227	A	0	0	227	36.4625550660793
A_NA_N1	921	227	C	0	0	226	37.6681415929204
A_NA_N1	922	227	C	0	0	225	38.1111111111111
A_NA_N1	923	227	A	0	0	226	38.7654867256637
A_NA_N1	924	227	G	0	0	227	39.5947136563877
A_NA_N1	925	227	A	0	0	227	39.9074889867841
A_NA_N1	926	227	A	0	0	227	40.3436123348018
A_NA_N1	927	227	T	0	0	226	40.0884955752212
A_NA_N1	928	227	C	0	0	225	39.1022222222222
A_NA_N1	929	227	T	0	0	226	39.8407079646018
A_NA_N1	930	227	G	0	0	227	37.7312775330396
A_NA_N1	931	227	G	0	0	227	37.0308370044053
A_NA_N1	932	227	A	0	0	227	37.3480176211454
A_NA_N1	933	227	A	0	0	226	38.4513274336283
A_NA_N1	934	227	T	0	0	226	39.1681415929204
A_NA_N1	935	227	A	0	0	226	40.8230088495575
A_NA_N1	936	226	T	1	0	225	42.1466666666667
A_NA_N1	937	227	C	0	0	227	40.6519823788546
A_NA_N1	938	227	A	0	0	225	38.7288888888889
A_NA_N1	939	227	G	0	0	225	38.9066666666667
A_NA_N1	940	227	A	0	0	227	38.625550660793
A_NA_N1	941	227	T	0	0	227	39.136563876652
A_NA_N1	942	227	G	0	0	227	38.4669603524229
A_NA_N1	943	227	G	0	0	227	40.5462555066079
A_NA_N1	944	227	G	0	0	226	40.1283185840708
A_NA_N1	945	227	A	0	0	226	40.5884955752212
A_NA_N1	946	227	T	0	0	226	40.0442477876106
A_NA_N1	947	227	A	0	0	227	38.6607929515419
A_NA_N1	948	227	C	0	0	227	38.9471365638767
A_NA_N1	949	227	A	0	0	227	38.568281938326
A_NA_N1	950	227	T	0	0	226	38.9823008849558
A_NA_N1	951	227	A	0	0	225	37.6977777777778
A_NA_N1	952	226	T	1	0	225	36.3244444444444
A_NA_N1	953	227	G	0	0	224	35.5446428571429
A_NA_N1	954	227	C	0	0	226	35.1592920353982
A_NA_N1	955	227	A	0	0	227	33.6167400881057
A_NA_N1	956	226	G	1	0	225	33.5066666666667
A_NA_N1	957	226	T	1	0	225	34.7066666666667
A_NA_N1	958	225	G	2	0	224	33.8794642857143
A_NA_N1	959	225	G	2	0	225	34.6622222222222
A_NA_N1	960	226	G	1	0	226	35.712389380531
A_NA_N1	961	226	G	1	0	225	35.6533333333333
A_NA_N1	962	223	T	4	0	221	36.1719457013575
A_NA_N1	963	227	T	0	0	227	35.2026431718062
A_NA_N1	964	226	T	1	0	226	36.3672566371681
A_NA_N1	965	226	T	1	0	225	35.3066666666667
A_NA_N1	966	222	C	5	0	220	33.55
A_NA_N1	967	225	G	2	0	225	32.1955555555556
A_NA_N1	968	226	G	1	0	224	32.4464285714286
A_NA_N1	969	226	A	1	0	226	32.2610619469027
A_NA_N1	970	225	G	2	0	224	33.2008928571429
A_NA_N1	971	226	A	1	0	226	36.8451327433628
A_NA_N1	972	227	C	0	0	224	38.0580357142857
A_NA_N1	973	227	A	0	0	227	37.15859030837
A_NA_N1	974	227	A	0	0	224	37.5401785714286
A_NA_N1	975	227	T	0	0	225	38.7733333333333
A_NA_N1	976	226	C	1	0	225	39.3333333333333
A_NA_N1	977	226	C	1	0	224	40.6607142857143
A_NA_N1	978	226	A	1	0	226	41.141592920354
A_NA_N1	979	227	C	0	0	225	40.8755555555556
A_NA_N1	980	227	G	0	0	226	39.8982300884956
A_NA_N1	981	227	C	0	0	226	40.3407079646018
A_NA_N1	982	227	C	0	0	227	40.2422907488987
A_NA_N1	983	227	C	0	0	226	39.7522123893805
A_NA_N1	984	226	T	1	0	224	40.59375
A_NA_N1	985	227	A	0	0	227	40.1541850220264
A_NA_N1	986	227	A	0	0	226	40.5752212389381
A_NA_N1	987	227	T	0	0	226	40.1858407079646
A_NA_N1	988	227	G	0	0	226	40.0132743362832
A_NA_N1	989	227	A	0	0	227	39.8766519823789
A_NA_N1	990	227	T	0	0	227	40.6167400881057
A_NA_N1	991	227	A	0	0	226	39.8407079646018
A_NA_N1	992	227	A	0	0	226	40.5663716814159
A_NA_N1	993	227	G	0	0	226	40.5884955752212
A_NA_N1	994	227	A	0	0	226	40.6371681415929
A_NA_N1	995	227	C	0	0	227	41.0704845814978
A_NA_N1	996	227	A	0	0	226	40.9867256637168
A_NA_N1	997	227	G	0	0	227	39.8722466960352
A_NA_N1	998	227	G	0	0	225	39.8888888888889
A_NA_N1	999	227	C	0	0	226	40.0530973451327
A_NA_N1	1000	226	A	1	0	226	39.2964601769912
A_NA_N1	1001	224	G	2	0	224	39.6830357142857
A_NA_N1	1002	224	T	2	0	224	38.5044642857143
A_NA_N1	1003	225	T	1	0	225	38.1955555555556
A_NA_N1	1004	225	G	1	0	225	38.6533333333333
A_NA_N1	1005	226	T	1	0	226	38.9424778761062
A_NA_N1	1006	226	G	1	0	224	37.6160714285714
A_NA_N1	1007	226	G	1	0	226	37.9601769911504
A_NA_N1	1008	227	T	0	0	226	38.6769911504425
A_NA_N1	1009	227	C	0	0	227	38.7709251101322
A_NA_N1	1010	227	C	0	0	227	39.3612334801762
A_NA_N1	1011	225	A	2	0	225	40.4222222222222
A_NA_N1	1012	225	G	2	0	224	40.2321428571429
A_NA_N1	1013	226	T	1	0	223	40.4349775784753
A_NA_N1	1014	227	A	0	0	226	40.5796460176991
A_NA_N1	1015	227	T	0	0	226	41.0044247787611
A_NA_N1	1016	227	C	0	0	224	39.1696428571429
A_NA_N1	1017	227	G	0	0	226	38.7522123893805
A_NA_N1	1018	227	T	0	0	226	38.6902654867257
A_NA_N1	1019	227	C	0	0	226	38.2566371681416
A_NA_N1	1020	227	T	0	0	226	37.9424778761062
A_NA_N1	1021	227	A	0	0	227	39.1145374449339
A_NA_N1	1022	227	A	0	0	227	39.5726872246696
A_NA_N1	1023	227	T	0	0	227	39.784140969163
A_NA_N1	1024	227	G	0	0	226	40.2477876106195
A_NA_N1	1025	227	G	0	0	226	40.2566371681416
A_NA_N1	1026	227	A	0	0	227	39.7665198237885
A_NA_N1	1027	227	G	0	0	224	39.4285714285714
A_NA_N1	1028	227	C	0	0	227	41.0396475770925
A_NA_N1	1029	226	A	1	0	226	40.712389380531
A_NA_N1	1030	227	A	0	0	227	39.7797356828194
A_NA_N1	1031	227	A	0	0	226	40.5884955752212
A_NA_N1	1032	227	T	0	0	227	41.920704845815
A_NA_N1	1033	225	G	2	0	224	40.6160714285714
A_NA_N1	1034	227	G	0	0	226	40.6238938053097
A_NA_N1	1035	226	G	1	0	226	40.9955752212389
A_NA_N1	1036	226	G	1	0	226	41.0619469026549
A_NA_N1	1037	226	T	1	0	226	41.212389380531
A_NA_N1	1038	223	A	4	0	223	41.3452914798206
A_NA_N1	1039	227	A	0	0	227	41.295154185022
A_NA_N1	1040	227	A	0	0	226	40.9601769911504
A_NA_N1	1041	227	G	0	0	226	40.5309734513274
A_NA_N1	1042	227	G	0	0	227	40.4096916299559
A_NA_N1	1043	227	G	0	0	226	40.5221238938053
A_NA_N1	1044	227	A	0	0	226	39.1194690265487
A_NA_N1	1045	226	T	1	0	226	38.7610619469027
A_NA_N1	1046	227	T	0	0	227	38.863436123348
A_NA_N1	1047	227	T	0	0	227	39.1629955947137
A_NA_N1	1048	227	T	0	0	225	39.88
A_NA_N1	1049	226	C	1	0	224	39.0401785714286
A_NA_N1	1050	227	A	0	0	227	39.0660792951542
A_NA_N1	1051	227	T	0	0	226	39.9247787610619
A_NA_N1	1052	227	T	0	0	227	38.9955947136564
A_NA_N1	1053	227	C	0	0	225	39.12
A_NA_N1	1054	226	A	1	0	225	39.3866666666667
A_NA_N1	1055	227	A	0	0	227	40.4449339207048
A_NA_N1	1056	227	A	0	0	226	40.5398230088496
A_NA_N1	1057	227	T	0	0	227	40.5198237885463
A_NA_N1	1058	227	A	0	0	226	39.8008849557522
A_NA_N1	1059	227	C	0	0	227	39.2907488986784
A_NA_N1	1060	227	G	0	0	227	37.8590308370044
A_NA_N1	1061	227	G	0	0	226	37.7256637168142
A_NA_N1	1062	227	C	0	0	226	37.2035398230088
A_NA_N1	1063	227	A	0	0	227	37.0969162995595
A_NA_N1	1064	227	A	0	0	227	37.2202643171806
A_NA_N1	1065	227	T	0	0	227	38
A_NA_N1	1066	226	G	0	0	226	36.287610619469
A_NA_N1	1067	226	G	0	0	226	36.1283185840708
A_NA_N1	1068	226	T	0	0	226	38.1106194690265
A_NA_N1	1069	226	G	0	0	226	38.2654867256637
A_NA_N1	1070	226	T	0	0	226	37.8805309734513
A_NA_N1	1071	226	T	0	0	226	37.5796460176991
A_NA_N1	1072	226	T	0	0	225	37.4622222222222
A_NA_N1	1073	226	G	0	0	223	35.9058295964126
A_NA_N1	1074	226	G	0	0	225	36.0666666666667
A_NA_N1	1075	226	A	0	0	226	35.8495575221239
A_NA_N1	1076	226	T	0	0	226	36.9513274336283
A_NA_N1	1077	225	A	1	0	223	36.5067264573991
A_NA_N1	1078	223	G	3	0	222	38.481981981982
A_NA_N1	1079	226	G	0	0	223	38.9686098654709
A_NA_N1	1080	226	G	0	0	225	38.3866666666667
A_NA_N1	1081	226	A	0	0	224	38.2053571428571
A_NA_N1	1082	225	G	1	0	224	39.3526785714286
A_NA_N1	1083	225	A	1	0	223	38.7533632286995
A_NA_N1	1084	226	A	0	0	222	38.027027027027
A_NA_N1	1085	226	C	0	0	223	36.7264573991031
A_NA_N1	1086	225	T	1	0	223	36.9506726457399
A_NA_N1	1087	221	A	5	0	219	36.5525114155251
A_NA_N1	1088	224	A	2	0	224	36.2455357142857
A_NA_N1	1089	226	G	0	0	223	36.0627802690583
A_NA_N1	1090	226	A	0	0	224	36.9508928571429
A_NA_N1	1091	226	G	0	0	224	38.3303571428571
A_NA_N1	1092	226	C	0	0	226	39.2699115044248
A_NA_N1	1093	226	A	0	0	225	38.0577777777778
A_NA_N1	1094	226	T	0	0	225	39.9377777777778
A_NA_N1	1095	226	T	0	0	226	40.5486725663717
A_NA_N1	1096	226	A	0	0	225	38.4444444444444
A_NA_N1	1097	226	G	0	0	225	38.1644444444444
A_NA_N1	1098	226	T	0	0	226	38.570796460177
A_NA_N1	1099	226	T	0	0	226	39.2035398230088
A_NA_N1	1100	226	C	1	0	225	37.16
A_NA_N1	1101	224	A	3	0	224	37.3973214285714
A_NA_N1	1102	224	A	2	0	223	36.7488789237668
A_NA_N1	1103	224	G	2	0	221	37.0542986425339
A_NA_N1	1104	224	A	2	0	222	38.1666666666667
A_NA_N1	1105	226	A	0	0	226	38.1769911504425
A_NA_N1	1106	226	A	0	0	226	39.9646017699115
A_NA_N1	1107	225	A	0	0	225	40.9822222222222
A_NA_N1	1108	225	G	0	0	225	39.6088888888889
A_NA_N1	1109	225	G	0	0	225	40.1066666666667
A_NA_N1	1110	225	T	0	0	224	38.7767857142857
A_NA_N1	1111	225	T	0	0	225	38.0533333333333
A_NA_N1	1112	225	T	0	0	225	39.0044444444444
A_NA_N1	1113	225	T	0	0	225	38.3688888888889
A_NA_N1	1114	223	G	2	0	223	38.7130044843049
A_NA_N1	1115	224	A	1	0	224	39.7901785714286
A_NA_N1	1116	225	G	0	0	225	38.5377777777778
A_NA_N1	1117	225	A	0	0	225	38.0622222222222
A_NA_N1	1118	225	T	0	0	224	38.7544642857143
A_NA_N1	1119	225	G	0	0	224	37.0669642857143
A_NA_N1	1120	225	A	0	0	225	37.1155555555556
A_NA_N1	1121	224	T	1	0	223	36.9103139013453
A_NA_N1	1122	225	T	0	0	225	37.5244444444444
A_NA_N1	1123	225	T	0	0	224	37.8973214285714
A_NA_N1	1124	223	G	2	0	220	36.4727272727273
A_NA_N1	1125	225	G	0	0	224	37.1651785714286
A_NA_N1	1126	225	G	0	0	222	37.2432432432432
A_NA_N1	1127	225	A	0	0	225	36.7733333333333
A_NA_N1	1128	225	T	0	0	223	37.2959641255605
A_NA_N1	1129	226	C	0	0	223	36.4439461883408
A_NA_N1	1130	226	C	0	0	224	35.9955357142857
A_NA_N1	1131	224	G	2	0	223	34.8385650224215
A_NA_N1	1132	226	A	0	0	226	34.0530973451327
A_NA_N1	1133	226	A	0	0	224	33.7767857142857
A_NA_N1	1134	226	T	0	0	225	34.9644444444444
A_NA_N1	1135	226	G	0	0	224	33.7901785714286
A_NA_N1	1136	226	G	0	0	226	35.1194690265487
A_NA_N1	1137	225	A	1	0	224	35.75
A_NA_N1	1138	225	T	1	0	224	36.2410714285714
A_NA_N1	1139	226	G	0	0	225	34.7244444444444
A_NA_N1	1140	226	G	0	0	223	35.4035874439462
A_NA_N1	1141	226	A	0	0	224	36.0669642857143
A_NA_N1	1142	226	C	0	0	226	36.0442477876106
A_NA_N1	1143	226	T	0	0	225	36.1066666666667
A_NA_N1	1144	220	G	6	0	220	36.7681818181818
A_NA_N1	1145	226	G	0	0	225	37.4088888888889
A_NA_N1	1146	226	G	0	0	223	37.6367713004484
A_NA_N1	1147	226	A	0	0	226	38.4203539823009
A_NA_N1	1148	226	C	0	0	224	38.7633928571429
A_NA_N1	1149	226	T	0	0	223	38.3363228699552
A_NA_N1	1150	224	G	2	0	221	38.6742081447964
A_NA_N1	1151	225	A	1	0	222	39.3648648648649
A_NA_N1	1152	226	C	0	0	222	39.4864864864865
A_NA_N1	1153	226	A	0	0	226	39.1725663716814
A_NA_N1	1154	222	A	4	0	220	41.2318181818182
A_NA_N1	1155	222	T	4	0	220	41.0136363636364
A_NA_N1	1156	224	A	2	0	224	40.5089285714286
A_NA_N1	1157	225	A	1	0	223	40.0089686098655
A_NA_N1	1158	225	A	1	0	225	39.8844444444444
A_NA_N1	1159	225	T	1	0	224	39.84375
A_NA_N1	1160	223	T	3	0	223	39.7443946188341
A_NA_N1	1161	223	C	3	0	222	38.972972972973
A_NA_N1	1162	225	T	1	0	225	39.5333333333333
A_NA_N1	1163	224	C	2	0	222	38.0630630630631
A_NA_N1	1164	224	A	2	0	220	36.2227272727273
A_NA_N1	1165	226	A	0	0	225	36.1066666666667
A_NA_N1	1166	226	A	0	0	226	36.0398230088496
A_NA_N1	1167	225	A	1	0	225	37.0088888888889
A_NA_N1	1168	225	A	1	0	225	43.2533333333333
A_NA_N1	1169	225	A	1	0	222	42.3153153153153
A_NA_N1	1170	225	G	1	0	224	41.8883928571429
A_NA_N1	1171	226	C	0	0	224	40.6964285714286
A_NA_N1	1172	226	A	0	0	225	39.56
A_NA_N1	1173	226	A	0	0	225	39.0977777777778
A_NA_N1	1174	226	G	0	0	225	39.6088888888889
A_NA_N1	1175	224	A	2	0	223	39.6367713004484
A_NA_N1	1176	224	T	2	0	223	40.1076233183856
A_NA_N1	1177	225	A	1	0	224	37.9910714285714
A_NA_N1	1178	226	T	0	0	225	38.7155555555556
A_NA_N1	1179	226	T	0	0	226	38.7035398230088
A_NA_N1	1180	226	G	0	0	226	38.1371681415929
A_NA_N1	1181	226	T	0	0	225	38.8177777777778
A_NA_N1	1182	226	A	0	0	226	38.0575221238938
A_NA_N1	1183	226	G	0	0	226	38.712389380531
A_NA_N1	1184	226	G	0	0	226	38.2743362831858
A_NA_N1	1185	226	G	0	0	226	38.9159292035398
A_NA_N1	1186	226	A	0	0	226	39.5132743362832
A_NA_N1	1187	226	T	0	0	226	40.2389380530973
A_NA_N1	1188	226	A	0	0	224	38.9241071428571
A_NA_N1	1189	227	A	0	0	227	39.1982378854626
A_NA_N1	1190	227	A	0	0	226	39.3230088495575
A_NA_N1	1191	227	T	0	0	227	40.4405286343612
A_NA_N1	1192	227	G	0	0	224	36.6741071428571
A_NA_N1	1193	227	A	0	0	226	36.2345132743363
A_NA_N1	1194	227	G	0	0	227	35.6343612334802
A_NA_N1	1195	227	T	0	0	227	35.6696035242291
A_NA_N1	1196	227	G	0	0	225	35.0355555555556
A_NA_N1	1197	227	G	0	0	227	37.2995594713656
A_NA_N1	1198	227	T	0	0	226	37.5265486725664
A_NA_N1	1199	226	C	1	0	224	36.8258928571429
A_NA_N1	1200	224	G	3	0	223	36.3632286995516
A_NA_N1	1201	226	G	1	0	226	36.7964601769912
A_NA_N1	1202	227	G	0	0	227	37.7885462555066
A_NA_N1	1203	226	G	1	0	226	38.4115044247788
A_NA_N1	1204	226	T	1	0	224	39.4508928571429
A_NA_N1	1205	227	A	0	0	227	39.8458149779736
A_NA_N1	1206	227	T	0	0	227	39.9074889867841
A_NA_N1	1207	230	A	1	0	229	38.3930131004367
A_NA_N1	1208	230	G	1	0	230	38.4608695652174
A_NA_N1	1209	230	C	1	0	230	38.004347826087
A_NA_N1	1210	227	G	4	0	222	37.3783783783784
A_NA_N1	1211	230	G	1	0	229	37.2707423580786
A_NA_N1	1212	231	G	0	0	227	37.1982378854626
A_NA_N1	1213	231	A	0	0	230	38.104347826087
A_NA_N1	1214	231	G	0	0	231	39.7922077922078
A_NA_N1	1215	230	T	1	0	226	40.4867256637168
A_NA_N1	1216	230	T	1	0	229	39.9868995633188
A_NA_N1	1217	230	T	1	0	229	40.3755458515284
A_NA_N1	1218	230	T	1	0	229	40.3056768558952
A_NA_N1	1219	230	G	1	0	228	38.7631578947368
A_NA_N1	1220	228	T	3	0	228	38.9166666666667
A_NA_N1	1221	228	T	3	0	227	37.7753303964758
A_NA_N1	1222	228	C	3	0	226	32.8938053097345
A_NA_N1	1223	230	A	1	0	230	32.4478260869565
A_NA_N1	1224	230	G	1	0	230	34.8434782608696
A_NA_N1	1225	230	C	1	0	230	37.0130434782609
A_NA_N1	1226	231	A	0	0	231	37.8441558441558
A_NA_N1	1227	230	T	1	0	230	40.0739130434783
A_NA_N1	1228	230	C	1	0	230	39.6782608695652
A_NA_N1	1229	230	C	1	0	229	40.6812227074236
A_NA_N1	1230	230	A	1	0	230	39.5434782608696
A_NA_N1	1231	230	G	1	0	229	40.2270742358079
A_NA_N1	1232	231	A	0	0	231	41.1341991341991
A_NA_N1	1233	231	A	0	0	231	41.3593073593074
A_NA_N1	1234	231	C	0	0	229	41.0043668122271
A_NA_N1	1235	231	T	0	0	230	41.0391304347826
A_NA_N1	1236	231	A	0	0	231	39.6493506493507
A_NA_N1	1237	231	A	0	0	231	39.1601731601732
A_NA_N1	1238	231	C	0	0	231	39.6839826839827
A_NA_N1	1239	232	A	0	0	232	39.1724137931034
A_NA_N1	1240	230	G	0	0	230	39.6826086956522
A_NA_N1	1241	230	G	0	0	230	40.404347826087
A_NA_N1	1242	230	G	0	0	230	40.195652173913
A_NA_N1	1243	230	C	0	0	230	39.9391304347826
A_NA_N1	1244	230	T	0	0	229	40.7248908296943
A_NA_N1	1245	230	G	0	0	229	39.1615720524017
A_NA_N1	1246	228	A	2	0	228	39.9166666666667
A_NA_N1	1247	228	A	2	0	228	40.6622807017544
A_NA_N1	1248	228	T	2	0	228	41.1008771929825
A_NA_N1	1249	229	T	1	0	228	41.9298245614035
A_NA_N1	1250	230	G	0	0	230	40.5782608695652
A_NA_N1	1251	230	T	0	0	229	40.8384279475983
A_NA_N1	1252	230	A	0	0	228	39.9254385964912
A_NA_N1	1253	230	T	0	0	229	39.353711790393
A_NA_N1	1254	224	A	6	0	223	38.2511210762332
A_NA_N1	1255	229	A	1	0	228	37.2149122807018
A_NA_N1	1256	230	G	0	0	229	36.4410480349345
A_NA_N1	1257	230	A	0	0	230	36.2478260869565
A_NA_N1	1258	230	C	0	0	230	37.5391304347826
A_NA_N1	1259	230	C	0	0	230	37.3913043478261
A_NA_N1	1260	230	T	0	0	230	37.7217391304348
A_NA_N1	1261	230	T	0	0	230	37.704347826087
A_NA_N1	1262	229	G	1	0	229	36.4235807860262
A_NA_N1	1263	230	C	0	0	230	35.5347826086957
A_NA_N1	1264	230	T	0	0	230	37.0304347826087
A_NA_N1	1265	230	T	0	0	228	37.4210526315789
A_NA_N1	1266	230	C	0	0	229	36.6288209606987
A_NA_N1	1267	230	T	0	0	229	36.9213973799127
A_NA_N1	1268	230	G	0	0	229	35.9737991266376
A_NA_N1	1269	230	G	0	0	230	36.2782608695652
A_NA_N1	1270	229	G	1	0	228	37
A_NA_N1	1271	229	T	1	0	229	38.5676855895196
A_NA_N1	1272	230	T	0	0	230	38.8478260869565
A_NA_N1	1273	229	G	1	0	227	37.7092511013216
A_NA_N1	1274	229	A	1	0	229	37.8340611353712
A_NA_N1	1275	230	A	0	0	229	37.9825327510917
A_NA_N1	1276	229	C	1	0	228	38.1798245614035
A_NA_N1	1277	229	T	1	0	228	38.030701754386
A_NA_N1	1278	229	A	1	0	226	37.0353982300885
A_NA_N1	1279	229	A	1	0	228	36.3421052631579
A_NA_N1	1280	229	T	1	0	228	34.3947368421053
A_NA_N1	1281	226	A	4	0	224	33.1517857142857
A_NA_N1	1282	230	A	0	0	228	32.1447368421053
A_NA_N1	1283	228	G	2	0	227	31.079295154185
A_NA_N1	1284	230	A	0	0	230	31.2086956521739
A_NA_N1	1285	230	G	0	0	230	32.5826086956522
A_NA_N1	1286	230	G	0	0	230	35.1608695652174
A_NA_N1	1287	230	A	0	0	230	34.9260869565217
A_NA_N1	1288	230	C	0	0	229	35.9126637554585
A_NA_N1	1289	228	G	2	0	225	33.3866666666667
A_NA_N1	1290	230	A	0	0	230	32.804347826087
A_NA_N1	1291	230	C	0	0	227	33.4581497797357
A_NA_N1	1292	230	C	0	0	229	33.1353711790393
A_NA_N1	1293	228	C	2	0	227	33.6696035242291
A_NA_N1	1294	226	G	4	0	221	34.1266968325792
A_NA_N1	1295	228	A	2	0	226	35.2389380530973
A_NA_N1	1296	228	G	2	0	226	36.6991150442478
A_NA_N1	1297	230	G	0	0	229	36.6200873362445
A_NA_N1	1298	229	A	1	0	229	37.7510917030568
A_NA_N1	1299	229	G	1	0	227	38.5242290748899
A_NA_N1	1300	228	A	2	0	226	39.7345132743363
A_NA_N1	1301	229	A	1	0	229	38.9170305676856
A_NA_N1	1302	229	C	1	0	228	38.9166666666667
A_NA_N1	1303	228	A	2	0	227	38.6740088105727
A_NA_N1	1304	229	C	1	0	229	38.4497816593886
A_NA_N1	1305	230	A	0	0	229	38.3973799126638
A_NA_N1	1306	230	A	0	0	230	37.8869565217391
A_NA_N1	1307	229	T	1	0	228	37.5219298245614
A_NA_N1	1308	229	C	1	0	229	38.4148471615721
A_NA_N1	1309	229	T	1	0	229	40.0218340611354
A_NA_N1	1310	229	G	1	0	229	40.061135371179
A_NA_N1	1311	229	G	1	0	228	40.1973684210526
A_NA_N1	1312	230	A	0	0	230	40.0217391304348
A_NA_N1	1313	230	C	0	0	228	41.0614035087719
A_NA_N1	1314	230	T	0	0	229	40.5021834061135
A_NA_N1	1315	230	A	0	0	230	39.6608695652174
A_NA_N1	1316	230	G	0	0	230	40.1565217391304
A_NA_N1	1317	230	C	0	0	229	40.292576419214
A_NA_N1	1318	230	G	0	0	230	39.6869565217391
A_NA_N1	1319	230	G	0	0	230	40.1608695652174
A_NA_N1	1320	230	G	0	0	229	40.0087336244542
A_NA_N1	1321	230	A	0	0	230	40.304347826087
A_NA_N1	1322	230	G	0	0	230	40.5739130434783
A_NA_N1	1323	230	C	0	0	230	41.4130434782609
A_NA_N1	1324	230	A	0	0	229	40.5982532751092
A_NA_N1	1325	230	G	0	0	230	40.5304347826087
A_NA_N1	1326	230	C	0	0	230	40.3391304347826
A_NA_N1	1327	230	A	0	0	230	40.6130434782609
A_NA_N1	1328	230	T	0	0	230	40.895652173913
A_NA_N1	1329	228	A	2	0	228	40.0745614035088
A_NA_N1	1330	230	T	0	0	230	39.6086956521739
A_NA_N1	1331	230	C	0	0	230	38.5130434782609
A_NA_N1	1332	230	C	0	0	230	38.6608695652174
A_NA_N1	1333	230	T	0	0	228	38.8815789473684
A_NA_N1	1334	230	T	0	0	230	39.5347826086957
A_NA_N1	1335	230	T	0	0	230	42.1130434782609
A_NA_N1	1336	230	T	0	0	230	42.0782608695652
A_NA_N1	1337	230	G	0	0	230	40.1913043478261
A_NA_N1	1338	230	T	0	0	229	41.4847161572052
A_NA_N1	1339	230	G	0	0	230	40.8521739130435
A_NA_N1	1340	229	G	1	0	229	40.7598253275109
A_NA_N1	1341	229	T	1	0	229	39.8122270742358
A_NA_N1	1342	230	G	0	0	229	40.7161572052402
A_NA_N1	1343	230	T	0	0	229	40.9694323144105
A_NA_N1	1344	229	A	1	0	228	39.8947368421053
A_NA_N1	1345	229	G	1	0	229	39.2489082969432
A_NA_N1	1346	230	A	0	0	230	38.6869565217391
A_NA_N1	1347	229	C	1	0	229	39.17903930131
A_NA_N1	1348	229	A	1	0	229	38.0698689956332
A_NA_N1	1349	229	G	1	0	229	38.4585152838428
A_NA_N1	1350	230	T	0	0	230	38.9260869565217
A_NA_N1	1351	229	G	1	0	229	39.17903930131
A_NA_N1	1352	229	A	1	0	226	38.8185840707965
A_NA_N1	1353	229	C	1	0	229	38.9344978165939
A_NA_N1	1354	229	A	1	0	229	38.3100436681223
A_NA_N1	1355	230	T	0	0	228	38.3684210526316
A_NA_N1	1356	230	T	0	0	230	37.9347826086956
A_NA_N1	1357	230	A	0	0	229	37.8471615720524
A_NA_N1	1358	230	T	0	0	230	38.1260869565217
A_NA_N1	1359	230	G	0	0	230	37.5391304347826
A_NA_N1	1360	230	G	0	0	230	38.2652173913043
A_NA_N1	1361	230	G	0	0	229	37.3799126637555
A_NA_N1	1362	230	T	0	0	230	37.7434782608696
A_NA_N1	1363	230	T	0	0	230	38.5173913043478
A_NA_N1	1364	227	G	3	0	227	38.5726872246696
A_NA_N1	1365	228	G	2	0	227	38.3127753303965
A_NA_N1	1366	228	T	2	0	227	39.4493392070485
A_NA_N1	1367	230	C	0	0	229	38.2183406113537
A_NA_N1	1368	226	T	4	0	226	38.9557522123894
A_NA_N1	1369	229	T	1	0	229	38.0087336244542
A_NA_N1	1370	229	G	1	0	229	36.5938864628821
A_NA_N1	1371	230	G	0	0	230	37.0565217391304
A_NA_N1	1372	230	C	0	0	230	37.7217391304348
A_NA_N1	1373	230	C	0	0	228	38.0350877192982
A_NA_N1	1374	230	A	0	0	229	39.0524017467249
A_NA_N1	1375	230	G	0	0	227	39.5770925110132
A_NA_N1	1376	230	A	0	0	230	39.6695652173913
A_NA_N1	1377	229	C	1	0	229	39.7510917030568
A_NA_N1	1378	229	G	1	0	228	39.3289473684211
A_NA_N1	1379	229	G	1	0	228	39.3289473684211
A_NA_N1	1380	230	T	0	0	228	39.9956140350877
A_NA_N1	1381	230	G	0	0	229	39.4847161572052
A_NA_N1	1382	230	C	0	0	227	40.0837004405286
A_NA_N1	1383	230	T	0	0	227	40.6035242290749
A_NA_N1	1384	229	G	1	0	228	38.4210526315789
A_NA_N1	1385	229	A	1	0	229	38.1310043668122
A_NA_N1	1386	230	G	0	0	228	38.0131578947368
A_NA_N1	1387	230	T	0	0	230	37.3608695652174
A_NA_N1	1388	230	T	0	0	230	37.5478260869565
A_NA_N1	1389	230	G	0	0	230	38.4130434782609
A_NA_N1	1390	230	C	0	0	230	38.7217391304348
A_NA_N1	1391	230	C	0	0	230	40.2521739130435
A_NA_N1	1392	230	A	0	0	230	41.0434782608696
A_NA_N1	1393	230	T	0	0	230	41.4173913043478
A_NA_N1	1394	230	T	0	0	230	41.4130434782609
A_NA_N1	1395	230	C	0	0	230	41.3217391304348
A_NA_N1	1396	230	A	0	0	230	41.7913043478261
A_NA_N1	1397	230	C	0	0	230	41.395652173913
A_NA_N1	1398	230	C	0	0	230	40.6
A_NA_N1	1399	230	A	0	0	230	40.295652173913
A_NA_N1	1400	230	T	0	0	230	40.5
A_NA_N1	1401	229	T	0	0	229	40.3930131004367
A_NA_N1	1402	229	G	0	0	229	40.1703056768559
A_NA_N1	1403	229	A	0	0	229	39.6419213973799
A_NA_N1	1404	229	C	0	0	229	38.7161572052402
A_NA_N1	1405	229	A	0	0	228	37.9956140350877
A_NA_N1	1406	229	A	0	0	229	37.6943231441048
A_NA_N1	1407	229	T	0	0	229	37.4454148471616
A_NA_N1	1408	229	T	0	0	229	38.0174672489083
A_NA_N1	1409	228	A	0	0	228	38.4912280701754
A_NA_N1	1410	228	A	0	0	228	37.8421052631579
