Reference_Name	Position	Coverage Depth	Consensus	Deletions	Ambiguous	Consensus_Count	Consensus_Average_Quality
A_NP	1	281	A	0	0	281	37.4946619217082
A_NP	2	282	T	0	0	282	38.5992907801418
A_NP	3	283	G	0	0	283	36.7950530035336
A_NP	4	283	G	0	0	283	37.6219081272085
A_NP	5	283	C	0	0	283	36.9399293286219
A_NP	6	283	G	0	0	283	35.6678445229682
A_NP	7	283	T	0	0	282	36.2801418439716
A_NP	8	283	C	0	0	282	35.7446808510638
A_NP	9	283	T	0	0	283	35.2720848056537
A_NP	10	283	C	0	0	280	34.9535714285714
A_NP	11	283	A	0	0	283	34.5229681978799
A_NP	12	283	A	0	0	283	34.1943462897527
A_NP	13	284	G	0	0	283	36.3180212014134
A_NP	14	284	G	0	0	284	36.7218309859155
A_NP	15	284	C	0	0	284	37.4647887323944
A_NP	16	284	A	0	0	284	37.6056338028169
A_NP	17	284	C	0	0	284	37.5774647887324
A_NP	18	284	C	0	0	284	37.0915492957746
A_NP	19	286	A	0	0	286	36.5874125874126
A_NP	20	286	A	0	0	286	36.3391608391608
A_NP	21	286	A	0	0	286	37.0769230769231
A_NP	22	286	C	0	0	286	36.1923076923077
A_NP	23	286	G	0	0	285	34.6175438596491
A_NP	24	286	A	0	0	286	34.5104895104895
A_NP	25	286	T	0	0	286	34.3881118881119
A_NP	26	286	C	0	0	285	34.1614035087719
A_NP	27	285	A	1	0	284	35.3380281690141
A_NP	28	285	T	1	0	284	36.0492957746479
A_NP	29	285	A	1	0	284	35.7077464788732
A_NP	30	286	T	0	0	284	36.3802816901408
A_NP	31	286	G	0	0	284	36.6197183098592
A_NP	32	286	A	0	0	286	36.7587412587413
A_NP	33	286	G	0	0	285	37.7298245614035
A_NP	34	286	C	0	0	286	38.6608391608392
A_NP	35	286	A	0	0	286	38.4440559440559
A_NP	36	286	A	0	0	286	40.027972027972
A_NP	37	286	A	0	0	286	39.8391608391608
A_NP	38	286	T	0	0	286	39.4825174825175
A_NP	39	286	G	0	0	286	37.5664335664336
A_NP	40	286	G	0	0	286	37.3566433566434
A_NP	41	286	A	0	0	286	36.6328671328671
A_NP	42	286	T	0	0	286	37.1643356643357
A_NP	43	286	A	0	0	286	37.0314685314685
A_NP	44	286	C	0	0	285	38.5122807017544
A_NP	45	285	T	1	0	285	38.2912280701754
A_NP	46	284	G	2	0	283	37.2049469964664
A_NP	47	285	G	1	0	284	37.6866197183099
A_NP	48	285	T	1	0	285	37.5228070175439
A_NP	49	282	G	4	0	281	38.0213523131673
A_NP	50	286	G	0	0	286	37.8531468531469
A_NP	51	286	G	0	0	285	38.6456140350877
A_NP	52	286	G	0	0	285	38.9298245614035
A_NP	53	284	A	2	0	279	39.5089605734767
A_NP	54	285	G	1	0	284	39.4260563380282
A_NP	55	286	C	0	0	281	38.3772241992883
A_NP	56	287	G	0	0	283	35.0212014134276
A_NP	57	286	C	1	0	285	34.2105263157895
A_NP	58	287	C	1	0	285	33.3508771929825
A_NP	59	287	A	1	0	286	32.8181818181818
A_NP	60	288	G	0	0	287	32.5853658536585
A_NP	61	287	G	1	0	287	35.3623693379791
A_NP	62	287	A	1	0	287	35.7351916376307
A_NP	63	288	T	0	0	288	36.2465277777778
A_NP	64	287	G	1	0	286	35.8391608391608
A_NP	65	288	C	0	0	287	36.3554006968641
A_NP	66	288	C	0	0	288	35.1215277777778
A_NP	67	288	A	0	0	287	33.6445993031359
A_NP	68	288	C	0	0	287	31.5121951219512
A_NP	69	287	A	1	0	285	30.9929824561403
A_NP	70	288	G	0	0	288	31.0243055555556
A_NP	71	288	A	0	0	288	30.5694444444444
A_NP	72	288	A	0	0	287	32.7073170731707
A_NP	73	288	A	0	0	288	33.96875
A_NP	74	288	T	0	0	288	35.1597222222222
A_NP	75	288	C	0	0	286	34.9475524475524
A_NP	76	288	A	0	0	287	35.9477351916376
A_NP	77	288	G	0	0	286	36.9090909090909
A_NP	78	288	A	0	0	286	37.6118881118881
A_NP	79	288	G	0	0	286	38.965034965035
A_NP	80	287	C	0	0	286	39.4370629370629
A_NP	81	287	A	0	0	287	39.4668989547038
A_NP	82	287	T	0	0	287	39.4634146341463
A_NP	83	286	C	1	0	284	38.3169014084507
A_NP	84	287	T	0	0	287	39.01393728223
A_NP	85	285	G	2	0	285	38.9368421052632
A_NP	86	287	T	0	0	286	39.9475524475524
A_NP	87	287	T	0	0	287	39.4599303135888
A_NP	88	287	G	0	0	286	39.2902097902098
A_NP	89	287	G	0	0	287	38.8188153310105
A_NP	90	287	A	0	0	286	39.0104895104895
A_NP	91	286	A	1	0	286	40.4300699300699
A_NP	92	286	G	1	0	286	39.8146853146853
A_NP	93	287	A	0	0	287	40.1637630662021
A_NP	94	287	A	0	0	287	39.7665505226481
A_NP	95	286	T	1	0	286	39.2867132867133
A_NP	96	286	G	1	0	285	38.8350877192982
A_NP	97	286	G	1	0	285	38.4912280701754
A_NP	98	286	T	1	0	286	38.6608391608392
A_NP	99	287	T	0	0	286	38.3951048951049
A_NP	100	287	G	0	0	287	37.2229965156794
A_NP	101	287	G	0	0	287	37.8815331010453
A_NP	102	287	T	0	0	285	37.9684210526316
A_NP	103	286	G	1	0	286	38.3286713286713
A_NP	104	287	G	0	0	286	38.1118881118881
A_NP	105	287	A	0	0	287	38.6759581881533
A_NP	106	287	A	0	0	286	38.3951048951049
A_NP	107	288	T	0	0	287	38.6132404181185
A_NP	108	284	C	4	0	274	36.4306569343066
A_NP	109	263	G	25	0	259	35.3050193050193
A_NP	110	289	G	0	0	289	35.4844290657439
A_NP	111	289	G	0	0	282	35.2198581560284
A_NP	112	288	A	1	0	287	35.1010452961672
A_NP	113	288	G	1	0	282	37.6524822695035
A_NP	114	289	A	0	0	288	37.2534722222222
A_NP	115	284	T	5	0	283	37.2791519434629
A_NP	116	288	T	1	0	288	36.6840277777778
A_NP	117	288	C	1	0	284	36.6619718309859
A_NP	118	289	T	0	0	288	37.0034722222222
A_NP	119	284	A	5	0	280	35.3035714285714
A_NP	120	286	C	3	0	286	34.1468531468531
A_NP	121	288	A	1	0	285	33.1438596491228
A_NP	122	288	T	1	0	288	33.0104166666667
A_NP	123	288	C	1	0	287	32.6933797909408
A_NP	124	288	C	1	0	286	32.8601398601399
A_NP	125	288	A	1	0	286	31.5699300699301
A_NP	126	288	A	1	0	288	31.8333333333333
A_NP	127	288	A	1	0	288	30.7326388888889
A_NP	128	288	T	1	0	287	30.7142857142857
A_NP	129	289	G	0	0	288	32.8680555555556
A_NP	130	289	T	0	0	289	35.7231833910035
A_NP	131	288	G	1	0	287	35.9686411149826
A_NP	132	289	C	0	0	287	37.0662020905923
A_NP	133	289	A	0	0	289	36.0968858131488
A_NP	134	288	C	1	0	288	36.2256944444444
A_NP	135	289	T	0	0	289	35.8581314878893
A_NP	136	289	G	0	0	288	35.6805555555556
A_NP	137	289	A	0	0	288	36.2951388888889
A_NP	138	289	A	0	0	289	37.318339100346
A_NP	139	289	C	0	0	289	38.8996539792388
A_NP	140	289	T	0	0	289	38.5916955017301
A_NP	141	286	A	3	0	284	37.4683098591549
A_NP	142	289	A	0	0	286	37.8846153846154
A_NP	143	289	A	0	0	289	38.5432525951557
A_NP	144	289	A	0	0	288	40.4166666666667
A_NP	145	289	C	0	0	287	40.3449477351916
A_NP	146	289	T	0	0	288	39.40625
A_NP	147	289	C	0	0	288	38.2361111111111
A_NP	148	289	A	0	0	288	38.0173611111111
A_NP	149	289	G	0	0	289	37.6124567474048
A_NP	150	289	T	0	0	289	38.3079584775086
A_NP	151	289	G	0	0	289	39.363321799308
A_NP	152	289	A	0	0	288	39.71875
A_NP	153	288	T	1	0	288	41.1631944444444
A_NP	154	289	T	0	0	289	41.681660899654
A_NP	155	289	A	0	0	288	41.1770833333333
A_NP	156	289	T	0	0	289	40.4256055363322
A_NP	157	289	G	0	0	289	38.2871972318339
A_NP	158	289	A	0	0	289	37.7508650519031
A_NP	159	288	T	1	0	288	37.3229166666667
A_NP	160	288	G	1	0	288	37.0069444444444
A_NP	161	289	G	0	0	289	37.7335640138408
A_NP	162	289	A	0	0	288	39.5555555555556
A_NP	163	289	C	0	0	288	37.125
A_NP	164	289	G	0	0	289	36.3148788927336
A_NP	165	289	G	0	0	289	35.9515570934256
A_NP	166	288	C	1	0	287	36.198606271777
A_NP	167	289	T	0	0	287	37.2648083623693
A_NP	168	289	A	0	0	288	38.7569444444444
A_NP	169	289	A	0	0	289	40.0207612456747
A_NP	170	288	T	1	0	286	39.8811188811189
A_NP	171	288	T	1	0	288	40
A_NP	172	288	C	1	0	284	39.7887323943662
A_NP	173	288	A	1	0	287	39.4250871080139
A_NP	174	288	G	1	0	288	38.4618055555556
A_NP	175	289	A	0	0	289	39.4809688581315
A_NP	176	289	A	0	0	289	39.2768166089965
A_NP	177	290	C	0	0	290	39.2724137931034
A_NP	178	290	A	0	0	288	38.7256944444444
A_NP	179	290	G	0	0	288	38.1840277777778
A_NP	180	290	T	0	0	290	38.1413793103448
A_NP	181	290	A	0	0	290	36.9655172413793
A_NP	182	289	T	1	0	289	37.5294117647059
A_NP	183	290	A	0	0	290	37.4862068965517
A_NP	184	290	A	0	0	290	37.8758620689655
A_NP	185	290	C	0	0	290	38.7896551724138
A_NP	186	290	A	0	0	289	38.719723183391
A_NP	187	291	A	0	0	291	39.3367697594502
A_NP	188	291	T	0	0	291	39.9931271477663
A_NP	189	291	A	0	0	290	38.4413793103448
A_NP	190	291	G	0	0	291	38.5154639175258
A_NP	191	290	A	1	0	290	38.8965517241379
A_NP	192	290	G	1	0	290	38.0620689655172
A_NP	193	290	A	1	0	290	39.8241379310345
A_NP	194	291	G	0	0	290	40.6448275862069
A_NP	195	291	G	0	0	289	41.3010380622837
A_NP	196	291	A	0	0	290	41.2172413793103
A_NP	197	292	T	0	0	290	41.4068965517241
A_NP	198	292	G	0	0	292	41.1198630136986
A_NP	199	292	G	0	0	292	41.3150684931507
A_NP	200	292	T	0	0	291	41.9072164948454
A_NP	201	291	G	1	0	291	42.2474226804124
A_NP	202	292	C	0	0	292	41.7876712328767
A_NP	203	292	T	0	0	292	42.3630136986301
A_NP	204	292	T	0	0	292	41.8664383561644
A_NP	205	291	T	1	0	291	42.4158075601375
A_NP	206	290	C	2	0	289	41.9411764705882
A_NP	207	291	T	1	0	291	41.7938144329897
A_NP	208	291	G	1	0	290	41.5068965517241
A_NP	209	291	C	1	0	290	40.4862068965517
A_NP	210	286	T	6	0	286	40.5629370629371
A_NP	211	292	T	0	0	292	39.4280821917808
A_NP	212	292	T	0	0	291	39.9312714776632
A_NP	213	292	T	0	0	292	39.8595890410959
A_NP	214	292	G	0	0	292	38.3801369863014
A_NP	215	292	A	0	0	292	39.1301369863014
A_NP	216	292	T	0	0	291	39.5051546391753
A_NP	217	282	G	10	0	281	34.8754448398576
A_NP	218	282	A	10	0	282	33.8049645390071
A_NP	219	293	G	0	0	292	32.6095890410959
A_NP	220	291	A	2	0	291	32.0343642611684
A_NP	221	291	G	2	0	291	34.2817869415808
A_NP	222	291	A	2	0	290	33.7344827586207
A_NP	223	292	A	1	0	292	38.5479452054795
A_NP	224	292	G	1	0	292	37.8082191780822
A_NP	225	292	A	1	0	292	38.1027397260274
A_NP	226	292	A	1	0	292	39.8493150684931
A_NP	227	293	A	0	0	293	41.1501706484642
A_NP	228	293	T	0	0	291	41.3127147766323
A_NP	229	292	A	1	0	291	40.807560137457
A_NP	230	293	A	0	0	293	41.7576791808874
A_NP	231	293	A	0	0	293	41.0307167235495
A_NP	232	293	T	0	0	292	41.0582191780822
A_NP	233	293	A	0	0	292	39.3801369863014
A_NP	234	292	C	1	0	292	38.9280821917808
A_NP	235	293	C	0	0	293	37.8122866894198
A_NP	236	292	T	1	0	292	38.25
A_NP	237	292	A	1	0	292	35.3698630136986
A_NP	238	292	G	1	0	292	36.6027397260274
A_NP	239	291	A	2	0	291	37.0481099656357
A_NP	240	292	A	1	0	292	38.4554794520548
A_NP	241	292	G	1	0	291	39.639175257732
A_NP	242	292	A	1	0	292	40.7602739726027
A_NP	243	292	G	1	0	292	40.5753424657534
A_NP	244	293	C	0	0	293	40.2662116040956
A_NP	245	293	A	0	0	293	40.4402730375427
A_NP	246	293	T	0	0	293	40.4982935153584
A_NP	247	293	C	0	0	293	39.6279863481229
A_NP	248	293	C	0	0	293	40.9965870307167
A_NP	249	293	A	0	0	293	40.6211604095563
A_NP	250	293	A	0	0	293	40.8293515358362
A_NP	251	293	G	0	0	293	40.703071672355
A_NP	252	293	T	0	0	293	40.19795221843
A_NP	253	293	G	0	0	293	39.5255972696246
A_NP	254	293	C	0	0	293	38.3105802047782
A_NP	255	293	T	0	0	293	38.3993174061433
A_NP	256	290	G	3	0	289	35.9688581314879
A_NP	257	293	G	0	0	291	36.0687285223368
A_NP	258	293	G	0	0	289	37.0692041522491
A_NP	259	293	A	0	0	289	38.7854671280277
A_NP	260	293	A	0	0	289	41.3079584775086
A_NP	261	293	G	0	0	289	41
A_NP	262	292	G	1	0	289	40.7162629757785
A_NP	263	290	A	3	0	289	40.8927335640138
A_NP	264	292	C	1	0	290	39.9034482758621
A_NP	265	293	C	0	0	292	39
A_NP	266	292	C	1	0	286	38.5839160839161
A_NP	267	292	T	1	0	286	37.8356643356643
A_NP	268	288	A	5	0	286	35.3461538461538
A_NP	269	292	A	1	0	288	34.9340277777778
A_NP	270	292	G	1	0	284	34.5492957746479
A_NP	271	285	A	8	0	282	35.8156028368794
A_NP	272	292	A	1	0	292	35.6130136986301
A_NP	273	293	A	0	0	293	37.0511945392491
A_NP	274	293	A	0	0	291	35.3883161512028
A_NP	275	293	C	0	0	292	32.4383561643836
A_NP	276	293	A	0	0	293	35.2457337883959
A_NP	277	293	G	0	0	293	36.221843003413
A_NP	278	293	G	0	0	290	35.7965517241379
A_NP	279	293	A	0	0	293	36.4368600682594
A_NP	280	291	G	2	0	290	36.3310344827586
A_NP	281	291	G	2	0	290	36.1827586206897
A_NP	282	292	A	1	0	291	35.2646048109966
A_NP	283	292	C	1	0	288	33.7916666666667
A_NP	284	293	C	0	0	293	32.5017064846416
A_NP	285	293	C	0	0	289	31.7889273356401
A_NP	286	293	A	0	0	291	30.2577319587629
A_NP	287	293	T	0	0	292	32.0342465753425
A_NP	288	292	C	1	0	290	34.2034482758621
A_NP	289	292	T	1	0	292	35.4452054794521
A_NP	290	291	A	2	0	289	33.8442906574394
A_NP	291	292	T	1	0	290	34.651724137931
A_NP	292	292	A	2	0	290	35.2689655172414
A_NP	293	293	G	1	0	293	34.8703071672355
A_NP	294	293	A	1	0	293	35.0784982935154
A_NP	295	293	A	1	0	293	35.1945392491468
A_NP	296	293	G	1	0	293	36.3447098976109
A_NP	297	293	A	1	0	292	37.4965753424658
A_NP	298	293	A	1	0	292	38.8972602739726
A_NP	299	292	T	2	0	291	39.3745704467354
A_NP	300	294	A	0	0	294	38.0986394557823
A_NP	301	294	G	0	0	290	38.0344827586207
A_NP	302	294	A	0	0	293	38.1911262798635
A_NP	303	293	T	1	0	293	38.061433447099
A_NP	304	292	G	2	0	292	38.3801369863014
A_NP	305	294	G	0	0	294	37.9115646258503
A_NP	306	289	A	5	0	285	39.0526315789474
A_NP	307	294	A	0	0	294	38.9183673469388
A_NP	308	294	A	0	0	294	39.687074829932
A_NP	309	294	A	0	0	294	39.0816326530612
A_NP	310	294	T	0	0	294	39.6258503401361
A_NP	311	293	G	1	0	292	35.6917808219178
A_NP	312	292	G	2	0	286	35.2657342657343
A_NP	313	291	A	3	0	287	34.1324041811847
A_NP	314	291	C	3	0	286	34.4125874125874
A_NP	315	289	A	5	0	286	34.5
A_NP	316	292	A	2	0	292	33.6849315068493
A_NP	317	294	G	0	0	293	32.4402730375427
A_NP	318	292	A	2	0	288	33.5034722222222
A_NP	319	293	G	1	0	288	35.2638888888889
A_NP	320	291	A	3	0	288	36.3680555555556
A_NP	321	293	A	1	0	293	35.1945392491468
A_NP	322	293	C	1	0	293	34.037542662116
A_NP	323	293	T	1	0	292	34.5650684931507
A_NP	324	294	C	0	0	292	36.3595890410959
A_NP	325	294	A	0	0	294	36.265306122449
A_NP	326	294	T	0	0	293	36.0136518771331
A_NP	327	294	C	0	0	294	38.4149659863946
A_NP	328	294	C	0	0	294	37.5510204081633
A_NP	329	294	T	0	0	292	36.9383561643836
A_NP	330	294	T	0	0	294	36.8401360544218
A_NP	331	294	T	0	0	294	38.9047619047619
A_NP	332	294	A	0	0	293	37.7440273037543
A_NP	333	294	T	0	0	294	38.6972789115646
A_NP	334	293	G	1	0	293	37.8430034129693
A_NP	335	293	A	1	0	291	38.6048109965636
A_NP	336	293	C	1	0	293	39.1433447098976
A_NP	337	293	A	1	0	292	37.6917808219178
A_NP	338	294	A	0	0	292	38.7568493150685
A_NP	339	294	A	0	0	294	37.9965986394558
A_NP	340	295	G	0	0	294	37.156462585034
A_NP	341	295	A	0	0	293	37.9453924914676
A_NP	342	294	A	1	0	293	37.9863481228669
A_NP	343	294	G	1	0	294	37.7006802721088
A_NP	344	294	A	1	0	293	38.9283276450512
A_NP	345	293	A	2	0	293	40.5665529010239
A_NP	346	293	A	2	0	293	40.6040955631399
A_NP	347	293	T	2	0	293	40.1774744027304
A_NP	348	294	A	1	0	294	38.2857142857143
A_NP	349	295	A	0	0	294	37.2312925170068
A_NP	350	294	G	1	0	293	37.542662116041
A_NP	351	292	G	3	0	291	37.5773195876289
A_NP	352	293	A	2	0	292	38.3630136986301
A_NP	353	294	G	1	0	292	38.6746575342466
A_NP	354	294	A	1	0	292	38.5753424657534
A_NP	355	294	G	1	0	293	38.7337883959044
A_NP	356	293	T	2	0	289	38.6089965397924
A_NP	357	295	T	0	0	294	39.0136054421769
A_NP	358	295	T	0	0	293	38.7440273037543
A_NP	359	294	G	1	0	292	35.9520547945205
A_NP	360	294	G	1	0	293	36.7201365187713
A_NP	361	294	C	1	0	288	36.7986111111111
A_NP	362	293	G	2	0	290	36.1724137931034
A_NP	363	293	C	2	0	292	36.4075342465753
A_NP	364	292	C	3	0	290	36.2344827586207
A_NP	365	289	A	6	0	288	35.2395833333333
A_NP	366	294	A	1	0	294	35.0272108843537
A_NP	367	294	G	1	0	294	34.8843537414966
A_NP	368	292	C	3	0	290	35.9448275862069
A_NP	369	291	A	4	0	291	34.7628865979381
A_NP	370	293	A	2	0	291	35.7938144329897
A_NP	371	293	A	2	0	293	36.1126279863481
A_NP	372	293	C	2	0	293	37.80204778157
A_NP	373	293	A	2	0	293	36.740614334471
A_NP	374	295	A	0	0	295	37.9864406779661
A_NP	375	295	T	0	0	295	37.4576271186441
A_NP	376	295	G	0	0	295	37.2508474576271
A_NP	377	295	G	0	0	295	37.1186440677966
A_NP	378	295	C	0	0	293	38.1296928327645
A_NP	379	295	G	0	0	293	37.2935153583618
A_NP	380	294	A	1	0	294	37.2517006802721
A_NP	381	295	A	0	0	294	36.9761904761905
A_NP	382	294	G	1	0	292	37.0239726027397
A_NP	383	295	A	0	0	293	37.0887372013652
A_NP	384	295	T	0	0	295	37.6372881355932
A_NP	385	295	G	0	0	294	38.1802721088435
A_NP	386	293	C	2	0	291	38.6323024054983
A_NP	387	293	A	2	0	293	37.3549488054608
A_NP	388	295	A	0	0	293	38.1023890784983
A_NP	389	295	C	0	0	293	38.6006825938567
A_NP	390	295	G	0	0	295	37.5152542372881
A_NP	391	300	G	0	0	300	37.7733333333333
A_NP	392	299	C	1	0	295	38.0372881355932
A_NP	393	299	A	1	0	296	38.0439189189189
A_NP	394	300	G	0	0	296	38.6722972972973
A_NP	395	299	G	1	0	297	38.4478114478114
A_NP	396	299	T	1	0	297	38.6936026936027
A_NP	397	299	C	1	0	296	38.5371621621622
A_NP	398	298	T	2	0	296	38.8581081081081
A_NP	399	300	T	0	0	296	39.0777027027027
A_NP	400	299	A	1	0	299	38.3110367892977
A_NP	401	300	C	0	0	300	38.25
A_NP	402	300	C	0	0	300	38.2
A_NP	403	299	C	1	0	299	39.2842809364548
A_NP	404	299	A	1	0	299	36.9197324414716
A_NP	405	299	T	1	0	299	39.5217391304348
A_NP	406	300	C	0	0	300	38.04
A_NP	407	300	T	0	0	299	38.4280936454849
A_NP	408	299	C	1	0	298	37.251677852349
A_NP	409	299	A	1	0	299	37.0200668896321
A_NP	410	299	T	1	0	296	37.9628378378378
A_NP	411	299	G	1	0	299	38.494983277592
A_NP	412	300	A	0	0	299	38.7725752508361
A_NP	413	298	T	2	0	298	39.4463087248322
A_NP	414	300	T	0	0	299	39.6889632107023
A_NP	415	300	T	0	0	300	39.9633333333333
A_NP	416	300	G	0	0	298	41.0369127516779
A_NP	417	300	G	0	0	300	40.2966666666667
A_NP	418	299	C	1	0	298	39.9362416107383
A_NP	419	299	A	1	0	299	39.4046822742475
A_NP	420	300	T	0	0	299	39.7290969899666
A_NP	421	300	T	0	0	300	39.3166666666667
A_NP	422	299	C	1	0	298	39.3523489932886
A_NP	423	300	C	0	0	299	39.3779264214047
A_NP	424	300	A	0	0	300	39.04
A_NP	425	300	A	0	0	299	38.6889632107023
A_NP	426	300	T	0	0	300	38.6366666666667
A_NP	427	299	C	1	0	299	38.5953177257525
A_NP	428	300	T	0	0	300	38.5366666666667
A_NP	429	299	G	1	0	298	39.5738255033557
A_NP	430	300	A	0	0	300	39.85
A_NP	431	300	A	0	0	299	38.6622073578595
A_NP	432	300	T	0	0	300	38.9933333333333
A_NP	433	299	G	1	0	298	39.1644295302013
A_NP	434	300	A	0	0	299	39.5317725752508
A_NP	435	300	T	0	0	300	39.5
A_NP	436	300	G	0	0	299	40.438127090301
A_NP	437	300	C	0	0	298	40.4395973154362
A_NP	438	299	C	1	0	299	39.3979933110368
A_NP	439	299	A	1	0	299	39.4816053511706
A_NP	440	300	C	0	0	300	38.7566666666667
A_NP	441	300	A	0	0	300	37.86
A_NP	442	300	T	0	0	300	38.3966666666667
A_NP	443	299	A	1	0	299	38.4214046822743
A_NP	444	299	T	1	0	299	37.9866220735786
A_NP	445	298	C	2	0	297	37.2626262626263
A_NP	446	298	A	2	0	298	37.489932885906
A_NP	447	297	G	3	0	297	37.4141414141414
A_NP	448	299	A	1	0	298	37.6476510067114
A_NP	449	299	G	1	0	299	38.0301003344482
A_NP	450	299	G	1	0	299	38.7190635451505
A_NP	451	299	A	1	0	299	39.1705685618729
A_NP	452	299	C	1	0	295	39.2881355932203
A_NP	453	300	A	0	0	300	38.4833333333333
A_NP	454	299	A	1	0	299	38.5250836120401
A_NP	455	299	G	1	0	297	38.2020202020202
A_NP	456	300	A	0	0	297	38.7104377104377
A_NP	457	300	G	0	0	299	38.933110367893
A_NP	458	300	C	0	0	300	40.8266666666667
A_NP	459	300	A	0	0	300	40.7733333333333
A_NP	460	300	C	0	0	299	40.1973244147157
A_NP	461	300	T	0	0	299	39.876254180602
A_NP	462	300	T	0	0	299	39.9464882943144
A_NP	463	300	G	0	0	299	39.6521739130435
A_NP	464	300	T	0	0	298	40.5234899328859
A_NP	465	300	C	0	0	299	40.247491638796
A_NP	466	300	C	0	0	299	39.9397993311037
A_NP	467	300	G	0	0	299	38.3846153846154
A_NP	468	300	C	0	0	300	39.06
A_NP	469	300	A	0	0	299	38.3879598662207
A_NP	470	299	C	1	0	299	38.5317725752508
A_NP	471	300	T	0	0	300	39.1
A_NP	472	299	G	1	0	299	38.742474916388
A_NP	473	300	G	0	0	300	37.58
A_NP	474	300	A	0	0	300	37.72
A_NP	475	300	A	0	0	300	38.4466666666667
A_NP	476	300	T	0	0	299	39.190635451505
A_NP	477	300	G	0	0	298	39.0134228187919
A_NP	478	300	G	0	0	299	38.8862876254181
A_NP	479	300	A	0	0	299	38.0501672240803
A_NP	480	299	T	1	0	298	37.6879194630872
A_NP	481	295	C	5	0	286	36.7937062937063
A_NP	482	299	C	1	0	298	35.7281879194631
A_NP	483	297	C	3	0	297	34.4040404040404
A_NP	484	296	A	4	0	295	32.8271186440678
A_NP	485	298	G	1	0	294	34.3401360544218
A_NP	486	299	A	0	0	298	36.4463087248322
A_NP	487	298	A	1	0	296	37.7398648648649
A_NP	488	298	T	1	0	296	39.6824324324324
A_NP	489	297	G	2	0	297	39.6195286195286
A_NP	490	299	T	0	0	299	39.943143812709
A_NP	491	298	G	1	0	298	39.6912751677852
A_NP	492	299	C	0	0	297	40.2289562289562
A_NP	493	299	T	0	0	297	40.3198653198653
A_NP	494	299	C	0	0	299	39.5250836120401
A_NP	495	298	T	1	0	298	39.7046979865772
A_NP	496	297	C	2	0	288	38.9513888888889
A_NP	497	296	T	3	0	289	39.6747404844291
A_NP	498	297	A	2	0	295	39.0135593220339
A_NP	499	297	A	2	0	297	39.3771043771044
A_NP	500	298	T	1	0	295	38.064406779661
A_NP	501	298	G	1	0	296	38.1047297297297
A_NP	502	298	C	1	0	297	38.4646464646465
A_NP	503	298	A	1	0	298	38.4295302013423
A_NP	504	299	A	0	0	299	38.1739130434783
A_NP	505	299	G	0	0	297	38.2121212121212
A_NP	506	299	G	0	0	298	38.6744966442953
A_NP	507	299	T	0	0	299	38.5785953177257
A_NP	508	298	T	1	0	297	38.3198653198653
A_NP	509	298	C	1	0	297	38.8148148148148
A_NP	510	299	A	0	0	297	39.2323232323232
A_NP	511	299	A	0	0	299	38.3879598662207
A_NP	512	299	C	0	0	298	38.0134228187919
A_NP	513	299	A	0	0	299	37.2006688963211
A_NP	514	299	C	0	0	298	36.496644295302
A_NP	515	298	T	1	0	298	36.989932885906
A_NP	516	298	T	1	0	298	36.6107382550336
A_NP	517	298	C	1	0	298	36.5268456375839
A_NP	518	299	C	0	0	297	38.3097643097643
A_NP	519	299	T	0	0	298	38.2315436241611
A_NP	520	299	A	0	0	298	36.0536912751678
A_NP	521	299	G	0	0	298	38.238255033557
A_NP	522	299	G	0	0	298	38.1342281879195
A_NP	523	299	A	0	0	299	38.6488294314381
A_NP	524	297	G	2	0	297	39.5858585858586
A_NP	525	298	G	1	0	298	38.6946308724832
A_NP	526	299	T	0	0	298	39.258389261745
A_NP	527	298	C	1	0	297	38.3771043771044
A_NP	528	299	T	0	0	298	39.2919463087248
A_NP	529	298	G	1	0	296	39.4695945945946
A_NP	530	299	G	0	0	299	39.4280936454849
A_NP	531	299	T	0	0	298	39.9463087248322
A_NP	532	299	G	0	0	298	39.996644295302
A_NP	533	299	C	0	0	299	40.6153846153846
A_NP	534	299	C	0	0	297	39.3164983164983
A_NP	535	299	G	0	0	299	38.0501672240803
A_NP	536	299	C	0	0	298	36.8993288590604
A_NP	537	299	A	0	0	299	36.5217391304348
A_NP	538	299	G	0	0	298	36.8221476510067
A_NP	539	299	G	0	0	299	37.4080267558528
A_NP	540	299	T	0	0	296	39.8378378378378
A_NP	541	299	G	0	0	299	39.7290969899666
A_NP	542	299	C	0	0	298	39.4295302013423
A_NP	543	299	T	0	0	297	39.5252525252525
A_NP	544	299	G	0	0	299	38.9130434782609
A_NP	545	299	C	0	0	298	39.0771812080537
A_NP	546	299	A	0	0	299	36.9899665551839
A_NP	547	298	G	1	0	298	36.3691275167785
A_NP	548	297	T	2	0	297	36.9124579124579
A_NP	549	297	A	2	0	297	36.1346801346801
A_NP	550	297	A	2	0	296	36.6621621621622
A_NP	551	298	A	1	0	298	37.4295302013423
A_NP	552	298	A	1	0	298	37.4261744966443
A_NP	553	299	G	0	0	299	37.9765886287625
A_NP	554	299	G	0	0	299	39.2140468227425
A_NP	555	299	A	0	0	299	39.7993311036789
A_NP	556	299	G	0	0	298	38.506711409396
A_NP	557	299	T	0	0	299	39.1170568561873
A_NP	558	299	T	0	0	299	38.9832775919732
A_NP	559	298	G	1	0	297	38.1818181818182
A_NP	560	299	G	0	0	299	38.3946488294314
A_NP	561	299	A	0	0	298	39.7013422818792
A_NP	562	298	A	1	0	298	39.9463087248322
A_NP	563	298	C	1	0	297	39.4006734006734
A_NP	564	298	A	1	0	297	39.3670033670034
A_NP	565	299	A	0	0	298	39.2919463087248
A_NP	566	299	T	0	0	297	39.8855218855219
A_NP	567	299	A	0	0	292	37.7294520547945
A_NP	568	299	G	0	0	296	38.0405405405405
A_NP	569	299	C	0	0	297	38.8518518518519
A_NP	570	298	T	1	0	295	38.5966101694915
A_NP	571	298	A	1	0	295	38.4677966101695
A_NP	572	299	T	0	0	296	38.8310810810811
A_NP	573	301	G	0	0	301	39.2558139534884
A_NP	574	301	G	0	0	301	39.5581395348837
A_NP	575	301	A	0	0	301	39.8305647840532
A_NP	576	301	G	0	0	301	39.4451827242525
A_NP	577	301	T	0	0	301	39.1594684385382
A_NP	578	300	T	1	0	300	38.5366666666667
A_NP	579	300	A	1	0	300	38.4633333333333
A_NP	580	300	A	1	0	300	39.4133333333333
A_NP	581	301	T	0	0	301	40.5880398671096
A_NP	582	301	C	0	0	299	40.4548494983278
A_NP	583	301	A	0	0	300	40.1966666666667
A_NP	584	301	G	0	0	301	39.3521594684385
A_NP	585	301	A	0	0	301	39.3820598006645
A_NP	586	301	A	0	0	301	39.421926910299
A_NP	587	301	T	0	0	301	39.0797342192691
A_NP	588	301	G	0	0	301	39.687707641196
A_NP	589	301	A	0	0	301	40.7375415282392
A_NP	590	301	T	0	0	300	41.4166666666667
A_NP	591	301	A	0	0	299	40.5886287625418
A_NP	592	301	A	0	0	301	41.2392026578073
A_NP	593	301	A	0	0	301	42.0963455149502
A_NP	594	301	A	0	0	301	41.8504983388704
A_NP	595	301	C	0	0	299	41.314381270903
A_NP	596	301	G	0	0	301	40.6710963455149
A_NP	597	301	T	0	0	301	41.1694352159468
A_NP	598	301	G	0	0	301	40.843853820598
A_NP	599	301	G	0	0	301	40.6079734219269
A_NP	600	301	A	0	0	298	41.4328859060403
A_NP	601	301	A	0	0	301	42.1661129568106
A_NP	602	301	T	0	0	301	41.6744186046512
A_NP	603	301	C	0	0	300	41.3466666666667
A_NP	604	301	A	0	0	300	41.3133333333333
A_NP	605	301	A	0	0	301	41.2358803986711
A_NP	606	301	T	0	0	301	40.953488372093
A_NP	607	301	G	0	0	300	40.1866666666667
A_NP	608	301	A	0	0	299	40.3879598662207
A_NP	609	299	C	1	0	299	41.866220735786
A_NP	610	300	C	0	0	299	40.0769230769231
A_NP	611	299	G	1	0	299	39.6387959866221
A_NP	612	298	A	2	0	297	39.1784511784512
A_NP	613	300	A	0	0	299	39.0334448160535
A_NP	614	300	A	0	0	300	39.2933333333333
A_NP	615	300	T	0	0	300	40.3066666666667
A_NP	616	300	T	0	0	300	40.37
A_NP	617	299	T	1	0	299	41.1204013377926
A_NP	618	298	C	2	0	298	39.7281879194631
A_NP	619	300	T	0	0	299	39.3745819397993
A_NP	620	300	G	0	0	300	39.1566666666667
A_NP	621	300	G	0	0	297	39.8855218855219
A_NP	622	300	A	0	0	298	39.1711409395973
A_NP	623	299	G	2	0	297	40.1447811447811
A_NP	624	301	G	0	0	301	39.5348837209302
A_NP	625	301	G	0	0	301	39.8073089700997
A_NP	626	301	G	0	0	301	39.2126245847176
A_NP	627	301	T	0	0	298	39.3255033557047
A_NP	628	300	G	0	0	300	38.5133333333333
A_NP	629	299	A	1	0	298	38.0369127516779
A_NP	630	300	A	0	0	300	39.02
A_NP	631	300	A	0	0	300	40.25
A_NP	632	298	A	2	0	294	42.8945578231293
A_NP	633	298	T	2	0	296	42.8006756756757
A_NP	634	298	G	2	0	297	40.8619528619529
A_NP	635	300	G	0	0	300	41.15
A_NP	636	300	A	0	0	300	40.14
A_NP	637	300	C	0	0	297	37.2558922558923
A_NP	638	299	G	0	0	297	33.8922558922559
A_NP	639	300	A	0	0	300	32.2633333333333
A_NP	640	300	A	0	0	298	33.2818791946309
A_NP	641	300	G	0	0	299	33.4414715719064
A_NP	642	300	G	0	0	299	36.1973244147157
A_NP	643	300	A	0	0	299	37.0234113712375
A_NP	644	299	C	1	0	299	39.0869565217391
A_NP	645	299	A	1	0	299	37.6822742474916
A_NP	646	300	A	0	0	300	37.1733333333333
A_NP	647	300	G	0	0	300	36.2833333333333
A_NP	648	300	A	0	0	300	36.0933333333333
A_NP	649	300	A	0	0	299	37.4180602006689
A_NP	650	300	T	0	0	300	38.3266666666667
A_NP	651	300	T	0	0	300	37.7133333333333
A_NP	652	300	G	0	0	299	36.9598662207358
A_NP	653	300	C	0	0	299	36.8127090301003
A_NP	654	300	T	0	0	299	37.1839464882943
A_NP	655	300	T	0	0	300	36.8533333333333
A_NP	656	300	A	0	0	300	36.92
A_NP	657	300	T	0	0	297	37.0606060606061
A_NP	658	300	G	0	0	297	36.962962962963
A_NP	659	299	A	1	0	299	39.133779264214
A_NP	660	300	A	0	0	300	39.3333333333333
A_NP	661	300	A	0	0	300	40.1433333333333
A_NP	662	300	G	0	0	300	40.4666666666667
A_NP	663	300	A	0	0	300	42.1966666666667
A_NP	664	300	A	0	0	300	42.0633333333333
A_NP	665	300	T	0	0	299	41.9464882943144
A_NP	666	300	G	0	0	300	42.0266666666667
A_NP	667	300	T	0	0	298	41.9597315436242
A_NP	668	300	G	0	0	300	42.05
A_NP	669	299	C	2	0	299	41.9264214046823
A_NP	670	296	A	5	0	294	41.1292517006803
A_NP	671	301	A	0	0	300	40.6166666666667
A_NP	672	301	T	0	0	300	40.97
A_NP	673	300	A	1	0	299	40.0066889632107
A_NP	674	301	T	0	0	300	40.4733333333333
A_NP	675	296	C	5	0	296	39.5371621621622
A_NP	676	300	C	1	0	299	39.2441471571906
A_NP	677	300	T	1	0	299	39.494983277592
A_NP	678	300	C	1	0	297	37.3232323232323
A_NP	679	300	A	1	0	298	37.748322147651
A_NP	680	301	A	0	0	301	38.2059800664452
A_NP	681	301	A	0	0	300	39.6
A_NP	682	301	G	0	0	301	38.7906976744186
A_NP	683	301	G	0	0	301	40.4352159468439
A_NP	684	301	A	0	0	300	40.1333333333333
A_NP	685	301	A	0	0	301	39.4750830564784
A_NP	686	301	A	0	0	300	41.4866666666667
A_NP	687	301	A	0	0	301	39.9003322259136
A_NP	688	301	T	0	0	301	40.3621262458472
A_NP	689	301	T	0	0	300	40.8066666666667
A_NP	690	301	T	0	0	301	41.3421926910299
A_NP	691	301	C	0	0	300	39.4633333333333
A_NP	692	301	A	0	0	300	39.41
A_NP	693	301	A	0	0	300	39.0633333333333
A_NP	694	301	A	0	0	301	39.1727574750831
A_NP	695	301	C	0	0	301	38.4983388704319
A_NP	696	301	A	0	0	301	38.4950166112957
A_NP	697	300	G	1	0	299	37.8227424749164
A_NP	698	301	C	0	0	301	36.936877076412
A_NP	699	300	T	1	0	300	38.4466666666667
A_NP	700	299	G	2	0	299	37.3879598662207
A_NP	701	293	C	8	0	293	38.0682593856655
A_NP	702	301	C	0	0	300	38.5433333333333
A_NP	703	301	C	0	0	300	38.3833333333333
A_NP	704	301	A	0	0	301	35.7441860465116
A_NP	705	300	G	0	0	300	37.2133333333333
A_NP	706	300	A	0	0	299	38.8327759197324
A_NP	707	300	G	0	0	300	39.3033333333333
A_NP	708	300	G	0	0	300	39.34
A_NP	709	300	G	0	0	300	38.3733333333333
A_NP	710	299	C	1	0	299	38.0334448160535
A_NP	711	299	A	1	0	299	35.6153846153846
A_NP	712	298	A	2	0	296	37.3175675675676
A_NP	713	298	T	2	0	298	37.996644295302
A_NP	714	299	G	1	0	297	38.6666666666667
A_NP	715	299	A	1	0	299	39.0033444816054
A_NP	716	299	T	1	0	299	40.5117056856187
A_NP	717	298	G	2	0	295	37.2474576271186
A_NP	718	299	G	1	0	289	37.038062283737
A_NP	719	300	A	0	0	299	36.180602006689
A_NP	720	299	T	0	0	296	36.6858108108108
A_NP	721	293	C	6	0	283	36.4593639575972
A_NP	722	299	A	0	0	297	35.5791245791246
A_NP	723	297	A	2	0	296	35.1013513513514
A_NP	724	296	G	3	0	294	35.4931972789116
A_NP	725	297	T	2	0	293	35.9249146757679
A_NP	726	293	A	6	0	293	34.7952218430034
A_NP	727	298	A	1	0	297	34.4175084175084
A_NP	728	297	G	2	0	297	35.4478114478114
A_NP	729	298	A	1	0	296	36.847972972973
A_NP	730	299	G	0	0	298	39.4429530201342
A_NP	731	292	A	7	0	291	40.3127147766323
A_NP	732	299	A	0	0	299	40.0468227424749
A_NP	733	299	A	0	0	299	39.8528428093645
A_NP	734	297	G	2	0	295	39.2677966101695
A_NP	735	297	T	2	0	296	39.1722972972973
A_NP	736	299	C	0	0	298	37.5704697986577
A_NP	737	299	G	0	0	295	37.9050847457627
A_NP	738	299	A	0	0	299	37.0200668896321
A_NP	739	299	A	0	0	298	38.496644295302
A_NP	740	299	A	0	0	299	37.2441471571906
A_NP	741	299	C	0	0	299	36.876254180602
A_NP	742	299	C	0	0	299	38.9197324414716
A_NP	743	299	C	0	0	299	37.7926421404682
A_NP	744	298	A	1	0	298	35.4496644295302
A_NP	745	299	G	0	0	299	36.3946488294314
A_NP	746	298	G	1	0	298	38.1409395973154
A_NP	747	298	A	1	0	298	38.3523489932886
A_NP	748	299	A	0	0	299	38.5652173913044
A_NP	749	299	A	0	0	299	37.8026755852843
A_NP	750	299	C	0	0	299	35.5351170568562
A_NP	751	299	G	0	0	299	35.8160535117057
A_NP	752	299	C	0	0	299	37.4013377926421
A_NP	753	299	T	0	0	299	36.6722408026756
A_NP	754	299	G	0	0	299	37.0401337792642
A_NP	755	298	A	1	0	297	38.2693602693603
A_NP	756	299	A	0	0	299	39.8795986622074
A_NP	757	299	A	0	0	298	40.493288590604
A_NP	758	299	T	0	0	299	41.4816053511706
A_NP	759	299	T	0	0	297	41.976430976431
A_NP	760	299	G	0	0	297	40.5993265993266
A_NP	761	299	A	0	0	297	40.96632996633
A_NP	762	298	A	1	0	297	40.3468013468013
A_NP	763	296	G	3	0	295	38.4169491525424
A_NP	764	297	A	2	0	295	39.0745762711864
A_NP	765	297	C	2	0	296	40.6317567567568
A_NP	766	298	C	1	0	298	39.496644295302
A_NP	767	298	T	1	0	297	39.5319865319865
A_NP	768	298	C	1	0	297	36.7744107744108
A_NP	769	297	A	2	0	297	36.6969696969697
A_NP	770	295	T	4	0	294	36.5034013605442
A_NP	771	298	T	1	0	297	38.7845117845118
A_NP	772	299	T	0	0	298	40.8758389261745
A_NP	773	296	T	2	0	296	40.0304054054054
A_NP	774	296	C	2	0	296	40.4189189189189
A_NP	775	298	C	0	0	296	42.0777027027027
A_NP	776	296	T	2	0	296	39.7128378378378
A_NP	777	292	G	6	0	290	38.3586206896552
A_NP	778	297	G	1	0	297	39.3063973063973
A_NP	779	297	C	1	0	294	39.1258503401361
A_NP	780	294	G	4	0	293	39.1569965870307
A_NP	781	294	C	4	0	293	39.3720136518771
A_NP	782	294	G	4	0	291	38.1821305841924
A_NP	783	294	G	4	0	293	37.4368600682594
A_NP	784	294	T	4	0	293	37.5733788395904
A_NP	785	297	C	1	0	294	37.5918367346939
A_NP	786	298	A	0	0	297	37.7811447811448
A_NP	787	298	G	0	0	298	37.7181208053691
A_NP	788	298	C	0	0	297	38.2996632996633
A_NP	789	298	A	0	0	298	37.8993288590604
A_NP	790	297	C	1	0	297	38.4983164983165
A_NP	791	298	T	0	0	297	38.3703703703704
A_NP	792	298	C	0	0	298	35.9697986577181
A_NP	793	298	A	0	0	297	34.8215488215488
A_NP	794	298	T	0	0	298	35.489932885906
A_NP	795	298	T	0	0	298	35.7751677852349
A_NP	796	298	C	0	0	298	35.5402684563758
A_NP	797	298	T	0	0	296	36.5101351351351
A_NP	798	297	G	1	0	295	36.3898305084746
A_NP	799	297	A	1	0	297	35.7845117845118
A_NP	800	294	G	4	0	292	35.6198630136986
A_NP	801	298	G	0	0	298	36.0872483221477
A_NP	802	298	G	0	0	298	38.7684563758389
A_NP	803	298	G	0	0	297	38.6666666666667
A_NP	804	298	A	0	0	297	39.026936026936
A_NP	805	298	T	0	0	298	40.0570469798658
A_NP	806	298	C	0	0	293	38.3788395904437
A_NP	807	298	A	0	0	298	38.0704697986577
A_NP	808	298	G	0	0	298	37.510067114094
A_NP	809	298	T	0	0	298	37.3590604026846
A_NP	810	298	T	0	0	298	37.5436241610738
A_NP	811	298	G	0	0	298	38.5201342281879
A_NP	812	298	C	0	0	298	38.8657718120805
A_NP	813	298	A	0	0	298	39.6073825503356
A_NP	814	297	C	1	0	297	39.4511784511784
A_NP	815	298	A	0	0	298	38.4328859060403
A_NP	816	298	T	0	0	298	37.9496644295302
A_NP	817	298	A	0	0	298	37.2885906040268
A_NP	818	298	A	0	0	298	37.989932885906
A_NP	819	298	A	0	0	298	37.7214765100671
A_NP	820	298	T	0	0	298	38.2046979865772
A_NP	821	296	C	1	0	296	38.1013513513514
A_NP	822	297	C	0	0	297	38.7777777777778
A_NP	823	297	T	0	0	297	38.6902356902357
A_NP	824	297	G	0	0	297	39.4848484848485
A_NP	825	296	C	1	0	296	40.8006756756757
A_NP	826	297	C	0	0	297	40.4949494949495
A_NP	827	297	T	0	0	297	40.0774410774411
A_NP	828	297	G	0	0	297	39.9427609427609
A_NP	829	297	C	0	0	297	41.3063973063973
A_NP	830	297	C	0	0	297	41.2087542087542
A_NP	831	296	T	1	0	296	41.5337837837838
A_NP	832	297	G	0	0	297	40.969696969697
A_NP	833	297	C	0	0	297	40.8215488215488
A_NP	834	297	T	0	0	297	40.9057239057239
A_NP	835	295	T	2	0	294	41.8367346938776
A_NP	836	295	G	2	0	294	40.8877551020408
A_NP	837	295	T	2	0	295	41.9084745762712
A_NP	838	297	G	0	0	297	42.2390572390572
A_NP	839	297	T	0	0	297	42.6195286195286
A_NP	840	297	G	0	0	297	41.2929292929293
A_NP	841	295	T	2	0	295	42.7728813559322
A_NP	842	297	A	0	0	297	42.016835016835
A_NP	843	297	T	0	0	297	41.6902356902357
A_NP	844	297	G	0	0	296	41.4797297297297
A_NP	845	297	G	0	0	296	41.4222972972973
A_NP	846	297	G	0	0	296	41.8141891891892
A_NP	847	297	C	0	0	296	41.0337837837838
A_NP	848	297	T	0	0	296	41.4695945945946
A_NP	849	297	T	0	0	297	41.8417508417508
A_NP	850	297	G	0	0	296	41.1216216216216
A_NP	851	297	C	0	0	297	41.1447811447811
A_NP	852	296	A	1	0	296	41.0405405405405
A_NP	853	296	G	1	0	296	40.6317567567568
A_NP	854	296	T	1	0	296	40.2939189189189
A_NP	855	297	A	0	0	297	39.3164983164983
A_NP	856	297	G	0	0	297	38.5151515151515
A_NP	857	297	C	0	0	297	39.2424242424242
A_NP	858	297	A	0	0	297	38.5791245791246
A_NP	859	297	A	0	0	294	39.2687074829932
A_NP	860	297	G	0	0	296	39.597972972973
A_NP	861	297	T	0	0	297	39.5858585858586
A_NP	862	297	G	0	0	297	39.4343434343434
A_NP	863	297	G	0	0	297	38.9292929292929
A_NP	864	296	C	0	0	295	39.4406779661017
A_NP	865	296	C	0	0	296	39.2635135135135
A_NP	866	296	A	0	0	296	39.2905405405405
A_NP	867	296	T	0	0	296	39.7837837837838
A_NP	868	296	G	0	0	296	38.9121621621622
A_NP	869	296	A	0	0	296	39.3817567567568
A_NP	870	296	C	0	0	296	38.6283783783784
A_NP	871	295	T	1	0	295	37.8305084745763
A_NP	872	295	T	1	0	295	38.6576271186441
A_NP	873	296	T	0	0	296	38.8648648648649
A_NP	874	296	G	0	0	295	37.535593220339
A_NP	875	296	A	0	0	296	38.9831081081081
A_NP	876	296	G	0	0	295	38.9050847457627
A_NP	877	296	A	0	0	296	38.2533783783784
A_NP	878	291	G	5	0	289	39.8062283737024
A_NP	879	296	G	0	0	296	39.5
A_NP	880	296	G	0	0	296	41.0067567567568
A_NP	881	295	A	1	0	295	40.4610169491525
A_NP	882	293	A	3	0	292	41.1335616438356
A_NP	883	293	G	3	0	293	40.0238907849829
A_NP	884	294	G	2	0	294	40.3401360544218
A_NP	885	295	G	1	0	293	41.1399317406143
A_NP	886	294	T	1	0	287	41.1184668989547
A_NP	887	295	A	0	0	294	40.8843537414966
A_NP	888	295	C	0	0	291	40.8144329896907
A_NP	889	293	T	2	0	289	40.2698961937716
A_NP	890	294	C	1	0	288	39.6215277777778
A_NP	891	294	A	1	0	293	39.3856655290102
A_NP	892	294	C	1	0	293	39.2013651877133
A_NP	893	294	T	1	0	294	38.8979591836735
A_NP	894	295	G	0	0	291	34.4226804123711
A_NP	895	295	G	0	0	294	33.6360544217687
A_NP	896	295	T	0	0	295	32.6305084745763
A_NP	897	295	C	0	0	287	31.5644599303136
A_NP	898	293	G	2	0	291	30.9518900343643
A_NP	899	293	G	2	0	292	31.0787671232877
A_NP	900	292	A	3	0	291	31.1546391752577
A_NP	901	295	A	0	0	293	31.9112627986348
A_NP	902	295	T	0	0	293	33.3788395904437
A_NP	903	295	A	0	0	293	33.8430034129693
A_NP	904	294	G	0	0	292	33.1404109589041
A_NP	905	292	A	2	0	289	33.3840830449827
A_NP	906	290	C	4	0	289	33.5467128027682
A_NP	907	294	C	0	0	294	33.8741496598639
A_NP	908	294	C	0	0	291	34.7182130584192
A_NP	909	294	A	0	0	293	34.2013651877133
A_NP	910	294	T	0	0	294	36.3367346938776
A_NP	911	294	T	0	0	294	37.3605442176871
A_NP	912	294	C	0	0	293	36.2764505119454
A_NP	913	293	A	1	0	292	35.9691780821918
A_NP	914	294	A	0	0	293	36.6006825938567
A_NP	915	294	A	0	0	294	36.5340136054422
A_NP	916	294	T	0	0	294	36.7006802721088
A_NP	917	294	T	0	0	293	37.5255972696246
A_NP	918	294	A	0	0	293	37.1911262798635
A_NP	919	294	C	0	0	292	37.4075342465753
A_NP	920	294	T	0	0	293	37.2901023890785
A_NP	921	292	C	2	0	292	37.458904109589
A_NP	922	294	C	0	0	293	37.1399317406143
A_NP	923	294	A	0	0	294	38.0136054421769
A_NP	924	294	A	0	0	294	39.4863945578231
A_NP	925	294	A	0	0	294	41.2040816326531
A_NP	926	294	A	0	0	293	41.2832764505119
A_NP	927	294	C	0	0	293	41.6587030716724
A_NP	928	294	A	0	0	294	40.1054421768707
A_NP	929	294	G	0	0	294	40.5612244897959
A_NP	930	294	T	0	0	294	40.9489795918367
A_NP	931	294	C	0	0	293	40.8122866894198
A_NP	932	294	A	0	0	294	40.4863945578231
A_NP	933	294	A	0	0	294	41.3605442176871
A_NP	934	294	G	0	0	294	40.5646258503401
A_NP	935	294	T	0	0	294	40.6836734693878
A_NP	936	294	G	0	0	294	39.8979591836735
A_NP	937	294	G	0	0	294	41.0680272108844
A_NP	938	294	T	0	0	293	40.5085324232082
A_NP	939	293	C	1	0	293	39.8156996587031
A_NP	940	294	A	0	0	294	40.9183673469388
A_NP	941	294	G	0	0	294	41.3061224489796
A_NP	942	294	C	0	0	294	41.1394557823129
A_NP	943	294	C	0	0	293	42.0273037542662
A_NP	944	294	T	0	0	293	42.1706484641638
A_NP	945	294	G	0	0	293	40.6279863481229
A_NP	946	294	A	0	0	294	41.2891156462585
A_NP	947	294	T	0	0	294	41.0204081632653
A_NP	948	293	G	1	0	290	41.0758620689655
A_NP	949	294	A	0	0	292	40.3595890410959
A_NP	950	294	G	0	0	291	40.106529209622
A_NP	951	294	A	0	0	293	39.3003412969283
A_NP	952	294	C	0	0	293	40.3003412969283
A_NP	953	294	C	0	0	292	39.7397260273973
A_NP	954	264	A	30	0	262	39.4656488549618
A_NP	955	294	A	0	0	293	39.5972696245734
A_NP	956	294	A	0	0	293	40.8122866894198
A_NP	957	294	T	0	0	293	40.2354948805461
A_NP	958	292	G	2	0	288	39.9097222222222
A_NP	959	288	A	6	0	285	39.4912280701754
A_NP	960	293	A	1	0	292	39.6883561643836
A_NP	961	293	A	1	0	291	40.0721649484536
A_NP	962	293	A	1	0	293	40.7235494880546
A_NP	963	294	T	1	0	292	40.2979452054795
A_NP	964	294	C	1	0	293	39.6313993174061
A_NP	965	295	C	0	0	294	39.3877551020408
A_NP	966	295	A	0	0	295	39.0033898305085
A_NP	967	295	G	0	0	295	38.6779661016949
A_NP	968	291	C	4	0	290	38.6758620689655
A_NP	969	295	C	0	0	295	38.335593220339
A_NP	970	295	C	0	0	293	37.2798634812287
A_NP	971	295	A	0	0	295	36.2372881355932
A_NP	972	295	C	0	0	293	33.8737201365188
A_NP	973	295	A	0	0	295	32.3389830508475
A_NP	974	295	A	0	0	294	33.6190476190476
A_NP	975	295	G	0	0	293	35.3924914675768
A_NP	976	295	A	0	0	295	36.471186440678
A_NP	977	295	G	0	0	295	36.9322033898305
A_NP	978	295	T	0	0	295	37.8305084745763
A_NP	979	294	C	1	0	294	37.4081632653061
A_NP	980	295	A	0	0	294	39.0068027210884
A_NP	981	295	A	0	0	295	39.271186440678
A_NP	982	295	C	0	0	295	40.0101694915254
A_NP	983	295	T	0	0	295	40.0440677966102
A_NP	984	294	G	1	0	293	40.962457337884
A_NP	985	295	G	0	0	295	39.9932203389831
A_NP	986	295	T	0	0	294	40.7585034013605
A_NP	987	295	A	0	0	295	40.2508474576271
A_NP	988	295	T	0	0	294	41.1190476190476
A_NP	989	294	G	0	0	293	41.5358361774744
A_NP	990	294	G	0	0	294	41.4489795918367
A_NP	991	294	A	0	0	294	41.8061224489796
A_NP	992	294	T	0	0	294	42.3945578231293
A_NP	993	293	G	1	0	293	41.7235494880546
A_NP	994	294	G	0	0	294	41.4387755102041
A_NP	995	294	C	0	0	293	40.5221843003413
A_NP	996	294	A	0	0	294	40.1734693877551
A_NP	997	294	T	0	0	294	40.4319727891156
A_NP	998	294	G	0	0	294	39.0952380952381
A_NP	999	294	C	0	0	292	39.5034246575342
A_NP	1000	294	C	0	0	293	39.8122866894198
A_NP	1001	294	A	0	0	294	39.5918367346939
A_NP	1002	295	C	0	0	295	39.2372881355932
A_NP	1003	295	T	0	0	293	39.8464163822526
A_NP	1004	295	C	0	0	290	40.0620689655172
A_NP	1005	295	C	0	0	292	39.1609589041096
A_NP	1006	298	G	0	0	297	36.9259259259259
A_NP	1007	298	C	0	0	298	36.4463087248322
A_NP	1008	298	T	0	0	298	35.8322147651007
A_NP	1009	297	G	1	0	297	36.7104377104377
A_NP	1010	298	C	0	0	298	38.2885906040268
A_NP	1011	298	A	0	0	296	39.3074324324324
A_NP	1012	298	T	0	0	297	39.7205387205387
A_NP	1013	298	T	0	0	298	39.8355704697987
A_NP	1014	298	T	0	0	298	40.2114093959732
A_NP	1015	298	G	0	0	298	39.0838926174497
A_NP	1016	298	A	0	0	298	39.5838926174497
A_NP	1017	298	A	0	0	297	39.8821548821549
A_NP	1018	296	G	2	0	295	39.3389830508475
A_NP	1019	298	A	0	0	297	38.7946127946128
A_NP	1020	297	T	1	0	296	39.2432432432432
A_NP	1021	297	T	1	0	297	38.3602693602694
A_NP	1022	297	T	1	0	297	37.7373737373737
A_NP	1023	298	G	0	0	296	36.2533783783784
A_NP	1024	297	A	1	0	297	36.3737373737374
A_NP	1025	298	G	0	0	297	36.952861952862
A_NP	1026	298	A	0	0	296	38.0777027027027
A_NP	1027	296	G	2	0	295	39.5932203389831
A_NP	1028	298	T	0	0	297	39.5555555555556
A_NP	1029	298	A	0	0	297	39.993265993266
A_NP	1030	298	T	0	0	297	39.986531986532
A_NP	1031	297	C	1	0	296	38.9662162162162
A_NP	1032	297	A	1	0	296	39.1993243243243
A_NP	1033	298	A	0	0	298	39.4026845637584
A_NP	1034	298	G	0	0	297	38.6936026936027
A_NP	1035	298	T	0	0	296	39.402027027027
A_NP	1036	298	T	0	0	298	40.5671140939597
A_NP	1037	298	T	0	0	295	42.3322033898305
A_NP	1038	298	C	0	0	296	39.6047297297297
A_NP	1039	298	A	0	0	296	39.0371621621622
A_NP	1040	298	T	0	0	298	39.6275167785235
A_NP	1041	297	A	1	0	297	38.1717171717172
A_NP	1042	295	A	3	0	295	37.9220338983051
A_NP	1043	276	G	22	0	275	36.4581818181818
A_NP	1044	297	G	1	0	297	37.4309764309764
A_NP	1045	298	G	0	0	298	38.5436241610738
A_NP	1046	297	G	1	0	294	37.7006802721088
A_NP	1047	293	A	5	0	290	38.948275862069
A_NP	1048	298	A	0	0	298	40.2348993288591
A_NP	1049	298	A	0	0	296	41.3682432432432
A_NP	1050	298	G	0	0	293	40.1569965870307
A_NP	1051	297	A	1	0	295	40.9186440677966
A_NP	1052	298	A	0	0	297	40.4343434343434
A_NP	1053	298	A	0	0	296	40.2601351351351
A_NP	1054	298	G	0	0	296	39.1385135135135
A_NP	1055	298	T	0	0	296	39.5540540540541
A_NP	1056	298	G	0	0	295	39.4
A_NP	1057	298	A	0	0	297	38.1919191919192
A_NP	1058	298	T	0	0	296	37.2128378378378
A_NP	1059	296	C	2	0	294	34.7108843537415
A_NP	1060	298	C	0	0	296	35.1925675675676
A_NP	1061	298	C	0	0	298	35.996644295302
A_NP	1062	294	A	3	0	293	31.2696245733788
A_NP	1063	296	A	1	0	296	33.8378378378378
A_NP	1064	296	G	1	0	295	35.0745762711864
A_NP	1065	296	A	1	0	296	33.8344594594595
A_NP	1066	296	G	1	0	294	33.7823129251701
A_NP	1067	297	G	0	0	295	37.3220338983051
A_NP	1068	297	A	0	0	297	37.3939393939394
A_NP	1069	296	A	1	0	296	37.7871621621622
A_NP	1070	296	A	1	0	295	38.9762711864407
A_NP	1071	296	G	1	0	295	39.1220338983051
A_NP	1072	296	C	1	0	294	39.1054421768707
A_NP	1073	296	T	1	0	296	39.0641891891892
A_NP	1074	297	T	0	0	296	39.1418918918919
A_NP	1075	297	T	0	0	296	39.9425675675676
A_NP	1076	297	C	0	0	297	39.020202020202
A_NP	1077	297	C	0	0	296	39.4594594594595
A_NP	1078	296	A	1	0	295	36.3084745762712
A_NP	1079	296	C	1	0	294	35.3639455782313
A_NP	1080	290	A	7	0	289	33.6955017301038
A_NP	1081	296	A	1	0	296	31.2432432432432
A_NP	1082	297	G	0	0	297	31.7575757575758
A_NP	1083	296	A	1	0	296	31.597972972973
A_NP	1084	296	G	1	0	296	30.4391891891892
A_NP	1085	297	G	0	0	297	33.037037037037
A_NP	1086	297	G	0	0	297	36.1750841750842
A_NP	1087	297	G	0	0	295	36.8203389830508
A_NP	1088	297	T	0	0	297	37.6094276094276
A_NP	1089	297	T	0	0	296	38.2364864864865
A_NP	1090	297	C	0	0	297	37.4781144781145
A_NP	1091	295	A	2	0	294	38.0612244897959
A_NP	1092	297	G	0	0	296	38.3547297297297
A_NP	1093	296	A	1	0	296	38.8716216216216
A_NP	1094	297	T	0	0	297	39.3063973063973
A_NP	1095	297	T	0	0	296	40.5608108108108
A_NP	1096	297	G	0	0	293	40.962457337884
A_NP	1097	297	C	0	0	297	40.3131313131313
A_NP	1098	296	T	1	0	295	39.9661016949153
A_NP	1099	297	T	0	0	297	39.4713804713805
A_NP	1100	297	C	0	0	297	39.2289562289562
A_NP	1101	296	A	1	0	296	39.3209459459459
A_NP	1102	297	A	0	0	297	40.026936026936
A_NP	1103	297	A	0	0	297	39.7609427609428
A_NP	1104	297	T	0	0	297	38.4915824915825
A_NP	1105	297	G	0	0	294	38.8469387755102
A_NP	1106	297	A	0	0	296	38.9155405405405
A_NP	1107	297	G	0	0	295	38.8067796610169
A_NP	1108	297	A	0	0	296	38.8243243243243
A_NP	1109	297	A	0	0	297	38.5925925925926
A_NP	1110	297	T	0	0	297	38.6632996632997
A_NP	1111	296	G	1	0	296	39.2871621621622
A_NP	1112	296	T	1	0	296	40.125
A_NP	1113	296	G	1	0	296	40.6689189189189
A_NP	1114	297	G	0	0	297	40.9225589225589
A_NP	1115	297	A	0	0	295	40.9830508474576
A_NP	1116	297	A	0	0	296	42.1655405405405
A_NP	1117	297	A	0	0	297	42.5690235690236
A_NP	1118	297	C	0	0	296	43.0439189189189
A_NP	1119	297	C	0	0	296	42.4358108108108
A_NP	1120	297	A	0	0	297	41.8181818181818
A_NP	1121	297	T	0	0	296	41.4324324324324
A_NP	1122	297	G	0	0	296	39.9290540540541
A_NP	1123	297	G	0	0	294	39.7414965986395
A_NP	1124	297	A	0	0	295	39.5864406779661
A_NP	1125	297	C	0	0	296	39.2668918918919
A_NP	1126	296	T	1	0	296	39.5236486486486
A_NP	1127	294	C	2	0	293	39.5938566552901
A_NP	1128	294	C	2	0	292	40.4417808219178
A_NP	1129	295	A	1	0	295	39.5220338983051
A_NP	1130	295	A	1	0	295	39.6474576271186
A_NP	1131	295	C	1	0	293	39.580204778157
A_NP	1132	295	A	1	0	294	38.6122448979592
A_NP	1133	296	C	0	0	294	39.0408163265306
A_NP	1134	296	C	0	0	296	38.1182432432432
A_NP	1135	297	C	0	0	297	37.5488215488216
A_NP	1136	296	T	1	0	296	36.6858108108108
A_NP	1137	297	G	0	0	296	37.3412162162162
A_NP	1138	297	G	0	0	293	37.4880546075085
A_NP	1139	296	A	1	0	296	37.4797297297297
A_NP	1140	296	A	1	0	293	38.098976109215
A_NP	1141	295	C	2	0	294	38.4727891156463
A_NP	1142	294	T	3	0	294	38.8299319727891
A_NP	1143	295	A	2	0	293	37.962457337884
A_NP	1144	295	A	2	0	293	38.2389078498294
A_NP	1145	295	G	2	0	293	37.6962457337884
A_NP	1146	295	A	2	0	295	38.1322033898305
A_NP	1147	296	A	1	0	296	39.3209459459459
A_NP	1148	296	G	1	0	294	40.4081632653061
A_NP	1149	297	C	0	0	296	41.3344594594595
A_NP	1150	297	A	0	0	297	41.4309764309764
A_NP	1151	297	G	0	0	297	41.4747474747475
A_NP	1152	297	A	0	0	297	40.4713804713805
A_NP	1153	297	T	0	0	297	40.8787878787879
A_NP	1154	296	A	1	0	296	39.7601351351351
A_NP	1155	296	C	1	0	295	38.7864406779661
A_NP	1156	296	T	1	0	296	39.0101351351351
A_NP	1157	296	G	1	0	296	37.1689189189189
A_NP	1158	297	G	0	0	297	36.5589225589226
A_NP	1159	297	G	0	0	297	35.8417508417508
A_NP	1160	297	C	0	0	296	35.5743243243243
A_NP	1161	296	C	0	0	296	36.1452702702703
A_NP	1162	296	A	0	0	296	37.4864864864865
A_NP	1163	296	T	0	0	296	39.0945945945946
A_NP	1164	292	A	4	0	289	38.0034602076125
A_NP	1165	296	A	0	0	296	36.5304054054054
A_NP	1166	295	G	1	0	295	36.0203389830508
A_NP	1167	295	A	1	0	294	35.9421768707483
A_NP	1168	296	A	0	0	295	36.2813559322034
A_NP	1169	296	C	0	0	296	38.4527027027027
A_NP	1170	296	C	0	0	296	38.0540540540541
A_NP	1171	296	A	0	0	296	38.2837837837838
A_NP	1172	296	G	0	0	296	39.6993243243243
A_NP	1173	295	G	1	0	295	39.1389830508475
A_NP	1174	295	A	1	0	295	38.7050847457627
A_NP	1175	295	G	1	0	295	38.7322033898305
A_NP	1176	295	T	1	0	295	39.4033898305085
A_NP	1177	293	G	3	0	293	38.7235494880546
A_NP	1178	295	G	1	0	294	37.2789115646259
A_NP	1179	295	A	1	0	295	37.4440677966102
A_NP	1180	296	G	0	0	296	37.5304054054054
A_NP	1181	294	G	2	0	294	37.6428571428571
A_NP	1182	294	A	2	0	294	38.0272108843537
A_NP	1183	293	A	2	0	292	38.7054794520548
A_NP	1184	294	A	1	0	293	40.703071672355
A_NP	1185	294	T	1	0	292	40.2465753424658
A_NP	1186	294	A	1	0	293	39.1433447098976
A_NP	1187	295	C	0	0	295	39.2372881355932
A_NP	1188	296	C	0	0	295	38.2610169491525
A_NP	1189	296	A	0	0	294	37.0918367346939
A_NP	1190	296	A	0	0	296	36.7668918918919
A_NP	1191	296	T	0	0	296	38.1317567567568
A_NP	1192	293	C	3	0	290	37.9034482758621
A_NP	1193	293	A	3	0	293	37.8976109215017
A_NP	1194	295	A	1	0	294	38.1598639455782
A_NP	1195	296	C	0	0	295	36.2
A_NP	1196	296	A	0	0	296	36.4324324324324
A_NP	1197	296	G	0	0	296	38.7432432432432
A_NP	1198	295	A	1	0	295	39.9728813559322
A_NP	1199	296	A	0	0	295	40.606779661017
A_NP	1200	296	G	0	0	296	40.1655405405405
A_NP	1201	296	G	0	0	296	40.0743243243243
A_NP	1202	296	C	0	0	296	40.5202702702703
A_NP	1203	296	A	0	0	296	39.2837837837838
A_NP	1204	296	T	0	0	296	40.5574324324324
A_NP	1205	296	C	0	0	296	40.7432432432432
A_NP	1206	296	T	0	0	296	41.6554054054054
A_NP	1207	296	G	0	0	295	41.4
A_NP	1208	295	C	0	0	294	40.6768707482993
A_NP	1209	295	A	0	0	295	39.3593220338983
A_NP	1210	295	G	0	0	295	39.0576271186441
A_NP	1211	295	G	0	0	295	37.7694915254237
A_NP	1212	294	T	0	0	293	38.6928327645051
A_NP	1213	294	C	0	0	294	39.030612244898
A_NP	1214	293	A	1	0	292	40.0958904109589
A_NP	1215	294	G	0	0	293	39.7064846416382
A_NP	1216	291	A	3	0	290	40.6034482758621
A_NP	1217	294	T	0	0	293	39.7713310580205
A_NP	1218	294	C	0	0	293	39.0853242320819
A_NP	1219	294	A	0	0	293	39.6348122866894
A_NP	1220	294	G	0	0	294	38.8469387755102
A_NP	1221	294	T	0	0	294	39.9353741496599
A_NP	1222	294	G	0	0	294	39.3095238095238
A_NP	1223	294	T	0	0	294	40.5578231292517
A_NP	1224	291	G	3	0	291	40.6116838487972
A_NP	1225	292	C	2	0	292	41.2945205479452
A_NP	1226	294	A	0	0	294	40.8707482993197
A_NP	1227	293	G	1	0	293	41.1296928327645
A_NP	1228	294	C	0	0	294	41.6530612244898
A_NP	1229	294	C	0	0	292	41.2465753424658
A_NP	1230	294	T	0	0	292	41.8595890410959
A_NP	1231	294	A	0	0	294	40.9387755102041
A_NP	1232	294	C	0	0	294	41.2176870748299
A_NP	1233	294	A	0	0	294	40.7619047619048
A_NP	1234	292	T	2	0	292	41.6438356164384
A_NP	1235	294	T	0	0	294	41.4523809523809
A_NP	1236	293	C	1	0	293	41.1672354948805
A_NP	1237	294	T	0	0	293	40.7986348122867
A_NP	1238	294	C	0	0	293	39.938566552901
A_NP	1239	293	A	1	0	293	39.9419795221843
A_NP	1240	294	G	0	0	293	39.9078498293515
A_NP	1241	294	T	0	0	293	40.4641638225256
A_NP	1242	294	G	0	0	293	40.5494880546075
A_NP	1243	294	C	0	0	294	41.2074829931973
A_NP	1244	294	A	0	0	294	41.2380952380952
A_NP	1245	293	G	1	0	292	40.7260273972603
A_NP	1246	294	C	0	0	293	40.4470989761092
A_NP	1247	293	G	1	0	289	39.5847750865052
A_NP	1248	291	A	3	0	290	39.548275862069
A_NP	1249	294	A	0	0	292	40.0445205479452
A_NP	1250	294	A	0	0	294	39.8639455782313
A_NP	1251	294	T	0	0	292	41.1061643835616
A_NP	1252	294	C	0	0	292	40.9520547945205
A_NP	1253	294	T	0	0	293	41.5699658703072
A_NP	1254	293	C	1	0	289	40.2698961937716
A_NP	1255	294	C	0	0	294	39.7891156462585
A_NP	1256	294	C	0	0	294	38.0612244897959
A_NP	1257	288	T	6	0	286	37.1958041958042
A_NP	1258	294	T	0	0	294	38.0340136054422
A_NP	1259	294	T	0	0	294	40.734693877551
A_NP	1260	294	T	0	0	293	38.778156996587
A_NP	1261	293	G	1	0	293	34.4300341296928
A_NP	1262	294	A	0	0	293	37.8259385665529
A_NP	1263	294	A	0	0	294	38.0476190476191
A_NP	1264	294	A	0	0	293	38.2116040955631
A_NP	1265	294	G	0	0	291	38.9243986254296
A_NP	1266	293	A	1	0	293	39.3037542662116
A_NP	1267	294	G	0	0	293	39.2081911262799
A_NP	1268	293	C	0	0	292	39.8595890410959
A_NP	1269	292	A	1	0	292	39.3698630136986
A_NP	1270	293	A	0	0	293	39.6928327645051
A_NP	1271	292	C	1	0	291	39.3058419243986
A_NP	1272	293	C	0	0	292	39.0513698630137
A_NP	1273	293	A	0	0	292	39.3390410958904
A_NP	1274	293	T	0	0	293	40.778156996587
A_NP	1275	293	T	0	0	293	41.2525597269625
A_NP	1276	293	A	0	0	292	40.1164383561644
A_NP	1277	293	T	0	0	292	39.8630136986301
A_NP	1278	293	G	0	0	292	38.8938356164384
A_NP	1279	293	G	0	0	293	37.9897610921502
A_NP	1280	289	C	4	0	289	37.0138408304498
A_NP	1281	293	A	0	0	291	35.0721649484536
A_NP	1282	293	G	0	0	293	38.6245733788396
A_NP	1283	293	C	0	0	293	39.2866894197952
A_NP	1284	292	T	1	0	292	39.8424657534247
A_NP	1285	292	T	1	0	292	41.0068493150685
A_NP	1286	292	T	1	0	291	40.5807560137457
A_NP	1287	292	C	1	0	290	39.7862068965517
A_NP	1288	292	A	1	0	292	39.8253424657534
A_NP	1289	292	G	1	0	291	40.53264604811
A_NP	1290	293	C	0	0	291	39.4432989690722
A_NP	1291	293	G	0	0	293	38.0546075085324
A_NP	1292	292	G	1	0	292	38.4349315068493
A_NP	1293	292	A	1	0	290	38.2896551724138
A_NP	1294	293	A	0	0	292	38.3595890410959
A_NP	1295	293	A	0	0	293	39.7576791808874
A_NP	1296	293	C	0	0	292	40.9794520547945
A_NP	1297	293	A	0	0	292	39.4931506849315
A_NP	1298	293	A	0	0	292	40.1369863013699
A_NP	1299	293	T	0	0	292	40.9965753424658
A_NP	1300	293	G	0	0	292	39.8390410958904
A_NP	1301	292	A	1	0	292	40.4349315068493
A_NP	1302	293	A	0	0	292	41.1815068493151
A_NP	1303	293	G	0	0	292	41.1917808219178
A_NP	1304	294	G	0	0	294	41.2380952380952
A_NP	1305	294	A	0	0	293	41.382252559727
A_NP	1306	294	C	0	0	290	39.4137931034483
A_NP	1307	294	G	0	0	293	36.8054607508532
A_NP	1308	293	G	1	0	293	36.5938566552901
A_NP	1309	293	A	1	0	293	35.839590443686
A_NP	1310	293	C	1	0	292	36.5684931506849
A_NP	1311	293	A	1	0	293	38.3139931740614
A_NP	1312	292	T	2	0	292	40.2465753424658
A_NP	1313	293	C	1	0	292	40.8013698630137
A_NP	1314	293	C	1	0	291	40.7216494845361
A_NP	1315	292	G	2	0	290	39.6379310344828
A_NP	1316	293	A	1	0	292	39.4554794520548
A_NP	1317	293	C	1	0	292	39.1198630136986
A_NP	1318	293	A	1	0	293	38.617747440273
A_NP	1319	293	T	1	0	293	38.8976109215017
A_NP	1320	293	G	1	0	292	39.4965753424658
A_NP	1321	293	C	1	0	291	39.2783505154639
A_NP	1322	293	G	1	0	289	37.1072664359862
A_NP	1323	293	A	1	0	293	36.2559726962457
A_NP	1324	292	A	2	0	292	36.0616438356164
A_NP	1325	292	C	2	0	290	36.0724137931035
A_NP	1326	292	A	2	0	292	36.0171232876712
A_NP	1327	292	G	2	0	292	38.7534246575342
A_NP	1328	292	A	2	0	292	39.0924657534247
A_NP	1329	292	A	2	0	292	39.8458904109589
A_NP	1330	292	G	2	0	290	38.4172413793103
A_NP	1331	292	T	2	0	292	38.1369863013699
A_NP	1332	292	T	2	0	290	38.2137931034483
A_NP	1333	292	A	2	0	292	38.0239726027397
A_NP	1334	292	T	2	0	292	38.5308219178082
A_NP	1335	291	A	3	0	289	39.2560553633218
A_NP	1336	291	A	3	0	291	40.0343642611684
A_NP	1337	293	G	1	0	291	38.5910652920962
A_NP	1338	291	A	3	0	290	38.5931034482759
A_NP	1339	292	A	2	0	292	38.9657534246575
A_NP	1340	292	T	2	0	292	40.3972602739726
A_NP	1341	292	G	1	0	290	39.8724137931034
A_NP	1342	292	A	1	0	291	40.4158075601375
A_NP	1343	292	T	1	0	292	41.5068493150685
A_NP	1344	292	G	1	0	292	40.8630136986301
A_NP	1345	292	G	1	0	290	41.1206896551724
A_NP	1346	292	A	1	0	291	40.8247422680412
A_NP	1347	292	A	1	0	292	40.5993150684931
A_NP	1348	291	A	2	0	291	41.3745704467354
A_NP	1349	291	G	2	0	291	40.0687285223368
A_NP	1350	292	T	1	0	289	39.19723183391
A_NP	1351	292	G	1	0	292	39.3390410958904
A_NP	1352	292	C	1	0	291	39.680412371134
A_NP	1353	292	A	1	0	292	38.7431506849315
A_NP	1354	292	A	1	0	292	39.8493150684931
A_NP	1355	292	A	1	0	291	40.9484536082474
A_NP	1356	292	G	1	0	292	40.7431506849315
A_NP	1357	292	C	1	0	292	41.1575342465753
A_NP	1358	292	C	1	0	292	41.1438356164384
A_NP	1359	292	A	1	0	291	40.9106529209622
A_NP	1360	292	G	1	0	290	39.9344827586207
A_NP	1361	292	A	1	0	292	38.6678082191781
A_NP	1362	292	G	1	0	290	37.2068965517241
A_NP	1363	292	G	1	0	292	37.2054794520548
A_NP	1364	292	A	1	0	291	38.9587628865979
A_NP	1365	292	T	1	0	290	37.7172413793103
A_NP	1366	292	T	1	0	292	38.8869863013699
A_NP	1367	292	T	1	0	288	39.6006944444444
A_NP	1368	292	G	1	0	291	39.192439862543
A_NP	1369	292	T	1	0	292	39.9246575342466
A_NP	1370	292	C	1	0	292	38.6506849315069
A_NP	1371	292	C	1	0	292	38.8630136986301
A_NP	1372	292	T	1	0	292	38.8116438356164
A_NP	1373	292	T	1	0	292	39.0719178082192
A_NP	1374	292	C	1	0	290	37.1793103448276
A_NP	1375	291	C	1	0	291	37.46735395189
A_NP	1376	290	A	2	0	290	35.2586206896552
A_NP	1377	290	G	2	0	289	35.5778546712803
A_NP	1378	291	G	1	0	289	37.1833910034602
A_NP	1379	291	G	1	0	289	37.1245674740484
A_NP	1380	291	A	1	0	291	36.1752577319588
A_NP	1381	291	C	1	0	291	37.0343642611684
A_NP	1382	260	G	32	0	259	29.5019305019305
A_NP	1383	289	G	3	0	288	30.0590277777778
A_NP	1384	291	G	1	0	287	29.1080139372822
A_NP	1385	291	G	1	0	281	28.6797153024911
A_NP	1386	291	A	1	0	291	36.0137457044674
A_NP	1387	292	G	0	0	290	36.5137931034483
A_NP	1388	289	T	3	0	287	37.0174216027875
A_NP	1389	289	C	3	0	284	37.112676056338
A_NP	1390	290	T	1	0	289	37.9446366782007
A_NP	1391	290	T	1	0	290	37.8758620689655
A_NP	1392	285	C	6	0	282	35.9184397163121
A_NP	1393	287	G	4	0	285	34.459649122807
A_NP	1394	288	A	3	0	286	33.9440559440559
A_NP	1395	289	G	2	0	288	33.6145833333333
A_NP	1396	287	C	4	0	286	33.1958041958042
A_NP	1397	287	T	4	0	286	34.8916083916084
A_NP	1398	288	C	3	0	288	35.5590277777778
A_NP	1399	290	T	1	0	290	35.1586206896552
A_NP	1400	290	C	1	0	286	33.1188811188811
A_NP	1401	289	G	2	0	287	29.9686411149826
A_NP	1402	290	G	1	0	285	30.0315789473684
A_NP	1403	291	A	0	0	290	29.5689655172414
A_NP	1404	291	C	0	0	288	29.4652777777778
A_NP	1405	279	G	12	0	265	25.9245283018868
A_NP	1406	283	A	8	0	283	26.3851590106007
A_NP	1407	289	A	2	0	289	26.6782006920415
A_NP	1408	290	A	1	0	290	27.6275862068966
A_NP	1409	290	A	1	0	288	28.5069444444444
A_NP	1410	290	G	1	0	289	33.2006920415225
A_NP	1411	291	G	0	0	291	34.0824742268041
A_NP	1412	289	C	2	0	286	33.4230769230769
A_NP	1413	290	A	1	0	288	32.5625
A_NP	1414	290	A	1	0	289	33.1868512110727
A_NP	1415	290	C	1	0	286	32.5734265734266
A_NP	1416	290	G	1	0	288	31.8611111111111
A_NP	1417	289	A	2	0	288	31.9548611111111
A_NP	1418	291	A	0	0	290	31.8965517241379
A_NP	1419	290	C	1	0	288	31.7013888888889
A_NP	1420	291	C	0	0	291	31.7113402061856
A_NP	1421	291	C	0	0	289	30.8581314878893
A_NP	1422	290	G	1	0	288	30.4375
A_NP	1423	291	A	0	0	291	30.6426116838488
A_NP	1424	291	T	0	0	291	31.5841924398625
A_NP	1425	290	C	1	0	288	31.7986111111111
A_NP	1426	291	G	0	0	291	34.9175257731959
A_NP	1427	291	T	0	0	290	35.6931034482759
A_NP	1428	291	G	0	0	291	34.2371134020619
A_NP	1429	291	C	0	0	291	34.9037800687285
A_NP	1430	291	C	0	0	289	35.3806228373702
A_NP	1431	291	T	0	0	291	35.9278350515464
A_NP	1432	291	T	0	0	291	36.1786941580756
A_NP	1433	290	C	1	0	290	36.0344827586207
A_NP	1434	291	C	0	0	291	36.1202749140894
A_NP	1435	291	T	0	0	291	35.9003436426117
A_NP	1436	291	T	0	0	291	37.1099656357388
A_NP	1437	291	T	0	0	291	37.9106529209622
A_NP	1438	291	G	0	0	291	34.4501718213058
A_NP	1439	291	A	0	0	291	35.6460481099656
A_NP	1440	291	C	0	0	291	37.766323024055
A_NP	1441	291	A	0	0	291	37.2611683848797
A_NP	1442	291	T	0	0	291	38.192439862543
A_NP	1443	291	G	0	0	291	36.7731958762887
A_NP	1444	291	A	0	0	291	37.1168384879725
A_NP	1445	291	G	0	0	291	36.745704467354
A_NP	1446	290	T	1	0	290	38.2137931034483
A_NP	1447	290	A	1	0	290	38.148275862069
A_NP	1448	290	A	1	0	290	40.2586206896552
A_NP	1449	290	T	1	0	289	40.2629757785467
A_NP	1450	290	G	1	0	289	40.4913494809689
A_NP	1451	290	A	1	0	290	40.4241379310345
A_NP	1452	288	A	3	0	287	40.6376306620209
A_NP	1453	287	G	4	0	286	39.965034965035
A_NP	1454	291	G	0	0	289	40.0899653979239
A_NP	1455	291	G	0	0	288	40.6840277777778
A_NP	1456	291	T	0	0	286	40.0524475524476
A_NP	1457	291	C	0	0	289	38.7058823529412
A_NP	1458	290	T	1	0	288	39.09375
A_NP	1459	290	T	1	0	288	40.2673611111111
A_NP	1460	290	A	1	0	290	39.9620689655172
A_NP	1461	291	T	0	0	291	40.0893470790378
A_NP	1462	291	T	0	0	290	40.3068965517241
A_NP	1463	291	T	0	0	291	39.8041237113402
A_NP	1464	289	C	2	0	289	39.1799307958478
A_NP	1465	291	T	0	0	291	39.7113402061856
A_NP	1466	290	T	1	0	289	39.3148788927336
A_NP	1467	290	C	1	0	290	38.3206896551724
A_NP	1468	290	G	1	0	290	37.0103448275862
A_NP	1469	290	G	1	0	290	37.0172413793103
A_NP	1470	291	A	0	0	291	36.6013745704467
A_NP	1471	290	G	1	0	289	36.2491349480969
A_NP	1472	291	A	0	0	291	36.7560137457045
A_NP	1473	290	C	1	0	289	37.477508650519
A_NP	1474	291	A	0	0	285	34.9964912280702
A_NP	1475	291	A	0	0	291	34.6323024054983
A_NP	1476	291	T	0	0	291	35.4123711340206
A_NP	1477	291	G	0	0	291	35.2233676975945
A_NP	1478	291	C	0	0	291	36.2405498281787
A_NP	1479	290	A	1	0	288	37.3090277777778
A_NP	1480	290	G	0	0	290	36.548275862069
A_NP	1481	290	A	0	0	289	36.0657439446367
A_NP	1482	290	G	0	0	289	36.0726643598616
A_NP	1483	290	G	0	0	290	36.9172413793103
A_NP	1484	290	A	0	0	290	36.7275862068966
A_NP	1485	290	G	0	0	288	36.71875
A_NP	1486	288	T	1	0	288	34.5625
A_NP	1487	289	A	0	0	289	34.2975778546713
A_NP	1488	289	T	0	0	289	36.4809688581315
A_NP	1489	289	G	0	0	288	36.7361111111111
A_NP	1490	289	A	0	0	289	38.1003460207612
A_NP	1491	289	C	0	0	289	38.7301038062284
A_NP	1492	289	A	0	0	289	37.6678200692042
A_NP	1493	289	A	0	0	289	38.0899653979239
A_NP	1494	289	T	0	0	289	38.0276816608997
A_NP	1495	288	T	0	0	288	38.21875
A_NP	1496	287	G	0	0	287	36.9337979094077
A_NP	1497	287	A	0	0	287	38.8815331010453
