Reference_Name	Position	Coverage Depth	Consensus	Deletions	Ambiguous	Consensus_Count	Consensus_Average_Quality
A_PB1	1	23	A	0	0	23	43.5652173913044
A_PB1	2	23	T	0	0	23	42.7826086956522
A_PB1	3	23	G	0	0	23	42.4347826086956
A_PB1	4	23	G	0	0	23	43
A_PB1	5	23	A	0	0	23	43.4782608695652
A_PB1	6	23	T	0	0	23	44.0434782608696
A_PB1	7	23	G	0	0	23	42.8695652173913
A_PB1	8	23	T	0	0	23	42.7391304347826
A_PB1	9	23	C	0	0	23	39.2173913043478
A_PB1	10	23	A	0	0	23	38.5217391304348
A_PB1	11	23	A	0	0	23	38.6086956521739
A_PB1	12	23	T	0	0	23	40.0434782608696
A_PB1	13	23	C	0	0	23	39.4782608695652
A_PB1	14	23	C	0	0	23	38.695652173913
A_PB1	15	23	G	0	0	23	35.4347826086956
A_PB1	16	23	A	0	0	23	35
A_PB1	17	23	C	0	0	23	35.0434782608696
A_PB1	18	23	T	0	0	23	35.4782608695652
A_PB1	19	23	C	0	0	23	35.5217391304348
A_PB1	20	23	T	0	0	23	39
A_PB1	21	23	A	0	0	23	36.8260869565217
A_PB1	22	23	C	0	0	23	34.9130434782609
A_PB1	23	23	T	0	0	23	31.2608695652174
A_PB1	24	23	T	0	0	23	35.5217391304348
A_PB1	25	23	T	0	0	23	35.695652173913
A_PB1	26	23	T	0	0	23	31
A_PB1	27	23	C	0	0	23	32.0434782608696
A_PB1	28	23	C	0	0	23	36.4782608695652
A_PB1	29	23	T	0	0	23	32.8260869565217
A_PB1	30	21	A	2	0	21	31.5714285714286
A_PB1	31	21	A	2	0	21	36.3809523809524
A_PB1	32	21	A	2	0	21	37.2857142857143
A_PB1	33	23	A	0	0	23	42
A_PB1	34	23	A	0	0	23	43.7391304347826
A_PB1	35	23	T	0	0	23	43.7826086956522
A_PB1	36	23	T	0	0	23	42.6086956521739
A_PB1	37	23	C	0	0	23	42.304347826087
A_PB1	38	23	C	0	0	23	44.2608695652174
A_PB1	39	23	A	0	0	23	41.7391304347826
A_PB1	40	23	G	0	0	23	42.6086956521739
A_PB1	41	23	C	0	0	23	43.8695652173913
A_PB1	42	23	A	0	0	23	44.5217391304348
A_PB1	43	23	C	0	0	23	43.304347826087
A_PB1	44	23	A	0	0	23	43.4347826086956
A_PB1	45	23	A	0	0	23	44.6086956521739
A_PB1	46	23	A	0	0	23	44.7826086956522
A_PB1	47	23	A	0	0	23	45.4782608695652
A_PB1	48	23	T	0	0	23	44.8260869565217
A_PB1	49	23	G	0	0	23	44.1739130434783
A_PB1	50	23	C	0	0	23	45.3913043478261
A_PB1	51	23	C	0	0	23	43.9565217391304
A_PB1	52	23	A	0	0	23	42.8695652173913
A_PB1	53	23	T	0	0	23	42.2173913043478
A_PB1	54	23	A	0	0	23	41.695652173913
A_PB1	55	23	A	0	0	23	41.9130434782609
A_PB1	56	23	G	0	0	23	38.8695652173913
A_PB1	57	23	C	0	0	23	40.3913043478261
A_PB1	58	23	A	0	0	23	39
A_PB1	59	23	C	0	0	23	40.4782608695652
A_PB1	60	23	C	0	0	23	40.695652173913
A_PB1	61	23	A	0	0	23	40.695652173913
A_PB1	62	23	C	0	0	23	40.1739130434783
A_PB1	63	23	A	0	0	23	42.2173913043478
A_PB1	64	23	T	0	0	23	45
A_PB1	65	23	T	0	0	23	43.7826086956522
A_PB1	66	23	C	0	0	23	44.9565217391304
A_PB1	67	23	C	0	0	23	44.2608695652174
A_PB1	68	23	C	0	0	23	44.6086956521739
A_PB1	69	23	T	0	0	23	44.1739130434783
A_PB1	70	23	T	0	0	23	45
A_PB1	71	23	A	0	0	23	41.5652173913044
A_PB1	72	23	T	0	0	23	40.8260869565217
A_PB1	73	23	A	0	0	23	41.304347826087
A_PB1	74	23	C	0	0	23	41.8695652173913
A_PB1	75	23	T	0	0	23	40.5652173913044
A_PB1	76	23	G	0	0	23	41.304347826087
A_PB1	77	23	G	0	0	23	41.6521739130435
A_PB1	78	23	A	0	0	23	42.3913043478261
A_PB1	79	23	G	0	0	23	43.9565217391304
A_PB1	80	23	A	0	0	23	42.4782608695652
A_PB1	81	23	T	0	0	23	43.0869565217391
A_PB1	82	23	C	0	0	23	39.9130434782609
A_PB1	83	23	C	0	0	23	40.9565217391304
A_PB1	84	23	T	0	0	23	42.3913043478261
A_PB1	85	23	C	0	0	23	40.2173913043478
A_PB1	86	23	C	0	0	23	40.4782608695652
A_PB1	87	23	A	0	0	22	41.9545454545455
A_PB1	88	23	T	0	0	23	41.3913043478261
A_PB1	89	22	A	1	0	22	42.4090909090909
A_PB1	90	23	C	0	0	23	42.7391304347826
A_PB1	91	23	A	0	0	23	41.9130434782609
A_PB1	92	23	G	0	0	23	41.695652173913
A_PB1	93	23	C	0	0	23	42.2173913043478
A_PB1	94	23	C	0	0	23	40.4782608695652
A_PB1	95	23	A	0	0	23	41.7391304347826
A_PB1	96	23	T	0	0	23	42.2608695652174
A_PB1	97	23	G	0	0	23	39.0869565217391
A_PB1	98	23	G	0	0	23	39.8260869565217
A_PB1	99	23	A	0	0	22	40.6363636363636
A_PB1	100	23	A	0	0	23	40.5652173913044
A_PB1	101	23	C	0	0	23	39.6521739130435
A_PB1	102	23	A	0	0	23	39
A_PB1	103	23	G	0	0	23	39.4782608695652
A_PB1	104	23	G	0	0	23	39.0869565217391
A_PB1	105	23	A	0	0	23	38.9130434782609
A_PB1	106	23	A	0	0	22	40.2727272727273
A_PB1	107	23	C	0	0	23	38.9130434782609
A_PB1	108	23	A	0	0	23	39.1304347826087
A_PB1	109	23	G	0	0	23	41.2608695652174
A_PB1	110	23	G	0	0	23	41.0869565217391
A_PB1	111	23	A	0	0	23	40.7826086956522
A_PB1	112	23	T	0	0	23	41.0869565217391
A_PB1	113	23	A	0	0	23	40.9130434782609
A_PB1	114	23	C	0	0	23	44.5652173913044
A_PB1	115	23	A	0	0	23	42.4782608695652
A_PB1	116	23	C	0	0	23	43.7826086956522
A_PB1	117	23	C	0	0	23	42
A_PB1	118	23	A	0	0	23	42.9565217391304
A_PB1	119	23	T	0	0	23	44.0434782608696
A_PB1	120	23	G	0	0	23	43.7391304347826
A_PB1	121	23	G	0	0	23	45.5652173913044
A_PB1	122	23	A	0	0	23	43.4347826086956
A_PB1	123	23	C	0	0	23	42.5652173913044
A_PB1	124	23	A	0	0	23	42.9130434782609
A_PB1	125	23	C	0	0	23	43.3478260869565
A_PB1	126	23	A	0	0	23	39.6086956521739
A_PB1	127	23	G	0	0	23	39.1304347826087
A_PB1	128	23	T	0	0	23	39.695652173913
A_PB1	129	23	A	0	0	23	35.5652173913044
A_PB1	130	23	A	0	0	23	36.9130434782609
A_PB1	131	23	A	0	0	23	38.0434782608696
A_PB1	132	23	C	0	0	23	38.7391304347826
A_PB1	133	23	A	0	0	23	40
A_PB1	134	23	G	0	0	23	40.1304347826087
A_PB1	135	23	A	0	0	23	43.0869565217391
A_PB1	136	23	A	0	0	23	40.5217391304348
A_PB1	137	23	C	0	0	23	40.9130434782609
A_PB1	138	23	A	0	0	23	39.6086956521739
A_PB1	139	23	C	0	0	23	42.4347826086956
A_PB1	140	23	A	0	0	23	40.3478260869565
A_PB1	141	23	C	0	0	23	41.6521739130435
A_PB1	142	23	C	0	0	23	41.0434782608696
A_PB1	143	23	A	0	0	23	41.5652173913044
A_PB1	144	23	A	0	0	23	41
A_PB1	145	23	T	0	0	23	42.1304347826087
A_PB1	146	23	A	0	0	23	40.1304347826087
A_PB1	147	23	C	0	0	23	40.9565217391304
A_PB1	148	23	T	0	0	23	40.8695652173913
A_PB1	149	23	C	0	0	23	35.2608695652174
A_PB1	150	22	A	1	0	21	34.4285714285714
A_PB1	151	22	G	1	0	22	31.9545454545455
A_PB1	152	23	A	0	0	23	31.7391304347826
A_PB1	153	23	A	0	0	23	32.4782608695652
A_PB1	154	23	A	0	0	23	34.2173913043478
A_PB1	155	23	A	0	0	23	37.7391304347826
A_PB1	156	23	G	0	0	23	33.3478260869565
A_PB1	157	23	G	0	0	23	39.6086956521739
A_PB1	158	23	G	0	0	23	40.4782608695652
A_PB1	159	23	G	0	0	23	41.0434782608696
A_PB1	160	23	A	0	0	23	42.304347826087
A_PB1	161	22	A	1	0	22	44.5
A_PB1	162	22	G	1	0	22	42.6363636363636
A_PB1	163	23	T	0	0	23	41.4782608695652
A_PB1	164	23	G	0	0	23	38.0869565217391
A_PB1	165	23	G	0	0	23	39.4782608695652
A_PB1	166	23	A	0	0	23	39.4782608695652
A_PB1	167	23	C	0	0	23	40.4347826086956
A_PB1	168	23	A	0	0	23	36.9565217391304
A_PB1	169	23	A	0	0	23	38.6521739130435
A_PB1	170	23	C	0	0	23	36.3478260869565
A_PB1	171	23	A	0	0	23	34.5217391304348
A_PB1	172	23	A	0	0	23	36.0869565217391
A_PB1	173	23	A	0	0	23	38.2608695652174
A_PB1	174	23	C	0	0	23	37.6521739130435
A_PB1	175	23	A	0	0	22	37.5454545454545
A_PB1	176	22	C	1	0	22	39.8636363636364
A_PB1	177	23	A	0	0	23	36.0434782608696
A_PB1	178	22	G	1	0	22	36.9090909090909
A_PB1	179	23	A	0	0	23	34.7391304347826
A_PB1	180	23	A	0	0	23	37.5217391304348
A_PB1	181	23	A	0	0	22	38.9545454545455
A_PB1	182	23	C	0	0	23	36.695652173913
A_PB1	183	23	T	0	0	23	37.8695652173913
A_PB1	184	22	G	0	0	21	38.9523809523809
A_PB1	185	22	G	0	0	22	36.2272727272727
A_PB1	186	22	T	0	0	22	37.8181818181818
A_PB1	187	22	G	0	0	22	37.0454545454545
A_PB1	188	22	C	0	0	22	39.9090909090909
A_PB1	189	22	A	0	0	22	41.6363636363636
A_PB1	190	22	C	0	0	22	41.1818181818182
A_PB1	191	22	C	0	0	22	41.0909090909091
A_PB1	192	22	T	0	0	22	41.0454545454545
A_PB1	193	22	C	0	0	22	41.1363636363636
A_PB1	194	22	A	0	0	22	40.0454545454545
A_PB1	195	22	G	0	0	22	39.2272727272727
A_PB1	196	22	C	0	0	22	40.9090909090909
A_PB1	197	22	T	0	0	22	41.2272727272727
A_PB1	198	22	C	0	0	22	37.5909090909091
A_PB1	199	22	A	0	0	22	36.0909090909091
A_PB1	200	22	A	0	0	22	38.2727272727273
A_PB1	201	22	T	0	0	22	37.2727272727273
A_PB1	202	22	C	0	0	22	37.0909090909091
A_PB1	203	22	C	0	0	22	36.6818181818182
A_PB1	204	22	G	0	0	22	36.0909090909091
A_PB1	205	22	A	0	0	22	36.0909090909091
A_PB1	206	22	T	0	0	22	36.2727272727273
A_PB1	207	22	A	0	0	21	35.4285714285714
A_PB1	208	22	G	0	0	21	37
A_PB1	209	22	A	0	0	22	37.7272727272727
A_PB1	210	22	C	0	0	22	33.2272727272727
A_PB1	211	21	G	1	0	21	34.1428571428571
A_PB1	212	22	G	0	0	21	34.3809523809524
A_PB1	213	22	A	0	0	22	33.2727272727273
A_PB1	214	22	C	0	0	22	33.1818181818182
A_PB1	215	21	C	1	0	21	39
A_PB1	216	19	A	3	0	19	40.9473684210526
A_PB1	217	20	C	2	0	20	40.25
A_PB1	218	20	T	2	0	20	40.6
A_PB1	219	20	A	2	0	20	38.25
A_PB1	220	20	C	2	0	20	40.4
A_PB1	221	19	C	3	0	19	41
A_PB1	222	19	C	3	0	19	40.8947368421053
A_PB1	223	19	G	3	0	19	35.6842105263158
A_PB1	224	19	A	3	0	19	40.7368421052632
A_PB1	225	20	A	2	0	20	39.9
A_PB1	226	20	G	2	0	20	40.75
A_PB1	227	20	A	2	0	20	42.4
A_PB1	228	20	T	2	0	20	41.4
A_PB1	229	20	A	2	0	20	40.1
A_PB1	230	20	A	2	0	20	41.55
A_PB1	231	20	T	2	0	20	42.75
A_PB1	232	20	G	2	0	20	40.8
A_PB1	233	20	A	2	0	20	42.3
A_PB1	234	20	A	2	0	20	42.1
A_PB1	235	20	C	2	0	20	42.2
A_PB1	236	20	C	2	0	20	42.65
A_PB1	237	20	A	2	0	20	42.25
A_PB1	238	20	A	2	0	20	42.6
A_PB1	239	20	G	2	0	19	42.8421052631579
A_PB1	240	20	T	2	0	20	42.3
A_PB1	241	22	G	0	0	22	41.9090909090909
A_PB1	242	22	G	0	0	22	41.8181818181818
A_PB1	243	22	G	0	0	22	39.7272727272727
A_PB1	244	22	T	0	0	22	41.4545454545455
A_PB1	245	22	A	0	0	22	41.5909090909091
A_PB1	246	22	T	0	0	22	42.9090909090909
A_PB1	247	22	G	0	0	22	41.9545454545455
A_PB1	248	22	C	0	0	22	43.1818181818182
A_PB1	249	22	A	0	0	22	42.9090909090909
A_PB1	250	22	C	0	0	22	44
A_PB1	251	22	A	0	0	22	42.1363636363636
A_PB1	252	22	A	0	0	22	42.4545454545455
A_PB1	253	22	A	0	0	22	41.5
A_PB1	254	22	C	0	0	22	42.7727272727273
A_PB1	255	22	A	0	0	22	41.2272727272727
A_PB1	256	22	G	0	0	22	42.8636363636364
A_PB1	257	22	A	0	0	22	40.8636363636364
A_PB1	258	22	C	0	0	22	40.7727272727273
A_PB1	259	22	T	0	0	22	40.6363636363636
A_PB1	260	22	G	0	0	22	38.6818181818182
A_PB1	261	22	T	0	0	22	40.4090909090909
A_PB1	262	21	G	1	0	21	41.2380952380952
A_PB1	263	22	T	0	0	21	41.6190476190476
A_PB1	264	22	T	0	0	22	40.1363636363636
A_PB1	265	22	C	0	0	22	37.5454545454545
A_PB1	266	21	T	1	0	20	40.85
A_PB1	267	21	A	1	0	21	37.5238095238095
A_PB1	268	22	G	0	0	22	35.6818181818182
A_PB1	269	21	A	1	0	21	36.5238095238095
A_PB1	270	21	G	1	0	21	37.7142857142857
A_PB1	271	21	G	1	0	21	37
A_PB1	272	21	C	1	0	21	40.7619047619048
A_PB1	273	21	T	1	0	21	41.0952380952381
A_PB1	274	22	A	0	0	21	42.3333333333333
A_PB1	275	22	T	0	0	22	40.2727272727273
A_PB1	276	22	G	0	0	22	40.3636363636364
A_PB1	277	22	G	0	0	22	41.0454545454545
A_PB1	278	22	C	0	0	22	39.7727272727273
A_PB1	279	22	T	0	0	22	40.5909090909091
A_PB1	280	22	T	0	0	22	41.0909090909091
A_PB1	281	22	T	0	0	22	41.4090909090909
A_PB1	282	22	C	0	0	22	36.7272727272727
A_PB1	283	22	C	0	0	22	36.5
A_PB1	284	21	T	1	0	21	36.2380952380952
A_PB1	285	22	T	0	0	22	32.1363636363636
A_PB1	286	22	G	0	0	22	25.0454545454545
A_PB1	287	22	A	0	0	22	25.4090909090909
A_PB1	288	22	A	0	0	22	32.2727272727273
A_PB1	289	22	G	0	0	22	34.9090909090909
A_PB1	290	22	A	0	0	22	37.3181818181818
A_PB1	291	22	A	0	0	22	36.9545454545455
A_PB1	292	22	T	0	0	22	36.5454545454545
A_PB1	293	22	C	0	0	22	32.9545454545455
A_PB1	294	22	C	0	0	22	34
A_PB1	295	22	C	0	0	22	32.8636363636364
A_PB1	296	22	A	0	0	22	31.4090909090909
A_PB1	297	22	T	0	0	22	32.1818181818182
A_PB1	298	21	C	1	0	21	32.6666666666667
A_PB1	299	22	C	0	0	22	32.8181818181818
A_PB1	300	22	A	0	0	22	28.0909090909091
A_PB1	301	22	G	0	0	22	31.0454545454545
A_PB1	302	22	G	0	0	22	35.9090909090909
A_PB1	303	22	A	0	0	22	38.9090909090909
A_PB1	304	22	A	0	0	22	39.3181818181818
A_PB1	305	22	T	0	0	22	40.7272727272727
A_PB1	306	22	A	0	0	22	40.8181818181818
A_PB1	307	22	T	0	0	22	42
A_PB1	308	22	T	0	0	22	42.8181818181818
A_PB1	309	20	T	0	0	20	40.7
A_PB1	310	20	G	0	0	20	37.85
A_PB1	311	20	A	0	0	20	41.1
A_PB1	312	20	A	0	0	20	40
A_PB1	313	20	A	0	0	20	41.35
A_PB1	314	20	A	0	0	20	41.55
A_PB1	315	20	T	0	0	20	45.45
A_PB1	316	20	T	0	0	20	45.05
A_PB1	317	20	C	0	0	20	41.05
A_PB1	318	20	A	0	0	20	39.3
A_PB1	319	20	T	0	0	20	40.3
A_PB1	320	20	G	0	0	20	37.25
A_PB1	321	20	C	0	0	20	39.15
A_PB1	322	20	C	0	0	20	38.1
A_PB1	323	20	T	0	0	20	40.45
A_PB1	324	20	A	0	0	20	35.25
A_PB1	325	20	G	0	0	20	35.45
A_PB1	326	20	A	0	0	20	35.75
A_PB1	327	20	A	0	0	20	38.65
A_PB1	328	20	A	0	0	20	39.65
A_PB1	329	20	C	0	0	20	40.05
A_PB1	330	20	A	0	0	20	39.75
A_PB1	331	20	A	0	0	20	41.35
A_PB1	332	20	T	0	0	20	40.65
A_PB1	333	20	G	0	0	20	41.05
A_PB1	334	20	G	0	0	20	41.1
A_PB1	335	20	A	0	0	20	40.15
A_PB1	336	20	A	0	0	20	40.9
A_PB1	337	20	G	0	0	19	43.3157894736842
A_PB1	338	20	T	0	0	20	42
A_PB1	339	20	T	0	0	20	41.55
A_PB1	340	20	G	0	0	19	43.5263157894737
A_PB1	341	20	T	0	0	20	42.55
A_PB1	342	20	T	0	0	20	41.75
A_PB1	343	20	C	0	0	20	40.75
A_PB1	344	20	A	0	0	20	40.2
A_PB1	345	20	A	0	0	20	41.15
A_PB1	346	20	C	0	0	20	42.1
A_PB1	347	20	A	0	0	20	39.9
A_PB1	348	20	A	0	0	20	40.55
A_PB1	349	20	A	0	0	20	41.4
A_PB1	350	20	C	0	0	20	39.05
A_PB1	351	19	A	1	0	19	38.6315789473684
A_PB1	352	20	A	0	0	19	39.6315789473684
A_PB1	353	20	G	0	0	19	37.4210526315789
A_PB1	354	20	A	0	0	19	37.4210526315789
A_PB1	355	20	G	0	0	20	35.5
A_PB1	356	20	T	0	0	20	37.4
A_PB1	357	19	A	0	0	18	35.6111111111111
A_PB1	358	19	G	0	0	19	34.7368421052632
A_PB1	359	19	A	0	0	19	35.4736842105263
A_PB1	360	19	T	0	0	19	37.2105263157895
A_PB1	361	19	A	0	0	19	39.3684210526316
A_PB1	362	19	A	0	0	19	38.8947368421053
A_PB1	363	19	A	0	0	19	42.1578947368421
A_PB1	364	19	C	0	0	19	42.6315789473684
A_PB1	365	19	T	0	0	18	42.5555555555556
A_PB1	366	19	G	0	0	19	40.5263157894737
A_PB1	367	19	A	0	0	19	42.4736842105263
A_PB1	368	19	C	0	0	19	40.5789473684211
A_PB1	369	19	T	0	0	19	41.5789473684211
A_PB1	370	19	C	0	0	19	41.4736842105263
A_PB1	371	19	A	0	0	19	40.5263157894737
A_PB1	372	19	A	0	0	19	41.8421052631579
A_PB1	373	19	G	0	0	19	42.6842105263158
A_PB1	374	19	G	0	0	19	41.5789473684211
A_PB1	375	19	T	0	0	19	41.6315789473684
A_PB1	376	19	C	0	0	19	41.1052631578947
A_PB1	377	19	G	0	0	19	37.1052631578947
A_PB1	378	19	C	0	0	19	38.8421052631579
A_PB1	379	19	C	0	0	19	38
A_PB1	380	19	A	0	0	19	37.8421052631579
A_PB1	381	19	G	0	0	19	39.3157894736842
A_PB1	382	19	A	0	0	19	41.5789473684211
A_PB1	383	19	C	0	0	19	40.6315789473684
A_PB1	384	19	T	0	0	19	41.8947368421053
A_PB1	385	19	T	0	0	19	42.1052631578947
A_PB1	386	19	A	0	0	19	41.3157894736842
A_PB1	387	19	T	0	0	19	43.8947368421053
A_PB1	388	19	G	0	0	19	40.5263157894737
A_PB1	389	19	A	0	0	19	41.4210526315789
A_PB1	390	19	T	0	0	19	43.3684210526316
A_PB1	391	19	T	0	0	19	42.8421052631579
A_PB1	392	19	G	0	0	19	43.7368421052632
A_PB1	393	19	G	0	0	19	43.2105263157895
A_PB1	394	19	A	0	0	18	43.9444444444444
A_PB1	395	19	C	0	0	19	43.4736842105263
A_PB1	396	19	A	0	0	19	41.8947368421053
A_PB1	397	19	T	0	0	19	43.7368421052632
A_PB1	398	19	T	0	0	19	44.0526315789474
A_PB1	399	18	A	0	0	18	40.9444444444444
A_PB1	400	18	A	0	0	18	42.2777777777778
A_PB1	401	18	A	0	0	18	42.6111111111111
A_PB1	402	18	C	0	0	18	44.3888888888889
A_PB1	403	18	A	0	0	18	44.4444444444444
A_PB1	404	18	G	0	0	18	41.8888888888889
A_PB1	405	18	A	0	0	18	41.5
A_PB1	406	17	A	0	0	17	43
A_PB1	407	17	A	0	0	17	41.8823529411765
A_PB1	408	17	T	0	0	17	42
A_PB1	409	17	C	0	0	17	41.2941176470588
A_PB1	410	17	A	0	0	17	41.9411764705882
A_PB1	411	17	A	0	0	17	39.8823529411765
A_PB1	412	17	C	0	0	17	42.4117647058824
A_PB1	413	17	C	0	0	17	37.7647058823529
A_PB1	414	17	G	0	0	17	35.5882352941176
A_PB1	415	17	G	0	0	17	35
A_PB1	416	17	C	0	0	17	35.5882352941176
A_PB1	417	17	A	0	0	16	34.4375
A_PB1	418	17	G	0	0	17	38.4705882352941
A_PB1	419	17	C	0	0	17	40.5294117647059
A_PB1	420	17	A	0	0	17	42.1176470588235
A_PB1	421	17	A	0	0	17	42.2941176470588
A_PB1	422	17	C	0	0	17	42.8823529411765
A_PB1	423	17	T	0	0	16	39.875
A_PB1	424	17	G	0	0	17	39.7058823529412
A_PB1	425	17	C	0	0	17	40.8235294117647
A_PB1	426	17	A	0	0	17	38.8823529411765
A_PB1	427	17	T	0	0	17	40.4705882352941
A_PB1	428	17	T	0	0	17	38.3529411764706
A_PB1	429	17	G	0	0	17	39.2352941176471
A_PB1	430	17	G	0	0	17	38.5882352941176
A_PB1	431	17	C	0	0	17	43.2352941176471
A_PB1	432	17	C	0	0	17	39.7058823529412
A_PB1	433	17	A	0	0	17	41
A_PB1	434	17	A	0	0	17	39.9411764705882
A_PB1	435	17	C	0	0	17	41.7647058823529
A_PB1	436	17	A	0	0	17	41
A_PB1	437	16	C	0	0	16	41.875
A_PB1	438	16	C	0	0	16	42
A_PB1	439	16	A	0	0	16	41.8125
A_PB1	440	16	T	0	0	16	40.625
A_PB1	441	16	A	0	0	16	39.9375
A_PB1	442	16	G	0	0	16	40.6875
A_PB1	443	16	A	0	0	16	40.125
A_PB1	444	16	A	0	0	16	41.5
A_PB1	445	16	G	0	0	16	44.4375
A_PB1	446	16	T	0	0	16	44.9375
A_PB1	447	16	T	0	0	16	43.875
A_PB1	448	16	T	0	0	16	45.4375
A_PB1	449	16	T	0	0	16	44.6875
A_PB1	450	16	C	0	0	16	42.3125
A_PB1	451	16	A	0	0	16	42.0625
A_PB1	452	16	G	0	0	16	40.375
A_PB1	453	16	A	0	0	16	39.875
A_PB1	454	16	T	0	0	16	42.5
A_PB1	455	16	C	0	0	16	41.875
A_PB1	456	16	G	0	0	16	41.5625
A_PB1	457	16	A	0	0	16	41.1875
A_PB1	458	16	A	0	0	16	42.75
A_PB1	459	16	T	0	0	16	42.375
A_PB1	460	16	G	0	0	16	43.4375
A_PB1	461	16	A	0	0	16	42.5625
A_PB1	462	16	C	0	0	16	44.875
A_PB1	463	16	C	0	0	16	43.875
A_PB1	464	16	T	0	0	16	43.75
A_PB1	465	16	A	0	0	16	41.9375
A_PB1	466	16	A	0	0	16	41.6875
A_PB1	467	16	C	0	0	16	41.8125
A_PB1	468	16	A	0	0	16	43.0625
A_PB1	469	16	G	0	0	16	43.4375
A_PB1	470	16	C	0	0	16	43.0625
A_PB1	471	16	T	0	0	16	42.6875
A_PB1	472	16	A	0	0	16	39.6875
A_PB1	473	15	A	0	0	15	41
A_PB1	474	15	C	0	0	15	40.4666666666667
A_PB1	475	15	G	0	0	15	32.8666666666667
A_PB1	476	15	A	0	0	15	33.5333333333333
A_PB1	477	15	G	0	0	15	34.2666666666667
A_PB1	478	15	T	0	0	15	34.5333333333333
A_PB1	479	15	C	0	0	15	34.5333333333333
A_PB1	480	15	A	0	0	15	37.7333333333333
A_PB1	481	15	G	0	0	15	38.5333333333333
A_PB1	482	15	G	0	0	15	38
A_PB1	483	15	A	0	0	15	38.6666666666667
A_PB1	484	15	A	0	0	15	42.4666666666667
A_PB1	485	15	G	0	0	15	41.4
A_PB1	486	15	G	0	0	15	40.0666666666667
A_PB1	487	15	C	0	0	15	37.8666666666667
A_PB1	488	15	T	0	0	15	39.4666666666667
A_PB1	489	15	A	0	0	15	37.5333333333333
A_PB1	490	15	A	0	0	15	37.4
A_PB1	491	15	T	0	0	15	38.6
A_PB1	492	15	A	0	0	15	40.6
A_PB1	493	15	G	0	0	15	42.6
A_PB1	494	15	A	0	0	15	40.8666666666667
A_PB1	495	15	T	0	0	15	42.3333333333333
A_PB1	496	15	T	0	0	15	41.6
A_PB1	497	15	T	0	0	15	42.1333333333333
A_PB1	498	15	C	0	0	15	39.6666666666667
A_PB1	499	14	T	0	0	14	45.1428571428571
A_PB1	500	14	T	0	0	14	44.5
A_PB1	501	14	A	0	0	14	39.5
A_PB1	502	14	A	0	0	14	39.2142857142857
A_PB1	503	14	A	0	0	14	43.5714285714286
A_PB1	504	14	G	0	0	14	42.8571428571429
A_PB1	505	14	G	0	0	14	42.7857142857143
A_PB1	506	14	A	0	0	14	45.7142857142857
A_PB1	507	14	T	0	0	14	45.7857142857143
A_PB1	508	14	G	0	0	14	43.4285714285714
A_PB1	509	14	T	0	0	14	45.7142857142857
A_PB1	510	14	G	0	0	14	44.1428571428571
A_PB1	511	14	A	0	0	14	42.7142857142857
A_PB1	512	14	T	0	0	14	43.2857142857143
A_PB1	513	14	G	0	0	14	41.0714285714286
A_PB1	514	14	G	0	0	14	40.1428571428571
A_PB1	515	14	A	0	0	14	41.0714285714286
A_PB1	516	14	A	0	0	14	40.7857142857143
A_PB1	517	14	T	0	0	14	41.8571428571429
A_PB1	518	14	C	0	0	14	40.6428571428571
A_PB1	519	14	A	0	0	14	43.2142857142857
A_PB1	520	14	A	0	0	14	43
A_PB1	521	14	T	0	0	14	44.1428571428571
A_PB1	522	14	G	0	0	14	41.3571428571429
A_PB1	523	14	A	0	0	14	41.7142857142857
A_PB1	524	14	A	0	0	14	43.2857142857143
A_PB1	525	14	C	0	0	14	41.4285714285714
A_PB1	526	14	A	0	0	14	35.7857142857143
A_PB1	527	14	A	0	0	14	36.7857142857143
A_PB1	528	14	A	0	0	14	36.1428571428571
A_PB1	529	14	G	0	0	14	35.0714285714286
A_PB1	530	14	A	0	0	14	37.1428571428571
A_PB1	531	14	G	0	0	14	43.3571428571429
A_PB1	532	14	G	0	0	14	42.2857142857143
A_PB1	533	14	A	0	0	14	42.5714285714286
A_PB1	534	14	A	0	0	14	43.1428571428571
A_PB1	535	14	A	0	0	14	45.2142857142857
A_PB1	536	14	T	0	0	14	44
A_PB1	537	13	A	0	0	13	40.6923076923077
A_PB1	538	13	G	0	0	13	40.6923076923077
A_PB1	539	13	A	0	0	13	39.2307692307692
A_PB1	540	13	G	0	0	13	39.2307692307692
A_PB1	541	13	A	0	0	13	41.9230769230769
A_PB1	542	13	T	0	0	13	43.4615384615385
A_PB1	543	13	A	0	0	13	41.9230769230769
A_PB1	544	13	A	0	0	12	41.1666666666667
A_PB1	545	13	C	0	0	13	42.5384615384615
A_PB1	546	13	A	0	0	13	40.0769230769231
A_PB1	547	13	A	0	0	13	41.6923076923077
A_PB1	548	13	C	0	0	13	40.6923076923077
A_PB1	549	13	C	0	0	13	38.4615384615385
A_PB1	550	13	C	0	0	13	39.5384615384615
A_PB1	551	17	A	0	0	17	39.5882352941176
A_PB1	552	17	C	0	0	17	40.5294117647059
A_PB1	553	17	T	0	0	17	38.6470588235294
A_PB1	554	17	T	0	0	17	41
A_PB1	555	17	T	0	0	17	40.2352941176471
A_PB1	556	16	C	1	0	16	37.8125
A_PB1	557	17	A	0	0	17	38.9411764705882
A_PB1	558	17	A	0	0	17	42.8235294117647
A_PB1	559	17	A	0	0	17	41.0588235294118
A_PB1	560	17	G	0	0	17	40.7058823529412
A_PB1	561	17	G	0	0	17	39.9411764705882
A_PB1	562	17	A	0	0	17	39.0588235294118
A_PB1	563	17	A	0	0	17	37.2941176470588
A_PB1	564	17	A	0	0	17	42.2352941176471
A_PB1	565	17	A	0	0	17	42.3529411764706
A_PB1	566	17	G	0	0	17	41.6470588235294
A_PB1	567	17	G	0	0	17	42.2941176470588
A_PB1	568	17	A	0	0	16	41.125
A_PB1	569	17	G	0	0	17	39.2941176470588
A_PB1	570	16	A	0	0	16	40.5625
A_PB1	571	16	G	0	0	14	39.7857142857143
A_PB1	572	16	T	0	0	15	39.2
A_PB1	573	16	A	0	0	16	38.25
A_PB1	574	16	A	0	0	16	38.375
A_PB1	575	15	G	0	0	15	38.6
A_PB1	576	15	A	0	0	15	39.8666666666667
A_PB1	577	15	G	0	0	15	39.8666666666667
A_PB1	578	15	A	0	0	15	38.7333333333333
A_PB1	579	15	C	0	0	15	38.4666666666667
A_PB1	580	15	A	0	0	15	38
A_PB1	581	15	A	0	0	15	38.2
A_PB1	582	15	C	0	0	15	39.3333333333333
A_PB1	583	15	A	0	0	15	38.8
A_PB1	584	15	T	0	0	15	41
A_PB1	585	15	G	0	0	15	39.4666666666667
A_PB1	586	15	A	0	0	15	38.8666666666667
A_PB1	587	15	C	0	0	15	38.8
A_PB1	588	15	C	0	0	15	38.2666666666667
A_PB1	589	15	A	0	0	15	37.1333333333333
A_PB1	590	15	A	0	0	15	36.6
A_PB1	591	15	G	0	0	15	35.1333333333333
A_PB1	592	15	A	0	0	15	37.2
A_PB1	593	15	A	0	0	15	39
A_PB1	594	15	G	0	0	15	37.8
A_PB1	595	15	A	0	0	15	37.6
A_PB1	596	15	T	0	0	15	38.8
A_PB1	597	15	G	0	0	15	38.3333333333333
A_PB1	598	15	A	0	0	15	38.8
A_PB1	599	15	T	0	0	15	38.4666666666667
A_PB1	600	14	C	0	0	14	40.6428571428571
A_PB1	601	14	A	0	0	14	41.5714285714286
A_PB1	602	14	C	0	0	13	40.1538461538462
A_PB1	603	14	G	0	0	14	39.5
A_PB1	604	14	C	0	0	14	40.0714285714286
A_PB1	605	14	A	0	0	14	38.7857142857143
A_PB1	606	14	A	0	0	14	39.9285714285714
A_PB1	607	14	A	0	0	14	41.2142857142857
A_PB1	608	14	G	0	0	14	41.7857142857143
A_PB1	609	14	A	0	0	14	43.2142857142857
A_PB1	610	14	A	0	0	14	44
A_PB1	611	14	C	0	0	14	43.0714285714286
A_PB1	612	14	A	0	0	14	36.8571428571429
A_PB1	613	14	A	0	0	14	38.4285714285714
A_PB1	614	14	T	0	0	14	39
A_PB1	615	14	A	0	0	14	34.8571428571429
A_PB1	616	14	G	0	0	14	35.4285714285714
A_PB1	617	14	G	0	0	14	39.1428571428571
A_PB1	618	14	G	0	0	13	39.9230769230769
A_PB1	619	14	A	0	0	14	37.5714285714286
A_PB1	620	14	A	0	0	14	41.9285714285714
A_PB1	621	14	G	0	0	14	36.5714285714286
A_PB1	622	14	A	0	0	14	37.3571428571429
A_PB1	623	14	A	0	0	14	34.8571428571429
A_PB1	624	14	A	0	0	14	33.4285714285714
A_PB1	625	14	A	0	0	14	30.8571428571429
A_PB1	626	14	A	0	0	14	32.1428571428571
A_PB1	627	14	A	0	0	14	38.6428571428571
A_PB1	628	14	C	0	0	14	38.2857142857143
A_PB1	629	14	A	0	0	14	39
A_PB1	630	14	G	0	0	14	38.7857142857143
A_PB1	631	14	A	0	0	14	38.1428571428571
A_PB1	632	14	G	0	0	14	40
A_PB1	633	14	A	0	0	14	39.2142857142857
A_PB1	634	14	C	0	0	14	38.2857142857143
A_PB1	635	14	T	0	0	14	37.4285714285714
A_PB1	636	14	G	0	0	14	33.3571428571429
A_PB1	637	14	A	0	0	14	35.2857142857143
A_PB1	638	14	A	0	0	14	35.9285714285714
A_PB1	639	14	T	0	0	14	39.4285714285714
A_PB1	640	14	A	0	0	14	39.7142857142857
A_PB1	641	14	A	0	0	14	41.9285714285714
A_PB1	642	14	G	0	0	14	42.8571428571429
A_PB1	643	14	A	0	0	13	40.4615384615385
A_PB1	644	14	G	0	0	14	40.5
A_PB1	645	14	A	0	0	14	40.9285714285714
A_PB1	646	14	G	0	0	14	40.4285714285714
A_PB1	647	14	G	0	0	14	39.8571428571429
A_PB1	648	14	C	0	0	14	40.6428571428571
A_PB1	649	14	T	0	0	14	39.2857142857143
A_PB1	650	14	A	0	0	14	41.0714285714286
A_PB1	651	14	T	0	0	14	41.4285714285714
A_PB1	652	14	C	0	0	14	38.2142857142857
A_PB1	653	14	T	0	0	14	38.5714285714286
A_PB1	654	14	A	0	0	14	35.7142857142857
A_PB1	655	14	A	0	0	14	36.5714285714286
A_PB1	656	14	T	0	0	14	39.0714285714286
A_PB1	657	14	A	0	0	14	41.5714285714286
A_PB1	658	14	A	0	0	14	42.5
A_PB1	659	14	G	0	0	14	39.4285714285714
A_PB1	660	14	A	0	0	14	39.8571428571429
A_PB1	661	14	G	0	0	14	41.5
A_PB1	662	14	C	0	0	13	43.3846153846154
A_PB1	663	14	A	0	0	14	41.4285714285714
A_PB1	664	14	C	0	0	14	41.3571428571429
A_PB1	665	14	T	0	0	14	40.8571428571429
A_PB1	666	14	G	0	0	14	40.3571428571429
A_PB1	667	14	A	0	0	14	41
A_PB1	668	14	C	0	0	14	40
A_PB1	669	14	A	0	0	14	41.8571428571429
A_PB1	670	14	T	0	0	14	40.8571428571429
A_PB1	671	14	T	0	0	14	40.9285714285714
A_PB1	672	14	A	0	0	14	39.0714285714286
A_PB1	673	14	A	0	0	14	41.7142857142857
A_PB1	674	14	A	0	0	14	42.8571428571429
A_PB1	675	14	T	0	0	14	42.7857142857143
A_PB1	676	14	A	0	0	14	41.5714285714286
A_PB1	677	14	C	0	0	14	43.9285714285714
A_PB1	678	14	G	0	0	14	36.5
A_PB1	679	14	A	0	0	14	37.0714285714286
A_PB1	680	14	T	0	0	14	37.0714285714286
A_PB1	681	14	G	0	0	14	34.9285714285714
A_PB1	682	14	A	0	0	14	36
A_PB1	683	14	C	0	0	14	37.0714285714286
A_PB1	684	14	C	0	0	14	36.2857142857143
A_PB1	685	14	A	0	0	14	37.4285714285714
A_PB1	686	14	A	0	0	14	36.2857142857143
A_PB1	687	14	A	0	0	14	38.9285714285714
A_PB1	688	14	G	0	0	14	38.7142857142857
A_PB1	689	14	A	0	0	14	39.2857142857143
A_PB1	690	14	T	0	0	14	38
A_PB1	691	14	G	0	0	14	36.6428571428571
A_PB1	692	14	C	0	0	14	37.7142857142857
A_PB1	693	14	A	0	0	14	36.3571428571429
A_PB1	694	14	G	0	0	14	34.7142857142857
A_PB1	695	14	A	0	0	14	34.9285714285714
A_PB1	696	14	G	0	0	14	33.5714285714286
A_PB1	697	14	A	0	0	13	35.6153846153846
A_PB1	698	14	G	0	0	14	33.2857142857143
A_PB1	699	14	A	0	0	14	37.3571428571429
A_PB1	700	14	G	0	0	14	37
A_PB1	701	14	G	0	0	14	39.8571428571429
A_PB1	702	14	C	0	0	14	42.5714285714286
A_PB1	703	14	A	0	0	14	41.9285714285714
A_PB1	704	14	A	0	0	14	42.2142857142857
A_PB1	705	14	A	0	0	14	41.7857142857143
A_PB1	706	14	T	0	0	14	42.5
A_PB1	707	14	T	0	0	14	42.0714285714286
A_PB1	708	13	A	1	0	13	39.0769230769231
A_PB1	709	14	A	0	0	14	39
A_PB1	710	14	A	0	0	14	41.2857142857143
A_PB1	711	14	A	0	0	14	44.7142857142857
A_PB1	712	14	A	0	0	14	46.1428571428571
A_PB1	713	14	G	0	0	14	44.5
A_PB1	714	14	A	0	0	14	43.6428571428571
A_PB1	715	14	A	0	0	14	45.0714285714286
A_PB1	716	14	G	0	0	14	42.2857142857143
A_PB1	717	14	G	0	0	14	42.4285714285714
A_PB1	718	14	G	0	0	14	42.5
A_PB1	719	14	C	0	0	14	41.6428571428571
A_PB1	720	14	T	0	0	14	40.8571428571429
A_PB1	721	14	A	0	0	14	42.2857142857143
A_PB1	722	14	T	0	0	14	44.1428571428571
A_PB1	723	14	C	0	0	14	40.3571428571429
A_PB1	724	14	G	0	0	14	36.5714285714286
A_PB1	725	14	C	0	0	14	36.6428571428571
A_PB1	726	14	A	0	0	14	36.6428571428571
A_PB1	727	14	A	0	0	14	38.2142857142857
A_PB1	728	14	C	0	0	14	38.7142857142857
A_PB1	729	14	A	0	0	14	39.5
A_PB1	730	14	C	0	0	14	42.7857142857143
A_PB1	731	14	C	0	0	14	43.2857142857143
A_PB1	732	14	T	0	0	14	43
A_PB1	733	14	G	0	0	14	42.3571428571429
A_PB1	734	14	G	0	0	14	43.8571428571429
A_PB1	735	14	G	0	0	14	43.1428571428571
A_PB1	736	14	A	0	0	14	42.2142857142857
A_PB1	737	14	T	0	0	14	43.0714285714286
A_PB1	738	14	G	0	0	14	40.7857142857143
A_PB1	739	14	C	0	0	14	43.7142857142857
A_PB1	740	14	A	0	0	14	43.5
A_PB1	741	14	G	0	0	14	42.3571428571429
A_PB1	742	14	A	0	0	14	41.2857142857143
A_PB1	743	14	T	0	0	14	42.5
A_PB1	744	14	T	0	0	14	42.6428571428571
A_PB1	745	14	A	0	0	14	38.1428571428571
A_PB1	746	14	G	0	0	14	38.7142857142857
A_PB1	747	14	A	0	0	14	40.6428571428571
A_PB1	748	14	G	0	0	14	38.6428571428571
A_PB1	749	14	G	0	0	14	39.7857142857143
A_PB1	750	14	T	0	0	14	40.9285714285714
A_PB1	751	14	T	0	0	14	40.0714285714286
A_PB1	752	14	T	0	0	14	41.7142857142857
A_PB1	753	14	C	0	0	14	40.4285714285714
A_PB1	754	14	G	0	0	14	39.1428571428571
A_PB1	755	14	T	0	0	14	38.7857142857143
A_PB1	756	14	A	0	0	14	37.2142857142857
A_PB1	757	14	T	0	0	14	38.6428571428571
A_PB1	758	14	A	0	0	14	38.5714285714286
A_PB1	759	14	C	0	0	14	38.2142857142857
A_PB1	760	14	T	0	0	14	38.2142857142857
A_PB1	761	14	T	0	0	14	37.5714285714286
A_PB1	762	14	T	0	0	14	37.7857142857143
A_PB1	763	14	G	0	0	14	37.2142857142857
A_PB1	764	14	T	0	0	14	39.8571428571429
A_PB1	765	14	T	0	0	14	40.0714285714286
A_PB1	766	14	G	0	0	14	39.4285714285714
A_PB1	767	14	A	0	0	14	41
A_PB1	768	14	A	0	0	14	41.5
A_PB1	769	14	A	0	0	14	43.3571428571429
A_PB1	770	14	C	0	0	14	41.5714285714286
A_PB1	771	14	T	0	0	14	42.2142857142857
A_PB1	772	14	T	0	0	14	41.7142857142857
A_PB1	773	14	T	0	0	14	41
A_PB1	774	14	A	0	0	14	36.8571428571429
A_PB1	775	14	G	0	0	14	38.9285714285714
A_PB1	776	14	C	0	0	14	39.9285714285714
A_PB1	777	14	T	0	0	14	39.3571428571429
A_PB1	778	14	A	0	0	14	36.2857142857143
A_PB1	779	14	G	0	0	14	36.0714285714286
A_PB1	780	14	G	0	0	14	34.8571428571429
A_PB1	781	14	A	0	0	14	34.6428571428571
A_PB1	782	14	G	0	0	14	36.3571428571429
A_PB1	783	14	C	0	0	14	39.4285714285714
A_PB1	784	14	A	0	0	14	39.5714285714286
A_PB1	785	14	T	0	0	14	39.8571428571429
A_PB1	786	14	T	0	0	14	37.7142857142857
A_PB1	787	14	T	0	0	14	39.0714285714286
A_PB1	788	14	G	0	0	14	34.7857142857143
A_PB1	789	14	C	0	0	14	36.7142857142857
A_PB1	790	14	G	0	0	14	35.0714285714286
A_PB1	791	13	A	1	0	13	31.8461538461538
A_PB1	792	14	A	0	0	14	32.9285714285714
A_PB1	793	14	A	0	0	14	33.4285714285714
A_PB1	794	14	A	0	0	14	34.7142857142857
A_PB1	795	14	G	0	0	14	40.5714285714286
A_PB1	796	14	C	0	0	14	40.1428571428571
A_PB1	797	13	T	1	0	13	38.6153846153846
A_PB1	798	14	T	0	0	14	34.5
A_PB1	799	14	G	0	0	14	30.8571428571429
A_PB1	800	14	A	0	0	14	31.5
A_PB1	801	14	A	0	0	14	32.5
A_PB1	802	14	C	0	0	14	35.4285714285714
A_PB1	803	14	A	0	0	14	37.0714285714286
A_PB1	804	14	G	0	0	14	37.8571428571429
A_PB1	805	14	T	0	0	14	37.7857142857143
A_PB1	806	14	C	0	0	14	36.7142857142857
A_PB1	807	14	T	0	0	14	40.1428571428571
A_PB1	808	14	G	0	0	14	38.2857142857143
A_PB1	809	14	G	0	0	14	39
A_PB1	810	14	G	0	0	14	38.7857142857143
A_PB1	811	14	C	0	0	14	40.2142857142857
A_PB1	812	14	T	0	0	14	39.2142857142857
A_PB1	813	14	C	0	0	14	39.2142857142857
A_PB1	814	14	C	0	0	14	37.7857142857143
A_PB1	815	14	C	0	0	14	34.2857142857143
A_PB1	816	14	A	0	0	14	32.1428571428571
A_PB1	817	14	G	0	0	14	31.9285714285714
A_PB1	818	14	T	0	0	14	34.7142857142857
A_PB1	819	14	A	0	0	14	34.4285714285714
A_PB1	820	14	G	0	0	14	37.1428571428571
A_PB1	821	14	G	0	0	14	38.5
A_PB1	822	14	G	0	0	14	39.2857142857143
A_PB1	823	14	G	0	0	14	40.1428571428571
A_PB1	824	14	G	0	0	14	43.7142857142857
A_PB1	825	14	C	0	0	14	42.6428571428571
A_PB1	826	14	A	0	0	14	37.8571428571429
A_PB1	827	14	A	0	0	14	39.4285714285714
A_PB1	828	14	T	0	0	14	39.2857142857143
A_PB1	829	14	G	0	0	14	37.8571428571429
A_PB1	830	14	A	0	0	14	36.1428571428571
A_PB1	831	14	A	0	0	14	38.2857142857143
A_PB1	832	14	A	0	0	14	40.5714285714286
A_PB1	833	14	A	0	0	14	43
A_PB1	834	14	G	0	0	14	46.5
A_PB1	835	14	A	0	0	14	43.5714285714286
A_PB1	836	14	A	0	0	14	43.2142857142857
A_PB1	837	14	G	0	0	14	45.0714285714286
A_PB1	838	14	G	0	0	14	43.2142857142857
A_PB1	839	14	C	0	0	14	43.8571428571429
A_PB1	840	14	C	0	0	14	40.2857142857143
A_PB1	841	14	A	0	0	14	44
A_PB1	842	14	A	0	0	14	44.3571428571429
A_PB1	843	14	A	0	0	14	43.2142857142857
A_PB1	844	14	T	0	0	14	41
A_PB1	845	14	T	0	0	14	42.3571428571429
A_PB1	846	14	G	0	0	14	44.4285714285714
A_PB1	847	14	G	0	0	14	43.7857142857143
A_PB1	848	14	C	0	0	14	43.9285714285714
A_PB1	849	14	A	0	0	14	42.8571428571429
A_PB1	850	14	A	0	0	14	43.1428571428571
A_PB1	851	14	A	0	0	14	43.9285714285714
A_PB1	852	14	C	0	0	14	45
A_PB1	853	14	G	0	0	13	43.1538461538462
A_PB1	854	14	T	0	0	14	41.5714285714286
A_PB1	855	14	T	0	0	14	39.8571428571429
A_PB1	856	14	G	0	0	14	40.6428571428571
A_PB1	857	14	T	0	0	14	40.5714285714286
A_PB1	858	14	G	0	0	14	39.7857142857143
A_PB1	859	14	A	0	0	14	39.1428571428571
A_PB1	860	14	G	0	0	14	36.7142857142857
A_PB1	861	14	A	0	0	14	38.1428571428571
A_PB1	862	14	A	0	0	14	40.7142857142857
A_PB1	863	14	A	0	0	14	42.5
A_PB1	864	14	G	0	0	14	41.8571428571429
A_PB1	865	14	A	0	0	14	43.7142857142857
A_PB1	866	14	T	0	0	14	42.1428571428571
A_PB1	867	14	G	0	0	14	39.7142857142857
A_PB1	868	14	A	0	0	14	39.7857142857143
A_PB1	869	14	T	0	0	14	39.8571428571429
A_PB1	870	14	G	0	0	14	39
A_PB1	871	14	A	0	0	14	40.6428571428571
A_PB1	872	14	C	0	0	14	39.1428571428571
A_PB1	873	14	T	0	0	14	39.7142857142857
A_PB1	874	14	A	0	0	14	37.8571428571429
A_PB1	875	14	A	0	0	14	37.7142857142857
A_PB1	876	14	T	0	0	14	38.5714285714286
A_PB1	877	14	T	0	0	14	38.6428571428571
A_PB1	878	14	C	0	0	14	36.8571428571429
A_PB1	879	14	A	0	0	14	35.5714285714286
A_PB1	880	14	C	0	0	14	36.2142857142857
A_PB1	881	14	A	0	0	14	34.9285714285714
A_PB1	882	14	A	0	0	14	35.7142857142857
A_PB1	883	14	G	0	0	14	36
A_PB1	884	14	A	0	0	14	36.2857142857143
A_PB1	885	14	T	0	0	14	34.6428571428571
A_PB1	886	14	A	0	0	14	34.4285714285714
A_PB1	887	14	C	0	0	14	35.2857142857143
A_PB1	888	14	A	0	0	14	34.1428571428571
A_PB1	889	14	G	0	0	14	32.1428571428571
A_PB1	890	14	A	0	0	14	31.6428571428571
A_PB1	891	14	G	0	0	14	32.5
A_PB1	892	14	A	0	0	14	35.1428571428571
A_PB1	893	14	T	0	0	14	35.6428571428571
A_PB1	894	14	T	0	0	14	36.5
A_PB1	895	14	T	0	0	14	37
A_PB1	896	14	C	0	0	14	37.2857142857143
A_PB1	897	14	T	0	0	14	37.7142857142857
A_PB1	898	14	T	0	0	14	39.2857142857143
A_PB1	899	14	T	0	0	14	38.7142857142857
A_PB1	900	14	C	0	0	13	34.9230769230769
A_PB1	901	14	A	0	0	13	36.6153846153846
A_PB1	902	14	C	0	0	14	36.0714285714286
A_PB1	903	14	A	0	0	14	35.5714285714286
A_PB1	904	14	A	0	0	14	38.1428571428571
A_PB1	905	14	T	0	0	14	36.7857142857143
A_PB1	906	14	C	0	0	14	39.2857142857143
A_PB1	907	14	A	0	0	14	42.2142857142857
A_PB1	908	14	C	0	0	14	42.2142857142857
A_PB1	909	14	T	0	0	14	42.6428571428571
A_PB1	910	14	G	0	0	14	40
A_PB1	911	14	G	0	0	14	39.1428571428571
A_PB1	912	14	G	0	0	14	42.0714285714286
A_PB1	913	14	G	0	0	14	41.1428571428571
A_PB1	914	14	A	0	0	14	42.6428571428571
A_PB1	915	14	C	0	0	14	42.5714285714286
A_PB1	916	14	A	0	0	14	41.5714285714286
A_PB1	917	14	A	0	0	14	38.5
A_PB1	918	14	C	0	0	14	41.3571428571429
A_PB1	919	14	A	0	0	14	40.5
A_PB1	920	14	C	0	0	14	39.7857142857143
A_PB1	921	14	T	0	0	14	39.6428571428571
A_PB1	922	14	A	0	0	14	38.7857142857143
A_PB1	923	14	A	0	0	14	38.1428571428571
A_PB1	924	14	A	0	0	14	39.0714285714286
A_PB1	925	14	T	0	0	14	39.6428571428571
A_PB1	926	14	G	0	0	14	41.7142857142857
A_PB1	927	14	G	0	0	14	41.7142857142857
A_PB1	928	14	A	0	0	14	42.2142857142857
A_PB1	929	14	A	0	0	14	42
A_PB1	930	14	T	0	0	14	43.1428571428571
A_PB1	931	14	G	0	0	14	42.5
A_PB1	932	14	A	0	0	14	42.6428571428571
A_PB1	933	14	G	0	0	14	41.1428571428571
A_PB1	934	14	A	0	0	14	39.5714285714286
A_PB1	935	14	A	0	0	14	40.7142857142857
A_PB1	936	14	T	0	0	14	40
A_PB1	937	14	C	0	0	14	39.8571428571429
A_PB1	938	13	A	1	0	13	39.7692307692308
A_PB1	939	14	A	0	0	14	40.7142857142857
A_PB1	940	14	A	0	0	14	44.2142857142857
A_PB1	941	14	A	0	0	14	44.0714285714286
A_PB1	942	14	T	0	0	14	42.4285714285714
A_PB1	943	14	C	0	0	14	40.9285714285714
A_PB1	944	14	C	0	0	14	42.5714285714286
A_PB1	945	14	T	0	0	14	40.5
A_PB1	946	14	C	0	0	14	37.8571428571429
A_PB1	947	14	G	0	0	14	36.2857142857143
A_PB1	948	14	A	0	0	14	36.9285714285714
A_PB1	949	14	A	0	0	14	37.1428571428571
A_PB1	950	14	T	0	0	14	38.1428571428571
A_PB1	951	14	G	0	0	14	37.7857142857143
A_PB1	952	14	T	0	0	14	43.0714285714286
A_PB1	953	14	T	0	0	14	42.5714285714286
A_PB1	954	14	C	0	0	14	42.5714285714286
A_PB1	955	14	C	0	0	14	40.5714285714286
A_PB1	956	14	T	0	0	14	38.3571428571429
A_PB1	957	14	T	0	0	14	40.2142857142857
A_PB1	958	14	G	0	0	14	37.5
A_PB1	959	14	C	0	0	14	40.5
A_PB1	960	14	A	0	0	14	40.7142857142857
A_PB1	961	14	A	0	0	14	42.9285714285714
A_PB1	962	14	T	0	0	14	41.4285714285714
A_PB1	963	14	G	0	0	14	43.4285714285714
A_PB1	964	14	A	0	0	14	41.7857142857143
A_PB1	965	14	T	0	0	14	41.2142857142857
A_PB1	966	14	T	0	0	14	42.5714285714286
A_PB1	967	14	A	0	0	14	40.9285714285714
A_PB1	968	14	C	0	0	14	42.7142857142857
A_PB1	969	14	A	0	0	14	42
A_PB1	970	14	T	0	0	14	42.3571428571429
A_PB1	971	14	A	0	0	14	42.1428571428571
A_PB1	972	14	T	0	0	14	42.4285714285714
A_PB1	973	14	A	0	0	14	41.0714285714286
A_PB1	974	14	T	0	0	14	41.2142857142857
A_PB1	975	14	C	0	0	14	43.2142857142857
A_PB1	976	14	A	0	0	14	42.5714285714286
A_PB1	977	14	C	0	0	14	42.6428571428571
A_PB1	978	14	C	0	0	14	41.6428571428571
A_PB1	979	14	A	0	0	14	40.1428571428571
A_PB1	980	14	G	0	0	14	40
A_PB1	981	14	A	0	0	14	41
A_PB1	982	14	A	0	0	14	39.8571428571429
A_PB1	983	14	A	0	0	14	41.7142857142857
A_PB1	984	14	T	0	0	14	41.6428571428571
A_PB1	985	14	C	0	0	14	41.4285714285714
A_PB1	986	14	A	0	0	14	42.0714285714286
A_PB1	987	14	A	0	0	14	40.6428571428571
A_PB1	988	14	C	0	0	14	41.0714285714286
A_PB1	989	14	C	0	0	14	44.1428571428571
A_PB1	990	14	C	0	0	14	39.4285714285714
A_PB1	991	14	G	0	0	13	40.9230769230769
A_PB1	992	14	A	0	0	14	40.2142857142857
A_PB1	993	14	G	0	0	14	37.9285714285714
A_PB1	994	14	T	0	0	14	36.7857142857143
A_PB1	995	14	G	0	0	14	38.2142857142857
A_PB1	996	14	G	0	0	14	39.5
A_PB1	997	13	T	1	0	13	42.1538461538462
A_PB1	998	13	T	1	0	13	43.9230769230769
A_PB1	999	14	T	0	0	14	41.0714285714286
A_PB1	1000	14	A	0	0	14	39.1428571428571
A_PB1	1001	14	G	0	0	13	41.8461538461538
A_PB1	1002	13	A	1	0	13	41.8461538461538
A_PB1	1003	14	A	0	0	14	39.6428571428571
A_PB1	1004	14	A	0	0	13	42.8461538461538
A_PB1	1005	14	C	0	0	14	40.2857142857143
A_PB1	1006	14	A	0	0	14	40.8571428571429
A_PB1	1007	14	T	0	0	14	42.6428571428571
A_PB1	1008	14	C	0	0	14	41.5714285714286
A_PB1	1009	14	C	0	0	14	42.4285714285714
A_PB1	1010	14	T	0	0	14	40.5714285714286
A_PB1	1011	14	G	0	0	14	43
A_PB1	1012	14	A	0	0	14	41.8571428571429
A_PB1	1013	14	G	0	0	14	42.1428571428571
A_PB1	1014	14	C	0	0	14	43.2142857142857
A_PB1	1015	14	A	0	0	14	42.9285714285714
A_PB1	1016	14	T	0	0	14	43
A_PB1	1017	14	G	0	0	14	41.9285714285714
A_PB1	1018	14	G	0	0	14	43.1428571428571
A_PB1	1019	14	C	0	0	14	42.4285714285714
A_PB1	1020	14	A	0	0	14	38.8571428571429
A_PB1	1021	14	C	0	0	14	39.4285714285714
A_PB1	1022	14	C	0	0	14	36.7857142857143
A_PB1	1023	14	C	0	0	14	37.1428571428571
A_PB1	1024	14	A	0	0	14	36.0714285714286
A_PB1	1025	14	T	0	0	14	39.8571428571429
A_PB1	1026	14	A	0	0	14	39.7857142857143
A_PB1	1027	14	A	0	0	14	44.1428571428571
A_PB1	1028	14	T	0	0	14	44.7857142857143
A_PB1	1029	14	G	0	0	14	44.8571428571429
A_PB1	1030	14	T	0	0	14	43.2857142857143
A_PB1	1031	14	T	0	0	14	42.9285714285714
A_PB1	1032	14	C	0	0	14	39.7142857142857
A_PB1	1033	14	T	0	0	14	39
A_PB1	1034	14	C	0	0	14	38.4285714285714
A_PB1	1035	14	A	0	0	14	39.7857142857143
A_PB1	1036	14	A	0	0	14	41.9285714285714
A_PB1	1037	14	A	0	0	14	41.7142857142857
A_PB1	1038	14	T	0	0	14	41.3571428571429
A_PB1	1039	14	A	0	0	14	40.0714285714286
A_PB1	1040	14	A	0	0	14	41.2857142857143
A_PB1	1041	14	A	0	0	14	38.9285714285714
A_PB1	1042	14	A	0	0	14	39.9285714285714
A_PB1	1043	14	T	0	0	14	40.2142857142857
A_PB1	1044	14	G	0	0	14	41.7857142857143
A_PB1	1045	14	G	0	0	14	43.1428571428571
A_PB1	1046	14	C	0	0	14	42.7142857142857
A_PB1	1047	14	A	0	0	14	40.5
A_PB1	1048	14	A	0	0	14	40.5714285714286
A_PB1	1049	14	G	0	0	14	40.8571428571429
A_PB1	1050	14	A	0	0	14	38.8571428571429
A_PB1	1051	14	C	0	0	14	39.2857142857143
A_PB1	1052	14	T	0	0	14	40.5714285714286
A_PB1	1053	14	A	0	0	14	36.5714285714286
A_PB1	1054	14	G	0	0	14	35.5
A_PB1	1055	14	G	0	0	14	36.2142857142857
A_PB1	1056	14	A	0	0	14	35.7142857142857
A_PB1	1057	14	A	0	0	14	38
A_PB1	1058	14	A	0	0	14	42.6428571428571
A_PB1	1059	14	A	0	0	14	41.4285714285714
A_PB1	1060	14	G	0	0	13	42.6923076923077
A_PB1	1061	14	G	0	0	14	41
A_PB1	1062	14	G	0	0	14	41.8571428571429
A_PB1	1063	14	T	0	0	14	40.5714285714286
A_PB1	1064	14	A	0	0	14	40.8571428571429
A_PB1	1065	14	C	0	0	14	42.7857142857143
A_PB1	1066	14	A	0	0	14	42.5
A_PB1	1067	14	T	0	0	14	42
A_PB1	1068	14	G	0	0	14	41.8571428571429
A_PB1	1069	14	T	0	0	14	41.6428571428571
A_PB1	1070	14	T	0	0	14	39.8571428571429
A_PB1	1071	14	C	0	0	13	37.1538461538462
A_PB1	1072	14	G	0	0	14	33.6428571428571
A_PB1	1073	13	A	1	0	13	36.0769230769231
A_PB1	1074	14	G	0	0	14	32.8571428571429
A_PB1	1075	14	A	0	0	14	33.5
A_PB1	1076	14	G	0	0	13	35.9230769230769
A_PB1	1077	14	T	0	0	14	38.4285714285714
A_PB1	1078	13	A	1	0	13	36.4615384615385
A_PB1	1079	14	A	0	0	13	37.6153846153846
A_PB1	1080	14	A	0	0	13	41.6923076923077
A_PB1	1081	14	A	0	0	14	39.3571428571429
A_PB1	1082	14	G	0	0	14	40.3571428571429
A_PB1	1083	14	A	0	0	14	40.4285714285714
A_PB1	1084	14	A	0	0	14	39.8571428571429
A_PB1	1085	14	T	0	0	13	41.2307692307692
A_PB1	1086	14	G	0	0	14	39.0714285714286
A_PB1	1087	14	A	0	0	14	40.2142857142857
A_PB1	1088	14	A	0	0	14	42.0714285714286
A_PB1	1089	14	G	0	0	14	40.1428571428571
A_PB1	1090	14	A	0	0	14	42.4285714285714
A_PB1	1091	14	T	0	0	14	43.5714285714286
A_PB1	1092	14	T	0	0	14	41.3571428571429
A_PB1	1093	14	C	0	0	14	41.2142857142857
A_PB1	1094	14	G	0	0	14	39.1428571428571
A_PB1	1095	14	A	0	0	14	41.2142857142857
A_PB1	1096	14	A	0	0	14	41.1428571428571
A_PB1	1097	14	C	0	0	14	38.3571428571429
A_PB1	1098	14	A	0	0	14	39.1428571428571
A_PB1	1099	14	C	0	0	14	40.0714285714286
A_PB1	1100	14	A	0	0	14	41.7142857142857
A_PB1	1101	14	A	0	0	14	41.5714285714286
A_PB1	1102	14	A	0	0	14	42.0714285714286
A_PB1	1103	14	T	0	0	14	41.8571428571429
A_PB1	1104	14	A	0	0	14	39.8571428571429
A_PB1	1105	14	C	0	0	14	44.4285714285714
A_PB1	1106	14	C	0	0	14	43.7857142857143
A_PB1	1107	14	A	0	0	14	41.3571428571429
A_PB1	1108	14	G	0	0	14	42.7142857142857
A_PB1	1109	14	C	0	0	14	41.5
A_PB1	1110	14	A	0	0	14	41.6428571428571
A_PB1	1111	14	G	0	0	14	42.7142857142857
A_PB1	1112	14	A	0	0	14	40
A_PB1	1113	14	A	0	0	14	43.5
A_PB1	1114	14	A	0	0	14	43.7142857142857
A_PB1	1115	14	T	0	0	14	42.3571428571429
A_PB1	1116	14	G	0	0	14	38.4285714285714
A_PB1	1117	14	C	0	0	14	37.8571428571429
A_PB1	1118	14	T	0	0	14	40.5
A_PB1	1119	14	A	0	0	14	38
A_PB1	1120	14	G	0	0	14	39.2857142857143
A_PB1	1121	14	C	0	0	14	42.0714285714286
A_PB1	1122	14	A	0	0	14	40.2142857142857
A_PB1	1123	14	A	0	0	14	42.5714285714286
A_PB1	1124	14	G	0	0	14	42.2857142857143
A_PB1	1125	14	C	0	0	14	42
A_PB1	1126	14	A	0	0	14	40
A_PB1	1127	14	T	0	0	14	40.6428571428571
A_PB1	1128	14	T	0	0	14	41.8571428571429
A_PB1	1129	14	G	0	0	14	40
A_PB1	1130	14	A	0	0	14	39.5714285714286
A_PB1	1131	14	T	0	0	14	41.7142857142857
A_PB1	1132	14	C	0	0	14	41.0714285714286
A_PB1	1133	14	T	0	0	14	39.9285714285714
A_PB1	1134	14	G	0	0	14	38.2857142857143
A_PB1	1135	14	A	0	0	14	40.0714285714286
A_PB1	1136	14	A	0	0	14	39.8571428571429
A_PB1	1137	14	G	0	0	14	40.1428571428571
A_PB1	1138	14	T	0	0	13	45
A_PB1	1139	14	A	0	0	13	42.0769230769231
A_PB1	1140	14	T	0	0	13	42.0769230769231
A_PB1	1141	14	T	0	0	14	37.5
A_PB1	1142	14	T	0	0	14	40.2857142857143
A_PB1	1143	14	C	0	0	14	38.7857142857143
A_PB1	1144	14	A	0	0	14	39.7142857142857
A_PB1	1145	14	A	0	0	14	40.1428571428571
A_PB1	1146	14	T	0	0	14	41.0714285714286
A_PB1	1147	14	G	0	0	14	38.7857142857143
A_PB1	1148	14	A	0	0	14	42.1428571428571
A_PB1	1149	14	A	0	0	14	40.7857142857143
A_PB1	1150	14	T	0	0	14	40.9285714285714
A_PB1	1151	14	C	0	0	14	39.2857142857143
A_PB1	1152	15	A	0	0	15	40.1333333333333
A_PB1	1153	15	A	0	0	15	39.9333333333333
A_PB1	1154	15	C	0	0	15	41.4
A_PB1	1155	15	A	0	0	15	38.0666666666667
A_PB1	1156	15	A	0	0	15	38.2
A_PB1	1157	15	G	0	0	15	39.6666666666667
A_PB1	1158	15	G	0	0	15	38.2
A_PB1	1159	15	A	0	0	15	39.3333333333333
A_PB1	1160	15	A	0	0	15	41.2666666666667
A_PB1	1161	15	G	0	0	15	39.9333333333333
A_PB1	1162	15	A	0	0	15	41.8
A_PB1	1163	15	A	0	0	15	40
A_PB1	1164	15	A	0	0	15	41.2
A_PB1	1165	15	A	0	0	15	40.2
A_PB1	1166	15	T	0	0	15	39.7333333333333
A_PB1	1167	15	T	0	0	15	38.4666666666667
A_PB1	1168	15	G	0	0	15	38
A_PB1	1169	15	A	0	0	15	38.7333333333333
A_PB1	1170	15	G	0	0	15	39
A_PB1	1171	14	A	1	0	14	40.8571428571429
A_PB1	1172	15	A	0	0	15	41.5333333333333
A_PB1	1173	15	G	0	0	15	41.9333333333333
A_PB1	1174	15	A	0	0	15	43
A_PB1	1175	15	T	0	0	15	42.0666666666667
A_PB1	1176	15	A	0	0	15	42.6666666666667
A_PB1	1177	15	A	0	0	15	42
A_PB1	1178	15	G	0	0	15	41.6
A_PB1	1179	15	G	0	0	15	41.7333333333333
A_PB1	1180	15	C	0	0	15	41.8
A_PB1	1181	15	C	0	0	15	41.8
A_PB1	1182	15	T	0	0	15	42.6
A_PB1	1183	15	C	0	0	15	40.4
A_PB1	1184	15	T	0	0	15	40
A_PB1	1185	15	T	0	0	15	41.2666666666667
A_PB1	1186	15	T	0	0	15	41.2
A_PB1	1187	15	T	0	0	15	41.3333333333333
A_PB1	1188	15	A	0	0	15	39.0666666666667
A_PB1	1189	15	A	0	0	15	41.5333333333333
A_PB1	1190	15	T	0	0	15	43.6
A_PB1	1191	15	G	0	0	15	41.8666666666667
A_PB1	1192	15	G	0	0	15	40.4
A_PB1	1193	15	A	0	0	15	41.8666666666667
A_PB1	1194	15	T	0	0	15	41.0666666666667
A_PB1	1195	15	G	0	0	15	40.0666666666667
A_PB1	1196	15	G	0	0	15	39.9333333333333
A_PB1	1197	15	C	0	0	15	42.1333333333333
A_PB1	1198	15	A	0	0	15	41.2
A_PB1	1199	15	C	0	0	15	43
A_PB1	1200	15	A	0	0	15	42
A_PB1	1201	15	G	0	0	15	40.7333333333333
A_PB1	1202	15	C	0	0	15	40.2
A_PB1	1203	15	A	0	0	15	39.6
A_PB1	1204	15	T	0	0	15	38
A_PB1	1205	15	C	0	0	15	37.2
A_PB1	1206	15	A	0	0	15	37.7333333333333
A_PB1	1207	15	C	0	0	15	38.8
A_PB1	1208	15	T	0	0	15	38.9333333333333
A_PB1	1209	15	G	0	0	15	35.2666666666667
A_PB1	1210	15	A	0	0	15	35.4
A_PB1	1211	15	G	0	0	15	35.0666666666667
A_PB1	1212	15	T	0	0	15	36
A_PB1	1213	15	C	0	0	15	35.2666666666667
A_PB1	1214	15	C	0	0	15	37.4666666666667
A_PB1	1215	15	T	0	0	15	37.0666666666667
A_PB1	1216	15	G	0	0	15	38.2666666666667
A_PB1	1217	15	G	0	0	15	37.5333333333333
A_PB1	1218	15	G	0	0	15	38.4
A_PB1	1219	15	A	0	0	15	37.6
A_PB1	1220	15	T	0	0	15	40
A_PB1	1221	15	G	0	0	15	42.8666666666667
A_PB1	1222	15	A	0	0	15	44.4
A_PB1	1223	15	T	0	0	15	44.3333333333333
A_PB1	1224	15	G	0	0	15	43.3333333333333
A_PB1	1225	15	A	0	0	15	41.5333333333333
A_PB1	1226	15	T	0	0	15	42.1333333333333
A_PB1	1227	15	G	0	0	15	39.8
A_PB1	1228	15	G	0	0	15	41
A_PB1	1229	15	G	0	0	15	39.9333333333333
A_PB1	1230	15	C	0	0	15	40.6666666666667
A_PB1	1231	15	A	0	0	15	41.2
A_PB1	1232	15	T	0	0	15	42.0666666666667
A_PB1	1233	15	G	0	0	15	42.3333333333333
A_PB1	1234	15	T	0	0	15	44.0666666666667
A_PB1	1235	14	T	0	0	14	45.5714285714286
A_PB1	1236	14	C	0	0	14	44.3571428571429
A_PB1	1237	14	A	0	0	14	42.6428571428571
A_PB1	1238	14	A	0	0	14	42.7857142857143
A_PB1	1239	14	C	0	0	14	43.7142857142857
A_PB1	1240	14	A	0	0	14	41.9285714285714
A_PB1	1241	14	T	0	0	14	42.2142857142857
A_PB1	1242	14	G	0	0	14	42.1428571428571
A_PB1	1243	14	C	0	0	14	42
A_PB1	1244	14	T	0	0	14	40.4285714285714
A_PB1	1245	14	A	0	0	14	39.0714285714286
A_PB1	1246	14	A	0	0	14	40
A_PB1	1247	14	G	0	0	14	41.3571428571429
A_PB1	1248	14	T	0	0	14	41.4285714285714
A_PB1	1249	14	A	0	0	14	41.4285714285714
A_PB1	1250	14	C	0	0	14	42.7857142857143
A_PB1	1251	14	G	0	0	14	39
A_PB1	1252	14	G	0	0	14	39.5714285714286
A_PB1	1253	14	T	0	0	14	40.5714285714286
A_PB1	1254	14	A	0	0	14	40.9285714285714
A_PB1	1255	14	T	0	0	14	41.2142857142857
A_PB1	1256	14	T	0	0	14	40.0714285714286
A_PB1	1257	14	G	0	0	14	38.2142857142857
A_PB1	1258	14	G	0	0	14	38
A_PB1	1259	14	G	0	0	14	33.2142857142857
A_PB1	1260	14	A	0	0	13	36
A_PB1	1261	14	G	0	0	14	34.6428571428571
A_PB1	1262	14	T	0	0	14	35.1428571428571
A_PB1	1263	14	C	0	0	14	32
A_PB1	1264	14	T	0	0	14	32.2857142857143
A_PB1	1265	14	C	0	0	14	31.5
A_PB1	1266	14	G	0	0	12	31
A_PB1	1267	14	A	0	0	14	29.4285714285714
A_PB1	1268	14	T	0	0	14	31
A_PB1	1269	14	A	0	0	14	30.8571428571429
A_PB1	1270	14	C	0	0	14	33.5
A_PB1	1271	14	T	0	0	14	34
A_PB1	1272	14	G	0	0	14	31.2142857142857
A_PB1	1273	14	A	0	0	14	32.0714285714286
A_PB1	1274	14	A	0	0	14	33.3571428571429
A_PB1	1275	14	T	0	0	14	34.5
A_PB1	1276	14	C	0	0	14	34.5
A_PB1	1277	14	T	0	0	14	36.5
A_PB1	1278	14	T	0	0	14	37.3571428571429
A_PB1	1279	14	G	0	0	14	33.2857142857143
A_PB1	1280	14	G	0	0	14	33.7857142857143
A_PB1	1281	14	A	0	0	14	34.7857142857143
A_PB1	1282	14	C	0	0	14	38.0714285714286
A_PB1	1283	14	A	0	0	14	35.7142857142857
A_PB1	1284	14	A	0	0	14	34.5714285714286
A_PB1	1285	14	A	0	0	14	36.5714285714286
A_PB1	1286	14	A	0	0	14	38.3571428571429
A_PB1	1287	14	G	0	0	14	37.8571428571429
A_PB1	1288	14	A	0	0	14	35.9285714285714
A_PB1	1289	14	A	0	0	14	39.2142857142857
A_PB1	1290	14	A	0	0	14	40.2857142857143
A_PB1	1291	14	T	0	0	14	39.9285714285714
A_PB1	1292	14	A	0	0	14	37.4285714285714
A_PB1	1293	14	C	0	0	14	39.4285714285714
A_PB1	1294	14	A	0	0	14	39.5714285714286
A_PB1	1295	14	C	0	0	14	40.5714285714286
A_PB1	1296	14	C	0	0	14	39.9285714285714
A_PB1	1297	14	A	0	0	14	40.7142857142857
A_PB1	1298	14	A	0	0	14	41.3571428571429
A_PB1	1299	14	G	0	0	14	43.5
A_PB1	1300	14	A	0	0	14	41.7142857142857
A_PB1	1301	14	C	0	0	14	44.1428571428571
A_PB1	1302	14	A	0	0	14	42.7142857142857
A_PB1	1303	14	A	0	0	14	43.2142857142857
A_PB1	1304	14	C	0	0	14	43.4285714285714
A_PB1	1305	14	A	0	0	14	43.7142857142857
A_PB1	1306	14	T	0	0	14	44.8571428571429
A_PB1	1307	14	A	0	0	14	43.1428571428571
A_PB1	1308	14	C	0	0	14	43.7142857142857
A_PB1	1309	14	T	0	0	14	43.0714285714286
A_PB1	1310	14	G	0	0	14	41.1428571428571
A_PB1	1311	14	G	0	0	14	39.4285714285714
A_PB1	1312	14	T	0	0	14	42.5714285714286
A_PB1	1313	14	G	0	0	14	42.2142857142857
A_PB1	1314	14	G	0	0	14	40.7142857142857
A_PB1	1315	14	G	0	0	14	41.7857142857143
A_PB1	1316	14	A	0	0	14	43.1428571428571
A_PB1	1317	14	T	0	0	14	42.0714285714286
A_PB1	1318	14	G	0	0	14	39.2857142857143
A_PB1	1319	14	G	0	0	14	39.5714285714286
A_PB1	1320	14	G	0	0	14	40.7142857142857
A_PB1	1321	14	C	0	0	14	39.2142857142857
A_PB1	1322	14	T	0	0	14	41.1428571428571
A_PB1	1323	14	C	0	0	14	39.0714285714286
A_PB1	1324	14	C	0	0	14	38.5
A_PB1	1325	14	A	0	0	14	37.1428571428571
A_PB1	1326	14	A	0	0	14	36.9285714285714
A_PB1	1327	14	T	0	0	14	36.6428571428571
A_PB1	1328	14	C	0	0	14	34.8571428571429
A_PB1	1329	14	A	0	0	14	35.4285714285714
A_PB1	1330	14	T	0	0	14	36.5
A_PB1	1331	14	C	0	0	14	34.6428571428571
A_PB1	1332	14	C	0	0	14	34.4285714285714
A_PB1	1333	14	G	0	0	14	34.6428571428571
A_PB1	1334	14	A	0	0	14	34.5714285714286
A_PB1	1335	13	T	0	0	13	34.2307692307692
A_PB1	1336	13	G	0	0	13	32.5384615384615
A_PB1	1337	13	A	0	0	13	36.2307692307692
A_PB1	1338	11	T	2	0	11	39.2727272727273
A_PB1	1339	13	T	0	0	13	34.9230769230769
A_PB1	1340	13	T	0	0	13	34.6153846153846
A_PB1	1341	13	T	0	0	13	36.1538461538462
A_PB1	1342	13	G	0	0	13	34.3846153846154
A_PB1	1343	13	C	0	0	13	34.6923076923077
A_PB1	1344	13	T	0	0	13	36.5384615384615
A_PB1	1345	12	C	1	0	12	37.6666666666667
A_PB1	1346	13	T	0	0	13	35.4615384615385
A_PB1	1347	13	C	0	0	13	34.9230769230769
A_PB1	1348	13	A	0	0	13	37
A_PB1	1349	13	T	0	0	13	37.1538461538462
A_PB1	1350	13	A	0	0	13	39.4615384615385
A_PB1	1351	13	G	0	0	13	41.3846153846154
A_PB1	1352	13	T	0	0	13	39.6153846153846
A_PB1	1353	13	G	0	0	13	39.3076923076923
A_PB1	1354	13	A	0	0	13	40.7692307692308
A_PB1	1355	13	A	0	0	13	42.8461538461538
A_PB1	1356	13	T	0	0	13	43.6153846153846
A_PB1	1357	13	G	0	0	13	42.5384615384615
A_PB1	1358	13	C	0	0	13	41.8461538461538
A_PB1	1359	13	A	0	0	13	43.3846153846154
A_PB1	1360	13	T	0	0	13	45.3846153846154
A_PB1	1361	13	C	0	0	13	42.2307692307692
A_PB1	1362	13	A	0	0	13	43.9230769230769
A_PB1	1363	13	A	0	0	13	43.4615384615385
A_PB1	1364	13	A	0	0	13	44.3076923076923
A_PB1	1365	13	C	0	0	13	42.3846153846154
A_PB1	1366	13	C	0	0	13	41.8461538461538
A_PB1	1367	13	A	0	0	13	42.6153846153846
A_PB1	1368	13	T	0	0	13	41.5384615384615
A_PB1	1369	13	G	0	0	13	41.6923076923077
A_PB1	1370	13	A	0	0	13	43.1538461538462
A_PB1	1371	13	A	0	0	13	43.8461538461538
A_PB1	1372	13	G	0	0	13	43.3846153846154
A_PB1	1373	13	G	0	0	13	43.6153846153846
A_PB1	1374	13	A	0	0	13	44.6153846153846
A_PB1	1375	13	A	0	0	13	43.5384615384615
A_PB1	1376	13	T	0	0	13	42.0769230769231
A_PB1	1377	13	A	0	0	13	42.0769230769231
A_PB1	1378	13	C	0	0	13	42.2307692307692
A_PB1	1379	29	A	0	0	29	36.3103448275862
A_PB1	1380	29	A	0	0	28	35.9285714285714
A_PB1	1381	29	G	0	0	29	36.8620689655172
A_PB1	1382	30	C	0	0	30	36.7
A_PB1	1383	30	A	0	0	30	36.4333333333333
A_PB1	1384	30	G	0	0	30	35.2666666666667
A_PB1	1385	30	G	0	0	29	34.8275862068966
A_PB1	1386	30	A	0	0	30	35.7666666666667
A_PB1	1387	30	G	0	0	30	34.5333333333333
A_PB1	1388	30	T	0	0	30	35.1
A_PB1	1389	30	G	0	0	29	33.2068965517241
A_PB1	1390	30	G	0	0	30	32.3333333333333
A_PB1	1391	30	A	0	0	29	32.1379310344828
A_PB1	1392	30	C	0	0	30	34.6333333333333
A_PB1	1393	30	A	0	0	30	33.6
A_PB1	1394	30	G	0	0	30	38.4
A_PB1	1395	30	A	0	0	30	37.2666666666667
A_PB1	1396	30	T	0	0	30	36.2
A_PB1	1397	30	T	0	0	30	36.4666666666667
A_PB1	1398	29	C	1	0	29	35.5172413793103
A_PB1	1399	30	T	0	0	29	35.6551724137931
A_PB1	1400	30	A	0	0	30	35.6333333333333
A_PB1	1401	30	C	0	0	30	37.1333333333333
A_PB1	1402	30	A	0	0	30	36.4
A_PB1	1403	30	G	0	0	30	38.0333333333333
A_PB1	1404	30	G	0	0	30	39.0333333333333
A_PB1	1405	30	A	0	0	30	39.3666666666667
A_PB1	1406	30	C	0	0	30	39.2666666666667
A_PB1	1407	30	C	0	0	30	40.4333333333333
A_PB1	1408	30	T	0	0	30	41.4333333333333
A_PB1	1409	30	G	0	0	30	38.4
A_PB1	1410	30	C	0	0	30	39.9
A_PB1	1411	30	A	0	0	30	38.4666666666667
A_PB1	1412	30	A	0	0	30	40.3333333333333
A_PB1	1413	30	A	0	0	30	39.3
A_PB1	1414	30	T	0	0	30	40.9333333333333
A_PB1	1415	30	T	0	0	30	41.7333333333333
A_PB1	1416	30	A	0	0	30	36.8333333333333
A_PB1	1417	30	G	0	0	30	36.3333333333333
A_PB1	1418	30	T	0	0	30	36.4666666666667
A_PB1	1419	30	G	0	0	30	35.5666666666667
A_PB1	1420	30	G	0	0	30	35.2333333333333
A_PB1	1421	30	G	0	0	30	39.1666666666667
A_PB1	1422	30	A	0	0	30	40.2666666666667
A_PB1	1423	30	A	0	0	30	42.3
A_PB1	1424	30	T	0	0	30	42.7333333333333
A_PB1	1425	30	C	0	0	30	40.4666666666667
A_PB1	1426	30	A	0	0	30	42
A_PB1	1427	30	A	0	0	30	40.2333333333333
A_PB1	1428	30	C	0	0	30	41.2333333333333
A_PB1	1429	30	A	0	0	30	39.5666666666667
A_PB1	1430	30	T	0	0	30	40.6333333333333
A_PB1	1431	30	G	0	0	30	39.0666666666667
A_PB1	1432	30	A	0	0	30	39.2
A_PB1	1433	30	G	0	0	30	38.7333333333333
A_PB1	1434	30	C	0	0	30	38.9666666666667
A_PB1	1435	30	A	0	0	30	37.8
A_PB1	1436	30	A	0	0	30	35.9
A_PB1	1437	30	A	0	0	30	36.7
A_PB1	1438	30	A	0	0	30	39.6
A_PB1	1439	30	A	0	0	30	42.0666666666667
A_PB1	1440	30	G	0	0	30	42.4
A_PB1	1441	30	A	0	0	29	42.5862068965517
A_PB1	1442	30	A	0	0	30	42.2666666666667
A_PB1	1443	30	G	0	0	30	42.4
A_PB1	1444	30	T	0	0	30	41.4
A_PB1	1445	30	C	0	0	30	40.4666666666667
A_PB1	1446	30	C	0	0	30	41.2333333333333
A_PB1	1447	30	T	0	0	30	40.1666666666667
A_PB1	1448	30	A	0	0	30	40.1666666666667
A_PB1	1449	30	T	0	0	30	40.1666666666667
A_PB1	1450	30	A	0	0	30	40.3666666666667
A_PB1	1451	30	T	0	0	30	40.5333333333333
A_PB1	1452	30	A	0	0	30	37.8
A_PB1	1453	30	A	0	0	30	41.0333333333333
A_PB1	1454	30	A	0	0	30	41.2
A_PB1	1455	30	T	0	0	30	41.3333333333333
A_PB1	1456	30	A	0	0	30	41.5
A_PB1	1457	30	A	0	0	30	42.5
A_PB1	1458	30	G	0	0	30	42.1333333333333
A_PB1	1459	30	A	0	0	30	41.8
A_PB1	1460	30	C	0	0	30	40.1666666666667
A_PB1	1461	29	A	1	0	29	37.5172413793103
A_PB1	1462	30	G	0	0	30	35.7666666666667
A_PB1	1463	30	G	0	0	30	36.3666666666667
A_PB1	1464	30	G	0	0	29	36.8620689655172
A_PB1	1465	30	A	0	0	30	36.8666666666667
A_PB1	1466	30	C	0	0	30	38.8666666666667
A_PB1	1467	30	A	0	0	30	38.9
A_PB1	1468	30	T	0	0	30	39.5666666666667
A_PB1	1469	30	T	0	0	30	39.8333333333333
A_PB1	1470	30	T	0	0	30	40.6666666666667
A_PB1	1471	30	G	0	0	30	39.2666666666667
A_PB1	1472	29	A	0	0	29	42.4137931034483
A_PB1	1473	29	A	0	0	29	40.6896551724138
A_PB1	1474	29	T	0	0	29	40.9310344827586
A_PB1	1475	29	T	0	0	29	40.5862068965517
A_PB1	1476	29	C	0	0	29	42.0689655172414
A_PB1	1477	29	A	0	0	29	42.3448275862069
A_PB1	1478	29	C	0	0	29	40.3448275862069
A_PB1	1479	29	A	0	0	29	40.1379310344828
A_PB1	1480	29	A	0	0	29	40.3448275862069
A_PB1	1481	29	G	0	0	29	40
A_PB1	1482	29	C	0	0	29	39.4827586206897
A_PB1	1483	27	T	2	0	27	36.7407407407407
A_PB1	1484	28	T	1	0	28	38.5714285714286
A_PB1	1485	29	T	0	0	29	33.8620689655172
A_PB1	1486	29	T	0	0	29	34.3448275862069
A_PB1	1487	29	T	0	0	29	35.4827586206897
A_PB1	1488	29	T	0	0	29	41
A_PB1	1489	29	T	0	0	29	42.7931034482759
A_PB1	1490	29	A	0	0	29	41.7241379310345
A_PB1	1491	29	T	0	0	29	42.9310344827586
A_PB1	1492	29	C	0	0	29	39.0689655172414
A_PB1	1493	29	G	0	0	29	37.1379310344828
A_PB1	1494	29	C	0	0	29	37.1379310344828
A_PB1	1495	29	T	0	0	29	37.2413793103448
A_PB1	1496	29	A	0	0	29	37.4827586206897
A_PB1	1497	29	T	0	0	29	38.8965517241379
A_PB1	1498	29	G	0	0	29	39.448275862069
A_PB1	1499	29	G	0	0	29	41.5862068965517
A_PB1	1500	29	A	0	0	29	40.1379310344828
A_PB1	1501	29	T	0	0	29	40.8275862068966
A_PB1	1502	29	T	0	0	29	41.6896551724138
A_PB1	1503	29	T	0	0	29	42.5172413793103
A_PB1	1504	29	G	0	0	29	42.2068965517241
A_PB1	1505	29	T	0	0	29	44.2413793103448
A_PB1	1506	29	G	0	0	29	41.5862068965517
A_PB1	1507	29	G	0	0	29	43.4827586206897
A_PB1	1508	29	C	0	0	29	41.5172413793103
A_PB1	1509	29	T	0	0	29	41.9310344827586
A_PB1	1510	29	A	0	0	29	41.5172413793103
A_PB1	1511	29	A	0	0	29	41.5862068965517
A_PB1	1512	29	T	0	0	29	41.4827586206897
A_PB1	1513	29	T	0	0	29	41.6551724137931
A_PB1	1514	29	T	0	0	29	41.9655172413793
A_PB1	1515	29	T	0	0	29	42.6551724137931
A_PB1	1516	28	A	1	0	28	39.3928571428571
A_PB1	1517	28	G	1	0	28	38.1071428571429
A_PB1	1518	28	C	1	0	28	38.5357142857143
A_PB1	1519	29	A	0	0	29	38.7931034482759
A_PB1	1520	29	T	0	0	29	40.3103448275862
A_PB1	1521	29	G	0	0	29	38.448275862069
A_PB1	1522	29	G	0	0	29	39.6206896551724
A_PB1	1523	29	A	0	0	29	40.1379310344828
A_PB1	1524	29	G	0	0	29	39.3793103448276
A_PB1	1525	29	C	0	0	29	39.9310344827586
A_PB1	1526	29	T	0	0	29	39.2758620689655
A_PB1	1527	29	A	0	0	29	36.6206896551724
A_PB1	1528	29	C	0	0	29	39.0689655172414
A_PB1	1529	29	C	0	0	29	36.1034482758621
A_PB1	1530	29	C	0	0	29	37.5172413793103
A_PB1	1531	29	A	0	0	29	34.7931034482759
A_PB1	1532	29	G	0	0	29	37.6551724137931
A_PB1	1533	29	C	0	0	29	38.3448275862069
A_PB1	1534	29	T	0	0	29	38.9310344827586
A_PB1	1535	29	T	0	0	29	39.8275862068966
A_PB1	1536	29	T	0	0	29	39.0344827586207
A_PB1	1537	29	G	0	0	29	37.4137931034483
A_PB1	1538	29	G	0	0	29	39.6551724137931
A_PB1	1539	29	A	0	0	29	40.551724137931
A_PB1	1540	29	G	0	0	29	38.4827586206897
A_PB1	1541	29	T	0	0	29	40
A_PB1	1542	29	G	0	0	29	39.7241379310345
A_PB1	1543	29	T	0	0	29	40.7241379310345
A_PB1	1544	29	C	0	0	29	39.2068965517241
A_PB1	1545	29	T	0	0	29	40.5862068965517
A_PB1	1546	29	G	0	0	29	38.3103448275862
A_PB1	1547	29	G	0	0	29	38.3103448275862
A_PB1	1548	29	A	0	0	29	37.6896551724138
A_PB1	1549	29	G	0	0	28	37.75
A_PB1	1550	29	T	0	0	28	39.1428571428571
A_PB1	1551	29	A	0	0	28	38.8928571428571
A_PB1	1552	29	A	0	0	29	38.6206896551724
A_PB1	1553	29	A	0	0	29	39.7241379310345
A_PB1	1554	29	T	0	0	29	41.2758620689655
A_PB1	1555	29	G	0	0	29	39.5862068965517
A_PB1	1556	29	A	0	0	29	40.6551724137931
A_PB1	1557	29	A	0	0	29	39.7241379310345
A_PB1	1558	29	T	0	0	29	40.1034482758621
A_PB1	1559	29	C	0	0	28	39.5
A_PB1	1560	29	A	0	0	29	41.3793103448276
A_PB1	1561	29	G	0	0	29	39.7931034482759
A_PB1	1562	29	C	0	0	29	40.6896551724138
A_PB1	1563	29	T	0	0	29	39.6206896551724
A_PB1	1564	29	G	0	0	29	40.4827586206897
A_PB1	1565	29	A	0	0	29	41.2758620689655
A_PB1	1566	29	C	0	0	29	41.5172413793103
A_PB1	1567	29	A	0	0	29	40.7586206896552
A_PB1	1568	29	T	0	0	29	42.7241379310345
A_PB1	1569	29	G	0	0	29	40.5862068965517
A_PB1	1570	29	A	0	0	29	41.1379310344828
A_PB1	1571	29	G	0	0	29	40.6206896551724
A_PB1	1572	29	T	0	0	28	42.5
A_PB1	1573	29	A	0	0	28	40.7857142857143
A_PB1	1574	29	T	0	0	29	40.4827586206897
A_PB1	1575	29	T	0	0	29	41.0344827586207
A_PB1	1576	29	G	0	0	29	40.4827586206897
A_PB1	1577	29	G	0	0	29	40.0689655172414
A_PB1	1578	29	A	0	0	29	40.7241379310345
A_PB1	1579	29	G	0	0	29	41.6206896551724
A_PB1	1580	28	T	1	0	28	42.9285714285714
A_PB1	1581	29	A	0	0	29	41.0689655172414
A_PB1	1582	29	A	0	0	29	42.448275862069
A_PB1	1583	29	C	0	0	29	41.1724137931034
A_PB1	1584	29	A	0	0	29	41.8275862068966
A_PB1	1585	29	G	0	0	29	42.551724137931
A_PB1	1586	29	T	0	0	29	42.4827586206897
A_PB1	1587	29	G	0	0	29	42.6551724137931
A_PB1	1588	29	A	0	0	29	42.5862068965517
A_PB1	1589	29	T	0	0	29	42.7241379310345
A_PB1	1590	29	A	0	0	29	41
A_PB1	1591	29	A	0	0	29	43
A_PB1	1592	29	A	0	0	29	42.1034482758621
A_PB1	1593	29	G	0	0	29	42.1724137931034
A_PB1	1594	29	A	0	0	29	43.0344827586207
A_PB1	1595	29	A	0	0	29	44.6206896551724
A_PB1	1596	29	C	0	0	29	43.7241379310345
A_PB1	1597	29	A	0	0	29	43.0344827586207
A_PB1	1598	29	A	0	0	29	41.7931034482759
A_PB1	1599	29	C	0	0	29	41.6551724137931
A_PB1	1600	29	A	0	0	28	41.4642857142857
A_PB1	1601	29	T	0	0	29	41.3448275862069
A_PB1	1602	29	G	0	0	29	40.6551724137931
A_PB1	1603	29	A	0	0	29	40.448275862069
A_PB1	1604	29	T	0	0	29	41.3793103448276
A_PB1	1605	29	A	0	0	29	41.2068965517241
A_PB1	1606	29	A	0	0	29	41.8275862068966
A_PB1	1607	29	A	0	0	29	42.3448275862069
A_PB1	1608	29	C	0	0	29	40.4827586206897
A_PB1	1609	29	A	0	0	29	41.6551724137931
A_PB1	1610	29	A	0	0	29	41.6206896551724
A_PB1	1611	29	T	0	0	29	44
A_PB1	1612	29	G	0	0	29	41.7931034482759
A_PB1	1613	29	A	0	0	29	42.1724137931034
A_PB1	1614	29	C	0	0	29	44.8275862068966
A_PB1	1615	29	C	0	0	29	41.5172413793103
A_PB1	1616	29	T	0	0	29	42.6551724137931
A_PB1	1617	29	T	0	0	29	41.5172413793103
A_PB1	1618	29	G	0	0	29	41.4137931034483
A_PB1	1619	29	G	0	0	29	42.1724137931034
A_PB1	1620	29	A	0	0	28	43.1785714285714
A_PB1	1621	29	C	0	0	28	41.5357142857143
A_PB1	1622	29	C	0	0	29	40.5172413793103
A_PB1	1623	29	T	0	0	29	41.8620689655172
A_PB1	1624	29	G	0	0	29	39.7586206896552
A_PB1	1625	29	C	0	0	29	40.3103448275862
A_PB1	1626	29	A	0	0	29	40.1034482758621
A_PB1	1627	29	A	0	0	29	42.1724137931034
A_PB1	1628	29	C	0	0	28	41.1071428571429
A_PB1	1629	29	G	0	0	28	40.3214285714286
A_PB1	1630	29	G	0	0	29	40.6896551724138
A_PB1	1631	29	C	0	0	29	40.2413793103448
A_PB1	1632	29	C	0	0	29	37.7586206896552
A_PB1	1633	29	C	0	0	29	38.9655172413793
A_PB1	1634	29	A	0	0	29	41.8620689655172
A_PB1	1635	29	G	0	0	29	40.9310344827586
A_PB1	1636	29	A	0	0	29	41.5862068965517
A_PB1	1637	29	T	0	0	29	41.8965517241379
A_PB1	1638	29	G	0	0	29	40.1379310344828
A_PB1	1639	29	G	0	0	29	40.1724137931034
A_PB1	1640	29	C	0	0	29	40.3448275862069
A_PB1	1641	29	T	0	0	29	39.3793103448276
A_PB1	1642	29	C	0	0	29	40
A_PB1	1643	29	T	0	0	29	39.6896551724138
A_PB1	1644	29	T	0	0	29	41.2758620689655
A_PB1	1645	29	C	0	0	29	41.0689655172414
A_PB1	1646	29	A	0	0	29	41.3103448275862
A_PB1	1647	29	A	0	0	29	42.0344827586207
A_PB1	1648	29	T	0	0	29	43.0344827586207
A_PB1	1649	29	T	0	0	29	41.8965517241379
A_PB1	1650	29	G	0	0	29	40.4827586206897
A_PB1	1651	29	T	0	0	29	41.7931034482759
A_PB1	1652	29	T	0	0	28	42.1071428571429
A_PB1	1653	29	C	0	0	29	41.8275862068966
A_PB1	1654	29	A	0	0	29	42.448275862069
A_PB1	1655	29	T	0	0	28	42.0714285714286
A_PB1	1656	29	A	0	0	29	41.1724137931034
A_PB1	1657	29	A	0	0	29	43.3448275862069
A_PB1	1658	29	A	0	0	29	43.2413793103448
A_PB1	1659	29	A	0	0	29	44.1724137931034
A_PB1	1660	29	G	0	0	29	44.0689655172414
A_PB1	1661	29	A	0	0	29	43.3793103448276
A_PB1	1662	28	C	1	0	28	40.7142857142857
A_PB1	1663	29	T	0	0	29	41.0344827586207
A_PB1	1664	29	A	0	0	29	40.5172413793103
A_PB1	1665	29	C	0	0	29	40.4827586206897
A_PB1	1666	29	A	0	0	29	40.4137931034483
A_PB1	1667	29	G	0	0	29	40.6896551724138
A_PB1	1668	29	A	0	0	29	40.9310344827586
A_PB1	1669	29	T	0	0	29	40.8275862068966
A_PB1	1670	29	A	0	0	29	40.4827586206897
A_PB1	1671	29	C	0	0	29	42.3448275862069
A_PB1	1672	29	A	0	0	29	40.9310344827586
A_PB1	1673	29	C	0	0	29	41.1379310344828
A_PB1	1674	29	A	0	0	29	40.3448275862069
A_PB1	1675	29	T	0	0	29	40.6896551724138
A_PB1	1676	29	A	0	0	29	42.4137931034483
A_PB1	1677	29	T	0	0	29	41.2758620689655
A_PB1	1678	29	A	1	0	29	40.4827586206897
A_PB1	1679	30	G	0	0	30	38.2666666666667
A_PB1	1680	30	G	0	0	30	39.6333333333333
A_PB1	1681	30	T	0	0	30	40.3333333333333
A_PB1	1682	30	G	0	0	30	40.5
A_PB1	1683	30	T	0	0	30	42.4666666666667
A_PB1	1684	30	C	0	0	30	41.3666666666667
A_PB1	1685	30	A	0	0	30	40.9666666666667
A_PB1	1686	30	T	0	0	30	41.6
A_PB1	1687	30	A	0	0	30	34.5333333333333
A_PB1	1688	29	G	1	0	29	36.3793103448276
A_PB1	1689	30	G	0	0	30	34.8
A_PB1	1690	30	G	0	0	30	35.3333333333333
A_PB1	1691	30	G	0	0	30	36.4666666666667
A_PB1	1692	30	A	0	0	30	42.2666666666667
A_PB1	1693	30	G	0	0	28	41.6071428571429
A_PB1	1694	30	A	0	0	30	39.2
A_PB1	1695	30	C	0	0	29	36.5862068965517
A_PB1	1696	30	A	0	0	30	36.1
A_PB1	1697	31	C	0	0	30	35.8333333333333
A_PB1	1698	31	A	0	0	31	37.1935483870968
A_PB1	1699	31	C	0	0	31	35.6774193548387
A_PB1	1700	31	A	0	0	31	38.3225806451613
A_PB1	1701	31	A	0	0	31	38
A_PB1	1702	31	A	0	0	31	39.1612903225806
A_PB1	1703	31	T	0	0	31	39.6129032258064
A_PB1	1704	31	T	0	0	31	37.9032258064516
A_PB1	1705	31	C	0	0	31	37
A_PB1	1706	31	A	0	0	31	38.3548387096774
A_PB1	1707	32	G	0	0	32	39.25
A_PB1	1708	32	A	0	0	32	38.03125
A_PB1	1709	32	C	0	0	32	35.78125
A_PB1	1710	32	G	0	0	32	34.9375
A_PB1	1711	32	A	0	0	32	33.84375
A_PB1	1712	32	G	0	0	32	35.59375
A_PB1	1713	32	A	0	0	32	34.0625
A_PB1	1714	32	A	0	0	32	38.53125
A_PB1	1715	32	G	0	0	32	38.53125
A_PB1	1716	32	A	0	0	32	40
A_PB1	1717	32	T	0	0	32	40.40625
A_PB1	1718	32	C	0	0	32	39.6875
A_PB1	1719	32	A	0	0	32	39.5625
A_PB1	1720	32	T	0	0	32	39.71875
A_PB1	1721	32	T	0	0	32	41.46875
A_PB1	1722	32	T	0	0	32	39.9375
A_PB1	1723	32	G	0	0	32	38.96875
A_PB1	1724	32	A	0	0	32	40.1875
A_PB1	1725	32	G	0	0	32	38.375
A_PB1	1726	32	T	0	0	32	38.65625
A_PB1	1727	32	T	0	0	32	39.3125
A_PB1	1728	32	G	0	0	32	38.90625
A_PB1	1729	32	A	1	0	32	38.34375
A_PB1	1730	33	A	0	0	33	40.7575757575758
A_PB1	1731	33	G	0	0	33	38.8484848484849
A_PB1	1732	33	A	0	0	33	40.5757575757576
A_PB1	1733	33	A	0	0	33	41.5454545454545
A_PB1	1734	33	G	0	0	33	41.0606060606061
A_PB1	1735	33	C	0	0	33	40.7575757575758
A_PB1	1736	33	T	0	0	33	40.5151515151515
A_PB1	1737	33	A	0	0	33	39.2121212121212
A_PB1	1738	33	T	0	0	33	41.1515151515151
A_PB1	1739	32	G	1	0	32	37.78125
A_PB1	1740	33	G	0	0	33	38.4848484848485
A_PB1	1741	33	G	0	0	33	38.2727272727273
A_PB1	1742	33	A	0	0	33	37.5757575757576
A_PB1	1743	33	T	0	0	33	40.6666666666667
A_PB1	1744	33	C	0	0	33	39.3939393939394
A_PB1	1745	33	A	0	0	33	40.4545454545455
A_PB1	1746	33	A	0	0	33	40.1515151515151
A_PB1	1747	33	A	0	0	33	41.3030303030303
A_PB1	1748	33	C	0	0	33	40.4242424242424
A_PB1	1749	33	C	0	0	33	39.3636363636364
A_PB1	1750	33	C	0	0	33	39.8181818181818
A_PB1	1751	33	A	0	0	33	39.4848484848485
A_PB1	1752	33	A	0	0	33	39.2727272727273
A_PB1	1753	33	T	0	0	33	40.8787878787879
A_PB1	1754	33	C	0	0	33	40.1515151515151
A_PB1	1755	33	A	0	0	33	38.8181818181818
A_PB1	1756	33	A	0	0	33	40.7878787878788
A_PB1	1757	33	A	0	0	33	38.8181818181818
A_PB1	1758	33	A	0	0	33	40.6060606060606
A_PB1	1759	33	G	0	0	33	40.030303030303
A_PB1	1760	34	T	0	0	34	39.9117647058824
A_PB1	1761	34	A	0	0	34	37.9117647058824
A_PB1	1762	34	G	0	0	34	37.9117647058824
A_PB1	1763	34	G	0	0	34	38.0294117647059
A_PB1	1764	34	G	0	0	34	37.6764705882353
A_PB1	1765	34	C	0	0	34	36.7058823529412
A_PB1	1766	34	T	0	0	34	37.0882352941176
A_PB1	1767	34	A	0	0	34	38.1470588235294
A_PB1	1768	34	T	0	0	34	38.7647058823529
A_PB1	1769	34	T	0	0	34	38.2352941176471
A_PB1	1770	34	A	0	0	34	37.7941176470588
A_PB1	1771	34	G	0	0	34	37.8529411764706
A_PB1	1772	34	T	0	0	34	37.8823529411765
A_PB1	1773	34	A	0	0	34	37.2941176470588
A_PB1	1774	34	T	0	0	34	36.9705882352941
A_PB1	1775	34	C	0	0	34	36.1176470588235
A_PB1	1776	34	A	0	0	34	37.2058823529412
A_PB1	1777	34	G	0	0	34	36.7941176470588
A_PB1	1778	34	A	0	0	34	38
A_PB1	1779	34	T	0	0	34	38.1470588235294
A_PB1	1780	34	G	1	0	34	35
A_PB1	1781	35	G	0	0	35	34.0285714285714
A_PB1	1782	35	G	0	0	35	32.6285714285714
A_PB1	1783	35	G	0	0	35	34.8571428571429
A_PB1	1784	35	G	0	0	35	36.2857142857143
A_PB1	1785	35	A	0	0	35	36.1428571428571
A_PB1	1786	35	C	0	0	35	35.3428571428571
A_PB1	1787	35	C	0	0	35	36.1714285714286
A_PB1	1788	35	A	0	0	35	36.9714285714286
A_PB1	1789	35	A	0	0	35	38.8
A_PB1	1790	36	A	0	0	36	39.0555555555556
A_PB1	1791	36	C	0	0	35	39.5428571428571
A_PB1	1792	36	T	0	0	36	37.7777777777778
A_PB1	1793	36	T	0	0	36	37.7777777777778
A_PB1	1794	36	A	0	0	36	36.1111111111111
A_PB1	1795	36	T	0	0	36	36
A_PB1	1796	37	A	0	0	37	35.9459459459459
A_PB1	1797	37	C	0	0	37	37.7027027027027
A_PB1	1798	37	A	0	0	37	38
A_PB1	1799	37	A	0	0	37	39.7837837837838
A_PB1	1800	37	C	0	0	37	38.8648648648649
A_PB1	1801	38	A	0	0	38	40.4473684210526
A_PB1	1802	39	T	0	0	39	40.3333333333333
A_PB1	1803	39	A	0	0	39	40.1282051282051
A_PB1	1804	39	C	0	0	38	40.0526315789474
A_PB1	1805	39	G	0	0	39	38.4871794871795
A_PB1	1806	39	G	0	0	38	36.6578947368421
A_PB1	1807	39	A	0	0	39	37.3333333333333
A_PB1	1808	41	A	0	0	40	37.375
A_PB1	1809	41	T	0	0	41	37.4146341463415
A_PB1	1810	41	C	0	0	41	38.2682926829268
A_PB1	1811	41	T	0	0	41	39.1951219512195
A_PB1	1812	41	T	0	0	41	39.1707317073171
A_PB1	1813	41	C	0	0	41	39.7317073170732
A_PB1	1814	42	A	0	0	42	38.1904761904762
A_PB1	1815	42	C	0	0	42	39.4761904761905
A_PB1	1816	42	A	0	0	42	38.5714285714286
A_PB1	1817	42	T	0	0	42	40.4285714285714
A_PB1	1818	42	C	0	0	42	37.8809523809524
A_PB1	1819	42	C	0	0	42	38.5714285714286
A_PB1	1820	42	C	0	0	42	39.0238095238095
A_PB1	1821	42	T	0	0	42	38.3333333333333
A_PB1	1822	42	G	0	0	42	38.5
A_PB1	1823	42	A	0	0	42	38.5238095238095
A_PB1	1824	42	A	0	0	42	39.7857142857143
A_PB1	1825	42	G	0	0	42	38.3571428571429
A_PB1	1826	42	T	0	0	42	37.9761904761905
A_PB1	1827	42	C	0	0	42	37.0476190476191
A_PB1	1828	42	T	0	0	42	35.7619047619048
A_PB1	1829	42	G	0	0	42	36.1428571428571
A_PB1	1830	41	T	1	0	41	35.390243902439
A_PB1	1831	42	T	0	0	42	36.2380952380952
A_PB1	1832	42	T	0	0	42	36.4523809523809
A_PB1	1833	42	A	0	0	42	32.6428571428571
A_PB1	1834	42	A	0	0	42	33.9523809523809
A_PB1	1835	42	A	0	0	42	36.9047619047619
A_PB1	1836	42	A	0	0	42	39.3095238095238
A_PB1	1837	42	T	0	0	42	39.8333333333333
A_PB1	1838	39	G	4	0	39	38.7948717948718
A_PB1	1839	43	G	0	0	43	38.5581395348837
A_PB1	1840	43	G	0	0	43	37.8604651162791
A_PB1	1841	43	A	0	0	43	38.7441860465116
A_PB1	1842	43	G	0	0	43	39.5348837209302
A_PB1	1843	43	C	0	0	43	38.6744186046512
A_PB1	1844	43	T	0	0	43	38.8139534883721
A_PB1	1845	43	A	0	0	43	39.2325581395349
A_PB1	1846	43	A	0	0	43	39.2093023255814
A_PB1	1847	43	T	0	0	43	39.4186046511628
A_PB1	1848	43	G	0	0	43	39.7441860465116
A_PB1	1849	43	G	0	0	43	40.6279069767442
A_PB1	1850	43	A	0	0	43	40.4418604651163
A_PB1	1851	43	T	0	0	43	40.7209302325581
A_PB1	1852	43	G	0	0	43	41.1860465116279
A_PB1	1853	43	A	0	0	43	41.4651162790698
A_PB1	1854	43	T	0	0	43	41.9302325581395
A_PB1	1855	44	G	0	0	44	42.5454545454545
A_PB1	1856	44	A	0	0	44	42.2272727272727
A_PB1	1857	44	T	0	0	44	42.8863636363636
A_PB1	1858	44	T	0	0	44	42.7272727272727
A_PB1	1859	45	A	0	0	45	41.4444444444444
A_PB1	1860	45	T	0	0	45	41.4
A_PB1	1861	44	C	1	0	44	36.4772727272727
A_PB1	1862	44	G	1	0	43	34.8604651162791
A_PB1	1863	45	G	0	0	45	34.6444444444444
A_PB1	1864	45	G	0	0	45	33.9333333333333
A_PB1	1865	45	G	0	0	44	34.5227272727273
A_PB1	1866	45	A	0	0	45	38.8444444444444
A_PB1	1867	45	A	0	0	45	40.3777777777778
A_PB1	1868	45	G	0	0	45	39.7555555555556
A_PB1	1869	45	A	1	0	45	38.7555555555556
A_PB1	1870	45	C	1	0	45	36.5555555555556
A_PB1	1871	46	T	0	0	45	37.8222222222222
A_PB1	1872	46	T	0	0	46	36.0652173913044
A_PB1	1873	46	T	0	0	46	35.5434782608696
A_PB1	1874	46	G	0	0	46	33.6739130434783
A_PB1	1875	46	T	0	0	46	35.1521739130435
A_PB1	1876	46	A	0	0	46	37.6739130434783
A_PB1	1877	46	A	0	0	46	40.7391304347826
A_PB1	1878	46	T	0	0	46	40.6739130434783
A_PB1	1879	46	C	0	0	46	39.7826086956522
A_PB1	1880	46	C	0	0	46	41.4782608695652
A_PB1	1881	46	C	0	0	46	41.3695652173913
A_PB1	1882	46	C	0	0	46	40.4565217391304
A_PB1	1883	45	T	1	0	44	39.7045454545455
A_PB1	1884	45	G	1	0	44	39.4772727272727
A_PB1	1885	46	A	0	0	46	40.1086956521739
A_PB1	1886	46	A	0	0	46	40.4130434782609
A_PB1	1887	46	T	0	0	46	42.1521739130435
A_PB1	1888	46	C	0	0	46	41.4347826086956
A_PB1	1889	46	C	0	0	46	42.2173913043478
A_PB1	1890	46	C	0	0	46	41.6304347826087
A_PB1	1891	46	T	0	0	46	40.5434782608696
A_PB1	1892	46	T	0	0	46	41.1521739130435
A_PB1	1893	46	T	0	0	46	42.6304347826087
A_PB1	1894	46	G	0	0	46	39.6086956521739
A_PB1	1895	48	T	0	0	48	41.1666666666667
A_PB1	1896	48	G	0	0	48	41.4375
A_PB1	1897	48	A	0	0	48	40.8333333333333
A_PB1	1898	48	G	0	0	48	40.6041666666667
A_PB1	1899	48	C	0	0	48	41.9166666666667
A_PB1	1900	48	C	0	0	48	41.125
A_PB1	1901	48	A	0	0	48	41.1875
A_PB1	1902	48	T	0	0	48	40.5208333333333
A_PB1	1903	48	A	0	0	48	38.7291666666667
A_PB1	1904	48	A	0	0	48	38.6458333333333
A_PB1	1905	48	G	0	0	48	38.4166666666667
A_PB1	1906	48	G	0	0	48	39.6875
A_PB1	1907	48	A	0	0	48	39.3958333333333
A_PB1	1908	48	G	0	0	48	39.8333333333333
A_PB1	1909	48	A	0	0	48	39.7083333333333
A_PB1	1910	48	T	0	0	48	41.0416666666667
A_PB1	1911	49	T	0	0	49	40.6122448979592
A_PB1	1912	49	G	0	0	49	39.6938775510204
A_PB1	1913	49	A	0	0	49	38.9387755102041
A_PB1	1914	49	C	0	0	49	38.734693877551
A_PB1	1915	49	T	0	0	49	38.4897959183673
A_PB1	1916	49	C	0	0	49	37.7755102040816
A_PB1	1917	48	T	1	0	48	38.6875
A_PB1	1918	49	G	0	0	49	38.6122448979592
A_PB1	1919	49	T	0	0	49	38.6122448979592
A_PB1	1920	49	A	0	0	49	38.1020408163265
A_PB1	1921	49	A	0	0	48	39.1458333333333
A_PB1	1922	49	A	0	0	49	38.4081632653061
A_PB1	1923	49	C	0	0	49	39.6122448979592
A_PB1	1924	49	A	0	0	49	38.8571428571429
A_PB1	1925	49	A	0	0	49	39.8163265306122
A_PB1	1926	49	T	0	0	49	40.5918367346939
A_PB1	1927	49	G	0	0	49	38.4897959183673
A_PB1	1928	49	C	0	0	49	39.0816326530612
A_PB1	1929	49	T	0	0	49	39.4285714285714
A_PB1	1930	49	G	0	0	49	39.6326530612245
A_PB1	1931	49	T	0	0	49	40.2040816326531
A_PB1	1932	49	G	0	0	49	39.2040816326531
A_PB1	1933	49	G	0	0	49	40.3877551020408
A_PB1	1934	49	T	0	0	49	40.5918367346939
A_PB1	1935	50	A	0	0	50	38.78
A_PB1	1936	50	A	0	0	50	38.98
A_PB1	1937	50	T	0	0	50	39.54
A_PB1	1938	50	G	0	0	50	38.92
A_PB1	1939	50	C	0	0	50	38.78
A_PB1	1940	50	C	0	0	50	39.18
A_PB1	1941	50	A	0	0	50	38.44
A_PB1	1942	50	G	0	0	50	39.74
A_PB1	1943	50	C	0	0	50	38.74
A_PB1	1944	51	C	0	0	51	39.2549019607843
A_PB1	1945	52	C	0	0	52	39.4615384615385
A_PB1	1946	52	A	0	0	52	40.1153846153846
A_PB1	1947	52	T	0	0	52	40.3653846153846
A_PB1	1948	52	G	0	0	52	39.8653846153846
A_PB1	1949	52	G	0	0	51	40.1764705882353
A_PB1	1950	52	C	0	0	52	40.1153846153846
A_PB1	1951	52	C	0	0	52	39.3461538461538
A_PB1	1952	52	C	0	0	52	38.5
A_PB1	1953	52	A	0	0	52	38.6153846153846
A_PB1	1954	52	G	0	0	51	39.1176470588235
A_PB1	1955	52	C	0	0	52	38.0192307692308
A_PB1	1956	52	C	0	0	52	38.0384615384615
A_PB1	1957	52	A	0	0	52	37.4230769230769
A_PB1	1958	52	A	0	0	52	38.1346153846154
A_PB1	1959	52	A	0	0	52	39
A_PB1	1960	52	A	0	0	52	39.3846153846154
A_PB1	1961	52	G	0	0	52	39.3076923076923
A_PB1	1962	52	C	0	0	52	38.9038461538462
A_PB1	1963	52	A	0	0	52	37.1923076923077
A_PB1	1964	52	T	0	0	52	37.8076923076923
A_PB1	1965	52	G	0	0	52	37.2307692307692
A_PB1	1966	52	G	0	0	52	37.4807692307692
A_PB1	1967	52	A	0	0	52	37.2692307692308
A_PB1	1968	52	A	0	0	52	39.3846153846154
A_PB1	1969	52	T	0	0	52	39.4423076923077
A_PB1	1970	52	A	0	0	52	39.2115384615385
A_PB1	1971	52	T	0	0	52	39.5384615384615
A_PB1	1972	52	G	0	0	52	37.6538461538462
A_PB1	1973	52	A	0	0	52	37.6538461538462
A_PB1	1974	52	T	0	0	52	38.3846153846154
A_PB1	1975	53	G	0	0	53	37.4528301886792
A_PB1	1976	53	C	0	0	53	38.7169811320755
A_PB1	1977	53	C	0	0	52	39.2307692307692
A_PB1	1978	53	G	0	0	53	37.6981132075472
A_PB1	1979	53	T	0	0	53	36.6981132075472
A_PB1	1980	53	C	0	0	52	36.5576923076923
A_PB1	1981	54	G	0	0	54	36.7777777777778
A_PB1	1982	54	C	0	0	54	36.1851851851852
A_PB1	1983	54	T	0	0	54	36.8888888888889
A_PB1	1984	54	A	0	0	54	37.462962962963
A_PB1	1985	54	C	0	0	54	38.9814814814815
A_PB1	1986	54	T	0	0	53	38.6981132075472
A_PB1	1987	54	A	0	0	54	39.6111111111111
A_PB1	1988	54	C	0	0	54	40.1851851851852
A_PB1	1989	54	A	0	0	54	39.7037037037037
A_PB1	1990	54	C	0	0	54	39.3518518518519
A_PB1	1991	54	A	0	0	54	39.3333333333333
A_PB1	1992	54	T	0	0	54	39.9259259259259
A_PB1	1993	54	T	0	0	54	39.9444444444444
A_PB1	1994	54	C	0	0	54	39.037037037037
A_PB1	1995	54	C	0	0	54	39.537037037037
A_PB1	1996	54	T	0	0	54	39.1111111111111
A_PB1	1997	53	G	1	0	53	38.622641509434
A_PB1	1998	56	G	1	0	56	38.9107142857143
A_PB1	1999	56	A	1	0	56	40.3928571428571
A_PB1	2000	56	T	1	0	56	41.4285714285714
A_PB1	2001	56	T	1	0	56	40.8035714285714
A_PB1	2002	56	C	1	0	55	40.1818181818182
A_PB1	2003	56	C	1	0	56	40.9821428571429
A_PB1	2004	57	C	1	0	57	38.2280701754386
A_PB1	2005	57	A	1	0	57	35.4035087719298
A_PB1	2006	58	A	0	0	58	36.4655172413793
A_PB1	2007	58	G	0	0	58	36.5689655172414
A_PB1	2008	59	A	0	0	59	36.7627118644068
A_PB1	2009	59	G	0	0	58	37.2068965517241
A_PB1	2010	59	G	0	0	59	38.0847457627119
A_PB1	2011	60	A	0	0	59	37.7796610169492
A_PB1	2012	60	A	0	0	60	38.1
A_PB1	2013	60	T	0	0	60	37.9166666666667
A_PB1	2014	59	C	1	0	58	35.2758620689655
A_PB1	2015	59	G	1	0	59	33.6101694915254
A_PB1	2016	59	T	1	0	59	33.5254237288136
A_PB1	2017	59	T	1	0	59	34.6949152542373
A_PB1	2018	59	C	1	0	58	34.5
A_PB1	2019	60	T	0	0	58	35.5344827586207
A_PB1	2020	60	A	0	0	60	36.2666666666667
A_PB1	2021	60	T	0	0	59	36.135593220339
A_PB1	2022	60	T	0	0	59	36.5084745762712
A_PB1	2023	60	C	0	0	59	36.6610169491525
A_PB1	2024	60	T	0	0	60	36.75
A_PB1	2025	60	C	0	0	60	36.3
A_PB1	2026	61	A	0	0	61	37.4918032786885
A_PB1	2027	61	A	0	0	61	38.8196721311475
A_PB1	2028	61	C	0	0	61	39.5737704918033
A_PB1	2029	61	A	0	0	61	39.0327868852459
A_PB1	2030	61	C	0	0	61	40.4262295081967
A_PB1	2031	61	A	0	0	61	40.1639344262295
A_PB1	2032	61	A	0	0	61	40.1967213114754
A_PB1	2033	61	G	0	0	61	39.9344262295082
A_PB1	2034	61	C	0	0	61	39.2295081967213
A_PB1	2035	61	C	0	0	61	39.5737704918033
A_PB1	2036	61	A	0	0	61	38.7377049180328
A_PB1	2037	61	A	0	0	61	38.0819672131148
A_PB1	2038	62	A	0	0	62	39.0967741935484
A_PB1	2039	62	G	0	0	62	36.7741935483871
A_PB1	2040	62	G	0	0	62	37.8387096774194
A_PB1	2041	62	G	0	0	61	38.9180327868852
A_PB1	2042	62	G	0	0	61	38.5245901639344
A_PB1	2043	62	A	0	0	62	39.9193548387097
A_PB1	2044	62	A	0	0	62	38.9677419354839
A_PB1	2045	62	T	0	0	62	38.8064516129032
A_PB1	2046	62	T	0	0	62	38.6290322580645
A_PB1	2047	62	C	0	0	62	36.6451612903226
A_PB1	2048	61	T	1	0	61	36.8196721311475
A_PB1	2049	60	T	2	0	59	37.6779661016949
A_PB1	2050	60	G	2	0	59	37
A_PB1	2051	61	A	1	0	60	36.1833333333333
A_PB1	2052	60	G	2	0	60	36.0333333333333
A_PB1	2053	61	G	1	0	61	36.1147540983607
A_PB1	2054	62	A	0	0	62	36.0161290322581
A_PB1	2055	62	T	0	0	61	37.1475409836066
A_PB1	2056	62	G	0	0	62	36.0483870967742
A_PB1	2057	60	A	2	0	60	37.3166666666667
A_PB1	2058	62	A	0	0	62	36.3225806451613
A_PB1	2059	62	C	0	0	62	35.7903225806452
A_PB1	2060	62	A	0	0	62	36.241935483871
A_PB1	2061	62	G	0	0	62	37.9677419354839
A_PB1	2062	62	A	0	0	60	38.8833333333333
A_PB1	2063	62	T	0	0	62	38.6612903225806
A_PB1	2064	62	G	0	0	61	38.2459016393443
A_PB1	2065	62	T	0	0	62	38.4354838709677
A_PB1	2066	62	A	0	0	62	36.1774193548387
A_PB1	2067	62	C	0	0	62	36.4677419354839
A_PB1	2068	62	C	0	0	62	35.1774193548387
A_PB1	2069	62	A	0	0	62	34.1290322580645
A_PB1	2070	62	G	0	0	62	33.5645161290323
A_PB1	2071	62	A	0	0	62	36.9032258064516
A_PB1	2072	62	A	0	0	62	38.5967741935484
A_PB1	2073	62	G	0	0	62	39.0806451612903
A_PB1	2074	60	T	2	0	60	41.2833333333333
A_PB1	2075	61	G	1	0	61	38.9344262295082
A_PB1	2076	61	T	1	0	61	40.1147540983607
A_PB1	2077	61	T	1	0	61	39.9344262295082
A_PB1	2078	60	G	2	0	60	40.6666666666667
A_PB1	2079	60	C	2	0	59	40.9322033898305
A_PB1	2080	61	A	1	0	61	40.2786885245902
A_PB1	2081	61	A	1	0	60	40.6166666666667
A_PB1	2082	61	T	1	0	61	40.0819672131148
A_PB1	2083	61	T	1	0	61	40.1639344262295
A_PB1	2084	74	T	1	0	74	39.8108108108108
A_PB1	2085	77	A	1	0	76	38.8684210526316
A_PB1	2086	77	T	1	0	77	39.5194805194805
A_PB1	2087	77	T	1	0	77	39.2337662337662
A_PB1	2088	74	C	4	0	73	36.9315068493151
A_PB1	2089	77	G	1	0	77	35.0779220779221
A_PB1	2090	77	A	1	0	77	35.8051948051948
A_PB1	2091	78	G	1	0	78	35.9871794871795
A_PB1	2092	77	A	2	0	77	36.7012987012987
A_PB1	2093	78	A	1	0	78	39.1666666666667
A_PB1	2094	78	A	1	0	77	39.1428571428571
A_PB1	2095	78	T	1	0	77	39.038961038961
A_PB1	2096	78	T	1	0	77	40.2077922077922
A_PB1	2097	78	T	1	0	78	40.1282051282051
A_PB1	2098	78	T	1	0	78	39.5897435897436
A_PB1	2099	78	T	1	0	78	39
A_PB1	2100	78	C	2	0	78	37.2435897435897
A_PB1	2101	78	C	2	0	78	37.0769230769231
A_PB1	2102	78	C	2	0	78	35.7948717948718
A_PB1	2103	79	T	1	0	79	30.8227848101266
A_PB1	2104	79	A	1	0	79	35.2911392405063
A_PB1	2105	79	G	1	0	79	37.7721518987342
A_PB1	2106	79	C	1	0	79	38.4936708860759
A_PB1	2107	79	A	1	0	79	38.3670886075949
A_PB1	2108	80	G	0	0	80	38.775
A_PB1	2109	80	T	0	0	80	38.9125
A_PB1	2110	80	T	0	0	80	38.4875
A_PB1	2111	80	C	0	0	80	37.8
A_PB1	2112	79	A	1	0	79	36.9873417721519
A_PB1	2113	79	T	1	0	79	38.1392405063291
A_PB1	2114	79	A	1	0	79	38.0886075949367
A_PB1	2115	79	T	1	0	79	38.9620253164557
A_PB1	2116	79	A	1	0	78	37.8205128205128
A_PB1	2117	80	G	0	0	80	37.725
A_PB1	2118	79	G	1	0	79	38.2025316455696
A_PB1	2119	79	A	1	0	78	38.6923076923077
A_PB1	2120	80	G	0	0	79	38.4430379746835
A_PB1	2121	79	A	1	0	76	39.75
A_PB1	2122	79	C	1	0	77	39.8311688311688
A_PB1	2123	79	C	1	0	77	38.3766233766234
A_PB1	2124	79	G	1	0	78	37.1025641025641
A_PB1	2125	79	G	1	0	79	36.6708860759494
A_PB1	2126	79	T	1	0	78	38.0897435897436
A_PB1	2127	79	T	1	0	79	36.9873417721519
A_PB1	2128	79	G	1	0	78	37.5128205128205
A_PB1	2129	79	G	1	0	79	38.0506329113924
A_PB1	2130	79	A	1	0	79	38.9493670886076
A_PB1	2131	79	A	1	0	78	38.1282051282051
A_PB1	2132	79	T	1	0	79	37.6962025316456
A_PB1	2133	79	T	1	0	78	38.3589743589744
A_PB1	2134	79	T	1	0	79	39.2151898734177
A_PB1	2135	79	C	1	0	79	38.126582278481
A_PB1	2136	77	T	3	0	77	37.8311688311688
A_PB1	2137	80	A	1	0	80	37.875
A_PB1	2138	80	G	1	0	80	38.4125
A_PB1	2139	80	C	1	0	80	38.5375
A_PB1	2140	80	A	1	0	80	38.6625
A_PB1	2141	81	T	0	0	81	38.8148148148148
A_PB1	2142	81	G	0	0	81	39.4320987654321
A_PB1	2143	81	G	0	0	81	39.4938271604938
A_PB1	2144	81	T	0	0	81	39.358024691358
A_PB1	2145	81	G	0	0	81	39.641975308642
A_PB1	2146	81	G	0	0	81	40.5432098765432
A_PB1	2147	81	A	0	0	81	39.1728395061728
A_PB1	2148	81	G	0	0	81	39.7037037037037
A_PB1	2149	81	G	0	0	81	38.9382716049383
A_PB1	2150	81	C	0	0	81	39.641975308642
A_PB1	2151	81	C	0	0	81	38.679012345679
A_PB1	2152	81	A	0	0	81	39.3333333333333
A_PB1	2153	80	T	1	0	80	39.7875
A_PB1	2154	80	G	1	0	80	37.975
A_PB1	2155	80	G	1	0	80	37.5625
A_PB1	2156	81	T	0	0	81	37
A_PB1	2157	81	G	0	0	80	37.225
A_PB1	2158	81	T	0	0	81	37.9753086419753
A_PB1	2159	81	C	0	0	81	37.679012345679
A_PB1	2160	81	T	0	0	81	38.1728395061728
A_PB1	2161	81	A	0	0	81	34.5061728395062
A_PB1	2162	81	G	0	0	81	35.1111111111111
A_PB1	2163	81	G	0	0	81	35.2098765432099
A_PB1	2164	81	G	0	0	81	35.7901234567901
A_PB1	2165	81	C	0	0	81	36.4567901234568
A_PB1	2166	81	C	0	0	81	38.1604938271605
A_PB1	2167	82	A	0	0	82	38.3414634146341
A_PB1	2168	83	G	0	0	83	39.1566265060241
A_PB1	2169	83	G	0	0	83	37.9759036144578
A_PB1	2170	83	A	0	0	83	38.1686746987952
A_PB1	2171	83	T	0	0	83	38.1566265060241
A_PB1	2172	83	T	0	0	83	38.9036144578313
A_PB1	2173	83	G	0	0	83	38.6265060240964
A_PB1	2174	83	A	0	0	82	38.4146341463415
A_PB1	2175	83	T	0	0	83	39.2048192771084
A_PB1	2176	83	G	0	0	83	38.6024096385542
A_PB1	2177	83	C	0	0	82	38.9146341463415
A_PB1	2178	83	C	0	0	83	38.8795180722892
A_PB1	2179	83	A	0	0	82	38.1219512195122
A_PB1	2180	82	G	1	0	82	38.0121951219512
A_PB1	2181	83	A	0	0	83	38.710843373494
A_PB1	2182	83	G	0	0	83	38.6144578313253
A_PB1	2183	83	T	0	0	83	39.3373493975904
A_PB1	2184	83	C	0	0	81	38.6296296296296
A_PB1	2185	81	G	2	0	81	37.9135802469136
A_PB1	2186	81	A	2	0	81	37.7407407407407
A_PB1	2187	82	A	1	0	82	37.5975609756098
A_PB1	2188	82	T	1	0	82	37.8170731707317
A_PB1	2189	82	T	1	0	82	38.4756097560976
A_PB1	2190	81	T	2	0	81	41.3827160493827
A_PB1	2191	81	G	2	0	81	39.7530864197531
A_PB1	2192	81	A	2	0	81	40.3950617283951
A_PB1	2193	82	G	1	0	81	39.7037037037037
A_PB1	2194	82	T	1	0	82	39.109756097561
A_PB1	2195	81	C	2	0	81	38.2839506172839
A_PB1	2196	82	T	1	0	82	38.9756097560976
A_PB1	2197	82	G	1	0	82	36.8048780487805
A_PB1	2198	82	G	1	0	81	37.4691358024691
A_PB1	2199	82	A	1	0	82	36.780487804878
A_PB1	2200	82	C	1	0	82	35.890243902439
A_PB1	2201	82	G	1	0	78	33.7307692307692
A_PB1	2202	82	A	1	0	80	34.275
A_PB1	2203	82	A	1	0	82	33.2560975609756
A_PB1	2204	82	T	1	0	81	33.6172839506173
A_PB1	2205	82	T	1	0	81	33.7407407407407
A_PB1	2206	77	A	6	0	76	33.9342105263158
A_PB1	2207	77	A	6	0	76	32.3947368421053
A_PB1	2208	77	G	6	0	76	32.9342105263158
A_PB1	2209	78	A	5	0	77	32.2987012987013
A_PB1	2210	82	A	1	0	82	32.4268292682927
A_PB1	2211	81	A	2	0	81	32.962962962963
A_PB1	2212	81	G	2	0	81	32.0987654320988
A_PB1	2213	82	A	1	0	81	34.0493827160494
A_PB1	2214	81	A	2	0	81	35.2962962962963
A_PB1	2215	81	G	2	0	80	34.9125
A_PB1	2216	82	A	1	0	82	35.0853658536585
A_PB1	2217	82	A	1	0	82	35.5487804878049
A_PB1	2218	82	T	1	0	81	36.4320987654321
A_PB1	2219	81	T	2	0	80	37.0375
A_PB1	2220	81	C	2	0	79	36.1772151898734
A_PB1	2221	82	T	1	0	81	36.9753086419753
A_PB1	2222	82	C	1	0	82	36.1585365853659
A_PB1	2223	82	T	1	0	82	37.1585365853659
A_PB1	2224	82	G	1	0	82	36.8536585365854
A_PB1	2225	82	A	1	0	82	38.4390243902439
A_PB1	2226	82	G	1	0	82	38.4756097560976
A_PB1	2227	82	A	1	0	82	37.9390243902439
A_PB1	2228	82	T	1	0	82	38.2073170731707
A_PB1	2229	82	C	1	0	82	38.2560975609756
A_PB1	2230	82	A	1	0	81	38.2098765432099
A_PB1	2231	83	T	0	0	83	38.289156626506
A_PB1	2232	82	G	1	0	82	37.7317073170732
A_PB1	2233	82	A	1	0	82	38.0487804878049
A_PB1	2234	83	A	0	0	83	38.2530120481928
A_PB1	2235	83	G	0	0	81	39.1975308641975
A_PB1	2236	83	A	0	0	83	38.2289156626506
A_PB1	2237	83	T	0	0	82	38.780487804878
A_PB1	2238	83	C	0	0	81	36.8395061728395
A_PB1	2239	81	T	2	0	79	37.4303797468354
A_PB1	2240	82	G	1	0	82	36.1341463414634
A_PB1	2241	82	T	1	0	82	37.0853658536585
A_PB1	2242	83	T	0	0	81	37.0493827160494
A_PB1	2243	83	C	0	0	83	36.1807228915663
A_PB1	2244	83	C	0	0	83	36.6746987951807
A_PB1	2245	83	A	0	0	83	38.1686746987952
A_PB1	2246	83	C	0	0	83	37.566265060241
A_PB1	2247	83	C	0	0	83	37.9879518072289
A_PB1	2248	83	A	0	0	83	38.1927710843374
A_PB1	2249	83	T	0	0	83	37.8674698795181
A_PB1	2250	83	T	0	0	82	37.7439024390244
A_PB1	2251	83	G	0	0	83	37.3734939759036
A_PB1	2252	83	A	0	0	83	37.4096385542169
A_PB1	2253	83	A	0	0	82	38.4878048780488
A_PB1	2254	83	G	0	0	82	38.8048780487805
A_PB1	2255	82	A	1	0	82	39.9268292682927
A_PB1	2256	83	A	0	0	82	39.2560975609756
A_PB1	2257	82	C	0	0	82	38.5243902439024
A_PB1	2258	80	T	2	0	79	37.6582278481013
A_PB1	2259	82	C	0	0	80	36.8875
A_PB1	2260	82	A	0	0	82	37.8292682926829
A_PB1	2261	82	G	0	0	81	36.9382716049383
A_PB1	2262	82	A	0	0	82	37.5121951219512
A_PB1	2263	82	C	0	0	81	37.2592592592593
A_PB1	2264	82	G	0	0	81	35.6172839506173
A_PB1	2265	82	G	0	0	82	36.1585365853659
A_PB1	2266	82	C	0	0	82	36.6463414634146
A_PB1	2267	82	A	0	0	82	36.0853658536585
A_PB1	2268	82	A	0	0	82	36.8658536585366
A_PB1	2269	81	A	0	0	80	38.8625
A_PB1	2270	81	G	0	0	81	37.9506172839506
A_PB1	2271	80	A	0	0	80	38.3125
A_PB1	2272	80	T	0	0	80	37.4125
A_PB1	2273	80	A	0	0	80	36.925
A_PB1	2274	80	A	0	0	80	38.225
