Reference_Name	Position	Coverage Depth	Consensus	Deletions	Ambiguous	Consensus_Count	Consensus_Average_Quality
A_HA_H1	1	141	A	0	0	141	41.8581560283688
A_HA_H1	2	141	T	0	0	141	41.9078014184397
A_HA_H1	3	142	G	0	0	142	38.5704225352113
A_HA_H1	4	142	A	0	0	142	39.8521126760563
A_HA_H1	5	142	A	0	0	141	40.0992907801418
A_HA_H1	6	142	G	0	0	142	40.2887323943662
A_HA_H1	7	142	G	0	0	142	39.6549295774648
A_HA_H1	8	142	C	0	0	142	40.3661971830986
A_HA_H1	9	142	A	0	0	142	38.612676056338
A_HA_H1	10	142	A	0	0	142	39.2112676056338
A_HA_H1	11	142	T	0	0	142	40.8802816901408
A_HA_H1	12	141	A	1	0	141	38.9787234042553
A_HA_H1	13	142	C	0	0	141	38.1560283687943
A_HA_H1	14	142	T	0	0	142	37.9577464788732
A_HA_H1	15	142	A	0	0	141	37.1985815602837
A_HA_H1	16	142	G	0	0	142	36.4929577464789
A_HA_H1	17	142	T	0	0	142	37.2253521126761
A_HA_H1	18	142	A	0	0	142	38
A_HA_H1	19	142	G	0	0	142	39.2253521126761
A_HA_H1	20	142	T	0	0	142	40.3591549295775
A_HA_H1	21	142	T	0	0	142	41.2957746478873
A_HA_H1	22	142	A	0	0	142	40.5845070422535
A_HA_H1	23	142	T	0	0	142	40.3028169014084
A_HA_H1	24	142	G	0	0	142	39.0985915492958
A_HA_H1	25	142	C	0	0	142	38.1408450704225
A_HA_H1	26	142	T	0	0	141	38.8085106382979
A_HA_H1	27	142	G	0	0	142	38.1619718309859
A_HA_H1	28	142	T	0	0	142	38.3661971830986
A_HA_H1	29	142	A	0	0	142	38.8591549295775
A_HA_H1	30	142	T	0	0	141	40.5744680851064
A_HA_H1	31	142	A	0	0	142	40.4507042253521
A_HA_H1	32	142	C	0	0	142	40.3732394366197
A_HA_H1	33	142	A	0	0	142	39.9718309859155
A_HA_H1	34	141	T	1	0	141	39.3333333333333
A_HA_H1	35	140	T	2	0	139	40.589928057554
A_HA_H1	36	141	T	1	0	141	40.6241134751773
A_HA_H1	37	141	A	1	0	141	39.7659574468085
A_HA_H1	38	141	C	1	0	141	40.2553191489362
A_HA_H1	39	142	A	0	0	142	40.112676056338
A_HA_H1	40	142	A	0	0	142	40.5
A_HA_H1	41	142	C	0	0	142	40.0070422535211
A_HA_H1	42	141	C	1	0	140	37.8642857142857
A_HA_H1	43	141	G	1	0	141	36.8652482269504
A_HA_H1	44	140	C	2	0	139	37.0287769784173
A_HA_H1	45	141	A	1	0	139	37.0935251798561
A_HA_H1	46	142	A	0	0	142	37.4225352112676
A_HA_H1	47	142	A	0	0	142	38.6197183098592
A_HA_H1	48	142	T	0	0	141	40.8085106382979
A_HA_H1	49	142	G	0	0	142	39.9225352112676
A_HA_H1	50	142	C	0	0	142	41.2323943661972
A_HA_H1	51	142	A	0	0	142	39.5845070422535
A_HA_H1	52	142	G	0	0	142	39.7746478873239
A_HA_H1	53	142	A	0	0	141	39.9432624113475
A_HA_H1	54	142	C	0	0	141	40.1985815602837
A_HA_H1	55	142	A	0	0	141	40.7234042553191
A_HA_H1	56	142	C	0	0	140	40.7142857142857
A_HA_H1	57	142	A	0	0	142	40.8028169014084
A_HA_H1	58	142	T	0	0	142	40.3732394366197
A_HA_H1	59	142	T	0	0	142	39.4366197183099
A_HA_H1	60	142	A	0	0	142	37.9225352112676
A_HA_H1	61	142	T	0	0	141	38.4184397163121
A_HA_H1	62	142	G	0	0	142	36.8028169014084
A_HA_H1	63	142	T	0	0	141	37.4113475177305
A_HA_H1	64	142	A	0	0	142	37.8591549295775
A_HA_H1	65	142	T	0	0	141	38.9858156028369
A_HA_H1	66	142	A	0	0	142	39
A_HA_H1	67	142	G	0	0	142	39.3169014084507
A_HA_H1	68	142	G	0	0	142	39.1338028169014
A_HA_H1	69	142	T	0	0	142	39.5985915492958
A_HA_H1	70	142	T	0	0	142	39.3943661971831
A_HA_H1	71	142	A	0	0	142	39.2535211267606
A_HA_H1	72	142	T	0	0	141	40.3900709219858
A_HA_H1	73	141	C	1	0	140	39.0357142857143
A_HA_H1	74	142	A	0	0	141	39.2056737588652
A_HA_H1	75	142	T	0	0	141	38.8156028368794
A_HA_H1	76	142	G	0	0	141	38.9787234042553
A_HA_H1	77	142	C	0	0	139	38.4388489208633
A_HA_H1	78	142	G	0	0	142	37.0774647887324
A_HA_H1	79	141	A	1	0	140	36.7142857142857
A_HA_H1	80	142	A	0	0	142	36.8028169014084
A_HA_H1	81	142	C	0	0	142	36.443661971831
A_HA_H1	82	141	A	1	0	141	36.9148936170213
A_HA_H1	83	142	A	0	0	142	40.0985915492958
A_HA_H1	84	142	T	0	0	142	40.6901408450704
A_HA_H1	85	142	T	0	0	142	40.6549295774648
A_HA_H1	86	141	C	1	0	141	41.0567375886525
A_HA_H1	87	142	A	0	0	141	41.8297872340426
A_HA_H1	88	142	A	0	0	142	41.9859154929577
A_HA_H1	89	142	C	0	0	142	41.6056338028169
A_HA_H1	90	142	A	0	0	142	41.0070422535211
A_HA_H1	91	142	G	0	0	142	40.7605633802817
A_HA_H1	92	142	A	0	0	142	40.943661971831
A_HA_H1	93	142	C	0	0	142	40.7605633802817
A_HA_H1	94	142	A	0	0	142	40.7676056338028
A_HA_H1	95	142	C	0	0	142	41.4718309859155
A_HA_H1	96	142	T	0	0	142	42.2323943661972
A_HA_H1	97	142	G	0	0	142	42.2676056338028
A_HA_H1	98	142	T	0	0	142	41.9647887323944
A_HA_H1	99	142	G	0	0	142	41.5845070422535
A_HA_H1	100	142	G	0	0	141	40.8723404255319
A_HA_H1	101	142	A	0	0	141	40.1914893617021
A_HA_H1	102	141	C	1	0	141	40.7872340425532
A_HA_H1	103	142	A	0	0	142	40.3661971830986
A_HA_H1	104	142	C	0	0	142	40.9859154929577
A_HA_H1	105	142	A	0	0	142	41.8521126760563
A_HA_H1	106	142	G	0	0	142	40.3028169014084
A_HA_H1	107	141	T	1	0	141	41.063829787234
A_HA_H1	108	141	A	1	0	141	40.113475177305
A_HA_H1	109	141	C	1	0	141	38.8510638297872
A_HA_H1	110	142	T	0	0	142	39.0985915492958
A_HA_H1	111	142	A	0	0	142	37.3591549295775
A_HA_H1	112	142	G	0	0	141	36.3120567375887
A_HA_H1	113	142	A	0	0	142	37.0915492957746
A_HA_H1	114	142	A	0	0	142	37.8521126760563
A_HA_H1	115	141	A	1	0	141	41.3829787234043
A_HA_H1	116	141	A	1	0	141	41.4255319148936
A_HA_H1	117	141	G	1	0	141	41.3191489361702
A_HA_H1	118	142	A	0	0	141	42.4184397163121
A_HA_H1	119	142	A	0	0	142	41.9084507042254
A_HA_H1	120	142	T	0	0	142	41.830985915493
A_HA_H1	121	142	G	0	0	142	41.3239436619718
A_HA_H1	122	142	T	0	0	142	41.2464788732394
A_HA_H1	123	142	A	0	0	142	39.9366197183099
A_HA_H1	124	142	A	0	0	141	41.1560283687943
A_HA_H1	125	142	C	0	0	142	41.8380281690141
A_HA_H1	126	142	A	0	0	142	41.5352112676056
A_HA_H1	127	142	G	0	0	142	42.1267605633803
A_HA_H1	128	142	T	0	0	142	41.7042253521127
A_HA_H1	129	142	A	0	0	141	41.6879432624113
A_HA_H1	130	142	A	0	0	142	41.6549295774648
A_HA_H1	131	142	C	0	0	141	41.0496453900709
A_HA_H1	132	142	A	0	0	142	40.4929577464789
A_HA_H1	133	142	C	0	0	142	40.7042253521127
A_HA_H1	134	142	A	0	0	142	40.2464788732394
A_HA_H1	135	142	C	0	0	142	39.4577464788732
A_HA_H1	136	142	T	0	0	142	39.943661971831
A_HA_H1	137	142	C	0	0	141	39.8794326241135
A_HA_H1	138	142	T	0	0	142	40.2957746478873
A_HA_H1	139	142	G	0	0	142	40.2535211267606
A_HA_H1	140	142	T	0	0	142	41.0211267605634
A_HA_H1	141	142	C	0	0	142	40.3661971830986
A_HA_H1	142	142	A	0	0	142	40.0492957746479
A_HA_H1	143	142	A	0	0	142	40.5211267605634
A_HA_H1	144	142	T	0	0	142	40.5
A_HA_H1	145	142	C	0	0	142	40.3380281690141
A_HA_H1	146	142	T	0	0	142	41.887323943662
A_HA_H1	147	142	T	0	0	142	41
A_HA_H1	148	142	C	0	0	142	39.0352112676056
A_HA_H1	149	142	T	0	0	141	38.7304964539007
A_HA_H1	150	142	A	0	0	142	38.169014084507
A_HA_H1	151	142	G	0	0	142	38.8591549295775
A_HA_H1	152	141	A	1	0	141	40.5035460992908
A_HA_H1	153	142	A	0	0	142	42.3802816901408
A_HA_H1	154	142	G	0	0	142	42.7746478873239
A_HA_H1	155	142	A	0	0	142	42.3591549295775
A_HA_H1	156	142	C	0	0	142	41.0633802816901
A_HA_H1	157	142	A	0	0	142	40.6267605633803
A_HA_H1	158	142	A	0	0	142	40.2464788732394
A_HA_H1	159	142	G	0	0	141	40.0141843971631
A_HA_H1	160	142	C	0	0	142	40.9225352112676
A_HA_H1	161	142	A	0	0	142	40.5352112676056
A_HA_H1	162	142	T	0	0	142	40.9295774647887
A_HA_H1	163	142	A	0	0	142	39.4154929577465
A_HA_H1	164	142	A	0	0	142	39.9154929577465
A_HA_H1	165	142	C	0	0	141	36.5177304964539
A_HA_H1	166	142	G	0	0	142	34.5070422535211
A_HA_H1	167	142	G	0	0	142	33.6056338028169
A_HA_H1	168	142	A	0	0	142	33.1267605633803
A_HA_H1	169	142	A	0	0	142	34.0211267605634
A_HA_H1	170	142	A	0	0	142	37.5070422535211
A_HA_H1	171	142	A	0	0	142	39.0915492957746
A_HA_H1	172	142	C	0	0	142	39.9929577464789
A_HA_H1	173	141	T	1	0	141	39.7801418439716
A_HA_H1	174	141	A	1	0	140	39.9857142857143
A_HA_H1	175	142	T	0	0	142	39.0915492957746
A_HA_H1	176	142	G	0	0	141	38.3333333333333
A_HA_H1	177	141	C	1	0	141	38.6028368794326
A_HA_H1	178	141	A	1	0	140	39.0357142857143
A_HA_H1	179	142	A	0	0	142	39.330985915493
A_HA_H1	180	142	A	0	0	142	39.5352112676056
A_HA_H1	181	142	C	0	0	142	39.5704225352113
A_HA_H1	182	142	T	0	0	142	39.5070422535211
A_HA_H1	183	139	A	3	0	138	37.195652173913
A_HA_H1	184	141	A	1	0	141	35.6666666666667
A_HA_H1	185	142	G	0	0	142	35.9577464788732
A_HA_H1	186	140	A	2	0	139	36.5395683453237
A_HA_H1	187	140	G	2	0	139	37.7410071942446
A_HA_H1	188	142	G	0	0	142	37.9295774647887
A_HA_H1	189	142	G	0	0	142	38.830985915493
A_HA_H1	190	142	G	0	0	142	39.3239436619718
A_HA_H1	191	142	T	0	0	141	38.5815602836879
A_HA_H1	192	141	A	1	0	141	37.9007092198582
A_HA_H1	193	142	G	0	0	142	38.9718309859155
A_HA_H1	194	142	C	0	0	141	40.0921985815603
A_HA_H1	195	142	C	0	0	142	39.1408450704225
A_HA_H1	196	142	C	0	0	142	39.4647887323944
A_HA_H1	197	142	C	0	0	141	38.8723404255319
A_HA_H1	198	142	A	0	0	142	38.5281690140845
A_HA_H1	199	142	T	0	0	142	40.2464788732394
A_HA_H1	200	142	T	0	0	142	40.5774647887324
A_HA_H1	201	142	G	0	0	141	40.2269503546099
A_HA_H1	202	142	C	0	0	142	40.4577464788732
A_HA_H1	203	142	A	0	0	142	40.5070422535211
A_HA_H1	204	141	T	0	0	141	41.2340425531915
A_HA_H1	205	141	T	0	0	141	40.3971631205674
A_HA_H1	206	141	T	0	0	141	41.8156028368794
A_HA_H1	207	71	G	0	0	71	39.9295774647887
A_HA_H1	208	71	G	0	0	71	39.9718309859155
A_HA_H1	209	71	G	0	0	71	39.5352112676056
A_HA_H1	210	71	T	0	0	71	38.7183098591549
A_HA_H1	211	71	C	0	0	71	38.4788732394366
A_HA_H1	212	71	A	0	0	71	39.0845070422535
A_HA_H1	213	71	A	0	0	71	40.112676056338
A_HA_H1	214	71	T	0	0	71	39.1549295774648
A_HA_H1	215	71	G	0	0	71	38.3943661971831
A_HA_H1	216	71	T	0	0	71	39.830985915493
A_HA_H1	217	71	A	0	0	71	37.943661971831
A_HA_H1	218	71	A	0	0	71	37.8028169014084
A_HA_H1	219	71	C	0	0	71	37.0985915492958
A_HA_H1	220	71	A	0	0	71	37.0845070422535
A_HA_H1	221	71	T	0	0	71	32.7887323943662
A_HA_H1	222	71	T	0	0	71	29.5633802816901
A_HA_H1	223	71	G	0	0	71	35.5915492957746
A_HA_H1	224	71	C	0	0	71	39.943661971831
A_HA_H1	225	71	T	0	0	71	40.6901408450704
A_HA_H1	226	72	G	0	0	72	42.0694444444444
A_HA_H1	227	72	G	0	0	72	42.5277777777778
A_HA_H1	228	72	C	0	0	72	42.2083333333333
A_HA_H1	229	72	T	0	0	72	41.6666666666667
A_HA_H1	230	72	G	0	0	72	40.9027777777778
A_HA_H1	231	72	G	0	0	72	39.3055555555556
A_HA_H1	232	72	A	0	0	70	39.1571428571429
A_HA_H1	233	72	T	0	0	71	39.0281690140845
A_HA_H1	234	72	C	0	0	71	38.9718309859155
A_HA_H1	235	72	C	0	0	72	39.3333333333333
A_HA_H1	236	72	T	0	0	72	40.4861111111111
A_HA_H1	237	71	G	1	0	71	40
A_HA_H1	238	71	G	1	0	71	39.6619718309859
A_HA_H1	239	71	G	1	0	71	38.4929577464789
A_HA_H1	240	71	A	1	0	71	38.2535211267606
A_HA_H1	241	72	A	0	0	72	38.6805555555556
A_HA_H1	242	72	A	0	0	72	38.25
A_HA_H1	243	72	T	0	0	72	38.1527777777778
A_HA_H1	244	72	C	0	0	72	40.7083333333333
A_HA_H1	245	73	C	0	0	73	39.5890410958904
A_HA_H1	246	73	A	0	0	73	40.3561643835616
A_HA_H1	247	73	G	0	0	73	39.4794520547945
A_HA_H1	248	73	A	0	0	73	41.0684931506849
A_HA_H1	249	73	G	0	0	72	41.1527777777778
A_HA_H1	250	73	T	0	0	73	42.8630136986301
A_HA_H1	251	73	G	0	0	73	43.1506849315069
A_HA_H1	252	73	T	0	0	73	43.0547945205479
A_HA_H1	253	73	G	0	0	73	42.3013698630137
A_HA_H1	254	73	A	0	0	73	40.986301369863
A_HA_H1	255	73	A	0	0	73	40.6301369863014
A_HA_H1	256	73	T	0	0	73	40.6164383561644
A_HA_H1	257	73	C	0	0	73	39.8630136986301
A_HA_H1	258	73	A	0	0	73	39.2191780821918
A_HA_H1	259	73	C	0	0	73	40.7260273972603
A_HA_H1	260	73	T	0	0	73	40.2876712328767
A_HA_H1	261	73	C	0	0	73	38.5753424657534
A_HA_H1	262	73	T	0	0	73	38.6986301369863
A_HA_H1	263	73	C	0	0	73	38.4657534246575
A_HA_H1	264	73	C	0	0	73	36.9452054794521
A_HA_H1	265	73	A	0	0	73	36.013698630137
A_HA_H1	266	73	C	0	0	73	34.958904109589
A_HA_H1	267	73	A	0	0	73	34.0684931506849
A_HA_H1	268	73	G	0	0	73	33.6712328767123
A_HA_H1	269	73	C	0	0	73	34.7808219178082
A_HA_H1	270	74	A	0	0	74	37.5540540540541
A_HA_H1	271	74	A	0	0	74	37.1621621621622
A_HA_H1	272	74	G	0	0	74	37.3783783783784
A_HA_H1	273	74	A	0	0	74	37.8783783783784
A_HA_H1	274	74	T	0	0	74	37.3108108108108
A_HA_H1	275	74	C	0	0	74	38.1081081081081
A_HA_H1	276	74	A	0	0	74	40.1891891891892
A_HA_H1	277	74	T	0	0	74	41.1891891891892
A_HA_H1	278	74	G	0	0	74	39.8378378378378
A_HA_H1	279	74	G	0	0	74	40.1756756756757
A_HA_H1	280	74	T	0	0	73	39.6027397260274
A_HA_H1	281	74	C	0	0	73	38.6301369863014
A_HA_H1	282	74	C	0	0	74	38.3648648648649
A_HA_H1	283	74	T	0	0	73	36.4383561643836
A_HA_H1	284	74	A	0	0	74	37.1216216216216
A_HA_H1	285	74	C	0	0	74	38.8243243243243
A_HA_H1	286	74	A	0	0	74	37.1351351351351
A_HA_H1	287	74	T	0	0	74	37.9189189189189
A_HA_H1	288	73	T	1	0	72	37.1944444444444
A_HA_H1	289	73	G	1	0	73	36.8082191780822
A_HA_H1	290	74	T	0	0	74	36.8918918918919
A_HA_H1	291	74	A	0	0	74	36.7027027027027
A_HA_H1	292	74	G	0	0	72	38.7777777777778
A_HA_H1	293	74	A	0	0	71	38.4225352112676
A_HA_H1	294	74	A	0	0	74	40.1486486486486
A_HA_H1	295	74	A	0	0	74	39.6486486486486
A_HA_H1	296	74	C	0	0	74	39.6756756756757
A_HA_H1	297	74	A	0	0	74	37.2027027027027
A_HA_H1	298	74	C	0	0	74	36.2972972972973
A_HA_H1	299	74	C	0	0	74	36.4594594594595
A_HA_H1	300	75	T	0	0	75	36.7066666666667
A_HA_H1	301	75	A	0	0	75	37.5466666666667
A_HA_H1	302	75	A	0	0	74	38.5540540540541
A_HA_H1	303	75	T	0	0	75	39.44
A_HA_H1	304	75	T	0	0	75	40.1466666666667
A_HA_H1	305	74	C	1	0	71	41.8169014084507
A_HA_H1	306	75	A	0	0	75	41.96
A_HA_H1	307	75	G	0	0	75	43.2
A_HA_H1	308	75	A	0	0	75	42.3333333333333
A_HA_H1	309	72	C	3	0	72	42.8472222222222
A_HA_H1	310	74	A	1	0	72	41.6111111111111
A_HA_H1	311	74	A	1	0	74	41.8378378378378
A_HA_H1	312	74	T	1	0	74	41.4594594594595
A_HA_H1	313	75	G	0	0	74	41.4054054054054
A_HA_H1	314	75	G	0	0	74	41.027027027027
A_HA_H1	315	75	A	0	0	74	41.2567567567568
A_HA_H1	316	75	A	0	0	75	42.2
A_HA_H1	317	75	C	0	0	75	41.7866666666667
A_HA_H1	318	75	T	0	0	75	42.1733333333333
A_HA_H1	319	75	T	0	0	75	41.2666666666667
A_HA_H1	320	75	G	0	0	75	41.2933333333333
A_HA_H1	321	75	T	0	0	75	40.4
A_HA_H1	322	75	T	0	0	75	41.2
A_HA_H1	323	75	A	0	0	75	41.5466666666667
A_HA_H1	324	75	C	0	0	75	42.2533333333333
A_HA_H1	325	75	C	0	0	75	42.32
A_HA_H1	326	75	C	0	0	74	42.527027027027
A_HA_H1	327	75	A	0	0	75	41.24
A_HA_H1	328	75	G	0	0	75	40.8266666666667
A_HA_H1	329	76	G	0	0	76	40.4210526315789
A_HA_H1	330	76	A	0	0	76	39.6052631578947
A_HA_H1	331	76	G	0	0	75	39.9333333333333
A_HA_H1	332	76	A	0	0	76	38.1184210526316
A_HA_H1	333	76	T	0	0	76	38.25
A_HA_H1	334	76	T	0	0	76	39.5131578947368
A_HA_H1	335	76	T	0	0	76	39
A_HA_H1	336	75	C	1	0	75	38.92
A_HA_H1	337	76	A	0	0	76	36.3157894736842
A_HA_H1	338	76	T	0	0	75	35.4266666666667
A_HA_H1	339	76	C	0	0	75	35.5333333333333
A_HA_H1	340	76	A	0	0	76	37.3552631578947
A_HA_H1	341	76	A	0	0	76	37.8157894736842
A_HA_H1	342	76	T	0	0	76	38.6447368421053
A_HA_H1	343	76	T	0	0	75	39.2266666666667
A_HA_H1	344	76	A	0	0	76	39.5526315789474
A_HA_H1	345	76	T	0	0	76	40.3552631578947
A_HA_H1	346	76	G	0	0	75	40.0666666666667
A_HA_H1	347	76	A	0	0	76	40.3684210526316
A_HA_H1	348	76	G	0	0	76	40.3947368421053
A_HA_H1	349	76	G	0	0	76	39.8815789473684
A_HA_H1	350	76	A	0	0	76	39.1973684210526
A_HA_H1	351	76	G	0	0	76	38.5131578947368
A_HA_H1	352	76	C	0	0	76	38.8157894736842
A_HA_H1	353	76	T	0	0	76	39.1710526315789
A_HA_H1	354	74	A	3	0	74	40.0135135135135
A_HA_H1	355	77	A	0	0	77	39.3116883116883
A_HA_H1	356	77	G	0	0	77	39.5324675324675
A_HA_H1	357	77	A	0	0	77	38.6363636363636
A_HA_H1	358	76	G	1	0	76	39.3421052631579
A_HA_H1	359	77	A	0	0	77	39.9480519480519
A_HA_H1	360	77	G	0	0	77	39.2727272727273
A_HA_H1	361	77	C	0	0	77	39.961038961039
A_HA_H1	362	77	A	0	0	77	40.8311688311688
A_HA_H1	363	77	A	0	0	77	40.5064935064935
A_HA_H1	364	78	T	0	0	78	41.4102564102564
A_HA_H1	365	78	T	0	0	78	41.9102564102564
A_HA_H1	366	78	G	0	0	78	40.9102564102564
A_HA_H1	367	78	A	0	0	78	39.7051282051282
A_HA_H1	368	78	G	0	0	77	38.7402597402597
A_HA_H1	369	78	C	0	0	77	38.7272727272727
A_HA_H1	370	78	T	0	0	78	37.2179487179487
A_HA_H1	371	77	C	0	0	76	35.6447368421053
A_HA_H1	372	77	A	0	0	77	38.5064935064935
A_HA_H1	373	76	G	1	0	76	38.8421052631579
A_HA_H1	374	76	T	1	0	76	38.9078947368421
A_HA_H1	375	77	G	0	0	77	38.012987012987
A_HA_H1	376	77	T	0	0	75	38.04
A_HA_H1	377	77	C	0	0	77	38.025974025974
A_HA_H1	378	77	A	0	0	77	37.1818181818182
A_HA_H1	379	77	T	0	0	77	37.4025974025974
A_HA_H1	380	77	C	0	0	77	36.1948051948052
A_HA_H1	381	77	A	0	0	77	38.038961038961
A_HA_H1	382	77	T	0	0	77	38.7792207792208
A_HA_H1	383	77	T	0	0	77	38.2597402597403
A_HA_H1	384	77	T	0	0	77	37.9350649350649
A_HA_H1	385	76	G	1	0	76	38.6578947368421
A_HA_H1	386	74	A	3	0	73	39.4520547945205
A_HA_H1	387	76	A	1	0	76	37.2763157894737
A_HA_H1	388	77	A	0	0	77	35.8441558441558
A_HA_H1	389	77	G	0	0	77	37.2597402597403
A_HA_H1	390	77	G	0	0	77	37.038961038961
A_HA_H1	391	77	T	0	0	77	38.2727272727273
A_HA_H1	392	77	T	0	0	77	41.5324675324675
A_HA_H1	393	77	T	0	0	77	42.1428571428571
A_HA_H1	394	76	G	1	0	76	40.6710526315789
A_HA_H1	395	78	A	0	0	78	40
A_HA_H1	396	78	A	0	0	76	40.1710526315789
A_HA_H1	397	78	A	0	0	78	40.9102564102564
A_HA_H1	398	78	T	0	0	77	40.8181818181818
A_HA_H1	399	77	A	1	0	77	40.2337662337662
A_HA_H1	400	78	T	0	0	78	41.0384615384615
A_HA_H1	401	78	T	0	0	78	39.9230769230769
A_HA_H1	402	77	C	1	0	77	38.5584415584416
A_HA_H1	403	78	C	0	0	78	39.8974358974359
A_HA_H1	404	78	C	0	0	77	39.8181818181818
A_HA_H1	405	78	C	0	0	77	40.0779220779221
A_HA_H1	406	78	A	0	0	78	40.7307692307692
A_HA_H1	407	78	A	0	0	78	40.974358974359
A_HA_H1	408	78	G	0	0	78	40.5
A_HA_H1	409	78	G	0	0	78	40.0128205128205
A_HA_H1	410	78	C	0	0	78	40.2948717948718
A_HA_H1	411	78	A	0	0	78	40.1025641025641
A_HA_H1	412	78	A	0	0	78	39.9102564102564
A_HA_H1	413	78	G	0	0	78	39.1410256410256
A_HA_H1	414	78	T	0	0	78	40.8333333333333
A_HA_H1	415	78	T	0	0	78	40.4358974358974
A_HA_H1	416	78	C	0	0	78	39.2820512820513
A_HA_H1	417	78	A	0	0	78	39.4230769230769
A_HA_H1	418	78	T	0	0	78	39.7307692307692
A_HA_H1	419	78	G	0	0	78	39.7307692307692
A_HA_H1	420	78	G	0	0	78	39.5128205128205
A_HA_H1	421	78	C	0	0	78	40.3717948717949
A_HA_H1	422	78	C	0	0	78	41.5128205128205
A_HA_H1	423	78	T	0	0	78	41.3589743589744
A_HA_H1	424	78	A	0	0	78	41.1923076923077
A_HA_H1	425	78	A	0	0	78	40.6410256410256
A_HA_H1	426	78	T	0	0	77	38.3116883116883
A_HA_H1	427	78	C	0	0	77	37.974025974026
A_HA_H1	428	78	A	0	0	78	36.6282051282051
A_HA_H1	429	78	T	0	0	78	37
A_HA_H1	430	78	G	0	0	78	36.8717948717949
A_HA_H1	431	78	A	0	0	78	36.3461538461538
A_HA_H1	432	78	C	0	0	78	35.5897435897436
A_HA_H1	433	78	T	0	0	78	36
A_HA_H1	434	78	C	0	0	78	35.8974358974359
A_HA_H1	435	78	G	0	0	78	35.974358974359
A_HA_H1	436	78	G	0	0	78	37.5128205128205
A_HA_H1	437	78	A	0	0	78	39.1153846153846
A_HA_H1	438	78	C	0	0	78	39.7179487179487
A_HA_H1	439	78	A	0	0	78	40.8974358974359
A_HA_H1	440	78	A	0	0	78	41.3076923076923
A_HA_H1	441	78	T	0	0	77	41.1428571428571
A_HA_H1	442	78	G	0	0	77	41.7532467532468
A_HA_H1	443	78	G	0	0	78	40.5897435897436
A_HA_H1	444	78	T	0	0	77	41.1818181818182
A_HA_H1	445	78	G	0	0	78	40.2051282051282
A_HA_H1	446	78	T	0	0	78	40.1794871794872
A_HA_H1	447	78	A	0	0	78	37.4358974358974
A_HA_H1	448	78	A	0	0	78	37.7051282051282
A_HA_H1	449	78	C	0	0	78	37.025641025641
A_HA_H1	450	78	G	0	0	77	37.5974025974026
A_HA_H1	451	77	G	1	0	77	36.5974025974026
A_HA_H1	452	77	C	1	0	76	37.9473684210526
A_HA_H1	453	78	A	0	0	78	36.8461538461538
A_HA_H1	454	77	G	1	0	77	37.6623376623377
A_HA_H1	455	78	C	0	0	78	39.3461538461538
A_HA_H1	456	78	A	0	0	78	39.0512820512821
A_HA_H1	457	78	T	0	0	78	39.6153846153846
A_HA_H1	458	78	G	0	0	78	39.8717948717949
A_HA_H1	459	78	T	0	0	78	39.8333333333333
A_HA_H1	460	78	C	0	0	78	39.8076923076923
A_HA_H1	461	78	C	0	0	78	40.4871794871795
A_HA_H1	462	78	T	0	0	78	37.7051282051282
A_HA_H1	463	78	C	0	0	77	38.6103896103896
A_HA_H1	464	78	A	0	0	78	38.7948717948718
A_HA_H1	465	78	C	0	0	78	40.2820512820513
A_HA_H1	466	78	G	0	0	78	40.1153846153846
A_HA_H1	467	78	C	0	0	78	40.6538461538462
A_HA_H1	468	78	T	0	0	77	39.9090909090909
A_HA_H1	469	78	G	0	0	78	40.2179487179487
A_HA_H1	470	78	G	0	0	78	39.6923076923077
A_HA_H1	471	78	A	0	0	78	41.7179487179487
A_HA_H1	472	78	G	0	0	78	41.4102564102564
A_HA_H1	473	78	C	0	0	77	42.2207792207792
A_HA_H1	474	78	A	0	0	78	41.2307692307692
A_HA_H1	475	78	A	0	0	78	39.6666666666667
A_HA_H1	476	78	A	0	0	78	38.3717948717949
A_HA_H1	477	78	A	0	0	78	38.5641025641026
A_HA_H1	478	78	A	0	0	77	38.5324675324675
A_HA_H1	479	78	G	0	0	77	37.6753246753247
A_HA_H1	480	78	C	0	0	77	39.3376623376623
A_HA_H1	481	78	T	0	0	78	40.1923076923077
A_HA_H1	482	78	T	0	0	78	41.2179487179487
A_HA_H1	483	78	C	0	0	77	40.038961038961
A_HA_H1	484	78	T	0	0	78	40.3846153846154
A_HA_H1	485	78	A	0	0	78	39.1923076923077
A_HA_H1	486	78	C	0	0	78	38.6025641025641
A_HA_H1	487	78	A	0	0	78	38.2692307692308
A_HA_H1	488	78	A	0	0	78	38.8205128205128
A_HA_H1	489	78	A	0	0	78	39.025641025641
A_HA_H1	490	78	A	0	0	78	39.8461538461538
A_HA_H1	491	78	A	0	0	78	39.4615384615385
A_HA_H1	492	78	C	0	0	78	38.4230769230769
A_HA_H1	493	78	T	0	0	78	36.8205128205128
A_HA_H1	494	78	T	0	0	78	37.6025641025641
A_HA_H1	495	78	G	0	0	78	36.1025641025641
A_HA_H1	496	78	A	0	0	78	35.2948717948718
A_HA_H1	497	78	T	0	0	78	31.3461538461538
A_HA_H1	498	78	A	0	0	78	32.4230769230769
A_HA_H1	499	78	T	0	0	78	35.4230769230769
A_HA_H1	500	78	G	0	0	78	37.1923076923077
A_HA_H1	501	78	G	0	0	78	37.474358974359
A_HA_H1	502	78	C	0	0	78	37.474358974359
A_HA_H1	503	78	T	0	0	78	38.1923076923077
A_HA_H1	504	78	G	0	0	78	38.2435897435897
A_HA_H1	505	78	G	0	0	78	38.7307692307692
A_HA_H1	506	78	T	0	0	78	39.7692307692308
A_HA_H1	507	78	T	0	0	78	40.5641025641026
A_HA_H1	508	68	A	10	0	68	42.0882352941176
A_HA_H1	509	77	A	1	0	77	40.9090909090909
A_HA_H1	510	78	A	0	0	78	38.1666666666667
A_HA_H1	511	78	A	0	0	78	36.8076923076923
A_HA_H1	512	78	A	0	0	78	35.5128205128205
A_HA_H1	513	78	A	0	0	78	33.9102564102564
A_HA_H1	514	78	G	0	0	78	36.1153846153846
A_HA_H1	515	78	G	0	0	78	36.8846153846154
A_HA_H1	516	78	A	0	0	77	35.2727272727273
A_HA_H1	517	78	A	0	0	75	34.76
A_HA_H1	518	78	A	0	0	78	36.1923076923077
A_HA_H1	519	78	A	0	0	78	37.2692307692308
A_HA_H1	520	78	T	0	0	78	37.974358974359
A_HA_H1	521	78	C	0	0	77	40.9220779220779
A_HA_H1	522	78	A	0	0	78	40.9871794871795
A_HA_H1	523	78	T	0	0	78	39.8076923076923
A_HA_H1	524	77	A	1	0	77	39.9480519480519
A_HA_H1	525	77	C	1	0	76	40.8157894736842
A_HA_H1	526	78	C	0	0	78	38.9358974358974
A_HA_H1	527	78	C	0	0	78	39.3205128205128
A_HA_H1	528	78	A	0	0	78	38.7051282051282
A_HA_H1	529	78	A	0	0	78	39.3974358974359
A_HA_H1	530	78	A	0	0	78	40.0128205128205
A_HA_H1	531	78	G	0	0	78	42.5641025641026
A_HA_H1	532	78	A	0	0	78	41.4871794871795
A_HA_H1	533	78	T	0	0	78	42.2820512820513
A_HA_H1	534	78	C	0	0	78	42.025641025641
A_HA_H1	535	78	A	0	0	78	40.7948717948718
A_HA_H1	536	78	A	0	0	78	41.0641025641026
A_HA_H1	537	78	C	0	0	78	41.7948717948718
A_HA_H1	538	78	C	0	0	78	41.3461538461538
A_HA_H1	539	77	A	1	0	77	39.2077922077922
A_HA_H1	540	78	A	0	0	78	37.8974358974359
A_HA_H1	541	78	A	0	0	78	35
A_HA_H1	542	78	C	0	0	78	34.2179487179487
A_HA_H1	543	78	C	0	0	78	35.5769230769231
A_HA_H1	544	78	T	0	0	77	33.5454545454545
A_HA_H1	545	78	A	0	0	78	35.6538461538462
A_HA_H1	546	78	C	0	0	78	35.3589743589744
A_HA_H1	547	78	A	0	0	78	31.9871794871795
A_HA_H1	548	78	T	0	0	78	33.5384615384615
A_HA_H1	549	78	T	0	0	78	33.2564102564103
A_HA_H1	550	78	A	0	0	78	33
A_HA_H1	551	78	A	0	0	78	35.2179487179487
A_HA_H1	552	78	T	0	0	78	37.2307692307692
A_HA_H1	553	78	G	0	0	78	37.3589743589744
A_HA_H1	554	78	A	0	0	78	36.9230769230769
A_HA_H1	555	78	T	0	0	78	37.1794871794872
A_HA_H1	556	78	C	0	0	78	36.3461538461538
A_HA_H1	557	78	A	0	0	78	35.5128205128205
A_HA_H1	558	78	A	0	0	78	36.0512820512821
A_HA_H1	559	76	G	2	0	76	37.1184210526316
A_HA_H1	560	79	G	0	0	79	39.0506329113924
A_HA_H1	561	79	G	0	0	78	40.0769230769231
A_HA_H1	562	79	A	0	0	79	39.0506329113924
A_HA_H1	563	79	A	0	0	79	39.0759493670886
A_HA_H1	564	79	A	0	0	79	39.1518987341772
A_HA_H1	565	79	G	0	0	77	38.7012987012987
A_HA_H1	566	79	A	0	0	78	38.5128205128205
A_HA_H1	567	79	A	0	0	79	39
A_HA_H1	568	79	G	0	0	79	38.8227848101266
A_HA_H1	569	79	T	0	0	78	39.2051282051282
A_HA_H1	570	79	C	0	0	78	39.4102564102564
A_HA_H1	571	78	C	1	0	78	38.025641025641
A_HA_H1	572	78	T	1	0	78	38.6282051282051
A_HA_H1	573	79	C	0	0	78	38.8333333333333
A_HA_H1	574	79	G	0	0	79	39.0126582278481
A_HA_H1	575	79	T	0	0	78	38.525641025641
A_HA_H1	576	79	G	0	0	79	40.0632911392405
A_HA_H1	577	79	C	0	0	79	39.0759493670886
A_HA_H1	578	79	T	0	0	79	40.1772151898734
A_HA_H1	579	79	G	0	0	79	40.9873417721519
A_HA_H1	580	79	T	0	0	78	41.1923076923077
A_HA_H1	581	77	G	2	0	76	41.4868421052632
A_HA_H1	582	79	G	0	0	79	40.8607594936709
A_HA_H1	583	79	G	0	0	79	41
A_HA_H1	584	79	G	0	0	79	40.3291139240506
A_HA_H1	585	79	C	0	0	79	39.5063291139241
A_HA_H1	586	79	A	0	0	79	38.7215189873418
A_HA_H1	587	79	T	0	0	79	39.6835443037975
A_HA_H1	588	78	T	1	0	78	39.1923076923077
A_HA_H1	589	78	C	1	0	78	39.4615384615385
A_HA_H1	590	78	A	1	0	78	41.1153846153846
A_HA_H1	591	77	C	1	0	77	40.7922077922078
A_HA_H1	592	77	C	1	0	77	38.4675324675325
A_HA_H1	593	77	A	1	0	77	39.038961038961
A_HA_H1	594	77	T	1	0	77	38.6753246753247
A_HA_H1	595	77	C	1	0	77	38.9480519480519
A_HA_H1	596	78	C	1	0	77	38.4415584415584
A_HA_H1	597	78	A	1	0	77	40.2987012987013
A_HA_H1	598	77	C	2	0	77	37.3376623376623
A_HA_H1	599	78	C	1	0	78	37.3205128205128
A_HA_H1	600	78	C	1	0	78	38.2564102564103
A_HA_H1	601	78	A	1	0	78	37.8205128205128
A_HA_H1	602	78	C	1	0	78	35.8205128205128
A_HA_H1	603	78	T	1	0	77	37.5454545454545
A_HA_H1	604	78	A	1	0	78	38.7051282051282
A_HA_H1	605	78	T	1	0	78	37.5512820512821
A_HA_H1	606	78	T	1	0	78	37.3589743589744
A_HA_H1	607	79	A	1	0	79	37.0506329113924
A_HA_H1	608	79	C	1	0	78	36.9871794871795
A_HA_H1	609	79	T	1	0	77	37.3636363636364
A_HA_H1	610	79	G	1	0	78	37.5512820512821
A_HA_H1	611	79	A	1	0	79	37.4303797468354
A_HA_H1	612	79	C	1	0	78	39.8846153846154
A_HA_H1	613	79	C	1	0	79	39.3544303797468
A_HA_H1	614	79	A	1	0	79	39.7215189873418
A_HA_H1	615	79	A	1	0	79	41.1012658227848
A_HA_H1	616	79	G	1	0	77	41.3766233766234
A_HA_H1	617	79	A	1	0	78	41.5897435897436
A_HA_H1	618	79	A	1	0	79	42.6329113924051
A_HA_H1	619	79	A	1	0	78	42.5512820512821
A_HA_H1	620	79	G	1	0	78	42.1153846153846
A_HA_H1	621	78	T	2	0	78	41.9358974358974
A_HA_H1	622	78	C	2	0	77	42.3246753246753
A_HA_H1	623	78	T	2	0	77	41.0779220779221
A_HA_H1	624	78	C	2	0	78	41.7692307692308
A_HA_H1	625	78	T	2	0	77	41.9090909090909
A_HA_H1	626	79	A	1	0	79	40.7848101265823
A_HA_H1	627	79	T	1	0	79	39.7341772151899
A_HA_H1	628	79	C	1	0	79	39.5696202531646
A_HA_H1	629	78	A	2	0	78	39.5641025641026
A_HA_H1	630	79	G	1	0	78	40.7179487179487
A_HA_H1	631	79	A	1	0	79	40.3164556962025
A_HA_H1	632	79	A	1	0	79	41
A_HA_H1	633	79	T	1	0	79	41.5822784810127
A_HA_H1	634	79	G	1	0	79	41.2784810126582
A_HA_H1	635	78	C	2	0	77	39.974025974026
A_HA_H1	636	78	A	2	0	78	40.3717948717949
A_HA_H1	637	78	G	2	0	78	39.5512820512821
A_HA_H1	638	78	A	2	0	78	38.2820512820513
A_HA_H1	639	78	T	2	0	78	37.0641025641026
A_HA_H1	640	78	G	2	0	78	38.5897435897436
A_HA_H1	641	78	C	2	0	77	38.0779220779221
A_HA_H1	642	78	A	2	0	78	38.2820512820513
A_HA_H1	643	78	T	2	0	78	39.8589743589744
A_HA_H1	644	78	A	2	0	78	40.2948717948718
A_HA_H1	645	78	T	2	0	78	39.5384615384615
A_HA_H1	646	78	G	2	0	78	39.5128205128205
A_HA_H1	647	78	T	2	0	78	35.7948717948718
A_HA_H1	648	79	T	1	0	79	34.8354430379747
A_HA_H1	649	79	T	1	0	79	34.9620253164557
A_HA_H1	650	79	T	1	0	79	35.253164556962
A_HA_H1	651	79	T	1	0	79	35.7594936708861
A_HA_H1	652	79	G	1	0	79	35.7974683544304
A_HA_H1	653	79	T	1	0	79	36.1518987341772
A_HA_H1	654	78	G	2	0	78	40.6794871794872
A_HA_H1	655	78	G	2	0	78	40.9358974358974
A_HA_H1	656	78	G	2	0	77	41.0519480519481
A_HA_H1	657	78	G	2	0	77	39.1818181818182
A_HA_H1	658	78	A	2	0	78	39.9615384615385
A_HA_H1	659	79	C	1	0	79	39.1518987341772
A_HA_H1	660	79	A	1	0	79	38.3164556962025
A_HA_H1	661	79	T	1	0	79	38.2784810126582
A_HA_H1	662	78	C	2	0	78	37.9230769230769
A_HA_H1	663	79	A	1	0	79	38.9620253164557
A_HA_H1	664	79	A	1	0	77	38.8701298701299
A_HA_H1	665	78	G	2	0	74	41.5135135135135
A_HA_H1	666	78	A	2	0	78	40.3205128205128
A_HA_H1	667	78	T	2	0	76	39.9868421052632
A_HA_H1	668	78	A	2	0	78	40.2820512820513
A_HA_H1	669	77	C	3	0	77	38.4415584415584
A_HA_H1	670	77	A	3	0	77	37.7792207792208
A_HA_H1	671	77	G	3	0	77	37.3636363636364
A_HA_H1	672	79	C	1	0	78	37.3461538461538
A_HA_H1	673	79	A	1	0	79	39.8481012658228
A_HA_H1	674	79	A	1	0	79	39.2911392405063
A_HA_H1	675	79	G	1	0	78	40.3717948717949
A_HA_H1	676	79	A	1	0	79	39.3417721518987
A_HA_H1	677	79	A	1	0	79	40.4177215189873
A_HA_H1	678	79	G	1	0	79	40
A_HA_H1	679	79	T	1	0	79	40.0886075949367
A_HA_H1	680	79	T	1	0	78	40.8205128205128
A_HA_H1	681	79	C	1	0	77	40.9090909090909
A_HA_H1	682	79	A	1	0	78	40.6666666666667
A_HA_H1	683	78	A	2	0	78	39.7307692307692
A_HA_H1	684	78	G	2	0	78	39.7948717948718
A_HA_H1	685	79	C	1	0	78	40.2051282051282
A_HA_H1	686	79	C	1	0	78	39.6282051282051
A_HA_H1	687	79	G	1	0	79	40.379746835443
A_HA_H1	688	79	G	1	0	78	40.3974358974359
A_HA_H1	689	79	A	1	0	79	39.7974683544304
A_HA_H1	690	79	A	1	0	78	40.0897435897436
A_HA_H1	691	78	A	2	0	78	39.6025641025641
A_HA_H1	692	78	T	2	0	78	40.9102564102564
A_HA_H1	693	78	A	2	0	78	39.7307692307692
A_HA_H1	694	78	G	2	0	78	38.8076923076923
A_HA_H1	695	79	C	1	0	79	36.6075949367089
A_HA_H1	696	79	A	1	0	79	36.6835443037975
A_HA_H1	697	79	A	1	0	79	36.6835443037975
A_HA_H1	698	79	C	1	0	79	37.4683544303797
A_HA_H1	699	79	A	1	0	79	38.0632911392405
A_HA_H1	700	79	A	1	0	79	39.0632911392405
A_HA_H1	701	79	G	1	0	79	38.4177215189873
A_HA_H1	702	79	A	1	0	79	39.4177215189873
A_HA_H1	703	79	C	1	0	79	38.4430379746835
A_HA_H1	704	79	C	1	0	79	38.126582278481
A_HA_H1	705	78	C	2	0	78	37.2435897435897
A_HA_H1	706	78	A	2	0	78	35.7435897435897
A_HA_H1	707	79	A	1	0	79	35.5443037974684
A_HA_H1	708	79	A	1	0	79	32.5569620253165
A_HA_H1	709	79	G	1	0	79	30.0886075949367
A_HA_H1	710	79	T	1	0	79	34.9367088607595
A_HA_H1	711	79	G	1	0	79	36.7594936708861
A_HA_H1	712	79	A	1	0	79	36.7215189873418
A_HA_H1	713	79	G	1	0	78	37.8974358974359
A_HA_H1	714	79	G	1	0	79	37.5822784810127
A_HA_H1	715	79	G	1	0	78	37.6025641025641
A_HA_H1	716	79	A	1	0	79	37.1772151898734
A_HA_H1	717	79	T	1	0	79	37.9620253164557
A_HA_H1	718	79	C	1	0	79	37.9873417721519
A_HA_H1	719	81	A	2	0	81	38.0123456790123
A_HA_H1	720	82	A	1	0	82	38.109756097561
A_HA_H1	721	82	G	1	0	82	38.4390243902439
A_HA_H1	722	82	C	1	0	82	37.8048780487805
A_HA_H1	723	82	C	1	0	79	39.4430379746835
A_HA_H1	724	81	G	2	0	79	39.6455696202532
A_HA_H1	725	82	G	1	0	81	39.3456790123457
A_HA_H1	726	82	G	1	0	80	38.8125
A_HA_H1	727	82	A	1	0	80	40.05
A_HA_H1	728	82	G	1	0	80	39.8125
A_HA_H1	729	82	A	1	0	82	40.6219512195122
A_HA_H1	730	82	A	1	0	82	40.6585365853659
A_HA_H1	731	82	T	1	0	81	40.2962962962963
A_HA_H1	732	82	G	1	0	82	38.780487804878
A_HA_H1	733	82	A	1	0	82	38.8780487804878
A_HA_H1	734	82	A	1	0	81	37.6049382716049
A_HA_H1	735	82	C	1	0	82	37.4512195121951
A_HA_H1	736	82	T	1	0	82	38.0121951219512
A_HA_H1	737	82	A	1	0	82	39.1585365853659
A_HA_H1	738	82	T	1	0	82	39.9634146341463
A_HA_H1	739	82	T	1	0	82	41.3658536585366
A_HA_H1	740	82	A	1	0	82	40.9024390243902
A_HA_H1	741	82	C	1	0	81	40.7407407407407
A_HA_H1	742	82	T	1	0	81	38.9135802469136
A_HA_H1	743	82	G	1	0	82	33.8536585365854
A_HA_H1	744	82	G	1	0	81	32.1358024691358
A_HA_H1	745	82	A	1	0	82	33.8780487804878
A_HA_H1	746	82	C	1	0	82	35.4390243902439
A_HA_H1	747	82	A	1	0	81	33.2345679012346
A_HA_H1	748	82	C	1	0	81	34.5308641975309
A_HA_H1	749	82	T	1	0	81	34.9506172839506
A_HA_H1	750	82	A	1	0	81	38.3703703703704
A_HA_H1	751	82	G	1	0	81	38.0246913580247
A_HA_H1	752	82	T	1	0	81	38.6172839506173
A_HA_H1	753	82	A	1	0	82	38.8048780487805
A_HA_H1	754	82	G	1	0	82	38.2926829268293
A_HA_H1	755	82	A	1	0	82	38.0975609756098
A_HA_H1	756	82	A	1	0	82	39.5243902439024
A_HA_H1	757	82	C	1	0	82	40.5731707317073
A_HA_H1	758	81	C	1	0	81	40.9876543209877
A_HA_H1	759	79	G	3	0	79	39.5822784810127
A_HA_H1	760	81	G	1	0	81	39.1358024691358
A_HA_H1	761	81	G	1	0	81	38.8888888888889
A_HA_H1	762	81	A	1	0	81	39.2839506172839
A_HA_H1	763	81	G	1	0	81	38.5555555555556
A_HA_H1	764	81	A	1	0	81	40.4567901234568
A_HA_H1	765	81	C	1	0	81	41.4814814814815
A_HA_H1	766	81	A	1	0	81	41.3456790123457
A_HA_H1	767	81	A	1	0	81	40.1111111111111
A_HA_H1	768	81	A	1	0	81	39.2592592592593
A_HA_H1	769	81	A	1	0	81	40.7037037037037
A_HA_H1	770	81	T	1	0	81	40.1234567901235
A_HA_H1	771	81	A	1	0	81	38.6666666666667
A_HA_H1	772	82	A	1	0	82	37.609756097561
A_HA_H1	773	82	C	1	0	82	37.8170731707317
A_HA_H1	774	82	A	1	0	82	36.6341463414634
A_HA_H1	775	82	T	1	0	82	36.3780487804878
A_HA_H1	776	82	T	1	0	82	36.1341463414634
A_HA_H1	777	82	C	1	0	82	36.3170731707317
A_HA_H1	778	81	G	2	0	81	36.6049382716049
A_HA_H1	779	82	A	1	0	82	37.5975609756098
A_HA_H1	780	82	A	1	0	82	38.0243902439024
A_HA_H1	781	82	G	1	0	81	39.7037037037037
A_HA_H1	782	80	C	2	0	80	39.9375
A_HA_H1	783	81	A	1	0	81	40.7777777777778
A_HA_H1	784	81	A	1	0	81	40.3456790123457
A_HA_H1	785	81	C	1	0	81	40.5432098765432
A_HA_H1	786	81	T	1	0	81	38.4814814814815
A_HA_H1	787	81	G	1	0	81	38.1604938271605
A_HA_H1	788	81	G	1	0	81	37.5802469135802
A_HA_H1	789	81	T	1	0	80	37.825
A_HA_H1	790	81	A	1	0	81	38.2469135802469
A_HA_H1	791	81	A	1	0	81	39.320987654321
A_HA_H1	792	81	T	1	0	81	38.7160493827161
A_HA_H1	793	81	C	1	0	81	39.0740740740741
A_HA_H1	794	81	T	1	0	81	38.8765432098765
A_HA_H1	795	81	A	1	0	81	39.5308641975309
A_HA_H1	796	81	G	1	0	81	40.7283950617284
A_HA_H1	797	81	T	1	0	81	40.6666666666667
A_HA_H1	798	81	G	1	0	81	39.4938271604938
A_HA_H1	799	81	G	1	0	81	39.8024691358025
A_HA_H1	800	81	C	1	0	81	39.6666666666667
A_HA_H1	801	81	A	1	0	81	39.1728395061728
A_HA_H1	802	81	C	1	0	81	40.9012345679012
A_HA_H1	803	81	C	1	0	81	40.8518518518519
A_HA_H1	804	81	G	1	0	81	38.5185185185185
A_HA_H1	805	81	A	1	0	81	36.4567901234568
A_HA_H1	806	81	G	1	0	81	33.5061728395062
A_HA_H1	807	81	A	1	0	81	33.8271604938272
A_HA_H1	808	81	T	1	0	81	37.1851851851852
A_HA_H1	809	81	A	1	0	81	37.6296296296296
A_HA_H1	810	81	T	1	0	81	38.2962962962963
A_HA_H1	811	81	G	1	0	81	37.6543209876543
A_HA_H1	812	81	C	1	0	81	36.6049382716049
A_HA_H1	813	81	A	1	0	81	37.9012345679012
A_HA_H1	814	81	T	1	0	81	38.9506172839506
A_HA_H1	815	81	T	1	0	81	38.4320987654321
A_HA_H1	816	81	C	1	0	81	39.3703703703704
A_HA_H1	817	81	A	1	0	81	39.7530864197531
A_HA_H1	818	81	C	1	0	81	39.3827160493827
A_HA_H1	819	80	A	2	0	80	39.4125
A_HA_H1	820	81	A	1	0	81	39.8888888888889
A_HA_H1	821	81	T	1	0	80	39.225
A_HA_H1	822	81	G	1	0	80	38.3875
A_HA_H1	823	81	G	1	0	80	38.775
A_HA_H1	824	78	A	4	0	78	37.3076923076923
A_HA_H1	825	79	A	3	0	79	37.5063291139241
A_HA_H1	826	79	A	3	0	79	37.746835443038
A_HA_H1	827	81	A	1	0	81	38.2098765432099
A_HA_H1	828	81	A	1	0	81	38.9753086419753
A_HA_H1	829	81	G	1	0	81	39.1604938271605
A_HA_H1	830	81	A	1	0	81	39.4320987654321
A_HA_H1	831	81	T	1	0	81	39.3333333333333
A_HA_H1	832	81	G	1	0	81	39.1481481481481
A_HA_H1	833	81	C	1	0	81	40.8395061728395
A_HA_H1	834	81	T	1	0	81	41.3086419753086
A_HA_H1	835	81	G	1	0	81	41.1975308641975
A_HA_H1	836	81	G	1	0	80	40.3
A_HA_H1	837	81	A	1	0	81	39.1851851851852
A_HA_H1	838	81	T	1	0	81	38.6666666666667
A_HA_H1	839	81	C	1	0	81	39.0864197530864
A_HA_H1	840	81	T	1	0	81	39.3086419753086
A_HA_H1	841	81	G	1	0	81	39.7901234567901
A_HA_H1	842	81	G	1	0	81	38.8518518518519
A_HA_H1	843	81	T	1	0	80	39.725
A_HA_H1	844	81	A	1	0	81	39.7654320987654
A_HA_H1	845	81	T	1	0	81	40.7530864197531
A_HA_H1	846	81	T	1	0	81	40.9012345679012
A_HA_H1	847	81	A	1	0	81	40.9753086419753
A_HA_H1	848	81	T	1	0	80	41.1
A_HA_H1	849	81	C	1	0	81	40.1604938271605
A_HA_H1	850	81	A	1	0	81	39.5802469135802
A_HA_H1	851	81	T	1	0	81	39.679012345679
A_HA_H1	852	81	T	1	0	81	39.7160493827161
A_HA_H1	853	81	T	1	0	81	38.8395061728395
A_HA_H1	854	81	C	1	0	80	39.575
A_HA_H1	855	81	A	1	0	81	39.4074074074074
A_HA_H1	856	81	G	1	0	81	39.7777777777778
A_HA_H1	857	81	A	1	0	80	39.4
A_HA_H1	858	81	T	1	0	80	40.4125
A_HA_H1	859	81	A	1	0	80	40.2125
A_HA_H1	860	80	C	2	0	80	40.825
A_HA_H1	861	79	A	3	0	79	41.253164556962
A_HA_H1	862	80	C	2	0	79	41.4810126582278
A_HA_H1	863	81	C	1	0	81	41.4567901234568
A_HA_H1	864	81	A	1	0	80	41.9
A_HA_H1	865	81	G	1	0	81	41.5925925925926
A_HA_H1	866	81	T	1	0	81	41.4444444444444
A_HA_H1	867	81	C	1	0	80	41.5375
A_HA_H1	868	81	C	1	0	79	41.1645569620253
A_HA_H1	869	81	A	1	0	81	40.5679012345679
A_HA_H1	870	81	C	1	0	81	41.0740740740741
A_HA_H1	871	81	G	1	0	80	39.9625
A_HA_H1	872	81	A	1	0	81	39.3950617283951
A_HA_H1	873	81	T	1	0	81	39.7777777777778
A_HA_H1	874	81	T	1	0	81	39.5679012345679
A_HA_H1	875	81	G	1	0	81	39.6172839506173
A_HA_H1	876	81	C	1	0	81	40.7037037037037
A_HA_H1	877	81	A	1	0	81	39.7777777777778
A_HA_H1	878	81	A	1	0	81	40.9753086419753
A_HA_H1	879	81	T	1	0	81	40.6666666666667
A_HA_H1	880	81	A	1	0	81	39.3456790123457
A_HA_H1	881	81	C	1	0	81	39.8888888888889
A_HA_H1	882	81	A	1	0	81	38.9506172839506
A_HA_H1	883	81	A	1	0	81	39.1851851851852
A_HA_H1	884	81	C	1	0	81	38.4320987654321
A_HA_H1	885	81	T	1	0	81	38.0740740740741
A_HA_H1	886	81	T	1	0	81	38.6666666666667
A_HA_H1	887	81	G	1	0	81	38.7777777777778
A_HA_H1	888	81	T	1	0	81	39.5555555555556
A_HA_H1	889	81	C	1	0	81	39.4074074074074
A_HA_H1	890	81	A	1	0	81	40.3950617283951
A_HA_H1	891	81	G	1	0	81	40.5061728395062
A_HA_H1	892	81	A	1	0	80	40.625
A_HA_H1	893	81	C	1	0	80	41.7375
A_HA_H1	894	81	A	1	0	81	41.3456790123457
A_HA_H1	895	80	C	2	0	80	41.825
A_HA_H1	896	80	C	2	0	80	41.5
A_HA_H1	897	81	C	1	0	81	40.7160493827161
A_HA_H1	898	81	G	1	0	81	39.4320987654321
A_HA_H1	899	81	A	1	0	81	39.5679012345679
A_HA_H1	900	81	G	1	0	81	39.0493827160494
A_HA_H1	901	81	G	1	0	81	38.9876543209877
A_HA_H1	902	81	G	1	0	81	38.8395061728395
A_HA_H1	903	81	T	1	0	81	39.1851851851852
A_HA_H1	904	81	G	1	0	81	39.037037037037
A_HA_H1	905	81	C	1	0	81	40.0864197530864
A_HA_H1	906	81	T	1	0	81	39.6049382716049
A_HA_H1	907	81	A	1	0	81	39.1851851851852
A_HA_H1	908	81	T	1	0	81	40.5432098765432
A_HA_H1	909	81	A	1	0	81	38.4320987654321
A_HA_H1	910	81	A	1	0	81	39.9506172839506
A_HA_H1	911	81	A	1	0	81	40.0493827160494
A_HA_H1	912	81	C	1	0	81	40.2222222222222
A_HA_H1	913	81	A	1	0	81	39.6913580246914
A_HA_H1	914	81	C	1	0	80	39.625
A_HA_H1	915	81	C	1	0	81	40.1975308641975
A_HA_H1	916	81	A	1	0	81	39.8148148148148
A_HA_H1	917	81	G	1	0	81	39.1481481481481
A_HA_H1	918	81	C	1	0	81	38.5555555555556
A_HA_H1	919	81	C	1	0	81	38.1851851851852
A_HA_H1	920	81	T	1	0	81	38.5061728395062
A_HA_H1	921	81	C	1	0	81	38.2962962962963
A_HA_H1	922	81	C	1	0	81	39.1728395061728
A_HA_H1	923	81	C	1	0	81	38.2716049382716
A_HA_H1	924	81	A	1	0	81	36.5925925925926
A_HA_H1	925	79	T	3	0	79	37.1645569620253
A_HA_H1	926	81	T	1	0	81	37.5432098765432
A_HA_H1	927	81	T	1	0	81	37.8641975308642
A_HA_H1	928	81	C	1	0	81	37.8518518518519
A_HA_H1	929	80	A	2	0	80	38.1375
A_HA_H1	930	80	G	2	0	80	37.375
A_HA_H1	931	81	A	1	0	81	37.3950617283951
A_HA_H1	932	81	A	1	0	80	36.7625
A_HA_H1	933	81	T	1	0	81	36.3703703703704
A_HA_H1	934	81	G	1	0	80	36.6125
A_HA_H1	935	81	T	1	0	79	37.6962025316456
A_HA_H1	936	81	A	1	0	79	36.1139240506329
A_HA_H1	937	81	C	1	0	79	36.4430379746835
A_HA_H1	938	81	A	1	0	80	39.0875
A_HA_H1	939	81	T	1	0	80	40.65
A_HA_H1	940	81	C	1	0	81	39.1851851851852
A_HA_H1	941	81	C	1	0	81	40.4074074074074
A_HA_H1	942	81	G	1	0	78	41.0897435897436
A_HA_H1	943	81	A	1	0	81	40.2098765432099
A_HA_H1	944	81	T	1	0	81	39.962962962963
A_HA_H1	945	81	C	1	0	79	39.2658227848101
A_HA_H1	946	81	A	1	0	81	37.0864197530864
A_HA_H1	947	81	C	1	0	81	36.1234567901235
A_HA_H1	948	81	G	1	0	79	32.9746835443038
A_HA_H1	949	81	A	1	0	81	34.0493827160494
A_HA_H1	950	81	T	1	0	81	34.7283950617284
A_HA_H1	951	81	T	1	0	81	35.2962962962963
A_HA_H1	952	80	G	2	0	79	36.3544303797468
A_HA_H1	953	81	G	1	0	81	37.2469135802469
A_HA_H1	954	81	G	1	0	81	38.7901234567901
A_HA_H1	955	81	A	1	0	81	38.8271604938272
A_HA_H1	956	81	A	1	0	81	38.3703703703704
A_HA_H1	957	81	A	1	0	81	38
A_HA_H1	958	81	T	1	0	81	38.8641975308642
A_HA_H1	959	81	G	1	0	81	37.9012345679012
A_HA_H1	960	81	T	1	0	81	38.5802469135802
A_HA_H1	961	81	C	1	0	81	38.0987654320988
A_HA_H1	962	81	C	1	0	80	38.3875
A_HA_H1	963	81	A	1	0	81	38.0987654320988
A_HA_H1	964	81	A	1	0	81	40.1358024691358
A_HA_H1	965	81	A	1	0	81	40.0617283950617
A_HA_H1	966	79	G	3	0	79	39.4430379746835
A_HA_H1	967	79	T	3	0	79	40.0506329113924
A_HA_H1	968	81	A	1	0	81	39.4691358024691
A_HA_H1	969	81	T	1	0	79	38.3164556962025
A_HA_H1	970	81	G	1	0	79	37.9113924050633
A_HA_H1	971	81	T	1	0	81	37.7530864197531
A_HA_H1	972	80	G	2	0	80	37.1875
A_HA_H1	973	80	A	2	0	80	37.7875
A_HA_H1	974	81	G	1	0	81	38.7407407407407
A_HA_H1	975	81	A	1	0	81	38.7901234567901
A_HA_H1	976	81	A	1	0	81	38.9876543209877
A_HA_H1	977	81	G	1	0	81	38.8888888888889
A_HA_H1	978	81	C	1	0	81	39.1481481481481
A_HA_H1	979	81	A	1	0	80	39.3125
A_HA_H1	980	81	C	1	0	81	39.8148148148148
A_HA_H1	981	81	A	1	0	81	38.962962962963
A_HA_H1	982	81	A	1	0	81	38.2592592592593
A_HA_H1	983	81	A	1	0	81	38.2098765432099
A_HA_H1	984	81	A	1	0	81	36.6543209876543
A_HA_H1	985	81	T	1	0	80	35.9875
A_HA_H1	986	81	T	1	0	80	34.825
A_HA_H1	987	81	G	1	0	80	32.1375
A_HA_H1	988	81	A	1	0	81	32.2716049382716
A_HA_H1	989	81	G	1	0	81	31.4444444444444
A_HA_H1	990	81	A	1	0	81	32.7901234567901
A_HA_H1	991	81	C	1	0	81	34.0864197530864
A_HA_H1	992	81	T	1	0	81	37.2962962962963
A_HA_H1	993	81	G	1	0	81	37.7901234567901
A_HA_H1	994	81	G	1	0	81	37.8395061728395
A_HA_H1	995	81	C	1	0	81	38.6049382716049
A_HA_H1	996	81	C	1	0	81	38.2839506172839
A_HA_H1	997	81	A	1	0	81	37.5925925925926
A_HA_H1	998	82	C	1	0	82	36.5
A_HA_H1	999	82	A	1	0	82	36.0975609756098
A_HA_H1	1000	82	G	1	0	82	36.5365853658537
A_HA_H1	1001	82	G	1	0	81	36.4814814814815
A_HA_H1	1002	82	A	1	0	82	35.219512195122
A_HA_H1	1003	82	C	1	0	82	35.6585365853659
A_HA_H1	1004	82	T	1	0	82	37.5487804878049
A_HA_H1	1005	81	G	2	0	79	37.4430379746835
A_HA_H1	1006	82	A	1	0	81	37.6666666666667
A_HA_H1	1007	82	G	1	0	82	39.8414634146341
A_HA_H1	1008	82	G	1	0	82	39.5975609756098
A_HA_H1	1009	82	A	1	0	82	39.6585365853659
A_HA_H1	1010	82	A	1	0	82	37.7682926829268
A_HA_H1	1011	82	T	1	0	82	38.3658536585366
A_HA_H1	1012	82	G	1	0	82	37.5975609756098
A_HA_H1	1013	82	T	1	0	82	36.7317073170732
A_HA_H1	1014	82	C	1	0	82	36.7073170731707
A_HA_H1	1015	82	C	1	0	82	36.9390243902439
A_HA_H1	1016	82	C	1	0	82	37.2926829268293
A_HA_H1	1017	82	G	1	0	82	37.0365853658537
A_HA_H1	1018	82	T	1	0	82	37.7926829268293
A_HA_H1	1019	82	C	1	0	82	38.0853658536585
A_HA_H1	1020	82	T	1	0	82	38.2439024390244
A_HA_H1	1021	83	A	1	0	83	39.1566265060241
A_HA_H1	1022	83	T	1	0	83	38.1084337349398
A_HA_H1	1023	83	T	1	0	83	35.9759036144578
A_HA_H1	1024	83	C	1	0	83	35.2289156626506
A_HA_H1	1025	83	A	1	0	83	35.1927710843374
A_HA_H1	1026	83	A	1	0	83	35.144578313253
A_HA_H1	1027	83	T	1	0	83	36.5301204819277
A_HA_H1	1028	82	C	2	0	82	36.719512195122
A_HA_H1	1029	83	T	1	0	83	37.4819277108434
A_HA_H1	1030	83	A	1	0	83	37.6987951807229
A_HA_H1	1031	83	G	1	0	83	38.0361445783133
A_HA_H1	1032	83	A	1	0	83	37.8915662650602
A_HA_H1	1033	83	G	1	0	83	37.9518072289157
A_HA_H1	1034	83	G	1	0	83	37.6626506024096
A_HA_H1	1035	83	C	1	0	83	37.710843373494
A_HA_H1	1036	83	T	1	0	82	38.3780487804878
A_HA_H1	1037	83	T	1	0	83	38.8192771084337
A_HA_H1	1038	83	A	1	0	83	39.289156626506
A_HA_H1	1039	83	T	1	0	83	39.5060240963855
A_HA_H1	1040	83	T	1	0	82	40
A_HA_H1	1041	82	C	2	0	79	40
A_HA_H1	1042	83	G	1	0	83	38.9518072289157
A_HA_H1	1043	84	G	1	0	83	38.7349397590361
A_HA_H1	1044	84	G	1	0	83	36.6867469879518
A_HA_H1	1045	84	G	1	0	83	35.0602409638554
A_HA_H1	1046	84	C	1	0	84	34.0952380952381
A_HA_H1	1047	84	C	1	0	83	33.9638554216867
A_HA_H1	1048	84	A	1	0	84	33.2857142857143
A_HA_H1	1049	84	T	1	0	84	33.8095238095238
A_HA_H1	1050	84	T	1	0	84	36.6785714285714
A_HA_H1	1051	84	G	1	0	84	36.8928571428571
A_HA_H1	1052	84	C	1	0	84	36.7142857142857
A_HA_H1	1053	84	T	1	0	84	36.4047619047619
A_HA_H1	1054	84	G	1	0	84	35.1428571428571
A_HA_H1	1055	84	G	1	0	84	36.25
A_HA_H1	1056	84	C	1	0	84	35.5357142857143
A_HA_H1	1057	84	T	1	0	84	35.2023809523809
A_HA_H1	1058	84	T	1	0	84	36.3690476190476
A_HA_H1	1059	84	C	1	0	84	37.9285714285714
A_HA_H1	1060	84	A	1	0	84	38.8928571428571
A_HA_H1	1061	84	T	1	0	84	38.1428571428571
A_HA_H1	1062	84	C	1	0	84	36.4761904761905
A_HA_H1	1063	84	G	1	0	82	34.9390243902439
A_HA_H1	1064	83	A	2	0	82	36.5731707317073
A_HA_H1	1065	84	A	1	0	84	37.3571428571429
A_HA_H1	1066	83	G	2	0	83	36.7590361445783
A_HA_H1	1067	84	G	2	0	84	37.4404761904762
A_HA_H1	1068	84	G	2	0	84	37.1190476190476
A_HA_H1	1069	85	G	1	0	85	36.8588235294118
A_HA_H1	1070	85	G	1	0	85	37.2823529411765
A_HA_H1	1071	85	G	1	0	85	37.5411764705882
A_HA_H1	1072	80	T	6	0	79	37.9493670886076
A_HA_H1	1073	79	G	7	0	78	37.3846153846154
A_HA_H1	1074	80	G	6	0	78	36.7564102564103
A_HA_H1	1075	80	A	6	0	80	37.15
A_HA_H1	1076	105	C	6	0	104	38.2211538461538
A_HA_H1	1077	110	A	3	0	110	35.9
A_HA_H1	1078	111	G	3	0	111	35.7567567567568
A_HA_H1	1079	112	G	3	0	109	35.2752293577982
A_HA_H1	1080	113	G	3	0	113	35.9646017699115
A_HA_H1	1081	113	A	3	0	112	35.6428571428571
A_HA_H1	1082	110	T	6	0	109	37.0550458715596
A_HA_H1	1083	111	G	6	0	111	37.7387387387387
A_HA_H1	1084	111	G	6	0	111	38.0810810810811
A_HA_H1	1085	111	T	6	0	109	39.2844036697248
A_HA_H1	1086	111	A	6	0	111	39.2882882882883
A_HA_H1	1087	111	G	6	0	111	38.9369369369369
A_HA_H1	1088	111	A	6	0	110	39.1272727272727
A_HA_H1	1089	111	T	6	0	111	39.1441441441441
A_HA_H1	1090	110	G	7	0	110	39.5727272727273
A_HA_H1	1091	111	G	6	0	111	38.8108108108108
A_HA_H1	1092	111	A	6	0	111	39.3063063063063
A_HA_H1	1093	111	T	6	0	110	39.3727272727273
A_HA_H1	1094	110	G	7	0	109	39.2477064220183
A_HA_H1	1095	111	G	6	0	110	39.7090909090909
A_HA_H1	1096	111	T	6	0	109	39.9449541284404
A_HA_H1	1097	111	A	6	0	111	40.027027027027
A_HA_H1	1098	111	C	6	0	111	40.8738738738739
A_HA_H1	1099	111	G	6	0	111	39.2342342342342
A_HA_H1	1100	111	G	6	0	110	39.4090909090909
A_HA_H1	1101	111	T	6	0	110	39.1
A_HA_H1	1102	111	T	6	0	111	38.963963963964
A_HA_H1	1103	111	A	6	0	111	38.981981981982
A_HA_H1	1104	112	T	5	0	111	38.6396396396396
A_HA_H1	1105	112	C	5	0	112	38.5
A_HA_H1	1106	112	A	5	0	112	37.7946428571429
A_HA_H1	1107	112	C	5	0	112	38.5178571428571
A_HA_H1	1108	112	C	5	0	112	37.6428571428571
A_HA_H1	1109	114	A	3	0	111	39.9369369369369
A_HA_H1	1110	114	T	3	0	112	38.5
A_HA_H1	1111	114	C	3	0	114	38.0175438596491
A_HA_H1	1112	113	A	5	0	113	38.0530973451327
A_HA_H1	1113	115	A	3	0	115	38.0260869565217
A_HA_H1	1114	115	A	3	0	115	38.6869565217391
A_HA_H1	1115	113	A	5	0	113	38.9734513274336
A_HA_H1	1116	113	T	5	0	111	39.1891891891892
A_HA_H1	1117	122	G	2	0	117	38.4444444444444
A_HA_H1	1118	1150	A	0	0	1150	37.9913043478261
A_HA_H1	1119	1156	G	0	0	1156	36.9852941176471
A_HA_H1	1120	1171	C	0	0	1171	36.7514944491887
A_HA_H1	1121	1179	A	0	0	1177	35.6355140186916
A_HA_H1	1122	1189	G	0	0	1186	34.5168634064081
A_HA_H1	1123	1202	G	0	0	1201	34.7019150707744
A_HA_H1	1124	1204	G	0	0	1203	36.4455527847049
A_HA_H1	1125	1205	G	0	0	1202	37.2603993344426
A_HA_H1	1126	1206	T	0	0	1206	37.3988391376451
A_HA_H1	1127	1206	C	0	0	1199	37.3803169307756
A_HA_H1	1128	1210	A	0	0	1207	36.5973487986744
A_HA_H1	1129	1211	G	0	0	1209	37.5268817204301
A_HA_H1	1130	1213	G	0	0	1213	37.5713107996702
A_HA_H1	1131	1213	A	1	0	1210	38.1752066115702
A_HA_H1	1132	1213	T	3	0	1208	40.0612582781457
A_HA_H1	1133	1217	A	1	0	1214	39.6746293245469
A_HA_H1	1134	1216	T	2	0	1215	40.0156378600823
A_HA_H1	1135	1216	G	2	0	1216	39.3675986842105
A_HA_H1	1136	1215	C	4	0	1214	39.7364085667216
A_HA_H1	1137	1217	A	2	0	1212	38.707095709571
A_HA_H1	1138	1218	G	1	0	1215	39.041975308642
A_HA_H1	1139	1218	C	1	0	1216	39.9564144736842
A_HA_H1	1140	1218	C	1	0	1214	40.169686985173
A_HA_H1	1141	1216	G	4	0	1187	37.1044650379107
A_HA_H1	1142	1221	A	1	0	1220	35.6049180327869
A_HA_H1	1143	1220	T	2	0	1218	36.0065681444992
A_HA_H1	1144	1216	C	7	0	1205	34.9593360995851
A_HA_H1	1145	1223	T	1	0	1219	34.6710418375718
A_HA_H1	1146	1223	G	1	0	1218	36.0615763546798
A_HA_H1	1147	1221	A	3	0	1219	37.253486464315
A_HA_H1	1148	1224	A	0	0	1219	38.2526661197703
A_HA_H1	1149	1223	G	1	0	1210	40.0090909090909
A_HA_H1	1150	1223	A	1	0	1218	41.0821018062397
A_HA_H1	1151	1222	G	2	0	1218	40.7709359605911
A_HA_H1	1152	1217	C	7	0	1214	40.4126853377265
A_HA_H1	1153	1219	A	6	0	1214	40.1515650741351
A_HA_H1	1154	1225	C	0	0	1220	40.6631147540984
A_HA_H1	1155	1225	A	0	0	1225	40.5485714285714
A_HA_H1	1156	1224	C	1	0	1223	40.4325429272281
A_HA_H1	1157	1221	A	4	0	1218	40.0328407224959
A_HA_H1	1158	1225	A	0	0	1225	41.6269387755102
A_HA_H1	1159	1225	A	0	0	1224	41.8823529411765
A_HA_H1	1160	1225	A	0	0	1221	42.2440622440622
A_HA_H1	1161	1225	T	0	0	1225	41.4865306122449
A_HA_H1	1162	1226	G	0	0	1225	41.8065306122449
A_HA_H1	1163	1227	C	0	0	1226	42.4453507340946
A_HA_H1	1164	1226	C	1	0	1223	41.0883074407195
A_HA_H1	1165	1227	A	1	0	1225	41.3624489795918
A_HA_H1	1166	1228	T	0	0	1227	41.2632436837816
A_HA_H1	1167	1228	T	0	0	1227	41.6145069274654
A_HA_H1	1168	1228	G	0	0	1225	41.1289795918367
A_HA_H1	1169	1228	A	0	0	1228	41.2141693811075
A_HA_H1	1170	1228	T	0	0	1222	41.7242225859247
A_HA_H1	1171	1227	A	1	0	1226	41.0016313213703
A_HA_H1	1172	1228	A	0	0	1225	41.770612244898
A_HA_H1	1173	1228	G	0	0	1221	41.1752661752662
A_HA_H1	1174	1228	A	0	0	1225	41.5240816326531
A_HA_H1	1175	1228	T	0	0	1225	42.5338775510204
A_HA_H1	1176	1228	T	0	0	1227	42.3039934800326
A_HA_H1	1177	1227	A	2	0	1226	40.5057096247961
A_HA_H1	1178	1226	C	3	0	1226	41.0456769983687
A_HA_H1	1179	1228	C	1	0	1224	40.9926470588235
A_HA_H1	1180	1229	A	0	0	1229	41.0919446704638
A_HA_H1	1181	1229	A	0	0	1228	40.9552117263844
A_HA_H1	1182	1228	C	1	0	1226	41.5644371941272
A_HA_H1	1183	1226	A	3	0	1225	41.2816326530612
A_HA_H1	1184	1230	A	1	0	1229	41.5768917819365
A_HA_H1	1185	1230	A	1	0	1230	41.3081300813008
A_HA_H1	1186	1230	G	1	0	1223	40.1259198691742
A_HA_H1	1187	1230	T	1	0	1228	40.5285016286645
A_HA_H1	1188	1227	A	4	0	1226	39.3727569331158
A_HA_H1	1189	1231	A	0	0	1229	39.8437754271766
A_HA_H1	1190	1229	A	2	0	1227	39.9502852485738
A_HA_H1	1191	1228	T	3	0	1225	39.9673469387755
A_HA_H1	1192	1229	T	2	0	1228	40.078990228013
A_HA_H1	1193	1229	C	2	0	1223	40.0842191332788
A_HA_H1	1194	1228	T	3	0	1226	40.7675367047308
A_HA_H1	1195	1228	G	3	0	1222	38.810147299509
A_HA_H1	1196	1226	T	6	0	1224	39.6732026143791
A_HA_H1	1197	1229	T	3	0	1228	38.7776872964169
A_HA_H1	1198	1229	A	4	0	1229	37.3091944670464
A_HA_H1	1199	1232	T	1	0	1232	37.5186688311688
A_HA_H1	1200	1233	T	0	0	1231	39.2997562956946
A_HA_H1	1201	1233	G	0	0	1232	38.5584415584416
A_HA_H1	1202	1227	A	6	0	1226	38.9004893964111
A_HA_H1	1203	1231	A	2	0	1231	39.8562144597888
A_HA_H1	1204	1232	A	1	0	1231	40.6831844029245
A_HA_H1	1205	1233	A	0	0	1224	41.2050653594771
A_HA_H1	1206	1232	G	1	0	1224	41.8700980392157
A_HA_H1	1207	1232	A	1	0	1228	41.5545602605863
A_HA_H1	1208	1232	T	1	0	1230	41.5544715447154
A_HA_H1	1209	1231	G	2	0	1227	39.5403422982885
A_HA_H1	1210	1231	A	2	0	1225	40.090612244898
A_HA_H1	1211	1232	A	2	0	1226	40.0921696574225
A_HA_H1	1212	1232	T	2	0	1230	40.460162601626
A_HA_H1	1213	1232	A	2	0	1232	40.4188311688312
A_HA_H1	1214	1233	C	1	0	1232	41.0267857142857
A_HA_H1	1215	1233	A	1	0	1233	41.0981346309813
A_HA_H1	1216	1233	C	1	0	1233	40.2522303325223
A_HA_H1	1217	1233	A	1	0	1232	39.3303571428571
A_HA_H1	1218	1233	G	1	0	1231	39.8497156783103
A_HA_H1	1219	1234	T	0	0	1230	40.9089430894309
A_HA_H1	1220	1234	T	0	0	1234	41.469205834684
A_HA_H1	1221	1233	C	1	0	1233	40.5596107055961
A_HA_H1	1222	1234	A	0	0	1232	39.9423701298701
A_HA_H1	1223	1232	C	2	0	1232	40.7435064935065
A_HA_H1	1224	1233	A	1	0	1229	40.2961757526444
A_HA_H1	1225	1233	G	1	0	1233	40.1978913219789
A_HA_H1	1226	1233	C	1	0	1231	40.3054427294882
A_HA_H1	1227	1232	A	2	0	1232	40.1371753246753
A_HA_H1	1228	1232	G	2	0	1232	40.1826298701299
A_HA_H1	1229	1234	T	0	0	1231	40.7026807473599
A_HA_H1	1230	1234	T	0	0	1232	40.7394480519481
A_HA_H1	1231	1234	G	0	0	1232	41.1558441558442
A_HA_H1	1232	1232	G	2	0	1231	41.9423233143786
A_HA_H1	1233	1232	T	3	0	1230	42.2975609756098
A_HA_H1	1234	1219	A	16	0	1218	41.1822660098522
A_HA_H1	1235	1233	A	2	0	1227	41.5036674816626
A_HA_H1	1236	1235	A	0	0	1233	41.9197080291971
A_HA_H1	1237	1234	G	1	0	1228	40.9242671009772
A_HA_H1	1238	1234	A	1	0	1225	39.4220408163265
A_HA_H1	1239	1232	G	3	0	1207	37.5691797845899
A_HA_H1	1240	1215	T	20	0	1189	36.6543313708999
A_HA_H1	1241	1231	T	4	0	1220	34.4450819672131
A_HA_H1	1242	1230	C	5	0	1178	33.1392190152801
A_HA_H1	1243	1234	A	1	0	1226	32.3238172920065
A_HA_H1	1244	1235	A	1	0	1229	32.806346623271
A_HA_H1	1245	1235	C	1	0	1232	34.0974025974026
A_HA_H1	1246	1236	C	0	0	1225	35.0661224489796
A_HA_H1	1247	1235	A	1	0	1229	37.8478437754272
A_HA_H1	1248	1236	C	1	0	1234	38.1207455429498
A_HA_H1	1249	1236	C	1	0	1234	37.9473257698541
A_HA_H1	1250	1235	T	2	0	1233	38.3779399837794
A_HA_H1	1251	1237	T	0	0	1234	38.4286871961102
A_HA_H1	1252	1235	G	2	0	1231	37.7327376116978
A_HA_H1	1253	1205	A	32	0	1202	36.914309484193
A_HA_H1	1254	1222	A	15	0	1220	36.2852459016393
A_HA_H1	1255	1224	A	13	0	1221	38.017199017199
A_HA_H1	1256	1234	A	3	0	1234	38.1904376012966
A_HA_H1	1257	1233	A	3	0	1232	40.9983766233766
A_HA_H1	1258	1229	A	7	0	1226	40.4836867862969
A_HA_H1	1259	1227	G	8	0	1217	39.63270336894
A_HA_H1	1260	1234	A	1	0	1233	35.7745336577453
A_HA_H1	1261	1234	A	1	0	1234	35.8938411669368
A_HA_H1	1262	1234	T	1	0	1233	35.7607461476075
A_HA_H1	1263	1227	A	8	0	1223	36.1692559280458
A_HA_H1	1264	1229	G	6	0	1224	38.6911764705882
A_HA_H1	1265	1232	A	4	0	1228	39.1555374592834
A_HA_H1	1266	1232	G	4	0	1230	38.6926829268293
A_HA_H1	1267	1232	A	4	0	1232	39.6737012987013
A_HA_H1	1268	1235	A	1	0	1231	40.2323314378554
A_HA_H1	1269	1235	T	1	0	1234	40.7147487844408
A_HA_H1	1270	1233	C	3	0	1228	40.3029315960912
A_HA_H1	1271	1236	T	0	0	1231	41.2599512591389
A_HA_H1	1272	1236	A	0	0	1231	40.2160844841592
A_HA_H1	1273	1236	A	0	0	1236	41.0978964401295
A_HA_H1	1274	1236	A	0	0	1235	40.6291497975708
A_HA_H1	1275	1236	T	0	0	1235	40.5854251012146
A_HA_H1	1276	1234	A	2	0	1232	38.538961038961
A_HA_H1	1277	1236	A	0	0	1236	38.4045307443366
A_HA_H1	1278	1236	A	0	0	1234	38.2617504051864
A_HA_H1	1279	1236	A	0	0	1234	39.435170178282
A_HA_H1	1280	1236	A	0	0	1235	40.9546558704453
A_HA_H1	1281	1235	G	0	0	1235	41.5514170040486
A_HA_H1	1282	1234	G	0	0	1233	41.1630170316302
A_HA_H1	1283	1233	T	1	0	1229	40.9349064279902
A_HA_H1	1284	1233	T	1	0	1231	40.289195775792
A_HA_H1	1285	1232	G	2	0	1230	40.1471544715447
A_HA_H1	1286	1232	A	2	0	1232	40.2459415584416
A_HA_H1	1287	1234	T	0	0	1233	40.2392538523925
A_HA_H1	1288	1234	G	0	0	1231	39.8294069861901
A_HA_H1	1289	1233	A	1	0	1232	39.2694805194805
A_HA_H1	1290	1232	T	2	0	1229	39.3816110659072
A_HA_H1	1291	1232	G	2	0	1229	39.0040683482506
A_HA_H1	1292	1233	G	1	0	1227	38.8777506112469
A_HA_H1	1293	1233	T	1	0	1227	38.9013854930725
A_HA_H1	1294	1234	T	0	0	1234	39.4740680713128
A_HA_H1	1295	1233	T	1	0	1232	39.7086038961039
A_HA_H1	1296	1230	C	4	0	1227	37.9486552567237
A_HA_H1	1297	1229	C	5	0	1228	38.4991856677524
A_HA_H1	1298	1228	T	6	0	1226	39.6500815660685
A_HA_H1	1299	1229	G	5	0	1225	38.1820408163265
A_HA_H1	1300	1234	G	0	0	1227	38.5484922575387
A_HA_H1	1301	1234	A	0	0	1233	38.5320356853204
A_HA_H1	1302	1233	C	1	0	1219	38.312551271534
A_HA_H1	1303	1232	G	2	0	1223	37.0940310711365
A_HA_H1	1304	1232	T	2	0	1229	37.8258746948739
A_HA_H1	1305	1233	T	1	0	1230	38.4024390243902
A_HA_H1	1306	1232	T	2	0	1231	39.7912266450041
A_HA_H1	1307	1229	G	5	0	1224	40.1437908496732
A_HA_H1	1308	1230	G	4	0	1223	41.2248569092396
A_HA_H1	1309	1233	A	1	0	1230	41.3780487804878
A_HA_H1	1310	1232	C	2	0	1221	40.8468468468468
A_HA_H1	1311	1227	T	7	0	1221	40.6683046683047
A_HA_H1	1312	1234	T	0	0	1232	40.1899350649351
A_HA_H1	1313	1233	A	1	0	1230	39.2975609756098
A_HA_H1	1314	1233	C	1	0	1229	38.9178193653377
A_HA_H1	1315	1234	A	0	0	1232	38.5925324675325
A_HA_H1	1316	1234	A	0	0	1233	39.5093268450933
A_HA_H1	1317	1234	T	0	0	1231	39.7514216084484
A_HA_H1	1318	1234	G	0	0	1227	39.7408312958435
A_HA_H1	1319	1230	C	4	0	1227	40.680521597392
A_HA_H1	1320	1234	C	0	0	1231	40.0438667749797
A_HA_H1	1321	1229	G	5	0	1216	38.4605263157895
A_HA_H1	1322	1234	A	0	0	1233	37.6682887266829
A_HA_H1	1323	1234	A	0	0	1229	37.7225386493084
A_HA_H1	1324	1234	C	0	0	1234	38.1758508914101
A_HA_H1	1325	1233	T	1	0	1230	38.9682926829268
A_HA_H1	1326	1234	G	0	0	1233	41.2806163828062
A_HA_H1	1327	1233	C	1	0	1232	41.6915584415584
A_HA_H1	1328	1234	T	0	0	1230	41.7983739837398
A_HA_H1	1329	1233	G	1	0	1230	41.7325203252033
A_HA_H1	1330	1234	G	0	0	1232	41.7792207792208
A_HA_H1	1331	1234	T	0	0	1228	41.9047231270358
A_HA_H1	1332	1234	T	0	0	1232	42.1412337662338
A_HA_H1	1333	1231	C	3	0	1224	41.5171568627451
A_HA_H1	1334	1234	T	1	0	1230	41.5447154471545
A_HA_H1	1335	1234	A	1	0	1230	40.550406504065
A_HA_H1	1336	1234	C	1	0	1231	40.1364744110479
A_HA_H1	1337	1234	T	1	0	1232	40.1599025974026
A_HA_H1	1338	1232	G	3	0	1229	40.4759967453214
A_HA_H1	1339	1236	G	0	0	1232	40.1452922077922
A_HA_H1	1340	1226	A	10	0	1217	40.3746918652424
A_HA_H1	1341	1235	A	1	0	1235	42.0291497975709
A_HA_H1	1342	1236	A	0	0	1235	42.6161943319838
A_HA_H1	1343	1236	A	1	0	1234	42.0729335494327
A_HA_H1	1344	1236	C	1	0	1235	40.9967611336032
A_HA_H1	1345	1219	G	18	0	1199	37.7639699749791
A_HA_H1	1346	1235	A	3	0	1233	36.6042173560422
A_HA_H1	1347	1238	A	0	0	1238	36.9474959612278
A_HA_H1	1348	1237	A	1	0	1234	36.8249594813614
A_HA_H1	1349	1234	G	4	0	1227	36.6894865525672
A_HA_H1	1350	1235	A	4	0	1233	38.6804541768045
A_HA_H1	1351	1238	A	1	0	1235	38.4785425101215
A_HA_H1	1352	1239	C	1	0	1229	36.7323026851098
A_HA_H1	1353	1234	T	5	0	1230	34.4186991869919
A_HA_H1	1354	1237	T	2	0	1236	35.5833333333333
A_HA_H1	1355	1234	T	5	0	1232	35.3952922077922
A_HA_H1	1356	1231	G	8	0	1228	34.0749185667752
A_HA_H1	1357	1237	G	2	0	1234	36.9789303079417
A_HA_H1	1358	1237	A	2	0	1235	38.9570850202429
A_HA_H1	1359	1236	C	3	0	1234	38.9376012965964
A_HA_H1	1360	1238	T	1	0	1234	38.6993517017828
A_HA_H1	1361	1238	A	1	0	1237	38.9579628132579
A_HA_H1	1362	1238	T	1	0	1236	39.1836569579288
A_HA_H1	1363	1237	C	2	0	1235	38.9927125506073
A_HA_H1	1364	1241	A	0	0	1238	40.2124394184168
A_HA_H1	1365	1241	T	0	0	1240	40.7379032258064
A_HA_H1	1366	1241	G	0	0	1236	40.2669902912621
A_HA_H1	1367	1242	A	0	0	1242	40.6159420289855
A_HA_H1	1368	1242	T	0	0	1240	41.6008064516129
A_HA_H1	1369	1242	T	0	0	1242	41.6634460547504
A_HA_H1	1370	1242	C	0	0	1237	41.6936135812449
A_HA_H1	1371	1242	A	0	0	1240	42.4072580645161
A_HA_H1	1372	1242	A	0	0	1240	41.9677419354839
A_HA_H1	1373	1242	A	0	0	1240	42.2427419354839
A_HA_H1	1374	1242	T	0	0	1239	41.4406779661017
A_HA_H1	1375	1240	G	0	0	1239	41.7417271993543
A_HA_H1	1376	1239	T	1	0	1236	42.2977346278317
A_HA_H1	1377	1236	G	4	0	1232	40.4521103896104
A_HA_H1	1378	1237	A	3	0	1235	40.8631578947368
A_HA_H1	1379	1236	A	4	0	1232	40.5673701298701
A_HA_H1	1380	1237	G	3	0	1233	40.0089213300892
A_HA_H1	1381	1240	A	0	0	1240	40.1338709677419
A_HA_H1	1382	1240	A	0	0	1235	40.4315789473684
A_HA_H1	1383	1239	C	1	0	1236	40.2653721682848
A_HA_H1	1384	1234	T	6	0	1232	40.8035714285714
A_HA_H1	1385	1238	T	2	0	1238	41.0064620355412
A_HA_H1	1386	1238	G	2	0	1228	39.8135179153094
A_HA_H1	1387	1237	T	3	0	1234	39.9019448946515
A_HA_H1	1388	1237	A	3	0	1237	39.5060630557801
A_HA_H1	1389	1236	T	4	0	1236	39.1108414239482
A_HA_H1	1390	1234	G	6	0	1234	38.1094003241491
A_HA_H1	1391	1201	A	39	0	1199	38.9699749791493
A_HA_H1	1392	1231	A	9	0	1230	39.7016260162602
A_HA_H1	1393	1232	A	8	0	1231	39.6360682372055
A_HA_H1	1394	1231	A	9	0	1228	40.1091205211726
A_HA_H1	1395	1228	A	12	0	1224	40.0343137254902
A_HA_H1	1396	1228	G	12	0	1221	39.2571662571663
A_HA_H1	1397	1232	T	7	0	1218	39.3916256157635
A_HA_H1	1398	1231	A	9	0	1229	37.146460537022
A_HA_H1	1399	1233	A	7	0	1230	38.0707317073171
A_HA_H1	1400	1234	G	6	0	1226	38.4812398042414
A_HA_H1	1401	1239	A	1	0	1232	39.3027597402597
A_HA_H1	1402	1239	A	1	0	1235	40.6939271255061
A_HA_H1	1403	1239	A	1	0	1238	41.1962843295638
A_HA_H1	1404	1239	C	1	0	1233	40.4468775344688
A_HA_H1	1405	1238	C	3	0	1226	40.7487765089723
A_HA_H1	1406	1239	A	2	0	1237	40.5133387227162
A_HA_H1	1407	1238	G	3	0	1238	39.4571890145396
A_HA_H1	1408	1239	T	2	0	1236	40.6027508090615
A_HA_H1	1409	1240	T	1	0	1238	40.1946688206785
A_HA_H1	1410	1227	A	14	0	1225	38.3648979591837
A_HA_H1	1411	1239	A	2	0	1238	38.7471728594507
A_HA_H1	1412	1239	A	2	0	1239	40.4334140435835
A_HA_H1	1413	1239	A	1	0	1238	41.4911147011309
A_HA_H1	1414	1239	A	1	0	1238	44.0411954765751
A_HA_H1	1415	1239	A	1	0	1237	43.5270816491512
A_HA_H1	1416	1238	C	2	0	1237	42.6337914308812
A_HA_H1	1417	1238	A	2	0	1236	41.8899676375405
A_HA_H1	1418	1238	A	2	0	1237	41.6968472109943
A_HA_H1	1419	1238	T	2	0	1237	42.0703314470493
A_HA_H1	1420	1239	G	1	0	1239	39.9644874899112
A_HA_H1	1421	1237	C	3	0	1236	39.836569579288
A_HA_H1	1422	1238	T	2	0	1234	40.2139384116694
A_HA_H1	1423	1234	A	6	0	1229	39.046379170057
A_HA_H1	1424	1239	A	1	0	1236	39.7038834951456
A_HA_H1	1425	1238	G	2	0	1233	40.0746147607462
A_HA_H1	1426	1239	G	1	0	1238	40.9483037156704
A_HA_H1	1427	1239	A	1	0	1238	41.4991922455574
A_HA_H1	1428	1239	A	1	0	1237	41.7477768795473
A_HA_H1	1429	1240	G	1	0	1239	40.7659402744149
A_HA_H1	1430	1240	T	1	0	1237	41.3055780113177
A_HA_H1	1431	1240	T	1	0	1237	40.4947453516572
A_HA_H1	1432	1237	G	4	0	1235	39.8105263157895
A_HA_H1	1433	1239	G	2	0	1237	39.6111560226354
A_HA_H1	1434	1237	A	4	0	1237	39.9037995149555
A_HA_H1	1435	1240	A	1	0	1239	41.225988700565
A_HA_H1	1436	1240	A	1	0	1237	41.3815683104285
A_HA_H1	1437	1235	C	5	0	1229	39.8909682668836
A_HA_H1	1438	1235	G	5	0	1218	37.5968801313629
A_HA_H1	1439	1236	G	4	0	1231	37.9731925264013
A_HA_H1	1440	1236	C	4	0	1233	36.4282238442822
A_HA_H1	1441	1236	T	4	0	1233	37.1192214111922
A_HA_H1	1442	1230	G	10	0	1220	37.8311475409836
A_HA_H1	1443	1236	C	5	0	1231	38.4248578391552
A_HA_H1	1444	1225	T	16	0	1224	37.8104575163399
A_HA_H1	1445	1237	T	4	0	1236	37.8673139158576
A_HA_H1	1446	1241	T	0	0	1233	36.2076236820762
A_HA_H1	1447	1240	G	1	0	1236	32.289644012945
A_HA_H1	1448	1239	A	2	0	1239	35.5383373688458
A_HA_H1	1449	1241	A	0	0	1239	37.0338983050847
A_HA_H1	1450	1240	T	1	0	1237	36.8698464025869
A_HA_H1	1451	1238	T	3	0	1236	38.1116504854369
A_HA_H1	1452	1237	T	4	0	1236	40.9012944983819
A_HA_H1	1453	1237	T	4	0	1235	39.7643724696356
A_HA_H1	1454	1234	A	7	0	1232	37.4383116883117
A_HA_H1	1455	1236	C	5	0	1234	38.6256077795786
A_HA_H1	1456	1234	C	7	0	1230	38.1609756097561
A_HA_H1	1457	1239	A	2	0	1238	37.6680129240711
A_HA_H1	1458	1238	C	3	0	1237	37.9183508488278
A_HA_H1	1459	1241	A	0	0	1237	37.8876313662086
A_HA_H1	1460	1241	A	0	0	1241	38.7026591458501
A_HA_H1	1461	1240	A	1	0	1239	39.7481840193705
A_HA_H1	1462	1240	T	1	0	1239	40.4850686037127
A_HA_H1	1463	1240	G	1	0	1239	40.771589991929
A_HA_H1	1464	1240	C	1	0	1235	39.3133603238866
A_HA_H1	1465	1240	G	0	0	1239	38.1412429378531
A_HA_H1	1466	1238	A	2	0	1234	37.9327390599676
A_HA_H1	1467	1238	C	2	0	1237	37.53354890865
A_HA_H1	1468	1238	A	2	0	1237	37.1794664510914
A_HA_H1	1469	1240	A	1	0	1239	38.7586763518967
A_HA_H1	1470	1241	C	0	0	1239	40.3357546408394
A_HA_H1	1471	1241	A	0	0	1237	39.5723524656427
A_HA_H1	1472	1240	C	0	0	1240	39.9475806451613
A_HA_H1	1473	1240	A	0	0	1239	39.818401937046
A_HA_H1	1474	1241	T	0	0	1240	39.9411290322581
A_HA_H1	1475	1241	G	0	0	1241	39.2908944399678
A_HA_H1	1476	1240	C	0	0	1237	39.8464025869038
A_HA_H1	1477	1240	A	0	0	1239	39.5367231638418
A_HA_H1	1478	1240	T	0	0	1239	39.6214689265537
A_HA_H1	1479	1240	G	0	0	1239	38.683615819209
A_HA_H1	1480	1240	G	0	0	1238	39.2366720516963
A_HA_H1	1481	1239	A	2	0	1238	39.68901453958
A_HA_H1	1482	1241	A	0	0	1241	40.5721192586624
A_HA_H1	1483	1241	A	0	0	1239	41.6513317191283
A_HA_H1	1484	1240	G	1	0	1239	40.6658595641646
A_HA_H1	1485	1241	T	0	0	1239	40.6626311541566
A_HA_H1	1486	1241	G	0	0	1240	40.6927419354839
A_HA_H1	1487	1241	T	0	0	1237	40.5472918350849
A_HA_H1	1488	1240	C	1	0	1236	38.1189320388349
A_HA_H1	1489	1241	A	0	0	1240	38.6733870967742
A_HA_H1	1490	1240	A	1	0	1240	38.7798387096774
A_HA_H1	1491	1240	G	1	0	1228	39.2874592833876
A_HA_H1	1492	1243	A	0	0	1236	39.2022653721683
A_HA_H1	1493	1241	A	2	0	1239	39.5811138014528
A_HA_H1	1494	1241	T	2	0	1238	40.032310177706
A_HA_H1	1495	1235	G	8	0	1231	38.604386677498
A_HA_H1	1496	1242	G	1	0	1242	40.1070853462158
A_HA_H1	1497	1242	G	1	0	1234	39.4132901134522
A_HA_H1	1498	1243	A	0	0	1237	39.3330638641876
A_HA_H1	1499	1243	C	0	0	1238	38.2738287560582
A_HA_H1	1500	1239	T	4	0	1229	38.319772172498
A_HA_H1	1501	1243	T	0	0	1239	38.8878127522195
A_HA_H1	1502	1241	A	2	0	1240	39.5838709677419
A_HA_H1	1503	1240	T	3	0	1235	40.4995951417004
A_HA_H1	1504	1238	G	5	0	1231	40.3354995938262
A_HA_H1	1505	1240	A	3	0	1239	40.4915254237288
A_HA_H1	1506	1241	C	2	0	1238	38.6599353796446
A_HA_H1	1507	1242	T	1	0	1236	38.3244336569579
A_HA_H1	1508	1243	A	0	0	1240	36.8629032258064
A_HA_H1	1509	1240	C	3	0	1239	37.5415657788539
A_HA_H1	1510	1242	C	1	0	1242	37.1908212560386
A_HA_H1	1511	1242	C	1	0	1240	37.3548387096774
A_HA_H1	1512	1237	A	6	0	1235	35.2931174089069
A_HA_H1	1513	1242	A	2	0	1240	37.6725806451613
A_HA_H1	1514	1242	A	2	0	1241	39.7115229653505
A_HA_H1	1515	1242	A	2	0	1240	40.3701612903226
A_HA_H1	1516	1242	T	2	0	1239	41.2582728006457
A_HA_H1	1517	1242	A	2	0	1237	40.7259498787389
A_HA_H1	1518	1241	C	3	0	1236	39.7653721682848
A_HA_H1	1519	1242	T	2	0	1238	39.5064620355412
A_HA_H1	1520	1240	C	5	0	1230	37.0577235772358
A_HA_H1	1521	1234	A	11	0	1231	37.0227457351747
A_HA_H1	1522	1236	G	9	0	1231	36.7286758732738
A_HA_H1	1523	1245	A	0	0	1243	38.3700724054706
A_HA_H1	1524	1243	G	2	0	1240	38.1653225806452
A_HA_H1	1525	1244	G	1	0	1241	37.7719580983078
A_HA_H1	1526	1245	A	0	0	1243	38.0048270313757
A_HA_H1	1527	1246	A	0	0	1241	38.2506043513296
A_HA_H1	1528	1245	G	1	0	1243	37.9300080450523
A_HA_H1	1529	1243	C	4	0	1236	37.6755663430421
A_HA_H1	1530	1245	A	2	0	1241	36.8243352135375
A_HA_H1	1531	1245	A	2	0	1244	37.5667202572347
A_HA_H1	1532	1245	A	2	0	1243	38.6339501206758
A_HA_H1	1533	1247	G	0	0	1241	39.3295729250604
A_HA_H1	1534	1245	T	2	0	1243	39.4513274336283
A_HA_H1	1535	1244	T	3	0	1238	40.0686591276252
A_HA_H1	1536	1235	A	11	0	1229	38.9829129373474
A_HA_H1	1537	1240	A	6	0	1237	38.7995149555376
A_HA_H1	1538	1243	A	3	0	1242	39.6996779388084
A_HA_H1	1539	1241	C	4	0	1237	39.3104284559418
A_HA_H1	1540	1228	A	17	0	1227	38.1540342298289
A_HA_H1	1541	1234	G	12	0	1226	37.184339314845
A_HA_H1	1542	1240	A	6	0	1240	36.6653225806452
A_HA_H1	1543	1244	G	2	0	1242	35.64653784219
A_HA_H1	1544	1225	A	21	0	1220	35.7147540983607
A_HA_H1	1545	1244	A	2	0	1243	36.3322606596943
A_HA_H1	1546	1245	A	1	0	1244	37.7274919614148
A_HA_H1	1547	1232	A	14	0	1228	39.9104234527687
A_HA_H1	1548	1230	A	15	0	1229	42.3051261187958
A_HA_H1	1549	1229	A	16	0	1229	41.6444263628967
A_HA_H1	1550	1229	T	16	0	1229	40.513425549227
A_HA_H1	1551	1244	A	1	0	1239	37.6553672316384
A_HA_H1	1552	1244	G	1	0	1241	37.1063658340048
A_HA_H1	1553	1244	A	1	0	1241	36.8388396454472
A_HA_H1	1554	1244	T	1	0	1241	37.0604351329573
A_HA_H1	1555	1241	G	5	0	1237	36.6370250606306
A_HA_H1	1556	1245	G	2	0	1243	37.3153660498793
A_HA_H1	1557	1246	A	2	0	1244	38.024115755627
A_HA_H1	1558	1246	G	2	0	1239	38.1186440677966
A_HA_H1	1559	1245	T	3	0	1240	38.0225806451613
A_HA_H1	1560	1245	A	3	0	1242	36.9677938808374
A_HA_H1	1561	1246	A	2	0	1244	37.4855305466238
A_HA_H1	1562	1245	A	3	0	1242	37.5289855072464
A_HA_H1	1563	1245	G	3	0	1241	37.9073327961322
A_HA_H1	1564	1246	C	2	0	1240	38.1161290322581
A_HA_H1	1565	1246	T	2	0	1245	39.5084337349398
A_HA_H1	1566	1239	G	9	0	1237	38.6628940986257
A_HA_H1	1567	1246	G	2	0	1239	37.9168684422922
A_HA_H1	1568	1246	A	2	0	1240	37.8145161290323
A_HA_H1	1569	1247	C	1	0	1242	38.7504025764895
A_HA_H1	1570	1244	T	4	0	1239	38.5859564164649
A_HA_H1	1571	1239	C	8	0	1218	38.743842364532
A_HA_H1	1572	1239	A	7	0	1235	39.0267206477733
A_HA_H1	1573	1245	A	1	0	1239	39.0258272800646
A_HA_H1	1574	1245	C	1	0	1236	40.3398058252427
A_HA_H1	1575	1246	A	1	0	1246	40.0064205457464
A_HA_H1	1576	1247	A	0	0	1245	39.5220883534137
A_HA_H1	1577	1247	G	0	0	1244	39.6028938906752
A_HA_H1	1578	1246	G	1	0	1245	38.9285140562249
A_HA_H1	1579	1246	A	1	0	1244	38.3963022508039
A_HA_H1	1580	1246	C	1	0	1243	37.4979887369268
A_HA_H1	1581	1245	T	2	0	1243	37.0402252614642
A_HA_H1	1582	1246	T	1	0	1244	37.6680064308682
A_HA_H1	1583	1246	A	2	0	1242	36.6570048309179
A_HA_H1	1584	1247	C	1	0	1246	36.9285714285714
A_HA_H1	1585	1246	C	2	0	1245	37.5333333333333
A_HA_H1	1586	1242	A	6	0	1242	37.0499194847021
A_HA_H1	1587	1237	G	11	0	1235	35.953036437247
A_HA_H1	1588	1245	A	3	0	1243	35.4537409493162
A_HA_H1	1589	1243	T	5	0	1241	35.4375503626108
A_HA_H1	1590	1244	C	4	0	1242	34.9170692431562
A_HA_H1	1591	1242	C	6	0	1238	35.1308562197092
A_HA_H1	1592	1243	T	5	0	1243	35.461786001609
A_HA_H1	1593	1240	G	8	0	1239	34.9370460048426
A_HA_H1	1594	1243	G	5	0	1243	35.7658889782784
A_HA_H1	1595	1243	C	5	0	1239	36.7401129943503
A_HA_H1	1596	1246	A	2	0	1244	36.4557877813505
A_HA_H1	1597	1247	A	1	0	1245	37.1004016064257
A_HA_H1	1598	1246	T	2	0	1243	38.2839903459372
A_HA_H1	1599	1246	C	2	0	1232	34.9715909090909
A_HA_H1	1600	1247	T	1	0	1245	35.1220883534137
A_HA_H1	1601	1244	A	4	0	1239	34.7949959644875
A_HA_H1	1602	1246	T	2	0	1243	35.0732099758648
A_HA_H1	1603	1245	T	3	0	1241	34.9274778404512
A_HA_H1	1604	1242	C	5	0	1233	35.918896999189
A_HA_H1	1605	1244	A	3	0	1243	36.5663716814159
A_HA_H1	1606	1245	A	2	0	1244	37.8231511254019
A_HA_H1	1607	1245	C	2	0	1241	38.9758259468171
A_HA_H1	1608	1247	T	0	0	1243	39.9436846339501
A_HA_H1	1609	1247	G	0	0	1246	39.6516853932584
A_HA_H1	1610	1247	T	0	0	1244	39.9043408360129
A_HA_H1	1611	1247	T	0	0	1247	40.2325581395349
A_HA_H1	1612	1244	G	3	0	1241	38.7445608380338
A_HA_H1	1613	1244	C	3	0	1243	38.3596138374899
A_HA_H1	1614	1245	C	2	0	1237	37.6661277283751
A_HA_H1	1615	1246	A	1	0	1245	36.5678714859438
A_HA_H1	1616	1245	G	2	0	1245	36.1598393574297
A_HA_H1	1617	1245	T	2	0	1244	37.0225080385852
A_HA_H1	1618	1246	T	1	0	1240	36.991935483871
A_HA_H1	1619	1247	C	0	0	1235	35.9198380566802
A_HA_H1	1620	1247	A	1	0	1235	35.9465587044534
A_HA_H1	1621	1245	T	3	0	1245	36.1726907630522
A_HA_H1	1622	1245	T	2	0	1243	36.5462590506838
A_HA_H1	1623	1241	G	6	0	1240	34.9354838709677
A_HA_H1	1624	1246	G	1	0	1243	35.7304907481899
A_HA_H1	1625	1246	T	1	0	1244	38.5096463022508
A_HA_H1	1626	1245	G	2	0	1241	38.771152296535
A_HA_H1	1627	1241	C	6	0	1236	38.2734627831715
A_HA_H1	1628	1244	T	3	0	1241	38.218372280419
A_HA_H1	1629	1242	G	5	0	1237	38.5860953920776
A_HA_H1	1630	1243	G	5	0	1238	38.0193861066236
A_HA_H1	1631	1234	T	14	0	1209	37.4954507857734
A_HA_H1	1632	1242	A	6	0	1232	36.5081168831169
A_HA_H1	1633	1245	G	3	0	1227	35.8728606356968
A_HA_H1	1634	1234	T	14	0	1215	35.4617283950617
A_HA_H1	1635	1238	C	10	0	1224	34.750816993464
A_HA_H1	1636	1241	T	7	0	1227	35.4849225753871
A_HA_H1	1637	1214	C	34	0	1195	35.8234309623431
A_HA_H1	1638	1246	C	2	0	1245	36.7751004016064
A_HA_H1	1639	1235	C	13	0	1229	36.9389747762408
A_HA_H1	1640	1233	T	15	0	1229	37.2213181448332
A_HA_H1	1641	1144	G	103	0	1136	37.7579225352113
A_HA_H1	1642	1237	G	10	0	1237	38.4211802748585
A_HA_H1	1643	1237	G	10	0	1236	38.4093851132686
A_HA_H1	1644	1240	G	7	0	1238	39.1042003231018
A_HA_H1	1645	1242	G	5	0	1240	39.8395161290323
A_HA_H1	1646	1242	C	5	0	1240	39.1314516129032
A_HA_H1	1647	1243	A	4	0	1240	38.791935483871
A_HA_H1	1648	1246	A	1	0	1244	39.5691318327974
A_HA_H1	1649	1246	T	1	0	1243	40.4239742558327
A_HA_H1	1650	1246	C	1	0	1237	39.2999191592563
A_HA_H1	1651	1248	A	0	0	1243	39.0402252614642
A_HA_H1	1652	1246	G	2	0	1243	39.3845534995978
A_HA_H1	1653	1245	C	3	0	1241	39.5576148267526
A_HA_H1	1654	1245	T	3	0	1243	39.4038616251006
A_HA_H1	1655	1246	T	2	0	1243	40.3660498793242
A_HA_H1	1656	1246	C	2	0	1245	40.3333333333333
A_HA_H1	1657	1246	T	2	0	1246	40.5481540930979
A_HA_H1	1658	1246	G	2	0	1246	39.8154093097913
A_HA_H1	1659	1247	G	1	0	1246	39.6139646869984
A_HA_H1	1660	1248	A	0	0	1248	39.6241987179487
A_HA_H1	1661	1247	T	1	0	1243	40.7184231697506
A_HA_H1	1662	1246	G	2	0	1244	40.3536977491961
A_HA_H1	1663	1245	T	3	0	1241	40.8654311039484
A_HA_H1	1664	1245	G	2	0	1243	40.6025744167337
A_HA_H1	1665	1242	C	4	0	1236	39.7160194174757
A_HA_H1	1666	1245	T	1	0	1241	40.2175664786463
A_HA_H1	1667	1246	C	0	0	1238	39.5831987075929
A_HA_H1	1668	1244	C	2	0	1243	39.6548672566372
A_HA_H1	1669	1243	A	3	0	1240	39.1475806451613
A_HA_H1	1670	1245	A	1	0	1245	39.9012048192771
A_HA_H1	1671	1246	T	1	0	1245	39.6369477911647
A_HA_H1	1672	1246	G	1	0	1239	39.2203389830508
A_HA_H1	1673	1246	G	1	0	1243	39.3724859211585
A_HA_H1	1674	1247	G	0	0	1245	38.6915662650602
A_HA_H1	1675	1230	T	17	0	1226	38.4323001631321
A_HA_H1	1676	1229	C	18	0	1219	38.3872026251025
A_HA_H1	1677	1247	T	0	0	1238	38.2641357027464
A_HA_H1	1678	1237	C	10	0	1229	37.8917819365338
A_HA_H1	1679	1246	T	0	0	1238	37.9806138933764
A_HA_H1	1680	1245	A	1	0	1244	35.7684887459807
A_HA_H1	1681	1244	C	2	0	1243	36.1029766693484
A_HA_H1	1682	1244	A	2	0	1241	35.3585817888799
A_HA_H1	1683	1241	G	4	0	1241	36.9161966156326
A_HA_H1	1684	1241	T	4	0	1240	38.0258064516129
A_HA_H1	1685	1245	G	0	0	1244	38.4863344051447
A_HA_H1	1686	1244	T	1	0	1242	39.1417069243156
A_HA_H1	1687	1240	A	1	0	1236	38.4433656957929
A_HA_H1	1688	1239	G	2	0	1233	38.2043795620438
A_HA_H1	1689	1240	A	1	0	1237	38.4171382376718
A_HA_H1	1690	1240	A	1	0	1239	38.5577078288943
A_HA_H1	1691	1241	T	0	0	1239	39.6432606941082
A_HA_H1	1692	1240	A	0	0	1239	39.2445520581114
A_HA_H1	1693	1240	T	0	0	1238	40.0201938610662
A_HA_H1	1694	1240	G	0	0	1240	39.4370967741935
A_HA_H1	1695	1239	T	0	0	1238	39.4652665589661
A_HA_H1	1696	1239	A	0	0	1238	38.6857835218094
A_HA_H1	1697	1239	T	0	0	1237	37.7413096200485
A_HA_H1	1698	1239	T	0	0	1239	36.5084745762712
A_HA_H1	1699	1237	T	0	0	1237	36.2780921584479
A_HA_H1	1700	1237	A	0	0	1237	35.4907033144705
A_HA_H1	1701	1237	A	0	0	1237	35.626515763945
