Reference_Name	Position	Coverage Depth	Consensus	Deletions	Ambiguous	Consensus_Count	Consensus_Average_Quality
A_NP	1	140	A	0	0	140	38.3928571428571
A_NP	2	140	T	0	0	140	39.4357142857143
A_NP	3	141	G	0	0	141	38.0425531914894
A_NP	4	141	G	0	0	141	38.709219858156
A_NP	5	141	C	0	0	141	38.177304964539
A_NP	6	141	G	0	0	141	36.5886524822695
A_NP	7	141	T	0	0	141	36.5248226950355
A_NP	8	142	C	0	0	142	36.3661971830986
A_NP	9	142	T	0	0	141	36.1631205673759
A_NP	10	143	C	0	0	143	36.1048951048951
A_NP	11	143	A	0	0	143	35.8321678321678
A_NP	12	143	A	0	0	143	35.5454545454545
A_NP	13	143	G	0	0	143	37.965034965035
A_NP	14	143	G	0	0	143	38.6783216783217
A_NP	15	143	C	0	0	143	39.3006993006993
A_NP	16	143	A	0	0	143	39.2937062937063
A_NP	17	143	C	0	0	143	39.2937062937063
A_NP	18	143	C	0	0	143	38.5524475524476
A_NP	19	143	A	0	0	143	38.1748251748252
A_NP	20	143	A	0	0	143	38.1538461538462
A_NP	21	143	A	0	0	143	38.965034965035
A_NP	22	143	C	0	0	142	38.5985915492958
A_NP	23	143	G	0	0	143	35.951048951049
A_NP	24	143	A	0	0	143	36.1748251748252
A_NP	25	143	T	0	0	143	36.2517482517483
A_NP	26	143	C	0	0	143	36.2587412587413
A_NP	27	143	A	0	0	143	37.6083916083916
A_NP	28	143	T	0	0	143	38.8391608391608
A_NP	29	143	A	0	0	143	38.0769230769231
A_NP	30	143	T	0	0	143	37.9370629370629
A_NP	31	143	G	0	0	143	37.6433566433566
A_NP	32	143	A	0	0	142	37.5211267605634
A_NP	33	143	G	0	0	142	38.669014084507
A_NP	34	143	C	0	0	143	39.3636363636364
A_NP	35	143	A	0	0	143	38.6993006993007
A_NP	36	143	A	0	0	143	40.6293706293706
A_NP	37	143	A	0	0	143	40.1608391608392
A_NP	38	143	T	0	0	143	40.0769230769231
A_NP	39	143	G	0	0	143	39.041958041958
A_NP	40	143	G	0	0	143	39.2797202797203
A_NP	41	143	A	0	0	143	38.0769230769231
A_NP	42	143	T	0	0	143	39.1888111888112
A_NP	43	143	A	0	0	143	37.8951048951049
A_NP	44	143	C	0	0	143	39.7972027972028
A_NP	45	143	T	0	0	142	38.9577464788732
A_NP	46	143	G	0	0	142	37.9014084507042
A_NP	47	143	G	0	0	143	37.6923076923077
A_NP	48	143	T	0	0	143	37.9090909090909
A_NP	49	141	G	1	0	141	37.9716312056738
A_NP	50	142	G	0	0	142	37.6056338028169
A_NP	51	142	G	0	0	141	38.2340425531915
A_NP	52	142	G	0	0	139	37.8561151079137
A_NP	53	141	A	1	0	138	39.3985507246377
A_NP	54	142	G	0	0	141	38.5957446808511
A_NP	55	142	C	0	0	141	38.0354609929078
A_NP	56	142	G	0	0	138	33.536231884058
A_NP	57	140	C	2	0	140	32.1642857142857
A_NP	58	142	C	0	0	141	31.468085106383
A_NP	59	142	A	0	0	141	30.6099290780142
A_NP	60	142	G	0	0	142	30.2957746478873
A_NP	61	140	G	2	0	140	34.7714285714286
A_NP	62	140	A	2	0	140	35.1785714285714
A_NP	63	142	T	0	0	142	35.4929577464789
A_NP	64	142	G	0	0	141	34.6950354609929
A_NP	65	140	C	2	0	140	36
A_NP	66	140	C	2	0	140	34.2928571428571
A_NP	67	140	A	2	0	140	32.7285714285714
A_NP	68	141	C	1	0	141	30.936170212766
A_NP	69	141	A	1	0	138	29.9927536231884
A_NP	70	142	G	0	0	141	30.3829787234043
A_NP	71	142	A	0	0	140	30.3285714285714
A_NP	72	142	A	0	0	141	31.4184397163121
A_NP	73	142	A	0	0	142	32.056338028169
A_NP	74	142	T	0	0	142	34.1408450704225
A_NP	75	142	C	0	0	142	33.9859154929577
A_NP	76	142	A	0	0	142	35.3591549295775
A_NP	77	142	G	0	0	141	36.4468085106383
A_NP	78	142	A	0	0	142	37.0492957746479
A_NP	79	142	G	0	0	142	38.2112676056338
A_NP	80	142	C	0	0	142	39.6830985915493
A_NP	81	141	A	1	0	141	39.2695035460993
A_NP	82	141	T	1	0	141	40.4609929078014
A_NP	83	141	C	1	0	140	38.25
A_NP	84	141	T	1	0	141	39.1631205673759
A_NP	85	142	G	0	0	141	39.2624113475177
A_NP	86	142	T	0	0	142	39.8732394366197
A_NP	87	142	T	0	0	142	40.0352112676056
A_NP	88	142	G	0	0	142	39.830985915493
A_NP	89	142	G	0	0	142	39.5422535211268
A_NP	90	143	A	0	0	143	39.6433566433566
A_NP	91	143	A	0	0	143	40.9300699300699
A_NP	92	143	G	0	0	143	39.9230769230769
A_NP	93	143	A	0	0	142	40.9295774647887
A_NP	94	143	A	0	0	142	40.1408450704225
A_NP	95	143	T	0	0	142	40.3239436619718
A_NP	96	143	G	0	0	142	39.3450704225352
A_NP	97	143	G	0	0	143	39.034965034965
A_NP	98	143	T	0	0	142	39.1901408450704
A_NP	99	143	T	0	0	143	38.4335664335664
A_NP	100	143	G	0	0	142	37.5070422535211
A_NP	101	144	G	0	0	144	38.2083333333333
A_NP	102	144	T	0	0	144	37.7916666666667
A_NP	103	144	G	0	0	144	37.9236111111111
A_NP	104	144	G	0	0	141	38.0212765957447
A_NP	105	143	A	1	0	141	38.5815602836879
A_NP	106	144	A	0	0	144	37.7847222222222
A_NP	107	144	T	0	0	144	37.7847222222222
A_NP	108	143	C	1	0	142	35.2535211267606
A_NP	109	135	G	9	0	135	33.2888888888889
A_NP	110	144	G	0	0	144	34.25
A_NP	111	144	G	0	0	140	33.6071428571429
A_NP	112	144	A	0	0	143	33.5664335664336
A_NP	113	143	G	1	0	140	36.2642857142857
A_NP	114	144	A	0	0	144	35.7986111111111
A_NP	115	142	T	2	0	141	35.4539007092199
A_NP	116	144	T	0	0	142	35.7183098591549
A_NP	117	143	C	1	0	142	34.7605633802817
A_NP	118	142	T	2	0	141	36.1985815602837
A_NP	119	141	A	3	0	140	33.7714285714286
A_NP	120	141	C	3	0	141	33.4539007092199
A_NP	121	144	A	0	0	141	32.9716312056738
A_NP	122	144	T	0	0	144	32.5069444444444
A_NP	123	144	C	0	0	143	32.6433566433566
A_NP	124	144	C	0	0	144	32.8055555555556
A_NP	125	143	A	1	0	142	31.4295774647887
A_NP	126	144	A	0	0	144	32.3333333333333
A_NP	127	144	A	0	0	144	31.3125
A_NP	128	144	T	0	0	144	31.6319444444444
A_NP	129	144	G	0	0	144	34.6736111111111
A_NP	130	144	T	0	0	143	37.8251748251748
A_NP	131	144	G	0	0	143	37.4335664335664
A_NP	132	144	C	0	0	144	38.7361111111111
A_NP	133	144	A	0	0	144	38.3333333333333
A_NP	134	144	C	0	0	144	37.9930555555556
A_NP	135	144	T	0	0	144	38.2013888888889
A_NP	136	144	G	0	0	144	37.5416666666667
A_NP	137	144	A	0	0	144	39.0208333333333
A_NP	138	144	A	0	0	143	38.6083916083916
A_NP	139	144	C	0	0	144	38.8958333333333
A_NP	140	143	T	1	0	143	38.958041958042
A_NP	141	143	A	1	0	142	37.5845070422535
A_NP	142	144	A	0	0	144	38.3472222222222
A_NP	143	144	A	0	0	144	38.5555555555556
A_NP	144	144	A	0	0	144	41.5277777777778
A_NP	145	144	C	0	0	144	41.2291666666667
A_NP	146	143	T	1	0	143	40.6293706293706
A_NP	147	144	C	0	0	143	39.0699300699301
A_NP	148	144	A	0	0	144	39.2152777777778
A_NP	149	144	G	0	0	144	39.2430555555556
A_NP	150	143	T	1	0	143	40.1818181818182
A_NP	151	143	G	1	0	143	40.3006993006993
A_NP	152	143	A	1	0	143	41.048951048951
A_NP	153	144	T	0	0	143	42.6223776223776
A_NP	154	144	T	0	0	144	42.3888888888889
A_NP	155	144	A	0	0	144	42.0138888888889
A_NP	156	144	T	0	0	144	42.1944444444444
A_NP	157	144	G	0	0	144	38.8055555555556
A_NP	158	144	A	0	0	144	38.6458333333333
A_NP	159	144	T	0	0	144	38.5069444444444
A_NP	160	143	G	1	0	143	38.3986013986014
A_NP	161	144	G	0	0	144	39.0694444444444
A_NP	162	144	A	0	0	144	40.5277777777778
A_NP	163	144	C	0	0	143	37.7832167832168
A_NP	164	144	G	0	0	143	35.7132867132867
A_NP	165	144	A	0	0	144	35.4513888888889
A_NP	166	144	C	0	0	143	36.0909090909091
A_NP	167	144	T	0	0	143	36.1328671328671
A_NP	168	144	A	0	0	143	37.1468531468531
A_NP	169	144	A	0	0	144	39.9097222222222
A_NP	170	144	T	0	0	144	40.0138888888889
A_NP	171	144	T	0	0	144	39.7291666666667
A_NP	172	144	C	0	0	142	39.6901408450704
A_NP	173	144	A	0	0	142	39.6408450704225
A_NP	174	144	G	0	0	143	38.7552447552448
A_NP	175	144	A	0	0	144	39.0347222222222
A_NP	176	144	A	0	0	144	39.2777777777778
A_NP	177	144	C	0	0	144	38.6319444444444
A_NP	178	144	A	0	0	144	38.3402777777778
A_NP	179	144	G	0	0	143	38.1328671328671
A_NP	180	144	T	0	0	144	38.6944444444444
A_NP	181	144	A	0	0	144	37.1111111111111
A_NP	182	144	T	0	0	144	38.3055555555556
A_NP	183	143	A	0	0	143	38.1398601398601
A_NP	184	143	A	0	0	143	38.4545454545455
A_NP	185	143	C	0	0	143	39.8461538461538
A_NP	186	143	A	0	0	143	39.3076923076923
A_NP	187	143	A	0	0	142	40.7535211267606
A_NP	188	143	T	0	0	143	41.5594405594406
A_NP	189	143	A	0	0	143	39.951048951049
A_NP	190	143	G	0	0	143	39.7482517482517
A_NP	191	143	A	0	0	143	39.9090909090909
A_NP	192	143	G	0	0	143	38.5174825174825
A_NP	193	143	A	0	0	143	40.2377622377622
A_NP	194	143	G	0	0	143	41.1328671328671
A_NP	195	143	G	0	0	143	41.2517482517483
A_NP	196	143	A	0	0	141	41.1418439716312
A_NP	197	143	T	0	0	142	41.0422535211268
A_NP	198	143	G	0	0	143	41.5804195804196
A_NP	199	143	G	0	0	142	41.8169014084507
A_NP	200	143	T	0	0	143	43.0559440559441
A_NP	201	143	G	0	0	143	42.6713286713287
A_NP	202	143	C	0	0	143	42.6293706293706
A_NP	203	142	T	1	0	142	42.7183098591549
A_NP	204	143	T	0	0	143	42.7202797202797
A_NP	205	143	T	0	0	143	43.1468531468531
A_NP	206	143	C	0	0	143	42.2167832167832
A_NP	207	143	T	0	0	142	41.9788732394366
A_NP	208	143	G	0	0	143	41.6293706293706
A_NP	209	143	C	0	0	143	40.3636363636364
A_NP	210	139	T	4	0	139	40.9208633093525
A_NP	211	141	T	2	0	141	39.0921985815603
A_NP	212	143	T	0	0	143	39.6223776223776
A_NP	213	143	T	0	0	143	38.6223776223776
A_NP	214	143	G	0	0	143	36.9440559440559
A_NP	215	143	A	0	0	143	38.4755244755245
A_NP	216	143	T	0	0	143	39.1328671328671
A_NP	217	142	G	1	0	142	33.330985915493
A_NP	218	142	A	1	0	142	32.4366197183099
A_NP	219	143	G	0	0	143	31.3986013986014
A_NP	220	143	A	0	0	143	30.8391608391608
A_NP	221	143	G	0	0	142	33.5492957746479
A_NP	222	143	A	0	0	143	32.6503496503497
A_NP	223	143	A	0	0	143	39.006993006993
A_NP	224	143	G	0	0	143	37.5664335664336
A_NP	225	143	A	0	0	143	38
A_NP	226	143	A	0	0	143	39.7482517482517
A_NP	227	143	A	0	0	143	41.0559440559441
A_NP	228	143	T	0	0	143	40.6573426573427
A_NP	229	143	A	0	0	143	40.4545454545455
A_NP	230	143	A	0	0	143	41.9230769230769
A_NP	231	143	A	0	0	143	41.041958041958
A_NP	232	143	T	0	0	143	41.013986013986
A_NP	233	141	A	2	0	141	40.1063829787234
A_NP	234	143	C	0	0	143	39.7272727272727
A_NP	235	143	C	0	0	143	38.2027972027972
A_NP	236	143	T	0	0	143	38.6363636363636
A_NP	237	142	A	1	0	141	36.1843971631206
A_NP	238	142	G	1	0	141	37.063829787234
A_NP	239	143	A	0	0	142	37.7816901408451
A_NP	240	143	A	0	0	143	39.1818181818182
A_NP	241	143	G	0	0	143	40.5384615384615
A_NP	242	143	A	0	0	143	41.3356643356643
A_NP	243	143	G	0	0	143	40.6993006993007
A_NP	244	143	C	0	0	143	40.7412587412587
A_NP	245	143	A	0	0	143	40.2097902097902
A_NP	246	143	T	0	0	143	40.3356643356643
A_NP	247	143	C	0	0	143	39.7062937062937
A_NP	248	143	C	0	0	143	41.034965034965
A_NP	249	143	A	0	0	143	40.3566433566434
A_NP	250	143	A	0	0	143	40.4755244755245
A_NP	251	143	G	0	0	143	40.2167832167832
A_NP	252	143	T	0	0	143	40.3426573426573
A_NP	253	143	G	0	0	143	40.1818181818182
A_NP	254	142	C	1	0	142	38.5704225352113
A_NP	255	143	T	0	0	143	37.8531468531469
A_NP	256	141	G	2	0	141	35.1702127659574
A_NP	257	143	G	0	0	143	35.5174825174825
A_NP	258	143	G	0	0	143	36.3566433566434
A_NP	259	143	A	0	0	143	38.4405594405594
A_NP	260	143	A	0	0	143	41.4055944055944
A_NP	261	143	G	0	0	142	41.2323943661972
A_NP	262	143	G	0	0	141	40.0992907801418
A_NP	263	143	A	0	0	143	39.6713286713287
A_NP	264	143	C	0	0	143	38.0559440559441
A_NP	265	143	C	0	0	143	37.8111888111888
A_NP	266	143	C	0	0	142	37.8098591549296
A_NP	267	142	T	1	0	140	36.6785714285714
A_NP	268	143	A	0	0	142	33.9014084507042
A_NP	269	141	A	2	0	140	33.1928571428571
A_NP	270	141	G	2	0	137	32.7664233576642
A_NP	271	134	A	9	0	132	34.6818181818182
A_NP	272	140	A	3	0	139	34.6043165467626
A_NP	273	143	A	0	0	142	35.7535211267606
A_NP	274	143	A	0	0	143	34.2377622377622
A_NP	275	143	C	0	0	143	31.1188811188811
A_NP	276	142	A	1	0	142	34.7746478873239
A_NP	277	142	G	1	0	142	36.5492957746479
A_NP	278	142	G	1	0	142	35.9507042253521
A_NP	279	143	A	0	0	143	36.5524475524476
A_NP	280	143	G	0	0	143	36.5874125874126
A_NP	281	143	G	0	0	143	36.1468531468531
A_NP	282	143	A	0	0	143	35.4895104895105
A_NP	283	143	C	0	0	143	33.7272727272727
A_NP	284	143	C	0	0	143	33.5034965034965
A_NP	285	143	C	0	0	142	33.5985915492958
A_NP	286	143	A	0	0	141	31.758865248227
A_NP	287	143	T	0	0	143	32.5034965034965
A_NP	288	143	C	0	0	143	35.0769230769231
A_NP	289	143	T	0	0	143	35.979020979021
A_NP	290	143	A	0	0	143	34.7482517482517
A_NP	291	143	T	0	0	143	35.6013986013986
A_NP	292	142	A	1	0	142	34.7605633802817
A_NP	293	142	G	1	0	142	35.1549295774648
A_NP	294	141	A	2	0	141	35.9574468085106
A_NP	295	142	A	1	0	141	35.4255319148936
A_NP	296	142	G	1	0	142	37.3169014084507
A_NP	297	142	A	1	0	141	38.7446808510638
A_NP	298	143	A	0	0	142	40.2605633802817
A_NP	299	143	T	0	0	143	40.965034965035
A_NP	300	143	A	0	0	143	39.020979020979
A_NP	301	143	G	0	0	143	38.8951048951049
A_NP	302	143	A	0	0	143	38.5874125874126
A_NP	303	142	C	1	0	141	37.6099290780142
A_NP	304	143	G	0	0	142	37.1901408450704
A_NP	305	142	G	1	0	142	36.8802816901408
A_NP	306	142	A	1	0	141	38.1347517730496
A_NP	307	142	A	1	0	142	38.1901408450704
A_NP	308	142	A	1	0	142	41.3098591549296
A_NP	309	143	A	0	0	141	42.2553191489362
A_NP	310	143	T	0	0	142	42.5281690140845
A_NP	311	143	G	0	0	143	39.972027972028
A_NP	312	143	G	0	0	143	40.7762237762238
A_NP	313	143	A	0	0	142	40.1056338028169
A_NP	314	142	C	1	0	142	40.4929577464789
A_NP	315	142	A	1	0	141	39.3120567375887
A_NP	316	142	A	1	0	142	38.612676056338
A_NP	317	142	G	1	0	142	38.0140845070423
A_NP	318	143	A	0	0	142	37.7042253521127
A_NP	319	141	G	2	0	141	37.4539007092199
A_NP	320	142	A	1	0	142	37.6056338028169
A_NP	321	142	A	1	0	142	37.1338028169014
A_NP	322	142	C	1	0	141	35.5815602836879
A_NP	323	143	T	0	0	143	36.1118881118881
A_NP	324	143	C	0	0	141	38.5602836879433
A_NP	325	143	A	0	0	143	38.1958041958042
A_NP	326	143	T	0	0	143	38.6923076923077
A_NP	327	142	C	1	0	142	39.6971830985916
A_NP	328	143	C	0	0	143	38.8181818181818
A_NP	329	143	T	0	0	143	38.1538461538462
A_NP	330	143	T	0	0	143	38.2027972027972
A_NP	331	143	T	0	0	143	39.9160839160839
A_NP	332	143	A	0	0	143	38.5244755244755
A_NP	333	143	T	0	0	143	39.7762237762238
A_NP	334	143	G	0	0	142	39.887323943662
A_NP	335	143	A	0	0	143	40.3076923076923
A_NP	336	143	C	0	0	142	40.7253521126761
A_NP	337	143	A	0	0	143	38.8181818181818
A_NP	338	143	A	0	0	143	38.7552447552448
A_NP	339	143	A	0	0	143	38.7412587412587
A_NP	340	143	G	0	0	143	37.6783216783217
A_NP	341	143	A	0	0	142	39.0704225352113
A_NP	342	143	A	0	0	143	39.2237762237762
A_NP	343	143	G	0	0	143	39.2027972027972
A_NP	344	142	A	1	0	142	40.5633802816901
A_NP	345	143	A	0	0	143	41.5734265734266
A_NP	346	143	A	0	0	143	41.3986013986014
A_NP	347	143	T	0	0	143	40.2867132867133
A_NP	348	142	A	1	0	140	39.2214285714286
A_NP	349	143	A	0	0	142	36.7394366197183
A_NP	350	143	G	0	0	142	37.2183098591549
A_NP	351	142	G	1	0	142	36.2816901408451
A_NP	352	141	A	2	0	141	37.6312056737589
A_NP	353	142	G	1	0	142	38.1478873239437
A_NP	354	141	A	2	0	141	38.6879432624113
A_NP	355	141	G	2	0	141	38.3829787234043
A_NP	356	141	T	2	0	140	38.1857142857143
A_NP	357	141	T	2	0	141	38.2978723404255
A_NP	358	143	T	0	0	141	38.1843971631206
A_NP	359	143	G	0	0	141	35.7517730496454
A_NP	360	143	G	0	0	143	35.7762237762238
A_NP	361	143	C	0	0	141	36.0283687943262
A_NP	362	141	G	2	0	140	35.3571428571429
A_NP	363	143	C	0	0	140	35.7285714285714
A_NP	364	143	C	0	0	141	35.709219858156
A_NP	365	142	A	1	0	141	34.4113475177305
A_NP	366	142	A	1	0	142	34.4154929577465
A_NP	367	143	G	0	0	143	33.7412587412587
A_NP	368	143	C	0	0	143	34.6713286713287
A_NP	369	142	A	1	0	141	33.2553191489362
A_NP	370	143	A	0	0	143	34.8321678321678
A_NP	371	143	A	0	0	143	35.027972027972
A_NP	372	143	C	0	0	143	37.0559440559441
A_NP	373	143	A	0	0	143	35.1888111888112
A_NP	374	143	A	0	0	143	36.8671328671329
A_NP	375	143	T	0	0	143	36.8251748251748
A_NP	376	143	G	0	0	142	36.2676056338028
A_NP	377	143	G	0	0	143	36.3006993006993
A_NP	378	143	C	0	0	143	38.4475524475524
A_NP	379	143	G	0	0	143	37.3776223776224
A_NP	380	143	A	0	0	143	37.6853146853147
A_NP	381	143	A	0	0	143	38.4195804195804
A_NP	382	143	G	0	0	142	38.4295774647887
A_NP	383	143	A	0	0	143	38.6013986013986
A_NP	384	143	T	0	0	143	39.9300699300699
A_NP	385	142	G	1	0	142	39.6549295774648
A_NP	386	142	C	1	0	142	40.0422535211268
A_NP	387	143	A	0	0	143	38.8181818181818
A_NP	388	143	A	0	0	143	40.0909090909091
A_NP	389	143	C	0	0	143	40.5874125874126
A_NP	390	143	G	0	0	142	38.5211267605634
A_NP	391	143	G	0	0	143	38.9230769230769
A_NP	392	143	C	0	0	143	39.041958041958
A_NP	393	143	A	0	0	142	38.7676056338028
A_NP	394	143	G	0	0	141	39.1702127659574
A_NP	395	143	G	0	0	143	38.5874125874126
A_NP	396	143	T	0	0	142	38.6338028169014
A_NP	397	142	C	1	0	141	39.1489361702128
A_NP	398	142	T	1	0	141	38.9645390070922
A_NP	399	143	T	0	0	143	39.0629370629371
A_NP	400	140	A	3	0	139	38.431654676259
A_NP	401	142	C	1	0	141	37.3049645390071
A_NP	402	143	C	0	0	143	37.1328671328671
A_NP	403	143	C	0	0	143	38.5804195804196
A_NP	404	143	A	0	0	143	35.8041958041958
A_NP	405	143	T	0	0	143	38.5944055944056
A_NP	406	142	C	0	0	142	38.1901408450704
A_NP	407	142	T	0	0	141	38.1631205673759
A_NP	408	142	C	0	0	142	37.4014084507042
A_NP	409	142	A	0	0	141	37.6879432624113
A_NP	410	142	T	0	0	142	38.7323943661972
A_NP	411	142	G	0	0	141	39.1347517730496
A_NP	412	142	A	0	0	142	39.169014084507
A_NP	413	142	T	0	0	142	40.0492957746479
A_NP	414	142	T	0	0	142	40.5422535211268
A_NP	415	142	T	0	0	142	40.2605633802817
A_NP	416	142	G	0	0	142	41.6549295774648
A_NP	417	142	G	0	0	142	41.0422535211268
A_NP	418	142	C	0	0	142	40.7323943661972
A_NP	419	142	A	0	0	142	39.8732394366197
A_NP	420	141	T	1	0	141	40.4326241134752
A_NP	421	142	T	0	0	142	39.8380281690141
A_NP	422	142	C	0	0	142	39.9859154929577
A_NP	423	142	C	0	0	142	39.5915492957746
A_NP	424	142	A	0	0	142	39.8521126760563
A_NP	425	142	A	0	0	142	39.9788732394366
A_NP	426	142	T	0	0	142	40.2112676056338
A_NP	427	142	C	0	0	141	40.5957446808511
A_NP	428	142	T	0	0	142	39.8591549295775
A_NP	429	142	G	0	0	142	39.7183098591549
A_NP	430	142	A	0	0	142	40.5211267605634
A_NP	431	142	A	0	0	142	40.6267605633803
A_NP	432	142	T	0	0	142	40.4225352112676
A_NP	433	142	G	0	0	141	40.8439716312057
A_NP	434	142	A	0	0	142	41.1408450704225
A_NP	435	142	T	0	0	142	40.9577464788732
A_NP	436	142	G	0	0	142	40.7816901408451
A_NP	437	142	C	0	0	142	40.4014084507042
A_NP	438	142	C	0	0	142	39.2887323943662
A_NP	439	142	A	0	0	142	39.1971830985916
A_NP	440	142	C	0	0	142	38.9014084507042
A_NP	441	142	A	0	0	142	38.5
A_NP	442	142	T	0	0	142	39.443661971831
A_NP	443	142	A	0	0	142	39.2887323943662
A_NP	444	142	T	0	0	142	39.5633802816901
A_NP	445	142	C	0	0	142	38.5
A_NP	446	142	A	0	0	142	38.8380281690141
A_NP	447	142	G	0	0	142	39.8028169014084
A_NP	448	142	A	0	0	142	40.0070422535211
A_NP	449	142	G	0	0	141	39.8794326241135
A_NP	450	142	A	0	0	142	40.5774647887324
A_NP	451	142	A	0	0	142	40.4084507042254
A_NP	452	142	C	0	0	141	40.9716312056738
A_NP	453	142	A	0	0	142	39.9577464788732
A_NP	454	142	A	0	0	142	39.8380281690141
A_NP	455	142	G	0	0	142	40.1619718309859
A_NP	456	142	A	0	0	141	40.6170212765957
A_NP	457	141	G	0	0	141	40.8014184397163
A_NP	458	141	C	0	0	141	41.7375886524823
A_NP	459	141	A	0	0	141	41.3404255319149
A_NP	460	141	C	0	0	141	41.7872340425532
A_NP	461	141	T	0	0	139	41.7338129496403
A_NP	462	141	A	0	0	141	39.0425531914894
A_NP	463	141	G	0	0	141	38.9787234042553
A_NP	464	140	T	1	0	140	39.4214285714286
A_NP	465	140	C	1	0	140	38.5
A_NP	466	140	C	0	0	138	38.4275362318841
A_NP	467	140	G	0	0	139	38.4604316546763
A_NP	468	140	C	0	0	140	39.1785714285714
A_NP	469	140	A	0	0	140	39.1214285714286
A_NP	470	140	C	0	0	140	39.5285714285714
A_NP	471	140	T	0	0	140	40.1642857142857
A_NP	472	139	G	1	0	139	40.2517985611511
A_NP	473	140	G	0	0	140	40.7857142857143
A_NP	474	140	A	0	0	139	40.3165467625899
A_NP	475	140	A	0	0	140	40.7
A_NP	476	140	T	0	0	140	41.0714285714286
A_NP	477	140	G	0	0	140	38.7071428571429
A_NP	478	139	G	0	0	138	39.2028985507246
A_NP	479	139	A	0	0	139	38.6978417266187
A_NP	480	139	T	0	0	139	37.9856115107914
A_NP	481	139	C	0	0	138	35.463768115942
A_NP	482	139	C	0	0	139	36.2374100719424
A_NP	483	139	C	0	0	139	35.2446043165468
A_NP	484	139	A	0	0	139	33.3597122302158
A_NP	485	139	G	0	0	139	35.8561151079137
A_NP	486	139	A	0	0	138	38.3478260869565
A_NP	487	139	A	0	0	139	38.8201438848921
A_NP	488	138	T	1	0	137	39.8394160583942
A_NP	489	138	G	1	0	138	39.7536231884058
A_NP	490	139	T	0	0	139	40.589928057554
A_NP	491	139	G	0	0	138	40.5217391304348
A_NP	492	139	C	0	0	139	39.9280575539568
A_NP	493	139	T	0	0	138	40.6811594202899
A_NP	494	139	C	0	0	138	39.5652173913044
A_NP	495	139	T	0	0	139	40.1726618705036
A_NP	496	139	C	0	0	139	38.9280575539568
A_NP	497	139	T	0	0	138	39.6304347826087
A_NP	498	139	A	1	0	139	38.841726618705
A_NP	499	140	A	0	0	140	38.4714285714286
A_NP	500	140	T	0	0	140	37.5785714285714
A_NP	501	140	G	0	0	140	37.7785714285714
A_NP	502	140	C	0	0	140	38.4357142857143
A_NP	503	140	A	0	0	140	38.9
A_NP	504	140	A	0	0	140	38.5428571428571
A_NP	505	139	G	0	0	139	39.2230215827338
A_NP	506	139	G	0	0	139	39.2230215827338
A_NP	507	138	T	1	0	138	39.8550724637681
A_NP	508	139	T	0	0	139	39.1798561151079
A_NP	509	139	C	0	0	137	40.0875912408759
A_NP	510	139	A	0	0	138	39.4927536231884
A_NP	511	139	A	0	0	137	38.9124087591241
A_NP	512	139	C	0	0	138	39.5652173913044
A_NP	513	139	A	0	0	139	37.8201438848921
A_NP	514	139	C	0	0	139	37.7194244604317
A_NP	515	138	T	1	0	138	38.7173913043478
A_NP	516	138	T	1	0	136	37.5
A_NP	517	138	C	1	0	137	35.3503649635037
A_NP	518	139	C	0	0	139	35.7625899280576
A_NP	519	139	C	0	0	139	34.8561151079137
A_NP	520	139	A	0	0	138	29.7608695652174
A_NP	521	139	G	0	0	139	33.7482014388489
A_NP	522	139	G	0	0	138	40.4565217391304
A_NP	523	139	A	0	0	139	40.0359712230216
A_NP	524	138	G	1	0	138	40.768115942029
A_NP	525	138	G	1	0	138	39.4492753623188
A_NP	526	139	T	0	0	139	39.6906474820144
A_NP	527	139	C	0	0	137	38.7445255474453
A_NP	528	137	T	2	0	137	39.8686131386861
A_NP	529	138	G	1	0	137	39.2554744525547
A_NP	530	138	G	1	0	138	39.7173913043478
A_NP	531	139	T	0	0	138	40.536231884058
A_NP	532	138	G	1	0	138	40.8695652173913
A_NP	533	139	C	0	0	138	41.3478260869565
A_NP	534	139	C	0	0	139	39.589928057554
A_NP	535	139	G	0	0	139	38.8057553956835
A_NP	536	139	C	0	0	138	38.1739130434783
A_NP	537	139	A	0	0	139	37.6187050359712
A_NP	538	139	G	0	0	139	38.0575539568345
A_NP	539	139	G	0	0	139	38.8129496402878
A_NP	540	139	T	0	0	139	40.1654676258993
A_NP	541	139	G	0	0	139	40.410071942446
A_NP	542	139	C	0	0	139	40.5971223021583
A_NP	543	139	T	0	0	139	41.3669064748201
A_NP	544	139	G	0	0	139	39.2661870503597
A_NP	545	139	C	0	0	139	39.6762589928058
A_NP	546	139	A	0	0	139	37.4892086330935
A_NP	547	139	G	0	0	139	36.8992805755396
A_NP	548	139	T	0	0	139	37.8273381294964
A_NP	549	139	A	0	0	139	36.3021582733813
A_NP	550	139	A	0	0	139	36.0503597122302
A_NP	551	139	A	0	0	138	36.5507246376812
A_NP	552	139	A	0	0	139	36.7769784172662
A_NP	553	139	G	0	0	139	37.6546762589928
A_NP	554	139	G	0	0	139	36.6474820143885
A_NP	555	139	A	0	0	139	38.5467625899281
A_NP	556	139	A	0	0	138	38.536231884058
A_NP	557	139	T	0	0	139	40.1726618705036
A_NP	558	139	T	0	0	139	40.1942446043165
A_NP	559	139	G	0	0	138	40.3405797101449
A_NP	560	139	G	0	0	139	39.9424460431655
A_NP	561	139	A	0	0	139	40.7697841726619
A_NP	562	139	A	0	0	139	41.0575539568345
A_NP	563	139	C	0	0	138	39.5507246376812
A_NP	564	139	A	0	0	138	39.1739130434783
A_NP	565	139	A	0	0	139	38.7553956834532
A_NP	566	139	T	0	0	139	39.1223021582734
A_NP	567	139	A	0	0	137	36.5255474452555
A_NP	568	139	G	0	0	137	37.1240875912409
A_NP	569	139	C	0	0	139	37.4244604316547
A_NP	570	139	T	0	0	139	36.3884892086331
A_NP	571	139	A	0	0	139	36.1654676258993
A_NP	572	139	T	0	0	139	36.8201438848921
A_NP	573	140	G	0	0	140	37.4857142857143
A_NP	574	140	G	1	0	140	37.8428571428571
A_NP	575	140	A	1	0	140	38.0428571428571
A_NP	576	140	A	1	0	140	38.5285714285714
A_NP	577	140	T	1	0	140	39.4357142857143
A_NP	578	140	T	1	0	140	39.0714285714286
A_NP	579	141	A	0	0	141	38.8014184397163
A_NP	580	141	A	0	0	141	40.1418439716312
A_NP	581	141	T	0	0	141	40.5957446808511
A_NP	582	141	C	0	0	141	40.241134751773
A_NP	583	141	A	0	0	141	39.6170212765957
A_NP	584	141	G	0	0	141	39.0141843971631
A_NP	585	141	A	0	0	140	38.6214285714286
A_NP	586	141	A	0	0	141	38.1063829787234
A_NP	587	141	T	0	0	141	38.5815602836879
A_NP	588	141	G	0	0	141	39.0496453900709
A_NP	589	141	A	0	0	141	40.2269503546099
A_NP	590	141	T	0	0	141	40.0921985815603
A_NP	591	141	A	0	0	141	39.3191489361702
A_NP	592	141	A	0	0	141	40.6595744680851
A_NP	593	141	A	0	0	141	41.3617021276596
A_NP	594	141	A	0	0	141	41.9290780141844
A_NP	595	141	C	0	0	141	40.6241134751773
A_NP	596	141	G	0	0	141	40.4539007092199
A_NP	597	141	T	0	0	141	40.1914893617021
A_NP	598	141	G	0	0	141	39.8085106382979
A_NP	599	141	G	0	0	141	39.3333333333333
A_NP	600	141	A	0	0	140	40.2
A_NP	601	141	A	0	0	141	41.3971631205674
A_NP	602	141	T	0	0	141	41.177304964539
A_NP	603	141	C	0	0	140	40.4357142857143
A_NP	604	141	A	0	0	141	40.4609929078014
A_NP	605	141	A	0	0	141	40.3475177304965
A_NP	606	141	T	0	0	141	40.0496453900709
A_NP	607	141	G	0	0	141	39.9078014184397
A_NP	608	141	A	0	0	140	40.1071428571429
A_NP	609	141	C	0	0	141	40.4397163120567
A_NP	610	140	C	1	0	140	39.45
A_NP	611	140	G	1	0	140	39.15
A_NP	612	141	A	0	0	141	38.8652482269504
A_NP	613	141	A	0	0	141	39.1631205673759
A_NP	614	141	A	0	0	140	39.2428571428571
A_NP	615	141	T	0	0	141	41.0283687943262
A_NP	616	141	T	0	0	141	42.3262411347518
A_NP	617	141	T	0	0	141	42.8156028368794
A_NP	618	141	C	0	0	141	41.3758865248227
A_NP	619	141	T	0	0	141	40.9432624113475
A_NP	620	141	G	0	0	141	40.354609929078
A_NP	621	141	G	0	0	140	39.9714285714286
A_NP	622	141	A	0	0	141	39.2482269503546
A_NP	623	141	G	0	0	140	40.1928571428571
A_NP	624	141	G	0	0	141	38.0070921985816
A_NP	625	141	G	0	0	140	38.3142857142857
A_NP	626	141	G	0	0	141	38.2269503546099
A_NP	627	141	T	0	0	140	37.8857142857143
A_NP	628	141	G	0	0	140	36.6071428571429
A_NP	629	141	A	0	0	140	36.45
A_NP	630	141	A	0	0	141	38.3475177304965
A_NP	631	141	A	0	0	141	39.8439716312057
A_NP	632	141	A	0	0	141	42.8297872340426
A_NP	633	141	T	0	0	141	42.5390070921986
A_NP	634	141	G	0	0	141	40.4113475177305
A_NP	635	141	G	0	0	140	40.3857142857143
A_NP	636	141	A	0	0	141	39.8652482269504
A_NP	637	141	C	0	0	141	37.3333333333333
A_NP	638	141	G	0	0	138	34.3188405797101
A_NP	639	141	A	0	0	141	33.3900709219858
A_NP	640	141	A	0	0	140	33.6857142857143
A_NP	641	141	G	0	0	141	33.822695035461
A_NP	642	141	G	0	0	141	36.8723404255319
A_NP	643	141	A	0	0	141	38.1418439716312
A_NP	644	141	C	0	0	140	39.1
A_NP	645	141	A	0	0	141	37.8652482269504
A_NP	646	141	A	0	0	140	37.9642857142857
A_NP	647	141	G	0	0	139	37.4388489208633
A_NP	648	141	A	0	0	141	36.8510638297872
A_NP	649	141	A	0	0	141	38.1702127659574
A_NP	650	140	T	1	0	140	39.0142857142857
A_NP	651	141	T	0	0	141	38.6879432624113
A_NP	652	141	G	0	0	140	38.6071428571429
A_NP	653	140	C	1	0	139	38.2014388489209
A_NP	654	139	T	2	0	139	38.4460431654676
A_NP	655	141	T	0	0	140	38.6142857142857
A_NP	656	141	A	0	0	141	37.9078014184397
A_NP	657	141	T	0	0	140	37.8714285714286
A_NP	658	141	G	0	0	140	36.3642857142857
A_NP	659	141	A	0	0	141	38.1914893617021
A_NP	660	142	A	0	0	142	38.056338028169
A_NP	661	142	A	0	0	142	39.4507042253521
A_NP	662	142	G	0	0	142	38.2887323943662
A_NP	663	141	A	1	0	141	41.241134751773
A_NP	664	141	A	1	0	141	41.177304964539
A_NP	665	141	T	1	0	141	40.5531914893617
A_NP	666	142	G	0	0	141	39.531914893617
A_NP	667	142	T	0	0	141	40.3262411347518
A_NP	668	142	G	0	0	142	40.6478873239437
A_NP	669	141	C	1	0	140	40.2357142857143
A_NP	670	140	A	2	0	140	39.55
A_NP	671	142	A	0	0	141	39.4255319148936
A_NP	672	142	T	0	0	141	40.3687943262411
A_NP	673	142	A	0	0	141	39.2978723404255
A_NP	674	142	T	0	0	142	39.2464788732394
A_NP	675	142	C	0	0	142	38.8943661971831
A_NP	676	141	C	1	0	140	38.5
A_NP	677	141	T	1	0	140	39.0285714285714
A_NP	678	142	C	0	0	140	35.9785714285714
A_NP	679	142	A	0	0	142	35.8943661971831
A_NP	680	142	A	0	0	142	36.4577464788732
A_NP	681	142	A	0	0	142	38.6056338028169
A_NP	682	142	G	0	0	142	37.612676056338
A_NP	683	142	G	0	0	142	39.4154929577465
A_NP	684	141	A	1	0	141	40.063829787234
A_NP	685	142	A	0	0	141	39.177304964539
A_NP	686	142	A	0	0	141	40.8581560283688
A_NP	687	142	A	0	0	142	39.5211267605634
A_NP	688	142	T	0	0	141	39.7872340425532
A_NP	689	142	T	0	0	141	40.7872340425532
A_NP	690	142	T	0	0	140	41.3357142857143
A_NP	691	141	C	1	0	140	39.5071428571429
A_NP	692	142	A	0	0	142	39.4929577464789
A_NP	693	142	A	0	0	142	40.3028169014084
A_NP	694	142	A	0	0	142	39.9647887323944
A_NP	695	142	C	0	0	142	39.7535211267606
A_NP	696	142	A	0	0	140	39.8
A_NP	697	142	G	0	0	140	39.1857142857143
A_NP	698	142	C	0	0	142	38.2605633802817
A_NP	699	142	T	0	0	142	39.9014084507042
A_NP	700	141	G	1	0	141	38.5957446808511
A_NP	701	141	C	1	0	140	38.5928571428571
A_NP	702	141	T	1	0	141	39.0567375886525
A_NP	703	141	C	1	0	140	38.5571428571429
A_NP	704	142	A	0	0	142	38.9295774647887
A_NP	705	142	G	0	0	142	39.2323943661972
A_NP	706	142	A	0	0	142	39.3028169014084
A_NP	707	142	G	0	0	142	39.6267605633803
A_NP	708	142	G	0	0	142	39.669014084507
A_NP	709	142	G	0	0	142	39.9859154929577
A_NP	710	142	C	0	0	142	39.2464788732394
A_NP	711	142	A	0	0	142	38.4225352112676
A_NP	712	142	A	0	0	142	39.2676056338028
A_NP	713	141	T	0	0	141	39.9787234042553
A_NP	714	141	G	0	0	139	39.2517985611511
A_NP	715	141	A	0	0	141	40.4964539007092
A_NP	716	141	T	0	0	141	41.2340425531915
A_NP	717	141	G	0	0	138	37.8405797101449
A_NP	718	141	G	0	0	138	38.195652173913
A_NP	719	141	A	0	0	141	36.7659574468085
A_NP	720	141	T	0	0	141	37.177304964539
A_NP	721	138	C	3	0	136	35.5955882352941
A_NP	722	140	A	1	0	139	35.6330935251799
A_NP	723	139	A	2	0	138	35.2826086956522
A_NP	724	139	G	2	0	138	35.4420289855072
A_NP	725	141	T	0	0	139	35.5035971223022
A_NP	726	139	A	2	0	138	34.2608695652174
A_NP	727	138	A	3	0	136	33.9411764705882
A_NP	728	138	G	3	0	138	34.7173913043478
A_NP	729	139	A	2	0	138	35.6376811594203
A_NP	730	140	G	1	0	139	38.1798561151079
A_NP	731	136	A	5	0	134	39.3805970149254
A_NP	732	139	A	2	0	138	38.4855072463768
A_NP	733	141	A	0	0	140	38.2857142857143
A_NP	734	141	G	0	0	139	37.4244604316547
A_NP	735	141	T	0	0	141	37.6879432624113
A_NP	736	141	C	0	0	139	36.3741007194245
A_NP	737	141	G	0	0	141	35.6382978723404
A_NP	738	140	A	1	0	140	34.6642857142857
A_NP	739	140	A	1	0	140	35.65
A_NP	740	141	A	0	0	141	35.3191489361702
A_NP	741	141	C	0	0	141	35.9078014184397
A_NP	742	141	C	0	0	139	38.2661870503597
A_NP	743	141	C	0	0	139	37.3812949640288
A_NP	744	141	A	0	0	140	34.1285714285714
A_NP	745	141	G	0	0	141	35.4964539007092
A_NP	746	140	G	1	0	140	37.2071428571429
A_NP	747	138	A	3	0	137	38.043795620438
A_NP	748	140	A	1	0	140	38.5357142857143
A_NP	749	140	A	1	0	140	37.35
A_NP	750	138	C	3	0	137	36.2408759124088
A_NP	751	138	G	3	0	136	35.4264705882353
A_NP	752	140	C	1	0	140	36.6357142857143
A_NP	753	140	T	1	0	140	36.5285714285714
A_NP	754	141	G	0	0	140	35.9142857142857
A_NP	755	141	A	0	0	141	37.241134751773
A_NP	756	141	A	0	0	141	39.1276595744681
A_NP	757	141	A	0	0	141	40.3120567375887
A_NP	758	140	T	1	0	138	40.9275362318841
A_NP	759	141	T	0	0	141	41.3120567375887
A_NP	760	141	G	0	0	141	39.3262411347518
A_NP	761	141	A	0	0	141	40.0070921985816
A_NP	762	141	A	0	0	141	40.1489361702128
A_NP	763	139	G	2	0	138	39.5072463768116
A_NP	764	141	A	0	0	140	39.7357142857143
A_NP	765	141	C	0	0	141	40.2482269503546
A_NP	766	141	C	0	0	141	39.6241134751773
A_NP	767	141	T	0	0	141	39.3262411347518
A_NP	768	139	C	2	0	139	36.2517985611511
A_NP	769	140	A	1	0	140	35.3428571428571
A_NP	770	139	T	2	0	138	34.731884057971
A_NP	771	141	T	0	0	141	37.2127659574468
A_NP	772	141	T	0	0	141	38.7304964539007
A_NP	773	141	T	0	0	141	38.1347517730496
A_NP	774	141	C	0	0	140	38.6857142857143
A_NP	775	141	C	0	0	140	41.9357142857143
A_NP	776	141	T	0	0	140	39.9857142857143
A_NP	777	141	G	0	0	141	37.290780141844
A_NP	778	141	G	0	0	140	38.1214285714286
A_NP	779	141	C	0	0	141	38.8936170212766
A_NP	780	141	A	0	0	141	39.7943262411348
A_NP	781	140	C	1	0	139	40.9280575539568
A_NP	782	141	G	0	0	140	37.9928571428571
A_NP	783	141	G	0	0	141	37.6170212765957
A_NP	784	141	T	0	0	141	37.1914893617021
A_NP	785	141	C	0	0	138	36.536231884058
A_NP	786	141	A	0	0	140	37.1785714285714
A_NP	787	141	G	0	0	141	37.3971631205674
A_NP	788	141	C	0	0	141	37.5744680851064
A_NP	789	141	A	0	0	141	37.9219858156028
A_NP	790	141	C	0	0	140	38.2285714285714
A_NP	791	141	T	0	0	141	38.9148936170213
A_NP	792	141	C	0	0	138	38.268115942029
A_NP	793	141	A	0	0	139	36.8992805755396
A_NP	794	141	T	0	0	139	37.8057553956835
A_NP	795	141	T	0	0	141	38.241134751773
A_NP	796	138	C	3	0	136	39.0514705882353
A_NP	797	140	T	1	0	139	38.3669064748201
A_NP	798	139	G	2	0	137	36.4671532846715
A_NP	799	139	A	1	0	136	35.5147058823529
A_NP	800	139	G	1	0	139	34.7769784172662
A_NP	801	140	G	0	0	139	34.7697841726619
A_NP	802	140	G	0	0	139	37.8920863309352
A_NP	803	140	G	0	0	138	37.5869565217391
A_NP	804	140	A	0	0	140	38.55
A_NP	805	140	T	0	0	140	39.9214285714286
A_NP	806	139	C	1	0	135	37.4962962962963
A_NP	807	140	A	0	0	140	36.6357142857143
A_NP	808	140	G	0	0	139	36.5395683453237
A_NP	809	140	T	0	0	140	35.3857142857143
A_NP	810	139	T	1	0	138	35.9057971014493
A_NP	811	138	G	2	0	138	37.0507246376812
A_NP	812	140	C	0	0	140	37.1
A_NP	813	140	A	0	0	140	37.0928571428571
A_NP	814	140	C	0	0	140	38.0857142857143
A_NP	815	139	A	1	0	139	37.7625899280576
A_NP	816	139	T	1	0	139	37.7769784172662
A_NP	817	140	A	0	0	140	37.1357142857143
A_NP	818	140	A	0	0	140	38.2428571428571
A_NP	819	140	A	0	0	139	39.0287769784173
A_NP	820	140	T	0	0	140	38.7571428571429
A_NP	821	139	C	1	0	139	39.4964028776978
A_NP	822	140	C	0	0	140	40.8285714285714
A_NP	823	140	T	0	0	140	40.85
A_NP	824	139	G	0	0	139	40.7194244604317
A_NP	825	139	C	0	0	139	42.0143884892086
A_NP	826	139	C	0	0	139	41.3309352517986
A_NP	827	139	T	0	0	139	41.0071942446043
A_NP	828	139	G	0	0	139	40.5467625899281
A_NP	829	139	C	0	0	139	41.8705035971223
A_NP	830	139	C	0	0	139	41.431654676259
A_NP	831	139	T	0	0	139	42.9208633093525
A_NP	832	139	G	0	0	139	41.5323741007194
A_NP	833	139	C	0	0	139	40.4820143884892
A_NP	834	139	T	0	0	139	41.4604316546763
A_NP	835	138	T	1	0	138	43.2246376811594
A_NP	836	138	G	1	0	138	41.695652173913
A_NP	837	138	T	1	0	138	42.463768115942
A_NP	838	138	G	1	0	138	43.2753623188406
A_NP	839	138	T	1	0	138	43.231884057971
A_NP	840	138	G	1	0	138	41.4347826086956
A_NP	841	139	T	0	0	139	42.1942446043165
A_NP	842	139	A	0	0	139	42.4244604316547
A_NP	843	139	T	0	0	139	42.1798561151079
A_NP	844	139	G	0	0	139	40.9208633093525
A_NP	845	139	G	0	0	139	42.0935251798561
A_NP	846	139	G	0	0	138	42.6231884057971
A_NP	847	139	C	0	0	139	42.1798561151079
A_NP	848	139	T	0	0	138	42.4855072463768
A_NP	849	139	T	0	0	138	42.8405797101449
A_NP	850	139	G	0	0	138	41.4057971014493
A_NP	851	139	C	0	0	139	42.0503597122302
A_NP	852	139	A	0	0	139	41.8561151079137
A_NP	853	139	G	0	0	139	41.4964028776978
A_NP	854	139	T	0	0	139	41.3237410071942
A_NP	855	139	A	0	0	139	40.136690647482
A_NP	856	139	G	0	0	139	38.8920863309352
A_NP	857	139	C	0	0	139	39.5179856115108
A_NP	858	139	A	0	0	139	38.589928057554
A_NP	859	139	A	0	0	138	39.3913043478261
A_NP	860	139	G	0	0	138	39.6159420289855
A_NP	861	139	T	0	0	139	39.9568345323741
A_NP	862	139	G	0	0	139	39.6402877697842
A_NP	863	139	G	0	0	139	39.726618705036
A_NP	864	138	C	1	0	138	40.8695652173913
A_NP	865	139	C	0	0	139	40.0431654676259
A_NP	866	139	A	0	0	138	40.4130434782609
A_NP	867	139	T	0	0	139	40.9928057553957
A_NP	868	139	G	0	0	139	39.1223021582734
A_NP	869	139	A	0	0	139	38.6762589928058
A_NP	870	139	C	0	0	139	38.568345323741
A_NP	871	139	T	0	0	139	37.4460431654676
A_NP	872	139	T	0	0	139	38.3525179856115
A_NP	873	139	T	0	0	139	38.4388489208633
A_NP	874	139	G	0	0	138	37.1376811594203
A_NP	875	139	A	0	0	139	38.1223021582734
A_NP	876	139	G	0	0	139	38.3453237410072
A_NP	877	139	A	0	0	139	38.2014388489209
A_NP	878	138	G	1	0	138	38.6666666666667
A_NP	879	139	G	0	0	137	39.8686131386861
A_NP	880	139	G	0	0	138	40.6086956521739
A_NP	881	139	A	0	0	139	40.7841726618705
A_NP	882	138	A	1	0	137	41.1021897810219
A_NP	883	138	G	1	0	138	39.9130434782609
A_NP	884	138	G	1	0	138	40.2173913043478
A_NP	885	139	G	0	0	139	41.9928057553957
A_NP	886	139	T	0	0	137	42.1386861313869
A_NP	887	138	A	1	0	138	40.8260869565217
A_NP	888	139	C	0	0	136	40.6102941176471
A_NP	889	139	T	0	0	138	40.0652173913044
A_NP	890	139	C	0	0	138	39.5217391304348
A_NP	891	139	A	0	0	139	39.1726618705036
A_NP	892	138	C	1	0	138	38.8405797101449
A_NP	893	139	T	0	0	139	39.5251798561151
A_NP	894	138	G	1	0	131	34.3740458015267
A_NP	895	139	G	0	0	139	32.1007194244604
A_NP	896	139	T	0	0	139	31.6043165467626
A_NP	897	138	C	1	0	131	31.1603053435114
A_NP	898	138	G	1	0	132	30.280303030303
A_NP	899	139	G	0	0	139	29.3956834532374
A_NP	900	137	A	2	0	136	29.1617647058824
A_NP	901	138	A	1	0	137	30.3576642335766
A_NP	902	138	T	1	0	134	32.5074626865672
A_NP	903	138	A	1	0	137	31.6934306569343
A_NP	904	138	G	1	0	137	30.8540145985401
A_NP	905	137	A	2	0	137	31.1678832116788
A_NP	906	137	C	2	0	137	31.1605839416058
A_NP	907	139	C	0	0	138	31.6739130434783
A_NP	908	139	C	0	0	139	33.1870503597122
A_NP	909	139	A	0	0	138	33.3333333333333
A_NP	910	139	T	0	0	139	35.6187050359712
A_NP	911	139	T	0	0	139	37.8489208633094
A_NP	912	138	C	1	0	138	36.536231884058
A_NP	913	138	A	1	0	138	36.3840579710145
A_NP	914	138	A	1	0	138	37.768115942029
A_NP	915	138	A	1	0	138	37.2608695652174
A_NP	916	139	T	0	0	139	37.410071942446
A_NP	917	139	T	0	0	138	37.6594202898551
A_NP	918	138	A	1	0	138	36.963768115942
A_NP	919	139	C	0	0	139	36.7482014388489
A_NP	920	139	T	0	0	139	36.5035971223022
A_NP	921	139	C	0	0	138	36.4275362318841
A_NP	922	139	C	0	0	138	36.3333333333333
A_NP	923	139	A	0	0	139	36.8201438848921
A_NP	924	139	A	0	0	139	38.4676258992806
A_NP	925	139	A	0	0	139	40.5971223021583
A_NP	926	139	A	0	0	139	41.3309352517986
A_NP	927	139	C	0	0	139	41.7985611510791
A_NP	928	139	A	0	0	139	41.1654676258993
A_NP	929	139	G	0	0	139	41.2086330935252
A_NP	930	139	T	0	0	138	41.2753623188406
A_NP	931	139	C	0	0	138	41.8985507246377
A_NP	932	139	A	0	0	139	41.6043165467626
A_NP	933	139	A	0	0	139	42.5323741007194
A_NP	934	139	G	0	0	139	41.3165467625899
A_NP	935	139	T	0	0	139	41.6115107913669
A_NP	936	139	G	0	0	139	41.4820143884892
A_NP	937	139	G	0	0	139	42.1510791366906
A_NP	938	139	T	0	0	139	41.2877697841727
A_NP	939	139	C	0	0	139	39.2446043165468
A_NP	940	139	A	0	0	139	40.3381294964029
A_NP	941	139	G	0	0	139	40.5035971223022
A_NP	942	140	C	0	0	140	41.05
A_NP	943	140	C	0	0	140	41.6285714285714
A_NP	944	140	T	0	0	140	42.1785714285714
A_NP	945	140	G	0	0	140	40.6571428571429
A_NP	946	140	A	0	0	140	40.75
A_NP	947	140	T	0	0	140	40.9071428571429
A_NP	948	140	G	0	0	140	39.5714285714286
A_NP	949	140	A	0	0	140	39.9857142857143
A_NP	950	138	G	2	0	138	40.0217391304348
A_NP	951	140	A	0	0	138	40.0652173913044
A_NP	952	140	C	0	0	140	40.7071428571429
A_NP	953	140	C	0	0	140	40.3857142857143
A_NP	954	129	A	11	0	129	40.1627906976744
A_NP	955	140	A	0	0	140	41.15
A_NP	956	140	A	0	0	138	42.2391304347826
A_NP	957	140	T	0	0	140	41.6857142857143
A_NP	958	138	G	2	0	138	41.1304347826087
A_NP	959	140	A	0	0	140	41.3857142857143
A_NP	960	140	A	0	0	140	40.6857142857143
A_NP	961	140	A	0	0	140	41.35
A_NP	962	140	A	0	0	140	41.7714285714286
A_NP	963	140	T	0	0	140	41.2571428571429
A_NP	964	139	C	0	0	139	40.4676258992806
A_NP	965	139	C	0	0	139	40.8273381294964
A_NP	966	139	A	0	0	139	40.2661870503597
A_NP	967	138	G	1	0	138	40.3260869565217
A_NP	968	138	C	1	0	137	40.7153284671533
A_NP	969	138	T	1	0	138	40.7246376811594
A_NP	970	139	C	0	0	139	38.8705035971223
A_NP	971	139	A	0	0	139	37.6043165467626
A_NP	972	139	C	0	0	138	35.7391304347826
A_NP	973	138	A	1	0	137	34.036496350365
A_NP	974	139	A	0	0	139	35.0431654676259
A_NP	975	139	G	0	0	139	36.7410071942446
A_NP	976	139	A	0	0	138	37.804347826087
A_NP	977	139	G	0	0	139	38.7985611510791
A_NP	978	139	T	0	0	138	40.8623188405797
A_NP	979	139	C	0	0	139	39.7410071942446
A_NP	980	139	A	0	0	138	40.304347826087
A_NP	981	139	A	0	0	138	40.5507246376812
A_NP	982	139	C	0	0	139	40.5395683453237
A_NP	983	139	T	0	0	139	41.431654676259
A_NP	984	139	G	0	0	139	42.2014388489209
A_NP	985	139	G	0	0	139	41.9712230215827
A_NP	986	139	T	0	0	138	42.3768115942029
A_NP	987	139	A	0	0	138	42.036231884058
A_NP	988	139	T	0	0	139	42.0287769784173
A_NP	989	139	G	0	0	139	41
A_NP	990	139	G	0	0	139	41.8776978417266
A_NP	991	139	A	0	0	139	41.6762589928058
A_NP	992	139	T	0	0	139	42.294964028777
A_NP	993	139	G	0	0	139	41.4892086330935
A_NP	994	139	G	0	0	139	41.1942446043165
A_NP	995	138	C	1	0	138	40.7536231884058
A_NP	996	138	A	1	0	138	40.4927536231884
A_NP	997	139	T	0	0	139	41.136690647482
A_NP	998	139	G	0	0	137	40.6934306569343
A_NP	999	139	C	0	0	139	40.6834532374101
A_NP	1000	139	C	0	0	138	40.9710144927536
A_NP	1001	140	A	0	0	140	39.9285714285714
A_NP	1002	140	C	0	0	140	39.4785714285714
A_NP	1003	141	T	0	0	141	40.0851063829787
A_NP	1004	140	C	1	0	139	40.0143884892086
A_NP	1005	141	C	0	0	140	39.4928571428571
A_NP	1006	140	G	1	0	140	38.2285714285714
A_NP	1007	141	C	0	0	141	37.5460992907801
A_NP	1008	141	T	0	0	141	37.2198581560284
A_NP	1009	141	G	0	0	140	37.7928571428571
A_NP	1010	141	C	0	0	141	38.822695035461
A_NP	1011	140	A	1	0	140	39.6285714285714
A_NP	1012	138	T	3	0	138	40.3840579710145
A_NP	1013	141	T	0	0	141	40.4326241134752
A_NP	1014	141	T	0	0	141	40.9290780141844
A_NP	1015	141	G	0	0	141	39.2340425531915
A_NP	1016	141	A	0	0	141	40.1205673758865
A_NP	1017	141	A	0	0	141	41
A_NP	1018	141	G	0	0	141	39.9432624113475
A_NP	1019	141	A	0	0	141	40.290780141844
A_NP	1020	140	T	1	0	140	39.7071428571429
A_NP	1021	140	T	1	0	140	39.2714285714286
A_NP	1022	141	T	0	0	141	39.3333333333333
A_NP	1023	140	G	1	0	140	36.7642857142857
A_NP	1024	139	A	2	0	139	37.589928057554
A_NP	1025	140	G	1	0	140	37.8571428571429
A_NP	1026	141	A	0	0	141	38.9574468085106
A_NP	1027	141	G	0	0	141	39.2765957446809
A_NP	1028	140	T	1	0	139	39.8057553956835
A_NP	1029	141	A	0	0	139	40.3309352517986
A_NP	1030	141	T	0	0	141	39.8014184397163
A_NP	1031	141	C	0	0	140	38.2714285714286
A_NP	1032	141	A	0	0	141	38.3049645390071
A_NP	1033	141	A	0	0	140	37.8214285714286
A_NP	1034	141	G	0	0	138	36.7391304347826
A_NP	1035	141	T	0	0	139	38.2230215827338
A_NP	1036	141	T	0	0	141	39.2127659574468
A_NP	1037	141	T	0	0	141	41.3475177304965
A_NP	1038	141	C	0	0	136	37.7647058823529
A_NP	1039	141	A	0	0	137	37.2919708029197
A_NP	1040	141	T	0	0	141	38.2198581560284
A_NP	1041	141	A	0	0	141	36.3404255319149
A_NP	1042	140	A	1	0	140	36.45
A_NP	1043	129	G	12	0	129	35.5348837209302
A_NP	1044	140	G	1	0	140	37.6428571428571
A_NP	1045	140	G	1	0	140	38.5785714285714
A_NP	1046	140	G	1	0	138	37.6159420289855
A_NP	1047	139	A	2	0	139	38.7625899280576
A_NP	1048	140	A	1	0	140	41.75
A_NP	1049	141	A	0	0	140	41.9642857142857
A_NP	1050	141	G	0	0	141	39.3617021276596
A_NP	1051	141	A	0	0	141	40.6241134751773
A_NP	1052	141	A	0	0	141	40.7872340425532
A_NP	1053	141	A	0	0	139	40.2446043165468
A_NP	1054	141	G	0	0	141	38.6808510638298
A_NP	1055	141	T	0	0	141	39.6524822695035
A_NP	1056	141	G	0	0	141	38.0212765957447
A_NP	1057	141	A	0	0	141	37.4184397163121
A_NP	1058	141	T	0	0	141	36.8936170212766
A_NP	1059	139	C	2	0	138	33.6304347826087
A_NP	1060	141	C	0	0	141	34.7375886524823
A_NP	1061	141	C	0	0	141	35.6524822695035
A_NP	1062	140	A	1	0	140	31.3142857142857
A_NP	1063	140	A	1	0	140	32.9642857142857
A_NP	1064	141	G	0	0	141	35.1276595744681
A_NP	1065	141	A	0	0	141	34.5248226950355
A_NP	1066	141	G	0	0	141	34.2056737588652
A_NP	1067	141	G	0	0	141	37.886524822695
A_NP	1068	141	A	0	0	140	37.3857142857143
A_NP	1069	141	A	0	0	141	37.886524822695
A_NP	1070	141	A	0	0	141	40.1631205673759
A_NP	1071	141	G	0	0	141	40.1276595744681
A_NP	1072	141	C	0	0	141	40.2765957446809
A_NP	1073	140	T	1	0	140	40.6071428571429
A_NP	1074	141	T	0	0	141	40.1063829787234
A_NP	1075	141	T	0	0	141	40.8156028368794
A_NP	1076	140	C	1	0	140	39.6071428571429
A_NP	1077	140	C	1	0	140	40.5642857142857
A_NP	1078	140	A	1	0	140	37.2
A_NP	1079	140	C	1	0	140	36.0785714285714
A_NP	1080	139	A	2	0	139	35.3525179856115
A_NP	1081	141	A	0	0	141	32.9645390070922
A_NP	1082	141	G	0	0	141	33.4113475177305
A_NP	1083	141	A	0	0	141	33.2765957446809
A_NP	1084	141	G	0	0	141	32.8510638297872
A_NP	1085	141	G	0	0	141	36.4397163120567
A_NP	1086	141	G	0	0	141	39.7943262411348
A_NP	1087	141	G	0	0	141	39.1985815602837
A_NP	1088	141	T	0	0	141	39.4113475177305
A_NP	1089	141	T	0	0	141	40.0425531914894
A_NP	1090	141	C	0	0	141	38.0851063829787
A_NP	1091	141	A	0	0	141	37.7801418439716
A_NP	1092	140	G	1	0	140	38.3642857142857
A_NP	1093	141	A	0	0	141	38.3475177304965
A_NP	1094	141	T	0	0	140	39.1214285714286
A_NP	1095	141	T	0	0	141	40.1560283687943
A_NP	1096	141	G	0	0	140	40.0214285714286
A_NP	1097	141	C	0	0	141	39.5744680851064
A_NP	1098	140	T	1	0	140	39.5357142857143
A_NP	1099	141	T	0	0	140	39.6428571428571
A_NP	1100	141	C	0	0	141	37.8297872340426
A_NP	1101	141	A	0	0	141	38.3404255319149
A_NP	1102	141	A	0	0	141	39.4539007092199
A_NP	1103	141	A	0	0	140	39.5571428571429
A_NP	1104	140	T	0	0	140	37.5642857142857
A_NP	1105	140	G	0	0	140	38.5357142857143
A_NP	1106	140	A	0	0	139	39.2877697841727
A_NP	1107	140	G	0	0	139	38.8489208633094
A_NP	1108	140	A	0	0	140	38.5571428571429
A_NP	1109	140	A	0	0	140	38.5571428571429
A_NP	1110	140	T	0	0	139	38.0143884892086
A_NP	1111	140	G	0	0	139	38.6978417266187
A_NP	1112	140	T	0	0	139	39.863309352518
A_NP	1113	140	G	0	0	140	39.8642857142857
A_NP	1114	140	G	0	0	139	40.9208633093525
A_NP	1115	140	A	0	0	140	40.7
A_NP	1116	140	A	0	0	140	42.3714285714286
A_NP	1117	140	A	0	0	140	43.1785714285714
A_NP	1118	140	C	0	0	140	42.2642857142857
A_NP	1119	140	C	0	0	140	42.3
A_NP	1120	140	A	0	0	140	41.1714285714286
A_NP	1121	140	T	0	0	139	41.5179856115108
A_NP	1122	140	G	0	0	140	39.9571428571429
A_NP	1123	140	G	0	0	140	40.2214285714286
A_NP	1124	140	A	0	0	139	40.6258992805755
A_NP	1125	140	C	0	0	140	39.8357142857143
A_NP	1126	140	T	0	0	137	40.4963503649635
A_NP	1127	139	C	1	0	139	40.7697841726619
A_NP	1128	140	C	0	0	140	40.8357142857143
A_NP	1129	140	A	0	0	140	40.5428571428571
A_NP	1130	140	A	0	0	140	41.4571428571429
A_NP	1131	139	C	1	0	139	41.158273381295
A_NP	1132	139	A	1	0	139	40.4244604316547
A_NP	1133	139	C	1	0	137	41.2408759124088
A_NP	1134	139	C	1	0	139	40.3525179856115
A_NP	1135	141	C	0	0	141	39.6808510638298
A_NP	1136	141	T	0	0	141	39.1631205673759
A_NP	1137	141	G	0	0	141	38.6312056737589
A_NP	1138	141	G	0	0	141	38.1560283687943
A_NP	1139	141	A	0	0	141	38.6666666666667
A_NP	1140	141	A	0	0	140	39.0071428571429
A_NP	1141	141	C	0	0	140	39.1142857142857
A_NP	1142	141	T	0	0	139	38.7338129496403
A_NP	1143	141	A	0	0	141	37.3900709219858
A_NP	1144	141	A	0	0	141	36.5531914893617
A_NP	1145	141	G	0	0	140	36.4285714285714
A_NP	1146	141	A	0	0	141	37.3049645390071
A_NP	1147	141	A	0	0	141	38.5673758865248
A_NP	1148	141	G	0	0	141	40.4255319148936
A_NP	1149	141	C	0	0	140	41.0928571428571
A_NP	1150	141	A	0	0	141	40.5531914893617
A_NP	1151	141	G	0	0	141	40.2340425531915
A_NP	1152	141	A	0	0	141	40.0851063829787
A_NP	1153	141	T	0	0	139	40.2302158273381
A_NP	1154	141	A	0	0	140	38.8357142857143
A_NP	1155	140	C	1	0	139	37.8273381294964
A_NP	1156	141	T	0	0	141	37.9787234042553
A_NP	1157	141	G	0	0	141	36.3404255319149
A_NP	1158	141	G	0	0	141	35.8510638297872
A_NP	1159	141	G	0	0	141	35.1276595744681
A_NP	1160	141	C	0	0	141	35.4255319148936
A_NP	1161	141	C	0	0	141	36.0567375886525
A_NP	1162	141	A	0	0	141	37.4326241134752
A_NP	1163	141	T	0	0	141	39.2198581560284
A_NP	1164	140	A	2	0	140	37.7142857142857
A_NP	1165	142	A	0	0	141	37.0425531914894
A_NP	1166	142	G	0	0	141	36.2198581560284
A_NP	1167	142	A	0	0	141	36.3758865248227
A_NP	1168	142	A	0	0	142	36.0915492957746
A_NP	1169	142	C	0	0	142	38.1830985915493
A_NP	1170	142	C	0	0	142	37.9718309859155
A_NP	1171	143	A	0	0	142	37.943661971831
A_NP	1172	143	G	0	0	143	39.3006993006993
A_NP	1173	143	G	0	0	143	39.3356643356643
A_NP	1174	143	A	0	0	141	39.1063829787234
A_NP	1175	143	G	0	0	143	39.6783216783217
A_NP	1176	143	T	0	0	141	39.6382978723404
A_NP	1177	142	G	1	0	142	37.943661971831
A_NP	1178	142	G	1	0	142	36.8732394366197
A_NP	1179	142	A	1	0	142	36.7676056338028
A_NP	1180	141	G	2	0	141	37.5035460992908
A_NP	1181	142	G	1	0	142	37.2957746478873
A_NP	1182	141	A	2	0	140	36.9642857142857
A_NP	1183	142	A	1	0	140	37.1714285714286
A_NP	1184	143	A	0	0	143	38.9300699300699
A_NP	1185	143	T	0	0	143	38.4475524475524
A_NP	1186	143	A	0	0	140	38.5214285714286
A_NP	1187	142	C	1	0	142	38.556338028169
A_NP	1188	143	C	0	0	143	37.006993006993
A_NP	1189	143	A	0	0	142	36.3028169014084
A_NP	1190	143	A	0	0	143	35.5664335664336
A_NP	1191	143	T	0	0	143	36.6573426573427
A_NP	1192	143	C	0	0	138	37.5797101449275
A_NP	1193	143	A	0	0	143	36.5034965034965
A_NP	1194	143	A	0	0	143	36.951048951049
A_NP	1195	143	C	0	0	143	35.2377622377622
A_NP	1196	143	A	0	0	143	35.5034965034965
A_NP	1197	143	G	0	0	142	37.8732394366197
A_NP	1198	143	A	0	0	143	39.4475524475524
A_NP	1199	143	A	0	0	143	40.6783216783217
A_NP	1200	143	G	0	0	143	40.1818181818182
A_NP	1201	143	G	0	0	143	40.0699300699301
A_NP	1202	142	C	1	0	142	40.8661971830986
A_NP	1203	142	A	1	0	142	39.7887323943662
A_NP	1204	142	T	1	0	142	40.4859154929577
A_NP	1205	143	C	0	0	143	40.3496503496503
A_NP	1206	143	T	0	0	143	41.3986013986014
A_NP	1207	143	G	0	0	143	41.3216783216783
A_NP	1208	143	C	0	0	143	41.048951048951
A_NP	1209	143	A	0	0	143	39.8531468531469
A_NP	1210	143	G	0	0	143	40.3496503496503
A_NP	1211	143	G	0	0	143	39.0629370629371
A_NP	1212	143	T	0	0	143	39.7552447552448
A_NP	1213	143	C	0	0	143	39.8741258741259
A_NP	1214	143	A	0	0	142	40.9507042253521
A_NP	1215	143	G	0	0	143	40.9370629370629
A_NP	1216	143	A	0	0	143	41.006993006993
A_NP	1217	143	T	0	0	143	40.4475524475524
A_NP	1218	143	C	0	0	143	39.5734265734266
A_NP	1219	143	A	0	0	143	40.4265734265734
A_NP	1220	143	G	0	0	143	39.6993006993007
A_NP	1221	143	T	0	0	143	40.6433566433566
A_NP	1222	143	G	0	0	143	40.1608391608392
A_NP	1223	143	T	0	0	143	41.6503496503497
A_NP	1224	143	G	0	0	143	41.8811188811189
A_NP	1225	143	C	0	0	143	42.048951048951
A_NP	1226	143	A	0	0	143	42.8601398601399
A_NP	1227	143	G	0	0	143	42.6993006993007
A_NP	1228	143	C	0	0	142	42.387323943662
A_NP	1229	143	C	0	0	143	41.8321678321678
A_NP	1230	143	T	0	0	143	42.2727272727273
A_NP	1231	143	A	0	0	143	41.3286713286713
A_NP	1232	143	C	0	0	143	41.7412587412587
A_NP	1233	143	A	0	0	143	40.6853146853147
A_NP	1234	143	T	0	0	143	41.6223776223776
A_NP	1235	142	T	1	0	142	41.4788732394366
A_NP	1236	141	C	1	0	141	41.1276595744681
A_NP	1237	142	T	0	0	142	41.2464788732394
A_NP	1238	142	C	0	0	141	39.8085106382979
A_NP	1239	142	A	0	0	142	40.5070422535211
A_NP	1240	142	G	0	0	142	39.4718309859155
A_NP	1241	142	T	0	0	141	41.063829787234
A_NP	1242	142	G	0	0	142	41.0070422535211
A_NP	1243	142	C	0	0	141	41.7517730496454
A_NP	1244	142	A	0	0	142	41.6056338028169
A_NP	1245	142	G	0	0	142	41.5211267605634
A_NP	1246	142	C	0	0	141	41.1489361702128
A_NP	1247	142	G	0	0	141	38.758865248227
A_NP	1248	141	A	1	0	141	39.1489361702128
A_NP	1249	141	A	1	0	141	39.3829787234043
A_NP	1250	141	A	1	0	141	39.6382978723404
A_NP	1251	141	T	1	0	141	40.7730496453901
A_NP	1252	141	C	1	0	139	41.9352517985612
A_NP	1253	142	T	0	0	142	42.169014084507
A_NP	1254	140	C	2	0	137	40.8905109489051
A_NP	1255	142	C	0	0	142	39.6338028169014
A_NP	1256	142	C	0	0	142	37.7464788732394
A_NP	1257	137	T	5	0	135	36.3185185185185
A_NP	1258	142	T	0	0	142	36.4647887323944
A_NP	1259	142	T	0	0	141	40.0141843971631
A_NP	1260	142	T	0	0	140	38.15
A_NP	1261	140	G	2	0	140	32.5714285714286
A_NP	1262	141	A	1	0	141	37.3687943262411
A_NP	1263	142	A	0	0	142	37
A_NP	1264	142	A	0	0	142	37.443661971831
A_NP	1265	142	G	0	0	140	38.0714285714286
A_NP	1266	143	A	0	0	143	38.8881118881119
A_NP	1267	143	G	0	0	142	39.4577464788732
A_NP	1268	143	C	0	0	141	39.3475177304965
A_NP	1269	142	A	1	0	142	39.0352112676056
A_NP	1270	143	A	0	0	142	38.8661971830986
A_NP	1271	143	C	0	0	142	39.2042253521127
A_NP	1272	143	C	0	0	141	39.6382978723404
A_NP	1273	143	A	0	0	141	39.9432624113475
A_NP	1274	143	T	0	0	143	40.4405594405594
A_NP	1275	143	T	0	0	143	41.2027972027972
A_NP	1276	143	A	0	0	141	40.4397163120567
A_NP	1277	143	T	0	0	143	40.4055944055944
A_NP	1278	143	G	0	0	143	39.3496503496503
A_NP	1279	142	G	1	0	142	39.2676056338028
A_NP	1280	142	C	1	0	142	39.3028169014084
A_NP	1281	143	A	0	0	142	37.6056338028169
A_NP	1282	143	G	0	0	142	40.4718309859155
A_NP	1283	143	C	0	0	142	41.1056338028169
A_NP	1284	143	A	0	0	142	40.9929577464789
A_NP	1285	143	T	0	0	142	41.9295774647887
A_NP	1286	143	T	0	0	143	41.7132867132867
A_NP	1287	143	C	0	0	143	41.1188811188811
A_NP	1288	143	A	0	0	143	40.0839160839161
A_NP	1289	143	G	0	0	143	39.965034965035
A_NP	1290	143	C	0	0	143	38.1468531468531
A_NP	1291	143	G	0	0	143	36.5454545454545
A_NP	1292	143	G	0	0	143	36.8111888111888
A_NP	1293	142	A	0	0	142	37.4647887323944
A_NP	1294	142	A	0	0	142	37.5140845070423
A_NP	1295	142	A	0	0	141	39.6312056737589
A_NP	1296	142	C	0	0	141	41.3475177304965
A_NP	1297	142	A	0	0	141	39.645390070922
A_NP	1298	142	A	0	0	142	40.3239436619718
A_NP	1299	142	T	0	0	142	41.3521126760563
A_NP	1300	142	G	0	0	142	39.5281690140845
A_NP	1301	142	A	0	0	142	40.5281690140845
A_NP	1302	142	A	0	0	141	40.9787234042553
A_NP	1303	142	G	0	0	142	40.2816901408451
A_NP	1304	142	G	0	0	142	40.4295774647887
A_NP	1305	142	A	0	0	142	40.669014084507
A_NP	1306	142	C	0	0	141	39.3758865248227
A_NP	1307	142	G	0	0	142	36.1197183098592
A_NP	1308	142	G	0	0	141	36.7163120567376
A_NP	1309	142	A	0	0	142	36.6901408450704
A_NP	1310	142	C	0	0	141	37.5177304964539
A_NP	1311	142	A	0	0	142	39.4577464788732
A_NP	1312	142	T	0	0	142	41.669014084507
A_NP	1313	142	C	0	0	142	41.1901408450704
A_NP	1314	142	C	0	0	142	40.7605633802817
A_NP	1315	142	G	0	0	141	39.1843971631206
A_NP	1316	142	A	0	0	142	39.6971830985916
A_NP	1317	142	C	0	0	142	39.8169014084507
A_NP	1318	142	A	0	0	142	38.9366197183099
A_NP	1319	142	T	0	0	142	39.9366197183099
A_NP	1320	142	G	0	0	142	40.0211267605634
A_NP	1321	142	C	0	0	142	39.5704225352113
A_NP	1322	142	G	0	0	141	36.8581560283688
A_NP	1323	142	A	0	0	142	37.0915492957746
A_NP	1324	142	A	0	0	142	37.0915492957746
A_NP	1325	142	C	0	0	141	36.7234042553191
A_NP	1326	142	A	0	0	142	37.4647887323944
A_NP	1327	142	G	0	0	142	39.8802816901408
A_NP	1328	142	A	0	0	142	40.4084507042254
A_NP	1329	142	A	0	0	142	40.2394366197183
A_NP	1330	142	G	0	0	142	39.5492957746479
A_NP	1331	142	T	0	0	142	39.2957746478873
A_NP	1332	142	T	0	0	142	38.8098591549296
A_NP	1333	142	A	0	0	142	38.0281690140845
A_NP	1334	142	T	0	0	142	39.3098591549296
A_NP	1335	142	A	0	0	142	39.0985915492958
A_NP	1336	141	A	1	0	141	40.2269503546099
A_NP	1337	141	G	1	0	140	38.95
A_NP	1338	141	A	1	0	141	39.0709219858156
A_NP	1339	141	A	1	0	140	39.6714285714286
A_NP	1340	141	T	1	0	141	40.2553191489362
A_NP	1341	142	G	0	0	141	40.2127659574468
A_NP	1342	142	A	0	0	142	40.2887323943662
A_NP	1343	142	T	0	0	142	41.9929577464789
A_NP	1344	142	G	0	0	142	40.4859154929577
A_NP	1345	142	G	0	0	142	40.8943661971831
A_NP	1346	142	A	0	0	142	40.5492957746479
A_NP	1347	142	A	0	0	142	41.1408450704225
A_NP	1348	142	A	0	0	142	42.056338028169
A_NP	1349	142	G	0	0	142	40.7746478873239
A_NP	1350	142	T	0	0	142	40.1267605633803
A_NP	1351	142	G	0	0	142	39.7676056338028
A_NP	1352	142	C	0	0	142	40.0985915492958
A_NP	1353	142	A	0	0	142	38.0774647887324
A_NP	1354	142	A	0	0	142	39.9014084507042
A_NP	1355	142	A	0	0	142	40.8239436619718
A_NP	1356	142	G	0	0	142	40.8521126760563
A_NP	1357	142	C	0	0	142	41.3028169014084
A_NP	1358	142	C	0	0	142	41.7112676056338
A_NP	1359	142	A	0	0	142	41.0070422535211
A_NP	1360	142	G	0	0	142	40.5281690140845
A_NP	1361	142	A	0	0	142	39.830985915493
A_NP	1362	141	G	1	0	141	38.6028368794326
A_NP	1363	142	G	0	0	142	38.7464788732394
A_NP	1364	142	A	0	0	142	39.0915492957746
A_NP	1365	142	T	0	0	142	38.7746478873239
A_NP	1366	142	T	0	0	141	39.9007092198582
A_NP	1367	142	T	0	0	141	40.6312056737589
A_NP	1368	141	G	1	0	141	40.4255319148936
A_NP	1369	141	T	1	0	141	41.6382978723404
A_NP	1370	141	C	1	0	141	40.1985815602837
A_NP	1371	142	C	0	0	142	39.3169014084507
A_NP	1372	142	T	0	0	141	38.8368794326241
A_NP	1373	142	T	0	0	142	38.2183098591549
A_NP	1374	141	C	1	0	141	35.6382978723404
A_NP	1375	142	C	0	0	142	35.5422535211268
A_NP	1376	142	A	0	0	142	32.2112676056338
A_NP	1377	141	G	1	0	141	32.5177304964539
A_NP	1378	141	G	1	0	141	35.4893617021277
A_NP	1379	141	G	1	0	141	37.6595744680851
A_NP	1380	141	G	1	0	141	37.2482269503546
A_NP	1381	141	C	1	0	140	38.4928571428571
A_NP	1382	133	G	9	0	131	34.5038167938931
A_NP	1383	138	G	4	0	138	35.5289855072464
A_NP	1384	141	G	1	0	141	34.1205673758865
A_NP	1385	141	G	1	0	139	33.7769784172662
A_NP	1386	141	A	1	0	139	36.4604316546763
A_NP	1387	142	G	0	0	137	36.8321167883212
A_NP	1388	142	T	0	0	141	36.6099290780142
A_NP	1389	142	C	0	0	140	36.4785714285714
A_NP	1390	142	T	0	0	141	36.7375886524823
A_NP	1391	141	T	1	0	141	36.6028368794326
A_NP	1392	140	C	2	0	138	35.1666666666667
A_NP	1393	141	G	1	0	138	33.3333333333333
A_NP	1394	142	A	0	0	142	32.6408450704225
A_NP	1395	142	G	0	0	141	33.3617021276596
A_NP	1396	141	C	1	0	138	33.8840579710145
A_NP	1397	142	T	0	0	140	35.0214285714286
A_NP	1398	141	C	1	0	139	35.1654676258993
A_NP	1399	139	T	3	0	139	35.0719424460432
A_NP	1400	140	C	2	0	140	32.8428571428571
A_NP	1401	140	G	2	0	140	30.45
A_NP	1402	141	G	1	0	139	30.6834532374101
A_NP	1403	142	A	0	0	142	30.6197183098592
A_NP	1404	142	C	0	0	141	30.9290780141844
A_NP	1405	136	G	6	0	129	25.953488372093
A_NP	1406	140	A	2	0	140	26.1142857142857
A_NP	1407	140	A	2	0	140	26.1428571428571
A_NP	1408	141	A	1	0	141	26.645390070922
A_NP	1409	141	A	1	0	141	27.4964539007092
A_NP	1410	141	G	1	0	141	33.7375886524823
A_NP	1411	141	G	1	0	141	35.4964539007092
A_NP	1412	140	C	2	0	139	34.9856115107914
A_NP	1413	142	A	0	0	141	33.6524822695035
A_NP	1414	142	A	0	0	142	34.3802816901408
A_NP	1415	142	C	0	0	139	34.3021582733813
A_NP	1416	142	G	0	0	139	32.8561151079137
A_NP	1417	142	A	0	0	142	32.9366197183099
A_NP	1418	142	A	0	0	140	33.2071428571429
A_NP	1419	141	C	1	0	139	32.7625899280576
A_NP	1420	142	C	0	0	142	33.1549295774648
A_NP	1421	142	C	0	0	141	33.4822695035461
A_NP	1422	142	G	0	0	137	33.5474452554745
A_NP	1423	142	A	0	0	142	33.169014084507
A_NP	1424	142	T	0	0	142	34.2887323943662
A_NP	1425	142	C	0	0	137	34.3649635036496
A_NP	1426	142	G	0	0	142	36.2183098591549
A_NP	1427	142	T	0	0	142	36.6267605633803
A_NP	1428	142	G	0	0	142	35.5422535211268
A_NP	1429	142	C	0	0	141	35.9787234042553
A_NP	1430	142	C	0	0	141	36
A_NP	1431	142	T	0	0	142	36.9507042253521
A_NP	1432	142	T	0	0	142	36.7112676056338
A_NP	1433	142	C	0	0	142	35.3098591549296
A_NP	1434	142	C	0	0	142	35.3239436619718
A_NP	1435	141	T	1	0	141	36.5106382978723
A_NP	1436	142	T	0	0	142	36.6549295774648
A_NP	1437	142	T	0	0	140	37.0642857142857
A_NP	1438	142	G	0	0	142	33.330985915493
A_NP	1439	142	A	0	0	142	34.8380281690141
A_NP	1440	142	C	0	0	142	38.3591549295775
A_NP	1441	142	A	0	0	142	37.443661971831
A_NP	1442	142	T	0	0	142	38.556338028169
A_NP	1443	142	G	0	0	141	37.7304964539007
A_NP	1444	142	A	0	0	142	38.0281690140845
A_NP	1445	142	G	0	0	142	37.6549295774648
A_NP	1446	141	T	1	0	141	38.5177304964539
A_NP	1447	141	A	1	0	141	38.4326241134752
A_NP	1448	142	A	0	0	142	39.7183098591549
A_NP	1449	142	T	0	0	142	39.3802816901408
A_NP	1450	142	G	0	0	142	40.1338028169014
A_NP	1451	142	A	0	0	142	40.1197183098592
A_NP	1452	142	A	0	0	142	40.6338028169014
A_NP	1453	140	G	2	0	140	39.8142857142857
A_NP	1454	141	G	1	0	141	39.8936170212766
A_NP	1455	141	G	1	0	141	40.9645390070922
A_NP	1456	141	T	1	0	141	39.5815602836879
A_NP	1457	141	C	1	0	141	38.6737588652482
A_NP	1458	141	T	1	0	141	38.5177304964539
A_NP	1459	142	T	0	0	141	39.3404255319149
A_NP	1460	142	A	0	0	142	38.1338028169014
A_NP	1461	142	T	0	0	141	38.5035460992908
A_NP	1462	142	T	0	0	142	37.9225352112676
A_NP	1463	142	T	0	0	141	38.6382978723404
A_NP	1464	142	C	0	0	141	36.9787234042553
A_NP	1465	142	T	0	0	141	38.2482269503546
A_NP	1466	142	T	0	0	142	37.7112676056338
A_NP	1467	142	C	0	0	142	36.4788732394366
A_NP	1468	142	G	0	0	141	35.531914893617
A_NP	1469	142	G	0	0	141	35.6028368794326
A_NP	1470	142	A	0	0	142	35.9014084507042
A_NP	1471	142	G	0	0	142	35.6549295774648
A_NP	1472	142	A	0	0	141	36.9645390070922
A_NP	1473	142	C	0	0	142	37.6478873239437
A_NP	1474	142	A	0	0	139	35.3165467625899
A_NP	1475	142	A	0	0	142	34.9154929577465
A_NP	1476	142	T	0	0	142	35.1830985915493
A_NP	1477	142	G	0	0	142	34.9366197183099
A_NP	1478	142	C	0	0	142	35.9929577464789
A_NP	1479	141	A	1	0	141	37.6666666666667
A_NP	1480	142	G	0	0	142	36.9225352112676
A_NP	1481	142	A	0	0	142	36
A_NP	1482	142	G	0	0	142	35.4225352112676
A_NP	1483	142	G	0	0	142	36.2887323943662
A_NP	1484	142	A	0	0	142	36.2112676056338
A_NP	1485	142	G	0	0	142	36.2816901408451
A_NP	1486	142	T	0	0	142	34.8943661971831
A_NP	1487	142	A	0	0	142	34.8732394366197
A_NP	1488	142	T	0	0	142	36.7957746478873
A_NP	1489	142	G	0	0	142	37.1619718309859
A_NP	1490	142	A	0	0	142	38.612676056338
A_NP	1491	142	C	0	0	142	39.2676056338028
A_NP	1492	142	A	0	0	142	37.8661971830986
A_NP	1493	142	A	0	0	142	38.0140845070423
A_NP	1494	142	T	0	0	142	37.9788732394366
A_NP	1495	142	T	0	0	142	38
A_NP	1496	141	G	0	0	141	37.1063829787234
A_NP	1497	141	A	0	0	141	38.4042553191489
