Reference_Name	Position	Coverage Depth	Consensus	Deletions	Ambiguous	Consensus_Count	Consensus_Average_Quality
A_NS	1	1191	A	0	0	1191	40.3341729638959
A_NS	2	1192	T	0	0	1192	39.8951342281879
A_NS	3	1194	G	0	0	1194	39.64405360134
A_NS	4	1195	G	0	0	1193	39.4316848281643
A_NS	5	1195	A	0	0	1193	39.18692372171
A_NS	6	1195	A	0	0	1193	39.20871751886
A_NS	7	1195	T	0	0	1195	39.2702928870293
A_NS	8	1197	C	0	0	1194	38.8056951423786
A_NS	9	1197	C	0	0	1197	38.8145363408521
A_NS	10	1196	A	1	0	1191	38.296389588581
A_NS	11	1198	A	0	0	1196	37.8829431438127
A_NS	12	1198	C	0	0	1197	38.4352548036759
A_NS	13	1198	A	0	0	1194	38.4463986599665
A_NS	14	1198	C	0	0	1197	39.0359231411863
A_NS	15	1200	C	0	0	1198	39.2838063439065
A_NS	16	1200	A	0	0	1196	39.4841137123746
A_NS	17	1201	T	0	0	1197	39.5538847117794
A_NS	18	1201	G	0	0	1200	39.98
A_NS	19	1201	T	0	0	1198	40.9440734557596
A_NS	20	1200	C	1	0	1199	39.8548790658882
A_NS	21	1201	A	0	0	1199	40.2935779816514
A_NS	22	1202	A	0	0	1196	40.6538461538462
A_NS	23	1200	G	2	0	1194	40.7973199329983
A_NS	24	1202	C	0	0	1198	40.5834724540901
A_NS	25	1195	T	8	0	1194	39.2278056951424
A_NS	26	1201	T	2	0	1201	39.3755203996669
A_NS	27	1198	T	5	0	1197	39.0818713450292
A_NS	28	1197	C	6	0	1193	35.6211232187762
A_NS	29	1200	A	3	0	1196	36.683110367893
A_NS	30	1200	G	3	0	1200	37.3141666666667
A_NS	31	1203	G	0	0	1201	37.7826810990841
A_NS	32	1202	T	1	0	1200	38.2875
A_NS	33	1202	A	1	0	1194	39.8777219430486
A_NS	34	1202	G	1	0	1195	39.9707112970711
A_NS	35	1202	A	1	0	1196	40.5267558528428
A_NS	36	1202	C	1	0	1201	40.1873438800999
A_NS	37	1201	T	2	0	1197	40.9732664995823
A_NS	38	1201	G	2	0	1196	40.3561872909699
A_NS	39	1197	T	6	0	1194	40.2353433835846
A_NS	40	1199	T	4	0	1197	39.5296574770259
A_NS	41	1199	T	4	0	1198	39.2737896494157
A_NS	42	1199	T	4	0	1193	39.1768650461023
A_NS	43	1198	C	5	0	1185	36.3367088607595
A_NS	44	1156	T	47	0	1145	36.5877729257642
A_NS	45	1203	T	0	0	1201	37.2897585345545
A_NS	46	1203	T	0	0	1201	36.1107410491257
A_NS	47	1201	G	2	0	1200	32.2233333333333
A_NS	48	1204	G	0	0	1201	34.0466278101582
A_NS	49	1204	C	0	0	1203	40.4954280964256
A_NS	50	1202	A	2	0	1197	40.3918128654971
A_NS	51	1202	T	2	0	1200	41.1166666666667
A_NS	52	1202	A	2	0	1199	41.1726438698916
A_NS	53	1202	T	2	0	1200	41.0441666666667
A_NS	54	1202	T	2	0	1199	41.5004170141785
A_NS	55	1200	C	4	0	1192	40.631711409396
A_NS	56	1200	G	4	0	1199	40.2076730608841
A_NS	57	1203	C	2	0	1202	40.3810316139767
A_NS	58	1203	A	2	0	1201	40.2947543713572
A_NS	59	1204	A	1	0	1203	40.3549459684123
A_NS	60	1205	G	0	0	1202	41.2737104825291
A_NS	61	1205	C	0	0	1202	40.7687188019967
A_NS	62	1205	G	0	0	1196	39.378762541806
A_NS	63	1204	A	1	0	1203	38.5103906899418
A_NS	64	1202	T	3	0	1202	38.9891846921797
A_NS	65	1203	T	2	0	1203	38.9717373233583
A_NS	66	1202	T	3	0	1202	40.5723793677205
A_NS	67	1202	G	3	0	1201	41.0424646128226
A_NS	68	1202	C	3	0	1196	41.0459866220736
A_NS	69	1204	A	1	0	1202	40.4758735440932
A_NS	70	1204	G	1	0	1199	40.5012510425354
A_NS	71	1204	A	1	0	1204	40.1702657807309
A_NS	72	1203	C	2	0	1198	39.8046744574291
A_NS	73	1203	A	2	0	1200	38.3091666666667
A_NS	74	1205	A	0	0	1201	36.9225645295587
A_NS	75	1205	T	0	0	1204	36.1619601328904
A_NS	76	1203	G	2	0	1199	35.6839032527106
A_NS	77	1205	G	0	0	1199	36.1934945788157
A_NS	78	1205	A	0	0	1203	36.5378221113882
A_NS	79	1205	T	0	0	1200	39.1575
A_NS	80	1205	T	0	0	1165	39.8652360515021
A_NS	81	1195	G	10	0	1191	39.5163727959698
A_NS	82	1205	G	1	0	1203	39.6849542809643
A_NS	83	1206	G	0	0	1200	39.35
A_NS	84	1206	T	0	0	1201	39.3372189841798
A_NS	85	1203	G	3	0	1199	38.999165971643
A_NS	86	1206	A	0	0	1204	39.7375415282392
A_NS	87	1206	T	0	0	1200	39.5425
A_NS	88	1205	G	1	0	1202	38.8036605657238
A_NS	89	1170	C	36	0	1164	38.9243986254296
A_NS	90	1204	C	2	0	1201	37.3838467943381
A_NS	91	1204	C	2	0	1203	37.8420615128845
A_NS	92	1202	C	4	0	1197	34.5071010860485
A_NS	93	1203	A	3	0	1195	31.3364016736402
A_NS	94	1205	T	2	0	1204	32.5955149501661
A_NS	95	1204	T	3	0	1203	32.8412302576891
A_NS	96	1203	C	4	0	1202	32.4559068219634
A_NS	97	1205	C	2	0	1205	34.0307053941909
A_NS	98	1205	T	2	0	1199	35.6488740617181
A_NS	99	1203	C	3	0	1189	36.1581160639193
A_NS	100	1180	G	26	0	1157	35.4174589455488
A_NS	101	1206	A	0	0	1204	35.6511627906977
A_NS	102	1206	T	0	0	1205	37.2323651452282
A_NS	103	1202	C	3	0	1193	38.0486169321039
A_NS	104	1204	G	1	0	1200	38.8658333333333
A_NS	105	1204	G	1	0	1204	39.6602990033223
A_NS	106	1205	C	0	0	1204	39.8696013289037
A_NS	107	1205	T	0	0	1201	39.4096586178185
A_NS	108	1204	A	0	0	1201	39.2647793505412
A_NS	109	1202	C	2	0	1200	39.6433333333333
A_NS	110	1202	G	2	0	1199	38.4628857381151
A_NS	111	1200	C	4	0	1200	39.1433333333333
A_NS	112	1204	C	1	0	1200	39.405
A_NS	113	1194	G	10	0	1188	39.2407407407407
A_NS	114	1196	A	7	0	1192	38.8548657718121
A_NS	115	1199	G	5	0	1192	38.5209731543624
A_NS	116	1200	A	4	0	1199	37.5471226021685
A_NS	117	1201	T	3	0	1200	38.805
A_NS	118	1198	C	6	0	1186	37.6846543001686
A_NS	119	1194	A	10	0	1188	35.4360269360269
A_NS	120	1202	A	2	0	1199	36.0125104253545
A_NS	121	1202	A	2	0	1200	37.485
A_NS	122	1204	A	0	0	1202	38.3810316139767
A_NS	123	1202	G	2	0	1197	39.968253968254
A_NS	124	1201	T	3	0	1199	40.4820683903253
A_NS	125	1200	C	4	0	1196	38.9908026755853
A_NS	126	1199	C	5	0	1193	36.7066219614417
A_NS	127	1198	T	7	0	1194	39.0067001675042
A_NS	128	1201	T	4	0	1195	39.963179916318
A_NS	129	1163	A	42	0	1158	37.7366148531952
A_NS	130	1199	A	6	0	1198	37.7320534223706
A_NS	131	1203	A	2	0	1202	38.5965058236273
A_NS	132	1203	A	2	0	1194	39.3308207705193
A_NS	133	1203	G	2	0	1203	39.190357439734
A_NS	134	1203	G	2	0	1199	41.2193494578816
A_NS	135	1202	A	3	0	1201	41.6494587843464
A_NS	136	1204	A	1	0	1199	42.2910758965805
A_NS	137	1204	G	1	0	1201	42.1482098251457
A_NS	138	1205	A	0	0	1202	42.2046589018303
A_NS	139	1205	G	0	0	1204	42.4950166112957
A_NS	140	1205	G	0	0	1204	42.609634551495
A_NS	141	1204	C	1	0	1202	42.6955074875208
A_NS	142	1204	A	1	0	1201	42.2214820982515
A_NS	143	1205	A	1	0	1203	42.4713216957606
A_NS	144	1204	C	2	0	1201	42.1473771856786
A_NS	145	1204	A	2	0	1203	40.8478802992519
A_NS	146	1203	C	3	0	1202	40.6647254575707
A_NS	147	1206	C	0	0	1204	41.0639534883721
A_NS	148	1206	C	0	0	1205	40.7900414937759
A_NS	149	1200	T	6	0	1198	40.3338898163606
A_NS	150	1205	T	1	0	1202	39.6813643926789
A_NS	151	1205	G	0	0	1198	36.4983305509182
A_NS	152	1206	G	0	0	1204	36.6652823920266
A_NS	153	1206	C	0	0	1206	37.2479270315091
A_NS	154	1205	C	1	0	1205	37.9369294605809
A_NS	155	1205	T	1	0	1202	39.0915141430948
A_NS	156	1203	C	2	0	1199	40.5154295246038
A_NS	157	1201	G	4	0	1195	38.1322175732218
A_NS	158	1201	A	4	0	1197	38.3233082706767
A_NS	159	1204	C	1	0	1201	38.3738551207327
A_NS	160	1204	A	1	0	1200	37.445
A_NS	161	1204	T	1	0	1203	38.8528678304239
A_NS	162	1203	C	2	0	1199	39.7005838198499
A_NS	163	1196	A	9	0	1188	38.6203703703704
A_NS	164	1205	A	0	0	1203	39.3640897755611
A_NS	165	1205	A	0	0	1204	40.4310631229236
A_NS	166	1205	A	0	0	1203	40.5719035743973
A_NS	167	1205	C	0	0	1202	40.9118136439268
A_NS	168	1205	A	0	0	1200	40.8416666666667
A_NS	169	1205	G	0	0	1203	40.4123025768911
A_NS	170	1205	C	0	0	1204	40.7732558139535
A_NS	171	1204	C	1	0	1201	40.0741049125729
A_NS	172	1204	A	1	0	1203	39.8046550290939
A_NS	173	1203	C	2	0	1202	40.0091514143095
A_NS	174	1203	T	2	0	1201	40.4421315570358
A_NS	175	1205	C	0	0	1201	40.4862614487927
A_NS	176	1198	T	7	0	1194	41.6524288107203
A_NS	177	1202	T	3	0	1197	41.5037593984962
A_NS	178	1202	G	3	0	1200	39.99
A_NS	179	1203	T	2	0	1202	41.5232945091514
A_NS	180	1204	T	1	0	1202	42.040765391015
A_NS	181	1201	G	4	0	1197	40.7243107769424
A_NS	182	1203	G	2	0	1203	41.7572734829593
A_NS	183	1204	G	1	0	1202	41.7445923460899
A_NS	184	1204	A	1	0	1204	41.9335548172757
A_NS	185	1203	A	1	0	1202	43.175540765391
A_NS	186	1204	A	0	0	1201	43.4771024146545
A_NS	187	1204	C	0	0	1203	41.836242726517
A_NS	188	1203	A	1	0	1200	41.0675
A_NS	189	1204	A	0	0	1203	42.450540315877
A_NS	190	1204	A	0	0	1203	42.0399002493766
A_NS	191	1203	T	1	0	1199	41.4628857381151
A_NS	192	1204	T	0	0	1203	41.455527847049
A_NS	193	1204	G	0	0	1202	41.5707154742096
A_NS	194	1203	T	1	0	1199	42.1042535446205
A_NS	195	1203	G	1	0	1203	42.7049044056525
A_NS	196	1203	G	1	0	1200	43.2308333333333
A_NS	197	1201	A	3	0	1198	42.8631051752922
A_NS	198	1203	A	1	0	1202	43.3128119800333
A_NS	199	1204	T	0	0	1204	42.4294019933555
A_NS	200	1204	G	0	0	1204	41.0697674418605
A_NS	201	1204	G	0	0	1202	40.1863560732113
A_NS	202	1204	A	0	0	1200	37.9033333333333
A_NS	203	1200	T	4	0	1200	37.145
A_NS	204	1203	T	1	0	1203	33.1313383208645
A_NS	205	1202	T	2	0	1202	33.1539101497504
A_NS	206	1203	T	1	0	1202	34.5083194675541
A_NS	207	1199	G	5	0	1195	36.0811715481172
A_NS	208	1107	A	97	0	1106	37.5632911392405
A_NS	209	1202	A	2	0	1201	39.1065778517902
A_NS	210	1199	A	4	0	1196	39.8979933110368
A_NS	211	1198	G	4	0	1194	39.8316582914573
A_NS	212	1200	A	2	0	1197	40.9941520467836
A_NS	213	1195	G	7	0	1192	40.9597315436242
A_NS	214	1198	G	4	0	1193	38.8549874266555
A_NS	215	1202	A	0	0	1197	38.4870509607352
A_NS	216	1202	A	0	0	1199	38.3744787322769
A_NS	217	1201	T	1	0	1200	38.3341666666667
A_NS	218	1196	C	6	0	1188	38.9570707070707
A_NS	219	1201	C	1	0	1194	39.2554438860972
A_NS	220	1200	A	2	0	1198	38.4315525876461
A_NS	221	1198	G	4	0	1198	38.4590984974958
A_NS	222	1200	C	2	0	1195	37.8778242677824
A_NS	223	1199	G	4	0	1194	36.6448911222781
A_NS	224	1199	A	4	0	1196	36.8026755852843
A_NS	225	1201	G	2	0	1198	35.7863105175292
A_NS	226	1200	A	3	0	1195	35.8401673640167
A_NS	227	1203	C	0	0	1200	37.1641666666667
A_NS	228	1203	A	0	0	1196	37.1396321070234
A_NS	229	1203	C	0	0	1198	38.0041736227045
A_NS	230	1194	T	9	0	1192	39.0276845637584
A_NS	231	1202	T	1	0	1198	38.7988313856427
A_NS	232	1197	A	6	0	1195	37.6836820083682
A_NS	233	1201	G	2	0	1192	37.9538590604027
A_NS	234	1203	A	1	0	1203	38.522859517872
A_NS	235	1204	A	0	0	1199	38.5421184320267
A_NS	236	1204	T	0	0	1203	39.6043225270158
A_NS	237	1202	G	2	0	1201	39.2672772689425
A_NS	238	1204	G	0	0	1201	41.4238134887594
A_NS	239	1204	C	0	0	1203	42.3740648379052
A_NS	240	1204	A	0	0	1200	41.4141666666667
A_NS	241	1204	A	0	0	1203	41.3408146300914
A_NS	242	1203	T	1	0	1201	41.7377185678601
A_NS	243	1204	T	0	0	1202	40.3294509151414
A_NS	244	1203	G	1	0	1202	40.851081530782
A_NS	245	1201	C	2	0	1199	41.791492910759
A_NS	246	1203	A	0	0	1202	40.30615640599
A_NS	247	1203	T	0	0	1202	41.08153078203
A_NS	248	1203	C	0	0	1201	40.2489592006661
A_NS	249	1203	T	0	0	1199	39.9499582985822
A_NS	250	1202	A	1	0	1202	39.8577371048253
A_NS	251	1202	T	1	0	1201	40.4271440466278
A_NS	252	1202	A	1	0	1201	40.1890091590341
A_NS	253	1203	C	0	0	1202	40.1697171381032
A_NS	254	1203	C	0	0	1202	41.0773710482529
A_NS	255	1203	T	0	0	1198	40.585141903172
A_NS	256	1200	A	3	0	1198	39.5041736227045
A_NS	257	1200	C	3	0	1196	38.933110367893
A_NS	258	1197	T	6	0	1196	38.5710702341137
A_NS	259	1201	T	2	0	1201	38.9641965029142
A_NS	260	1201	C	2	0	1196	36.5418060200669
A_NS	261	1201	G	2	0	1196	37.0777591973244
A_NS	262	1199	C	4	0	1199	39.6405337781485
A_NS	263	1200	G	3	0	1197	39.7543859649123
A_NS	264	1201	T	2	0	1199	40.8882402001668
A_NS	265	1201	T	2	0	1200	41.0433333333333
A_NS	266	1200	A	3	0	1194	40.0075376884422
A_NS	267	1201	C	2	0	1200	40.5591666666667
A_NS	268	1198	A	5	0	1196	40.2056856187291
A_NS	269	1202	T	1	0	1199	41.7572977481234
A_NS	270	1202	T	1	0	1199	41.9749791492911
A_NS	271	1202	T	1	0	1201	42.5828476269775
A_NS	272	1201	C	2	0	1196	42.3913043478261
A_NS	273	1202	T	1	0	1199	42.8123436196831
A_NS	274	1200	G	3	0	1193	41.6714165968148
A_NS	275	1200	A	3	0	1199	42.1417848206839
A_NS	276	1201	C	2	0	1201	41.6744379683597
A_NS	277	1202	A	1	0	1201	41.0199833472107
A_NS	278	1204	T	1	0	1200	41.7758333333333
A_NS	279	1204	G	1	0	1199	40.6705587989992
A_NS	280	1204	A	1	0	1202	40.0665557404326
A_NS	281	1200	C	5	0	1198	40.1803005008347
A_NS	282	1203	C	1	0	1203	40.1862011637573
A_NS	283	1202	C	1	0	1201	40.7851790174854
A_NS	284	1202	T	1	0	1201	41.4687760199833
A_NS	285	1201	C	2	0	1200	40.9241666666667
A_NS	286	1199	G	4	0	1198	40.4699499165275
A_NS	287	1200	A	3	0	1200	39.7275
A_NS	288	1201	G	2	0	1201	40.6661115736886
A_NS	289	1202	G	1	0	1201	40.2131557035803
A_NS	290	1202	A	1	0	1199	41.487906588824
A_NS	291	1202	A	1	0	1202	41.130615640599
A_NS	292	1201	A	2	0	1201	42.0666111573689
A_NS	293	1200	T	3	0	1199	41.2435362802335
A_NS	294	1199	G	3	0	1197	39.9047619047619
A_NS	295	1199	T	3	0	1198	40.3422370617696
A_NS	296	1190	C	12	0	1182	37.4111675126904
A_NS	297	1191	A	11	0	1175	35.8978723404255
A_NS	298	1196	C	6	0	1187	36.1583824768324
A_NS	299	1183	G	18	0	1150	33.5504347826087
A_NS	300	1184	A	17	0	1168	33.5402397260274
A_NS	301	1194	G	7	0	1172	33.3165529010239
A_NS	302	1195	A	6	0	1181	33.3056731583404
A_NS	303	1196	C	6	0	1173	33.1398124467178
A_NS	304	1200	T	2	0	1198	33.3363939899833
A_NS	305	1200	G	2	0	1191	33.0495382031906
A_NS	306	1199	G	3	0	1198	33.9482470784641
A_NS	307	1189	T	13	0	1188	34.1296296296296
A_NS	308	1199	T	3	0	1190	37.4823529411765
A_NS	309	1198	C	4	0	1174	37.0536626916525
A_NS	310	1199	A	3	0	1197	36.436925647452
A_NS	311	1199	T	3	0	1198	36.1953255425709
A_NS	312	1199	G	3	0	1196	36.3494983277592
A_NS	313	1200	C	2	0	1196	37.4782608695652
A_NS	314	1201	T	1	0	1199	39.1984987489575
A_NS	315	1200	T	1	0	1199	38.744787322769
A_NS	316	1200	A	1	0	1200	38.3066666666667
A_NS	317	1200	T	1	0	1200	37.7383333333333
A_NS	318	1200	G	1	0	1199	37.3211009174312
A_NS	319	1197	C	4	0	1197	38.5639097744361
A_NS	320	1200	C	1	0	1197	38.3492063492063
A_NS	321	1198	T	3	0	1195	38.7020920502092
A_NS	322	1200	A	1	0	1199	34.7572977481234
A_NS	323	1198	G	3	0	1197	34.297410192147
A_NS	324	1200	G	1	0	1199	34.8048373644704
A_NS	325	1184	C	17	0	1174	36.3884156729131
A_NS	326	1160	A	40	0	1160	35.526724137931
A_NS	327	1176	A	24	0	1171	36.8206660973527
A_NS	328	1183	A	17	0	1175	36.8442553191489
A_NS	329	1181	A	19	0	1178	37.679117147708
A_NS	330	1171	G	28	0	1148	39.5662020905923
A_NS	331	1184	A	15	0	1183	40.6052409129332
A_NS	332	1184	T	15	0	1158	40.3765112262522
A_NS	333	1191	A	8	0	1186	38.973018549747
A_NS	334	1194	A	5	0	1194	39.7554438860972
A_NS	335	1194	T	5	0	1181	39.9119390347163
A_NS	336	1194	A	5	0	1191	38.9882451721243
A_NS	337	1194	G	5	0	1192	40.0184563758389
A_NS	338	1197	G	2	0	1194	39.7587939698492
A_NS	339	1192	C	7	0	1182	39.5939086294416
A_NS	340	1197	C	2	0	1194	38.0871021775544
A_NS	341	1197	C	2	0	1191	36.9504617968094
A_NS	342	1196	T	3	0	1192	36.1140939597315
A_NS	343	1193	C	5	0	1182	35.2783417935702
A_NS	344	1190	T	8	0	1188	34.756734006734
A_NS	345	1196	T	2	0	1194	35.0594639865997
A_NS	346	1195	T	3	0	1193	34.9161777032691
A_NS	347	1189	G	9	0	1182	33.6751269035533
A_NS	348	1187	C	10	0	1169	36.2814371257485
A_NS	349	1195	G	2	0	1191	36.8186397984887
A_NS	350	1187	T	10	0	1171	37.5277540563621
A_NS	351	1192	A	5	0	1190	36.8731092436975
A_NS	352	1192	C	5	0	1182	38.9450084602369
A_NS	353	1193	G	3	0	1160	36.4663793103448
A_NS	354	1194	A	2	0	1192	36.2181208053691
A_NS	355	1192	T	4	0	1192	35.989932885906
A_NS	356	1191	T	4	0	1184	35.4383445945946
A_NS	357	1188	G	7	0	1180	35.4177966101695
A_NS	358	1191	G	4	0	1184	37.7077702702703
A_NS	359	1192	A	3	0	1189	37.3776282590412
A_NS	360	1192	C	3	0	1189	39.5147182506308
A_NS	361	1193	C	2	0	1182	39.1116751269036
A_NS	362	1192	A	3	0	1190	39.9310924369748
A_NS	363	1192	G	3	0	1192	40.3020134228188
A_NS	364	1194	G	1	0	1193	40.8231349538977
A_NS	365	1194	C	1	0	1186	40.2327150084317
A_NS	366	1193	G	2	0	1192	39.0201342281879
A_NS	367	1193	G	2	0	1192	39.5587248322148
A_NS	368	1191	T	4	0	1188	39.8560606060606
A_NS	369	1193	C	2	0	1189	38.6778805719092
A_NS	370	1193	A	2	0	1192	40.0218120805369
A_NS	371	1194	T	1	0	1193	40.7527242246438
A_NS	372	1193	G	2	0	1178	38.5696095076401
A_NS	373	1193	G	2	0	1193	38.3830678960604
A_NS	374	1194	A	1	0	1193	38.8097233864208
A_NS	375	1194	T	1	0	1192	38.4807046979866
A_NS	376	1191	A	4	0	1185	37.9181434599156
A_NS	377	1194	A	1	0	1192	39.6585570469799
A_NS	378	1193	G	2	0	1190	39.6655462184874
A_NS	379	1194	A	1	0	1190	39.7142857142857
A_NS	380	1194	A	1	0	1192	40.7357382550336
A_NS	381	1194	C	1	0	1194	41.0159128978224
A_NS	382	1194	A	1	0	1193	40.9094719195306
A_NS	383	1192	T	2	0	1188	41.4452861952862
A_NS	384	1192	A	2	0	1179	38.3333333333333
A_NS	385	1191	G	3	0	1180	38.2847457627119
A_NS	386	1193	T	1	0	1188	37.3131313131313
A_NS	387	1190	A	4	0	1190	36.8529411764706
A_NS	388	1187	C	7	0	1183	37.7125950972105
A_NS	389	1193	T	1	0	1188	38.1077441077441
A_NS	390	1189	G	5	0	1186	40.7377740303541
A_NS	391	1191	G	3	0	1185	40.9772151898734
A_NS	392	1189	A	4	0	1189	40.7796467619849
A_NS	393	1190	A	3	0	1186	42.9080944350759
A_NS	394	1191	G	2	0	1186	42.5075885328836
A_NS	395	1192	C	1	0	1190	42.1663865546219
A_NS	396	1191	A	2	0	1191	40.6943744752309
A_NS	397	1192	A	1	0	1190	40.9512605042017
A_NS	398	1192	A	1	0	1188	40.7887205387205
A_NS	399	1192	C	1	0	1190	40.7672268907563
A_NS	400	1192	T	1	0	1186	41.3490725126476
A_NS	401	1192	T	1	0	1192	41.3741610738255
A_NS	402	1191	C	2	0	1186	39.5927487352445
A_NS	403	1191	A	2	0	1191	39.1662468513854
A_NS	404	1191	G	2	0	1188	39.8577441077441
A_NS	405	1192	T	2	0	1190	39.7327731092437
A_NS	406	1192	G	2	0	1192	40.5671140939597
A_NS	407	1193	T	1	0	1189	42.3582842724979
A_NS	408	1193	A	1	0	1191	41.7808564231738
A_NS	409	1193	A	1	0	1193	41.41743503772
A_NS	410	1193	T	1	0	1192	41.626677852349
A_NS	411	1193	C	1	0	1191	40.4550797649034
A_NS	412	1190	T	4	0	1188	40.787037037037
A_NS	413	1192	T	2	0	1192	39.9941275167785
A_NS	414	1192	C	2	0	1191	38.9370277078086
A_NS	415	1190	A	4	0	1188	38.8998316498316
A_NS	416	1190	A	4	0	1189	39.9495374264087
A_NS	417	1190	C	4	0	1188	41.0252525252525
A_NS	418	1191	C	3	0	1189	41.7359125315391
A_NS	419	1190	G	4	0	1174	41.2904599659284
A_NS	420	1193	A	1	0	1190	40.6285714285714
A_NS	421	1193	T	1	0	1193	41.0008382229673
A_NS	422	1192	T	2	0	1191	40.1351805205709
A_NS	423	1190	A	4	0	1189	39.986543313709
A_NS	424	1191	G	3	0	1188	40.0277777777778
A_NS	425	1192	A	2	0	1189	40.3179142136249
A_NS	426	1191	G	3	0	1188	39.6010101010101
A_NS	427	1187	A	7	0	1184	40.2077702702703
A_NS	428	1190	C	3	0	1188	40.03367003367
A_NS	429	1190	C	2	0	1189	39.3179142136249
A_NS	430	1186	T	6	0	1184	39.3614864864865
A_NS	431	1191	T	1	0	1189	38.6383515559294
A_NS	432	1189	G	3	0	1188	36.2457912457912
A_NS	433	1185	A	7	0	1182	36.7935702199662
A_NS	434	1183	T	9	0	1176	38.7329931972789
A_NS	435	1182	A	10	0	1180	39.3610169491525
A_NS	436	1184	C	8	0	1173	39.6760443307758
A_NS	437	1191	T	1	0	1172	39.3703071672355
A_NS	438	1189	A	3	0	1185	38.9037974683544
A_NS	439	1190	C	2	0	1179	40.1730279898219
A_NS	440	1190	T	2	0	1171	40.8812980358668
A_NS	441	1190	A	2	0	1189	40.8275862068966
A_NS	442	1191	A	1	0	1189	40.973086627418
A_NS	443	1190	G	2	0	1188	41.1649831649832
A_NS	444	1191	G	1	0	1188	41.9705387205387
A_NS	445	1191	G	1	0	1190	42.5638655462185
A_NS	446	1191	C	1	0	1191	42.0209907640638
A_NS	447	1191	T	1	0	1188	40.3703703703704
A_NS	448	1191	T	1	0	1189	40.5777964676198
A_NS	449	1191	T	1	0	1189	41.3759461732548
A_NS	450	1191	C	1	0	1190	39.9025210084034
A_NS	451	1191	A	1	0	1182	38.6861252115059
A_NS	452	1189	C	3	0	1188	38.6624579124579
A_NS	453	1189	T	3	0	1187	38.3959561920809
A_NS	454	1179	G	13	0	1177	35.7060322854715
A_NS	455	1180	A	12	0	1180	33.3
A_NS	456	1184	G	8	0	1184	33.6942567567568
A_NS	457	1188	G	4	0	1187	36.0842459983151
A_NS	458	1187	A	4	0	1183	36.8850380388842
A_NS	459	1177	G	14	0	1177	36.5904842820731
A_NS	460	1186	G	5	0	1186	38.933389544688
A_NS	461	1185	G	6	0	1182	38.6835871404399
A_NS	462	1182	A	9	0	1176	37.6505102040816
A_NS	463	1187	A	4	0	1180	38.6220338983051
A_NS	464	1188	C	3	0	1183	39.6238377007608
A_NS	465	1185	A	6	0	1181	38.8814563928874
A_NS	466	1185	A	6	0	1182	39.5642978003384
A_NS	467	1183	T	8	0	1179	40.050042408821
A_NS	468	1187	A	4	0	1181	36.8035563082134
A_NS	469	1188	G	3	0	1183	36.0929839391378
A_NS	470	1188	T	4	0	1183	37.1310228233305
A_NS	471	1190	T	2	0	1182	37.3037225042301
A_NS	472	1189	G	5	0	1185	38.2244725738397
A_NS	473	1188	G	6	0	1182	39.4162436548223
A_NS	474	1187	A	7	0	1185	41.4742616033755
A_NS	475	1190	G	4	0	1185	41.589029535865
A_NS	476	1190	A	4	0	1186	42.3212478920742
A_NS	477	1192	A	2	0	1187	42.3176074136478
A_NS	478	1191	A	3	0	1186	42.1492411467116
A_NS	479	1187	T	7	0	1181	42.3353090601185
A_NS	480	1187	T	7	0	1187	41.8146588037068
A_NS	481	1190	T	4	0	1184	42.4222972972973
A_NS	482	1189	C	5	0	1181	41.7815410668925
A_NS	483	1192	A	2	0	1185	40.926582278481
A_NS	484	1192	C	2	0	1192	41.2256711409396
A_NS	485	1189	C	3	0	1185	41.1839662447257
A_NS	486	1189	A	3	0	1188	40.9124579124579
A_NS	487	1189	T	3	0	1189	41.9899074852817
A_NS	488	1190	T	2	0	1190	42.2596638655462
A_NS	489	1187	A	5	0	1185	41.779746835443
A_NS	490	1189	C	3	0	1188	41.4149831649832
A_NS	491	1190	C	2	0	1188	40.3661616161616
A_NS	492	1187	T	5	0	1184	40.8682432432432
A_NS	493	1190	T	2	0	1190	40.9512605042017
A_NS	494	1190	C	2	0	1190	39.6957983193277
A_NS	495	1188	T	4	0	1187	39.3058129738837
A_NS	496	1188	C	4	0	1183	38.6077768385461
A_NS	497	1189	T	3	0	1188	38.2457912457912
A_NS	498	1190	T	2	0	1189	37.7014297729184
A_NS	499	1188	C	4	0	1185	36.895358649789
A_NS	500	1191	C	1	0	1186	37.3288364249578
A_NS	501	1191	A	1	0	1188	38.2558922558923
A_NS	502	1191	G	1	0	1189	40.0117746005046
A_NS	503	1188	G	3	0	1188	41.2609427609428
A_NS	504	1186	A	5	0	1184	42.3868243243243
A_NS	505	1186	C	5	0	1183	41.9695688926458
A_NS	506	1185	A	6	0	1183	41.5807269653424
A_NS	507	1186	T	5	0	1176	42.0850340136054
A_NS	508	1187	A	4	0	1185	41.0928270042194
A_NS	509	1188	C	3	0	1179	40.7752332485157
A_NS	510	1185	T	7	0	1179	41.3867684478371
A_NS	511	1186	T	6	0	1178	41.0840407470289
A_NS	512	1186	A	6	0	1183	40.8622147083686
A_NS	513	1187	T	5	0	1178	41.7538200339559
A_NS	514	1188	G	4	0	1184	41.7668918918919
A_NS	515	1191	A	1	0	1184	42.0709459459459
A_NS	516	1191	G	1	0	1189	42.4995794785534
A_NS	517	1192	G	0	0	1191	41.9227539882452
A_NS	518	1192	A	0	0	1191	42.4063811922754
A_NS	519	1192	T	0	0	1190	42.3596638655462
A_NS	520	1192	G	0	0	1190	42.4563025210084
A_NS	521	1189	T	3	0	1187	43.9873631002527
A_NS	522	1189	C	3	0	1188	41.46632996633
A_NS	523	1191	A	1	0	1189	40.3347350714886
A_NS	524	1191	A	1	0	1189	39.9882253994954
A_NS	525	1191	A	1	0	1190	39.753781512605
A_NS	526	1190	A	2	0	1188	40.2306397306397
A_NS	527	1190	A	2	0	1187	41.2173546756529
A_NS	528	1190	T	2	0	1188	40.3569023569024
A_NS	529	1191	G	1	0	1182	39.836717428088
A_NS	530	1189	C	3	0	1183	39.3364327979713
A_NS	531	1191	A	1	0	1185	37.9333333333333
A_NS	532	1188	G	4	0	1185	36.9966244725738
A_NS	533	1190	T	2	0	1189	37.5508830950378
A_NS	534	1191	T	1	0	1179	38.4300254452926
A_NS	535	1188	G	4	0	1180	37.9491525423729
A_NS	536	1192	G	0	0	1190	38.0327731092437
A_NS	537	1191	G	2	0	1188	39.6473063973064
A_NS	538	1188	G	6	0	1183	40.1360946745562
A_NS	539	1186	T	8	0	1180	40.7635593220339
A_NS	540	1185	C	9	0	1178	40.7538200339559
A_NS	541	1187	C	7	0	1181	40.6088060965284
A_NS	542	1189	T	5	0	1186	40.9696458684654
A_NS	543	1191	C	3	0	1185	40.1729957805907
A_NS	544	1191	A	3	0	1186	39.9595278246206
A_NS	545	1193	T	1	0	1191	40.679261125105
A_NS	546	1193	C	1	0	1179	39.9185750636132
A_NS	547	1188	G	6	0	1186	40.2782462057336
A_NS	548	1193	G	1	0	1187	39.8272957034541
A_NS	549	1193	A	1	0	1189	39.4852817493692
A_NS	550	1191	G	3	0	1187	40.12299915754
A_NS	551	1194	G	0	0	1189	39.959629941127
A_NS	552	1194	A	0	0	1187	39.6613310867734
A_NS	553	1194	C	0	0	1186	38.6669477234401
A_NS	554	1183	T	11	0	1177	39.6805437553101
A_NS	555	1194	T	0	0	1189	38.7216148023549
A_NS	556	1194	G	0	0	1182	35.2157360406091
A_NS	557	1194	A	0	0	1190	35.2554621848739
A_NS	558	1194	G	0	0	1193	35.5565800502934
A_NS	559	1194	T	0	0	1192	35.8523489932886
A_NS	560	1194	G	0	0	1194	35.7211055276382
A_NS	561	1194	G	0	0	1193	37.9706621961442
A_NS	562	1193	A	1	0	1191	38.6280436607893
A_NS	563	1194	A	0	0	1190	39.6268907563025
A_NS	564	1194	T	0	0	1190	39.3865546218487
A_NS	565	1195	G	0	0	1193	38.5783738474434
A_NS	566	1189	G	6	0	1185	39.2717299578059
A_NS	567	1189	T	6	0	1182	39.2089678510998
A_NS	568	1193	A	2	0	1184	37.3733108108108
A_NS	569	1195	A	0	0	1190	37.8873949579832
A_NS	570	1195	C	0	0	1184	38.1030405405405
A_NS	571	1195	A	0	0	1187	36.9132266217355
A_NS	572	1195	C	0	0	1187	36.8129738837405
A_NS	573	1195	G	0	0	1184	36.4679054054054
A_NS	574	1195	G	1	0	1194	35.8458961474037
A_NS	575	1191	T	5	0	1188	35.976430976431
A_NS	576	1194	T	2	0	1185	37.0438818565401
A_NS	577	1192	C	4	0	1174	37.9471890971039
A_NS	578	1192	G	4	0	1177	37.4757858963466
A_NS	579	1192	A	4	0	1190	37.6823529411765
A_NS	580	1194	G	2	0	1191	37.2938706968934
A_NS	581	1195	T	1	0	1191	37.8564231738035
A_NS	582	1190	C	6	0	1185	37.9021097046413
A_NS	583	1195	T	1	0	1192	38.2902684563758
A_NS	584	1189	C	7	0	1185	37.431223628692
A_NS	585	1192	T	4	0	1191	38.3518052057095
A_NS	586	1190	G	6	0	1189	37.5752733389403
A_NS	587	1177	A	19	0	1174	39.4352640545145
A_NS	588	1192	A	4	0	1192	38.7869127516779
A_NS	589	1193	A	3	0	1189	40.2043734230446
A_NS	590	1194	A	2	0	1188	40.4099326599327
A_NS	591	1193	T	3	0	1187	39.6318449873631
A_NS	592	1196	A	0	0	1178	39.0033955857385
A_NS	593	1195	T	1	0	1188	38.5597643097643
A_NS	594	1192	A	4	0	1181	38.0169348010161
A_NS	595	1194	C	2	0	1190	37.5487394957983
A_NS	596	1191	A	5	0	1184	36.71875
A_NS	597	1190	G	6	0	1179	36.0347752332485
A_NS	598	1194	A	2	0	1191	35.3249370277078
A_NS	599	1193	G	3	0	1184	36.2407094594595
A_NS	600	1193	A	3	0	1189	37.4264087468461
A_NS	601	1192	T	4	0	1188	37.983164983165
A_NS	602	1195	T	1	0	1193	39.2397317686505
A_NS	603	1194	C	2	0	1175	38.9370212765957
A_NS	604	1194	G	2	0	1182	36.9839255499154
A_NS	605	1195	C	1	0	1191	36.6314021830395
A_NS	606	1188	T	8	0	1188	37.6641414141414
A_NS	607	1196	T	0	0	1195	37.5623430962343
A_NS	608	1190	G	6	0	1190	37.2554621848739
A_NS	609	1193	G	3	0	1191	38.2308984047019
A_NS	610	1194	A	2	0	1191	38.4777497900924
A_NS	611	1196	G	0	0	1194	39.5435510887772
A_NS	612	1196	A	0	0	1196	40.4005016722408
A_NS	613	1196	A	0	0	1193	40.5758591785415
A_NS	614	1192	G	3	0	1191	40.2930310663308
A_NS	615	1194	C	1	0	1192	40.9161073825503
A_NS	616	1193	T	2	0	1193	39.9731768650461
A_NS	617	1194	G	1	0	1192	39.8498322147651
A_NS	618	1193	T	1	0	1192	39.7156040268456
A_NS	619	1192	G	2	0	1192	38.6820469798658
A_NS	620	1192	A	2	0	1192	38.9588926174497
A_NS	621	1192	T	2	0	1189	39.2413793103448
A_NS	622	1192	G	2	0	1187	36.8138163437237
A_NS	623	1192	A	2	0	1189	37.7502102607233
A_NS	624	1192	G	1	0	1188	36.0934343434343
A_NS	625	1191	A	2	0	1189	36.1581160639193
A_NS	626	1193	A	0	0	1192	37.9169463087248
A_NS	627	1193	T	0	0	1184	39.0388513513514
A_NS	628	1175	G	18	0	1168	38.9315068493151
A_NS	629	1192	G	1	0	1190	39.746218487395
A_NS	630	1192	G	1	0	1183	39.3178360101437
A_NS	631	1192	A	1	0	1187	39.3588879528222
A_NS	632	1185	G	8	0	1177	40.2820730671198
A_NS	633	1189	A	4	0	1188	39.9149831649832
A_NS	634	1190	C	3	0	1177	39.8521665250637
A_NS	635	1191	C	2	0	1178	38.8514431239389
A_NS	636	1190	T	4	0	1179	38.5343511450382
A_NS	637	1194	T	1	0	1190	38.546218487395
A_NS	638	1195	C	0	0	1193	37.2095557418273
A_NS	639	1195	A	0	0	1192	36.9488255033557
A_NS	640	1195	C	0	0	1191	39.2518891687657
A_NS	641	1193	T	2	0	1183	40.189349112426
A_NS	642	1188	A	7	0	1186	39.5809443507589
A_NS	643	1192	C	3	0	1191	39.4298908480269
A_NS	644	1193	C	1	0	1190	39.3268907563025
A_NS	645	1193	T	1	0	1188	39.6843434343434
A_NS	646	1192	C	2	0	1191	38.7170445004198
A_NS	647	1193	C	1	0	1192	39.5947986577181
A_NS	648	1191	A	4	0	1191	38.016792611251
A_NS	649	1191	G	4	0	1188	38.9755892255892
A_NS	650	1193	A	2	0	1190	40.5487394957983
A_NS	651	1194	G	1	0	1193	41.1785414920369
A_NS	652	1193	C	2	0	1190	40.5470588235294
A_NS	653	1191	A	4	0	1187	39.7590564448189
A_NS	654	1192	G	3	0	1189	39.5399495374264
A_NS	655	1191	A	4	0	1187	39.156697556866
A_NS	656	1192	A	3	0	1191	39.5667506297229
A_NS	657	1193	A	2	0	1193	40.0997485331098
A_NS	658	1193	T	2	0	1192	41.0897651006711
A_NS	659	1194	G	1	0	1190	37.7932773109244
A_NS	660	1190	A	5	0	1185	39.4396624472574
A_NS	661	1195	G	0	0	1192	38.8892617449664
A_NS	662	1193	A	2	0	1185	39.042194092827
A_NS	663	1193	A	2	0	1190	39.0478991596639
A_NS	664	1190	A	5	0	1188	38.8813131313131
A_NS	665	1190	T	5	0	1190	36.8714285714286
A_NS	666	1194	G	1	0	1191	35.9571788413098
A_NS	667	1194	G	1	0	1190	38.1352941176471
A_NS	668	1193	C	2	0	1187	37.8449873631003
A_NS	669	1162	G	33	0	1159	37.6039689387403
A_NS	670	1190	G	6	0	1190	38.5873949579832
A_NS	671	1189	G	7	0	1178	38.8225806451613
A_NS	672	1191	A	5	0	1186	38.2596964586847
A_NS	673	1193	A	3	0	1190	38.5731092436975
A_NS	674	1191	C	4	0	1175	38.9855319148936
A_NS	675	1192	A	3	0	1187	37.2796967144061
A_NS	676	1194	A	1	0	1184	37.1258445945946
A_NS	677	1195	T	0	0	1193	38.699077954736
A_NS	678	1194	T	1	0	1189	39.3894028595458
A_NS	679	1187	G	8	0	1178	39.23259762309
A_NS	680	1192	G	3	0	1187	40.6781802864364
A_NS	681	1190	G	5	0	1177	40.3551401869159
A_NS	682	1189	A	6	0	1187	40.7000842459983
A_NS	683	1192	C	3	0	1183	40.7945900253593
A_NS	684	1192	A	3	0	1188	40.9065656565657
A_NS	685	1192	G	3	0	1183	39.7548605240913
A_NS	686	1193	A	2	0	1188	38.8897306397306
A_NS	687	1194	A	1	0	1189	39.0563498738436
A_NS	688	1192	A	3	0	1190	39.7142857142857
A_NS	689	1190	T	5	0	1185	39.7308016877637
A_NS	690	1195	T	0	0	1191	39.96053736356
A_NS	691	1194	T	1	0	1188	41.53367003367
A_NS	692	1193	G	2	0	1190	39.4117647058824
A_NS	693	1195	A	0	0	1192	38.6921140939597
A_NS	694	1193	G	1	0	1192	40.6023489932886
A_NS	695	1194	G	0	0	1193	40.9555741827326
A_NS	696	1185	A	9	0	1184	41.4670608108108
A_NS	697	1195	A	0	0	1194	41.9405360134003
A_NS	698	1194	A	1	0	1191	43.0503778337531
A_NS	699	1193	T	2	0	1192	42.9739932885906
A_NS	700	1194	A	1	0	1187	41.9300758213985
A_NS	701	1194	A	1	0	1191	41.727959697733
A_NS	702	1192	G	3	0	1188	40.9335016835017
A_NS	703	1193	A	3	0	1192	41.1568791946309
A_NS	704	1193	T	3	0	1190	41.3915966386555
A_NS	705	1196	G	0	0	1192	41.3548657718121
A_NS	706	1195	G	1	0	1195	41.2543933054393
A_NS	707	1195	T	1	0	1195	41.4284518828452
A_NS	708	1195	T	1	0	1192	41.5478187919463
A_NS	709	1196	A	0	0	1192	40.3708053691275
A_NS	710	1196	A	0	0	1194	40.8098827470687
A_NS	711	1196	T	0	0	1196	40.6354515050167
A_NS	712	1195	T	1	0	1194	41.2571189279732
A_NS	713	1192	G	4	0	1190	39.7159663865546
A_NS	714	1192	A	5	0	1189	39.7544154751892
A_NS	715	1194	A	3	0	1190	39.7966386554622
A_NS	716	1196	G	1	0	1193	39.046102263202
A_NS	717	1195	A	2	0	1193	38.9656328583403
A_NS	718	1195	A	2	0	1191	39.5314861460957
A_NS	719	1196	A	1	0	1195	40.071129707113
A_NS	720	1195	T	2	0	1193	40.6261525565801
A_NS	721	1194	A	3	0	1187	41.2207245155855
A_NS	722	1195	C	2	0	1192	41.8691275167785
A_NS	723	1195	G	2	0	1187	40.5400168491997
A_NS	724	1195	A	2	0	1192	40.0897651006711
A_NS	725	1193	C	4	0	1184	39.8277027027027
A_NS	726	1196	A	1	0	1195	39.5824267782427
A_NS	727	1195	C	2	0	1194	40.356783919598
A_NS	728	1196	A	1	0	1194	40.7939698492462
A_NS	729	1196	G	1	0	1193	40.558256496228
A_NS	730	1196	A	1	0	1195	40.3949790794979
A_NS	731	1197	T	0	0	1195	40.6953974895398
A_NS	732	1197	T	0	0	1194	40.8609715242881
A_NS	733	1197	G	0	0	1194	38.8308207705193
A_NS	734	1191	A	5	0	1191	39.9638958858102
A_NS	735	1196	A	0	0	1195	41.4443514644351
A_NS	736	1196	A	0	0	1196	41.9464882943144
A_NS	737	1196	G	0	0	1196	41.5802675585284
A_NS	738	1195	C	1	0	1190	41.4394957983193
A_NS	739	1194	G	2	0	1188	39.4823232323232
A_NS	740	1192	A	4	0	1188	39.3198653198653
A_NS	741	1196	C	0	0	1195	38.1857740585774
A_NS	742	1185	A	11	0	1182	38.6421319796954
A_NS	743	1184	G	12	0	1183	39.8562975486052
A_NS	744	1176	A	20	0	1175	38.96
A_NS	745	1195	A	1	0	1192	38.6996644295302
A_NS	746	1195	A	1	0	1195	38.8326359832636
A_NS	747	1194	A	1	0	1188	40.0488215488216
A_NS	748	1193	T	2	0	1185	39.1240506329114
A_NS	749	1193	A	2	0	1184	37.0532094594595
A_NS	750	1192	G	3	0	1181	36.5105842506351
A_NS	751	1189	T	6	0	1182	36.5109983079526
A_NS	752	1192	T	3	0	1186	36.8263069139966
A_NS	753	1192	T	3	0	1190	38.7420168067227
A_NS	754	1188	C	7	0	1174	40.0860306643952
A_NS	755	1190	G	5	0	1183	39.341504649197
A_NS	756	1195	A	0	0	1194	39.5092127303183
A_NS	757	1194	G	1	0	1193	39.8625314333613
A_NS	758	1193	C	2	0	1189	40.3549201009251
A_NS	759	1193	A	2	0	1191	41.4282115869018
A_NS	760	1194	A	1	0	1192	42.4337248322148
A_NS	761	1194	A	1	0	1191	43.0780856423174
A_NS	762	1194	T	1	0	1190	42.9512605042017
A_NS	763	1194	A	1	0	1192	42.0025167785235
A_NS	764	1195	A	0	0	1188	41.5185185185185
A_NS	765	1195	C	0	0	1194	40.7931323283082
A_NS	766	1194	A	1	0	1194	40.3056951423786
A_NS	767	1192	T	3	0	1190	40.7848739495798
A_NS	768	1193	T	2	0	1193	41.4979044425817
A_NS	769	1194	T	1	0	1193	41.5481978206203
A_NS	770	1194	A	1	0	1192	42.1031879194631
A_NS	771	1192	T	2	0	1190	41.8403361344538
A_NS	772	1194	G	0	0	1192	42.5444630872483
A_NS	773	1194	C	0	0	1189	42.8460891505467
A_NS	774	1193	A	1	0	1192	42.1971476510067
A_NS	775	1193	A	0	0	1192	42.2046979865772
A_NS	776	1193	G	0	0	1192	42.5453020134228
A_NS	777	1193	C	0	0	1191	42.5373635600336
A_NS	778	1192	C	1	0	1192	41.491610738255
A_NS	779	1192	T	1	0	1192	42.4647651006711
A_NS	780	1193	T	0	0	1192	41.5729865771812
A_NS	781	1193	A	0	0	1192	39.8481543624161
A_NS	782	1193	C	0	0	1192	39.9211409395973
A_NS	783	1191	A	1	0	1190	40.4067226890756
A_NS	784	1191	A	1	0	1190	40.9571428571429
A_NS	785	1191	C	1	0	1189	41.9394449116905
A_NS	786	1192	T	0	0	1189	42.2708158116064
A_NS	787	1191	A	0	0	1190	41.4294117647059
A_NS	788	1190	C	1	0	1188	41.71632996633
A_NS	789	1188	T	3	0	1187	41.5577085088458
A_NS	790	1189	G	2	0	1187	41.2064026958719
A_NS	791	1189	C	2	0	1187	40.1288963774221
A_NS	792	1185	T	6	0	1184	40.2060810810811
A_NS	793	1191	T	0	0	1189	41.5803195962994
A_NS	794	1191	G	0	0	1188	39.8577441077441
A_NS	795	1190	A	1	0	1190	40.8915966386555
A_NS	796	1191	A	0	0	1191	42.0797649034425
A_NS	797	1190	G	1	0	1187	42.229149115417
A_NS	798	1190	T	1	0	1187	42.5189553496209
A_NS	799	1190	A	1	0	1187	40.7329401853412
A_NS	800	1186	G	5	0	1184	40.3826013513514
A_NS	801	1189	A	2	0	1184	39.7035472972973
A_NS	802	1189	G	2	0	1186	38.9089376053963
A_NS	803	1187	C	3	0	1186	38.8988195615514
A_NS	804	1185	A	5	0	1184	38.5743243243243
A_NS	805	1189	A	1	0	1184	38.1385135135135
A_NS	806	1188	G	2	0	1184	38.4805743243243
A_NS	807	1190	A	0	0	1187	38.3580454928391
A_NS	808	1189	G	1	0	1182	39.2994923857868
A_NS	809	1189	A	1	0	1186	39.5615514333895
A_NS	810	1190	T	0	0	1189	39.484440706476
A_NS	811	1180	A	10	0	1179	38.6827820186599
A_NS	812	1187	A	3	0	1184	38.9864864864865
A_NS	813	1186	G	4	0	1179	38.0152671755725
A_NS	814	1189	A	1	0	1187	37.9502948609941
A_NS	815	1189	G	1	0	1182	38.7157360406091
A_NS	816	1187	C	3	0	1176	39.2210884353741
A_NS	817	1183	T	7	0	1171	39.1596925704526
A_NS	818	1187	T	3	0	1185	39.2708860759494
A_NS	819	1185	T	5	0	1182	39.3544839255499
A_NS	820	1184	C	6	0	1183	39.2240067624683
A_NS	821	1189	T	1	0	1189	41.0050462573591
A_NS	822	1181	C	9	0	1166	39.8885077186964
A_NS	823	1190	G	0	0	1186	38.6686340640809
A_NS	824	1190	T	0	0	1189	38.0277544154752
A_NS	825	1190	T	0	0	1188	37.6456228956229
A_NS	826	1190	T	0	0	1189	38.5037846930193
A_NS	827	1188	C	0	0	1187	39.4296545914069
A_NS	828	1188	A	0	0	1185	40.3426160337553
A_NS	829	1188	G	0	0	1188	40.723063973064
A_NS	830	1187	C	0	0	1187	39.7632687447346
A_NS	831	1187	T	0	0	1187	39.7177759056445
A_NS	832	1187	T	0	0	1186	40.2107925801012
A_NS	833	1185	A	0	0	1185	39.2244725738397
A_NS	834	1185	T	0	0	1184	38.5084459459459
A_NS	835	1185	T	0	0	1185	40.0303797468354
A_NS	836	1181	T	0	0	1181	39.692633361558
A_NS	837	1180	A	0	0	1180	38.8127118644068
A_NS	838	1178	A	0	0	1178	39.7207130730051
