Reference_Name	Position	Coverage Depth	Consensus	Deletions	Ambiguous	Consensus_Count	Consensus_Average_Quality
A_PA	1	12	A	0	0	12	39.75
A_PA	2	12	T	0	0	12	38.0833333333333
A_PA	3	12	G	0	0	12	41.3333333333333
A_PA	4	12	G	0	0	12	40.5833333333333
A_PA	5	12	A	0	0	12	41.75
A_PA	6	12	A	0	0	11	42
A_PA	7	12	G	0	0	12	44.3333333333333
A_PA	8	12	A	0	0	12	42.9166666666667
A_PA	9	12	C	0	0	12	40.3333333333333
A_PA	10	12	T	0	0	12	40.3333333333333
A_PA	11	12	T	0	0	12	38.25
A_PA	12	12	T	0	0	12	42.5
A_PA	13	12	G	0	0	12	38.0833333333333
A_PA	14	12	T	0	0	12	44.8333333333333
A_PA	15	12	G	0	0	12	43.3333333333333
A_PA	16	12	C	0	0	12	42.4166666666667
A_PA	17	12	G	0	0	12	41
A_PA	18	12	A	0	0	12	39.9166666666667
A_PA	19	12	C	0	0	12	39
A_PA	20	12	A	0	0	12	38.1666666666667
A_PA	21	12	A	0	0	12	40.3333333333333
A_PA	22	12	T	0	0	12	40.25
A_PA	23	12	G	0	0	12	39.1666666666667
A_PA	24	12	C	0	0	12	42.5833333333333
A_PA	25	12	T	0	0	12	42.3333333333333
A_PA	26	12	T	0	0	12	40.8333333333333
A_PA	27	12	C	0	0	12	38.75
A_PA	28	12	A	0	0	12	37.75
A_PA	29	12	A	0	0	12	37.1666666666667
A_PA	30	12	T	0	0	12	38
A_PA	31	12	C	0	0	12	38.4166666666667
A_PA	32	12	C	0	0	12	43.9166666666667
A_PA	33	12	A	0	0	12	45.25
A_PA	34	12	A	0	0	12	45.75
A_PA	35	12	T	0	0	12	44.5
A_PA	36	12	G	0	0	12	41.25
A_PA	37	12	A	0	0	12	41.25
A_PA	38	12	T	0	0	12	44
A_PA	39	12	C	0	0	12	41.5
A_PA	40	12	A	0	0	12	42.0833333333333
A_PA	41	12	T	0	0	12	44.6666666666667
A_PA	42	12	C	0	0	12	41.0833333333333
A_PA	43	12	G	0	0	12	41
A_PA	44	12	A	0	0	12	39.3333333333333
A_PA	45	12	G	0	0	12	38.25
A_PA	46	12	C	0	0	12	40.0833333333333
A_PA	47	12	T	0	0	12	42.0833333333333
A_PA	48	12	T	0	0	12	43.75
A_PA	49	12	G	0	0	12	42.1666666666667
A_PA	50	12	C	0	0	12	43.5
A_PA	51	12	G	0	0	12	42.25
A_PA	52	12	G	0	0	12	42.9166666666667
A_PA	53	12	A	0	0	12	42
A_PA	54	12	A	0	0	12	42.25
A_PA	55	12	A	0	0	12	44.25
A_PA	56	12	A	0	0	12	45.3333333333333
A_PA	57	12	G	0	0	12	45
A_PA	58	12	G	0	0	12	44.8333333333333
A_PA	59	12	C	0	0	12	41.75
A_PA	60	12	A	0	0	12	38.9166666666667
A_PA	61	12	A	0	0	12	38.9166666666667
A_PA	62	12	T	0	0	12	41.5833333333333
A_PA	63	12	G	0	0	12	37.9166666666667
A_PA	64	12	A	0	0	11	37.1818181818182
A_PA	65	12	A	0	0	12	42.75
A_PA	66	12	A	0	0	12	44.5833333333333
A_PA	67	12	G	0	0	12	42.9166666666667
A_PA	68	12	A	0	0	12	45.8333333333333
A_PA	69	12	A	0	0	12	45.5833333333333
A_PA	70	12	T	0	0	12	45.0833333333333
A_PA	71	13	A	0	0	13	43.6153846153846
A_PA	72	13	T	0	0	13	43.6923076923077
A_PA	73	13	G	0	0	13	39.7692307692308
A_PA	74	13	G	0	0	13	41.8461538461538
A_PA	75	13	G	0	0	13	40.8461538461538
A_PA	76	13	G	0	0	13	39.6923076923077
A_PA	77	13	A	0	0	13	40.9230769230769
A_PA	78	13	A	0	0	13	41.8461538461538
A_PA	79	13	G	0	0	13	39.9230769230769
A_PA	80	13	A	0	0	13	39.3076923076923
A_PA	81	12	C	1	0	12	40
A_PA	82	13	C	0	0	13	38.1538461538462
A_PA	83	13	C	0	0	13	40.4615384615385
A_PA	84	13	C	0	0	13	37.9230769230769
A_PA	85	13	A	0	0	12	37.5
A_PA	86	13	A	0	0	13	39.5384615384615
A_PA	87	13	A	0	0	13	42.2307692307692
A_PA	88	13	G	0	0	13	39.7692307692308
A_PA	89	13	T	0	0	13	38.3076923076923
A_PA	90	13	T	0	0	13	39.8461538461538
A_PA	91	13	G	0	0	13	38.0769230769231
A_PA	92	13	A	0	0	13	39.8461538461538
A_PA	93	13	A	0	0	13	42
A_PA	94	13	A	0	0	13	42.5384615384615
A_PA	95	13	C	0	0	13	43.2307692307692
A_PA	96	13	T	0	0	13	40
A_PA	97	13	A	0	0	13	40.4615384615385
A_PA	98	13	A	0	0	13	40.2307692307692
A_PA	99	13	T	0	0	13	40.9230769230769
A_PA	100	13	A	0	0	13	41.5384615384615
A_PA	101	13	A	0	0	13	42.7692307692308
A_PA	102	13	G	0	0	13	40.6923076923077
A_PA	103	13	T	0	0	13	40.1538461538462
A_PA	104	13	T	0	0	13	40.4615384615385
A_PA	105	13	T	0	0	13	42.2307692307692
A_PA	106	13	G	0	0	13	42.6153846153846
A_PA	107	13	C	0	0	13	43.0769230769231
A_PA	108	13	T	0	0	13	42.0769230769231
A_PA	109	13	G	0	0	13	41.3846153846154
A_PA	110	13	C	0	0	13	41.6923076923077
A_PA	111	13	A	0	0	13	40.4615384615385
A_PA	112	13	A	0	0	13	42.8461538461538
A_PA	113	13	T	0	0	13	43.6153846153846
A_PA	114	13	T	0	0	13	44.1538461538462
A_PA	115	13	T	0	0	13	44.8461538461538
A_PA	116	13	G	0	0	13	42.9230769230769
A_PA	117	13	C	0	0	13	43.3846153846154
A_PA	118	13	A	0	0	13	43
A_PA	119	13	C	0	0	13	42.6153846153846
A_PA	120	13	A	0	0	13	40.3846153846154
A_PA	121	13	C	0	0	13	40.0769230769231
A_PA	122	13	A	0	0	13	38.7692307692308
A_PA	123	13	T	0	0	13	40.7692307692308
A_PA	124	13	T	0	0	13	41.0769230769231
A_PA	125	13	T	0	0	13	42.0769230769231
A_PA	126	13	G	0	0	13	43.6153846153846
A_PA	127	13	G	0	0	13	43.3076923076923
A_PA	128	13	A	0	0	13	41.3076923076923
A_PA	129	13	A	0	0	13	41.5384615384615
A_PA	130	13	G	0	0	13	39.9230769230769
A_PA	131	13	T	0	0	13	42.6153846153846
A_PA	132	13	T	0	0	13	43.6923076923077
A_PA	133	13	T	0	0	13	42.6923076923077
A_PA	134	13	G	0	0	13	40.7692307692308
A_PA	135	12	T	1	0	12	41.5
A_PA	136	12	T	1	0	12	40.4166666666667
A_PA	137	13	T	0	0	13	36.3076923076923
A_PA	138	13	C	0	0	13	28.9230769230769
A_PA	139	13	A	0	0	13	37.7692307692308
A_PA	140	13	T	0	0	13	40.8461538461538
A_PA	141	13	G	0	0	12	41.3333333333333
A_PA	142	13	T	0	0	13	40.2307692307692
A_PA	143	13	A	0	0	11	42.0909090909091
A_PA	144	13	T	0	0	12	38.75
A_PA	145	13	T	0	0	13	37.4615384615385
A_PA	146	13	C	0	0	13	35.6153846153846
A_PA	147	13	G	0	0	13	35.2307692307692
A_PA	148	13	G	0	0	13	38.8461538461538
A_PA	149	13	A	0	0	13	41.0769230769231
A_PA	150	13	T	0	0	13	42.2307692307692
A_PA	151	13	T	0	0	13	42.3846153846154
A_PA	152	13	T	0	0	13	42.7692307692308
A_PA	153	13	T	0	0	13	42.2307692307692
A_PA	154	13	C	0	0	13	41.6153846153846
A_PA	155	13	A	0	0	13	41.3076923076923
A_PA	156	13	T	0	0	13	39.8461538461538
A_PA	157	13	T	0	0	13	39.0769230769231
A_PA	158	13	T	0	0	13	41.2307692307692
A_PA	159	13	C	0	0	13	38.6153846153846
A_PA	160	12	A	0	0	12	39.4166666666667
A_PA	161	12	T	0	0	12	41.25
A_PA	162	12	T	0	0	12	38.6666666666667
A_PA	163	12	G	0	0	12	37.3333333333333
A_PA	164	12	A	0	0	12	40
A_PA	165	12	T	0	0	12	42
A_PA	166	12	G	0	0	12	38.4166666666667
A_PA	167	12	A	0	0	12	40.3333333333333
A_PA	168	12	A	0	0	12	40.6666666666667
A_PA	169	12	A	0	0	12	41.25
A_PA	170	12	G	0	0	12	39.5833333333333
A_PA	171	12	G	0	0	12	41.0833333333333
A_PA	172	12	G	0	0	12	41.8333333333333
A_PA	173	12	G	0	0	12	43.9166666666667
A_PA	174	12	T	0	0	12	41.5833333333333
A_PA	175	12	G	0	0	12	42.5
A_PA	176	12	A	0	0	12	42.3333333333333
A_PA	177	12	A	0	0	12	44.1666666666667
A_PA	178	12	T	0	0	12	43.5
A_PA	179	12	C	0	0	12	41.4166666666667
A_PA	180	12	A	0	0	12	40
A_PA	181	12	A	0	0	12	40.0833333333333
A_PA	182	12	T	0	0	12	40.9166666666667
A_PA	183	12	A	0	0	12	40.8333333333333
A_PA	184	12	A	0	0	12	43.9166666666667
A_PA	185	12	T	0	0	12	42.25
A_PA	186	12	T	0	0	12	43.3333333333333
A_PA	187	12	A	0	0	12	44.3333333333333
A_PA	188	12	T	0	0	12	44.9166666666667
A_PA	189	12	A	0	0	12	42.9166666666667
A_PA	190	12	G	0	0	12	41.5
A_PA	191	12	A	0	0	12	40.4166666666667
A_PA	192	12	A	0	0	12	40.75
A_PA	193	12	T	0	0	12	43.8333333333333
A_PA	194	12	C	0	0	12	42.5833333333333
A_PA	195	12	T	0	0	12	42.8333333333333
A_PA	196	12	G	0	0	12	45.1666666666667
A_PA	197	12	G	0	0	12	46.4166666666667
A_PA	198	12	T	0	0	12	44.5
A_PA	199	12	G	0	0	12	43.4166666666667
A_PA	200	12	A	0	0	12	45.1666666666667
A_PA	201	12	C	0	0	12	42
A_PA	202	12	C	0	0	12	42.1666666666667
A_PA	203	12	C	0	0	12	42.3333333333333
A_PA	204	12	A	0	0	12	40.75
A_PA	205	12	A	0	0	12	42.9166666666667
A_PA	206	12	A	0	0	12	43.9166666666667
A_PA	207	12	T	0	0	12	42.25
A_PA	208	12	G	0	0	12	43.3333333333333
A_PA	209	12	C	0	0	12	44.4166666666667
A_PA	210	12	A	0	0	12	43.5
A_PA	211	12	C	0	0	12	42.1666666666667
A_PA	212	12	T	0	0	12	40.75
A_PA	213	12	A	0	0	12	42.0833333333333
A_PA	214	12	T	0	0	12	41
A_PA	215	12	T	0	0	12	44.9166666666667
A_PA	216	12	G	0	0	11	42.2727272727273
A_PA	217	12	A	0	0	12	43.4166666666667
A_PA	218	12	A	0	0	12	43.25
A_PA	219	12	G	0	0	12	43.1666666666667
A_PA	220	12	C	0	0	12	42.25
A_PA	221	12	A	0	0	12	43.9166666666667
A_PA	222	12	C	0	0	12	44.5833333333333
A_PA	223	12	C	0	0	12	40.4166666666667
A_PA	224	12	G	0	0	12	37.4166666666667
A_PA	225	12	A	0	0	12	36.5
A_PA	226	12	T	0	0	12	37.8333333333333
A_PA	227	12	T	0	0	12	37.5
A_PA	228	12	T	0	0	12	39.5833333333333
A_PA	229	12	G	0	0	12	43.25
A_PA	230	12	A	0	0	12	42.1666666666667
A_PA	231	12	G	0	0	12	41.75
A_PA	232	12	A	0	0	12	42.1666666666667
A_PA	233	12	T	0	0	12	40.9166666666667
A_PA	234	12	A	0	0	12	40
A_PA	235	12	A	0	0	12	40.5
A_PA	236	12	T	0	0	12	40.9166666666667
A_PA	237	12	T	0	0	12	41.75
A_PA	238	12	G	0	0	12	40.75
A_PA	239	12	A	0	0	12	39.9166666666667
A_PA	240	12	A	0	0	12	40.8333333333333
A_PA	241	12	G	0	0	12	39.6666666666667
A_PA	242	12	G	0	0	12	38.1666666666667
A_PA	243	12	A	0	0	12	38.5
A_PA	244	12	A	0	0	12	40.6666666666667
A_PA	245	12	G	0	0	11	40.7272727272727
A_PA	246	12	A	0	0	11	42
A_PA	247	12	G	0	0	11	39.5454545454545
A_PA	248	12	A	0	0	12	35.9166666666667
A_PA	249	12	C	0	0	12	35.1666666666667
A_PA	250	12	C	0	0	11	37.9090909090909
A_PA	251	12	G	0	0	12	32.5
A_PA	252	12	A	0	0	12	34.1666666666667
A_PA	253	12	A	0	0	12	34.9166666666667
A_PA	254	12	T	0	0	12	33.6666666666667
A_PA	255	12	C	0	0	12	36.4166666666667
A_PA	256	12	A	0	0	12	38
A_PA	257	12	T	0	0	12	40.5833333333333
A_PA	258	12	G	0	0	12	38.5
A_PA	259	12	G	0	0	12	39.3333333333333
A_PA	260	12	C	0	0	12	38.25
A_PA	261	12	C	0	0	12	37.5
A_PA	262	12	T	0	0	12	39.5833333333333
A_PA	263	12	G	0	0	12	37.75
A_PA	264	12	G	0	0	12	39.4166666666667
A_PA	265	12	A	0	0	12	41.75
A_PA	266	12	C	0	0	12	42.4166666666667
A_PA	267	12	A	0	0	12	42.1666666666667
A_PA	268	12	G	0	0	12	44.5
A_PA	269	12	T	0	0	12	44.3333333333333
A_PA	270	12	G	0	0	12	43.3333333333333
A_PA	271	12	G	0	0	12	43.5833333333333
A_PA	272	12	T	0	0	12	44.4166666666667
A_PA	273	12	G	0	0	12	41.25
A_PA	274	12	A	0	0	12	41.6666666666667
A_PA	275	12	A	0	0	12	41.5
A_PA	276	12	C	0	0	12	40.4166666666667
A_PA	277	12	A	0	0	12	41.25
A_PA	278	12	G	0	0	12	43.25
A_PA	279	12	T	0	0	12	42.4166666666667
A_PA	280	12	A	0	0	12	41.0833333333333
A_PA	281	12	T	0	0	12	41.5
A_PA	282	12	A	0	0	12	39.9166666666667
A_PA	283	12	T	0	0	12	40.9166666666667
A_PA	284	12	G	0	0	12	41
A_PA	285	12	T	0	0	12	41.4166666666667
A_PA	286	12	A	0	0	12	39.3333333333333
A_PA	287	10	A	0	0	10	38.6
A_PA	288	10	C	0	0	10	39.5
A_PA	289	10	A	0	0	10	40.9
A_PA	290	10	C	0	0	10	43.2
A_PA	291	10	A	0	0	10	41.9
A_PA	292	10	A	0	0	10	43.5
A_PA	293	10	C	0	0	10	41.9
A_PA	294	10	A	0	0	10	41.4
A_PA	295	10	G	0	0	10	42.5
A_PA	296	10	G	0	0	10	41.8
A_PA	297	10	G	0	0	10	40.5
A_PA	298	10	A	0	0	10	38
A_PA	299	10	T	0	0	10	38.7
A_PA	300	9	A	1	0	9	32
A_PA	301	10	G	0	0	10	34.1
A_PA	302	10	A	0	0	10	31.3
A_PA	303	10	G	0	0	10	32.8
A_PA	304	10	A	0	0	10	33.8
A_PA	305	10	A	0	0	9	38.4444444444444
A_PA	306	10	G	0	0	10	36.6
A_PA	307	10	C	0	0	10	35.4
A_PA	308	10	C	0	0	10	36.4
A_PA	309	10	C	0	0	10	37.6
A_PA	310	10	A	0	0	10	36.1
A_PA	311	11	A	0	0	11	40.9090909090909
A_PA	312	11	A	0	0	11	41.1818181818182
A_PA	313	11	T	0	0	11	41.3636363636364
A_PA	314	11	T	0	0	11	45.1818181818182
A_PA	315	11	T	0	0	11	45.1818181818182
A_PA	316	11	C	0	0	11	44
A_PA	317	11	T	0	0	11	43
A_PA	318	11	T	0	0	11	42.3636363636364
A_PA	319	11	C	0	0	11	42.2727272727273
A_PA	320	11	C	0	0	11	43.9090909090909
A_PA	321	11	T	0	0	11	43.8181818181818
A_PA	322	11	G	0	0	11	43.0909090909091
A_PA	323	11	A	0	0	11	45
A_PA	324	11	T	0	0	11	44.1818181818182
A_PA	325	11	T	0	0	11	46.1818181818182
A_PA	326	11	T	0	0	11	47
A_PA	327	11	G	0	0	11	43.8181818181818
A_PA	328	11	T	0	0	11	46.4545454545455
A_PA	329	11	A	0	0	11	44.7272727272727
A_PA	330	11	T	0	0	11	46
A_PA	331	11	G	0	0	11	44.3636363636364
A_PA	332	11	A	0	0	11	44.0909090909091
A_PA	333	11	T	0	0	11	43.9090909090909
A_PA	334	11	T	0	0	11	44.7272727272727
A_PA	335	11	A	0	0	11	43.0909090909091
A_PA	336	11	C	0	0	11	40.6363636363636
A_PA	337	11	A	0	0	11	40.5454545454545
A_PA	338	11	A	0	0	11	43.1818181818182
A_PA	339	11	A	0	0	11	40.2727272727273
A_PA	340	11	G	0	0	11	40.0909090909091
A_PA	341	11	A	0	0	11	41.6363636363636
A_PA	342	11	G	0	0	11	40.8181818181818
A_PA	343	11	A	0	0	11	41.9090909090909
A_PA	344	11	A	0	0	11	39.2727272727273
A_PA	345	11	C	0	0	11	40.1818181818182
A_PA	346	11	C	0	0	11	40.3636363636364
A_PA	347	11	G	0	0	11	42.2727272727273
A_PA	348	11	G	0	0	11	41.4545454545455
A_PA	349	11	T	0	0	11	42
A_PA	350	11	T	0	0	11	42.9090909090909
A_PA	351	11	C	0	0	11	42
A_PA	352	11	A	0	0	11	42.9090909090909
A_PA	353	11	T	0	0	11	44.4545454545455
A_PA	354	11	T	0	0	11	44.0909090909091
A_PA	355	11	G	0	0	11	42.2727272727273
A_PA	356	11	A	0	0	11	42.1818181818182
A_PA	357	11	A	0	0	11	43.9090909090909
A_PA	358	11	A	0	0	11	45.8181818181818
A_PA	359	11	T	0	0	11	45.2727272727273
A_PA	360	11	T	0	0	11	47
A_PA	361	11	G	0	0	11	41.3636363636364
A_PA	362	11	G	0	0	11	41.9090909090909
A_PA	363	11	A	0	0	11	42.0909090909091
A_PA	364	11	G	0	0	11	42.1818181818182
A_PA	365	11	T	0	0	11	40.9090909090909
A_PA	366	11	A	0	0	11	39.3636363636364
A_PA	367	11	A	0	0	11	38.3636363636364
A_PA	368	11	C	0	0	11	39.5454545454545
A_PA	369	11	A	0	0	11	39.5454545454545
A_PA	370	11	C	0	0	11	38.7272727272727
A_PA	371	11	G	0	0	11	33.3636363636364
A_PA	372	11	G	0	0	11	32.2727272727273
A_PA	373	11	A	0	0	11	33.3636363636364
A_PA	374	10	G	1	0	10	38.5
A_PA	375	11	G	0	0	11	34.2727272727273
A_PA	376	11	G	0	0	11	36.0909090909091
A_PA	377	11	A	0	0	11	31.4545454545455
A_PA	378	11	A	0	0	11	33.1818181818182
A_PA	379	11	G	0	0	11	37.2727272727273
A_PA	380	11	T	0	0	11	37.5454545454545
A_PA	381	11	C	0	0	11	36.5454545454545
A_PA	382	11	C	0	0	11	36.9090909090909
A_PA	383	11	A	0	0	11	34.8181818181818
A_PA	384	11	C	0	0	11	38.6363636363636
A_PA	385	11	A	0	0	11	42.3636363636364
A_PA	386	11	T	0	0	11	39
A_PA	387	11	A	0	0	11	39.0909090909091
A_PA	388	11	T	0	0	11	40.2727272727273
A_PA	389	11	A	0	0	11	42.9090909090909
A_PA	390	11	T	0	0	11	38.9090909090909
A_PA	391	11	T	0	0	11	42.6363636363636
A_PA	392	11	A	0	0	11	38.7272727272727
A_PA	393	11	C	0	0	11	39.3636363636364
A_PA	394	11	C	0	0	11	39.0909090909091
A_PA	395	11	T	0	0	11	41.5454545454545
A_PA	396	11	A	0	0	11	35.8181818181818
A_PA	397	11	G	0	0	11	39.1818181818182
A_PA	398	11	A	0	0	11	37.0909090909091
A_PA	399	11	G	0	0	11	37.4545454545455
A_PA	400	11	A	0	0	11	38.5454545454545
A_PA	401	11	A	0	0	11	40.9090909090909
A_PA	402	11	A	0	0	11	44.2727272727273
A_PA	403	11	G	0	0	11	41.4545454545455
A_PA	404	11	C	0	0	11	44.1818181818182
A_PA	405	11	C	0	0	11	41
A_PA	406	11	A	0	0	11	43.0909090909091
A_PA	407	11	A	0	0	11	41.8181818181818
A_PA	408	11	C	0	0	11	43.1818181818182
A_PA	409	11	A	0	0	11	43
A_PA	410	11	A	0	0	11	40.6363636363636
A_PA	411	11	A	0	0	11	42.9090909090909
A_PA	412	11	A	0	0	11	44.1818181818182
A_PA	413	11	T	0	0	11	41.9090909090909
A_PA	414	11	A	0	0	11	38.7272727272727
A_PA	415	11	A	0	0	11	38.6363636363636
A_PA	416	11	A	0	0	11	41.9090909090909
A_PA	417	11	A	0	0	11	43.0909090909091
A_PA	418	11	T	0	0	11	42.2727272727273
A_PA	419	11	C	0	0	11	39.3636363636364
A_PA	420	11	T	0	0	11	41.1818181818182
A_PA	421	11	G	0	0	11	34.2727272727273
A_PA	422	11	A	0	0	11	33.6363636363636
A_PA	423	11	A	0	0	11	34.8181818181818
A_PA	424	11	A	0	0	11	36.8181818181818
A_PA	425	11	A	0	0	11	37.7272727272727
A_PA	426	11	G	0	0	11	42.8181818181818
A_PA	427	10	A	1	0	10	43.4
A_PA	428	10	C	1	0	10	42.4
A_PA	429	11	A	0	0	11	41
A_PA	430	11	C	0	0	11	40.8181818181818
A_PA	431	11	A	0	0	11	39.8181818181818
A_PA	432	11	C	0	0	11	39.6363636363636
A_PA	433	11	A	0	0	11	41.3636363636364
A_PA	434	11	T	0	0	11	44.0909090909091
A_PA	435	11	T	0	0	11	39.7272727272727
A_PA	436	11	C	0	0	11	41.1818181818182
A_PA	437	11	A	0	0	11	42.2727272727273
A_PA	438	11	C	0	0	11	40.5454545454545
A_PA	439	11	A	0	0	11	41.0909090909091
A_PA	440	11	T	0	0	11	42.5454545454545
A_PA	441	11	C	0	0	11	40.6363636363636
A_PA	442	11	T	0	0	11	42.9090909090909
A_PA	443	11	T	0	0	11	37.9090909090909
A_PA	444	11	T	0	0	11	39.2727272727273
A_PA	445	11	T	0	0	11	35.5454545454545
A_PA	446	11	C	0	0	11	31.4545454545455
A_PA	447	11	A	0	0	11	39.1818181818182
A_PA	448	11	T	0	0	11	43.7272727272727
A_PA	449	11	T	0	0	11	43.7272727272727
A_PA	450	11	C	0	0	11	42.6363636363636
A_PA	451	11	A	0	0	11	42.5454545454545
A_PA	452	11	C	0	0	11	43.0909090909091
A_PA	453	11	T	0	0	11	43.5454545454545
A_PA	454	11	G	0	0	11	42.2727272727273
A_PA	455	11	G	0	0	11	41.6363636363636
A_PA	456	11	A	0	0	11	41.9090909090909
A_PA	457	11	G	0	0	11	45
A_PA	458	11	A	0	0	11	47
A_PA	459	11	G	0	0	11	45.3636363636364
A_PA	460	11	G	0	0	11	42.4545454545455
A_PA	461	11	A	0	0	10	41.6
A_PA	462	11	G	0	0	11	42.1818181818182
A_PA	463	11	A	0	0	11	44.1818181818182
A_PA	464	11	T	0	0	11	43.7272727272727
A_PA	465	11	G	0	0	11	43.1818181818182
A_PA	466	11	G	0	0	11	45
A_PA	467	11	C	0	0	11	44.7272727272727
A_PA	468	11	C	0	0	11	43.8181818181818
A_PA	469	11	A	0	0	11	43.7272727272727
A_PA	470	11	C	0	0	11	43.5454545454545
A_PA	471	11	C	0	0	11	43.2727272727273
A_PA	472	11	A	0	0	11	41.1818181818182
A_PA	473	11	A	0	0	11	42.8181818181818
A_PA	474	11	A	0	0	11	43.5454545454545
A_PA	475	11	G	0	0	11	40.7272727272727
A_PA	476	11	C	0	0	11	40.3636363636364
A_PA	477	11	A	0	0	11	39.1818181818182
A_PA	478	11	G	0	0	11	38
A_PA	479	11	A	0	0	11	34.3636363636364
A_PA	480	11	C	0	0	11	36.7272727272727
A_PA	481	11	T	0	0	11	36.9090909090909
A_PA	482	11	A	0	0	11	35.5454545454545
A_PA	483	11	C	0	0	11	38.1818181818182
A_PA	484	11	A	0	0	11	37
A_PA	485	11	C	0	0	11	40.0909090909091
A_PA	486	11	C	0	0	11	40.4545454545455
A_PA	487	11	C	0	0	11	41.3636363636364
A_PA	488	11	T	0	0	11	41.9090909090909
A_PA	489	11	T	0	0	11	41.9090909090909
A_PA	490	11	G	0	0	11	37.8181818181818
A_PA	491	11	A	0	0	11	38.0909090909091
A_PA	492	11	C	0	0	11	37.9090909090909
A_PA	493	11	G	0	0	11	33.6363636363636
A_PA	494	11	A	0	0	11	35.8181818181818
A_PA	495	11	A	0	0	11	35.7272727272727
A_PA	496	11	G	0	0	11	36.8181818181818
A_PA	497	11	A	0	0	11	38.6363636363636
A_PA	498	11	A	0	0	11	42.6363636363636
A_PA	499	11	A	0	0	11	41.6363636363636
A_PA	500	11	G	0	0	11	39.4545454545455
A_PA	501	11	C	0	0	11	40.6363636363636
A_PA	502	11	A	0	0	11	40.6363636363636
A_PA	503	11	G	0	0	11	39.0909090909091
A_PA	504	11	A	0	0	11	40.3636363636364
A_PA	505	11	G	0	0	11	40.6363636363636
A_PA	506	11	C	0	0	11	41.5454545454545
A_PA	507	11	A	0	0	11	39
A_PA	508	11	A	0	0	11	41.0909090909091
A_PA	509	11	G	0	0	11	39.8181818181818
A_PA	510	11	A	0	0	11	41.1818181818182
A_PA	511	11	A	0	0	11	42.1818181818182
A_PA	512	11	T	0	0	11	42.1818181818182
A_PA	513	11	C	0	0	11	40.2727272727273
A_PA	514	11	A	0	0	11	37.5454545454545
A_PA	515	11	A	0	0	11	38.2727272727273
A_PA	516	11	A	0	0	11	38.3636363636364
A_PA	517	11	A	0	0	11	42.9090909090909
A_PA	518	11	C	0	0	11	45.5454545454545
A_PA	519	11	T	0	0	11	43.3636363636364
A_PA	520	11	A	0	0	11	41.1818181818182
A_PA	521	11	G	0	0	11	42.9090909090909
A_PA	522	11	G	0	0	11	41.7272727272727
A_PA	523	11	C	0	0	11	41.0909090909091
A_PA	524	11	T	0	0	11	39.2727272727273
A_PA	525	11	T	0	0	11	42.7272727272727
A_PA	526	11	T	0	0	11	44.9090909090909
A_PA	527	11	T	0	0	11	45.5454545454545
A_PA	528	11	C	0	0	11	43.9090909090909
A_PA	529	11	A	0	0	11	43.0909090909091
A_PA	530	11	C	0	0	11	44.8181818181818
A_PA	531	11	T	0	0	11	41.5454545454545
A_PA	532	11	A	0	0	11	42.7272727272727
A_PA	533	11	T	0	0	11	43
A_PA	534	10	A	0	0	10	41.6
A_PA	535	10	A	0	0	10	44.5
A_PA	536	10	G	0	0	10	42
A_PA	537	10	A	0	0	10	42.1
A_PA	538	10	C	0	0	10	42.7
A_PA	539	10	A	0	0	10	42.7
A_PA	540	10	A	0	0	10	41.6
A_PA	541	10	G	0	0	10	44.3
A_PA	542	10	A	0	0	10	42.9
A_PA	543	10	A	0	0	10	44.8
A_PA	544	10	A	0	0	10	44.4
A_PA	545	10	T	0	0	10	44.5
A_PA	546	10	G	0	0	10	43.3
A_PA	547	10	G	0	0	10	43.2
A_PA	548	10	C	0	0	10	42.9
A_PA	549	10	C	0	0	10	41.5
A_PA	550	10	A	0	0	10	41.3
A_PA	551	10	G	0	0	10	40.6
A_PA	552	10	T	0	0	10	44.1
A_PA	553	10	A	0	0	10	43.8
A_PA	554	10	G	0	0	10	43.1
A_PA	555	10	G	0	0	10	42.8
A_PA	556	10	A	0	0	10	40
A_PA	557	10	G	0	0	10	40.4
A_PA	558	10	T	0	0	10	41.7
A_PA	559	10	C	0	0	10	38.2
A_PA	560	10	T	0	0	10	38.7
A_PA	561	10	A	0	0	10	38.4
A_PA	562	10	T	0	0	10	38.5
A_PA	563	10	G	0	0	10	38.8
A_PA	564	10	G	0	0	10	39.4
A_PA	565	10	G	0	0	10	40.8
A_PA	566	10	A	0	0	10	40.7
A_PA	567	10	T	0	0	10	42.1
A_PA	568	10	T	0	0	10	40
A_PA	569	10	C	0	0	10	41.7
A_PA	570	10	C	0	0	10	39.8
A_PA	571	10	T	0	0	10	39.4
A_PA	572	10	T	0	0	10	37.4
A_PA	573	10	T	0	0	10	37.7
A_PA	574	10	C	0	0	10	36.1
A_PA	575	10	G	0	0	10	37.1
A_PA	576	10	T	0	0	10	36.9
A_PA	577	10	C	0	0	10	36.6
A_PA	578	10	A	0	0	10	36.5
A_PA	579	10	G	0	0	10	35
A_PA	580	10	T	0	0	10	38
A_PA	581	10	C	0	0	10	36.6
A_PA	582	10	C	0	0	10	36.5
A_PA	583	10	G	0	0	10	36.4
A_PA	584	10	A	0	0	10	36.8
A_PA	585	10	A	0	0	10	37.4
A_PA	586	10	A	0	0	10	37.7
A_PA	587	10	G	0	0	10	37.7
A_PA	588	10	A	0	0	10	40.3
A_PA	589	10	G	0	0	10	39.6
A_PA	590	10	G	0	0	10	41.5
A_PA	591	10	C	0	0	10	38.5
A_PA	592	10	G	0	0	10	35.7
A_PA	593	10	A	0	0	10	35.2
A_PA	594	10	A	0	0	10	34.8
A_PA	595	10	G	0	0	10	36.5
A_PA	596	10	A	0	0	10	38.9
A_PA	597	10	A	0	0	10	41.8
A_PA	598	10	A	0	0	10	42.8
A_PA	599	10	C	0	0	10	43.3
A_PA	600	10	A	0	0	10	42.9
A_PA	601	10	A	0	0	10	42.2
A_PA	602	10	T	0	0	10	44.5
A_PA	603	10	T	0	0	10	43.2
A_PA	604	10	G	0	0	10	41.9
A_PA	605	10	A	0	0	10	41.7
A_PA	606	10	A	0	0	10	40.9
A_PA	607	10	G	0	0	10	40.3
A_PA	608	10	A	0	0	10	46
A_PA	609	10	A	0	0	10	45.4
A_PA	610	10	A	0	0	10	44.8
A_PA	611	10	A	0	0	10	45.8
A_PA	612	10	G	0	0	10	42.7
A_PA	613	10	T	0	0	10	43.1
A_PA	614	10	T	0	0	10	41.3
A_PA	615	10	T	0	0	10	44.2
A_PA	616	10	G	0	0	10	42.2
A_PA	617	10	A	0	0	10	42.5
A_PA	618	10	A	0	0	10	44.4
A_PA	619	10	A	0	0	10	43.8
A_PA	620	10	T	0	0	10	45.4
A_PA	621	10	T	0	0	10	43.4
A_PA	622	10	A	0	0	10	43.3
A_PA	623	10	C	0	0	10	41.7
A_PA	624	10	A	0	0	10	40
A_PA	625	10	G	0	0	10	41.1
A_PA	626	10	G	0	0	10	41.3
A_PA	627	10	A	0	0	10	41.1
A_PA	628	10	A	0	0	10	41.1
A_PA	629	10	C	0	0	10	41.8
A_PA	630	10	T	0	0	10	41.5
A_PA	631	10	A	0	0	10	41.8
A_PA	632	10	T	0	0	10	41.2
A_PA	633	10	G	0	0	10	41
A_PA	634	10	C	0	0	10	39.4
A_PA	635	10	G	0	0	10	38.2
A_PA	636	10	C	0	0	10	39.9
A_PA	637	10	A	0	0	10	39.8
A_PA	638	10	A	0	0	10	42.1
A_PA	639	10	G	0	0	10	41.5
A_PA	640	10	C	0	0	10	40.7
A_PA	641	10	T	0	0	10	41.3
A_PA	642	10	T	0	0	10	41.5
A_PA	643	10	G	0	0	10	40.6
A_PA	644	10	C	0	0	10	41.9
A_PA	645	10	C	0	0	10	39.4
A_PA	646	10	G	0	0	10	38.4
A_PA	647	10	A	0	0	10	37.8
A_PA	648	10	C	0	0	10	36.5
A_PA	649	10	C	0	0	10	36.5
A_PA	650	10	A	0	0	10	40.6
A_PA	651	10	A	0	0	10	41.7
A_PA	652	10	A	0	0	10	43.1
A_PA	653	10	G	0	0	10	39.1
A_PA	654	10	T	0	0	10	42.4
A_PA	655	10	C	0	0	10	42
A_PA	656	10	T	0	0	10	42.3
A_PA	657	10	C	0	0	10	40.1
A_PA	658	10	C	0	0	10	39.9
A_PA	659	10	C	0	0	10	41.3
A_PA	660	10	A	0	0	10	38.3
A_PA	661	10	C	0	0	10	40.6
A_PA	662	10	C	0	0	10	42.5
A_PA	663	10	A	0	0	9	42.4444444444444
A_PA	664	10	A	0	0	10	39.9
A_PA	665	10	A	0	0	10	43
A_PA	666	10	C	0	0	10	42.3
A_PA	667	10	T	0	0	10	42.5
A_PA	668	10	T	0	0	10	42.1
A_PA	669	10	C	0	0	10	40.4
A_PA	670	10	T	0	0	10	41.3
A_PA	671	10	C	0	0	10	39.3
A_PA	672	10	C	0	0	10	38.7
A_PA	673	10	T	0	0	10	38.9
A_PA	674	10	G	0	0	10	36.2
A_PA	675	10	C	0	0	10	39.5
A_PA	676	10	C	0	0	10	37.9
A_PA	677	10	T	0	0	10	38.1
A_PA	678	10	T	0	0	10	36.1
A_PA	679	10	G	0	0	10	34.7
A_PA	680	10	A	0	0	10	36.7
A_PA	681	10	A	0	0	10	45.6
A_PA	682	10	A	0	0	10	45.7
A_PA	683	10	A	0	0	10	45
A_PA	684	10	C	0	0	10	43.7
A_PA	685	10	T	0	0	10	44.7
A_PA	686	10	T	0	0	10	44.6
A_PA	687	10	C	0	0	10	40.8
A_PA	688	10	A	0	0	10	39.6
A_PA	689	10	G	0	0	10	40.4
A_PA	690	10	A	0	0	10	42.2
A_PA	691	10	G	0	0	10	39.2
A_PA	692	10	C	0	0	10	39.4
A_PA	693	10	C	0	0	10	39.6
A_PA	694	10	T	0	0	10	41.1
A_PA	695	10	A	0	0	10	39.9
A_PA	696	10	T	0	0	10	41.8
A_PA	697	10	G	0	0	10	43.1
A_PA	698	10	T	0	0	10	41.8
A_PA	699	10	A	0	0	10	40.7
A_PA	700	10	G	0	0	10	40.5
A_PA	701	10	A	0	0	10	39.8
A_PA	702	10	T	0	0	10	39.3
A_PA	703	10	G	0	0	10	37.3
A_PA	704	10	G	0	0	10	37.2
A_PA	705	10	A	0	0	10	37.4
A_PA	706	10	T	0	0	10	39.4
A_PA	707	10	T	0	0	10	41.1
A_PA	708	10	C	0	0	10	40.1
A_PA	709	10	G	0	0	10	40.9
A_PA	710	10	A	0	0	10	42.6
A_PA	711	10	G	0	0	10	41.1
A_PA	712	10	C	0	0	10	40.6
A_PA	713	10	C	0	0	10	37.8
A_PA	714	10	G	0	0	10	36.9
A_PA	715	10	A	0	0	10	37.8
A_PA	716	10	A	0	0	10	37.7
A_PA	717	10	C	0	0	10	39.4
A_PA	718	10	G	0	0	10	38.6
A_PA	719	10	G	0	0	10	40.9
A_PA	720	10	C	0	0	10	41.3
A_PA	721	10	T	0	0	10	39.9
A_PA	722	10	G	0	0	10	40
A_PA	723	10	C	0	0	10	40.3
A_PA	724	10	A	0	0	10	40.9
A_PA	725	10	T	0	0	10	41.2
A_PA	726	10	T	0	0	10	41.6
A_PA	727	10	G	0	0	10	42.2
A_PA	728	10	A	0	0	10	42.4
A_PA	729	10	G	0	0	10	40.8
A_PA	730	10	G	0	0	10	43.7
A_PA	731	10	G	0	0	10	42.4
A_PA	732	10	C	0	0	10	42.7
A_PA	733	10	A	0	0	10	44
A_PA	734	10	A	0	0	10	41.1
A_PA	735	10	G	0	0	10	40.9
A_PA	736	10	C	0	0	10	37.5
A_PA	737	10	T	0	0	10	38.4
A_PA	738	10	T	0	0	10	37
A_PA	739	10	T	0	0	10	32.2
A_PA	740	10	C	0	0	10	28.1
A_PA	741	10	C	0	0	10	30.1
A_PA	742	10	C	0	0	10	31.5
A_PA	743	10	A	0	0	10	28.2
A_PA	744	10	A	0	0	10	31.9
A_PA	745	10	A	0	0	10	38.5
A_PA	746	10	T	0	0	10	37.3
A_PA	747	10	G	0	0	10	44
A_PA	748	10	T	0	0	10	46.6
A_PA	749	10	C	0	0	10	40.2
A_PA	750	10	A	0	0	10	42.2
A_PA	751	10	A	0	0	10	40.2
A_PA	752	10	A	0	0	10	42.4
A_PA	753	10	A	0	0	10	45.9
A_PA	754	10	G	0	0	10	44.4
A_PA	755	10	A	0	0	10	44.7
A_PA	756	10	A	0	0	10	44.5
A_PA	757	10	G	0	0	10	45.2
A_PA	758	10	T	0	0	10	42.1
A_PA	759	10	G	0	0	10	40
A_PA	760	10	A	0	0	10	41.6
A_PA	761	10	A	0	0	10	42
A_PA	762	10	C	0	0	10	40.7
A_PA	763	10	G	0	0	10	37.4
A_PA	764	10	C	0	0	10	36.6
A_PA	765	10	C	0	0	10	35.1
A_PA	766	10	A	0	0	10	33.5
A_PA	767	10	A	0	0	10	35.9
A_PA	768	10	A	0	0	10	42.3
A_PA	769	10	A	0	0	10	43.4
A_PA	770	10	T	0	0	10	43.7
A_PA	771	10	T	0	0	10	43.4
A_PA	772	10	G	0	0	9	39.2222222222222
A_PA	773	10	A	0	0	10	40.8
A_PA	774	10	A	0	0	10	37.4
A_PA	775	10	C	0	0	10	39.1
A_PA	776	10	C	0	0	10	41.5
A_PA	777	10	A	0	0	10	40.5
A_PA	778	10	T	0	0	10	42.7
A_PA	779	10	T	0	0	10	42.4
A_PA	780	10	C	0	0	10	41.8
A_PA	781	10	T	0	0	10	42.3
A_PA	782	10	T	0	0	10	40.5
A_PA	783	10	G	0	0	10	40
A_PA	784	10	A	0	0	10	39.4
A_PA	785	10	A	0	0	10	40.5
A_PA	786	9	G	1	0	9	43.8888888888889
A_PA	787	10	A	0	0	10	39.1
A_PA	788	10	C	0	0	10	38.8
A_PA	789	10	G	0	0	10	38.1
A_PA	790	10	A	0	0	10	38.5
A_PA	791	10	C	0	0	10	38.2
A_PA	792	10	A	0	0	10	35.2
A_PA	793	10	C	0	0	10	34.6
A_PA	794	10	C	0	0	10	36.1
A_PA	795	10	A	0	0	10	38.8
A_PA	796	10	C	0	0	10	37.5
A_PA	797	10	G	0	0	10	37.7
A_PA	798	10	C	0	0	10	39.9
A_PA	799	10	C	0	0	10	38.2
A_PA	800	10	C	0	0	10	37.3
A_PA	801	10	C	0	0	10	38.7
A_PA	802	10	C	0	0	10	38.7
A_PA	803	10	T	0	0	10	36.9
A_PA	804	10	C	0	0	10	40
A_PA	805	10	A	0	0	10	40.4
A_PA	806	10	G	0	0	10	39
A_PA	807	10	A	0	0	10	40.4
A_PA	808	10	T	0	0	10	40.2
A_PA	809	10	T	0	0	10	39.7
A_PA	810	10	A	0	0	10	39.3
A_PA	811	10	C	0	0	10	41.8
A_PA	812	10	C	0	0	10	39.2
A_PA	813	10	T	0	0	10	42.2
A_PA	814	10	G	0	0	10	40.2
A_PA	815	10	A	0	0	10	42.1
A_PA	816	10	T	0	0	10	39.3
A_PA	817	10	G	0	0	10	40.5
A_PA	818	10	G	0	0	10	40.1
A_PA	819	10	A	0	0	10	39.4
A_PA	820	10	C	0	0	10	40.4
A_PA	821	10	C	0	0	10	37.7
A_PA	822	10	T	0	0	10	37.6
A_PA	823	10	C	0	0	10	36.8
A_PA	824	10	T	0	0	10	36.4
A_PA	825	10	T	0	0	9	38.4444444444444
A_PA	826	10	T	0	0	10	35.7
A_PA	827	9	G	1	0	9	37.4444444444444
A_PA	828	10	C	0	0	10	35.6
A_PA	829	10	C	0	0	10	36.6
A_PA	830	10	A	0	0	10	36.5
A_PA	831	10	C	0	0	9	41.3333333333333
A_PA	832	10	C	0	0	10	40.2
A_PA	833	10	A	0	0	9	43.3333333333333
A_PA	834	10	G	0	0	10	40.5
A_PA	835	10	C	0	0	10	43.2
A_PA	836	10	G	0	0	10	39.8
A_PA	837	10	G	0	0	10	37.8
A_PA	838	10	T	0	0	10	37.7
A_PA	839	10	C	0	0	9	41
A_PA	840	10	A	0	0	10	36.8
A_PA	841	10	A	0	0	10	40.2
A_PA	842	10	A	0	0	10	39.2
A_PA	843	10	G	0	0	10	37.7
A_PA	844	10	T	0	0	10	38.4
A_PA	845	10	T	0	0	9	43.4444444444444
A_PA	846	10	C	0	0	9	42.4444444444444
A_PA	847	10	C	0	0	9	42.5555555555556
A_PA	848	10	T	0	0	10	41.1
A_PA	849	10	G	0	0	10	40.7
A_PA	850	10	C	0	0	10	40.2
A_PA	851	10	T	0	0	10	39.8
A_PA	852	10	G	0	0	10	39.9
A_PA	853	10	A	0	0	10	40
A_PA	854	10	T	0	0	10	38.7
A_PA	855	10	G	0	0	10	38
A_PA	856	10	G	0	0	10	38.7
A_PA	857	10	A	0	0	10	39.3
A_PA	858	10	T	0	0	10	40.7
A_PA	859	10	G	0	0	10	41.8
A_PA	860	9	C	1	0	9	44
A_PA	861	9	T	1	0	9	42.7777777777778
A_PA	862	10	C	0	0	10	37.5
A_PA	863	10	T	0	0	10	40
A_PA	864	10	G	0	0	10	35.7
A_PA	865	10	A	0	0	10	38.9
A_PA	866	10	A	0	0	10	40.9
A_PA	867	10	A	0	0	10	39.8
A_PA	868	10	T	0	0	10	39.6
A_PA	869	10	T	0	0	10	41
A_PA	870	10	A	0	0	10	37.9
A_PA	871	10	A	0	0	10	36.7
A_PA	872	10	G	0	0	10	36
A_PA	873	10	C	0	0	10	37.7
A_PA	874	10	A	0	0	10	39.6
A_PA	875	10	T	0	0	10	38.3
A_PA	876	10	T	0	0	10	36.6
A_PA	877	10	G	0	0	10	36.9
A_PA	878	10	A	0	0	10	39.1
A_PA	879	10	A	0	0	10	41.1
A_PA	880	10	G	0	0	10	39.7
A_PA	881	10	A	0	0	10	39.8
A_PA	882	10	C	0	0	10	41.5
A_PA	883	10	C	0	0	10	41.1
A_PA	884	10	C	0	0	10	41.6
A_PA	885	10	G	0	0	9	41.3333333333333
A_PA	886	10	A	0	0	10	37.5
A_PA	887	10	G	0	0	10	38.1
A_PA	888	10	T	0	0	10	37.4
A_PA	889	10	C	0	0	10	36.4
A_PA	890	10	A	0	0	10	39.6
A_PA	891	10	C	0	0	10	38.8
A_PA	892	10	G	0	0	10	32.8
A_PA	893	10	A	0	0	10	31.3
A_PA	894	9	G	1	0	9	32.3333333333333
A_PA	895	10	G	0	0	10	31.1
A_PA	896	10	G	0	0	10	30.5
A_PA	897	10	G	0	0	10	34.2
A_PA	898	10	G	0	0	10	32.5
A_PA	899	10	A	0	0	10	32.1
A_PA	900	10	A	0	0	10	30.4
A_PA	901	10	G	0	0	10	30.4
A_PA	902	10	G	0	0	10	32.4
A_PA	903	10	A	0	0	10	34
A_PA	904	10	A	0	0	10	35.4
A_PA	905	10	T	0	0	10	35.3
A_PA	906	10	A	0	0	10	33.3
A_PA	907	10	C	0	0	10	34.7
A_PA	908	10	C	0	0	10	36.5
A_PA	909	10	A	0	0	9	38.7777777777778
A_PA	910	10	C	0	0	10	35
A_PA	911	10	T	0	0	10	35.5
A_PA	912	10	A	0	0	10	38.8
A_PA	913	10	T	0	0	10	38.2
A_PA	914	10	A	0	0	10	39.2
A_PA	915	10	T	0	0	10	38.7
A_PA	916	10	G	0	0	10	40.9
A_PA	917	10	A	0	0	10	41.6
A_PA	918	10	T	0	0	10	41.1
A_PA	919	10	G	0	0	10	42.1
A_PA	920	10	C	0	0	10	41.5
A_PA	921	10	A	0	0	10	41.7
A_PA	922	10	A	0	0	10	43
A_PA	923	10	T	0	0	10	42.6
A_PA	924	10	C	0	0	10	40.6
A_PA	925	10	A	0	0	10	40.4
A_PA	926	10	A	0	0	10	42.7
A_PA	927	10	A	0	0	10	43.8
A_PA	928	10	T	0	0	10	43.1
A_PA	929	10	G	0	0	10	41.4
A_PA	930	10	C	0	0	10	41.9
A_PA	931	10	A	0	0	10	41.1
A_PA	932	10	T	0	0	10	43.1
A_PA	933	10	G	0	0	10	40.8
A_PA	934	10	A	0	0	10	45
A_PA	935	10	A	0	0	10	44.4
A_PA	936	10	G	0	0	10	44.6
A_PA	937	10	A	0	0	10	43.8
A_PA	938	10	C	0	0	10	45.1
A_PA	939	10	A	0	0	10	43.1
A_PA	940	10	T	0	0	10	46.3
A_PA	941	10	T	0	0	10	44
A_PA	942	10	C	0	0	10	44.5
A_PA	943	10	T	0	0	10	45.6
A_PA	944	10	T	0	0	10	47.6
A_PA	945	10	T	0	0	10	47.2
A_PA	946	10	G	0	0	10	44.1
A_PA	947	10	G	0	0	10	41.9
A_PA	948	10	C	0	0	10	44.3
A_PA	949	10	T	0	0	10	45.5
A_PA	950	10	G	0	0	10	42
A_PA	951	10	G	0	0	10	41.8
A_PA	952	10	A	0	0	10	42.7
A_PA	953	10	A	0	0	10	42.3
A_PA	954	10	A	0	0	10	44.1
A_PA	955	10	G	0	0	10	43.8
A_PA	956	10	A	0	0	10	44.6
A_PA	957	10	G	0	0	10	42.9
A_PA	958	10	C	0	0	10	43.6
A_PA	959	10	C	0	0	10	40.9
A_PA	960	10	T	0	0	10	41
A_PA	961	10	A	0	0	10	40.3
A_PA	962	10	A	0	0	10	40.4
A_PA	963	10	A	0	0	10	40.5
A_PA	964	10	A	0	0	10	44.1
A_PA	965	10	T	0	0	10	43.3
A_PA	966	10	A	0	0	10	40.3
A_PA	967	10	G	0	0	10	40.6
A_PA	968	10	T	0	0	10	42.2
A_PA	969	10	C	0	0	10	39.1
A_PA	970	10	A	0	0	10	39.2
A_PA	971	10	A	0	0	10	43.4
A_PA	972	10	A	0	0	10	44.7
A_PA	973	10	C	0	0	10	44.2
A_PA	974	10	C	0	0	10	41.8
A_PA	975	10	A	0	0	10	42.8
A_PA	976	10	C	0	0	10	42.3
A_PA	977	10	A	0	0	10	41.2
A_PA	978	10	T	0	0	10	42
A_PA	979	10	G	0	0	10	43.4
A_PA	980	10	A	0	0	10	45.5
A_PA	981	10	G	0	0	10	45
A_PA	982	10	A	0	0	10	44.8
A_PA	983	10	A	0	0	10	46.5
A_PA	984	10	A	0	0	10	45.7
A_PA	985	10	G	0	0	10	42.4
A_PA	986	10	G	0	0	10	42.8
A_PA	987	10	C	0	0	10	41.1
A_PA	988	10	G	0	0	10	41
A_PA	989	10	T	0	0	10	40.9
A_PA	990	10	A	0	0	10	40.3
A_PA	991	10	A	0	0	10	39.7
A_PA	992	10	A	0	0	10	41.1
A_PA	993	10	T	0	0	10	43.5
A_PA	994	10	C	0	0	10	43
A_PA	995	10	C	0	0	10	43
A_PA	996	10	C	0	0	10	42.3
A_PA	997	10	A	0	0	10	45.4
A_PA	998	10	A	0	0	10	42.5
A_PA	999	10	T	0	0	10	43.2
A_PA	1000	10	T	0	0	10	43.5
A_PA	1001	10	A	0	0	10	42.6
A_PA	1002	10	C	0	0	10	43
A_PA	1003	10	C	0	0	10	40.5
A_PA	1004	10	T	0	0	10	45.2
A_PA	1005	10	C	0	0	10	43.4
A_PA	1006	10	A	0	0	10	43.9
A_PA	1007	10	T	0	0	10	44.4
A_PA	1008	10	G	0	0	10	44.9
A_PA	1009	10	A	0	0	10	45.8
A_PA	1010	10	C	0	0	10	45.8
A_PA	1011	10	T	0	0	10	45.8
A_PA	1012	10	T	0	0	10	44.3
A_PA	1013	10	G	0	0	10	43.9
A_PA	1014	10	G	0	0	10	43.6
A_PA	1015	10	A	0	0	10	42.4
A_PA	1016	10	A	0	0	10	43.7
A_PA	1017	10	T	0	0	10	45.7
A_PA	1018	10	C	0	0	10	42.8
A_PA	1019	10	A	0	0	10	45.1
A_PA	1020	10	G	0	0	10	43.5
A_PA	1021	10	G	0	0	10	42.6
A_PA	1022	10	T	0	0	10	41.8
A_PA	1023	10	G	0	0	10	40.6
A_PA	1024	10	C	0	0	10	42.4
A_PA	1025	10	T	0	0	10	41.6
A_PA	1026	10	A	0	0	10	40.9
A_PA	1027	10	G	0	0	10	43
A_PA	1028	10	C	0	0	10	42.7
A_PA	1029	10	A	0	0	10	45.3
A_PA	1030	10	G	0	0	10	45.4
A_PA	1031	10	A	0	0	10	42.7
A_PA	1032	10	G	0	0	10	44.4
A_PA	1033	10	C	0	0	10	43.8
A_PA	1034	10	T	0	0	10	43.5
A_PA	1035	10	A	0	0	10	40.7
A_PA	1036	10	C	0	0	10	41.7
A_PA	1037	10	A	0	0	10	41.4
A_PA	1038	10	G	0	0	10	42.3
A_PA	1039	10	G	0	0	10	41.9
A_PA	1040	10	A	0	0	10	41.5
A_PA	1041	10	C	0	0	10	42.8
A_PA	1042	10	A	0	0	10	41.4
A_PA	1043	10	T	0	0	10	41.4
A_PA	1044	10	T	0	0	10	40.5
A_PA	1045	10	G	0	0	10	41
A_PA	1046	10	A	0	0	10	41.5
A_PA	1047	10	A	0	0	10	41.4
A_PA	1048	10	A	0	0	10	41.5
A_PA	1049	10	A	0	0	10	42.4
A_PA	1050	10	T	0	0	10	41
A_PA	1051	10	G	0	0	10	35.1
A_PA	1052	10	A	0	0	10	34.7
A_PA	1053	10	A	0	0	10	35.4
A_PA	1054	10	G	0	0	10	33.3
A_PA	1055	10	A	0	0	10	36.9
A_PA	1056	10	G	0	0	10	37.7
A_PA	1057	10	A	0	0	10	37.4
A_PA	1058	10	A	0	0	10	38
A_PA	1059	10	A	0	0	10	41.4
A_PA	1060	10	A	0	0	10	44.1
A_PA	1061	10	T	0	0	10	42.5
A_PA	1062	10	C	0	0	10	41.1
A_PA	1063	10	C	0	0	10	40.9
A_PA	1064	10	C	0	0	10	45.1
A_PA	1065	10	A	0	0	10	39.6
A_PA	1066	10	A	0	0	10	39.9
A_PA	1067	10	G	0	0	10	41.7
A_PA	1068	10	G	0	0	10	42.1
A_PA	1069	10	A	0	0	10	41.6
A_PA	1070	10	C	0	0	10	42.1
A_PA	1071	10	A	0	0	10	39.9
A_PA	1072	10	A	0	0	10	42.8
A_PA	1073	10	A	0	0	10	42.3
A_PA	1074	10	G	0	0	10	42.2
A_PA	1075	10	A	0	0	9	42.2222222222222
A_PA	1076	10	A	0	0	10	43.6
A_PA	1077	10	C	0	0	10	43.4
A_PA	1078	10	A	0	0	10	42.7
A_PA	1079	10	T	0	0	10	42.4
A_PA	1080	10	G	0	0	10	40.3
A_PA	1081	10	A	0	0	10	42.8
A_PA	1082	10	A	0	0	10	41.3
A_PA	1083	10	G	0	0	10	41.7
A_PA	1084	10	A	0	0	10	44.4
A_PA	1085	10	A	0	0	10	42.8
A_PA	1086	10	G	0	0	10	42.5
A_PA	1087	10	A	0	0	10	43
A_PA	1088	10	C	0	0	10	41.7
A_PA	1089	10	A	0	0	10	41
A_PA	1090	10	A	0	0	10	41.7
A_PA	1091	10	G	0	0	10	41
A_PA	1092	10	C	0	0	10	41.1
A_PA	1093	10	C	0	0	10	40.1
A_PA	1094	10	A	0	0	10	41.9
A_PA	1095	10	A	0	0	10	45.2
A_PA	1096	10	T	0	0	10	43
A_PA	1097	10	T	0	0	10	45.8
A_PA	1098	10	G	0	0	10	41.5
A_PA	1099	10	A	0	0	10	43.9
A_PA	1100	10	A	0	0	10	45
A_PA	1101	10	G	0	0	10	43
A_PA	1102	10	T	0	0	10	41.7
A_PA	1103	10	G	0	0	10	40.8
A_PA	1104	10	G	0	0	10	42.7
A_PA	1105	10	G	0	0	10	41.5
A_PA	1106	10	C	0	0	10	42.2
A_PA	1107	10	A	0	0	10	42.9
A_PA	1108	10	C	0	0	10	44.4
A_PA	1109	10	T	0	0	10	41.6
A_PA	1110	10	C	0	0	10	40.5
A_PA	1111	10	G	0	0	10	34.5
A_PA	1112	10	G	0	0	10	34.8
A_PA	1113	10	T	0	0	10	36
A_PA	1114	10	G	0	0	10	34.4
A_PA	1115	10	A	0	0	10	35.4
A_PA	1116	10	A	0	0	10	40.1
A_PA	1117	10	A	0	0	10	41.2
A_PA	1118	10	A	0	0	10	42.7
A_PA	1119	10	T	0	0	10	40.3
A_PA	1120	10	A	0	0	10	42.7
A_PA	1121	10	T	0	0	10	42.5
A_PA	1122	10	G	0	0	10	40.1
A_PA	1123	10	G	0	0	10	41.6
A_PA	1124	10	C	0	0	10	42.8
A_PA	1125	10	A	0	0	10	42.5
A_PA	1126	10	C	0	0	10	42.8
A_PA	1127	10	C	0	0	10	41.4
A_PA	1128	10	T	0	0	10	43
A_PA	1129	10	G	0	0	10	40.7
A_PA	1130	10	A	0	0	10	39
A_PA	1131	10	A	0	0	10	40.5
A_PA	1132	10	A	0	0	10	45.3
A_PA	1133	10	A	0	0	10	44.2
A_PA	1134	10	A	0	0	10	43.6
A_PA	1135	10	G	0	0	10	43.4
A_PA	1136	10	T	0	0	10	44.8
A_PA	1137	10	G	0	0	10	42.5
A_PA	1138	10	G	0	0	10	43.6
A_PA	1139	10	A	0	0	10	43.3
A_PA	1140	10	C	0	0	10	42.4
A_PA	1141	10	T	0	0	10	42
A_PA	1142	10	T	0	0	10	42.3
A_PA	1143	10	T	0	0	10	42.8
A_PA	1144	10	G	0	0	10	41.5
A_PA	1145	10	A	0	0	10	41.2
A_PA	1146	10	T	0	0	10	42.4
A_PA	1147	10	G	0	0	10	39.6
A_PA	1148	10	A	0	0	10	38.9
A_PA	1149	10	C	0	0	10	39.8
A_PA	1150	10	T	0	0	10	38.6
A_PA	1151	10	G	0	0	10	37.5
A_PA	1152	10	T	0	0	10	37.2
A_PA	1153	10	A	0	0	10	35
A_PA	1154	10	A	0	0	10	38.5
A_PA	1155	10	A	0	0	10	37.5
A_PA	1156	10	G	0	0	10	38.5
A_PA	1157	10	A	0	0	10	41.5
A_PA	1158	10	T	0	0	10	42.6
A_PA	1159	10	G	0	0	10	38.3
A_PA	1160	10	T	0	0	10	39.1
A_PA	1161	10	T	0	0	10	37.9
A_PA	1162	10	G	0	0	10	36.2
A_PA	1163	10	G	0	0	10	33.3
A_PA	1164	10	A	0	0	10	37.4
A_PA	1165	10	G	0	0	10	41.5
A_PA	1166	10	A	0	0	10	41.3
A_PA	1167	10	C	0	0	10	44.5
A_PA	1168	10	C	0	0	10	43.9
A_PA	1169	10	T	0	0	10	44.2
A_PA	1170	10	T	0	0	10	44.1
A_PA	1171	10	A	0	0	10	41.1
A_PA	1172	10	A	0	0	10	40.5
A_PA	1173	10	A	0	0	10	42.7
A_PA	1174	10	C	0	0	10	42.7
A_PA	1175	10	A	0	0	10	43.8
A_PA	1176	10	G	0	0	10	44.2
A_PA	1177	10	T	0	0	10	42.7
A_PA	1178	10	A	0	0	10	41.1
A_PA	1179	10	T	0	0	10	40.7
A_PA	1180	10	G	0	0	10	42.3
A_PA	1181	10	A	0	0	10	42.4
A_PA	1182	10	C	0	0	10	42.2
A_PA	1183	10	A	0	0	10	43.8
A_PA	1184	10	G	0	0	10	45.2
A_PA	1185	10	T	0	0	10	44.4
A_PA	1186	10	G	0	0	10	42.6
A_PA	1187	10	A	0	0	10	43.2
A_PA	1188	10	T	0	0	10	43.5
A_PA	1189	10	G	0	0	10	38.3
A_PA	1190	10	A	0	0	10	37.7
A_PA	1191	10	G	0	0	10	36.2
A_PA	1192	10	C	0	0	10	36.8
A_PA	1193	10	C	0	0	10	34.9
A_PA	1194	10	A	0	0	10	36.9
A_PA	1195	8	G	2	0	8	45.25
A_PA	1196	10	A	0	0	10	34.7
A_PA	1197	10	G	0	0	10	34.2
A_PA	1198	9	C	1	0	9	38.3333333333333
A_PA	1199	9	C	1	0	9	38.1111111111111
A_PA	1200	9	C	1	0	9	41.2222222222222
A_PA	1201	9	A	1	0	9	33.3333333333333
A_PA	1202	10	G	0	0	10	37.5
A_PA	1203	10	A	0	0	10	37.5
A_PA	1204	10	T	0	0	9	41.6666666666667
A_PA	1205	10	C	0	0	9	40.3333333333333
A_PA	1206	10	T	0	0	10	38.7
A_PA	1207	10	C	0	0	9	36.5555555555556
A_PA	1208	10	T	0	0	10	34.4
A_PA	1209	10	A	0	0	10	33.1
A_PA	1210	10	G	0	0	10	34
A_PA	1211	10	C	0	0	10	33.7
A_PA	1212	10	A	0	0	10	38.1
A_PA	1213	10	A	0	0	10	40.1
A_PA	1214	10	G	0	0	10	39.9
A_PA	1215	10	C	0	0	10	42.4
A_PA	1216	10	T	0	0	10	41.1
A_PA	1217	10	G	0	0	10	41.6
A_PA	1218	10	G	0	0	10	39.2
A_PA	1219	10	G	0	0	10	39.1
A_PA	1220	10	T	0	0	10	36.9
A_PA	1221	10	C	0	0	10	38.7
A_PA	1222	10	C	0	0	10	38.1
A_PA	1223	10	A	0	0	10	36.1
A_PA	1224	10	G	0	0	10	36.1
A_PA	1225	10	A	0	0	10	37.3
A_PA	1226	10	A	0	0	10	38
A_PA	1227	10	T	0	0	10	40.2
A_PA	1228	10	G	0	0	10	40
A_PA	1229	10	A	0	0	10	41.3
A_PA	1230	10	A	0	0	10	42.7
A_PA	1231	10	T	0	0	10	41.8
A_PA	1232	10	T	0	0	10	41.5
A_PA	1233	10	C	0	0	10	39.9
A_PA	1234	10	A	0	0	10	42.4
A_PA	1235	10	A	0	0	10	40.1
A_PA	1236	10	T	0	0	10	42
A_PA	1237	10	A	0	0	10	40
A_PA	1238	10	A	0	0	10	43.3
A_PA	1239	10	G	0	0	10	42
A_PA	1240	10	G	0	0	10	43.1
A_PA	1241	10	C	0	0	10	43.4
A_PA	1242	10	A	0	0	10	42.5
A_PA	1243	10	T	0	0	10	42.8
A_PA	1244	10	G	0	0	10	41.6
A_PA	1245	10	T	0	0	10	42.4
A_PA	1246	10	G	0	0	10	39.7
A_PA	1247	10	A	0	0	10	37.3
A_PA	1248	10	A	0	0	10	37
A_PA	1249	10	T	0	0	10	39.9
A_PA	1250	10	T	0	0	10	38.3
A_PA	1251	10	G	0	0	10	39.6
A_PA	1252	10	A	0	0	10	41.6
A_PA	1253	10	C	0	0	10	40.8
A_PA	1254	10	T	0	0	10	42.2
A_PA	1255	10	G	0	0	10	39.2
A_PA	1256	10	A	0	0	10	39.7
A_PA	1257	10	T	0	0	10	41.5
A_PA	1258	10	T	0	0	10	42.3
A_PA	1259	10	C	0	0	10	40.8
A_PA	1260	10	A	0	0	10	43.1
A_PA	1261	10	A	0	0	10	42.5
A_PA	1262	10	G	0	0	10	42.9
A_PA	1263	10	C	0	0	10	43.3
A_PA	1264	10	T	0	0	10	44.4
A_PA	1265	10	G	0	0	10	40.8
A_PA	1266	10	G	0	0	10	41.1
A_PA	1267	10	A	0	0	10	40.7
A_PA	1268	10	T	0	0	10	42.7
A_PA	1269	10	A	0	0	10	39.3
A_PA	1270	10	G	0	0	10	40.5
A_PA	1271	10	A	0	0	10	39.8
A_PA	1272	10	A	0	0	10	40.7
A_PA	1273	10	C	0	0	10	38.9
A_PA	1274	10	T	0	0	10	42.7
A_PA	1275	10	T	0	0	10	42.1
A_PA	1276	10	G	0	0	10	41.2
A_PA	1277	10	A	0	0	10	42.9
A_PA	1278	10	T	0	0	10	42.9
A_PA	1279	10	G	0	0	10	41.2
A_PA	1280	10	A	0	0	10	41.2
A_PA	1281	10	A	0	0	10	39.3
A_PA	1282	10	A	0	0	10	39.8
A_PA	1283	10	T	0	0	10	40.8
A_PA	1284	10	A	0	0	10	38
A_PA	1285	10	G	0	0	10	40.3
A_PA	1286	9	G	1	0	9	35.6666666666667
A_PA	1287	9	A	1	0	9	38.8888888888889
A_PA	1288	10	G	0	0	10	42.3
A_PA	1289	10	A	0	0	9	43.6666666666667
A_PA	1290	10	A	0	0	10	41.8
A_PA	1291	10	G	0	0	10	42.4
A_PA	1292	10	A	0	0	10	40.2
A_PA	1293	10	T	0	0	10	38.9
A_PA	1294	10	G	0	0	10	37.4
A_PA	1295	10	T	0	0	9	38
A_PA	1296	10	T	0	0	10	36.4
A_PA	1297	10	G	0	0	10	33.3
A_PA	1298	9	C	1	0	9	34.3333333333333
A_PA	1299	10	C	0	0	10	33.8
A_PA	1300	10	C	0	0	10	37.2
A_PA	1301	10	C	0	0	10	31
A_PA	1302	10	G	0	0	10	28.3
A_PA	1303	10	A	0	0	10	33.6
A_PA	1304	10	T	0	0	10	36.5
A_PA	1305	10	T	0	0	10	36.2
A_PA	1306	10	G	0	0	10	38.7
A_PA	1307	10	A	0	0	10	41.2
A_PA	1308	10	A	0	0	10	41.5
A_PA	1309	10	C	0	0	10	45.3
A_PA	1310	10	A	0	0	10	40.9
A_PA	1311	10	T	0	0	10	41.9
A_PA	1312	10	G	0	0	10	39.7
A_PA	1313	10	T	0	0	10	39.9
A_PA	1314	9	A	1	0	9	39.1111111111111
A_PA	1315	9	G	1	0	9	39.4444444444444
A_PA	1316	9	C	1	0	9	40.1111111111111
A_PA	1317	9	A	1	0	9	38.2222222222222
A_PA	1318	9	A	1	0	9	42.1111111111111
A_PA	1319	9	G	1	0	9	40.5555555555556
A_PA	1320	9	C	1	0	9	43.7777777777778
A_PA	1321	9	A	1	0	9	41.4444444444444
A_PA	1322	9	T	1	0	9	43.4444444444444
A_PA	1323	9	G	1	0	9	36.1111111111111
A_PA	1324	10	A	0	0	10	35.1
A_PA	1325	10	G	0	0	10	34.3
A_PA	1326	10	G	0	0	10	34.5
A_PA	1327	10	A	0	0	10	38
A_PA	1328	10	G	0	0	10	39.2
A_PA	1329	10	G	0	0	10	40.6
A_PA	1330	10	A	0	0	10	42.6
A_PA	1331	10	A	0	0	10	42.4
A_PA	1332	10	C	0	0	10	43.1
A_PA	1333	10	T	0	0	10	41
A_PA	1334	10	A	0	0	10	41.3
A_PA	1335	10	T	0	0	10	41.9
A_PA	1336	10	T	0	0	10	39.9
A_PA	1337	10	T	0	0	10	41.9
A_PA	1338	10	C	0	0	10	41.5
A_PA	1339	10	A	0	0	10	41.3
A_PA	1340	10	C	0	0	10	41.5
A_PA	1341	10	A	0	0	10	41
A_PA	1342	10	G	0	0	10	41.6
A_PA	1343	10	C	0	0	10	39.9
A_PA	1344	10	A	0	0	10	41.2
A_PA	1345	10	G	0	0	10	39.3
A_PA	1346	10	A	0	0	10	39.5
A_PA	1347	10	A	0	0	10	41
A_PA	1348	10	G	0	0	10	40.6
A_PA	1349	10	T	0	0	10	41.3
A_PA	1350	10	G	0	0	10	42.8
A_PA	1351	10	T	0	0	10	43.4
A_PA	1352	10	C	0	0	10	44.2
A_PA	1353	10	C	0	0	10	43.5
A_PA	1354	10	C	0	0	10	44
A_PA	1355	10	A	0	0	10	41.9
A_PA	1356	10	C	0	0	10	42.4
A_PA	1357	10	T	0	0	10	44.5
A_PA	1358	10	G	0	0	10	44.6
A_PA	1359	10	C	0	0	10	45.6
A_PA	1360	10	A	0	0	10	42.8
A_PA	1361	10	G	0	0	10	42
A_PA	1362	10	G	0	0	10	43.8
A_PA	1363	10	G	0	0	10	42.5
A_PA	1364	10	C	0	0	10	40.1
A_PA	1365	10	T	0	0	10	40.5
A_PA	1366	10	A	0	0	10	39.2
A_PA	1367	10	C	0	0	10	42.3
A_PA	1368	10	T	0	0	10	40.6
A_PA	1369	10	G	0	0	10	42.2
A_PA	1370	10	A	0	0	10	43.4
A_PA	1371	10	A	0	0	10	42.5
A_PA	1372	10	T	0	0	10	44.7
A_PA	1373	10	A	0	0	10	42.1
A_PA	1374	10	C	0	0	10	43.5
A_PA	1375	10	A	0	0	10	43.5
A_PA	1376	10	T	0	0	10	42.8
A_PA	1377	10	A	0	0	10	43
A_PA	1378	10	A	0	0	10	46.1
A_PA	1379	10	T	0	0	10	46.4
A_PA	1380	10	G	0	0	10	41.8
A_PA	1381	10	A	0	0	10	45.8
A_PA	1382	10	A	0	0	10	43.7
A_PA	1383	10	G	0	0	10	41.9
A_PA	1384	10	G	0	0	10	42
A_PA	1385	10	G	0	0	10	42.9
A_PA	1386	10	A	0	0	10	43.4
A_PA	1387	10	G	0	0	10	43.9
A_PA	1388	10	T	0	0	10	44.4
A_PA	1389	10	G	0	0	10	43.1
A_PA	1390	10	T	0	0	10	44
A_PA	1391	10	A	0	0	10	42.3
A_PA	1392	10	C	0	0	10	41.5
A_PA	1393	10	A	0	0	10	39
A_PA	1394	10	T	0	0	10	42.7
A_PA	1395	10	A	0	0	10	41.7
A_PA	1396	10	A	0	0	10	42.3
A_PA	1397	10	A	0	0	10	42.1
A_PA	1398	10	T	0	0	10	44.1
A_PA	1399	10	A	0	0	10	43.5
A_PA	1400	10	C	0	0	10	42.6
A_PA	1401	10	G	0	0	10	40.6
A_PA	1402	10	G	0	0	10	41.3
A_PA	1403	10	C	0	0	10	41
A_PA	1404	10	C	0	0	10	38.5
A_PA	1405	10	T	0	0	10	40.6
A_PA	1406	10	T	0	0	10	41.1
A_PA	1407	10	G	0	0	10	44.5
A_PA	1408	10	C	0	0	10	44.4
A_PA	1409	10	T	0	0	10	45.3
A_PA	1410	10	T	0	0	10	43.8
A_PA	1411	10	A	0	0	10	42.7
A_PA	1412	10	A	0	0	10	43.8
A_PA	1413	10	T	0	0	10	43.1
A_PA	1414	10	G	0	0	10	41.4
A_PA	1415	10	C	0	0	10	45.7
A_PA	1416	10	A	0	0	10	43.7
A_PA	1417	10	T	0	0	10	44
A_PA	1418	10	C	0	0	10	42.5
A_PA	1419	10	C	0	0	10	42.6
A_PA	1420	10	T	0	0	10	42.7
A_PA	1421	10	G	0	0	10	41.7
A_PA	1422	10	T	0	0	10	42.9
A_PA	1423	10	G	0	0	10	44.4
A_PA	1424	10	C	0	0	10	44.3
A_PA	1425	10	A	0	0	10	42.4
A_PA	1426	10	G	0	0	10	43.8
A_PA	1427	10	C	0	0	10	41.9
A_PA	1428	10	C	0	0	10	43.2
A_PA	1429	10	A	0	0	10	43.4
A_PA	1430	10	T	0	0	10	42.1
A_PA	1431	10	G	0	0	10	43
A_PA	1432	10	G	0	0	10	44.7
A_PA	1433	10	A	0	0	10	44.8
A_PA	1434	10	T	0	0	10	42.6
A_PA	1435	10	G	0	0	9	44.4444444444444
A_PA	1436	10	A	0	0	10	42
A_PA	1437	10	C	0	0	10	41.2
A_PA	1438	10	T	0	0	10	43
A_PA	1439	10	T	0	0	10	45.6
A_PA	1440	10	T	0	0	10	43.1
A_PA	1441	10	C	0	0	10	41.9
A_PA	1442	10	A	0	0	10	44.2
A_PA	1443	10	G	0	0	10	43.2
A_PA	1444	10	C	0	0	10	41.5
A_PA	1445	10	T	0	0	10	42.7
A_PA	1446	10	G	0	0	10	43.5
A_PA	1447	10	A	0	0	10	43.2
A_PA	1448	10	T	0	0	10	43
A_PA	1449	10	T	0	0	10	44.3
A_PA	1450	10	C	0	0	10	39.4
A_PA	1451	10	C	0	0	10	42.2
A_PA	1452	10	A	0	0	10	40.2
A_PA	1453	10	A	0	0	10	39.2
A_PA	1454	10	T	0	0	10	40.3
A_PA	1455	10	G	0	0	10	40.4
A_PA	1456	10	A	0	0	10	40.3
A_PA	1457	10	T	0	0	10	42.7
A_PA	1458	10	A	0	0	10	40.9
A_PA	1459	10	A	0	0	10	39.7
A_PA	1460	10	G	0	0	10	40.1
A_PA	1461	10	C	0	0	10	41.2
A_PA	1462	10	A	0	0	10	39.3
A_PA	1463	10	A	0	0	10	41.2
A_PA	1464	10	A	0	0	10	40.8
A_PA	1465	10	T	0	0	10	42.4
A_PA	1466	10	G	0	0	10	42.4
A_PA	1467	10	T	0	0	10	44.5
A_PA	1468	10	A	0	0	10	41
A_PA	1469	10	G	0	0	10	41.1
A_PA	1470	10	A	0	0	10	39.2
A_PA	1471	10	A	0	0	10	40.2
A_PA	1472	10	C	0	0	10	38.2
A_PA	1473	10	C	0	0	10	38.7
A_PA	1474	10	A	0	0	10	37
A_PA	1475	10	A	0	0	10	39.4
A_PA	1476	10	A	0	0	10	39.9
A_PA	1477	10	G	0	0	10	38.6
A_PA	1478	10	A	0	0	10	38.6
A_PA	1479	10	A	0	0	10	40.3
A_PA	1480	10	G	0	0	10	41.9
A_PA	1481	10	G	0	0	10	40.3
A_PA	1482	10	A	0	0	10	42
A_PA	1483	10	A	0	0	10	39
A_PA	1484	10	G	0	0	10	42.9
A_PA	1485	10	A	0	0	10	41.6
A_PA	1486	10	C	0	0	10	41.6
A_PA	1487	10	G	0	0	9	43.7777777777778
A_PA	1488	10	G	0	0	9	40.5555555555556
A_PA	1489	10	A	0	0	10	38.1
A_PA	1490	10	A	0	0	10	37.3
A_PA	1491	10	A	0	0	10	40.1
A_PA	1492	10	A	0	0	10	42.1
A_PA	1493	10	C	0	0	10	41.5
A_PA	1494	10	A	0	0	10	37.2
A_PA	1495	10	A	0	0	10	37.9
A_PA	1496	10	A	0	0	10	40.2
A_PA	1497	10	C	0	0	10	37.9
A_PA	1498	10	C	0	0	10	37.7
A_PA	1499	10	T	0	0	10	40.1
A_PA	1500	10	G	0	0	10	38.5
A_PA	1501	10	T	0	0	10	39.4
A_PA	1502	10	A	0	0	10	39.6
A_PA	1503	10	T	0	0	10	41.5
A_PA	1504	10	G	0	0	9	42
A_PA	1505	10	G	0	0	10	38.2
A_PA	1506	10	A	0	0	10	38.1
A_PA	1507	10	T	0	0	10	39.3
A_PA	1508	10	T	0	0	10	39.5
A_PA	1509	10	C	0	0	10	39.7
A_PA	1510	10	A	0	0	10	42
A_PA	1511	10	T	0	0	10	44
A_PA	1512	10	T	0	0	10	43.3
A_PA	1513	10	G	0	0	10	42.9
A_PA	1514	10	T	0	0	10	42.7
A_PA	1515	10	A	0	0	10	41.7
A_PA	1516	10	A	0	0	10	46.1
A_PA	1517	10	A	0	0	10	42.6
A_PA	1518	10	G	0	0	10	39.7
A_PA	1519	10	G	0	0	10	44.9
A_PA	1520	10	G	0	0	10	43.9
A_PA	1521	10	A	0	0	10	42.8
A_PA	1522	10	A	0	0	10	43.4
A_PA	1523	10	G	0	0	10	46.1
A_PA	1524	10	A	0	0	10	45.2
A_PA	1525	10	T	0	0	10	46.6
A_PA	1526	10	C	0	0	10	44
A_PA	1527	10	T	0	0	10	43.1
A_PA	1528	10	C	0	0	10	42.6
A_PA	1529	10	A	0	0	10	41.1
A_PA	1530	9	T	1	0	9	38.7777777777778
A_PA	1531	10	T	0	0	10	42.5
A_PA	1532	10	T	0	0	10	42.8
A_PA	1533	10	G	0	0	10	40.9
A_PA	1534	10	A	0	0	10	41.5
A_PA	1535	10	G	0	0	10	41.6
A_PA	1536	10	A	0	0	10	44
A_PA	1537	10	A	0	0	10	44
A_PA	1538	10	A	0	0	10	42.4
A_PA	1539	10	T	0	0	10	44
A_PA	1540	10	G	0	0	10	43.1
A_PA	1541	10	A	0	0	10	41.7
A_PA	1542	10	T	0	0	10	40.6
A_PA	1543	10	A	0	0	10	36.8
A_PA	1544	10	C	0	0	10	35.5
A_PA	1545	10	C	0	0	10	35.1
A_PA	1546	10	G	0	0	10	36.7
A_PA	1547	10	A	0	0	10	35.2
A_PA	1548	10	T	0	0	10	40.8
A_PA	1549	10	G	0	0	10	40.2
A_PA	1550	10	T	0	0	10	41.4
A_PA	1551	10	A	0	0	10	41.6
A_PA	1552	10	G	0	0	10	42.1
A_PA	1553	10	T	0	0	10	44.6
A_PA	1554	10	G	0	0	10	42.3
A_PA	1555	10	A	0	0	10	45.5
A_PA	1556	10	A	0	0	10	43.9
A_PA	1557	10	C	0	0	10	43.7
A_PA	1558	10	T	0	0	10	42.7
A_PA	1559	10	T	0	0	10	44.8
A_PA	1560	10	T	0	0	10	46.3
A_PA	1561	10	G	0	0	10	45.5
A_PA	1562	10	T	0	0	10	45.6
A_PA	1563	10	A	0	0	10	40.5
A_PA	1564	10	A	0	0	10	41.8
A_PA	1565	10	G	0	0	10	42.3
A_PA	1566	10	T	0	0	10	42.8
A_PA	1567	10	A	0	0	10	42.1
A_PA	1568	10	T	0	0	10	42.4
A_PA	1569	10	G	0	0	10	42.3
A_PA	1570	10	G	0	0	10	43.9
A_PA	1571	10	A	0	0	10	46.5
A_PA	1572	10	G	0	0	10	46.2
A_PA	1573	10	T	0	0	10	43.7
A_PA	1574	10	T	0	0	10	43.4
A_PA	1575	10	C	0	0	10	46.1
A_PA	1576	10	T	0	0	9	45.4444444444444
A_PA	1577	10	C	0	0	10	43.3
A_PA	1578	10	A	0	0	10	44.5
A_PA	1579	10	C	0	0	10	42.8
A_PA	1580	10	T	0	0	10	43.2
A_PA	1581	10	C	0	0	10	42.7
A_PA	1582	10	A	0	0	10	43.2
A_PA	1583	10	C	0	0	10	46.6
A_PA	1584	10	T	0	0	10	46
A_PA	1585	10	G	0	0	10	42.1
A_PA	1586	10	A	0	0	10	41.4
A_PA	1587	10	T	0	0	10	42
A_PA	1588	10	C	0	0	10	41.8
A_PA	1589	10	C	0	0	10	44.2
A_PA	1590	10	A	0	0	10	40.4
A_PA	1591	10	A	0	0	10	41.8
A_PA	1592	10	G	0	0	10	42.1
A_PA	1593	10	A	0	0	10	42.2
A_PA	1594	10	C	0	0	10	42.3
A_PA	1595	10	T	0	0	10	40.3
A_PA	1596	10	G	0	0	10	39.4
A_PA	1597	10	G	0	0	10	38.1
A_PA	1598	10	A	0	0	10	41.9
A_PA	1599	10	A	0	0	10	43.4
A_PA	1600	10	C	0	0	10	42
A_PA	1601	10	C	0	0	10	41.8
A_PA	1602	10	A	0	0	10	42.7
A_PA	1603	10	C	0	0	10	41.9
A_PA	1604	10	A	0	0	10	43.1
A_PA	1605	10	C	0	0	10	43.8
A_PA	1606	10	A	0	0	10	40.7
A_PA	1607	10	A	0	0	10	42.4
A_PA	1608	10	A	0	0	10	40.3
A_PA	1609	10	T	0	0	10	41.2
A_PA	1610	10	G	0	0	10	39.6
A_PA	1611	10	G	0	0	10	41.5
A_PA	1612	10	G	0	0	10	42.7
A_PA	1613	10	A	0	0	9	43.6666666666667
A_PA	1614	10	A	0	0	9	45.3333333333333
A_PA	1615	10	A	0	0	10	42.8
A_PA	1616	10	A	0	0	10	43.8
A_PA	1617	10	A	0	0	10	42.5
A_PA	1618	10	T	0	0	10	42.2
A_PA	1619	10	A	0	0	10	42.6
A_PA	1620	10	C	0	0	10	40.3
A_PA	1621	10	T	0	0	10	42.6
A_PA	1622	10	G	0	0	10	44
A_PA	1623	10	T	0	0	10	43
A_PA	1624	10	G	0	0	10	42.7
A_PA	1625	10	T	0	0	10	44.1
A_PA	1626	10	T	0	0	10	44.6
A_PA	1627	10	C	0	0	10	39.6
A_PA	1628	10	T	0	0	10	41.2
A_PA	1629	10	T	0	0	10	39.8
A_PA	1630	10	G	0	0	10	38.4
A_PA	1631	10	A	0	0	10	39
A_PA	1632	10	A	0	0	10	40.4
A_PA	1633	10	A	0	0	10	42.1
A_PA	1634	10	T	0	0	10	42.5
A_PA	1635	10	A	0	0	10	39.1
A_PA	1636	10	G	0	0	10	39.4
A_PA	1637	10	G	0	0	10	37.9
A_PA	1638	10	A	0	0	10	38.2
A_PA	1639	10	G	0	0	10	39.4
A_PA	1640	10	A	0	0	10	42.4
A_PA	1641	10	C	0	0	10	43.9
A_PA	1642	10	A	0	0	10	43.3
A_PA	1643	10	T	0	0	10	43.6
A_PA	1644	10	G	0	0	10	42.9
A_PA	1645	10	C	0	0	10	44.2
A_PA	1646	10	T	0	0	10	45.1
A_PA	1647	10	A	0	0	10	40
A_PA	1648	10	T	0	0	10	38.6
A_PA	1649	10	T	0	0	10	37.9
A_PA	1650	10	G	0	0	10	35.9
A_PA	1651	10	A	0	0	10	35.9
A_PA	1652	10	G	0	0	10	36.9
A_PA	1653	10	G	0	0	10	38.9
A_PA	1654	10	A	0	0	10	38.2
A_PA	1655	10	C	0	0	10	38.9
A_PA	1656	10	T	0	0	10	38.4
A_PA	1657	10	G	0	0	10	39.8
A_PA	1658	10	C	0	0	10	40.3
A_PA	1659	10	G	0	0	10	40.8
A_PA	1660	10	A	0	0	10	41.8
A_PA	1661	10	T	0	0	10	41.6
A_PA	1662	10	A	0	0	10	38.4
A_PA	1663	10	G	0	0	10	39.3
A_PA	1664	10	G	0	0	10	39.5
A_PA	1665	10	T	0	0	10	41.4
A_PA	1666	10	C	0	0	10	37.6
A_PA	1667	10	A	0	0	10	37.1
A_PA	1668	10	A	0	0	10	36.9
A_PA	1669	10	G	0	0	10	37.1
A_PA	1670	10	T	0	0	10	36.7
A_PA	1671	10	G	0	0	10	37.9
A_PA	1672	10	T	0	0	10	39.7
A_PA	1673	10	C	0	0	10	36.1
A_PA	1674	9	G	1	0	9	38.7777777777778
A_PA	1675	9	A	1	0	9	40.8888888888889
A_PA	1676	10	G	0	0	10	34.7
A_PA	1677	10	G	0	0	10	36.9
A_PA	1678	10	C	0	0	10	41.7
A_PA	1679	10	C	0	0	10	41.5
A_PA	1680	10	T	0	0	10	45.4
A_PA	1681	10	A	0	0	10	44.5
A_PA	1682	10	T	0	0	10	44
A_PA	1683	10	G	0	0	10	41.3
A_PA	1684	10	T	0	0	10	43.2
A_PA	1685	10	T	0	0	10	42.2
A_PA	1686	10	C	0	0	10	41.5
A_PA	1687	10	C	0	0	10	43.1
A_PA	1688	10	T	0	0	10	44.1
A_PA	1689	10	A	0	0	10	42.1
A_PA	1690	10	T	0	0	10	43.5
A_PA	1691	10	A	0	0	10	40.6
A_PA	1692	10	T	0	0	10	41.8
A_PA	1693	10	G	0	0	10	41.7
A_PA	1694	10	T	0	0	10	45.6
A_PA	1695	10	G	0	0	10	43.7
A_PA	1696	10	A	0	0	10	45.6
A_PA	1697	10	G	0	0	10	44.9
A_PA	1698	10	A	0	0	10	42.9
A_PA	1699	10	A	0	0	10	42.8
A_PA	1700	10	C	0	0	10	43.1
A_PA	1701	10	C	0	0	10	43.2
A_PA	1702	10	A	0	0	10	39.6
A_PA	1703	10	A	0	0	10	40.1
A_PA	1704	10	T	0	0	10	39
A_PA	1705	10	G	0	0	10	38.5
A_PA	1706	10	G	0	0	10	36.8
A_PA	1707	10	A	0	0	10	44.1
A_PA	1708	10	A	0	0	10	42.5
A_PA	1709	10	C	0	0	10	44.5
A_PA	1710	10	C	0	0	10	43.2
A_PA	1711	10	T	0	0	10	42.8
A_PA	1712	10	C	0	0	10	43.7
A_PA	1713	10	C	0	0	10	41.4
A_PA	1714	10	A	0	0	10	43.8
A_PA	1715	10	A	0	0	10	42.6
A_PA	1716	10	A	0	0	10	43.7
A_PA	1717	10	A	0	0	10	45.3
A_PA	1718	10	T	0	0	10	45.4
A_PA	1719	10	C	0	0	10	40.5
A_PA	1720	10	A	0	0	10	42.3
A_PA	1721	10	A	0	0	10	46
A_PA	1722	10	G	0	0	10	45.1
A_PA	1723	10	A	0	0	10	43.4
A_PA	1724	10	T	0	0	10	41.8
A_PA	1725	10	G	0	0	10	41.9
A_PA	1726	10	A	0	0	10	43.1
A_PA	1727	10	A	0	0	10	45.7
A_PA	1728	10	A	0	0	10	45.2
A_PA	1729	10	T	0	0	10	43.1
A_PA	1730	10	G	0	0	10	41.5
A_PA	1731	10	G	0	0	10	42.9
A_PA	1732	10	G	0	0	10	43.2
A_PA	1733	10	G	0	0	10	43.1
A_PA	1734	10	C	0	0	10	43.8
A_PA	1735	10	A	0	0	10	41.1
A_PA	1736	10	T	0	0	10	43.4
A_PA	1737	10	G	0	0	10	41.2
A_PA	1738	10	G	0	0	10	40.4
A_PA	1739	10	A	0	0	10	38.2
A_PA	1740	10	A	0	0	10	39.7
A_PA	1741	10	A	0	0	10	41.1
A_PA	1742	10	T	0	0	10	43.3
A_PA	1743	10	G	0	0	10	39.6
A_PA	1744	10	A	0	0	9	41.8888888888889
A_PA	1745	10	G	0	0	9	41.7777777777778
A_PA	1746	10	G	0	0	10	37.1
A_PA	1747	10	C	0	0	10	38.1
A_PA	1748	10	G	0	0	10	36.7
A_PA	1749	10	C	0	0	10	37.4
A_PA	1750	10	T	0	0	10	37.9
A_PA	1751	10	G	0	0	10	38.2
A_PA	1752	10	C	0	0	10	38.4
A_PA	1753	10	C	0	0	10	38.8
A_PA	1754	10	T	0	0	10	39.5
A_PA	1755	10	T	0	0	10	37.5
A_PA	1756	10	C	0	0	8	38.625
A_PA	1757	10	T	0	0	8	38.875
A_PA	1758	10	T	0	0	10	36.1
A_PA	1759	10	C	0	0	10	35.4
A_PA	1760	10	A	0	0	10	35.8
A_PA	1761	10	A	0	0	10	36.6
A_PA	1762	10	T	0	0	10	44
A_PA	1763	10	C	0	0	10	43.3
A_PA	1764	10	T	0	0	10	44.2
A_PA	1765	10	C	0	0	10	44.6
A_PA	1766	10	T	0	0	10	42.7
A_PA	1767	10	T	0	0	10	41.3
A_PA	1768	10	C	0	0	10	41.3
A_PA	1769	10	A	0	0	10	41.9
A_PA	1770	10	A	0	0	10	41.5
A_PA	1771	10	C	0	0	10	45
A_PA	1772	10	A	0	0	10	43.4
A_PA	1773	10	G	0	0	10	39.3
A_PA	1774	10	A	0	0	10	41
A_PA	1775	10	T	0	0	10	39.3
A_PA	1776	10	T	0	0	10	41.4
A_PA	1777	10	G	0	0	10	42.2
A_PA	1778	10	A	0	0	10	44.1
A_PA	1779	10	G	0	0	10	42.5
A_PA	1780	10	A	0	0	10	39.7
A_PA	1781	10	G	0	0	10	41.4
A_PA	1782	10	C	0	0	10	40
A_PA	1783	10	A	0	0	10	39
A_PA	1784	10	T	0	0	10	40.9
A_PA	1785	10	G	0	0	10	37
A_PA	1786	10	A	0	0	9	41.5555555555556
A_PA	1787	10	T	0	0	10	41
A_PA	1788	9	T	1	0	9	43.1111111111111
A_PA	1789	9	G	1	0	9	44.8888888888889
A_PA	1790	10	A	0	0	10	43.5
A_PA	1791	10	A	0	0	10	42.3
A_PA	1792	10	G	0	0	9	45.4444444444444
A_PA	1793	10	C	0	0	9	46.1111111111111
A_PA	1794	10	C	0	0	9	42.1111111111111
A_PA	1795	10	G	0	0	9	38.4444444444444
A_PA	1796	10	A	0	0	10	35.3
A_PA	1797	10	G	0	0	10	34.9
A_PA	1798	10	T	0	0	10	35.9
A_PA	1799	10	C	0	0	10	34.2
A_PA	1800	10	T	0	0	10	36.2
A_PA	1801	10	T	0	0	10	35.1
A_PA	1802	10	C	0	0	10	34.4
A_PA	1803	10	T	0	0	10	35.4
A_PA	1804	10	G	0	0	10	36.3
A_PA	1805	10	T	0	0	10	36
A_PA	1806	10	C	0	0	10	33.3
A_PA	1807	10	A	0	0	10	35
A_PA	1808	10	A	0	0	10	34.3
A_PA	1809	9	A	1	0	9	35.5555555555556
A_PA	1810	9	G	1	0	9	35.4444444444444
A_PA	1811	10	A	0	0	10	38.3
A_PA	1812	10	G	0	0	10	36.3
A_PA	1813	10	A	0	0	10	36.4
A_PA	1814	10	A	0	0	10	36.1
A_PA	1815	10	A	0	0	10	37.7
A_PA	1816	10	G	0	0	9	36.6666666666667
A_PA	1817	10	A	0	0	10	39.9
A_PA	1818	10	C	0	0	10	38.5
A_PA	1819	10	A	0	0	10	41.3
A_PA	1820	10	T	0	0	10	38.6
A_PA	1821	10	G	0	0	10	39.3
A_PA	1822	10	A	0	0	10	40.4
A_PA	1823	10	C	0	0	10	39.7
A_PA	1824	10	C	0	0	10	39
A_PA	1825	10	A	0	0	10	40.2
A_PA	1826	10	A	0	0	10	38.7
A_PA	1827	10	G	0	0	10	36.8
A_PA	1828	10	G	0	0	10	40.5
A_PA	1829	10	A	0	0	10	38.9
A_PA	1830	10	A	0	0	10	38.3
A_PA	1831	10	T	0	0	10	37.6
A_PA	1832	10	T	0	0	10	39.7
A_PA	1833	10	C	0	0	10	39.6
A_PA	1834	10	T	0	0	10	40.3
A_PA	1835	10	T	0	0	10	38
A_PA	1836	10	T	0	0	10	43.2
A_PA	1837	10	G	0	0	10	41.8
A_PA	1838	10	A	0	0	10	41.1
A_PA	1839	10	A	0	0	10	43.3
A_PA	1840	10	A	0	0	10	44.2
A_PA	1841	10	A	0	0	10	43.4
A_PA	1842	10	C	0	0	10	42.8
A_PA	1843	10	A	0	0	10	37.1
A_PA	1844	10	A	0	0	10	36.9
A_PA	1845	10	G	0	0	10	38.3
A_PA	1846	10	T	0	0	10	36.5
A_PA	1847	10	C	0	0	10	38.3
A_PA	1848	10	G	0	0	10	42
A_PA	1849	10	G	0	0	10	42.6
A_PA	1850	10	A	0	0	10	42.8
A_PA	1851	10	A	0	0	10	41.9
A_PA	1852	10	A	0	0	10	42.4
A_PA	1853	10	C	0	0	10	43.3
A_PA	1854	10	A	0	0	10	39.7
A_PA	1855	10	T	0	0	10	40.2
A_PA	1856	10	G	0	0	10	39
A_PA	1857	10	G	0	0	10	41.5
A_PA	1858	10	C	0	0	10	43
A_PA	1859	10	C	0	0	10	40.7
A_PA	1860	10	A	0	0	10	40
A_PA	1861	10	A	0	0	10	36.9
A_PA	1862	10	T	0	0	10	39.8
A_PA	1863	10	C	0	0	10	36.1
A_PA	1864	10	G	0	0	10	35.5
A_PA	1865	10	G	0	0	10	37.3
A_PA	1866	10	A	0	0	10	36.1
A_PA	1867	10	G	0	0	10	36.8
A_PA	1868	10	A	0	0	10	37.9
A_PA	1869	10	G	0	0	10	38
A_PA	1870	10	T	0	0	10	36.8
A_PA	1871	10	C	0	0	10	36
A_PA	1872	10	A	0	0	10	34.4
A_PA	1873	8	C	2	0	8	36.375
A_PA	1874	10	C	0	0	10	33.8
A_PA	1875	10	C	0	0	9	32.7777777777778
A_PA	1876	10	A	0	0	10	25.3
A_PA	1877	10	G	0	0	10	29.2
A_PA	1878	10	G	0	0	10	34.5
A_PA	1879	10	G	0	0	10	35.3
A_PA	1880	10	G	0	0	10	38.9
A_PA	1881	10	A	0	0	10	41.2
A_PA	1882	10	G	0	0	10	41.8
A_PA	1883	10	T	0	0	10	41.1
A_PA	1884	10	A	0	0	10	36
A_PA	1885	10	G	0	0	10	36.3
A_PA	1886	10	A	0	0	10	36
A_PA	1887	10	A	0	0	10	34.1
A_PA	1888	10	G	0	0	10	36.9
A_PA	1889	10	A	0	0	10	34
A_PA	1890	10	A	0	0	10	38
A_PA	1891	10	G	0	0	10	41.8
A_PA	1892	10	G	0	0	10	41.4
A_PA	1893	10	A	0	0	10	41.5
A_PA	1894	10	T	0	0	10	43.3
A_PA	1895	10	C	0	0	10	39.3
A_PA	1896	10	C	0	0	10	41.5
A_PA	1897	10	A	0	0	10	38.9
A_PA	1898	10	T	0	0	10	41.4
A_PA	1899	10	T	0	0	10	41.1
A_PA	1900	10	G	0	0	10	41.9
A_PA	1901	10	G	0	0	10	39.4
A_PA	1902	10	A	0	0	10	40.7
A_PA	1903	11	A	0	0	11	44.1818181818182
A_PA	1904	11	A	0	0	11	42.6363636363636
A_PA	1905	11	A	0	0	11	43.2727272727273
A_PA	1906	11	G	0	0	11	43.5454545454545
A_PA	1907	11	T	0	0	11	41
A_PA	1908	11	A	0	0	11	40.9090909090909
A_PA	1909	11	T	0	0	11	40.3636363636364
A_PA	1910	11	G	0	0	11	37.5454545454545
A_PA	1911	11	C	0	0	11	40.1818181818182
A_PA	1912	11	A	0	0	11	36.5454545454545
A_PA	1913	11	G	0	0	11	39.6363636363636
A_PA	1914	11	A	0	0	11	39.1818181818182
A_PA	1915	11	A	0	0	11	42.6363636363636
A_PA	1916	11	C	0	0	11	42.9090909090909
A_PA	1917	11	C	0	0	11	41.6363636363636
A_PA	1918	11	T	0	0	11	42.5454545454545
A_PA	1919	11	T	0	0	11	43.6363636363636
A_PA	1920	15	A	0	0	15	41.9333333333333
A_PA	1921	15	C	0	0	15	43.8666666666667
A_PA	1922	15	T	0	0	15	40.7333333333333
A_PA	1923	15	G	0	0	15	41.4666666666667
A_PA	1924	15	G	0	0	15	42.6
A_PA	1925	15	C	0	0	15	42.9333333333333
A_PA	1926	15	A	0	0	15	43.2
A_PA	1927	15	A	0	0	15	42.4
A_PA	1928	15	A	0	0	15	43.0666666666667
A_PA	1929	15	A	0	0	15	42.9333333333333
A_PA	1930	15	T	0	0	15	44
A_PA	1931	15	C	0	0	15	44.2666666666667
A_PA	1932	15	T	0	0	15	44.2
A_PA	1933	15	G	0	0	15	42.8
A_PA	1934	15	T	0	0	15	44.0666666666667
A_PA	1935	15	G	0	0	15	41.9333333333333
A_PA	1936	15	T	0	0	15	41.6666666666667
A_PA	1937	15	T	0	0	15	40.6666666666667
A_PA	1938	15	C	0	0	15	42.9333333333333
A_PA	1939	16	A	0	0	16	42.9375
A_PA	1940	16	A	0	0	16	43.75
A_PA	1941	16	C	0	0	16	42.8125
A_PA	1942	16	A	0	0	16	42.625
A_PA	1943	16	G	0	0	16	43.25
A_PA	1944	16	T	0	0	16	42.25
A_PA	1945	16	C	0	0	16	42.4375
A_PA	1946	16	T	0	0	16	41.125
A_PA	1947	16	A	0	0	16	41.5
A_PA	1948	16	T	0	0	16	39.75
A_PA	1949	12	A	4	0	12	38.75
A_PA	1950	12	T	4	0	12	39.8333333333333
A_PA	1951	12	G	4	0	12	39.4166666666667
A_PA	1952	12	C	4	0	12	40.1666666666667
A_PA	1953	12	T	4	0	12	42.9166666666667
A_PA	1954	12	T	4	0	12	39.25
A_PA	1955	12	C	4	0	12	38.4166666666667
A_PA	1956	12	T	4	0	12	40.0833333333333
A_PA	1957	12	C	4	0	12	39.6666666666667
A_PA	1958	12	C	4	0	12	40.8333333333333
A_PA	1959	12	A	4	0	12	40.4166666666667
A_PA	1960	12	C	4	0	12	43.5
A_PA	1961	12	A	4	0	12	43.4166666666667
A_PA	1962	12	A	4	0	12	42.3333333333333
A_PA	1963	12	C	4	0	12	41.75
A_PA	1964	12	T	4	0	12	43.8333333333333
A_PA	1965	12	T	4	0	12	44
A_PA	1966	12	G	4	0	11	44.7272727272727
A_PA	1967	12	A	4	0	12	42.6666666666667
A_PA	1968	12	G	4	0	12	41.9166666666667
A_PA	1969	12	G	4	0	12	43.25
A_PA	1970	12	G	4	0	12	44.0833333333333
A_PA	1971	12	G	4	0	12	43.0833333333333
A_PA	1972	12	T	4	0	12	43.8333333333333
A_PA	1973	12	T	4	0	12	41.5833333333333
A_PA	1974	12	T	4	0	12	41.1666666666667
A_PA	1975	12	T	4	0	12	44.6666666666667
A_PA	1976	12	C	4	0	11	43.5454545454545
A_PA	1977	16	A	0	0	16	42.625
A_PA	1978	16	G	0	0	16	43.875
A_PA	1979	16	C	0	0	16	42.375
A_PA	1980	16	T	0	0	15	43.1333333333333
A_PA	1981	16	G	0	0	16	41.75
A_PA	1982	16	A	0	0	16	41.8125
A_PA	1983	16	A	0	0	16	43.1875
A_PA	1984	16	T	0	0	16	42.5
A_PA	1985	16	C	0	0	16	39.4375
A_PA	1986	16	A	0	0	16	41.25
A_PA	1987	16	A	0	0	16	37.3125
A_PA	1988	16	G	0	0	16	38.3125
A_PA	1989	16	A	0	0	16	41.875
A_PA	1990	16	A	0	0	16	41.3125
A_PA	1991	16	A	0	0	16	44.5
A_PA	1992	16	A	0	0	16	43.4375
A_PA	1993	16	T	0	0	16	43.5625
A_PA	1994	16	T	0	0	16	45.375
A_PA	1995	16	A	0	0	16	43.9375
A_PA	1996	16	C	0	0	16	42.4375
A_PA	1997	16	T	0	0	16	41.75
A_PA	1998	16	T	0	0	16	41.0625
A_PA	1999	16	C	0	0	16	40.625
A_PA	2000	16	T	0	0	16	41.625
A_PA	2001	16	C	0	0	16	42
A_PA	2002	16	A	0	0	16	42
A_PA	2003	16	T	0	0	16	40.5625
A_PA	2004	16	T	0	0	16	42.125
A_PA	2005	16	G	0	0	16	41.9375
A_PA	2006	16	T	0	0	16	40.9375
A_PA	2007	16	T	0	0	16	42.4375
A_PA	2008	16	C	0	0	16	41.4375
A_PA	2009	16	A	0	0	16	42.6875
A_PA	2010	16	A	0	0	16	42.3125
A_PA	2011	16	G	0	0	16	43.3125
A_PA	2012	16	C	0	0	16	40.875
A_PA	2013	16	A	0	0	16	38.75
A_PA	2014	16	C	0	0	16	38.875
A_PA	2015	16	T	0	0	16	38.1875
A_PA	2016	16	T	0	0	16	40.1875
A_PA	2017	16	A	0	0	16	36.4375
A_PA	2018	16	G	0	0	16	37.0625
A_PA	2019	16	G	0	0	16	35.9375
A_PA	2020	16	G	0	0	16	35.6875
A_PA	2021	16	A	0	0	16	35.8125
A_PA	2022	16	C	0	0	16	37.5
A_PA	2023	16	A	0	0	16	37.125
A_PA	2024	16	A	0	0	16	36.625
A_PA	2025	16	C	0	0	16	38.4375
A_PA	2026	16	C	0	0	16	35.25
A_PA	2027	16	T	0	0	16	36
A_PA	2028	16	G	0	0	16	35.5625
A_PA	2029	16	G	0	0	16	35
A_PA	2030	16	A	0	0	16	35.4375
A_PA	2031	16	A	0	0	16	37.9375
A_PA	2032	16	C	0	0	16	39.75
A_PA	2033	16	C	0	0	16	40.4375
A_PA	2034	16	T	0	0	16	39.3125
A_PA	2035	16	G	0	0	16	38.125
A_PA	2036	16	G	0	0	16	37.6875
A_PA	2037	16	A	0	0	16	39.625
A_PA	2038	16	A	0	0	16	39.4375
A_PA	2039	16	C	0	0	16	39.5
A_PA	2040	16	C	0	0	16	38.125
A_PA	2041	16	T	0	0	16	38.875
A_PA	2042	16	T	0	0	16	39.25
A_PA	2043	16	T	0	0	16	39.8125
A_PA	2044	16	G	0	0	16	34.875
A_PA	2045	16	A	0	0	16	36.125
A_PA	2046	16	T	0	0	16	36.4375
A_PA	2047	16	C	0	0	16	34.25
A_PA	2048	18	T	0	0	18	35.5555555555556
A_PA	2049	18	T	0	0	18	37.5
A_PA	2050	17	G	1	0	17	36.1176470588235
A_PA	2051	17	G	1	0	17	35.5294117647059
A_PA	2052	17	G	1	0	17	37.1176470588235
A_PA	2053	18	G	0	0	18	37
A_PA	2054	18	G	0	0	18	37.0555555555556
A_PA	2055	18	G	0	0	18	37.2222222222222
A_PA	2056	18	C	0	0	18	36.8333333333333
A_PA	2057	18	T	0	0	17	38.8235294117647
A_PA	2058	18	A	0	0	18	38.7777777777778
A_PA	2059	18	T	0	0	18	40.7777777777778
A_PA	2060	18	A	0	0	18	38.5555555555556
A_PA	2061	18	T	0	0	17	41.6470588235294
A_PA	2062	18	G	0	0	17	39.1176470588235
A_PA	2063	19	A	0	0	18	40.1111111111111
A_PA	2064	19	A	0	0	19	40.5263157894737
A_PA	2065	19	G	0	0	19	41.5263157894737
A_PA	2066	19	C	0	0	18	42.3333333333333
A_PA	2067	19	A	0	0	19	40.8947368421053
A_PA	2068	19	A	0	0	18	42.8333333333333
A_PA	2069	19	T	0	0	19	42.8947368421053
A_PA	2070	19	C	0	0	19	40.5263157894737
A_PA	2071	18	G	1	0	18	40.8333333333333
A_PA	2072	19	A	0	0	19	40
A_PA	2073	19	G	0	0	19	39.7368421052632
A_PA	2074	19	G	0	0	19	40.5789473684211
A_PA	2075	19	A	0	0	18	42
A_PA	2076	19	G	0	0	19	42.7894736842105
A_PA	2077	19	T	0	0	19	44.7368421052632
A_PA	2078	18	G	1	0	18	43.4444444444444
A_PA	2079	19	C	0	0	19	42.5789473684211
A_PA	2080	18	T	1	0	17	43.2352941176471
A_PA	2081	19	T	0	0	19	40.5263157894737
A_PA	2082	18	G	1	0	17	40
A_PA	2083	19	A	0	0	19	37.7368421052632
A_PA	2084	19	T	0	0	19	38.2631578947368
A_PA	2085	19	T	0	0	19	37.9473684210526
A_PA	2086	19	A	0	0	19	38.7894736842105
A_PA	2087	19	A	0	0	19	42.7368421052632
A_PA	2088	19	T	0	0	19	43.5263157894737
A_PA	2089	19	G	0	0	18	43.7777777777778
A_PA	2090	19	A	0	0	19	43.1578947368421
A_PA	2091	19	T	0	0	19	44.3157894736842
A_PA	2092	19	C	0	0	19	44.4736842105263
A_PA	2093	19	C	0	0	19	43.2631578947368
A_PA	2094	19	C	0	0	18	41.9444444444444
A_PA	2095	19	T	0	0	18	39.5555555555556
A_PA	2096	19	G	0	0	19	39.2631578947368
A_PA	2097	19	G	0	0	19	40.7368421052632
A_PA	2098	19	G	0	0	19	40.2631578947368
A_PA	2099	19	T	0	0	19	43.5263157894737
A_PA	2100	19	T	0	0	19	42.8421052631579
A_PA	2101	19	T	0	0	19	45
A_PA	2102	19	T	0	0	19	44.8421052631579
A_PA	2103	19	G	0	0	19	43.2631578947368
A_PA	2104	19	C	0	0	19	42.7368421052632
A_PA	2105	19	T	0	0	19	45
A_PA	2106	19	T	0	0	19	42.8421052631579
A_PA	2107	19	A	0	0	19	40.8947368421053
A_PA	2108	19	A	0	0	19	40.9473684210526
A_PA	2109	19	T	0	0	19	39.6842105263158
A_PA	2110	19	G	0	0	19	42.5263157894737
A_PA	2111	19	C	0	0	19	42
A_PA	2112	19	A	0	0	19	41.2631578947368
A_PA	2113	19	T	0	0	19	41.6842105263158
A_PA	2114	19	C	0	0	19	41.2105263157895
A_PA	2115	19	T	0	0	19	41.2631578947368
A_PA	2116	19	T	0	0	19	40.4210526315789
A_PA	2117	19	G	0	0	19	39.4736842105263
A_PA	2118	19	G	0	0	19	39.3684210526316
A_PA	2119	19	T	0	0	19	40.6315789473684
A_PA	2120	19	T	0	0	19	39.6315789473684
A_PA	2121	19	C	0	0	19	40.7894736842105
A_PA	2122	19	A	0	0	19	43.3157894736842
A_PA	2123	19	A	0	0	19	42.3157894736842
A_PA	2124	19	C	0	0	19	42.7368421052632
A_PA	2125	19	T	0	0	19	43.1052631578947
A_PA	2126	19	C	0	0	19	42.0526315789474
A_PA	2127	19	C	0	0	19	43.2105263157895
A_PA	2128	19	T	0	0	19	41
A_PA	2129	19	T	0	0	19	40.3684210526316
A_PA	2130	19	C	0	0	19	38.1578947368421
A_PA	2131	19	C	0	0	19	36.1052631578947
A_PA	2132	19	T	0	0	19	38.3157894736842
A_PA	2133	19	C	0	0	19	35.8947368421053
A_PA	2134	19	A	0	0	19	36.8421052631579
A_PA	2135	19	C	0	0	19	39.6315789473684
A_PA	2136	19	A	0	0	19	39.9473684210526
A_PA	2137	19	C	0	0	19	38.6315789473684
A_PA	2138	19	A	0	0	19	36.6842105263158
A_PA	2139	19	T	0	0	19	39.9473684210526
A_PA	2140	19	G	0	0	19	41.0526315789474
A_PA	2141	19	C	0	0	19	42.0526315789474
A_PA	2142	19	A	0	0	19	41.7894736842105
A_PA	2143	19	C	0	0	19	42.0526315789474
A_PA	2144	19	T	0	0	19	43.1052631578947
A_PA	2145	19	G	0	0	19	42.5789473684211
A_PA	2146	19	A	0	0	19	41.7894736842105
A_PA	2147	19	A	0	0	19	41.8947368421053
A_PA	2148	19	G	0	0	19	39.6842105263158
A_PA	2149	19	T	0	0	19	40.7368421052632
A_PA	2150	19	A	0	0	19	38.3157894736842
A_PA	2151	19	G	0	0	19	39.7894736842105
