Reference_Name	Position	Coverage Depth	Consensus	Deletions	Ambiguous	Consensus_Count	Consensus_Average_Quality
A_PB1	1	10	A	0	0	10	41.7
A_PB1	2	10	T	0	0	10	42.6
A_PB1	3	10	G	0	0	10	39.1
A_PB1	4	10	G	0	0	10	36.8
A_PB1	5	10	A	0	0	10	35.6
A_PB1	6	10	T	0	0	10	37.6
A_PB1	7	10	G	0	0	10	37.6
A_PB1	8	10	T	0	0	10	39.4
A_PB1	9	10	C	0	0	10	37.8
A_PB1	10	10	A	0	0	10	38.4
A_PB1	11	10	A	0	0	10	39.1
A_PB1	12	10	T	0	0	10	36.8
A_PB1	13	10	C	0	0	10	37.7
A_PB1	14	10	C	0	0	10	37
A_PB1	15	10	G	0	0	10	34
A_PB1	16	10	A	0	0	10	33.9
A_PB1	17	10	C	0	0	10	33.8
A_PB1	18	10	T	0	0	10	34.9
A_PB1	19	10	C	0	0	10	34
A_PB1	20	10	T	0	0	10	36.8
A_PB1	21	10	A	0	0	10	36.9
A_PB1	22	10	C	0	0	10	35
A_PB1	23	10	T	0	0	10	34.3
A_PB1	24	10	T	0	0	10	35.8
A_PB1	25	10	T	0	0	10	35.2
A_PB1	26	10	T	0	0	9	33.1111111111111
A_PB1	27	10	C	0	0	10	32.3
A_PB1	28	10	C	0	0	10	32.1
A_PB1	29	10	T	0	0	10	31.1
A_PB1	30	9	A	1	0	9	32.4444444444444
A_PB1	31	10	A	0	0	10	36.2
A_PB1	32	9	A	0	0	9	37.3333333333333
A_PB1	33	9	A	0	0	8	40.625
A_PB1	34	9	A	0	0	9	41.5555555555556
A_PB1	35	9	T	0	0	9	42.7777777777778
A_PB1	36	9	T	0	0	9	41.8888888888889
A_PB1	37	9	C	0	0	9	43.6666666666667
A_PB1	38	9	C	0	0	9	43.6666666666667
A_PB1	39	9	A	0	0	8	41.5
A_PB1	40	9	G	0	0	9	43.8888888888889
A_PB1	41	9	C	0	0	9	42.1111111111111
A_PB1	42	9	A	0	0	9	41.5555555555556
A_PB1	43	9	C	0	0	9	40.1111111111111
A_PB1	44	9	A	0	0	9	39
A_PB1	45	9	A	0	0	9	39.8888888888889
A_PB1	46	9	A	0	0	9	40.7777777777778
A_PB1	47	9	A	0	0	9	42.5555555555556
A_PB1	48	9	T	0	0	9	41.6666666666667
A_PB1	49	9	G	0	0	9	40.3333333333333
A_PB1	50	9	C	0	0	9	40.4444444444444
A_PB1	51	9	C	0	0	9	39.2222222222222
A_PB1	52	9	A	0	0	9	40.4444444444444
A_PB1	53	9	T	0	0	9	40.4444444444444
A_PB1	54	9	A	0	0	9	41.8888888888889
A_PB1	55	9	A	0	0	9	41.3333333333333
A_PB1	56	9	G	0	0	9	39.5555555555556
A_PB1	57	9	C	0	0	9	42.6666666666667
A_PB1	58	9	A	0	0	9	39.8888888888889
A_PB1	59	9	C	0	0	9	41.3333333333333
A_PB1	60	9	C	0	0	9	39.7777777777778
A_PB1	61	9	A	0	0	9	41.3333333333333
A_PB1	62	9	C	0	0	9	41.7777777777778
A_PB1	63	9	A	0	0	9	40.6666666666667
A_PB1	64	9	T	0	0	9	41.6666666666667
A_PB1	65	9	T	0	0	9	45
A_PB1	66	9	C	0	0	9	41.7777777777778
A_PB1	67	9	C	0	0	9	42.4444444444444
A_PB1	68	9	C	0	0	9	45.2222222222222
A_PB1	69	9	T	0	0	9	42.2222222222222
A_PB1	70	9	T	0	0	9	42.2222222222222
A_PB1	71	9	A	0	0	9	42.4444444444444
A_PB1	72	9	T	0	0	9	43.2222222222222
A_PB1	73	9	A	0	0	9	44.2222222222222
A_PB1	74	9	C	0	0	9	43
A_PB1	75	9	T	0	0	9	43.5555555555556
A_PB1	76	9	G	0	0	9	43.7777777777778
A_PB1	77	9	G	0	0	9	41.5555555555556
A_PB1	78	9	A	0	0	9	42.1111111111111
A_PB1	79	9	G	0	0	9	40.1111111111111
A_PB1	80	9	A	0	0	9	39.3333333333333
A_PB1	81	9	T	0	0	9	42
A_PB1	82	9	C	0	0	9	41.2222222222222
A_PB1	83	9	C	0	0	9	39.4444444444444
A_PB1	84	9	T	0	0	9	42.8888888888889
A_PB1	85	9	C	0	0	9	41.1111111111111
A_PB1	86	9	C	0	0	9	42.6666666666667
A_PB1	87	9	A	0	0	9	40.2222222222222
A_PB1	88	9	T	0	0	9	40.8888888888889
A_PB1	89	9	A	0	0	9	42
A_PB1	90	9	T	0	0	9	43.4444444444444
A_PB1	91	9	A	0	0	9	40.7777777777778
A_PB1	92	9	G	0	0	9	40.5555555555556
A_PB1	93	9	C	0	0	9	39.8888888888889
A_PB1	94	9	C	0	0	9	40.2222222222222
A_PB1	95	9	A	0	0	9	41.7777777777778
A_PB1	96	9	T	0	0	9	43.1111111111111
A_PB1	97	9	G	0	0	9	40
A_PB1	98	9	G	0	0	9	40.8888888888889
A_PB1	99	9	A	0	0	9	43.5555555555556
A_PB1	100	9	A	0	0	9	40.5555555555556
A_PB1	101	9	C	0	0	9	44.5555555555556
A_PB1	102	9	A	0	0	9	40.4444444444444
A_PB1	103	9	G	0	0	9	40.8888888888889
A_PB1	104	9	G	0	0	9	40.6666666666667
A_PB1	105	9	A	0	0	9	37.7777777777778
A_PB1	106	9	A	0	0	9	36.7777777777778
A_PB1	107	9	C	0	0	9	39.5555555555556
A_PB1	108	9	A	0	0	9	39.6666666666667
A_PB1	109	9	G	0	0	9	40.6666666666667
A_PB1	110	9	G	0	0	9	37.2222222222222
A_PB1	111	9	A	0	0	9	39.3333333333333
A_PB1	112	9	T	0	0	9	38.6666666666667
A_PB1	113	9	A	0	0	9	40.8888888888889
A_PB1	114	9	C	0	0	9	40.1111111111111
A_PB1	115	9	A	0	0	9	42.1111111111111
A_PB1	116	9	C	0	0	9	39.5555555555556
A_PB1	117	9	C	0	0	9	39.8888888888889
A_PB1	118	9	A	0	0	9	40.1111111111111
A_PB1	119	9	T	0	0	9	39.1111111111111
A_PB1	120	9	G	0	0	9	35.5555555555556
A_PB1	121	9	G	0	0	9	33.8888888888889
A_PB1	122	9	A	0	0	9	33.2222222222222
A_PB1	123	9	C	0	0	9	34.6666666666667
A_PB1	124	9	A	0	0	9	34.7777777777778
A_PB1	125	9	C	0	0	9	36.4444444444444
A_PB1	126	9	A	0	0	9	34.1111111111111
A_PB1	127	9	G	0	0	9	33.1111111111111
A_PB1	128	9	T	0	0	9	33.5555555555556
A_PB1	129	9	A	0	0	9	35.5555555555556
A_PB1	130	9	A	0	0	9	32.6666666666667
A_PB1	131	9	A	0	0	9	33.3333333333333
A_PB1	132	9	C	0	0	9	34.6666666666667
A_PB1	133	9	A	0	0	9	35.8888888888889
A_PB1	134	9	G	0	0	9	34.5555555555556
A_PB1	135	9	A	0	0	9	33.4444444444444
A_PB1	136	9	A	0	0	9	32.4444444444444
A_PB1	137	8	C	1	0	8	33.875
A_PB1	138	9	A	0	0	9	34.3333333333333
A_PB1	139	9	C	0	0	9	35.7777777777778
A_PB1	140	9	A	0	0	9	36.6666666666667
A_PB1	141	9	C	0	0	9	36.6666666666667
A_PB1	142	9	C	0	0	9	40.1111111111111
A_PB1	143	9	A	0	0	9	38.7777777777778
A_PB1	144	9	A	0	0	9	39.4444444444444
A_PB1	145	9	T	0	0	9	42.3333333333333
A_PB1	146	9	A	0	0	9	38.7777777777778
A_PB1	147	9	C	0	0	9	41.4444444444444
A_PB1	148	9	T	0	0	9	41.8888888888889
A_PB1	149	9	C	0	0	9	38.1111111111111
A_PB1	150	9	A	0	0	9	39.3333333333333
A_PB1	151	9	G	0	0	9	39.6666666666667
A_PB1	152	9	A	0	0	9	39.7777777777778
A_PB1	153	9	A	0	0	9	39.3333333333333
A_PB1	154	9	A	0	0	9	40.3333333333333
A_PB1	155	9	A	0	0	9	39.5555555555556
A_PB1	156	9	G	0	0	9	38.1111111111111
A_PB1	157	9	G	0	0	9	42.2222222222222
A_PB1	158	9	G	0	0	9	40.4444444444444
A_PB1	159	9	G	0	0	8	41.375
A_PB1	160	9	A	0	0	7	43.4285714285714
A_PB1	161	9	A	0	0	9	42
A_PB1	162	9	G	0	0	8	43.75
A_PB1	163	9	T	0	0	9	44.4444444444444
A_PB1	164	9	G	0	0	9	43.7777777777778
A_PB1	165	9	G	0	0	9	44.5555555555556
A_PB1	166	9	A	0	0	9	42.2222222222222
A_PB1	167	9	C	0	0	9	40.3333333333333
A_PB1	168	9	A	0	0	9	41.5555555555556
A_PB1	169	9	A	0	0	9	44.4444444444444
A_PB1	170	9	C	0	0	9	39.1111111111111
A_PB1	171	9	A	0	0	9	38.6666666666667
A_PB1	172	9	A	0	0	9	39.5555555555556
A_PB1	173	9	A	0	0	9	39.4444444444444
A_PB1	174	9	C	0	0	9	38.3333333333333
A_PB1	175	9	A	0	0	9	42.3333333333333
A_PB1	176	9	C	0	0	9	40.1111111111111
A_PB1	177	9	A	0	0	9	37.3333333333333
A_PB1	178	9	G	0	0	9	38
A_PB1	179	9	A	0	0	9	36.1111111111111
A_PB1	180	9	A	0	0	9	37.6666666666667
A_PB1	181	9	A	0	0	9	38.1111111111111
A_PB1	182	9	C	0	0	9	37.8888888888889
A_PB1	183	9	T	0	0	9	37
A_PB1	184	9	G	0	0	9	35.6666666666667
A_PB1	185	9	G	0	0	9	34.7777777777778
A_PB1	186	9	T	0	0	9	34.4444444444444
A_PB1	187	9	G	0	0	9	33.8888888888889
A_PB1	188	9	C	0	0	9	36.2222222222222
A_PB1	189	9	A	0	0	9	36.8888888888889
A_PB1	190	9	C	0	0	9	39.7777777777778
A_PB1	191	9	C	0	0	9	40.2222222222222
A_PB1	192	9	T	0	0	9	41.3333333333333
A_PB1	193	9	C	0	0	9	39.4444444444444
A_PB1	194	9	A	0	0	9	39.8888888888889
A_PB1	195	9	G	0	0	9	39.1111111111111
A_PB1	196	9	C	0	0	9	39.6666666666667
A_PB1	197	9	T	0	0	9	36.6666666666667
A_PB1	198	9	C	0	0	9	36.1111111111111
A_PB1	199	9	A	0	0	8	36.75
A_PB1	200	9	A	0	0	9	37.2222222222222
A_PB1	201	9	C	0	0	9	37.1111111111111
A_PB1	202	9	C	0	0	9	36.7777777777778
A_PB1	203	9	C	0	0	9	37.3333333333333
A_PB1	204	9	G	0	0	8	39.875
A_PB1	205	9	A	0	0	9	36.6666666666667
A_PB1	206	9	T	0	0	9	36
A_PB1	207	9	A	0	0	9	34.6666666666667
A_PB1	208	9	G	0	0	9	36.3333333333333
A_PB1	209	9	A	0	0	9	36.1111111111111
A_PB1	210	9	C	0	0	9	37.1111111111111
A_PB1	211	9	G	0	0	9	38
A_PB1	212	9	G	0	0	9	39.1111111111111
A_PB1	213	9	A	0	0	9	37.3333333333333
A_PB1	214	9	C	0	0	9	37.5555555555556
A_PB1	215	9	C	0	0	9	38.4444444444444
A_PB1	216	9	A	0	0	9	41.8888888888889
A_PB1	217	9	C	0	0	9	40.5555555555556
A_PB1	218	9	T	0	0	9	39.2222222222222
A_PB1	219	9	A	0	0	9	38.2222222222222
A_PB1	220	9	C	0	0	9	38.1111111111111
A_PB1	221	9	C	0	0	9	37.5555555555556
A_PB1	222	9	C	0	0	9	37.4444444444444
A_PB1	223	9	G	0	0	9	39.2222222222222
A_PB1	224	9	A	0	0	9	43.3333333333333
A_PB1	225	9	A	0	0	9	44.5555555555556
A_PB1	226	9	G	0	0	9	43.1111111111111
A_PB1	227	9	A	0	0	9	43.8888888888889
A_PB1	228	9	T	0	0	9	42.5555555555556
A_PB1	229	9	A	0	0	9	41.4444444444444
A_PB1	230	9	A	0	0	9	41.8888888888889
A_PB1	231	9	T	0	0	9	42.3333333333333
A_PB1	232	9	G	0	0	9	42.8888888888889
A_PB1	233	9	A	0	0	9	44.7777777777778
A_PB1	234	9	A	0	0	9	42.7777777777778
A_PB1	235	9	C	0	0	9	44.4444444444444
A_PB1	236	9	C	0	0	9	44.8888888888889
A_PB1	237	9	A	0	0	9	44.5555555555556
A_PB1	238	9	A	0	0	9	44
A_PB1	239	9	G	0	0	9	41.5555555555556
A_PB1	240	9	T	0	0	9	43.5555555555556
A_PB1	241	9	G	0	0	9	41.8888888888889
A_PB1	242	9	G	0	0	9	41.7777777777778
A_PB1	243	9	G	0	0	9	42.4444444444444
A_PB1	244	9	T	0	0	9	41.8888888888889
A_PB1	245	9	A	0	0	9	39.1111111111111
A_PB1	246	9	T	0	0	9	37.8888888888889
A_PB1	247	9	G	0	0	9	39.7777777777778
A_PB1	248	9	C	0	0	9	39.6666666666667
A_PB1	249	9	A	0	0	9	42.3333333333333
A_PB1	250	9	C	0	0	9	41.1111111111111
A_PB1	251	9	A	0	0	9	42.2222222222222
A_PB1	252	9	A	0	0	9	42.5555555555556
A_PB1	253	9	A	0	0	9	41.7777777777778
A_PB1	254	9	C	0	0	9	44.7777777777778
A_PB1	255	9	A	0	0	9	41.3333333333333
A_PB1	256	9	G	0	0	9	44.8888888888889
A_PB1	257	9	A	0	0	9	44.8888888888889
A_PB1	258	9	C	0	0	9	44
A_PB1	259	9	T	0	0	9	40.8888888888889
A_PB1	260	9	G	0	0	9	43.7777777777778
A_PB1	261	9	T	0	0	9	40.3333333333333
A_PB1	262	9	G	0	0	9	37.6666666666667
A_PB1	263	9	T	0	0	9	39.3333333333333
A_PB1	264	9	T	0	0	9	39
A_PB1	265	9	C	0	0	9	38.4444444444444
A_PB1	266	9	T	0	0	9	40
A_PB1	267	9	A	0	0	9	40.6666666666667
A_PB1	268	8	G	0	0	8	43.5
A_PB1	269	8	A	0	0	8	42.625
A_PB1	270	8	G	0	0	8	42.125
A_PB1	271	8	G	0	0	8	41.5
A_PB1	272	8	C	0	0	8	41.75
A_PB1	273	8	T	0	0	8	43.5
A_PB1	274	8	A	0	0	8	41
A_PB1	275	8	T	0	0	8	42
A_PB1	276	8	G	0	0	8	39.75
A_PB1	277	8	G	0	0	8	40.5
A_PB1	278	8	C	0	0	8	38.375
A_PB1	279	8	T	0	0	8	40.375
A_PB1	280	8	T	0	0	8	40.625
A_PB1	281	8	T	0	0	8	42.875
A_PB1	282	8	C	0	0	8	40.375
A_PB1	283	8	C	0	0	8	40
A_PB1	284	8	T	0	0	8	42.375
A_PB1	285	8	T	0	0	8	39.75
A_PB1	286	8	G	0	0	8	38.25
A_PB1	287	8	A	0	0	8	38
A_PB1	288	8	A	0	0	8	38.875
A_PB1	289	8	G	0	0	8	38.75
A_PB1	290	8	A	0	0	8	42.75
A_PB1	291	8	A	0	0	8	41.375
A_PB1	292	8	T	0	0	8	39.125
A_PB1	293	8	C	0	0	8	38
A_PB1	294	8	C	0	0	8	37.25
A_PB1	295	8	C	0	0	8	37.375
A_PB1	296	8	A	0	0	8	38.5
A_PB1	297	8	T	0	0	8	42.125
A_PB1	298	8	C	0	0	8	39.75
A_PB1	299	8	C	0	0	8	41.625
A_PB1	300	8	A	0	0	8	37.5
A_PB1	301	8	G	0	0	8	39.875
A_PB1	302	8	G	0	0	8	45.625
A_PB1	303	8	A	0	0	8	44.25
A_PB1	304	8	A	0	0	8	43.625
A_PB1	305	8	T	0	0	8	45.5
A_PB1	306	8	A	0	0	8	44.375
A_PB1	307	8	T	0	0	8	44.375
A_PB1	308	8	T	0	0	8	44.5
A_PB1	309	8	T	0	0	8	44.125
A_PB1	310	8	G	0	0	8	41.625
A_PB1	311	8	A	0	0	8	43.5
A_PB1	312	8	A	0	0	8	43.125
A_PB1	313	8	A	0	0	8	42.375
A_PB1	314	8	A	0	0	8	42
A_PB1	315	8	T	0	0	8	46.375
A_PB1	316	8	T	0	0	8	43
A_PB1	317	8	C	0	0	8	43.75
A_PB1	318	8	A	0	0	8	43.5
A_PB1	319	8	T	0	0	8	45.875
A_PB1	320	8	G	0	0	8	43.875
A_PB1	321	8	C	0	0	8	45.625
A_PB1	322	8	C	0	0	8	42
A_PB1	323	8	T	0	0	8	42.75
A_PB1	324	8	T	0	0	8	43.875
A_PB1	325	8	G	0	0	8	40.75
A_PB1	326	8	A	0	0	8	42.875
A_PB1	327	8	A	0	0	8	40.25
A_PB1	328	8	A	0	0	8	44.75
A_PB1	329	8	C	0	0	8	42.125
A_PB1	330	8	A	0	0	8	41
A_PB1	331	8	A	0	0	8	41.5
A_PB1	332	8	T	0	0	8	42.625
A_PB1	333	8	G	0	0	8	42.875
A_PB1	334	8	G	0	0	8	41.5
A_PB1	335	8	A	0	0	8	42.125
A_PB1	336	8	A	0	0	8	43
A_PB1	337	8	G	0	0	8	41.25
A_PB1	338	8	T	0	0	8	42.375
A_PB1	339	8	T	0	0	8	40.875
A_PB1	340	8	G	0	0	8	40.75
A_PB1	341	8	T	0	0	8	38.25
A_PB1	342	8	T	0	0	8	36.75
A_PB1	343	8	C	0	0	8	35
A_PB1	344	8	A	0	0	8	35.375
A_PB1	345	8	G	0	0	8	34.875
A_PB1	346	8	C	0	0	8	37.125
A_PB1	347	8	A	0	0	8	36.625
A_PB1	348	8	A	0	0	8	40.75
A_PB1	349	8	A	0	0	8	41.875
A_PB1	350	8	C	0	0	8	42.375
A_PB1	351	8	A	0	0	8	40.875
A_PB1	352	8	A	0	0	8	39.25
A_PB1	353	8	G	0	0	8	41.875
A_PB1	354	8	G	0	0	8	40.25
A_PB1	355	8	G	0	0	8	41.375
A_PB1	356	8	T	0	0	8	44.5
A_PB1	357	8	A	0	0	8	41.875
A_PB1	358	8	G	0	0	8	44.375
A_PB1	359	8	A	0	0	8	44
A_PB1	360	8	T	0	0	8	42.875
A_PB1	361	8	A	0	0	8	44
A_PB1	362	8	A	0	0	8	44
A_PB1	363	8	A	0	0	8	45.375
A_PB1	364	8	C	0	0	8	42.875
A_PB1	365	8	T	0	0	8	41.25
A_PB1	366	8	G	0	0	7	37.5714285714286
A_PB1	367	8	A	0	0	8	34.125
A_PB1	368	8	C	0	0	8	33.375
A_PB1	369	8	T	0	0	8	34.25
A_PB1	370	8	C	0	0	8	33.625
A_PB1	371	8	A	0	0	8	39
A_PB1	372	8	A	0	0	8	39.375
A_PB1	373	8	G	0	0	8	38.125
A_PB1	374	8	G	0	0	8	37.125
A_PB1	375	8	T	0	0	8	35.25
A_PB1	376	8	C	0	0	8	35.125
A_PB1	377	8	G	0	0	8	35
A_PB1	378	8	C	0	0	8	36.125
A_PB1	379	8	C	0	0	8	36.875
A_PB1	380	8	A	0	0	8	34.25
A_PB1	381	8	G	0	0	8	35.625
A_PB1	382	8	A	0	0	8	37
A_PB1	383	8	C	0	0	8	35.375
A_PB1	384	8	C	0	0	8	34.75
A_PB1	385	8	T	0	0	8	35.125
A_PB1	386	8	A	0	0	8	33.375
A_PB1	387	8	T	0	0	8	34.75
A_PB1	388	8	G	0	0	8	34
A_PB1	389	8	A	0	0	8	33.5
A_PB1	390	8	T	0	0	8	35.375
A_PB1	391	8	T	0	0	8	37.375
A_PB1	392	8	G	0	0	8	39.125
A_PB1	393	8	G	0	0	8	40.875
A_PB1	394	8	A	0	0	8	42.125
A_PB1	395	8	C	0	0	8	44.375
A_PB1	396	8	A	0	0	8	43.375
A_PB1	397	8	T	0	0	8	44.75
A_PB1	398	8	T	0	0	8	43.125
A_PB1	399	8	A	0	0	8	42.25
A_PB1	400	8	A	0	0	8	43
A_PB1	401	8	A	0	0	8	43.625
A_PB1	402	8	C	0	0	8	41.75
A_PB1	403	8	A	0	0	8	41.25
A_PB1	404	8	G	0	0	8	40
A_PB1	405	8	A	0	0	8	41.125
A_PB1	406	8	A	0	0	8	43
A_PB1	407	8	A	0	0	8	41.75
A_PB1	408	8	T	0	0	8	42.75
A_PB1	409	8	C	0	0	8	39.625
A_PB1	410	8	A	0	0	8	40.875
A_PB1	411	8	A	0	0	8	39.875
A_PB1	412	8	C	0	0	8	39.125
A_PB1	413	8	C	0	0	8	38.875
A_PB1	414	8	G	0	0	8	35.875
A_PB1	415	8	G	0	0	8	36.875
A_PB1	416	8	C	0	0	8	36.75
A_PB1	417	7	A	0	0	7	35.4285714285714
A_PB1	418	7	G	0	0	7	39.1428571428571
A_PB1	419	7	C	0	0	7	39.8571428571429
A_PB1	420	7	A	0	0	7	39.7142857142857
A_PB1	421	7	A	0	0	7	40.4285714285714
A_PB1	422	7	C	0	0	7	40.8571428571429
A_PB1	423	7	T	0	0	7	40.4285714285714
A_PB1	424	7	G	0	0	7	36.8571428571429
A_PB1	425	7	C	0	0	7	34.1428571428571
A_PB1	426	7	A	0	0	7	33.2857142857143
A_PB1	427	7	T	0	0	7	32.7142857142857
A_PB1	428	7	T	0	0	7	32.8571428571429
A_PB1	429	7	G	0	0	7	32.5714285714286
A_PB1	430	7	G	0	0	7	34.1428571428571
A_PB1	431	7	C	0	0	7	33.4285714285714
A_PB1	432	7	C	0	0	7	32.4285714285714
A_PB1	433	7	A	0	0	7	31.4285714285714
A_PB1	434	7	A	0	0	7	28.4285714285714
A_PB1	435	7	C	0	0	7	29.4285714285714
A_PB1	436	7	A	0	0	7	28.1428571428571
A_PB1	437	7	C	0	0	7	26
A_PB1	438	7	C	0	0	7	28.7142857142857
A_PB1	439	7	A	0	0	7	27.2857142857143
A_PB1	440	7	T	0	0	7	29.7142857142857
A_PB1	441	7	A	0	0	7	38.5714285714286
A_PB1	442	7	G	0	0	7	40.5714285714286
A_PB1	443	7	A	0	0	7	42.1428571428571
A_PB1	444	7	A	0	0	7	41.5714285714286
A_PB1	445	7	G	0	0	7	41.2857142857143
A_PB1	446	7	T	0	0	7	42.7142857142857
A_PB1	447	7	T	0	0	7	41.8571428571429
A_PB1	448	7	T	0	0	7	44.2857142857143
A_PB1	449	7	T	0	0	7	44.1428571428571
A_PB1	450	7	C	0	0	7	38.2857142857143
A_PB1	451	7	A	0	0	7	39
A_PB1	452	7	G	0	0	7	39.5714285714286
A_PB1	453	7	A	0	0	7	38
A_PB1	454	7	T	0	0	7	42.8571428571429
A_PB1	455	7	C	0	0	6	41.1666666666667
A_PB1	456	7	G	0	0	7	41.5714285714286
A_PB1	457	7	A	0	0	7	40.8571428571429
A_PB1	458	7	A	0	0	7	40.7142857142857
A_PB1	459	7	T	0	0	7	38.4285714285714
A_PB1	460	7	G	0	0	7	38.5714285714286
A_PB1	461	7	A	0	0	7	37.1428571428571
A_PB1	462	7	C	0	0	7	37.4285714285714
A_PB1	463	7	C	0	0	7	36.8571428571429
A_PB1	464	7	T	0	0	7	34.7142857142857
A_PB1	465	7	A	0	0	7	33.1428571428571
A_PB1	466	7	A	0	0	7	35.4285714285714
A_PB1	467	7	C	0	0	7	33.4285714285714
A_PB1	468	7	A	0	0	7	32.8571428571429
A_PB1	469	7	G	0	0	7	35
A_PB1	470	7	C	0	0	7	35.1428571428571
A_PB1	471	7	T	0	0	7	35.1428571428571
A_PB1	472	7	A	0	0	7	36.4285714285714
A_PB1	473	7	A	0	0	7	37.8571428571429
A_PB1	474	7	C	0	0	7	37.1428571428571
A_PB1	475	7	G	0	0	7	32.5714285714286
A_PB1	476	7	A	0	0	7	33
A_PB1	477	7	G	0	0	7	33.1428571428571
A_PB1	478	7	T	0	0	7	34.4285714285714
A_PB1	479	7	C	0	0	7	35.5714285714286
A_PB1	480	7	A	0	0	7	34.5714285714286
A_PB1	481	7	G	0	0	7	36.7142857142857
A_PB1	482	7	G	0	0	7	36
A_PB1	483	7	A	0	0	7	39.4285714285714
A_PB1	484	7	A	0	0	7	39.2857142857143
A_PB1	485	7	G	0	0	7	40.5714285714286
A_PB1	486	7	G	0	0	7	38.8571428571429
A_PB1	487	7	C	0	0	7	39.4285714285714
A_PB1	488	6	T	1	0	6	41
A_PB1	489	6	A	1	0	6	39.6666666666667
A_PB1	490	6	A	1	0	6	39.6666666666667
A_PB1	491	7	T	0	0	7	41.8571428571429
A_PB1	492	7	A	0	0	7	41.8571428571429
A_PB1	493	7	G	0	0	6	45.8333333333333
A_PB1	494	7	A	0	0	7	44.7142857142857
A_PB1	495	7	T	0	0	7	45
A_PB1	496	7	T	0	0	7	41.7142857142857
A_PB1	497	7	T	0	0	7	42.8571428571429
A_PB1	498	7	C	0	0	7	41.1428571428571
A_PB1	499	7	T	0	0	7	42.4285714285714
A_PB1	500	7	T	0	0	7	41.2857142857143
A_PB1	501	7	A	0	0	7	40
A_PB1	502	7	A	0	0	7	41
A_PB1	503	7	A	0	0	7	40.2857142857143
A_PB1	504	7	G	0	0	7	42.8571428571429
A_PB1	505	7	G	0	0	7	39.7142857142857
A_PB1	506	7	A	0	0	7	42.8571428571429
A_PB1	507	7	T	0	0	7	43.8571428571429
A_PB1	508	7	G	0	0	7	44.7142857142857
A_PB1	509	7	T	0	0	7	44.2857142857143
A_PB1	510	7	G	0	0	7	43.8571428571429
A_PB1	511	7	A	0	0	7	42.7142857142857
A_PB1	512	7	T	0	0	7	42
A_PB1	513	7	G	0	0	7	40.8571428571429
A_PB1	514	7	G	0	0	7	41.5714285714286
A_PB1	515	7	A	0	0	7	42.7142857142857
A_PB1	516	7	A	0	0	7	42.5714285714286
A_PB1	517	7	T	0	0	7	41.5714285714286
A_PB1	518	7	C	0	0	7	41.5714285714286
A_PB1	519	7	A	0	0	7	44.7142857142857
A_PB1	520	7	A	0	0	7	45.8571428571429
A_PB1	521	7	T	0	0	7	45
A_PB1	522	7	G	0	0	7	43.5714285714286
A_PB1	523	7	A	0	0	7	44.1428571428571
A_PB1	524	7	A	0	0	7	42.5714285714286
A_PB1	525	7	C	0	0	7	44.1428571428571
A_PB1	526	7	A	0	0	7	41
A_PB1	527	7	A	0	0	7	42
A_PB1	528	7	A	0	0	7	41.7142857142857
A_PB1	529	7	G	0	0	7	40.1428571428571
A_PB1	530	7	A	0	0	7	45.7142857142857
A_PB1	531	7	G	0	0	7	43.5714285714286
A_PB1	532	7	G	0	0	7	42.1428571428571
A_PB1	533	7	A	0	0	7	35.2857142857143
A_PB1	534	7	A	0	0	7	31.2857142857143
A_PB1	535	7	A	0	0	7	33.2857142857143
A_PB1	536	7	T	0	0	7	37.4285714285714
A_PB1	537	7	A	0	0	7	31.1428571428571
A_PB1	538	7	G	0	0	7	31.4285714285714
A_PB1	539	7	A	0	0	7	31.1428571428571
A_PB1	540	7	G	0	0	7	33.4285714285714
A_PB1	541	7	A	0	0	7	32.8571428571429
A_PB1	542	7	T	0	0	7	37
A_PB1	543	7	A	0	0	7	30.5714285714286
A_PB1	544	7	A	0	0	7	30
A_PB1	545	7	C	0	0	7	25.8571428571429
A_PB1	546	7	A	0	0	7	25.7142857142857
A_PB1	547	7	A	0	0	7	26.4285714285714
A_PB1	548	7	C	0	0	7	30
A_PB1	549	7	C	0	0	7	33.4285714285714
A_PB1	550	7	C	0	0	7	36
A_PB1	551	7	A	0	0	7	38.2857142857143
A_PB1	552	7	C	0	0	7	37.7142857142857
A_PB1	553	7	T	0	0	7	37.1428571428571
A_PB1	554	7	T	0	0	7	40.8571428571429
A_PB1	555	7	T	0	0	7	38.8571428571429
A_PB1	556	7	C	0	0	7	39.7142857142857
A_PB1	557	7	A	0	0	7	38.8571428571429
A_PB1	558	6	A	1	0	6	43.6666666666667
A_PB1	559	6	A	1	0	6	41.3333333333333
A_PB1	560	6	G	1	0	6	37.8333333333333
A_PB1	561	6	A	1	0	6	35.8333333333333
A_PB1	562	7	A	0	0	6	34.3333333333333
A_PB1	563	7	A	0	0	7	31.8571428571429
A_PB1	564	7	A	0	0	7	31.2857142857143
A_PB1	565	7	A	0	0	7	32
A_PB1	566	7	G	0	0	7	33.8571428571429
A_PB1	567	7	G	0	0	7	33.5714285714286
A_PB1	568	7	A	0	0	7	31.7142857142857
A_PB1	569	7	G	0	0	7	31.4285714285714
A_PB1	570	6	A	1	0	6	29.5
A_PB1	571	6	G	1	0	6	29
A_PB1	572	6	T	1	0	5	32.4
A_PB1	573	7	A	0	0	7	34.1428571428571
A_PB1	574	7	A	0	0	7	33.5714285714286
A_PB1	575	7	G	0	0	7	32
A_PB1	576	7	A	0	0	7	36.1428571428571
A_PB1	577	7	G	0	0	7	34.2857142857143
A_PB1	578	7	A	0	0	7	33.7142857142857
A_PB1	579	7	C	0	0	7	35.5714285714286
A_PB1	580	7	A	0	0	7	35.4285714285714
A_PB1	581	7	A	0	0	7	35
A_PB1	582	7	C	0	0	7	37
A_PB1	583	7	A	0	0	7	36.2857142857143
A_PB1	584	7	T	0	0	7	39.5714285714286
A_PB1	585	7	G	0	0	7	40
A_PB1	586	7	A	0	0	7	39.7142857142857
A_PB1	587	7	C	0	0	7	41.4285714285714
A_PB1	588	7	C	0	0	7	41.1428571428571
A_PB1	589	6	A	1	0	6	39.6666666666667
A_PB1	590	6	A	1	0	6	39.6666666666667
A_PB1	591	7	G	0	0	7	37.5714285714286
A_PB1	592	6	A	1	0	6	37.5
A_PB1	593	7	A	0	0	7	34.2857142857143
A_PB1	594	7	G	0	0	7	32.4285714285714
A_PB1	595	7	A	0	0	7	31.1428571428571
A_PB1	596	7	T	0	0	6	34.8333333333333
A_PB1	597	7	G	0	0	6	37
A_PB1	598	7	A	0	0	7	36.2857142857143
A_PB1	599	7	T	0	0	7	35.5714285714286
A_PB1	600	7	C	0	0	7	35.4285714285714
A_PB1	601	7	A	0	0	7	38.4285714285714
A_PB1	602	7	C	0	0	6	36.8333333333333
A_PB1	603	7	G	0	0	7	38.8571428571429
A_PB1	604	6	C	1	0	6	37.1666666666667
A_PB1	605	6	A	1	0	6	35.8333333333333
A_PB1	606	7	A	0	0	7	38.4285714285714
A_PB1	607	7	A	0	0	7	35.5714285714286
A_PB1	608	7	G	0	0	7	36.8571428571429
A_PB1	609	7	A	0	0	7	38.8571428571429
A_PB1	610	7	A	0	0	7	38.2857142857143
A_PB1	611	7	C	0	0	7	37.8571428571429
A_PB1	612	7	A	0	0	7	38.4285714285714
A_PB1	613	7	A	0	0	7	36.1428571428571
A_PB1	614	7	T	0	0	7	36
A_PB1	615	7	A	0	0	7	35
A_PB1	616	7	G	0	0	7	34.5714285714286
A_PB1	617	7	G	0	0	7	31.5714285714286
A_PB1	618	7	G	0	0	7	33.4285714285714
A_PB1	619	7	A	0	0	7	34.2857142857143
A_PB1	620	7	A	0	0	7	37.2857142857143
A_PB1	621	7	G	0	0	7	36.7142857142857
A_PB1	622	7	A	0	0	7	38.7142857142857
A_PB1	623	7	A	0	0	7	40
A_PB1	624	7	A	0	0	7	37
A_PB1	625	7	A	0	0	7	40.1428571428571
A_PB1	626	7	A	0	0	7	39.1428571428571
A_PB1	627	7	A	0	0	7	40.2857142857143
A_PB1	628	7	C	0	0	7	40.1428571428571
A_PB1	629	7	A	0	0	7	36.4285714285714
A_PB1	630	7	G	0	0	7	35.8571428571429
A_PB1	631	7	A	0	0	7	37
A_PB1	632	7	G	0	0	7	36.8571428571429
A_PB1	633	7	A	0	0	7	36.5714285714286
A_PB1	634	6	C	0	0	6	37
A_PB1	635	6	T	0	0	6	36.8333333333333
A_PB1	636	6	G	0	0	6	36.6666666666667
A_PB1	637	6	A	0	0	6	37.5
A_PB1	638	6	A	0	0	5	36.8
A_PB1	639	6	T	0	0	6	39.5
A_PB1	640	6	A	0	0	6	38.5
A_PB1	641	6	A	0	0	6	39
A_PB1	642	6	G	0	0	6	41.1666666666667
A_PB1	643	6	A	0	0	6	39.8333333333333
A_PB1	644	6	G	0	0	6	41.5
A_PB1	645	6	A	0	0	6	42.8333333333333
A_PB1	646	6	G	0	0	6	40.3333333333333
A_PB1	647	6	G	0	0	6	38.6666666666667
A_PB1	648	6	C	0	0	6	40.3333333333333
A_PB1	649	6	T	0	0	6	38.5
A_PB1	650	6	A	0	0	6	33.8333333333333
A_PB1	651	6	T	0	0	6	35.1666666666667
A_PB1	652	6	C	0	0	6	33.6666666666667
A_PB1	653	6	T	0	0	6	37
A_PB1	654	6	A	0	0	6	34.1666666666667
A_PB1	655	6	A	0	0	6	38.5
A_PB1	656	6	T	0	0	6	39
A_PB1	657	6	A	0	0	6	42.3333333333333
A_PB1	658	6	A	0	0	6	43.6666666666667
A_PB1	659	6	G	0	0	6	41.3333333333333
A_PB1	660	6	A	0	0	6	39.6666666666667
A_PB1	661	6	G	0	0	6	40.3333333333333
A_PB1	662	6	C	0	0	6	36.3333333333333
A_PB1	663	6	A	0	0	6	39
A_PB1	664	6	C	0	0	6	40.8333333333333
A_PB1	665	6	T	0	0	6	41
A_PB1	666	6	G	0	0	6	40.3333333333333
A_PB1	667	6	A	0	0	6	41.1666666666667
A_PB1	668	6	C	0	0	6	42.6666666666667
A_PB1	669	6	A	0	0	6	41.3333333333333
A_PB1	670	6	T	0	0	6	40.8333333333333
A_PB1	671	6	T	0	0	6	39.8333333333333
A_PB1	672	6	A	0	0	6	40
A_PB1	673	6	A	0	0	6	42.5
A_PB1	674	6	A	0	0	6	38.5
A_PB1	675	6	T	0	0	6	38.3333333333333
A_PB1	676	6	A	0	0	6	39.1666666666667
A_PB1	677	6	C	0	0	6	39.8333333333333
A_PB1	678	6	G	0	0	6	38.5
A_PB1	679	6	A	0	0	6	39.8333333333333
A_PB1	680	6	T	0	0	6	42.3333333333333
A_PB1	681	6	G	0	0	6	39.3333333333333
A_PB1	682	6	A	0	0	6	39
A_PB1	683	6	C	0	0	6	38.5
A_PB1	684	6	C	0	0	6	35.1666666666667
A_PB1	685	6	A	0	0	6	31.3333333333333
A_PB1	686	6	A	0	0	6	34.5
A_PB1	687	6	A	0	0	6	34.1666666666667
A_PB1	688	6	G	0	0	6	31
A_PB1	689	6	A	0	0	6	33.5
A_PB1	690	6	T	0	0	6	34.8333333333333
A_PB1	691	6	G	0	0	6	36
A_PB1	692	6	C	0	0	6	36.8333333333333
A_PB1	693	6	A	0	0	6	38.5
A_PB1	694	6	G	0	0	6	35
A_PB1	695	6	A	0	0	6	35.5
A_PB1	696	6	G	0	0	6	33.3333333333333
A_PB1	697	6	A	0	0	6	33.1666666666667
A_PB1	698	6	G	0	0	6	32.1666666666667
A_PB1	699	6	A	0	0	6	35.3333333333333
A_PB1	700	6	G	0	0	6	36.1666666666667
A_PB1	701	6	G	0	0	6	37.1666666666667
A_PB1	702	6	C	0	0	6	40.5
A_PB1	703	6	A	0	0	6	39.5
A_PB1	704	6	A	0	0	6	37
A_PB1	705	6	G	0	0	6	39.6666666666667
A_PB1	706	6	T	0	0	6	40.1666666666667
A_PB1	707	6	T	0	0	6	40.1666666666667
A_PB1	708	5	A	1	0	5	35.8
A_PB1	709	6	A	0	0	6	35.5
A_PB1	710	6	A	0	0	6	39.3333333333333
A_PB1	711	6	A	0	0	6	33.6666666666667
A_PB1	712	6	A	0	0	6	35.6666666666667
A_PB1	713	6	G	0	0	6	37.6666666666667
A_PB1	714	6	A	0	0	6	35
A_PB1	715	6	A	0	0	6	37.3333333333333
A_PB1	716	6	G	0	0	6	35.5
A_PB1	717	6	G	0	0	6	35.1666666666667
A_PB1	718	6	G	0	0	6	35.3333333333333
A_PB1	719	6	C	0	0	6	35.6666666666667
A_PB1	720	6	T	0	0	6	34.1666666666667
A_PB1	721	6	A	0	0	6	36
A_PB1	722	6	T	0	0	6	38.6666666666667
A_PB1	723	6	C	0	0	6	40
A_PB1	724	6	G	0	0	6	38.3333333333333
A_PB1	725	6	C	0	0	6	39
A_PB1	726	6	A	0	0	6	40
A_PB1	727	6	A	0	0	6	40.6666666666667
A_PB1	728	6	C	0	0	6	38.8333333333333
A_PB1	729	6	A	0	0	6	41
A_PB1	730	6	C	0	0	6	42.1666666666667
A_PB1	731	6	C	0	0	6	41
A_PB1	732	6	T	0	0	6	42.8333333333333
A_PB1	733	6	G	0	0	6	42.8333333333333
A_PB1	734	6	G	0	0	6	41.6666666666667
A_PB1	735	6	G	0	0	6	45.8333333333333
A_PB1	736	6	A	0	0	6	43.5
A_PB1	737	6	T	0	0	6	41.8333333333333
A_PB1	738	6	G	0	0	6	43.6666666666667
A_PB1	739	6	C	0	0	6	43.5
A_PB1	740	6	A	0	0	6	38.3333333333333
A_PB1	741	6	G	0	0	6	37.8333333333333
A_PB1	742	6	A	0	0	6	38.8333333333333
A_PB1	743	6	T	0	0	6	38.3333333333333
A_PB1	744	6	T	0	0	6	38.5
A_PB1	745	6	A	0	0	6	39
A_PB1	746	6	G	0	0	6	41.5
A_PB1	747	6	A	0	0	6	42.5
A_PB1	748	6	G	0	0	6	40.8333333333333
A_PB1	749	6	G	0	0	6	43
A_PB1	750	6	T	0	0	6	43.8333333333333
A_PB1	751	6	T	0	0	6	41
A_PB1	752	6	T	0	0	6	41
A_PB1	753	6	C	0	0	6	38.1666666666667
A_PB1	754	6	G	0	0	6	38
A_PB1	755	6	T	0	0	6	39.1666666666667
A_PB1	756	6	A	0	0	6	36.3333333333333
A_PB1	757	6	T	0	0	6	35.6666666666667
A_PB1	758	6	A	0	0	6	36.8333333333333
A_PB1	759	6	T	0	0	6	40.8333333333333
A_PB1	760	6	T	0	0	6	40
A_PB1	761	6	T	0	0	6	42.3333333333333
A_PB1	762	6	T	0	0	6	39
A_PB1	763	6	G	0	0	6	37.8333333333333
A_PB1	764	6	T	0	0	6	36.3333333333333
A_PB1	765	6	T	0	0	6	35.6666666666667
A_PB1	766	6	G	0	0	6	34.5
A_PB1	767	6	A	0	0	6	36.6666666666667
A_PB1	768	6	A	0	0	6	34.5
A_PB1	769	6	A	0	0	6	34
A_PB1	770	6	C	0	0	6	35.5
A_PB1	771	6	T	0	0	6	36.3333333333333
A_PB1	772	6	T	0	0	6	35
A_PB1	773	6	T	0	0	6	38.6666666666667
A_PB1	774	6	A	0	0	6	37.3333333333333
A_PB1	775	6	G	0	0	6	41.3333333333333
A_PB1	776	6	C	0	0	6	39.6666666666667
A_PB1	777	6	T	0	0	6	40.3333333333333
A_PB1	778	6	A	0	0	6	37.6666666666667
A_PB1	779	6	G	0	0	6	35.6666666666667
A_PB1	780	6	G	0	0	6	32.6666666666667
A_PB1	781	6	A	0	0	6	32
A_PB1	782	6	G	0	0	6	33.1666666666667
A_PB1	783	6	C	0	0	6	32.5
A_PB1	784	6	A	0	0	6	31
A_PB1	785	6	T	0	0	6	31.3333333333333
A_PB1	786	6	T	0	0	6	32
A_PB1	787	6	T	0	0	6	35.1666666666667
A_PB1	788	6	G	0	0	6	34.1666666666667
A_PB1	789	6	C	0	0	6	33.8333333333333
A_PB1	790	6	G	0	0	6	30
A_PB1	791	6	A	0	0	6	30
A_PB1	792	6	A	0	0	6	31
A_PB1	793	6	A	0	0	6	32.8333333333333
A_PB1	794	6	A	0	0	6	33.3333333333333
A_PB1	795	6	G	0	0	6	37.8333333333333
A_PB1	796	6	C	0	0	6	38.3333333333333
A_PB1	797	6	T	0	0	6	39.6666666666667
A_PB1	798	6	T	0	0	6	36
A_PB1	799	6	G	0	0	6	35.1666666666667
A_PB1	800	6	A	0	0	6	35.6666666666667
A_PB1	801	6	A	0	0	6	36.1666666666667
A_PB1	802	6	C	0	0	6	36.8333333333333
A_PB1	803	6	A	0	0	6	38.6666666666667
A_PB1	804	6	G	0	0	6	38
A_PB1	805	6	T	0	0	6	37.1666666666667
A_PB1	806	6	C	0	0	6	39.5
A_PB1	807	6	T	0	0	6	39.3333333333333
A_PB1	808	6	G	0	0	6	38
A_PB1	809	6	G	0	0	6	40.1666666666667
A_PB1	810	6	G	0	0	6	41.1666666666667
A_PB1	811	6	C	0	0	6	39.6666666666667
A_PB1	812	6	T	0	0	6	41.3333333333333
A_PB1	813	6	C	0	0	6	40
A_PB1	814	6	C	0	0	6	42.6666666666667
A_PB1	815	6	C	0	0	6	42.1666666666667
A_PB1	816	6	A	0	0	6	39.1666666666667
A_PB1	817	6	G	0	0	6	41.1666666666667
A_PB1	818	6	T	0	0	6	39.6666666666667
A_PB1	819	6	A	0	0	6	38.5
A_PB1	820	6	G	0	0	6	35.5
A_PB1	821	6	G	0	0	6	35.5
A_PB1	822	6	G	0	0	6	37.1666666666667
A_PB1	823	6	G	0	0	6	37
A_PB1	824	6	G	0	0	6	42
A_PB1	825	6	C	0	0	6	40
A_PB1	826	6	A	0	0	6	37.5
A_PB1	827	6	A	0	0	6	37.5
A_PB1	828	6	T	0	0	6	36.5
A_PB1	829	6	G	0	0	6	34.8333333333333
A_PB1	830	6	A	0	0	6	36.8333333333333
A_PB1	831	6	A	0	0	6	36.8333333333333
A_PB1	832	6	A	0	0	6	37.5
A_PB1	833	6	A	0	0	6	37.6666666666667
A_PB1	834	6	G	0	0	6	37.8333333333333
A_PB1	835	6	A	0	0	6	41.1666666666667
A_PB1	836	6	A	0	0	6	40.8333333333333
A_PB1	837	6	G	0	0	6	42.8333333333333
A_PB1	838	6	G	0	0	6	40
A_PB1	839	6	C	0	0	6	41.6666666666667
A_PB1	840	6	C	0	0	6	41.1666666666667
A_PB1	841	6	A	0	0	6	40.1666666666667
A_PB1	842	6	A	0	0	6	40.3333333333333
A_PB1	843	6	A	0	0	6	41.1666666666667
A_PB1	844	6	T	0	0	6	41.1666666666667
A_PB1	845	6	T	0	0	6	39.5
A_PB1	846	6	G	0	0	6	38.5
A_PB1	847	6	G	0	0	6	38.8333333333333
A_PB1	848	6	C	0	0	6	40
A_PB1	849	6	A	0	0	6	40.6666666666667
A_PB1	850	6	A	0	0	6	40.6666666666667
A_PB1	851	6	A	0	0	6	39.5
A_PB1	852	6	T	0	0	6	41.8333333333333
A_PB1	853	6	G	0	0	6	41.3333333333333
A_PB1	854	6	T	0	0	6	42
A_PB1	855	6	T	0	0	6	40.8333333333333
A_PB1	856	6	G	0	0	6	40.3333333333333
A_PB1	857	6	T	0	0	6	41.6666666666667
A_PB1	858	6	G	0	0	6	40.6666666666667
A_PB1	859	6	A	0	0	6	41.1666666666667
A_PB1	860	6	G	0	0	6	39.8333333333333
A_PB1	861	6	A	0	0	6	38.1666666666667
A_PB1	862	6	A	0	0	6	36.3333333333333
A_PB1	863	6	A	0	0	6	38.8333333333333
A_PB1	864	6	G	0	0	6	36.3333333333333
A_PB1	865	6	A	0	0	6	37.5
A_PB1	866	6	T	0	0	6	35
A_PB1	867	6	G	0	0	6	35.1666666666667
A_PB1	868	6	A	0	0	6	34.5
A_PB1	869	6	T	0	0	6	35.3333333333333
A_PB1	870	6	G	0	0	6	34.1666666666667
A_PB1	871	6	A	0	0	6	39.5
A_PB1	872	6	C	0	0	6	38.6666666666667
A_PB1	873	6	T	0	0	6	38.1666666666667
A_PB1	874	6	A	0	0	6	41.6666666666667
A_PB1	875	6	A	0	0	6	40.8333333333333
A_PB1	876	6	T	0	0	6	42.8333333333333
A_PB1	877	6	T	0	0	6	43.1666666666667
A_PB1	878	6	C	0	0	6	44.5
A_PB1	879	6	A	0	0	6	43.1666666666667
A_PB1	880	6	C	0	0	6	43.3333333333333
A_PB1	881	6	A	0	0	6	40.5
A_PB1	882	6	A	0	0	6	42.6666666666667
A_PB1	883	6	G	0	0	6	41.1666666666667
A_PB1	884	6	A	0	0	6	42.6666666666667
A_PB1	885	6	T	0	0	6	39.3333333333333
A_PB1	886	6	A	0	0	6	39.5
A_PB1	887	6	C	0	0	6	39
A_PB1	888	6	A	0	0	6	40.3333333333333
A_PB1	889	6	G	0	0	6	41.5
A_PB1	890	6	A	0	0	6	43.8333333333333
A_PB1	891	6	G	0	0	6	42
A_PB1	892	6	A	0	0	6	44
A_PB1	893	6	T	0	0	6	42.8333333333333
A_PB1	894	6	T	0	0	6	43.3333333333333
A_PB1	895	6	T	0	0	6	44.1666666666667
A_PB1	896	6	C	0	0	6	37.5
A_PB1	897	5	T	1	0	5	38.8
A_PB1	898	6	T	0	0	6	39.3333333333333
A_PB1	899	6	T	0	0	6	39.1666666666667
A_PB1	900	6	C	0	0	6	36.1666666666667
A_PB1	901	6	A	0	0	6	41.3333333333333
A_PB1	902	6	C	0	0	6	41.6666666666667
A_PB1	903	6	A	0	0	6	37.8333333333333
A_PB1	904	6	A	0	0	6	38.6666666666667
A_PB1	905	6	T	0	0	6	38.6666666666667
A_PB1	906	6	C	0	0	6	35.8333333333333
A_PB1	907	6	A	0	0	6	37.3333333333333
A_PB1	908	6	C	0	0	6	35
A_PB1	909	6	T	0	0	6	34.3333333333333
A_PB1	910	6	G	0	0	6	33.8333333333333
A_PB1	911	6	G	0	0	6	33.3333333333333
A_PB1	912	6	G	0	0	6	30.6666666666667
A_PB1	913	6	G	0	0	6	30.5
A_PB1	914	6	A	0	0	6	30.1666666666667
A_PB1	915	6	C	0	0	6	29.5
A_PB1	916	6	A	0	0	6	31.1666666666667
A_PB1	917	6	A	0	0	6	34.5
A_PB1	918	6	C	0	0	6	32.6666666666667
A_PB1	919	6	A	0	0	6	36.8333333333333
A_PB1	920	6	C	0	0	6	36
A_PB1	921	6	T	0	0	6	37
A_PB1	922	6	A	0	0	6	37
A_PB1	923	6	A	0	0	6	37
A_PB1	924	6	A	0	0	6	39.1666666666667
A_PB1	925	6	T	0	0	6	40.5
A_PB1	926	6	G	0	0	6	43.3333333333333
A_PB1	927	6	G	0	0	6	43.5
A_PB1	928	6	A	0	0	6	44
A_PB1	929	6	A	0	0	6	41.5
A_PB1	930	6	T	0	0	6	44.1666666666667
A_PB1	931	6	G	0	0	6	40.8333333333333
A_PB1	932	6	A	0	0	6	40.6666666666667
A_PB1	933	6	G	0	0	6	38.3333333333333
A_PB1	934	6	A	0	0	6	41.6666666666667
A_PB1	935	6	A	0	0	6	38.8333333333333
A_PB1	936	6	C	0	0	6	38.6666666666667
A_PB1	937	6	C	0	0	6	38
A_PB1	938	6	A	0	0	6	36.1666666666667
A_PB1	939	6	A	0	0	6	42.1666666666667
A_PB1	940	6	A	0	0	6	40.8333333333333
A_PB1	941	6	A	0	0	6	39
A_PB1	942	6	T	0	0	6	43.6666666666667
A_PB1	943	6	C	0	0	6	42.3333333333333
A_PB1	944	6	C	0	0	6	42.6666666666667
A_PB1	945	6	T	0	0	6	38.1666666666667
A_PB1	946	6	C	0	0	6	38
A_PB1	947	6	G	0	0	6	39.8333333333333
A_PB1	948	6	A	0	0	6	40.3333333333333
A_PB1	949	6	A	0	0	6	40
A_PB1	950	6	T	0	0	6	42.3333333333333
A_PB1	951	6	G	0	0	6	42.5
A_PB1	952	6	T	0	0	6	43.8333333333333
A_PB1	953	6	T	0	0	6	43.8333333333333
A_PB1	954	6	C	0	0	6	42.6666666666667
A_PB1	955	6	C	0	0	6	37
A_PB1	956	6	T	0	0	6	39.8333333333333
A_PB1	957	6	T	0	0	6	39.5
A_PB1	958	6	G	0	0	6	39.8333333333333
A_PB1	959	6	C	0	0	6	40.3333333333333
A_PB1	960	6	G	0	0	6	44.5
A_PB1	961	6	A	0	0	6	44.3333333333333
A_PB1	962	6	T	0	0	6	42.6666666666667
A_PB1	963	6	G	0	0	6	43.3333333333333
A_PB1	964	6	A	0	0	6	41.6666666666667
A_PB1	965	6	T	0	0	6	40.1666666666667
A_PB1	966	6	T	0	0	6	38.6666666666667
A_PB1	967	6	A	0	0	6	40.8333333333333
A_PB1	968	6	C	0	0	6	41
A_PB1	969	6	A	0	0	6	40
A_PB1	970	6	T	0	0	6	39
A_PB1	971	6	A	0	0	6	40
A_PB1	972	6	T	0	0	6	38.1666666666667
A_PB1	973	6	A	0	0	6	39.5
A_PB1	974	6	T	0	0	6	37.1666666666667
A_PB1	975	6	C	0	0	6	38.8333333333333
A_PB1	976	6	A	0	0	6	37.8333333333333
A_PB1	977	6	C	0	0	6	36.5
A_PB1	978	6	C	0	0	6	36.3333333333333
A_PB1	979	6	A	0	0	6	40.3333333333333
A_PB1	980	6	G	0	0	6	42.6666666666667
A_PB1	981	6	A	0	0	6	38.3333333333333
A_PB1	982	6	A	0	0	6	41.1666666666667
A_PB1	983	6	A	0	0	6	39.8333333333333
A_PB1	984	6	T	0	0	6	37.6666666666667
A_PB1	985	6	C	0	0	6	28.6666666666667
A_PB1	986	6	A	0	0	6	24.3333333333333
A_PB1	987	6	A	0	0	6	23.1666666666667
A_PB1	988	6	C	0	0	6	23.3333333333333
A_PB1	989	6	C	0	0	6	26.3333333333333
A_PB1	990	6	C	0	0	6	30.6666666666667
A_PB1	991	6	G	0	0	6	30.8333333333333
A_PB1	992	6	A	0	0	6	31
A_PB1	993	6	G	0	0	6	33.3333333333333
A_PB1	994	6	T	0	0	6	36.3333333333333
A_PB1	995	6	G	0	0	6	34
A_PB1	996	6	G	0	0	6	32.8333333333333
A_PB1	997	6	T	0	0	6	32.1666666666667
A_PB1	998	6	T	0	0	6	33.5
A_PB1	999	6	T	0	0	6	33.6666666666667
A_PB1	1000	5	A	1	0	5	32.2
A_PB1	1001	5	G	1	0	5	36
A_PB1	1002	6	A	0	0	5	32
A_PB1	1003	6	A	0	0	6	32
A_PB1	1004	6	A	0	0	6	31.1666666666667
A_PB1	1005	6	C	0	0	6	32.3333333333333
A_PB1	1006	6	A	0	0	6	30.5
A_PB1	1007	6	T	0	0	6	28.5
A_PB1	1008	6	C	0	0	6	26.8333333333333
A_PB1	1009	6	C	0	0	6	28.6666666666667
A_PB1	1010	6	T	0	0	6	30.3333333333333
A_PB1	1011	6	G	0	0	6	31.5
A_PB1	1012	6	A	0	0	6	31.1666666666667
A_PB1	1013	6	G	0	0	6	35.3333333333333
A_PB1	1014	6	C	0	0	6	37.6666666666667
A_PB1	1015	6	A	0	0	6	39.3333333333333
A_PB1	1016	6	T	0	0	5	40
A_PB1	1017	6	G	0	0	6	38.3333333333333
A_PB1	1018	5	G	1	0	5	39.4
A_PB1	1019	5	C	1	0	5	39
A_PB1	1020	6	A	0	0	6	41.3333333333333
A_PB1	1021	6	C	0	0	6	36.3333333333333
A_PB1	1022	6	C	0	0	6	40.8333333333333
A_PB1	1023	6	C	0	0	6	36.1666666666667
A_PB1	1024	6	A	0	0	6	35.8333333333333
A_PB1	1025	6	T	0	0	6	35.5
A_PB1	1026	6	A	0	0	6	39.3333333333333
A_PB1	1027	6	A	0	0	6	40.1666666666667
A_PB1	1028	6	T	0	0	6	38.6666666666667
A_PB1	1029	6	G	0	0	6	39.6666666666667
A_PB1	1030	6	T	0	0	6	38.3333333333333
A_PB1	1031	6	T	0	0	6	37.3333333333333
A_PB1	1032	6	C	0	0	6	32
A_PB1	1033	6	T	0	0	6	31.3333333333333
A_PB1	1034	6	C	0	0	6	27.8333333333333
A_PB1	1035	6	A	0	0	5	25.6
A_PB1	1036	6	A	0	0	6	31.8333333333333
A_PB1	1037	6	A	0	0	6	28.3333333333333
A_PB1	1038	6	T	0	0	6	26.1666666666667
A_PB1	1039	6	A	0	0	6	31.3333333333333
A_PB1	1040	6	A	0	0	6	30.8333333333333
A_PB1	1041	6	A	0	0	6	32
A_PB1	1042	6	A	0	0	6	31.5
A_PB1	1043	6	T	0	0	6	33.1666666666667
A_PB1	1044	6	G	0	0	6	34.5
A_PB1	1045	6	G	0	0	6	31.8333333333333
A_PB1	1046	6	C	0	0	6	36.1666666666667
A_PB1	1047	6	A	0	0	6	34.3333333333333
A_PB1	1048	6	A	0	0	6	33.6666666666667
A_PB1	1049	6	G	0	0	6	32.8333333333333
A_PB1	1050	6	A	0	0	6	34.3333333333333
A_PB1	1051	6	C	0	0	6	32.6666666666667
A_PB1	1052	6	T	0	0	6	33.5
A_PB1	1053	6	A	0	0	6	31.5
A_PB1	1054	6	G	0	0	6	34.6666666666667
A_PB1	1055	6	G	0	0	6	38.1666666666667
A_PB1	1056	6	G	0	0	6	35.6666666666667
A_PB1	1057	6	A	0	0	6	35
A_PB1	1058	6	A	0	0	6	36
A_PB1	1059	6	A	0	0	6	38.6666666666667
A_PB1	1060	6	G	0	0	6	36.3333333333333
A_PB1	1061	6	G	0	0	6	35.3333333333333
A_PB1	1062	6	G	0	0	6	35.1666666666667
A_PB1	1063	6	T	0	0	5	34.6
A_PB1	1064	6	A	0	0	6	29.6666666666667
A_PB1	1065	5	C	1	0	5	34.8
A_PB1	1066	5	A	1	0	5	34
A_PB1	1067	5	T	1	0	5	30.8
A_PB1	1068	5	G	1	0	5	29.8
A_PB1	1069	6	T	0	0	6	25.8333333333333
A_PB1	1070	6	T	0	0	6	26
A_PB1	1071	6	C	0	0	6	22.3333333333333
A_PB1	1072	6	G	0	0	6	23.1666666666667
A_PB1	1073	6	A	0	0	6	27.6666666666667
A_PB1	1074	6	G	0	0	6	31.3333333333333
A_PB1	1075	6	A	0	0	6	32
A_PB1	1076	6	G	0	0	5	35
A_PB1	1077	6	T	0	0	6	35.5
A_PB1	1078	6	A	0	0	6	33.5
A_PB1	1079	6	A	0	0	6	36.1666666666667
A_PB1	1080	6	A	0	0	6	34.5
A_PB1	1081	6	A	0	0	6	38.1666666666667
A_PB1	1082	6	G	0	0	6	44.5
A_PB1	1083	6	A	0	0	6	43.8333333333333
A_PB1	1084	6	A	0	0	6	42.1666666666667
A_PB1	1085	6	T	0	0	6	43.5
A_PB1	1086	6	G	0	0	6	43.3333333333333
A_PB1	1087	6	A	0	0	6	41
A_PB1	1088	5	A	1	0	5	44.4
A_PB1	1089	5	G	1	0	5	43.2
A_PB1	1090	5	A	1	0	5	43.2
A_PB1	1091	5	T	1	0	5	42.8
A_PB1	1092	6	T	0	0	6	44.1666666666667
A_PB1	1093	6	C	0	0	6	44
A_PB1	1094	6	G	0	0	5	44
A_PB1	1095	6	A	0	0	6	38.3333333333333
A_PB1	1096	6	A	0	0	6	43
A_PB1	1097	6	C	0	0	6	41.1666666666667
A_PB1	1098	6	A	0	0	6	42.5
A_PB1	1099	6	C	0	0	6	42.1666666666667
A_PB1	1100	6	A	0	0	6	44.1666666666667
A_PB1	1101	6	A	0	0	6	44.8333333333333
A_PB1	1102	6	A	0	0	6	44
A_PB1	1103	6	T	0	0	6	45
A_PB1	1104	6	A	0	0	6	42
A_PB1	1105	6	C	0	0	6	43.6666666666667
A_PB1	1106	6	C	0	0	6	42.6666666666667
A_PB1	1107	6	A	0	0	6	39.5
A_PB1	1108	6	G	0	0	6	40
A_PB1	1109	6	C	0	0	6	37.8333333333333
A_PB1	1110	6	A	0	0	6	36.1666666666667
A_PB1	1111	6	G	0	0	6	36
A_PB1	1112	6	A	0	0	6	35.3333333333333
A_PB1	1113	6	A	0	0	6	36.5
A_PB1	1114	6	A	0	0	6	41.8333333333333
A_PB1	1115	6	T	0	0	6	39.5
A_PB1	1116	6	G	0	0	6	41.5
A_PB1	1117	6	C	0	0	6	42.3333333333333
A_PB1	1118	6	T	0	0	6	42.1666666666667
A_PB1	1119	6	G	0	0	6	39.5
A_PB1	1120	6	G	0	0	6	39.1666666666667
A_PB1	1121	6	C	0	0	6	35.5
A_PB1	1122	6	A	0	0	6	35.3333333333333
A_PB1	1123	6	A	0	0	6	33.6666666666667
A_PB1	1124	6	G	0	0	6	32
A_PB1	1125	6	C	0	0	6	33.1666666666667
A_PB1	1126	6	A	0	0	6	31.5
A_PB1	1127	6	T	0	0	6	35
A_PB1	1128	6	T	0	0	6	33.1666666666667
A_PB1	1129	6	G	0	0	5	35
A_PB1	1130	6	A	0	0	6	33.1666666666667
A_PB1	1131	6	T	0	0	6	31.8333333333333
A_PB1	1132	6	C	0	0	5	37.2
A_PB1	1133	6	T	0	0	6	34
A_PB1	1134	6	A	0	0	6	33.8333333333333
A_PB1	1135	6	A	0	0	6	32.8333333333333
A_PB1	1136	6	A	0	0	6	34.5
A_PB1	1137	6	G	0	0	6	40.1666666666667
A_PB1	1138	6	T	0	0	6	42
A_PB1	1139	6	A	0	0	6	41
A_PB1	1140	6	T	0	0	6	36.5
A_PB1	1141	6	T	0	0	6	36.3333333333333
A_PB1	1142	6	T	0	0	6	35.6666666666667
A_PB1	1143	6	C	0	0	6	33.1666666666667
A_PB1	1144	6	A	0	0	6	34
A_PB1	1145	6	A	0	0	6	29.6666666666667
A_PB1	1146	6	T	0	0	6	30.3333333333333
A_PB1	1147	6	G	0	0	6	22
A_PB1	1148	6	A	0	0	6	23.1666666666667
A_PB1	1149	6	A	0	0	6	24.6666666666667
A_PB1	1150	6	T	0	0	6	26.1666666666667
A_PB1	1151	6	C	0	0	6	29.3333333333333
A_PB1	1152	6	A	0	0	6	30.6666666666667
A_PB1	1153	6	A	0	0	6	36.8333333333333
A_PB1	1154	6	C	0	0	6	37.5
A_PB1	1155	6	A	0	0	6	38
A_PB1	1156	6	A	0	0	6	36
A_PB1	1157	6	G	0	0	6	39.8333333333333
A_PB1	1158	6	G	0	0	6	40
A_PB1	1159	6	A	0	0	6	43.1666666666667
A_PB1	1160	6	A	0	0	6	41.1666666666667
A_PB1	1161	6	G	0	0	6	41.1666666666667
A_PB1	1162	6	A	0	0	6	40.1666666666667
A_PB1	1163	6	A	0	0	6	37.6666666666667
A_PB1	1164	6	A	0	0	6	37.1666666666667
A_PB1	1165	6	A	0	0	6	38.5
A_PB1	1166	6	T	0	0	6	39
A_PB1	1167	6	T	0	0	6	37.8333333333333
A_PB1	1168	6	G	0	0	6	36.6666666666667
A_PB1	1169	6	A	0	0	6	37.6666666666667
A_PB1	1170	6	G	0	0	6	42
A_PB1	1171	6	A	0	0	6	42.8333333333333
A_PB1	1172	6	A	0	0	6	42
A_PB1	1173	6	G	0	0	5	42
A_PB1	1174	6	A	0	0	6	45.5
A_PB1	1175	6	T	0	0	5	42.4
A_PB1	1176	6	A	0	0	6	42.6666666666667
A_PB1	1177	6	A	0	0	6	42
A_PB1	1178	6	G	0	0	6	40.8333333333333
A_PB1	1179	6	G	0	0	6	42.5
A_PB1	1180	6	C	0	0	6	42.1666666666667
A_PB1	1181	6	C	0	0	6	46.5
A_PB1	1182	6	T	0	0	6	44.5
A_PB1	1183	6	C	0	0	6	42.3333333333333
A_PB1	1184	6	T	0	0	6	40
A_PB1	1185	6	T	0	0	6	41.5
A_PB1	1186	6	T	0	0	6	42.1666666666667
A_PB1	1187	6	T	0	0	6	39
A_PB1	1188	6	A	0	0	6	40.5
A_PB1	1189	6	A	0	0	6	41.1666666666667
A_PB1	1190	6	T	0	0	6	39.6666666666667
A_PB1	1191	6	T	0	0	6	39.3333333333333
A_PB1	1192	6	G	0	0	6	36
A_PB1	1193	6	A	0	0	6	34.1666666666667
A_PB1	1194	6	T	0	0	6	31.3333333333333
A_PB1	1195	6	G	0	0	6	32
A_PB1	1196	6	G	0	0	6	30.3333333333333
A_PB1	1197	6	C	0	0	6	31.3333333333333
A_PB1	1198	6	A	0	0	6	29.8333333333333
A_PB1	1199	6	C	0	0	6	33.6666666666667
A_PB1	1200	6	A	0	0	6	36.3333333333333
A_PB1	1201	6	G	0	0	6	35.3333333333333
A_PB1	1202	6	C	0	0	6	37
A_PB1	1203	6	A	0	0	6	36.5
A_PB1	1204	6	T	0	0	6	36
A_PB1	1205	6	C	0	0	6	41.1666666666667
A_PB1	1206	6	A	0	0	6	39.8333333333333
A_PB1	1207	6	C	0	0	6	42.3333333333333
A_PB1	1208	6	T	0	0	6	42.8333333333333
A_PB1	1209	6	G	0	0	6	43.1666666666667
A_PB1	1210	6	A	0	0	6	43.3333333333333
A_PB1	1211	6	G	0	0	6	40.1666666666667
A_PB1	1212	6	T	0	0	6	40.3333333333333
A_PB1	1213	6	C	0	0	6	37.6666666666667
A_PB1	1214	6	C	0	0	6	39.8333333333333
A_PB1	1215	6	T	0	0	6	37.3333333333333
A_PB1	1216	6	G	0	0	6	39.6666666666667
A_PB1	1217	6	G	0	0	6	40.6666666666667
A_PB1	1218	6	G	0	0	6	43.5
A_PB1	1219	6	A	0	0	6	41.5
A_PB1	1220	6	T	0	0	6	42
A_PB1	1221	6	G	0	0	5	41.6
A_PB1	1222	6	A	0	0	6	42.1666666666667
A_PB1	1223	6	T	0	0	6	39.6666666666667
A_PB1	1224	6	G	0	0	6	39.5
A_PB1	1225	6	A	0	0	6	40.3333333333333
A_PB1	1226	6	T	0	0	6	38.1666666666667
A_PB1	1227	6	G	0	0	6	39.3333333333333
A_PB1	1228	6	G	0	0	6	39.5
A_PB1	1229	6	G	0	0	6	38.3333333333333
A_PB1	1230	6	C	0	0	6	38.3333333333333
A_PB1	1231	6	A	0	0	6	34
A_PB1	1232	6	T	0	0	6	33.8333333333333
A_PB1	1233	6	G	0	0	6	27.3333333333333
A_PB1	1234	6	T	0	0	6	29.8333333333333
A_PB1	1235	6	T	0	0	6	29.1666666666667
A_PB1	1236	6	C	0	0	6	30.6666666666667
A_PB1	1237	6	A	0	0	6	30.5
A_PB1	1238	6	A	0	0	6	32.6666666666667
A_PB1	1239	6	C	0	0	6	32.8333333333333
A_PB1	1240	6	A	0	0	6	32.6666666666667
A_PB1	1241	6	T	0	0	6	32.1666666666667
A_PB1	1242	6	G	0	0	6	33.8333333333333
A_PB1	1243	6	C	0	0	6	33
A_PB1	1244	6	T	0	0	6	33.6666666666667
A_PB1	1245	6	A	0	0	6	31.6666666666667
A_PB1	1246	6	A	0	0	6	31.8333333333333
A_PB1	1247	6	G	0	0	6	33.1666666666667
A_PB1	1248	6	T	0	0	6	32.5
A_PB1	1249	6	A	0	0	6	33.1666666666667
A_PB1	1250	6	C	0	0	6	34.8333333333333
A_PB1	1251	6	G	0	0	6	36.1666666666667
A_PB1	1252	6	G	0	0	6	36.8333333333333
A_PB1	1253	6	T	0	0	6	37.6666666666667
A_PB1	1254	6	A	0	0	6	38.8333333333333
A_PB1	1255	6	T	0	0	6	39.1666666666667
A_PB1	1256	6	T	0	0	6	42
A_PB1	1257	6	G	0	0	6	41.8333333333333
A_PB1	1258	6	G	0	0	6	40.5
A_PB1	1259	6	G	0	0	5	44.2
A_PB1	1260	6	A	0	0	6	41.1666666666667
A_PB1	1261	6	G	0	0	5	42.8
A_PB1	1262	6	T	0	0	6	39.3333333333333
A_PB1	1263	6	C	0	0	6	42.1666666666667
A_PB1	1264	5	T	1	0	5	45.4
A_PB1	1265	5	C	1	0	5	42.2
A_PB1	1266	5	G	1	0	5	44.8
A_PB1	1267	6	A	0	0	6	41.3333333333333
A_PB1	1268	6	T	0	0	6	42
A_PB1	1269	6	A	0	0	6	42.3333333333333
A_PB1	1270	6	C	0	0	6	41.3333333333333
A_PB1	1271	6	T	0	0	5	45.4
A_PB1	1272	6	G	0	0	5	45.2
A_PB1	1273	6	A	0	0	6	35.1666666666667
A_PB1	1274	6	A	0	0	6	39.8333333333333
A_PB1	1275	6	T	0	0	6	37.3333333333333
A_PB1	1276	6	C	0	0	6	39.1666666666667
A_PB1	1277	6	T	0	0	6	40.8333333333333
A_PB1	1278	6	T	0	0	6	41.8333333333333
A_PB1	1279	6	G	0	0	6	39.3333333333333
A_PB1	1280	6	G	0	0	6	38.6666666666667
A_PB1	1281	6	A	0	0	6	41.5
A_PB1	1282	6	C	0	0	6	39.5
A_PB1	1283	6	A	0	0	6	29.6666666666667
A_PB1	1284	6	A	0	0	6	29.6666666666667
A_PB1	1285	6	A	0	0	6	29.1666666666667
A_PB1	1286	6	A	0	0	6	30.5
A_PB1	1287	6	G	0	0	6	32
A_PB1	1288	6	A	0	0	6	33.5
A_PB1	1289	6	A	0	0	6	32.3333333333333
A_PB1	1290	6	A	0	0	6	34.6666666666667
A_PB1	1291	6	T	0	0	6	35
A_PB1	1292	6	A	0	0	6	34.1666666666667
A_PB1	1293	6	C	0	0	6	35.6666666666667
A_PB1	1294	6	A	0	0	6	35.1666666666667
A_PB1	1295	6	C	0	0	6	32.5
A_PB1	1296	6	C	0	0	6	32
A_PB1	1297	6	A	0	0	6	32.6666666666667
A_PB1	1298	6	A	0	0	6	27.8333333333333
A_PB1	1299	6	A	0	0	6	29
A_PB1	1300	6	A	0	0	6	29.1666666666667
A_PB1	1301	6	C	0	0	6	32.3333333333333
A_PB1	1302	6	A	0	0	6	34.3333333333333
A_PB1	1303	6	A	0	0	6	33.8333333333333
A_PB1	1304	6	C	0	0	6	36.1666666666667
A_PB1	1305	6	A	0	0	6	34.8333333333333
A_PB1	1306	6	T	0	0	6	33.6666666666667
A_PB1	1307	6	A	0	0	6	32.3333333333333
A_PB1	1308	6	C	0	0	6	32
A_PB1	1309	6	T	0	0	6	31.3333333333333
A_PB1	1310	6	G	0	0	6	31.6666666666667
A_PB1	1311	6	G	0	0	6	32.8333333333333
A_PB1	1312	6	T	0	0	6	34.1666666666667
A_PB1	1313	6	G	0	0	6	30.6666666666667
A_PB1	1314	6	G	0	0	6	39.5
A_PB1	1315	6	G	0	0	6	38.1666666666667
A_PB1	1316	6	A	0	0	6	37.8333333333333
A_PB1	1317	6	T	0	0	6	38.5
A_PB1	1318	5	G	1	0	5	39.2
A_PB1	1319	6	G	0	0	6	39
A_PB1	1320	6	G	0	0	6	39.5
A_PB1	1321	6	C	0	0	5	41.4
A_PB1	1322	6	T	0	0	6	42
A_PB1	1323	6	C	0	0	6	39.3333333333333
A_PB1	1324	6	C	0	0	6	39.8333333333333
A_PB1	1325	6	A	0	0	6	41
A_PB1	1326	6	A	0	0	6	37.8333333333333
A_PB1	1327	6	T	0	0	6	41.3333333333333
A_PB1	1328	6	C	0	0	6	42
A_PB1	1329	6	A	0	0	6	41
A_PB1	1330	6	T	0	0	6	44
A_PB1	1331	6	C	0	0	6	41.8333333333333
A_PB1	1332	6	C	0	0	5	41.6
A_PB1	1333	6	G	0	0	6	43.6666666666667
A_PB1	1334	6	A	0	0	6	43.6666666666667
A_PB1	1335	6	C	0	0	5	43
A_PB1	1336	6	G	0	0	5	41.6
A_PB1	1337	6	A	0	0	6	43.3333333333333
A_PB1	1338	6	T	0	0	6	43.3333333333333
A_PB1	1339	6	T	0	0	6	42.6666666666667
A_PB1	1340	6	T	0	0	6	42.3333333333333
A_PB1	1341	6	T	0	0	6	39.6666666666667
A_PB1	1342	6	G	0	0	6	40.3333333333333
A_PB1	1343	6	C	0	0	6	38.1666666666667
A_PB1	1344	6	T	0	0	6	39
A_PB1	1345	6	C	0	0	6	39.3333333333333
A_PB1	1346	6	T	0	0	6	36.6666666666667
A_PB1	1347	6	C	0	0	6	37
A_PB1	1348	6	A	0	0	6	39.5
A_PB1	1349	6	T	0	0	6	39.5
A_PB1	1350	6	A	0	0	6	37.8333333333333
A_PB1	1351	6	G	0	0	6	41.1666666666667
A_PB1	1352	6	T	0	0	6	41.3333333333333
A_PB1	1353	6	G	0	0	6	41.3333333333333
A_PB1	1354	6	A	0	0	6	43.6666666666667
A_PB1	1355	6	A	0	0	6	44
A_PB1	1356	6	T	0	0	6	46.3333333333333
A_PB1	1357	6	G	0	0	6	42.3333333333333
A_PB1	1358	6	C	0	0	6	41.3333333333333
A_PB1	1359	6	A	0	0	6	41.8333333333333
A_PB1	1360	6	C	0	0	6	42.1666666666667
A_PB1	1361	6	C	0	0	6	41.6666666666667
A_PB1	1362	6	A	0	0	6	39.8333333333333
A_PB1	1363	6	A	0	0	6	37.6666666666667
A_PB1	1364	6	A	0	0	6	36.6666666666667
A_PB1	1365	6	C	0	0	6	36.5
A_PB1	1366	6	C	0	0	6	29.1666666666667
A_PB1	1367	6	A	0	0	6	29.3333333333333
A_PB1	1368	6	T	0	0	6	31
A_PB1	1369	6	G	0	0	6	28
A_PB1	1370	6	A	0	0	6	28.8333333333333
A_PB1	1371	6	A	0	0	6	29.6666666666667
A_PB1	1372	6	G	0	0	6	32.5
A_PB1	1373	6	G	0	0	6	30
A_PB1	1374	6	A	0	0	6	31
A_PB1	1375	6	A	0	0	6	32.1666666666667
A_PB1	1376	6	T	0	0	6	38
A_PB1	1377	6	A	0	0	6	38.6666666666667
A_PB1	1378	6	C	0	0	6	38.5
A_PB1	1379	16	A	0	0	16	40.1875
A_PB1	1380	16	A	0	0	16	40.5
A_PB1	1381	16	G	0	0	16	40
A_PB1	1382	16	C	0	0	16	41.1875
A_PB1	1383	16	A	0	0	16	40.5
A_PB1	1384	16	G	0	0	16	39.375
A_PB1	1385	16	G	0	0	16	38.8125
A_PB1	1386	16	A	0	0	16	40.25
A_PB1	1387	16	G	0	0	16	40.625
A_PB1	1388	16	T	0	0	16	41.5
A_PB1	1389	16	G	0	0	16	42.125
A_PB1	1390	16	G	0	0	16	41.6875
A_PB1	1391	16	A	0	0	16	40.875
A_PB1	1392	15	C	1	0	15	40.8
A_PB1	1393	16	A	0	0	16	40.75
A_PB1	1394	16	G	0	0	16	40
A_PB1	1395	16	A	0	0	16	40.9375
A_PB1	1396	16	T	0	0	16	40.9375
A_PB1	1397	16	T	0	0	16	40.8125
A_PB1	1398	16	C	0	0	16	40.0625
A_PB1	1399	16	T	0	0	16	41.0625
A_PB1	1400	16	A	0	0	16	40.625
A_PB1	1401	16	C	0	0	16	41.25
A_PB1	1402	16	A	0	0	16	40.25
A_PB1	1403	16	G	0	0	16	41.625
A_PB1	1404	16	G	0	0	16	40.5625
A_PB1	1405	16	A	0	0	16	38.625
A_PB1	1406	16	C	0	0	16	39.3125
A_PB1	1407	16	C	0	0	15	39.0666666666667
A_PB1	1408	16	T	0	0	15	40.6
A_PB1	1409	16	G	0	0	15	40.1333333333333
A_PB1	1410	16	C	0	0	16	40.1875
A_PB1	1411	16	A	0	0	16	39.125
A_PB1	1412	16	A	0	0	16	40.0625
A_PB1	1413	16	A	0	0	16	39.4375
A_PB1	1414	16	T	0	0	16	39.5
A_PB1	1415	16	T	0	0	16	39
A_PB1	1416	16	A	0	0	16	37.1875
A_PB1	1417	16	G	0	0	16	38.3125
A_PB1	1418	16	T	0	0	16	38.5625
A_PB1	1419	16	G	0	0	16	37.125
A_PB1	1420	16	G	0	0	16	36.9375
A_PB1	1421	16	G	0	0	16	37.1875
A_PB1	1422	16	A	0	0	16	38.25
A_PB1	1423	16	A	0	0	16	39.625
A_PB1	1424	16	T	0	0	16	41.375
A_PB1	1425	16	C	0	0	16	41.9375
A_PB1	1426	15	A	1	0	15	43.8666666666667
A_PB1	1427	16	A	0	0	16	43.375
A_PB1	1428	16	C	0	0	16	44
A_PB1	1429	16	A	0	0	16	42.25
A_PB1	1430	16	T	0	0	16	43
A_PB1	1431	16	G	0	0	16	41.5
A_PB1	1432	16	A	0	0	16	41.875
A_PB1	1433	16	G	0	0	16	39.875
A_PB1	1434	16	C	0	0	16	41.5
A_PB1	1435	16	A	0	0	16	41
A_PB1	1436	16	A	0	0	16	39.8125
A_PB1	1437	16	A	0	0	16	39.8125
A_PB1	1438	16	A	0	0	16	41
A_PB1	1439	16	A	0	0	16	42.25
A_PB1	1440	16	G	0	0	16	42.5625
A_PB1	1441	16	A	0	0	16	41.3125
A_PB1	1442	16	A	0	0	16	44.25
A_PB1	1443	16	G	0	0	16	45.625
A_PB1	1444	16	T	0	0	16	44.6875
A_PB1	1445	16	C	0	0	16	39.3125
A_PB1	1446	16	C	0	0	16	37.8125
A_PB1	1447	16	T	0	0	16	37
A_PB1	1448	16	A	0	0	16	36.4375
A_PB1	1449	16	T	0	0	16	37.875
A_PB1	1450	16	A	0	0	16	39.1875
A_PB1	1451	16	T	0	0	16	40.0625
A_PB1	1452	16	A	0	0	16	38.4375
A_PB1	1453	16	A	0	0	16	38.4375
A_PB1	1454	16	A	0	0	16	40.5625
A_PB1	1455	16	T	0	0	16	37.5625
A_PB1	1456	16	A	0	0	16	39.5
A_PB1	1457	16	A	0	0	16	38.5625
A_PB1	1458	16	G	0	0	16	38.0625
A_PB1	1459	16	A	0	0	16	39.75
A_PB1	1460	16	C	0	0	16	39.375
A_PB1	1461	16	A	0	0	16	39.6875
A_PB1	1462	16	G	0	0	16	37
A_PB1	1463	16	G	0	0	16	37.1875
A_PB1	1464	16	G	0	0	16	36.6875
A_PB1	1465	16	A	0	0	16	36.5625
A_PB1	1466	16	C	0	0	16	37.375
A_PB1	1467	16	A	0	0	16	38
A_PB1	1468	16	T	0	0	16	39.4375
A_PB1	1469	16	T	0	0	16	39.6875
A_PB1	1470	16	T	0	0	16	41.375
A_PB1	1471	16	G	0	0	16	42.8125
A_PB1	1472	16	A	0	0	16	43.25
A_PB1	1473	16	A	0	0	16	42.1875
A_PB1	1474	16	T	0	0	16	41.375
A_PB1	1475	16	T	0	0	16	40.6875
A_PB1	1476	16	C	0	0	16	42.5625
A_PB1	1477	16	A	0	0	16	41.9375
A_PB1	1478	16	C	0	0	16	40.875
A_PB1	1479	16	A	0	0	16	41.8125
A_PB1	1480	16	A	0	0	16	41.875
A_PB1	1481	16	G	0	0	16	40.25
A_PB1	1482	16	C	0	0	16	40.1875
A_PB1	1483	16	T	0	0	16	38.6875
A_PB1	1484	16	T	0	0	16	37.8125
A_PB1	1485	16	T	0	0	16	35.375
A_PB1	1486	16	T	0	0	16	36.5625
A_PB1	1487	16	T	0	0	16	38.0625
A_PB1	1488	16	T	0	0	16	40.5
A_PB1	1489	16	T	0	0	16	40.1875
A_PB1	1490	16	A	0	0	16	40.8125
A_PB1	1491	16	T	0	0	16	42.9375
A_PB1	1492	16	C	0	0	16	39.75
A_PB1	1493	16	G	0	0	16	39.75
A_PB1	1494	16	C	0	0	16	39.6875
A_PB1	1495	16	T	0	0	16	40
A_PB1	1496	16	A	0	0	16	40.0625
A_PB1	1497	16	T	0	0	16	41.0625
A_PB1	1498	16	G	0	0	16	40.375
A_PB1	1499	16	G	0	0	16	40.125
A_PB1	1500	16	A	0	0	16	39.9375
A_PB1	1501	16	T	0	0	16	41.75
A_PB1	1502	16	T	0	0	16	42.4375
A_PB1	1503	16	T	0	0	16	41.5
A_PB1	1504	16	G	0	0	16	43.4375
A_PB1	1505	16	T	0	0	16	40.1875
A_PB1	1506	16	G	0	0	16	39.6875
A_PB1	1507	16	G	0	0	16	39.75
A_PB1	1508	16	C	0	0	16	38.625
A_PB1	1509	16	T	0	0	16	38.3125
A_PB1	1510	16	A	0	0	16	39.375
A_PB1	1511	16	A	0	0	16	38.625
A_PB1	1512	16	T	0	0	16	39.6875
A_PB1	1513	16	T	0	0	16	40.4375
A_PB1	1514	16	T	0	0	16	38.8125
A_PB1	1515	16	T	0	0	16	40.5625
A_PB1	1516	16	A	0	0	16	43
A_PB1	1517	16	G	0	0	16	42.875
A_PB1	1518	16	C	0	0	16	41.9375
A_PB1	1519	16	A	0	0	16	42.1875
A_PB1	1520	16	T	0	0	16	42.75
A_PB1	1521	16	G	0	0	16	41.5
A_PB1	1522	16	G	0	0	16	40.6875
A_PB1	1523	16	A	0	0	16	39.4375
A_PB1	1524	16	G	0	0	16	38.375
A_PB1	1525	16	C	0	0	16	39.375
A_PB1	1526	16	T	0	0	16	39.25
A_PB1	1527	16	A	0	0	16	39.625
A_PB1	1528	16	C	0	0	16	39.5
A_PB1	1529	16	C	0	0	16	39
A_PB1	1530	16	C	0	0	16	38.25
A_PB1	1531	16	A	0	0	16	39.6875
A_PB1	1532	16	G	0	0	16	38.875
A_PB1	1533	16	C	0	0	16	40.8125
A_PB1	1534	16	T	0	0	16	42.0625
A_PB1	1535	16	T	0	0	16	41
A_PB1	1536	16	T	0	0	16	41.625
A_PB1	1537	16	G	0	0	16	40.0625
A_PB1	1538	16	G	0	0	16	41.3125
A_PB1	1539	16	A	0	0	16	41.0625
A_PB1	1540	16	G	0	0	15	40.0666666666667
A_PB1	1541	16	T	0	0	16	39.4375
A_PB1	1542	16	G	0	0	16	41.1875
A_PB1	1543	16	T	0	0	16	39.75
A_PB1	1544	16	C	0	0	16	40.1875
A_PB1	1545	16	T	0	0	16	39.9375
A_PB1	1546	16	G	0	0	16	39.125
A_PB1	1547	16	G	0	0	16	39.0625
A_PB1	1548	16	A	0	0	16	38
A_PB1	1549	16	G	0	0	16	35.3125
A_PB1	1550	16	T	0	0	16	38.125
A_PB1	1551	16	A	0	0	16	38.0625
A_PB1	1552	16	A	0	0	16	37.4375
A_PB1	1553	16	A	0	0	16	39.9375
A_PB1	1554	16	T	0	0	16	39.875
A_PB1	1555	16	G	0	0	16	37.75
A_PB1	1556	16	A	0	0	16	39.0625
A_PB1	1557	16	A	0	0	16	39.3125
A_PB1	1558	16	T	0	0	16	39.8125
A_PB1	1559	16	C	0	0	16	38.1875
A_PB1	1560	16	A	0	0	16	40.4375
A_PB1	1561	16	G	0	0	16	38.3125
A_PB1	1562	16	C	0	0	16	38.8125
A_PB1	1563	16	T	0	0	16	40.3125
A_PB1	1564	16	G	0	0	16	38.6875
A_PB1	1565	16	A	0	0	16	38.1875
A_PB1	1566	16	C	0	0	16	38.25
A_PB1	1567	16	A	0	0	16	36.1875
A_PB1	1568	16	T	0	0	16	37.1875
A_PB1	1569	16	G	0	0	16	35.625
A_PB1	1570	16	A	0	0	16	37.0625
A_PB1	1571	16	G	0	0	16	36
A_PB1	1572	16	T	0	0	16	36.5625
A_PB1	1573	16	A	0	0	16	38.5
A_PB1	1574	16	T	0	0	16	38.125
A_PB1	1575	16	T	0	0	16	39.0625
A_PB1	1576	16	G	0	0	16	37.5625
A_PB1	1577	16	G	0	0	16	39.8125
A_PB1	1578	16	A	0	0	16	39.6875
A_PB1	1579	16	G	0	0	16	39
A_PB1	1580	16	T	0	0	16	41.3125
A_PB1	1581	16	A	0	0	16	40.0625
A_PB1	1582	16	A	0	0	16	40
A_PB1	1583	16	C	0	0	16	41.6875
A_PB1	1584	16	A	0	0	16	43.3125
A_PB1	1585	16	G	0	0	16	41.1875
A_PB1	1586	16	T	0	0	15	40.6
A_PB1	1587	16	G	0	0	15	40.2
A_PB1	1588	16	A	0	0	16	42.1875
A_PB1	1589	16	T	0	0	16	42
A_PB1	1590	16	A	0	0	16	42.125
A_PB1	1591	16	A	0	0	16	42.1875
A_PB1	1592	16	A	0	0	16	43.875
A_PB1	1593	16	G	0	0	16	41.8125
A_PB1	1594	16	A	0	0	16	44.0625
A_PB1	1595	16	A	0	0	16	43.3125
A_PB1	1596	16	C	0	0	16	42.375
A_PB1	1597	16	A	0	0	16	41.125
A_PB1	1598	16	A	0	0	16	40.6875
A_PB1	1599	16	C	0	0	16	41.5625
A_PB1	1600	16	A	0	0	16	40.4375
A_PB1	1601	16	T	0	0	16	40.4375
A_PB1	1602	16	G	0	0	16	39.25
A_PB1	1603	16	A	0	0	16	39.75
A_PB1	1604	16	T	0	0	16	39.6875
A_PB1	1605	16	A	0	0	16	39.25
A_PB1	1606	16	A	0	0	16	39.25
A_PB1	1607	16	A	0	0	16	39.0625
A_PB1	1608	16	C	0	0	16	39.5625
A_PB1	1609	16	A	0	0	16	39.625
A_PB1	1610	16	A	0	0	16	40.6875
A_PB1	1611	16	T	0	0	16	39.4375
A_PB1	1612	16	G	0	0	16	40.0625
A_PB1	1613	16	A	0	0	16	38.625
A_PB1	1614	16	C	0	0	16	40.75
A_PB1	1615	16	C	0	0	16	39.625
A_PB1	1616	16	T	0	0	16	39.875
A_PB1	1617	16	T	0	0	16	38.1875
A_PB1	1618	16	G	0	0	16	38.4375
A_PB1	1619	16	G	0	0	16	38.0625
A_PB1	1620	16	A	0	0	16	37.75
A_PB1	1621	16	C	0	0	16	39.5625
A_PB1	1622	16	C	0	0	16	38.125
A_PB1	1623	16	T	0	0	16	38.6875
A_PB1	1624	16	G	0	0	16	39.875
A_PB1	1625	16	C	0	0	16	40.125
A_PB1	1626	16	A	0	0	16	38.75
A_PB1	1627	16	A	0	0	16	39.9375
A_PB1	1628	16	C	0	0	16	41.75
A_PB1	1629	16	G	0	0	16	40.1875
A_PB1	1630	16	G	0	0	16	39.1875
A_PB1	1631	16	C	0	0	16	39.3125
A_PB1	1632	16	T	0	0	16	40.0625
A_PB1	1633	16	C	0	0	16	42.8125
A_PB1	1634	16	A	0	0	16	41.0625
A_PB1	1635	16	G	0	0	16	39.5625
A_PB1	1636	16	A	0	0	16	40.5625
A_PB1	1637	16	T	0	0	16	38.25
A_PB1	1638	16	G	0	0	16	38.1875
A_PB1	1639	16	G	0	0	16	37.125
A_PB1	1640	16	C	0	0	16	38.5625
A_PB1	1641	16	T	0	0	16	39.375
A_PB1	1642	16	C	0	0	16	37.1875
A_PB1	1643	16	T	0	0	16	38.4375
A_PB1	1644	16	T	0	0	16	37.9375
A_PB1	1645	16	C	0	0	16	36
A_PB1	1646	16	A	0	0	16	35.1875
A_PB1	1647	16	A	0	0	16	32.25
A_PB1	1648	16	T	0	0	16	36.0625
A_PB1	1649	16	T	0	0	16	35.625
A_PB1	1650	16	G	0	0	16	34.9375
A_PB1	1651	16	T	0	0	16	35.375
A_PB1	1652	16	T	0	0	16	36.5625
A_PB1	1653	16	C	0	0	16	36.75
A_PB1	1654	16	A	0	0	16	37.4375
A_PB1	1655	16	T	0	0	16	36.125
A_PB1	1656	16	A	0	0	16	37.0625
A_PB1	1657	16	A	0	0	16	40.75
A_PB1	1658	16	A	0	0	16	40.9375
A_PB1	1659	16	A	0	0	15	40.6
A_PB1	1660	16	G	0	0	15	41.5333333333333
A_PB1	1661	16	A	0	0	15	40.6
A_PB1	1662	16	C	0	0	15	39.4666666666667
A_PB1	1663	16	T	0	0	16	38.25
A_PB1	1664	16	A	0	0	16	38.875
A_PB1	1665	16	C	0	0	16	38.5625
A_PB1	1666	16	A	0	0	16	39.25
A_PB1	1667	16	G	0	0	16	37.5
A_PB1	1668	16	A	0	0	16	37.3125
A_PB1	1669	16	T	0	0	16	38.375
A_PB1	1670	16	A	0	0	16	38.9375
A_PB1	1671	16	C	0	0	16	41.125
A_PB1	1672	16	A	0	0	16	40.3125
A_PB1	1673	16	C	0	0	16	40.875
A_PB1	1674	16	A	0	0	16	40.9375
A_PB1	1675	16	T	0	0	16	40.4375
A_PB1	1676	16	A	0	0	16	41.5
A_PB1	1677	16	T	0	0	16	41.3125
A_PB1	1678	16	A	0	0	16	41.25
A_PB1	1679	16	G	0	0	16	41.125
A_PB1	1680	16	G	0	0	16	41.0625
A_PB1	1681	16	T	0	0	16	42.125
A_PB1	1682	16	G	0	0	16	40.875
A_PB1	1683	16	T	0	0	16	38.9375
A_PB1	1684	16	C	0	0	16	37.625
A_PB1	1685	16	A	0	0	16	37.6875
A_PB1	1686	16	T	0	0	16	34.25
A_PB1	1687	16	A	0	0	16	30.6875
A_PB1	1688	16	G	0	0	16	33.5
A_PB1	1689	16	G	0	0	16	34.375
A_PB1	1690	16	G	0	0	16	34.1875
A_PB1	1691	16	G	0	0	16	34.3125
A_PB1	1692	16	A	0	0	16	35.6875
A_PB1	1693	16	G	0	0	16	36.625
A_PB1	1694	16	A	0	0	16	35.6875
A_PB1	1695	16	C	0	0	16	37.9375
A_PB1	1696	16	A	0	0	16	37
A_PB1	1697	15	C	1	0	15	32.4666666666667
A_PB1	1698	16	A	0	0	16	33.5
A_PB1	1699	16	C	0	0	16	36.5625
A_PB1	1700	16	A	0	0	16	38.5
A_PB1	1701	16	A	0	0	16	40.8125
A_PB1	1702	16	A	0	0	16	40.3125
A_PB1	1703	16	T	0	0	16	39.9375
A_PB1	1704	16	T	0	0	16	39.75
A_PB1	1705	16	C	0	0	16	38.625
A_PB1	1706	16	A	0	0	16	37.4375
A_PB1	1707	16	A	0	0	16	37.75
A_PB1	1708	16	A	0	0	16	38.3125
A_PB1	1709	16	C	0	0	16	38.25
A_PB1	1710	16	G	0	0	16	37.625
A_PB1	1711	16	A	0	0	16	38
A_PB1	1712	16	G	0	0	16	38.8125
A_PB1	1713	16	A	0	0	16	38.5
A_PB1	1714	16	A	0	0	15	36.4
A_PB1	1715	16	G	0	0	16	37.9375
A_PB1	1716	16	A	0	0	16	36.4375
A_PB1	1717	16	T	0	0	16	36
A_PB1	1718	16	C	0	0	16	38.375
A_PB1	1719	16	A	0	0	16	37.125
A_PB1	1720	16	T	0	0	16	39.25
A_PB1	1721	16	T	0	0	16	39.6875
A_PB1	1722	16	T	0	0	16	40.1875
A_PB1	1723	16	G	0	0	15	40.6
A_PB1	1724	16	A	0	0	16	38.9375
A_PB1	1725	16	G	0	0	16	39.4375
A_PB1	1726	16	T	0	0	16	38.375
A_PB1	1727	16	T	0	0	16	38.625
A_PB1	1728	17	G	0	0	17	39.8823529411765
A_PB1	1729	17	A	0	0	17	39.3529411764706
A_PB1	1730	17	A	0	0	17	39.5294117647059
A_PB1	1731	17	G	0	0	17	37.4705882352941
A_PB1	1732	17	A	0	0	17	38.7058823529412
A_PB1	1733	17	A	0	0	17	38.8235294117647
A_PB1	1734	17	G	0	0	17	39.1176470588235
A_PB1	1735	17	C	0	0	17	37.8823529411765
A_PB1	1736	17	T	0	0	17	38.4117647058824
A_PB1	1737	17	A	0	0	17	38.4705882352941
A_PB1	1738	17	T	0	0	17	35.8823529411765
A_PB1	1739	16	G	1	0	15	35.8
A_PB1	1740	17	G	0	0	16	36.6875
A_PB1	1741	17	G	0	0	17	34.3529411764706
A_PB1	1742	16	A	1	0	16	38.375
A_PB1	1743	16	T	1	0	15	42.2666666666667
A_PB1	1744	16	C	1	0	15	43.6
A_PB1	1745	17	A	0	0	17	38
A_PB1	1746	17	A	0	0	17	37.2352941176471
A_PB1	1747	17	A	0	0	16	41.625
A_PB1	1748	17	C	0	0	17	40.4117647058824
A_PB1	1749	17	C	0	0	17	39.5882352941176
A_PB1	1750	17	C	0	0	17	42
A_PB1	1751	17	A	0	0	17	38.7647058823529
A_PB1	1752	17	A	0	0	17	41.9411764705882
A_PB1	1753	17	T	0	0	17	41.8235294117647
A_PB1	1754	17	C	0	0	17	42.6470588235294
A_PB1	1755	17	A	0	0	17	41.2352941176471
A_PB1	1756	17	A	0	0	17	44.8235294117647
A_PB1	1757	17	A	0	0	17	43
A_PB1	1758	17	A	0	0	16	42.4375
A_PB1	1759	17	G	0	0	16	43.1875
A_PB1	1760	17	T	0	0	17	41.8235294117647
A_PB1	1761	16	A	1	0	16	40.75
A_PB1	1762	16	G	1	0	16	39.625
A_PB1	1763	16	G	1	0	16	38.625
A_PB1	1764	17	G	0	0	17	38.4705882352941
A_PB1	1765	17	C	0	0	17	37.1764705882353
A_PB1	1766	17	T	0	0	17	36.9411764705882
A_PB1	1767	17	A	0	0	17	39
A_PB1	1768	17	T	0	0	17	40.1176470588235
A_PB1	1769	17	T	0	0	17	41.1764705882353
A_PB1	1770	17	A	0	0	17	39.4705882352941
A_PB1	1771	17	G	0	0	17	39.7058823529412
A_PB1	1772	17	T	0	0	17	40.5882352941176
A_PB1	1773	17	A	0	0	17	40.2941176470588
A_PB1	1774	17	T	0	0	17	40.5882352941176
A_PB1	1775	17	C	0	0	17	39.5882352941176
A_PB1	1776	17	A	0	0	17	39.4117647058824
A_PB1	1777	17	G	0	0	17	39.7058823529412
A_PB1	1778	17	A	0	0	17	39.5294117647059
A_PB1	1779	17	T	0	0	17	39.1176470588235
A_PB1	1780	17	G	0	0	17	36.1764705882353
A_PB1	1781	17	G	0	0	17	36.5882352941176
A_PB1	1782	17	A	0	0	17	34.4705882352941
A_PB1	1783	17	G	0	0	17	35
A_PB1	1784	17	G	0	0	17	36.0588235294118
A_PB1	1785	17	A	0	0	17	35.1764705882353
A_PB1	1786	17	C	0	0	17	36
A_PB1	1787	17	C	0	0	17	37.0588235294118
A_PB1	1788	17	A	0	0	17	37.1764705882353
A_PB1	1789	17	A	0	0	17	39.7058823529412
A_PB1	1790	17	A	0	0	17	40.3529411764706
A_PB1	1791	17	C	0	0	17	41.2352941176471
A_PB1	1792	17	T	0	0	17	40.2352941176471
A_PB1	1793	17	T	0	0	17	41.5294117647059
A_PB1	1794	17	A	0	0	17	38.7647058823529
A_PB1	1795	17	T	0	0	17	36.1176470588235
A_PB1	1796	17	A	0	0	17	30.3529411764706
A_PB1	1797	17	C	0	0	17	30.1764705882353
A_PB1	1798	17	A	0	0	17	32.7058823529412
A_PB1	1799	17	A	0	0	17	33.9411764705882
A_PB1	1800	17	C	0	0	17	36.1764705882353
A_PB1	1801	17	A	0	0	17	37.4705882352941
A_PB1	1802	17	T	0	0	17	38.0588235294118
A_PB1	1803	17	A	0	0	17	36.4705882352941
A_PB1	1804	17	C	0	0	17	36.1764705882353
A_PB1	1805	17	G	0	0	17	37.8823529411765
A_PB1	1806	17	G	0	0	17	36.5294117647059
A_PB1	1807	17	A	0	0	17	37.0588235294118
A_PB1	1808	17	A	0	0	17	35.7058823529412
A_PB1	1809	17	T	0	0	17	37.9411764705882
A_PB1	1810	17	C	0	0	17	37.6470588235294
A_PB1	1811	17	T	0	0	17	38.6470588235294
A_PB1	1812	17	T	0	0	17	38.4117647058824
A_PB1	1813	17	C	0	0	17	38.8823529411765
A_PB1	1814	17	A	0	0	17	36.7647058823529
A_PB1	1815	17	C	0	0	17	38
A_PB1	1816	17	A	0	0	17	41.2941176470588
A_PB1	1817	17	T	0	0	17	40.2941176470588
A_PB1	1818	17	C	0	0	17	39.5294117647059
A_PB1	1819	17	C	0	0	17	41.2941176470588
A_PB1	1820	17	C	0	0	17	38.3529411764706
A_PB1	1821	17	T	0	0	17	33.8235294117647
A_PB1	1822	15	G	2	0	15	36.2
A_PB1	1823	17	A	0	0	17	33.6470588235294
A_PB1	1824	17	A	0	0	17	33.2352941176471
A_PB1	1825	17	G	0	0	17	33.4117647058824
A_PB1	1826	17	T	0	0	17	35.0588235294118
A_PB1	1827	17	C	0	0	17	33.9411764705882
A_PB1	1828	17	T	0	0	17	33.1176470588235
A_PB1	1829	17	G	0	0	17	33.5294117647059
A_PB1	1830	17	T	0	0	17	33.0588235294118
A_PB1	1831	17	T	0	0	17	33.7058823529412
A_PB1	1832	17	T	0	0	17	32.2352941176471
A_PB1	1833	16	A	1	0	16	29.0625
A_PB1	1834	17	A	0	0	15	31.4
A_PB1	1835	17	A	0	0	16	30
A_PB1	1836	17	A	0	0	16	31.9375
A_PB1	1837	17	T	0	0	17	32.3529411764706
A_PB1	1838	15	G	2	0	15	32.6666666666667
A_PB1	1839	17	G	0	0	17	30.7647058823529
A_PB1	1840	17	G	0	0	17	30.4705882352941
A_PB1	1841	17	A	0	0	17	31.9411764705882
A_PB1	1842	17	G	0	0	17	30.7058823529412
A_PB1	1843	17	C	0	0	17	31.1764705882353
A_PB1	1844	17	T	0	0	17	32.3529411764706
A_PB1	1845	17	A	0	0	17	35
A_PB1	1846	17	A	0	0	17	34.9411764705882
A_PB1	1847	17	T	0	0	17	34.7647058823529
A_PB1	1848	17	G	0	0	17	36.4117647058824
A_PB1	1849	17	G	0	0	17	35.9411764705882
A_PB1	1850	17	A	0	0	17	35.2941176470588
A_PB1	1851	17	T	0	0	17	36.2352941176471
A_PB1	1852	17	G	0	0	17	38.8235294117647
A_PB1	1853	17	A	0	0	17	37.4705882352941
A_PB1	1854	17	T	0	0	17	39.3529411764706
A_PB1	1855	17	G	0	0	17	41
A_PB1	1856	17	A	0	0	17	41.7647058823529
A_PB1	1857	17	T	0	0	17	41
A_PB1	1858	17	T	0	0	17	41.3529411764706
A_PB1	1859	17	A	0	0	17	41.1764705882353
A_PB1	1860	17	T	0	0	17	41
A_PB1	1861	17	C	0	0	17	38.1764705882353
A_PB1	1862	16	G	1	0	15	38.8666666666667
A_PB1	1863	16	G	1	0	16	36.4375
A_PB1	1864	17	G	0	0	17	36
A_PB1	1865	17	G	0	0	17	38.7058823529412
A_PB1	1866	17	A	0	0	16	37.9375
A_PB1	1867	17	A	0	0	17	40.5294117647059
A_PB1	1868	17	G	0	0	17	41
A_PB1	1869	16	A	0	0	15	43.4666666666667
A_PB1	1870	16	C	0	0	14	40.4285714285714
A_PB1	1871	16	T	0	0	16	39.75
A_PB1	1872	16	T	0	0	16	40.125
A_PB1	1873	16	T	0	0	16	42.5625
A_PB1	1874	16	G	0	0	16	40.4375
A_PB1	1875	16	T	0	0	15	43.2666666666667
A_PB1	1876	16	A	0	0	16	43.0625
A_PB1	1877	15	A	1	0	15	43.4
A_PB1	1878	15	T	1	0	15	44.0666666666667
A_PB1	1879	15	C	1	0	15	41.7333333333333
A_PB1	1880	16	C	0	0	15	43.6
A_PB1	1881	16	C	0	0	16	42.5625
A_PB1	1882	16	C	0	0	16	41.6875
A_PB1	1883	16	T	0	0	16	41.625
A_PB1	1884	16	A	0	0	16	40.375
A_PB1	1885	16	A	0	0	16	40.375
A_PB1	1886	16	A	0	0	16	38.875
A_PB1	1887	16	T	0	0	16	42.9375
A_PB1	1888	16	C	0	0	16	41.625
A_PB1	1889	16	C	0	0	16	41.4375
A_PB1	1890	16	C	0	0	16	40.3125
A_PB1	1891	16	T	0	0	16	38.3125
A_PB1	1892	16	T	0	0	16	39.625
A_PB1	1893	16	T	0	0	16	40.1875
A_PB1	1894	16	G	0	0	16	39.5625
A_PB1	1895	16	T	0	0	16	41.75
A_PB1	1896	16	G	0	0	16	40.75
A_PB1	1897	16	A	0	0	16	39.4375
A_PB1	1898	16	G	0	0	16	39.625
A_PB1	1899	16	T	0	0	16	39.3125
A_PB1	1900	16	C	0	0	16	38.25
A_PB1	1901	16	A	0	0	16	36.875
A_PB1	1902	16	T	0	0	16	35.75
A_PB1	1903	15	A	1	0	15	37
A_PB1	1904	16	A	0	0	16	35.875
A_PB1	1905	16	G	0	0	16	33.9375
A_PB1	1906	16	G	0	0	16	35.9375
A_PB1	1907	17	A	0	0	17	37.2352941176471
A_PB1	1908	17	G	0	0	17	38
A_PB1	1909	17	A	0	0	17	37.0588235294118
A_PB1	1910	17	T	0	0	17	37.1176470588235
A_PB1	1911	17	T	0	0	17	40.4705882352941
A_PB1	1912	17	G	0	0	17	40.1176470588235
A_PB1	1913	17	A	0	0	17	39.5294117647059
A_PB1	1914	17	C	0	0	17	43.6470588235294
A_PB1	1915	17	T	0	0	17	42.2352941176471
A_PB1	1916	17	C	0	0	17	41.4117647058824
A_PB1	1917	17	T	0	0	17	42
A_PB1	1918	17	G	0	0	17	42
A_PB1	1919	17	T	0	0	17	39.7647058823529
A_PB1	1920	17	A	0	0	17	38.8823529411765
A_PB1	1921	17	A	0	0	17	40.8823529411765
A_PB1	1922	17	A	0	0	17	41.5882352941176
A_PB1	1923	17	T	0	0	17	41.0588235294118
A_PB1	1924	17	A	0	0	17	41.2941176470588
A_PB1	1925	17	A	0	0	17	41.9411764705882
A_PB1	1926	17	T	0	0	17	41.9411764705882
A_PB1	1927	17	G	0	0	17	40.4705882352941
A_PB1	1928	17	C	0	0	17	40.5882352941176
A_PB1	1929	17	T	0	0	17	42.0588235294118
A_PB1	1930	17	G	0	0	17	42.2352941176471
A_PB1	1931	17	T	0	0	17	41
A_PB1	1932	17	G	0	0	17	40.7058823529412
A_PB1	1933	17	G	0	0	17	40.5294117647059
A_PB1	1934	17	T	0	0	17	39.9411764705882
A_PB1	1935	17	A	0	0	17	38.3529411764706
A_PB1	1936	17	A	0	0	17	37
A_PB1	1937	17	T	0	0	17	37.2352941176471
A_PB1	1938	17	G	0	0	17	36.8235294117647
A_PB1	1939	17	C	0	0	17	38.3529411764706
A_PB1	1940	17	C	0	0	17	40
A_PB1	1941	17	T	0	0	17	40.7058823529412
A_PB1	1942	17	G	0	0	17	38.0588235294118
A_PB1	1943	17	C	0	0	17	38.7647058823529
A_PB1	1944	17	C	0	0	17	37.8823529411765
A_PB1	1945	17	C	0	0	17	38.9411764705882
A_PB1	1946	17	A	0	0	17	35.6470588235294
A_PB1	1947	17	T	0	0	17	41.5882352941176
A_PB1	1948	17	G	0	0	17	41.9411764705882
A_PB1	1949	17	G	0	0	17	40.8823529411765
A_PB1	1950	17	C	0	0	17	41
A_PB1	1951	17	C	0	0	17	41
A_PB1	1952	17	C	0	0	17	39.7058823529412
A_PB1	1953	17	A	0	0	17	37.7647058823529
A_PB1	1954	17	G	0	0	17	37.8235294117647
A_PB1	1955	17	C	0	0	17	36.4117647058824
A_PB1	1956	17	C	0	0	17	36.5882352941176
A_PB1	1957	17	A	0	0	17	37.2352941176471
A_PB1	1958	18	A	0	0	18	37.7777777777778
A_PB1	1959	18	A	0	0	18	39
A_PB1	1960	18	A	0	0	18	38.4444444444444
A_PB1	1961	18	G	0	0	18	39.3333333333333
A_PB1	1962	18	C	0	0	18	37.5555555555556
A_PB1	1963	18	A	0	0	18	34.3888888888889
A_PB1	1964	18	T	0	0	18	33.9444444444444
A_PB1	1965	18	G	0	0	18	36.1111111111111
A_PB1	1966	18	G	0	0	18	37.0555555555556
A_PB1	1967	18	A	0	0	18	38
A_PB1	1968	18	A	0	0	18	40.8333333333333
A_PB1	1969	18	T	0	0	18	42.7222222222222
A_PB1	1970	18	A	0	0	18	40.6666666666667
A_PB1	1971	18	T	0	0	18	40.6111111111111
A_PB1	1972	18	G	0	0	18	40.1111111111111
A_PB1	1973	18	A	0	0	18	38.2777777777778
A_PB1	1974	18	T	0	0	18	37.5555555555556
A_PB1	1975	18	G	0	0	18	36.1111111111111
A_PB1	1976	18	C	0	0	18	37.7222222222222
A_PB1	1977	18	C	0	0	18	37.8888888888889
A_PB1	1978	18	G	0	0	17	34.7647058823529
A_PB1	1979	18	T	0	0	17	34.5882352941176
A_PB1	1980	18	C	0	0	18	34.1111111111111
A_PB1	1981	18	G	0	0	18	33.3333333333333
A_PB1	1982	18	C	0	0	18	30
A_PB1	1983	17	T	1	0	17	31.9411764705882
A_PB1	1984	18	A	0	0	18	32.0555555555556
A_PB1	1985	18	C	0	0	18	33.6666666666667
A_PB1	1986	18	T	0	0	17	38.2352941176471
A_PB1	1987	18	A	0	0	18	36.1111111111111
A_PB1	1988	18	C	0	0	18	36.3333333333333
A_PB1	1989	18	A	0	0	18	36.5
A_PB1	1990	18	C	0	0	18	36.1111111111111
A_PB1	1991	18	A	0	0	18	36.1111111111111
A_PB1	1992	18	T	0	0	18	34.7777777777778
A_PB1	1993	18	T	0	0	18	35.8333333333333
A_PB1	1994	18	C	0	0	18	35.1111111111111
A_PB1	1995	18	C	0	0	18	33.1666666666667
A_PB1	1996	18	T	0	0	18	37.5
A_PB1	1997	18	G	0	0	18	36.9444444444444
A_PB1	1998	18	G	0	0	18	36.0555555555556
A_PB1	1999	18	A	0	0	18	37.3888888888889
A_PB1	2000	18	T	0	0	18	38.5
A_PB1	2001	18	T	0	0	18	38.3333333333333
A_PB1	2002	18	C	0	0	18	38.7222222222222
A_PB1	2003	18	C	0	0	18	39.3888888888889
A_PB1	2004	18	C	0	0	18	37.8333333333333
A_PB1	2005	18	A	0	0	18	37.2777777777778
A_PB1	2006	18	A	0	0	18	38.2222222222222
A_PB1	2007	18	G	0	0	18	40
A_PB1	2008	18	A	0	0	18	38.6666666666667
A_PB1	2009	18	G	0	0	17	38.9411764705882
A_PB1	2010	18	G	0	0	18	40.6666666666667
A_PB1	2011	18	A	0	0	18	38.8333333333333
A_PB1	2012	18	A	0	0	17	39.2941176470588
A_PB1	2013	18	T	0	0	18	40.3888888888889
A_PB1	2014	18	C	0	0	17	36.2352941176471
A_PB1	2015	18	G	0	0	18	36.0555555555556
A_PB1	2016	18	T	0	0	18	37
A_PB1	2017	18	T	0	0	18	36.6111111111111
A_PB1	2018	18	C	0	0	17	37.8823529411765
A_PB1	2019	19	T	0	0	18	39.1111111111111
A_PB1	2020	19	A	0	0	19	38.5789473684211
A_PB1	2021	19	T	0	0	19	39.1578947368421
A_PB1	2022	19	T	0	0	19	40.1578947368421
A_PB1	2023	19	C	0	0	19	39.4210526315789
A_PB1	2024	19	T	0	0	19	38.4736842105263
A_PB1	2025	19	C	0	0	19	38.8947368421053
A_PB1	2026	19	A	0	0	19	39.9473684210526
A_PB1	2027	19	A	0	0	19	40.2105263157895
A_PB1	2028	19	C	0	0	19	41
A_PB1	2029	19	A	0	0	19	41.7368421052632
A_PB1	2030	19	C	0	0	19	42.1578947368421
A_PB1	2031	19	A	0	0	18	40.5555555555556
A_PB1	2032	19	A	0	0	19	40.1052631578947
A_PB1	2033	19	G	0	0	19	40.7894736842105
A_PB1	2034	19	C	0	0	19	41.7894736842105
A_PB1	2035	19	C	0	0	19	40.1052631578947
A_PB1	2036	19	A	0	0	19	39.9473684210526
A_PB1	2037	19	A	0	0	19	40.7894736842105
A_PB1	2038	19	A	0	0	19	41.0526315789474
A_PB1	2039	19	G	0	0	19	41.5263157894737
A_PB1	2040	19	G	0	0	19	42
A_PB1	2041	19	G	0	0	19	41.4210526315789
A_PB1	2042	19	G	0	0	18	40.8333333333333
A_PB1	2043	19	A	0	0	19	40.8421052631579
A_PB1	2044	19	A	0	0	19	38.3684210526316
A_PB1	2045	19	T	0	0	19	37.4736842105263
A_PB1	2046	19	T	0	0	19	36.5263157894737
A_PB1	2047	19	C	0	0	19	37.4210526315789
A_PB1	2048	19	T	0	0	19	37.0526315789474
A_PB1	2049	18	T	1	0	18	37.9444444444444
A_PB1	2050	18	G	1	0	18	39.2222222222222
A_PB1	2051	19	A	0	0	19	39.2105263157895
A_PB1	2052	19	G	0	0	19	41.5789473684211
A_PB1	2053	19	G	0	0	19	38.5789473684211
A_PB1	2054	19	A	0	0	19	39.7894736842105
A_PB1	2055	19	T	0	0	19	41.3684210526316
A_PB1	2056	19	G	0	0	19	39.2631578947368
A_PB1	2057	19	A	0	0	19	39.1052631578947
A_PB1	2058	19	A	0	0	19	40.5789473684211
A_PB1	2059	19	C	0	0	19	38.4736842105263
A_PB1	2060	19	A	0	0	19	38.0526315789474
A_PB1	2061	19	G	0	0	19	38.4736842105263
A_PB1	2062	19	A	0	0	19	38.7894736842105
A_PB1	2063	19	T	0	0	19	36.6842105263158
A_PB1	2064	19	G	0	0	19	38.3157894736842
A_PB1	2065	19	T	0	0	19	39.2105263157895
A_PB1	2066	19	A	0	0	19	38.5263157894737
A_PB1	2067	19	C	0	0	19	39.3684210526316
A_PB1	2068	19	C	0	0	19	37.7894736842105
A_PB1	2069	19	A	0	0	19	40.1052631578947
A_PB1	2070	19	G	0	0	19	40
A_PB1	2071	19	A	0	0	19	38.7894736842105
A_PB1	2072	19	A	0	0	19	39.8947368421053
A_PB1	2073	19	G	0	0	19	41.5263157894737
A_PB1	2074	19	T	0	0	19	42.4736842105263
A_PB1	2075	19	G	0	0	19	40.5263157894737
A_PB1	2076	19	T	0	0	19	42.3684210526316
A_PB1	2077	19	T	0	0	19	41.8947368421053
A_PB1	2078	19	G	0	0	19	40.3157894736842
A_PB1	2079	19	C	0	0	19	41.4210526315789
A_PB1	2080	19	A	0	0	19	41.4210526315789
A_PB1	2081	19	A	0	0	19	42.3684210526316
A_PB1	2082	19	T	0	0	19	40.7368421052632
A_PB1	2083	19	T	0	0	19	41.7894736842105
A_PB1	2084	20	T	0	0	20	41.75
A_PB1	2085	22	A	0	0	22	40.2272727272727
A_PB1	2086	22	T	0	0	22	39.5
A_PB1	2087	22	T	0	0	21	38.9523809523809
A_PB1	2088	22	C	0	0	21	37.9047619047619
A_PB1	2089	22	G	0	0	22	36.7272727272727
A_PB1	2090	22	A	0	0	22	36.5909090909091
A_PB1	2091	22	G	0	0	22	37.7727272727273
A_PB1	2092	22	A	0	0	22	38.2727272727273
A_PB1	2093	22	A	0	0	22	37.3181818181818
A_PB1	2094	22	A	0	0	22	37.7727272727273
A_PB1	2095	21	T	1	0	21	40.4761904761905
A_PB1	2096	21	T	1	0	21	40.3809523809524
A_PB1	2097	22	T	0	0	22	38.5
A_PB1	2098	22	T	0	0	22	38.8636363636364
A_PB1	2099	22	T	0	0	22	38.1363636363636
A_PB1	2100	22	C	0	0	22	37.2272727272727
A_PB1	2101	22	C	0	0	22	36.2272727272727
A_PB1	2102	22	C	0	0	22	34.8181818181818
A_PB1	2103	22	T	0	0	22	32
A_PB1	2104	22	A	0	0	22	36
A_PB1	2105	22	G	0	0	22	40.5
A_PB1	2106	22	C	0	0	22	41.5909090909091
A_PB1	2107	22	A	0	0	22	42.4545454545455
A_PB1	2108	22	G	0	0	22	41.8636363636364
A_PB1	2109	22	T	0	0	22	42.3636363636364
A_PB1	2110	22	T	0	0	22	41.2272727272727
A_PB1	2111	22	C	0	0	22	40.4090909090909
A_PB1	2112	22	A	0	0	22	38.3636363636364
A_PB1	2113	22	T	0	0	21	38.2380952380952
A_PB1	2114	22	A	0	0	22	39.3181818181818
A_PB1	2115	22	T	0	0	22	40.5909090909091
A_PB1	2116	23	A	0	0	23	40.4782608695652
A_PB1	2117	23	G	0	0	23	40.0869565217391
A_PB1	2118	24	G	0	0	24	40.375
A_PB1	2119	24	A	0	0	24	40.0833333333333
A_PB1	2120	24	G	0	0	24	41.7083333333333
A_PB1	2121	24	A	0	0	24	42.2916666666667
A_PB1	2122	24	C	0	0	24	43.4166666666667
A_PB1	2123	24	C	0	0	23	41.2608695652174
A_PB1	2124	24	G	0	0	24	40.375
A_PB1	2125	24	G	0	0	24	40.4166666666667
A_PB1	2126	24	T	0	0	24	41.8333333333333
A_PB1	2127	24	T	0	0	24	40.2916666666667
A_PB1	2128	24	G	0	0	24	40.5416666666667
A_PB1	2129	24	G	0	0	24	40.25
A_PB1	2130	24	A	0	0	24	40.4166666666667
A_PB1	2131	24	A	0	0	24	40.0416666666667
A_PB1	2132	24	T	0	0	24	40.2916666666667
A_PB1	2133	24	T	0	0	24	41.5
A_PB1	2134	24	T	0	0	24	42.2916666666667
A_PB1	2135	24	C	0	0	24	41.4166666666667
A_PB1	2136	24	T	0	0	24	41.5833333333333
A_PB1	2137	24	A	0	0	24	40.3333333333333
A_PB1	2138	24	G	0	0	24	39.875
A_PB1	2139	24	C	0	0	24	40.0833333333333
A_PB1	2140	24	A	0	0	24	40.2916666666667
A_PB1	2141	24	T	0	0	24	39.2083333333333
A_PB1	2142	24	G	0	0	24	38.4166666666667
A_PB1	2143	24	G	0	0	24	39.875
A_PB1	2144	24	T	0	0	24	39.75
A_PB1	2145	24	G	0	0	24	41.375
A_PB1	2146	24	G	0	0	24	41.0416666666667
A_PB1	2147	24	A	0	0	24	40.75
A_PB1	2148	24	G	0	0	24	40.7916666666667
A_PB1	2149	24	G	0	0	24	42.2083333333333
A_PB1	2150	24	C	0	0	24	42.5833333333333
A_PB1	2151	24	C	0	0	24	40.4166666666667
A_PB1	2152	24	A	0	0	24	41.4166666666667
A_PB1	2153	24	T	0	0	24	42.4583333333333
A_PB1	2154	24	G	0	0	23	40.8695652173913
A_PB1	2155	24	G	0	0	24	39.125
A_PB1	2156	24	T	0	0	24	38.1666666666667
A_PB1	2157	24	G	0	0	24	37.75
A_PB1	2158	24	T	0	0	24	39.2083333333333
A_PB1	2159	24	C	0	0	24	38.2083333333333
A_PB1	2160	24	T	0	0	24	37.9166666666667
A_PB1	2161	24	A	0	0	24	38.0416666666667
A_PB1	2162	24	G	0	0	24	37.875
A_PB1	2163	24	G	0	0	24	38.5416666666667
A_PB1	2164	24	G	0	0	24	38.375
A_PB1	2165	23	C	1	0	23	39.5217391304348
A_PB1	2166	24	C	0	0	24	40.375
A_PB1	2167	24	C	0	0	24	40.0833333333333
A_PB1	2168	24	G	0	0	24	38.7083333333333
A_PB1	2169	24	G	0	0	23	39.5217391304348
A_PB1	2170	24	A	0	0	24	39.1666666666667
A_PB1	2171	24	T	0	0	24	39.75
A_PB1	2172	24	T	0	0	24	39.1666666666667
A_PB1	2173	24	G	0	0	24	37.5416666666667
A_PB1	2174	24	A	0	0	24	37.4166666666667
A_PB1	2175	24	T	0	0	24	38.5416666666667
A_PB1	2176	24	G	0	0	24	37.75
A_PB1	2177	24	C	0	0	23	38.0869565217391
A_PB1	2178	24	C	0	0	24	36.875
A_PB1	2179	24	A	0	0	24	33.5
A_PB1	2180	24	G	0	0	23	34.304347826087
A_PB1	2181	24	A	0	0	24	34.5833333333333
A_PB1	2182	24	G	0	0	24	34.125
A_PB1	2183	24	T	0	0	23	35.1304347826087
A_PB1	2184	23	C	1	0	23	36.3478260869565
A_PB1	2185	24	G	0	0	22	38.6363636363636
A_PB1	2186	24	A	0	0	23	37.0434782608696
A_PB1	2187	24	C	0	0	24	36.125
A_PB1	2188	24	T	0	0	23	35.1304347826087
A_PB1	2189	24	T	0	0	24	36.4166666666667
A_PB1	2190	24	T	0	0	24	34.7916666666667
A_PB1	2191	23	G	1	0	23	35.3913043478261
A_PB1	2192	24	A	0	0	24	35.6666666666667
A_PB1	2193	24	A	0	0	24	37.4166666666667
A_PB1	2194	24	T	0	0	24	37.625
A_PB1	2195	24	C	0	0	23	36.9565217391304
A_PB1	2196	24	T	0	0	24	37.2083333333333
A_PB1	2197	24	G	0	0	24	35.25
A_PB1	2198	24	G	0	0	24	37.125
A_PB1	2199	24	A	0	0	24	37.75
A_PB1	2200	24	C	0	0	23	37.4782608695652
A_PB1	2201	24	G	0	0	24	37.4166666666667
A_PB1	2202	24	G	0	0	24	36.3333333333333
A_PB1	2203	24	A	0	0	24	35.8333333333333
A_PB1	2204	24	T	0	0	24	35.8333333333333
A_PB1	2205	24	T	0	0	24	36.2916666666667
A_PB1	2206	23	A	1	0	23	35
A_PB1	2207	23	A	1	0	23	34.4347826086956
A_PB1	2208	23	G	1	0	23	34.3913043478261
A_PB1	2209	23	A	1	0	23	33.695652173913
A_PB1	2210	24	A	0	0	24	32.6666666666667
A_PB1	2211	24	A	0	0	24	33.0833333333333
A_PB1	2212	24	G	0	0	24	31.0833333333333
A_PB1	2213	24	A	0	0	24	31.5
A_PB1	2214	24	A	0	0	24	32.375
A_PB1	2215	24	G	0	0	24	33.5
A_PB1	2216	24	A	1	0	24	35
A_PB1	2217	25	A	0	0	24	35.5416666666667
A_PB1	2218	25	T	0	0	25	35.6
A_PB1	2219	22	T	3	0	22	36.5
A_PB1	2220	22	C	3	0	22	37.0454545454545
A_PB1	2221	24	T	1	0	24	36.1666666666667
A_PB1	2222	24	C	1	0	24	37.3333333333333
A_PB1	2223	25	T	0	0	25	37.48
A_PB1	2224	25	G	0	0	25	37.88
A_PB1	2225	25	A	0	0	25	38.64
A_PB1	2226	25	G	0	0	25	39.48
A_PB1	2227	25	A	0	0	25	39.24
A_PB1	2228	25	T	0	0	25	39.6
A_PB1	2229	25	C	0	0	25	38.92
A_PB1	2230	25	A	0	0	25	38.36
A_PB1	2231	25	T	0	0	25	39.88
A_PB1	2232	25	G	0	0	25	38.28
A_PB1	2233	25	A	0	0	25	40.56
A_PB1	2234	25	A	0	0	25	40.48
A_PB1	2235	25	G	0	0	24	40.4166666666667
A_PB1	2236	25	A	0	0	25	41.24
A_PB1	2237	25	T	0	0	24	42.1666666666667
A_PB1	2238	25	C	0	0	24	41.25
A_PB1	2239	25	T	0	0	25	41.08
A_PB1	2240	25	G	0	0	25	40.6
A_PB1	2241	25	T	0	0	25	41.44
A_PB1	2242	25	T	0	0	25	42
A_PB1	2243	25	C	0	0	25	42
A_PB1	2244	25	C	0	0	25	42.44
A_PB1	2245	25	A	0	0	25	42.48
A_PB1	2246	25	C	0	0	25	43.64
A_PB1	2247	25	C	0	0	25	41.16
A_PB1	2248	25	A	0	0	25	42.32
A_PB1	2249	25	T	0	0	25	41.52
A_PB1	2250	25	T	0	0	25	41.6
A_PB1	2251	25	G	0	0	25	42.08
A_PB1	2252	25	A	0	0	25	40.76
A_PB1	2253	25	A	0	0	23	41.5652173913044
A_PB1	2254	25	G	0	0	23	42.0434782608696
A_PB1	2255	25	A	0	0	25	41.72
A_PB1	2256	25	A	0	0	25	43.24
A_PB1	2257	25	C	0	0	24	43.0833333333333
A_PB1	2258	25	T	0	0	24	43.7083333333333
A_PB1	2259	25	C	0	0	24	41.5416666666667
A_PB1	2260	25	A	0	0	25	40.08
A_PB1	2261	25	G	0	0	25	38.76
A_PB1	2262	25	A	0	0	25	40.72
A_PB1	2263	25	C	0	0	24	40.25
A_PB1	2264	25	G	0	0	25	40.16
A_PB1	2265	25	G	0	0	25	39.56
A_PB1	2266	25	C	0	0	25	39.44
A_PB1	2267	25	A	0	0	25	39.72
A_PB1	2268	25	A	0	0	25	41.72
A_PB1	2269	25	A	0	0	25	42.2
A_PB1	2270	25	G	0	0	25	39.92
A_PB1	2271	25	A	0	0	25	41.92
A_PB1	2272	25	T	0	0	25	39.64
A_PB1	2273	25	A	0	0	25	37.84
A_PB1	2274	25	A	0	0	25	38.64
