Reference_Name	Position	Coverage Depth	Consensus	Deletions	Ambiguous	Consensus_Count	Consensus_Average_Quality
A_HA_H1	1	3	A	0	0	3	37
A_HA_H1	2	3	T	0	0	3	41.6666666666667
A_HA_H1	3	3	G	0	0	3	40
A_HA_H1	4	3	A	0	0	3	44
A_HA_H1	5	3	A	0	0	3	40.6666666666667
A_HA_H1	6	3	G	0	0	3	44
A_HA_H1	7	3	G	0	0	3	45.6666666666667
A_HA_H1	8	3	C	0	0	3	41
A_HA_H1	9	3	A	0	0	3	41
A_HA_H1	10	3	A	0	0	3	46.3333333333333
A_HA_H1	11	3	T	0	0	3	42.6666666666667
A_HA_H1	12	3	A	0	0	3	42.3333333333333
A_HA_H1	13	3	C	0	0	3	42
A_HA_H1	14	3	T	0	0	3	40.6666666666667
A_HA_H1	15	3	A	0	0	3	37.3333333333333
A_HA_H1	16	3	G	0	0	3	37.3333333333333
A_HA_H1	17	3	T	0	0	3	40
A_HA_H1	18	3	A	0	0	3	37.6666666666667
A_HA_H1	19	3	G	0	0	3	36.3333333333333
A_HA_H1	20	3	T	0	0	3	38.3333333333333
A_HA_H1	21	3	T	0	0	3	35.6666666666667
A_HA_H1	22	3	A	0	0	3	35.3333333333333
A_HA_H1	23	3	T	0	0	3	36
A_HA_H1	24	3	G	0	0	3	38.6666666666667
A_HA_H1	25	3	C	0	0	3	39.3333333333333
A_HA_H1	26	3	T	0	0	3	40.3333333333333
A_HA_H1	27	3	G	0	0	3	39
A_HA_H1	28	3	T	0	0	3	40
A_HA_H1	29	3	A	0	0	3	40.3333333333333
A_HA_H1	30	3	T	0	0	3	40.6666666666667
A_HA_H1	31	3	A	0	0	3	39.6666666666667
A_HA_H1	32	3	C	0	0	3	40.3333333333333
A_HA_H1	33	3	A	0	0	3	39
A_HA_H1	34	3	T	0	0	3	37.3333333333333
A_HA_H1	35	3	T	0	0	3	39.3333333333333
A_HA_H1	36	3	T	0	0	3	36
A_HA_H1	37	3	A	0	0	3	35.6666666666667
A_HA_H1	38	3	C	0	0	3	29.3333333333333
A_HA_H1	39	3	A	0	0	3	29
A_HA_H1	40	3	A	0	0	3	29.3333333333333
A_HA_H1	41	3	C	0	0	3	32
A_HA_H1	42	3	C	0	0	3	31
A_HA_H1	43	3	G	0	0	3	30.6666666666667
A_HA_H1	44	3	T	0	0	3	33.3333333333333
A_HA_H1	45	3	A	0	0	3	32.3333333333333
A_HA_H1	46	3	A	0	0	3	36.6666666666667
A_HA_H1	47	3	A	0	0	3	32.6666666666667
A_HA_H1	48	3	T	0	0	3	34.3333333333333
A_HA_H1	49	3	G	0	0	3	33
A_HA_H1	50	3	C	0	0	3	30.6666666666667
A_HA_H1	51	3	A	0	0	3	30.6666666666667
A_HA_H1	52	3	G	0	0	3	30
A_HA_H1	53	3	A	0	0	3	35
A_HA_H1	54	3	C	0	0	3	32.3333333333333
A_HA_H1	55	3	A	0	0	3	35.6666666666667
A_HA_H1	56	3	C	0	0	3	35
A_HA_H1	57	3	A	0	0	3	35
A_HA_H1	58	3	T	0	0	3	34.3333333333333
A_HA_H1	59	3	T	0	0	3	36
A_HA_H1	60	3	A	0	0	3	29.3333333333333
A_HA_H1	61	3	T	0	0	3	30
A_HA_H1	62	3	G	0	0	3	30
A_HA_H1	63	3	T	0	0	3	29
A_HA_H1	64	3	A	0	0	3	32.3333333333333
A_HA_H1	65	3	T	0	0	3	36.3333333333333
A_HA_H1	66	3	A	0	0	3	39.6666666666667
A_HA_H1	67	3	G	0	0	3	40.6666666666667
A_HA_H1	68	3	G	0	0	3	38.3333333333333
A_HA_H1	69	3	T	0	0	3	40.3333333333333
A_HA_H1	70	3	T	0	0	3	40.3333333333333
A_HA_H1	71	3	A	0	0	3	38
A_HA_H1	72	3	T	0	0	3	38.6666666666667
A_HA_H1	73	3	C	0	0	3	38.6666666666667
A_HA_H1	74	3	A	0	0	3	38.6666666666667
A_HA_H1	75	3	T	0	0	3	39.6666666666667
A_HA_H1	76	3	G	0	0	3	40
A_HA_H1	77	3	C	0	0	3	39.6666666666667
A_HA_H1	78	3	G	0	0	3	44.3333333333333
A_HA_H1	79	3	A	0	0	3	43
A_HA_H1	80	3	A	0	0	3	41.3333333333333
A_HA_H1	81	3	C	0	0	3	36.6666666666667
A_HA_H1	82	3	A	0	0	3	41.3333333333333
A_HA_H1	83	3	A	0	0	3	37
A_HA_H1	84	3	T	0	0	3	36
A_HA_H1	85	3	T	0	0	3	36
A_HA_H1	86	3	C	0	0	3	38.3333333333333
A_HA_H1	87	3	A	0	0	3	41
A_HA_H1	88	3	A	0	0	3	36.6666666666667
A_HA_H1	89	3	C	0	0	3	38
A_HA_H1	90	3	A	0	0	3	37.3333333333333
A_HA_H1	91	3	G	0	0	3	37.3333333333333
A_HA_H1	92	3	A	0	0	3	37.6666666666667
A_HA_H1	93	3	C	0	0	3	38
A_HA_H1	94	3	A	0	0	3	40
A_HA_H1	95	3	C	0	0	3	41.3333333333333
A_HA_H1	96	3	T	0	0	3	41
A_HA_H1	97	3	G	0	0	3	39.6666666666667
A_HA_H1	98	3	T	0	0	3	36
A_HA_H1	99	3	G	0	0	3	41
A_HA_H1	100	3	G	0	0	3	38.3333333333333
A_HA_H1	101	3	A	0	0	3	37.6666666666667
A_HA_H1	102	3	C	0	0	3	36
A_HA_H1	103	3	A	0	0	3	47.3333333333333
A_HA_H1	104	3	C	0	0	3	42
A_HA_H1	105	3	A	0	0	3	43.6666666666667
A_HA_H1	106	3	G	0	0	3	45
A_HA_H1	107	3	T	0	0	3	44.6666666666667
A_HA_H1	108	3	A	0	0	3	40.3333333333333
A_HA_H1	109	3	C	0	0	3	44
A_HA_H1	110	3	T	0	0	3	42.6666666666667
A_HA_H1	111	3	A	0	0	3	42.3333333333333
A_HA_H1	112	3	G	0	0	3	44
A_HA_H1	113	3	A	0	0	3	42
A_HA_H1	114	3	A	0	0	3	43.6666666666667
A_HA_H1	115	3	A	0	0	3	46
A_HA_H1	116	3	A	0	0	3	47.6666666666667
A_HA_H1	117	3	G	0	0	3	43.3333333333333
A_HA_H1	118	3	A	0	0	3	43.3333333333333
A_HA_H1	119	3	A	0	0	3	42.3333333333333
A_HA_H1	120	3	T	0	0	3	43.3333333333333
A_HA_H1	121	3	G	0	0	3	45.6666666666667
A_HA_H1	122	3	T	0	0	3	41
A_HA_H1	123	3	A	0	0	3	41.6666666666667
A_HA_H1	124	3	A	0	0	3	42.3333333333333
A_HA_H1	125	3	C	0	0	3	38
A_HA_H1	126	3	A	0	0	3	40.6666666666667
A_HA_H1	127	3	G	0	0	3	41.6666666666667
A_HA_H1	128	3	T	0	0	3	47
A_HA_H1	129	3	A	0	0	3	45
A_HA_H1	130	3	A	0	0	3	42.3333333333333
A_HA_H1	131	3	C	0	0	3	41.6666666666667
A_HA_H1	132	3	A	0	0	3	39.6666666666667
A_HA_H1	133	3	C	0	0	3	42
A_HA_H1	134	3	A	0	0	3	38.3333333333333
A_HA_H1	135	3	C	0	0	3	41
A_HA_H1	136	3	T	0	0	3	42.6666666666667
A_HA_H1	137	3	C	0	0	3	41.3333333333333
A_HA_H1	138	3	T	0	0	3	39.6666666666667
A_HA_H1	139	3	G	0	0	3	39.6666666666667
A_HA_H1	140	3	T	0	0	3	42.3333333333333
A_HA_H1	141	3	C	0	0	3	45.6666666666667
A_HA_H1	142	3	A	0	0	3	45
A_HA_H1	143	3	A	0	0	3	50
A_HA_H1	144	3	T	0	0	3	49
A_HA_H1	145	3	C	0	0	3	46.6666666666667
A_HA_H1	146	3	T	0	0	3	41.3333333333333
A_HA_H1	147	3	T	0	0	3	40.3333333333333
A_HA_H1	148	3	C	0	0	3	43
A_HA_H1	149	3	T	0	0	3	41.3333333333333
A_HA_H1	150	3	A	0	0	3	46.3333333333333
A_HA_H1	151	3	G	0	0	3	39.3333333333333
A_HA_H1	152	4	A	0	0	4	35
A_HA_H1	153	4	A	0	0	4	37.25
A_HA_H1	154	4	G	0	0	4	36.75
A_HA_H1	155	4	A	0	0	4	38.5
A_HA_H1	156	4	C	0	0	4	37.5
A_HA_H1	157	4	A	0	0	4	32.25
A_HA_H1	158	4	A	0	0	4	32
A_HA_H1	159	4	G	0	0	4	35.75
A_HA_H1	160	4	C	0	0	4	39.75
A_HA_H1	161	4	A	0	0	4	40
A_HA_H1	162	4	T	0	0	4	41.75
A_HA_H1	163	4	A	0	0	4	39.75
A_HA_H1	164	4	A	0	0	4	41.25
A_HA_H1	165	4	C	0	0	4	38.75
A_HA_H1	166	4	G	0	0	4	37
A_HA_H1	167	4	G	0	0	4	37.75
A_HA_H1	168	4	A	0	0	4	40.25
A_HA_H1	169	4	A	0	0	4	38.25
A_HA_H1	170	4	A	0	0	4	40.25
A_HA_H1	171	4	A	0	0	4	40.75
A_HA_H1	172	4	C	0	0	4	42.75
A_HA_H1	173	4	T	0	0	4	45.25
A_HA_H1	174	4	A	0	0	4	41.75
A_HA_H1	175	4	T	0	0	4	41.5
A_HA_H1	176	4	G	0	0	4	42.75
A_HA_H1	177	4	C	0	0	4	44
A_HA_H1	178	4	A	0	0	4	41.5
A_HA_H1	179	4	A	0	0	4	42.75
A_HA_H1	180	4	A	0	0	4	44
A_HA_H1	181	4	C	0	0	4	43.5
A_HA_H1	182	4	T	0	0	4	45.5
A_HA_H1	183	4	A	0	0	4	41
A_HA_H1	184	4	A	0	0	4	41.5
A_HA_H1	185	4	G	0	0	4	40.75
A_HA_H1	186	4	A	0	0	4	41
A_HA_H1	187	4	G	0	0	4	42.5
A_HA_H1	188	4	G	0	0	4	43.25
A_HA_H1	189	4	G	0	0	4	42.75
A_HA_H1	190	4	G	0	0	4	45.25
A_HA_H1	191	4	T	0	0	4	45.5
A_HA_H1	192	4	A	0	0	4	42.25
A_HA_H1	193	4	G	0	0	4	45
A_HA_H1	194	4	C	0	0	4	43.5
A_HA_H1	195	4	C	0	0	4	42
A_HA_H1	196	4	C	0	0	4	40.25
A_HA_H1	197	4	C	0	0	4	43
A_HA_H1	198	4	A	0	0	4	43
A_HA_H1	199	4	T	0	0	4	39.25
A_HA_H1	200	4	T	0	0	4	40.25
A_HA_H1	201	4	G	0	0	4	40.75
A_HA_H1	202	4	C	0	0	4	40.25
A_HA_H1	203	4	A	0	0	4	40.75
A_HA_H1	204	4	T	0	0	4	39.25
A_HA_H1	205	4	T	0	0	4	38.25
A_HA_H1	206	4	T	0	0	4	38.5
A_HA_H1	207	4	G	0	0	4	40.25
A_HA_H1	208	4	G	0	0	4	39.5
A_HA_H1	209	4	G	0	0	4	38.25
A_HA_H1	210	4	T	0	0	4	30
A_HA_H1	211	4	C	0	0	4	30
A_HA_H1	212	4	A	0	0	4	36.75
A_HA_H1	213	4	A	0	0	4	38.75
A_HA_H1	214	4	T	0	0	4	41.75
A_HA_H1	215	4	G	0	0	4	45.5
A_HA_H1	216	4	T	0	0	4	45.5
A_HA_H1	217	4	A	0	0	4	44.75
A_HA_H1	218	4	A	0	0	4	44.5
A_HA_H1	219	4	C	0	0	4	43
A_HA_H1	220	4	A	0	0	4	38.25
A_HA_H1	221	4	T	0	0	4	41
A_HA_H1	222	4	T	0	0	4	36.75
A_HA_H1	223	4	G	0	0	4	33.25
A_HA_H1	224	4	C	0	0	4	39.5
A_HA_H1	225	4	T	0	0	4	41.25
A_HA_H1	226	4	G	0	0	4	39.25
A_HA_H1	227	4	G	0	0	4	38.75
A_HA_H1	228	4	C	0	0	4	38.5
A_HA_H1	229	4	T	0	0	4	34.5
A_HA_H1	230	4	G	0	0	4	34.75
A_HA_H1	231	4	G	0	0	4	36
A_HA_H1	232	4	A	0	0	4	40.75
A_HA_H1	233	4	T	0	0	4	40.75
A_HA_H1	234	4	C	0	0	4	40.5
A_HA_H1	235	4	C	0	0	4	40.75
A_HA_H1	236	4	T	0	0	4	44.5
A_HA_H1	237	4	G	0	0	4	47
A_HA_H1	238	4	G	0	0	4	42.5
A_HA_H1	239	4	A	0	0	4	43.25
A_HA_H1	240	4	A	0	0	4	44
A_HA_H1	241	4	A	0	0	4	42
A_HA_H1	242	4	T	0	0	4	41.5
A_HA_H1	243	4	C	0	0	4	43.25
A_HA_H1	244	4	C	0	0	4	41
A_HA_H1	245	4	A	0	0	4	40.5
A_HA_H1	246	4	G	0	0	4	32.5
A_HA_H1	247	4	A	0	0	4	33.75
A_HA_H1	248	4	G	0	0	4	35
A_HA_H1	249	4	T	0	0	4	37
A_HA_H1	250	4	G	0	0	4	35
A_HA_H1	251	4	T	0	0	4	36.5
A_HA_H1	252	4	G	0	0	4	40.5
A_HA_H1	253	4	A	0	0	4	39.25
A_HA_H1	254	4	A	0	0	4	38.5
A_HA_H1	255	4	T	0	0	4	39
A_HA_H1	256	4	C	0	0	4	38.25
A_HA_H1	257	4	A	0	0	4	36.75
A_HA_H1	258	4	C	0	0	4	40.25
A_HA_H1	259	4	T	0	0	4	41.25
A_HA_H1	260	4	C	0	0	4	41.75
A_HA_H1	261	4	T	0	0	4	42
A_HA_H1	262	4	C	0	0	4	41.75
A_HA_H1	263	4	C	0	0	4	41
A_HA_H1	264	4	A	0	0	4	41
A_HA_H1	265	4	C	0	0	4	41
A_HA_H1	266	4	A	0	0	4	38.25
A_HA_H1	267	4	G	0	0	4	39.25
A_HA_H1	268	4	C	0	0	4	36.75
A_HA_H1	269	4	A	0	0	4	35.25
A_HA_H1	270	4	A	0	0	4	38
A_HA_H1	271	4	G	0	0	4	41.5
A_HA_H1	272	4	A	0	0	4	38
A_HA_H1	273	4	T	0	0	4	41.5
A_HA_H1	274	4	C	0	0	4	39.75
A_HA_H1	275	4	A	0	0	4	42.25
A_HA_H1	276	4	T	0	0	4	39.25
A_HA_H1	277	4	G	0	0	4	41
A_HA_H1	278	4	G	0	0	4	41.75
A_HA_H1	279	4	T	0	0	4	41.25
A_HA_H1	280	4	C	0	0	4	41
A_HA_H1	281	4	C	0	0	4	41.75
A_HA_H1	282	4	T	0	0	4	43.75
A_HA_H1	283	4	A	0	0	4	42.25
A_HA_H1	284	4	C	0	0	4	40.25
A_HA_H1	285	4	A	0	0	4	42.75
A_HA_H1	286	4	T	0	0	4	39.75
A_HA_H1	287	4	T	0	0	4	39
A_HA_H1	288	4	G	0	0	4	37.5
A_HA_H1	289	4	T	0	0	4	31.75
A_HA_H1	290	4	A	0	0	4	28.25
A_HA_H1	291	4	G	0	0	4	28
A_HA_H1	292	4	A	0	0	4	29.5
A_HA_H1	293	4	A	0	0	4	28
A_HA_H1	294	4	A	0	0	4	37.25
A_HA_H1	295	4	C	0	0	4	43.5
A_HA_H1	296	4	A	0	0	4	43.5
A_HA_H1	297	4	C	0	0	4	44.5
A_HA_H1	298	4	C	0	0	4	42.75
A_HA_H1	299	4	T	0	0	4	42.5
A_HA_H1	300	4	A	0	0	4	43.5
A_HA_H1	301	4	A	0	0	4	43
A_HA_H1	302	4	T	0	0	4	44.75
A_HA_H1	303	4	T	0	0	4	45.25
A_HA_H1	304	4	C	0	0	4	44.75
A_HA_H1	305	4	A	0	0	4	43.75
A_HA_H1	306	4	G	0	0	4	46.25
A_HA_H1	307	4	A	0	0	4	43.5
A_HA_H1	308	4	C	0	0	4	42.75
A_HA_H1	309	4	A	0	0	4	41.75
A_HA_H1	310	4	A	0	0	4	43.25
A_HA_H1	311	4	T	0	0	4	41.75
A_HA_H1	312	4	G	0	0	4	44.25
A_HA_H1	313	4	G	0	0	4	44
A_HA_H1	314	4	A	0	0	4	45.75
A_HA_H1	315	4	A	0	0	4	44.75
A_HA_H1	316	4	C	0	0	4	45.25
A_HA_H1	317	4	T	0	0	4	40.75
A_HA_H1	318	4	T	0	0	3	45.3333333333333
A_HA_H1	319	4	G	0	0	4	41.5
A_HA_H1	320	4	T	0	0	4	41.25
A_HA_H1	321	4	T	0	0	4	39.25
A_HA_H1	322	4	A	0	0	4	42
A_HA_H1	323	4	C	0	0	4	39.5
A_HA_H1	324	4	C	0	0	4	41.5
A_HA_H1	325	4	C	0	0	4	43.5
A_HA_H1	326	4	A	0	0	4	36.75
A_HA_H1	327	4	G	0	0	4	37.25
A_HA_H1	328	4	G	0	0	4	44
A_HA_H1	329	4	A	0	0	4	43.25
A_HA_H1	330	4	G	0	0	4	42.25
A_HA_H1	331	4	A	0	0	4	43.5
A_HA_H1	332	4	T	0	0	4	41.5
A_HA_H1	333	4	T	0	0	4	43.5
A_HA_H1	334	4	T	0	0	4	44
A_HA_H1	335	4	C	0	0	4	47
A_HA_H1	336	4	A	0	0	4	46.5
A_HA_H1	337	4	T	0	0	4	42.25
A_HA_H1	338	4	C	0	0	4	37.25
A_HA_H1	339	4	A	0	0	4	34.25
A_HA_H1	340	4	A	0	0	4	38
A_HA_H1	341	4	T	0	0	4	41.25
A_HA_H1	342	4	T	0	0	4	38.75
A_HA_H1	343	4	A	0	0	4	40.5
A_HA_H1	344	4	T	0	0	4	41.25
A_HA_H1	345	4	G	0	0	4	41
A_HA_H1	346	4	A	0	0	4	41.5
A_HA_H1	347	4	G	0	0	4	40
A_HA_H1	348	4	G	0	0	4	41.5
A_HA_H1	349	4	A	0	0	4	47.25
A_HA_H1	350	4	G	0	0	4	44.75
A_HA_H1	351	4	C	0	0	4	44.75
A_HA_H1	352	4	T	0	0	4	46.75
A_HA_H1	353	4	A	0	0	4	42.75
A_HA_H1	354	4	A	0	0	4	45.25
A_HA_H1	355	4	G	0	0	4	45
A_HA_H1	356	4	A	0	0	4	45
A_HA_H1	357	4	G	0	0	4	41.5
A_HA_H1	358	4	A	0	0	4	44
A_HA_H1	359	4	G	0	0	4	42.25
A_HA_H1	360	4	C	0	0	4	41.75
A_HA_H1	361	4	A	0	0	4	41.5
A_HA_H1	362	4	A	0	0	4	38.75
A_HA_H1	363	4	T	0	0	4	43.25
A_HA_H1	364	4	T	0	0	4	40.75
A_HA_H1	365	4	G	0	0	4	40.5
A_HA_H1	366	4	A	0	0	4	41.75
A_HA_H1	367	4	G	0	0	4	40
A_HA_H1	368	4	C	0	0	4	41.5
A_HA_H1	369	4	T	0	0	4	39.75
A_HA_H1	370	4	C	0	0	4	42.75
A_HA_H1	371	4	A	0	0	4	40
A_HA_H1	372	4	G	0	0	4	41.75
A_HA_H1	373	4	T	0	0	4	40.75
A_HA_H1	374	4	A	0	0	4	42.25
A_HA_H1	375	4	T	0	0	4	42.75
A_HA_H1	376	4	C	0	0	4	41.25
A_HA_H1	377	4	A	0	0	4	42.75
A_HA_H1	378	4	T	0	0	4	43.25
A_HA_H1	379	4	C	0	0	4	43.5
A_HA_H1	380	4	A	0	0	4	43
A_HA_H1	381	4	T	0	0	4	47
A_HA_H1	382	4	T	0	0	4	43.5
A_HA_H1	383	4	T	0	0	4	44.25
A_HA_H1	384	4	G	0	0	4	41
A_HA_H1	385	4	A	0	0	4	45
A_HA_H1	386	4	A	0	0	4	46.25
A_HA_H1	387	4	A	0	0	4	40.75
A_HA_H1	388	4	G	0	0	4	43.25
A_HA_H1	389	4	G	0	0	4	38.25
A_HA_H1	390	4	T	0	0	4	37.25
A_HA_H1	391	4	T	0	0	4	37.25
A_HA_H1	392	4	T	0	0	4	39
A_HA_H1	393	4	G	0	0	4	42.25
A_HA_H1	394	4	A	0	0	4	43.5
A_HA_H1	395	4	A	0	0	4	45.75
A_HA_H1	396	4	A	0	0	4	43
A_HA_H1	397	4	T	0	0	4	45.25
A_HA_H1	398	4	A	0	0	4	41.25
A_HA_H1	399	4	T	0	0	4	44.5
A_HA_H1	400	4	T	0	0	4	43.75
A_HA_H1	401	3	C	1	0	3	38.6666666666667
A_HA_H1	402	4	C	0	0	4	36
A_HA_H1	403	4	C	0	0	4	37
A_HA_H1	404	4	C	0	0	4	39.5
A_HA_H1	405	4	A	0	0	4	31.5
A_HA_H1	406	4	A	0	0	4	41.25
A_HA_H1	407	4	G	0	0	4	41.5
A_HA_H1	408	4	G	0	0	4	39.75
A_HA_H1	409	4	C	0	0	4	41.75
A_HA_H1	410	4	A	0	0	4	43.25
A_HA_H1	411	4	A	0	0	4	39
A_HA_H1	412	4	G	0	0	4	39.75
A_HA_H1	413	4	T	0	0	4	41.75
A_HA_H1	414	4	T	0	0	4	33
A_HA_H1	415	4	C	0	0	4	31.75
A_HA_H1	416	4	A	0	0	4	32
A_HA_H1	417	4	T	0	0	4	26.25
A_HA_H1	418	4	G	0	0	4	27
A_HA_H1	419	4	G	0	0	4	26
A_HA_H1	420	4	C	0	0	4	25
A_HA_H1	421	4	C	0	0	4	29.5
A_HA_H1	422	4	T	0	0	4	26.75
A_HA_H1	423	4	A	0	0	4	26.75
A_HA_H1	424	4	A	0	0	4	31.75
A_HA_H1	425	4	T	0	0	4	31
A_HA_H1	426	4	C	0	0	4	33.5
A_HA_H1	427	4	A	0	0	4	32.75
A_HA_H1	428	4	T	0	0	4	36.75
A_HA_H1	429	4	G	0	0	4	36.25
A_HA_H1	430	4	A	0	0	4	38.5
A_HA_H1	431	4	C	0	0	4	35.25
A_HA_H1	432	4	T	0	0	4	42
A_HA_H1	433	4	C	0	0	4	47.25
A_HA_H1	434	4	G	0	0	4	40.25
A_HA_H1	435	4	G	0	0	4	38
A_HA_H1	436	4	A	0	0	4	40.75
A_HA_H1	437	4	C	0	0	4	37
A_HA_H1	438	4	A	0	0	4	37.5
A_HA_H1	439	4	A	0	0	4	39
A_HA_H1	440	4	T	0	0	4	39
A_HA_H1	441	4	G	0	0	4	35.5
A_HA_H1	442	4	G	0	0	4	35
A_HA_H1	443	4	T	0	0	3	41.6666666666667
A_HA_H1	444	4	G	0	0	3	41.3333333333333
A_HA_H1	445	4	T	0	0	3	41.6666666666667
A_HA_H1	446	4	A	0	0	4	39.75
A_HA_H1	447	4	A	0	0	4	40.5
A_HA_H1	448	4	C	0	0	4	41.75
A_HA_H1	449	4	G	0	0	4	40.25
A_HA_H1	450	4	G	0	0	4	41.75
A_HA_H1	451	4	C	0	0	4	44
A_HA_H1	452	4	A	0	0	4	39.75
A_HA_H1	453	4	G	0	0	4	41.25
A_HA_H1	454	4	C	0	0	4	40.75
A_HA_H1	455	4	A	0	0	4	39.25
A_HA_H1	456	4	T	0	0	4	37.75
A_HA_H1	457	4	G	0	0	4	41.25
A_HA_H1	458	4	T	0	0	4	38.25
A_HA_H1	459	4	T	0	0	4	39
A_HA_H1	460	4	C	0	0	4	41.75
A_HA_H1	461	4	T	0	0	4	44.5
A_HA_H1	462	4	C	0	0	4	39.5
A_HA_H1	463	4	A	0	0	4	39.25
A_HA_H1	464	4	C	0	0	4	40.5
A_HA_H1	465	4	G	0	0	4	37.75
A_HA_H1	466	4	C	0	0	4	39.25
A_HA_H1	467	4	T	0	0	4	40
A_HA_H1	468	4	G	0	0	4	38.75
A_HA_H1	469	4	G	0	0	4	38.5
A_HA_H1	470	4	A	0	0	4	41.5
A_HA_H1	471	4	G	0	0	4	39.5
A_HA_H1	472	4	C	0	0	4	45.75
A_HA_H1	473	4	A	0	0	4	42.75
A_HA_H1	474	4	A	0	0	4	44.5
A_HA_H1	475	4	A	0	0	4	39.5
A_HA_H1	476	4	A	0	0	4	41.75
A_HA_H1	477	4	A	0	0	4	42.25
A_HA_H1	478	4	G	0	0	4	41
A_HA_H1	479	4	C	0	0	4	41.75
A_HA_H1	480	4	T	0	0	4	39.5
A_HA_H1	481	4	T	0	0	4	38
A_HA_H1	482	4	C	0	0	4	38.75
A_HA_H1	483	4	T	0	0	4	38.25
A_HA_H1	484	4	A	0	0	4	37.5
A_HA_H1	485	4	C	0	0	4	32
A_HA_H1	486	4	A	0	0	4	32.25
A_HA_H1	487	4	A	0	0	4	31.5
A_HA_H1	488	4	A	0	0	4	29.25
A_HA_H1	489	4	A	0	0	4	28.75
A_HA_H1	490	4	A	0	0	4	29.5
A_HA_H1	491	4	C	0	0	4	30
A_HA_H1	492	4	T	0	0	4	35.25
A_HA_H1	493	4	T	0	0	4	39.25
A_HA_H1	494	4	G	0	0	4	39.25
A_HA_H1	495	4	A	0	0	4	44.25
A_HA_H1	496	4	T	0	0	4	45.75
A_HA_H1	497	4	A	0	0	4	44.25
A_HA_H1	498	4	T	0	0	4	40.25
A_HA_H1	499	4	G	0	0	4	43.25
A_HA_H1	500	4	G	0	0	4	42
A_HA_H1	501	4	C	0	0	4	40
A_HA_H1	502	4	T	0	0	4	42
A_HA_H1	503	4	G	0	0	4	41.5
A_HA_H1	504	4	G	0	0	4	38.5
A_HA_H1	505	4	T	0	0	4	41
A_HA_H1	506	4	T	0	0	4	44.25
A_HA_H1	507	4	A	0	0	4	39.75
A_HA_H1	508	4	A	0	0	4	42
A_HA_H1	509	4	A	0	0	4	39.5
A_HA_H1	510	4	A	0	0	4	38
A_HA_H1	511	4	A	0	0	4	37.5
A_HA_H1	512	4	A	0	0	4	38.25
A_HA_H1	513	4	G	0	0	4	38.75
A_HA_H1	514	4	G	0	0	4	38
A_HA_H1	515	4	A	0	0	4	42.25
A_HA_H1	516	4	A	0	0	4	40
A_HA_H1	517	4	A	0	0	4	40.25
A_HA_H1	518	4	A	0	0	4	41.5
A_HA_H1	519	4	T	0	0	4	46.75
A_HA_H1	520	4	C	0	0	4	41.5
A_HA_H1	521	4	A	0	0	4	43
A_HA_H1	522	4	T	0	0	4	44.25
A_HA_H1	523	4	A	0	0	4	42.5
A_HA_H1	524	4	C	0	0	4	42.75
A_HA_H1	525	4	C	0	0	4	46.5
A_HA_H1	526	4	C	0	0	4	45.25
A_HA_H1	527	4	A	0	0	4	43
A_HA_H1	528	4	A	0	0	4	43.5
A_HA_H1	529	4	A	0	0	4	40.75
A_HA_H1	530	4	G	0	0	4	43.5
A_HA_H1	531	4	A	0	0	4	45.25
A_HA_H1	532	4	T	0	0	4	43.75
A_HA_H1	533	4	C	0	0	4	42.75
A_HA_H1	534	4	A	0	0	4	45.25
A_HA_H1	535	4	A	0	0	4	37.75
A_HA_H1	536	4	C	0	0	4	44
A_HA_H1	537	4	C	0	0	4	41.25
A_HA_H1	538	4	A	0	0	4	41
A_HA_H1	539	4	A	0	0	4	42.25
A_HA_H1	540	4	A	0	0	4	40
A_HA_H1	541	4	C	0	0	4	39
A_HA_H1	542	4	C	0	0	4	39
A_HA_H1	543	4	T	0	0	4	39
A_HA_H1	544	4	A	0	0	4	29.25
A_HA_H1	545	4	C	0	0	4	32.5
A_HA_H1	546	4	G	0	0	4	31.75
A_HA_H1	547	4	T	0	0	4	31.25
A_HA_H1	548	4	T	0	0	4	34.75
A_HA_H1	549	4	A	0	0	4	36
A_HA_H1	550	4	A	0	0	4	30.75
A_HA_H1	551	4	T	0	0	4	32
A_HA_H1	552	4	G	0	0	4	32
A_HA_H1	553	4	A	0	0	4	31.5
A_HA_H1	554	4	T	0	0	4	31.75
A_HA_H1	555	4	C	0	0	4	32.75
A_HA_H1	556	4	A	0	0	4	32.75
A_HA_H1	557	4	A	0	0	4	32.5
A_HA_H1	558	4	G	0	0	4	32.75
A_HA_H1	559	4	G	0	0	4	32.75
A_HA_H1	560	4	G	0	0	4	28.75
A_HA_H1	561	4	A	0	0	4	28.75
A_HA_H1	562	4	A	0	0	4	32.25
A_HA_H1	563	4	A	0	0	4	31
A_HA_H1	564	4	G	0	0	4	31.25
A_HA_H1	565	4	A	0	0	4	33.75
A_HA_H1	566	4	A	0	0	4	32.75
A_HA_H1	567	4	G	0	0	4	33.25
A_HA_H1	568	4	T	0	0	4	33
A_HA_H1	569	4	C	0	0	4	35.25
A_HA_H1	570	4	C	0	0	4	33.5
A_HA_H1	571	4	T	0	0	4	31.75
A_HA_H1	572	4	C	0	0	4	35.5
A_HA_H1	573	4	G	0	0	4	33.25
A_HA_H1	574	4	T	0	0	4	32.75
A_HA_H1	575	4	G	0	0	4	36.75
A_HA_H1	576	4	C	0	0	4	34.25
A_HA_H1	577	4	T	0	0	4	36
A_HA_H1	578	4	G	0	0	4	39.75
A_HA_H1	579	4	T	0	0	4	38.25
A_HA_H1	580	4	G	0	0	4	39.5
A_HA_H1	581	4	G	0	0	4	40.5
A_HA_H1	582	4	G	0	0	4	40.5
A_HA_H1	583	4	G	0	0	4	39.25
A_HA_H1	584	4	C	0	0	4	41.75
A_HA_H1	585	4	A	0	0	4	38.25
A_HA_H1	586	4	T	0	0	4	38.5
A_HA_H1	587	4	T	0	0	4	42.5
A_HA_H1	588	4	C	0	0	4	40.5
A_HA_H1	589	4	A	0	0	4	41
A_HA_H1	590	4	C	0	0	4	44.5
A_HA_H1	591	4	C	0	0	4	43.5
A_HA_H1	592	4	A	0	0	4	45
A_HA_H1	593	4	T	0	0	4	44.25
A_HA_H1	594	4	C	0	0	4	43
A_HA_H1	595	4	C	0	0	3	45.6666666666667
A_HA_H1	596	4	A	0	0	4	42.25
A_HA_H1	597	4	C	0	0	4	43
A_HA_H1	598	4	C	0	0	4	43.25
A_HA_H1	599	4	C	0	0	3	45.3333333333333
A_HA_H1	600	4	A	0	0	4	45.25
A_HA_H1	601	4	C	0	0	4	45.5
A_HA_H1	602	4	T	0	0	3	44
A_HA_H1	603	4	A	0	0	4	43.75
A_HA_H1	604	4	T	0	0	4	44.5
A_HA_H1	605	4	T	0	0	4	41.75
A_HA_H1	606	4	A	0	0	4	41.75
A_HA_H1	607	4	C	0	0	4	47.25
A_HA_H1	608	4	T	0	0	4	48.25
A_HA_H1	609	4	G	0	0	4	44
A_HA_H1	610	4	A	0	0	4	42.75
A_HA_H1	611	4	C	0	0	4	44
A_HA_H1	612	4	C	0	0	4	40.5
A_HA_H1	613	4	A	0	0	4	40.25
A_HA_H1	614	4	A	0	0	4	41.25
A_HA_H1	615	4	G	0	0	4	39.5
A_HA_H1	616	4	A	0	0	4	39.75
A_HA_H1	617	4	A	0	0	4	47.25
A_HA_H1	618	4	A	0	0	4	46
A_HA_H1	619	4	G	0	0	4	45.25
A_HA_H1	620	4	T	0	0	4	47
A_HA_H1	621	4	C	0	0	4	43
A_HA_H1	622	4	T	0	0	4	41.75
A_HA_H1	623	4	C	0	0	4	44.5
A_HA_H1	624	4	T	0	0	4	44.5
A_HA_H1	625	4	A	0	0	4	42.5
A_HA_H1	626	4	T	0	0	4	39
A_HA_H1	627	4	C	0	0	4	38.75
A_HA_H1	628	4	A	0	0	4	41.75
A_HA_H1	629	4	G	0	0	4	42.5
A_HA_H1	630	4	A	0	0	4	40
A_HA_H1	631	4	A	0	0	4	44
A_HA_H1	632	4	T	0	0	4	37.75
A_HA_H1	633	4	G	0	0	4	35.25
A_HA_H1	634	4	C	0	0	4	35.5
A_HA_H1	635	4	A	0	0	4	36.5
A_HA_H1	636	4	G	0	0	4	39.25
A_HA_H1	637	4	A	0	0	4	40.25
A_HA_H1	638	4	T	0	0	4	39.25
A_HA_H1	639	4	G	0	0	4	43.25
A_HA_H1	640	4	C	0	0	4	42.5
A_HA_H1	641	4	A	0	0	4	42.75
A_HA_H1	642	4	T	0	0	4	44.5
A_HA_H1	643	4	A	0	0	4	44.5
A_HA_H1	644	4	T	0	0	4	45
A_HA_H1	645	4	G	0	0	4	42
A_HA_H1	646	4	T	0	0	4	43.25
A_HA_H1	647	4	T	0	0	4	40.25
A_HA_H1	648	4	T	0	0	4	40
A_HA_H1	649	4	T	0	0	4	41.5
A_HA_H1	650	4	T	0	0	4	42
A_HA_H1	651	4	G	0	0	4	41
A_HA_H1	652	4	T	0	0	4	40
A_HA_H1	653	4	G	0	0	4	41.25
A_HA_H1	654	4	G	0	0	4	42.5
A_HA_H1	655	4	G	0	0	4	39.25
A_HA_H1	656	4	G	0	0	4	42.5
A_HA_H1	657	4	A	0	0	4	42
A_HA_H1	658	4	C	0	0	4	41
A_HA_H1	659	4	A	0	0	4	41.25
A_HA_H1	660	4	T	0	0	4	43.75
A_HA_H1	661	4	C	0	0	4	44
A_HA_H1	662	4	A	0	0	4	42
A_HA_H1	663	4	A	0	0	4	43.25
A_HA_H1	664	4	G	0	0	4	40.75
A_HA_H1	665	4	A	0	0	4	43.75
A_HA_H1	666	4	T	0	0	4	41
A_HA_H1	667	4	A	0	0	4	44.5
A_HA_H1	668	4	C	0	0	4	42
A_HA_H1	669	4	A	0	0	4	38.5
A_HA_H1	670	4	G	0	0	4	35.5
A_HA_H1	671	4	C	0	0	4	30.25
A_HA_H1	672	4	A	0	0	4	30.5
A_HA_H1	673	4	A	0	0	4	33.75
A_HA_H1	674	4	G	0	0	4	34.75
A_HA_H1	675	4	A	0	0	4	33.25
A_HA_H1	676	4	A	0	0	4	37.25
A_HA_H1	677	4	G	0	0	4	37.75
A_HA_H1	678	4	T	0	0	4	41.5
A_HA_H1	679	4	T	0	0	4	37.75
A_HA_H1	680	4	C	0	0	4	37.25
A_HA_H1	681	4	A	0	0	4	35.75
A_HA_H1	682	4	A	0	0	4	37.25
A_HA_H1	683	4	G	0	0	4	41.75
A_HA_H1	684	4	C	0	0	4	40.25
A_HA_H1	685	4	C	0	0	4	40
A_HA_H1	686	4	G	0	0	4	41.5
A_HA_H1	687	4	G	0	0	4	40.25
A_HA_H1	688	4	A	0	0	4	42.75
A_HA_H1	689	4	A	0	0	4	41.5
A_HA_H1	690	4	A	0	0	4	44.5
A_HA_H1	691	4	T	0	0	4	45
A_HA_H1	692	4	A	0	0	4	43.75
A_HA_H1	693	4	G	0	0	4	42.75
A_HA_H1	694	4	C	0	0	4	45.25
A_HA_H1	695	4	A	0	0	4	41.5
A_HA_H1	696	4	A	0	0	4	45
A_HA_H1	697	4	C	0	0	4	41
A_HA_H1	698	4	A	0	0	4	41
A_HA_H1	699	4	A	0	0	4	42.75
A_HA_H1	700	4	G	0	0	4	48.25
A_HA_H1	701	4	A	0	0	4	45
A_HA_H1	702	4	C	0	0	4	43.5
A_HA_H1	703	4	C	0	0	4	42.25
A_HA_H1	704	4	C	0	0	4	41.25
A_HA_H1	705	4	A	0	0	4	42.75
A_HA_H1	706	4	A	0	0	4	44.25
A_HA_H1	707	4	A	0	0	4	42.25
A_HA_H1	708	4	G	0	0	4	41.25
A_HA_H1	709	4	T	0	0	4	42.75
A_HA_H1	710	4	G	0	0	4	42.5
A_HA_H1	711	4	A	0	0	4	42.25
A_HA_H1	712	4	G	0	0	4	43.5
A_HA_H1	713	4	G	0	0	4	42.75
A_HA_H1	714	4	G	0	0	4	43.75
A_HA_H1	715	4	A	0	0	4	46.25
A_HA_H1	716	4	T	0	0	4	43.5
A_HA_H1	717	4	C	0	0	4	42.25
A_HA_H1	718	22	A	0	0	22	33.2272727272727
A_HA_H1	719	23	A	0	0	23	33.5217391304348
A_HA_H1	720	23	G	0	0	23	34.304347826087
A_HA_H1	721	23	C	0	0	23	34
A_HA_H1	722	23	A	0	0	23	36.0434782608696
A_HA_H1	723	24	G	0	0	24	35.7916666666667
A_HA_H1	724	24	G	0	0	24	38
A_HA_H1	725	24	G	0	0	24	38.25
A_HA_H1	726	24	A	0	0	24	39.2083333333333
A_HA_H1	727	24	G	0	0	24	40.9166666666667
A_HA_H1	728	24	A	0	0	24	42.125
A_HA_H1	729	24	A	0	0	24	41.25
A_HA_H1	730	24	T	0	0	24	41.5833333333333
A_HA_H1	731	24	G	0	0	24	38.75
A_HA_H1	732	25	A	0	0	25	38.48
A_HA_H1	733	25	A	0	0	25	40.44
A_HA_H1	734	25	C	0	0	25	39.48
A_HA_H1	735	25	T	0	0	25	39.64
A_HA_H1	736	25	A	0	0	25	40.4
A_HA_H1	737	25	T	0	0	25	41.44
A_HA_H1	738	25	T	0	0	25	40.12
A_HA_H1	739	25	A	0	0	25	43.32
A_HA_H1	740	25	C	0	0	25	41.08
A_HA_H1	741	25	T	0	0	25	41.16
A_HA_H1	742	25	G	0	0	25	41.48
A_HA_H1	743	25	G	0	0	25	40.48
A_HA_H1	744	25	A	0	0	25	41.12
A_HA_H1	745	25	C	0	0	25	39.56
A_HA_H1	746	25	A	0	0	25	38.52
A_HA_H1	747	25	C	0	0	25	38.32
A_HA_H1	748	25	T	0	0	25	37.48
A_HA_H1	749	25	A	0	0	25	34.2
A_HA_H1	750	25	G	0	0	25	34.24
A_HA_H1	751	25	T	0	0	25	34.64
A_HA_H1	752	25	A	0	0	25	34.24
A_HA_H1	753	25	G	0	0	25	34
A_HA_H1	754	25	A	0	0	25	35.04
A_HA_H1	755	25	A	0	0	25	35.96
A_HA_H1	756	25	C	0	0	25	35.24
A_HA_H1	757	25	C	0	0	25	35.36
A_HA_H1	758	24	G	1	0	24	36.25
A_HA_H1	759	25	G	0	0	25	35.4
A_HA_H1	760	25	G	0	0	25	35.2
A_HA_H1	761	25	A	0	0	25	34.2
A_HA_H1	762	25	G	0	0	25	35.44
A_HA_H1	763	25	A	0	0	25	36.12
A_HA_H1	764	25	C	0	0	25	35.96
A_HA_H1	765	25	A	0	0	25	35.76
A_HA_H1	766	25	A	0	0	25	34.52
A_HA_H1	767	25	A	0	0	25	35.72
A_HA_H1	768	25	A	0	0	25	38.16
A_HA_H1	769	25	T	0	0	25	39.76
A_HA_H1	770	25	A	0	0	25	40.2
A_HA_H1	771	25	A	0	0	25	40.48
A_HA_H1	772	25	C	0	0	25	40.16
A_HA_H1	773	25	A	0	0	25	40.04
A_HA_H1	774	25	T	0	0	25	38.56
A_HA_H1	775	25	T	0	0	25	38.6
A_HA_H1	776	25	C	0	0	25	37.92
A_HA_H1	777	25	G	0	0	25	36.96
A_HA_H1	778	25	A	0	0	25	37.72
A_HA_H1	779	25	A	0	0	25	38
A_HA_H1	780	25	G	0	0	25	39.16
A_HA_H1	781	25	C	0	0	25	40.08
A_HA_H1	782	25	A	0	0	25	38.84
A_HA_H1	783	25	A	0	0	25	39.4
A_HA_H1	784	25	C	0	0	25	39.08
A_HA_H1	785	25	T	0	0	25	39.68
A_HA_H1	786	25	G	0	0	25	40.28
A_HA_H1	787	25	G	0	0	25	39.68
A_HA_H1	788	25	T	0	0	25	41.16
A_HA_H1	789	25	A	0	0	25	39.64
A_HA_H1	790	25	A	0	0	25	40.12
A_HA_H1	791	25	T	0	0	25	41.36
A_HA_H1	792	25	C	0	0	24	40.0416666666667
A_HA_H1	793	25	T	0	0	25	40.88
A_HA_H1	794	25	A	0	0	25	37.76
A_HA_H1	795	25	G	0	0	25	36.84
A_HA_H1	796	25	T	0	0	25	37.12
A_HA_H1	797	25	G	0	0	25	38.04
A_HA_H1	798	24	G	1	0	24	37.1666666666667
A_HA_H1	799	24	C	1	0	24	38.5833333333333
A_HA_H1	800	24	A	1	0	24	36.9166666666667
A_HA_H1	801	25	C	0	0	25	38.68
A_HA_H1	802	25	C	0	0	25	38.44
A_HA_H1	803	25	G	0	0	25	37.28
A_HA_H1	804	25	A	0	0	24	38.2916666666667
A_HA_H1	805	25	G	0	0	24	37.375
A_HA_H1	806	25	A	0	0	24	37.9583333333333
A_HA_H1	807	25	T	0	0	25	37.2
A_HA_H1	808	25	A	0	0	25	39.48
A_HA_H1	809	25	T	0	0	25	39.28
A_HA_H1	810	25	G	0	0	25	39.12
A_HA_H1	811	25	C	0	0	25	39.6
A_HA_H1	812	25	A	0	0	25	38.28
A_HA_H1	813	25	T	0	0	25	40.2
A_HA_H1	814	25	T	0	0	25	41.32
A_HA_H1	815	25	C	0	0	25	39.6
A_HA_H1	816	25	A	0	0	25	41.48
A_HA_H1	817	25	C	0	0	25	41.2
A_HA_H1	818	25	A	0	0	25	42.56
A_HA_H1	819	25	A	0	0	25	43.08
A_HA_H1	820	25	T	0	0	25	43.16
A_HA_H1	821	25	G	0	0	25	43.6
A_HA_H1	822	25	G	0	0	25	43.88
A_HA_H1	823	25	A	0	0	25	42.92
A_HA_H1	824	25	A	0	0	25	41.44
A_HA_H1	825	25	A	0	0	25	43.76
A_HA_H1	826	25	A	0	0	25	43.6
A_HA_H1	827	25	A	0	0	25	43.44
A_HA_H1	828	25	G	0	0	25	42.52
A_HA_H1	829	25	A	0	0	25	40.8
A_HA_H1	830	25	T	0	0	25	41.56
A_HA_H1	831	25	G	0	0	25	40.32
A_HA_H1	832	25	C	0	0	25	38.24
A_HA_H1	833	25	T	0	0	25	39.92
A_HA_H1	834	25	G	0	0	25	39.6
A_HA_H1	835	25	G	0	0	25	42.2
A_HA_H1	836	25	A	0	0	25	43.6
A_HA_H1	837	25	T	0	0	25	42.56
A_HA_H1	838	25	C	0	0	25	43.56
A_HA_H1	839	25	T	0	0	25	43.12
A_HA_H1	840	25	G	0	0	25	41.44
A_HA_H1	841	25	G	0	0	25	42.92
A_HA_H1	842	25	T	0	0	25	41.52
A_HA_H1	843	25	A	0	0	25	41.04
A_HA_H1	844	25	T	0	0	25	40.32
A_HA_H1	845	25	T	0	0	25	40.44
A_HA_H1	846	25	A	0	0	25	40.6
A_HA_H1	847	25	T	0	0	25	41.28
A_HA_H1	848	25	C	0	0	25	40.96
A_HA_H1	849	25	A	0	0	25	40.24
A_HA_H1	850	25	T	0	0	25	40.32
A_HA_H1	851	25	T	0	0	25	41
A_HA_H1	852	25	T	0	0	25	39.72
A_HA_H1	853	25	C	0	0	25	39
A_HA_H1	854	25	A	0	0	25	39.6
A_HA_H1	855	25	G	0	0	25	40.2
A_HA_H1	856	25	A	0	0	25	39.32
A_HA_H1	857	25	T	0	0	25	38.56
A_HA_H1	858	25	A	0	0	24	39.625
A_HA_H1	859	25	C	0	0	25	38.72
A_HA_H1	860	25	A	0	0	25	39.64
A_HA_H1	861	25	C	0	0	25	40.24
A_HA_H1	862	25	C	0	0	25	39.12
A_HA_H1	863	25	A	0	0	25	38.72
A_HA_H1	864	25	G	0	0	25	38.12
A_HA_H1	865	25	T	0	0	25	39.72
A_HA_H1	866	25	C	0	0	25	39.4
A_HA_H1	867	25	C	0	0	25	41.36
A_HA_H1	868	25	A	0	0	25	39.96
A_HA_H1	869	25	C	0	0	25	38.6
A_HA_H1	870	25	G	0	0	25	39.04
A_HA_H1	871	25	A	0	0	25	37.8
A_HA_H1	872	25	C	0	0	25	37.8
A_HA_H1	873	25	T	0	0	25	36.92
A_HA_H1	874	25	G	0	0	25	37.24
A_HA_H1	875	25	C	0	0	25	41.64
A_HA_H1	876	25	A	0	0	25	40.32
A_HA_H1	877	25	A	0	0	25	39.68
A_HA_H1	878	25	T	0	0	25	40.56
A_HA_H1	879	25	A	0	0	25	40.52
A_HA_H1	880	25	C	0	0	25	41.2
A_HA_H1	881	25	A	0	0	25	43.04
A_HA_H1	882	25	A	0	0	25	43.2
A_HA_H1	883	25	C	0	0	25	41.48
A_HA_H1	884	25	T	0	0	25	42.08
A_HA_H1	885	25	T	0	0	25	41.56
A_HA_H1	886	25	G	0	0	25	41.48
A_HA_H1	887	25	T	0	0	25	42
A_HA_H1	888	25	C	0	0	25	41.72
A_HA_H1	889	25	A	0	0	25	41.44
A_HA_H1	890	25	G	0	0	25	41
A_HA_H1	891	25	A	0	0	25	39.92
A_HA_H1	892	25	C	0	0	25	40.16
A_HA_H1	893	25	A	0	0	25	40.44
A_HA_H1	894	25	C	0	0	25	40.28
A_HA_H1	895	25	C	0	0	25	40.96
A_HA_H1	896	25	C	0	0	25	41.92
A_HA_H1	897	25	G	0	0	25	40.64
A_HA_H1	898	25	A	0	0	25	41.6
A_HA_H1	899	24	A	1	0	24	42.0416666666667
A_HA_H1	900	24	G	1	0	24	42.875
A_HA_H1	901	25	G	0	0	25	43.04
A_HA_H1	902	25	T	0	0	25	42.08
A_HA_H1	903	25	G	0	0	25	43.92
A_HA_H1	904	25	C	0	0	25	42.48
A_HA_H1	905	25	T	0	0	25	43.44
A_HA_H1	906	25	A	0	0	25	42.32
A_HA_H1	907	25	T	0	0	25	42.36
A_HA_H1	908	25	A	0	0	25	40.16
A_HA_H1	909	25	A	0	0	25	40.52
A_HA_H1	910	25	A	0	0	25	40.72
A_HA_H1	911	25	C	0	0	25	41.36
A_HA_H1	912	25	A	0	0	25	40.08
A_HA_H1	913	25	C	0	0	25	40.6
A_HA_H1	914	25	C	0	0	25	42.12
A_HA_H1	915	25	A	0	0	25	39.24
A_HA_H1	916	25	G	0	0	25	36.32
A_HA_H1	917	25	C	0	0	25	37.2
A_HA_H1	918	25	C	0	0	25	37.6
A_HA_H1	919	25	T	0	0	24	36.75
A_HA_H1	920	24	C	1	0	24	36.8333333333333
A_HA_H1	921	25	C	0	0	25	38.04
A_HA_H1	922	25	C	0	0	25	35.36
A_HA_H1	923	25	A	0	0	25	32.92
A_HA_H1	924	25	T	0	0	25	32.92
A_HA_H1	925	25	T	0	0	25	35.92
A_HA_H1	926	25	T	0	0	25	37.64
A_HA_H1	927	25	C	0	0	25	34.96
A_HA_H1	928	25	A	0	0	25	37.28
A_HA_H1	929	25	G	0	0	25	38.92
A_HA_H1	930	25	A	0	0	25	39.52
A_HA_H1	931	25	A	0	0	25	40.68
A_HA_H1	932	25	T	0	0	25	42.16
A_HA_H1	933	25	G	0	0	25	43.12
A_HA_H1	934	25	T	0	0	25	42.08
A_HA_H1	935	25	A	0	0	25	41.6
A_HA_H1	936	25	C	0	0	25	41.24
A_HA_H1	937	25	A	0	0	25	40.6
A_HA_H1	938	25	T	0	0	25	41.08
A_HA_H1	939	25	C	0	0	25	41.56
A_HA_H1	940	25	C	0	0	25	40.52
A_HA_H1	941	25	G	0	0	25	39.2
A_HA_H1	942	25	A	0	0	25	41.12
A_HA_H1	943	25	T	0	0	25	41
A_HA_H1	944	25	C	0	0	25	41
A_HA_H1	945	25	A	0	0	23	40.7826086956522
A_HA_H1	946	25	C	0	0	25	41.32
A_HA_H1	947	25	G	0	0	24	38.2916666666667
A_HA_H1	948	25	A	0	0	25	38.6
A_HA_H1	949	25	T	0	0	25	38.4
A_HA_H1	950	25	T	0	0	25	39
A_HA_H1	951	25	G	0	0	25	38.4
A_HA_H1	952	25	G	0	0	25	40.48
A_HA_H1	953	25	G	0	0	25	41.76
A_HA_H1	954	25	A	0	0	25	40.64
A_HA_H1	955	25	A	0	0	25	42.84
A_HA_H1	956	25	A	0	0	25	42.44
A_HA_H1	957	25	T	0	0	25	42.2
A_HA_H1	958	25	G	0	0	25	41.92
A_HA_H1	959	25	T	0	0	25	41.64
A_HA_H1	960	25	C	0	0	25	39.76
A_HA_H1	961	25	C	0	0	25	38.8
A_HA_H1	962	25	A	0	0	25	36.6
A_HA_H1	963	25	A	0	0	25	37.64
A_HA_H1	964	25	A	0	0	25	39.6
A_HA_H1	965	25	G	0	0	25	38.52
A_HA_H1	966	25	T	0	0	25	38.6
A_HA_H1	967	25	A	0	0	25	39.64
A_HA_H1	968	25	T	0	0	25	38.88
A_HA_H1	969	25	G	0	0	25	37.96
A_HA_H1	970	25	T	0	0	25	38.64
A_HA_H1	971	25	G	0	0	25	38.4
A_HA_H1	972	25	A	0	0	25	39.28
A_HA_H1	973	25	G	0	0	25	40.08
A_HA_H1	974	25	A	0	0	25	38.68
A_HA_H1	975	25	A	0	0	25	39.48
A_HA_H1	976	25	G	0	0	25	39.16
A_HA_H1	977	25	C	0	0	25	40.28
A_HA_H1	978	25	A	0	0	25	39.48
A_HA_H1	979	25	C	0	0	25	39.16
A_HA_H1	980	25	A	0	0	25	39.12
A_HA_H1	981	25	A	0	0	25	38.16
A_HA_H1	982	25	A	0	0	25	38.4
A_HA_H1	983	25	A	0	0	25	36.44
A_HA_H1	984	25	T	0	0	25	37.2
A_HA_H1	985	25	T	0	0	25	37.56
A_HA_H1	986	25	G	0	0	25	36.2
A_HA_H1	987	25	A	0	0	25	35.52
A_HA_H1	988	25	G	0	0	25	36.12
A_HA_H1	989	25	A	0	0	25	35.72
A_HA_H1	990	25	C	0	0	24	34.8333333333333
A_HA_H1	991	25	T	0	0	25	34.16
A_HA_H1	992	25	G	0	0	25	34.12
A_HA_H1	993	25	G	0	0	25	33.6
A_HA_H1	994	25	C	0	0	25	34.48
A_HA_H1	995	24	C	0	0	24	37.2083333333333
A_HA_H1	996	24	A	0	0	24	39.4583333333333
A_HA_H1	997	24	C	0	0	24	39.2916666666667
A_HA_H1	998	24	A	0	0	24	40.125
A_HA_H1	999	24	G	0	0	23	40.3478260869565
A_HA_H1	1000	24	G	0	0	23	41.5217391304348
A_HA_H1	1001	24	A	0	0	24	41.375
A_HA_H1	1002	24	C	0	0	24	39.2083333333333
A_HA_H1	1003	24	T	0	0	24	40.125
A_HA_H1	1004	23	G	1	0	23	36.695652173913
A_HA_H1	1005	24	A	0	0	24	35.8333333333333
A_HA_H1	1006	24	G	0	0	24	37.5
A_HA_H1	1007	24	G	0	0	24	36.9166666666667
A_HA_H1	1008	24	A	0	0	24	38.375
A_HA_H1	1009	24	A	0	0	24	38.5416666666667
A_HA_H1	1010	24	T	0	0	24	39.1666666666667
A_HA_H1	1011	24	G	0	0	24	39.7083333333333
A_HA_H1	1012	24	T	0	0	24	38.6666666666667
A_HA_H1	1013	23	C	1	0	23	39
A_HA_H1	1014	24	C	0	0	24	36.7916666666667
A_HA_H1	1015	24	C	0	0	24	36.1666666666667
A_HA_H1	1016	24	G	0	0	24	34.0833333333333
A_HA_H1	1017	24	T	0	0	23	35.3478260869565
A_HA_H1	1018	24	C	0	0	24	36.6666666666667
A_HA_H1	1019	24	T	0	0	24	35.75
A_HA_H1	1020	24	A	0	0	24	35.875
A_HA_H1	1021	24	T	0	0	24	35.5
A_HA_H1	1022	24	T	0	0	24	37.7916666666667
A_HA_H1	1023	24	C	0	0	24	37.75
A_HA_H1	1024	24	A	0	0	24	38.5416666666667
A_HA_H1	1025	24	A	0	0	24	38.9166666666667
A_HA_H1	1026	24	T	0	0	24	39.875
A_HA_H1	1027	24	C	0	0	24	40.2083333333333
A_HA_H1	1028	24	T	0	0	24	40.1666666666667
A_HA_H1	1029	24	A	0	0	24	40.9583333333333
A_HA_H1	1030	24	G	0	0	24	40.375
A_HA_H1	1031	24	A	0	0	24	39.625
A_HA_H1	1032	24	G	0	0	24	39
A_HA_H1	1033	24	G	0	0	24	38.3333333333333
A_HA_H1	1034	24	C	0	0	24	37.1666666666667
A_HA_H1	1035	24	C	0	0	24	36.25
A_HA_H1	1036	24	T	0	0	24	37.4583333333333
A_HA_H1	1037	24	G	0	0	24	36.7083333333333
A_HA_H1	1038	24	T	0	0	24	37.2916666666667
A_HA_H1	1039	24	T	0	0	24	37.75
A_HA_H1	1040	24	C	0	0	24	36.375
A_HA_H1	1041	24	G	0	0	24	34.75
A_HA_H1	1042	24	G	0	0	24	35.3333333333333
A_HA_H1	1043	24	G	0	0	24	36.8333333333333
A_HA_H1	1044	24	G	0	0	24	36.5
A_HA_H1	1045	24	C	0	0	24	37.3333333333333
A_HA_H1	1046	24	C	0	0	24	39.2916666666667
A_HA_H1	1047	24	A	0	0	24	38.875
A_HA_H1	1048	24	T	0	0	24	39.5416666666667
A_HA_H1	1049	24	T	0	0	24	41.0416666666667
A_HA_H1	1050	24	G	0	0	24	39.6666666666667
A_HA_H1	1051	24	C	0	0	24	41.5
A_HA_H1	1052	24	T	0	0	24	41.5833333333333
A_HA_H1	1053	24	G	0	0	24	39.5416666666667
A_HA_H1	1054	24	G	0	0	24	39.875
A_HA_H1	1055	24	C	0	0	24	40.4583333333333
A_HA_H1	1056	24	T	0	0	24	40.0416666666667
A_HA_H1	1057	24	T	0	0	24	41.4166666666667
A_HA_H1	1058	24	C	0	0	24	42.3333333333333
A_HA_H1	1059	24	A	0	0	24	43.3333333333333
A_HA_H1	1060	24	T	0	0	24	42.875
A_HA_H1	1061	24	C	0	0	24	40.5416666666667
A_HA_H1	1062	24	G	0	0	24	43
A_HA_H1	1063	24	A	0	0	24	41.2083333333333
A_HA_H1	1064	24	A	0	0	24	40.9583333333333
A_HA_H1	1065	23	G	1	0	23	39.7391304347826
A_HA_H1	1066	24	G	0	0	24	39.4583333333333
A_HA_H1	1067	24	G	0	0	24	39.9166666666667
A_HA_H1	1068	24	G	0	0	24	40.7916666666667
A_HA_H1	1069	24	G	0	0	24	42.2916666666667
A_HA_H1	1070	24	G	0	0	24	41.7083333333333
A_HA_H1	1071	24	T	0	0	24	41.9583333333333
A_HA_H1	1072	24	G	0	0	24	40.4583333333333
A_HA_H1	1073	24	G	0	0	24	42
A_HA_H1	1074	24	A	0	0	24	42.5416666666667
A_HA_H1	1075	24	C	0	0	24	42.3333333333333
A_HA_H1	1076	23	A	1	0	23	38.8695652173913
A_HA_H1	1077	24	G	0	0	24	38.3333333333333
A_HA_H1	1078	24	G	0	0	24	36.9166666666667
A_HA_H1	1079	24	G	0	0	24	38.625
A_HA_H1	1080	24	A	0	0	24	37.3333333333333
A_HA_H1	1081	24	T	0	0	23	41.695652173913
A_HA_H1	1082	24	G	0	0	23	39.7826086956522
A_HA_H1	1083	24	G	0	0	24	39.375
A_HA_H1	1084	24	T	0	0	24	38
A_HA_H1	1085	24	A	0	0	24	37.0416666666667
A_HA_H1	1086	24	G	0	0	24	38.2083333333333
A_HA_H1	1087	24	A	0	0	24	37.4583333333333
A_HA_H1	1088	24	T	0	0	24	38.375
A_HA_H1	1089	24	G	0	0	24	37.625
A_HA_H1	1090	24	G	0	0	24	38.375
A_HA_H1	1091	24	A	0	0	24	39.4166666666667
A_HA_H1	1092	24	T	0	0	24	39.3333333333333
A_HA_H1	1093	24	G	0	0	24	41.2916666666667
A_HA_H1	1094	24	G	0	0	24	41.0416666666667
A_HA_H1	1095	24	T	0	0	23	41.304347826087
A_HA_H1	1096	24	A	0	0	24	40.0416666666667
A_HA_H1	1097	24	C	0	0	24	41.0416666666667
A_HA_H1	1098	24	G	0	0	24	40.25
A_HA_H1	1099	24	G	0	0	24	40.5833333333333
A_HA_H1	1100	24	T	0	0	24	40.875
A_HA_H1	1101	24	T	0	0	24	40
A_HA_H1	1102	24	A	0	0	24	40.1666666666667
A_HA_H1	1103	24	T	0	0	24	42.7083333333333
A_HA_H1	1104	24	C	0	0	24	42.25
A_HA_H1	1105	24	A	0	0	24	42.0416666666667
A_HA_H1	1106	24	C	0	0	24	44.5
A_HA_H1	1107	24	C	0	0	24	42.9166666666667
A_HA_H1	1108	24	A	0	0	24	42.0416666666667
A_HA_H1	1109	24	T	0	0	24	41.875
A_HA_H1	1110	24	C	0	0	24	40.7916666666667
A_HA_H1	1111	24	A	0	0	24	40.5833333333333
A_HA_H1	1112	24	A	0	0	24	41.25
A_HA_H1	1113	24	A	0	0	24	40.875
A_HA_H1	1114	24	A	0	0	24	42.5
A_HA_H1	1115	24	T	0	0	24	41.8333333333333
A_HA_H1	1116	24	G	0	0	24	40.7916666666667
A_HA_H1	1117	48	A	0	0	48	36.8541666666667
A_HA_H1	1118	48	G	0	0	48	36.3541666666667
A_HA_H1	1119	49	C	0	0	49	36.3265306122449
A_HA_H1	1120	51	A	0	0	51	35.3921568627451
A_HA_H1	1121	51	G	0	0	51	35.6666666666667
A_HA_H1	1122	53	G	0	0	53	36.1698113207547
A_HA_H1	1123	53	G	0	0	53	37.6037735849057
A_HA_H1	1124	53	G	0	0	53	37.2075471698113
A_HA_H1	1125	53	T	0	0	53	37.8490566037736
A_HA_H1	1126	53	C	0	0	53	37.2641509433962
A_HA_H1	1127	53	A	0	0	53	37.0566037735849
A_HA_H1	1128	53	G	0	0	53	37.0566037735849
A_HA_H1	1129	53	G	0	0	53	36.7924528301887
A_HA_H1	1130	53	A	0	0	53	36.7358490566038
A_HA_H1	1131	53	T	0	0	53	38.811320754717
A_HA_H1	1132	53	A	0	0	53	39.2075471698113
A_HA_H1	1133	53	T	0	0	53	39.6415094339623
A_HA_H1	1134	52	G	1	0	52	39.2115384615385
A_HA_H1	1135	53	C	0	0	52	39.6346153846154
A_HA_H1	1136	53	A	0	0	53	38.4716981132075
A_HA_H1	1137	53	G	0	0	53	37.811320754717
A_HA_H1	1138	53	C	0	0	52	39.9423076923077
A_HA_H1	1139	53	C	0	0	53	39.0188679245283
A_HA_H1	1140	52	G	1	0	51	38.8627450980392
A_HA_H1	1141	53	A	0	0	53	37.3396226415094
A_HA_H1	1142	53	T	0	0	53	37.5094339622642
A_HA_H1	1143	53	C	0	0	53	35.8679245283019
A_HA_H1	1144	53	T	0	0	53	36.4528301886792
A_HA_H1	1145	53	G	0	0	53	37.1509433962264
A_HA_H1	1146	53	A	0	0	53	38.1132075471698
A_HA_H1	1147	53	A	0	0	52	37.9615384615385
A_HA_H1	1148	53	G	0	0	52	39.6346153846154
A_HA_H1	1149	53	A	0	0	53	41.0754716981132
A_HA_H1	1150	53	G	0	0	53	39.8867924528302
A_HA_H1	1151	53	C	0	0	53	39.8301886792453
A_HA_H1	1152	53	A	0	0	52	39.3846153846154
A_HA_H1	1153	53	C	0	0	53	39.7924528301887
A_HA_H1	1154	53	A	0	0	53	40.1698113207547
A_HA_H1	1155	53	C	0	0	53	38.6981132075472
A_HA_H1	1156	53	A	0	0	53	38.9622641509434
A_HA_H1	1157	53	A	0	0	53	40.4150943396226
A_HA_H1	1158	53	A	0	0	53	41.5283018867925
A_HA_H1	1159	53	A	0	0	53	41.377358490566
A_HA_H1	1160	53	T	0	0	52	42.0961538461538
A_HA_H1	1161	53	G	0	0	53	41.5283018867925
A_HA_H1	1162	53	C	0	0	53	42.0377358490566
A_HA_H1	1163	53	C	0	0	53	40.3018867924528
A_HA_H1	1164	53	A	0	0	53	40.4150943396226
A_HA_H1	1165	53	T	0	0	53	41.0566037735849
A_HA_H1	1166	53	T	0	0	53	41.6981132075472
A_HA_H1	1167	53	G	0	0	53	40.7358490566038
A_HA_H1	1168	53	A	0	0	53	40.9245283018868
A_HA_H1	1169	53	T	0	0	53	42.1320754716981
A_HA_H1	1170	53	A	0	0	53	42.3018867924528
A_HA_H1	1171	53	A	0	0	53	42.1132075471698
A_HA_H1	1172	53	G	0	0	52	41.75
A_HA_H1	1173	53	A	0	0	53	42.377358490566
A_HA_H1	1174	53	T	0	0	53	43.5094339622642
A_HA_H1	1175	53	T	0	0	53	43.5849056603774
A_HA_H1	1176	53	A	0	0	53	42.4905660377358
A_HA_H1	1177	53	C	0	0	53	42.3584905660377
A_HA_H1	1178	53	C	0	0	53	41.1132075471698
A_HA_H1	1179	53	A	0	0	53	40.6415094339623
A_HA_H1	1180	53	A	0	0	53	41.9622641509434
A_HA_H1	1181	53	C	0	0	53	41.5849056603774
A_HA_H1	1182	53	A	0	0	53	40.9056603773585
A_HA_H1	1183	53	A	0	0	53	41.1698113207547
A_HA_H1	1184	53	A	0	0	53	40.3396226415094
A_HA_H1	1185	53	G	0	0	53	39.6037735849057
A_HA_H1	1186	53	T	0	0	53	39.5283018867925
A_HA_H1	1187	53	A	0	0	53	38.2830188679245
A_HA_H1	1188	53	A	0	0	53	39.0566037735849
A_HA_H1	1189	53	A	0	0	53	39.1698113207547
A_HA_H1	1190	53	T	0	0	53	38.2264150943396
A_HA_H1	1191	53	T	0	0	53	39.6792452830189
A_HA_H1	1192	53	C	0	0	53	39.6037735849057
A_HA_H1	1193	53	T	0	0	53	39.8490566037736
A_HA_H1	1194	53	G	0	0	53	38.1698113207547
A_HA_H1	1195	53	T	0	0	53	39.5660377358491
A_HA_H1	1196	53	T	0	0	53	39.2264150943396
A_HA_H1	1197	53	A	0	0	53	37.6415094339623
A_HA_H1	1198	53	T	0	0	53	37.811320754717
A_HA_H1	1199	53	T	0	0	53	39.2264150943396
A_HA_H1	1200	53	G	0	0	53	37.7924528301887
A_HA_H1	1201	53	A	0	0	53	38.3962264150943
A_HA_H1	1202	53	A	0	0	53	39.3396226415094
A_HA_H1	1203	53	A	0	0	53	39.1132075471698
A_HA_H1	1204	53	A	0	0	53	40.0377358490566
A_HA_H1	1205	53	G	0	0	53	40.3396226415094
A_HA_H1	1206	53	A	0	0	53	39.6037735849057
A_HA_H1	1207	53	T	0	0	53	39.0377358490566
A_HA_H1	1208	53	G	0	0	53	39.0566037735849
A_HA_H1	1209	53	A	0	0	53	39.3396226415094
A_HA_H1	1210	53	A	0	0	53	39.6792452830189
A_HA_H1	1211	53	T	0	0	53	40.0188679245283
A_HA_H1	1212	53	A	0	0	53	38.9245283018868
A_HA_H1	1213	53	C	0	0	53	39.811320754717
A_HA_H1	1214	53	A	0	0	53	39.1320754716981
A_HA_H1	1215	53	C	0	0	53	39.9622641509434
A_HA_H1	1216	53	A	0	0	53	38.4716981132075
A_HA_H1	1217	53	G	0	0	53	38.8867924528302
A_HA_H1	1218	53	T	0	0	53	39.7547169811321
A_HA_H1	1219	53	T	0	0	53	40.188679245283
A_HA_H1	1220	53	C	0	0	53	39.2452830188679
A_HA_H1	1221	53	A	0	0	53	38.6037735849057
A_HA_H1	1222	53	C	0	0	53	39.7169811320755
A_HA_H1	1223	53	A	0	0	53	39.6037735849057
A_HA_H1	1224	53	G	0	0	53	38.4528301886792
A_HA_H1	1225	53	C	0	0	53	39.5471698113208
A_HA_H1	1226	53	A	0	0	53	40.0943396226415
A_HA_H1	1227	53	G	0	0	53	39.3018867924528
A_HA_H1	1228	53	T	0	0	53	39.811320754717
A_HA_H1	1229	53	T	0	0	53	39.9056603773585
A_HA_H1	1230	53	G	0	0	53	40.1698113207547
A_HA_H1	1231	53	G	0	0	53	40.7358490566038
A_HA_H1	1232	53	T	0	0	53	41.0754716981132
A_HA_H1	1233	53	A	0	0	53	40.811320754717
A_HA_H1	1234	53	A	0	0	53	41.2075471698113
A_HA_H1	1235	53	A	0	0	53	42.3396226415094
A_HA_H1	1236	53	G	0	0	53	41.3584905660377
A_HA_H1	1237	53	A	0	0	53	40.1320754716981
A_HA_H1	1238	53	G	0	0	53	39.1698113207547
A_HA_H1	1239	53	T	0	0	51	38.1960784313725
A_HA_H1	1240	52	T	1	0	52	38.3461538461538
A_HA_H1	1241	52	C	1	0	52	35.8653846153846
A_HA_H1	1242	53	A	0	0	53	35.2830188679245
A_HA_H1	1243	53	A	0	0	53	35.188679245283
A_HA_H1	1244	53	C	0	0	53	35.7924528301887
A_HA_H1	1245	53	C	0	0	53	35.6037735849057
A_HA_H1	1246	53	A	0	0	52	38.4230769230769
A_HA_H1	1247	53	C	0	0	53	37.1320754716981
A_HA_H1	1248	53	C	0	0	53	37.377358490566
A_HA_H1	1249	53	T	0	0	53	37.4716981132075
A_HA_H1	1250	53	T	0	0	53	38.0377358490566
A_HA_H1	1251	53	G	0	0	53	37.0188679245283
A_HA_H1	1252	49	A	4	0	49	37.3673469387755
A_HA_H1	1253	50	A	3	0	50	36.78
A_HA_H1	1254	50	A	3	0	50	37.68
A_HA_H1	1255	53	A	0	0	53	36.8679245283019
A_HA_H1	1256	53	A	0	0	53	39.811320754717
A_HA_H1	1257	53	A	0	0	53	39.0754716981132
A_HA_H1	1258	53	G	0	0	53	37.7547169811321
A_HA_H1	1259	53	A	0	0	53	36.0754716981132
A_HA_H1	1260	53	A	0	0	53	35.622641509434
A_HA_H1	1261	53	T	0	0	53	35.8867924528302
A_HA_H1	1262	52	A	1	0	51	37.3921568627451
A_HA_H1	1263	52	G	1	0	51	39.4117647058824
A_HA_H1	1264	53	A	0	0	53	39.8490566037736
A_HA_H1	1265	53	G	0	0	53	38.6981132075472
A_HA_H1	1266	52	A	1	0	52	39.25
A_HA_H1	1267	52	A	1	0	52	40.9615384615385
A_HA_H1	1268	52	T	1	0	52	40.8653846153846
A_HA_H1	1269	52	C	1	0	52	40.0192307692308
A_HA_H1	1270	53	T	0	0	52	40.6538461538462
A_HA_H1	1271	53	A	0	0	52	41.7307692307692
A_HA_H1	1272	53	A	0	0	52	40.9807692307692
A_HA_H1	1273	52	A	1	0	52	39.6346153846154
A_HA_H1	1274	52	T	1	0	52	39.0576923076923
A_HA_H1	1275	53	A	0	0	51	38.5294117647059
A_HA_H1	1276	53	A	0	0	53	37.4905660377358
A_HA_H1	1277	53	A	0	0	53	38.6792452830189
A_HA_H1	1278	53	A	0	0	53	38.3584905660377
A_HA_H1	1279	53	A	0	0	53	40.7547169811321
A_HA_H1	1280	53	G	0	0	53	41.4716981132075
A_HA_H1	1281	53	G	0	0	53	40.7735849056604
A_HA_H1	1282	53	T	0	0	53	40.3962264150943
A_HA_H1	1283	53	T	0	0	53	39.1509433962264
A_HA_H1	1284	53	G	0	0	53	39.3207547169811
A_HA_H1	1285	53	A	0	0	53	40.5471698113208
A_HA_H1	1286	53	T	0	0	53	40.7735849056604
A_HA_H1	1287	53	G	0	0	53	40.1509433962264
A_HA_H1	1288	53	A	0	0	52	40.4615384615385
A_HA_H1	1289	53	T	0	0	52	41.6923076923077
A_HA_H1	1290	53	G	0	0	52	40.6346153846154
A_HA_H1	1291	53	G	0	0	51	40.9607843137255
A_HA_H1	1292	53	T	0	0	52	40.7115384615385
A_HA_H1	1293	53	T	0	0	53	41.4528301886792
A_HA_H1	1294	53	T	0	0	53	41.2075471698113
A_HA_H1	1295	53	C	0	0	51	40.3137254901961
A_HA_H1	1296	53	C	0	0	53	41.0943396226415
A_HA_H1	1297	53	T	0	0	53	42.2075471698113
A_HA_H1	1298	52	G	1	0	52	41.1923076923077
A_HA_H1	1299	53	G	0	0	53	39.811320754717
A_HA_H1	1300	53	A	0	0	53	39.9811320754717
A_HA_H1	1301	53	C	0	0	53	39.2830188679245
A_HA_H1	1302	53	G	0	0	53	37.9056603773585
A_HA_H1	1303	53	T	0	0	53	39.377358490566
A_HA_H1	1304	53	T	0	0	53	40.4716981132075
A_HA_H1	1305	53	T	0	0	53	41.2830188679245
A_HA_H1	1306	53	G	0	0	53	41.4150943396226
A_HA_H1	1307	53	G	0	0	53	41.377358490566
A_HA_H1	1308	53	A	0	0	53	42.0377358490566
A_HA_H1	1309	53	C	0	0	53	41.6603773584906
A_HA_H1	1310	53	T	0	0	53	41.4150943396226
A_HA_H1	1311	53	T	0	0	53	41
A_HA_H1	1312	53	A	0	0	52	41.1346153846154
A_HA_H1	1313	53	C	0	0	53	40.5660377358491
A_HA_H1	1314	53	A	0	0	53	39.7924528301887
A_HA_H1	1315	53	A	0	0	53	40.2641509433962
A_HA_H1	1316	53	T	0	0	53	39.9245283018868
A_HA_H1	1317	53	G	0	0	53	39.8301886792453
A_HA_H1	1318	53	C	0	0	53	40.3584905660377
A_HA_H1	1319	53	C	0	0	53	38.9811320754717
A_HA_H1	1320	53	G	0	0	53	36.8867924528302
A_HA_H1	1321	53	A	0	0	53	37.5094339622642
A_HA_H1	1322	53	A	0	0	53	36.4339622641509
A_HA_H1	1323	53	C	0	0	53	36.4150943396226
A_HA_H1	1324	53	T	0	0	53	37.7735849056604
A_HA_H1	1325	53	G	0	0	53	39.6415094339623
A_HA_H1	1326	53	C	0	0	53	40.0566037735849
A_HA_H1	1327	53	T	0	0	53	40.1132075471698
A_HA_H1	1328	53	G	0	0	53	40.9433962264151
A_HA_H1	1329	53	G	0	0	53	41.2452830188679
A_HA_H1	1330	53	T	0	0	53	40.1132075471698
A_HA_H1	1331	53	T	0	0	53	41.622641509434
A_HA_H1	1332	53	C	0	0	53	41.2641509433962
A_HA_H1	1333	53	T	0	0	53	41.3018867924528
A_HA_H1	1334	53	A	0	0	53	40.7735849056604
A_HA_H1	1335	53	C	0	0	53	39.5094339622642
A_HA_H1	1336	53	T	0	0	53	39.6981132075472
A_HA_H1	1337	53	G	0	0	53	40.0377358490566
A_HA_H1	1338	53	G	0	0	53	39.4528301886792
A_HA_H1	1339	52	A	1	0	51	39.4705882352941
A_HA_H1	1340	53	A	0	0	53	40.5094339622642
A_HA_H1	1341	53	A	0	0	53	41.2830188679245
A_HA_H1	1342	53	A	0	0	52	41.5
A_HA_H1	1343	53	C	0	0	53	37.622641509434
A_HA_H1	1344	53	G	0	0	53	34.9056603773585
A_HA_H1	1345	53	A	0	0	53	34.2452830188679
A_HA_H1	1346	53	A	0	0	53	35.0377358490566
A_HA_H1	1347	53	A	0	0	53	34.1132075471698
A_HA_H1	1348	53	G	0	0	53	34.7735849056604
A_HA_H1	1349	53	A	0	0	53	36.2830188679245
A_HA_H1	1350	53	A	0	0	53	37.8867924528302
A_HA_H1	1351	53	C	0	0	51	36.9411764705882
A_HA_H1	1352	52	T	1	0	51	34.4509803921569
A_HA_H1	1353	53	T	0	0	53	35.2641509433962
A_HA_H1	1354	53	T	0	0	53	36.7358490566038
A_HA_H1	1355	53	G	0	0	53	34.9056603773585
A_HA_H1	1356	53	G	0	0	53	38.5471698113208
A_HA_H1	1357	53	A	0	0	53	39.5849056603774
A_HA_H1	1358	53	C	0	0	53	39.8490566037736
A_HA_H1	1359	53	T	0	0	53	39.622641509434
A_HA_H1	1360	53	A	0	0	53	39.1132075471698
A_HA_H1	1361	53	T	0	0	53	39.4905660377358
A_HA_H1	1362	53	C	0	0	53	38.0754716981132
A_HA_H1	1363	52	A	1	0	52	38.9615384615385
A_HA_H1	1364	52	T	1	0	52	39.2692307692308
A_HA_H1	1365	53	G	0	0	53	39.188679245283
A_HA_H1	1366	53	A	0	0	53	40.5283018867925
A_HA_H1	1367	53	T	0	0	53	40.188679245283
A_HA_H1	1368	53	T	0	0	53	40.7547169811321
A_HA_H1	1369	53	C	0	0	53	41.0566037735849
A_HA_H1	1370	52	A	1	0	52	40.0769230769231
A_HA_H1	1371	53	A	0	0	53	41.6415094339623
A_HA_H1	1372	53	A	0	0	53	41.8867924528302
A_HA_H1	1373	53	T	0	0	53	41.811320754717
A_HA_H1	1374	53	G	0	0	53	42.0754716981132
A_HA_H1	1375	53	T	0	0	53	42.1132075471698
A_HA_H1	1376	53	G	0	0	53	39.9433962264151
A_HA_H1	1377	53	A	0	0	53	40.8490566037736
A_HA_H1	1378	53	A	0	0	53	40.2075471698113
A_HA_H1	1379	53	G	0	0	53	38.7358490566038
A_HA_H1	1380	53	A	0	0	53	39.1509433962264
A_HA_H1	1381	53	A	0	0	53	39.8867924528302
A_HA_H1	1382	53	C	0	0	53	40.377358490566
A_HA_H1	1383	53	T	0	0	53	41
A_HA_H1	1384	53	T	0	0	53	42.8679245283019
A_HA_H1	1385	53	G	0	0	53	40.3396226415094
A_HA_H1	1386	52	T	1	0	52	41.5961538461538
A_HA_H1	1387	52	A	1	0	52	40.6730769230769
A_HA_H1	1388	53	T	0	0	53	39.3207547169811
A_HA_H1	1389	53	G	0	0	53	37.6792452830189
A_HA_H1	1390	52	A	1	0	52	38.1538461538462
A_HA_H1	1391	53	A	0	0	53	38.4905660377358
A_HA_H1	1392	53	A	0	0	53	38.9622641509434
A_HA_H1	1393	53	A	0	0	53	39.5471698113208
A_HA_H1	1394	53	A	0	0	53	38.5849056603774
A_HA_H1	1395	53	G	0	0	53	38.4716981132075
A_HA_H1	1396	53	T	0	0	52	37.7115384615385
A_HA_H1	1397	52	A	1	0	51	38.078431372549
A_HA_H1	1398	52	A	1	0	51	39
A_HA_H1	1399	52	G	1	0	50	38.34
A_HA_H1	1400	53	A	0	0	53	39.2264150943396
A_HA_H1	1401	52	A	1	0	52	40.8846153846154
A_HA_H1	1402	52	A	1	0	52	40.9423076923077
A_HA_H1	1403	52	C	1	0	52	41.0576923076923
A_HA_H1	1404	52	C	1	0	50	40.4
A_HA_H1	1405	52	A	1	0	52	40.6923076923077
A_HA_H1	1406	52	G	1	0	51	39.8627450980392
A_HA_H1	1407	53	T	0	0	53	38.8679245283019
A_HA_H1	1408	52	T	1	0	51	38.9019607843137
A_HA_H1	1409	52	A	1	0	52	37.5961538461538
A_HA_H1	1410	53	A	0	0	52	37.9807692307692
A_HA_H1	1411	53	A	0	0	53	39.1698113207547
A_HA_H1	1412	53	A	0	0	53	40.3396226415094
A_HA_H1	1413	53	A	0	0	53	42.6415094339623
A_HA_H1	1414	53	A	0	0	53	42.3018867924528
A_HA_H1	1415	53	C	0	0	52	42.1538461538462
A_HA_H1	1416	53	A	0	0	53	42.0566037735849
A_HA_H1	1417	53	A	0	0	53	41.6792452830189
A_HA_H1	1418	53	T	0	0	53	41.7924528301887
A_HA_H1	1419	53	G	0	0	53	39.1698113207547
A_HA_H1	1420	53	C	0	0	53	39.2452830188679
A_HA_H1	1421	53	T	0	0	53	39.8301886792453
A_HA_H1	1422	53	A	0	0	53	39.6792452830189
A_HA_H1	1423	53	A	0	0	53	38.4716981132075
A_HA_H1	1424	53	G	0	0	53	39.0943396226415
A_HA_H1	1425	53	G	0	0	53	39.811320754717
A_HA_H1	1426	53	A	0	0	53	40.6792452830189
A_HA_H1	1427	53	A	0	0	53	41.1698113207547
A_HA_H1	1428	53	A	0	0	53	42.7169811320755
A_HA_H1	1429	53	T	0	0	53	42.3962264150943
A_HA_H1	1430	52	T	0	0	52	41.6923076923077
A_HA_H1	1431	52	G	0	0	52	40.8461538461538
A_HA_H1	1432	52	G	0	0	52	39.8653846153846
A_HA_H1	1433	51	A	1	0	50	41.3
A_HA_H1	1434	52	A	0	0	52	39.6153846153846
A_HA_H1	1435	52	A	0	0	52	40.7115384615385
A_HA_H1	1436	52	C	0	0	52	37.3653846153846
A_HA_H1	1437	52	G	0	0	52	36.5384615384615
A_HA_H1	1438	52	G	0	0	52	35.2884615384615
A_HA_H1	1439	51	C	1	0	51	35.3137254901961
A_HA_H1	1440	52	T	0	0	52	35.6730769230769
A_HA_H1	1441	52	G	0	0	51	37.1176470588235
A_HA_H1	1442	52	C	0	0	51	40.2156862745098
A_HA_H1	1443	52	T	0	0	52	38.6538461538462
A_HA_H1	1444	52	T	0	0	52	38.8076923076923
A_HA_H1	1445	53	T	0	0	53	38.6603773584906
A_HA_H1	1446	53	G	0	0	53	35.8867924528302
A_HA_H1	1447	53	A	0	0	53	37.0754716981132
A_HA_H1	1448	53	A	0	0	53	38.6603773584906
A_HA_H1	1449	53	T	0	0	53	37.5094339622642
A_HA_H1	1450	53	T	0	0	53	38.7924528301887
A_HA_H1	1451	52	T	1	0	52	40.1730769230769
A_HA_H1	1452	52	T	1	0	52	39.8269230769231
A_HA_H1	1453	52	A	1	0	51	38.3333333333333
A_HA_H1	1454	52	C	1	0	52	39.3461538461538
A_HA_H1	1455	52	C	1	0	52	37.7692307692308
A_HA_H1	1456	53	A	0	0	53	36.8679245283019
A_HA_H1	1457	53	C	0	0	53	36.3962264150943
A_HA_H1	1458	53	A	0	0	53	36.6792452830189
A_HA_H1	1459	53	A	0	0	53	37.811320754717
A_HA_H1	1460	53	A	0	0	53	38.1132075471698
A_HA_H1	1461	53	T	0	0	53	38.188679245283
A_HA_H1	1462	53	G	0	0	53	38.3584905660377
A_HA_H1	1463	53	C	0	0	52	37.7692307692308
A_HA_H1	1464	53	G	0	0	53	36.2264150943396
A_HA_H1	1465	53	A	0	0	53	35.6981132075472
A_HA_H1	1466	53	C	0	0	53	35.8867924528302
A_HA_H1	1467	53	A	0	0	53	36.2264150943396
A_HA_H1	1468	53	A	0	0	53	38.0377358490566
A_HA_H1	1469	52	C	1	0	52	39.6538461538462
A_HA_H1	1470	53	A	0	0	53	39.0754716981132
A_HA_H1	1471	53	C	0	0	53	38.622641509434
A_HA_H1	1472	53	A	0	0	53	38.4339622641509
A_HA_H1	1473	53	T	0	0	53	38.811320754717
A_HA_H1	1474	53	G	0	0	53	39.1320754716981
A_HA_H1	1475	53	C	0	0	53	40.4905660377358
A_HA_H1	1476	53	A	0	0	53	39.3396226415094
A_HA_H1	1477	53	T	0	0	53	39.188679245283
A_HA_H1	1478	53	G	0	0	53	38.8679245283019
A_HA_H1	1479	53	G	0	0	53	38.7735849056604
A_HA_H1	1480	53	A	0	0	53	38.2452830188679
A_HA_H1	1481	53	A	0	0	53	39.5849056603774
A_HA_H1	1482	53	A	0	0	53	40.4150943396226
A_HA_H1	1483	53	G	0	0	52	39.0384615384615
A_HA_H1	1484	53	T	0	0	51	41.0588235294118
A_HA_H1	1485	53	G	0	0	52	40.7307692307692
A_HA_H1	1486	53	T	0	0	52	40.6346153846154
A_HA_H1	1487	53	C	0	0	51	41.2745098039216
A_HA_H1	1488	53	A	0	0	53	41.8301886792453
A_HA_H1	1489	53	A	0	0	53	41.8679245283019
A_HA_H1	1490	53	G	0	0	53	41.6415094339623
A_HA_H1	1491	53	A	0	0	53	41.6037735849057
A_HA_H1	1492	53	A	0	0	53	41.3584905660377
A_HA_H1	1493	53	T	0	0	53	40.8490566037736
A_HA_H1	1494	53	G	0	0	53	39.9622641509434
A_HA_H1	1495	53	G	0	0	53	40.3962264150943
A_HA_H1	1496	53	G	0	0	52	39.75
A_HA_H1	1497	53	A	0	0	53	38.622641509434
A_HA_H1	1498	53	C	0	0	53	37.8490566037736
A_HA_H1	1499	53	T	0	0	53	38.2830188679245
A_HA_H1	1500	52	T	1	0	52	39.8076923076923
A_HA_H1	1501	52	A	1	0	52	41.2884615384615
A_HA_H1	1502	52	T	1	0	52	40.2307692307692
A_HA_H1	1503	52	G	1	0	52	40.3076923076923
A_HA_H1	1504	53	A	0	0	53	39.2075471698113
A_HA_H1	1505	53	C	0	0	53	38.3962264150943
A_HA_H1	1506	53	T	0	0	53	38.4716981132075
A_HA_H1	1507	53	A	0	0	53	37.6981132075472
A_HA_H1	1508	53	C	0	0	53	37.0943396226415
A_HA_H1	1509	53	C	0	0	53	36.0566037735849
A_HA_H1	1510	53	C	0	0	51	37.6666666666667
A_HA_H1	1511	53	A	0	0	53	34.7547169811321
A_HA_H1	1512	53	A	0	0	53	36.8301886792453
A_HA_H1	1513	53	A	0	0	53	37.6415094339623
A_HA_H1	1514	53	A	0	0	52	38.6346153846154
A_HA_H1	1515	53	T	0	0	51	40.6470588235294
A_HA_H1	1516	53	A	0	0	52	38.9423076923077
A_HA_H1	1517	53	C	0	0	52	38.5961538461538
A_HA_H1	1518	53	T	0	0	52	40.25
A_HA_H1	1519	53	C	0	0	52	37.9038461538462
A_HA_H1	1520	54	A	0	0	54	37.6296296296296
A_HA_H1	1521	54	G	0	0	54	37.9444444444444
A_HA_H1	1522	54	A	0	0	54	38.4814814814815
A_HA_H1	1523	54	G	0	0	54	39.3148148148148
A_HA_H1	1524	54	G	0	0	54	39.3703703703704
A_HA_H1	1525	54	A	0	0	54	38.5555555555556
A_HA_H1	1526	54	A	0	0	54	39.4259259259259
A_HA_H1	1527	54	G	0	0	54	38.2222222222222
A_HA_H1	1528	54	C	0	0	54	37.7962962962963
A_HA_H1	1529	54	A	0	0	54	37.6851851851852
A_HA_H1	1530	54	A	0	0	54	38.8888888888889
A_HA_H1	1531	54	A	0	0	54	39.4444444444444
A_HA_H1	1532	54	A	0	0	54	40.4444444444444
A_HA_H1	1533	54	T	0	0	53	41.7547169811321
A_HA_H1	1534	54	T	0	0	54	41.1111111111111
A_HA_H1	1535	54	A	0	0	53	39.2452830188679
A_HA_H1	1536	54	A	0	0	54	39.4814814814815
A_HA_H1	1537	54	A	0	0	54	39.8148148148148
A_HA_H1	1538	54	C	0	0	53	40.0188679245283
A_HA_H1	1539	54	A	0	0	53	39.3018867924528
A_HA_H1	1540	54	G	0	0	54	38.4814814814815
A_HA_H1	1541	54	A	0	0	54	37.5555555555556
A_HA_H1	1542	54	G	0	0	54	36.7407407407407
A_HA_H1	1543	54	A	0	0	54	36.5
A_HA_H1	1544	54	A	0	0	54	37.0740740740741
A_HA_H1	1545	54	A	0	0	54	38.7777777777778
A_HA_H1	1546	54	A	0	0	54	39.962962962963
A_HA_H1	1547	54	A	0	0	54	41.5
A_HA_H1	1548	54	A	0	0	54	40.8888888888889
A_HA_H1	1549	54	T	0	0	53	39.5094339622642
A_HA_H1	1550	54	A	0	0	54	37.1296296296296
A_HA_H1	1551	54	G	0	0	54	37.037037037037
A_HA_H1	1552	54	A	0	0	54	37.1296296296296
A_HA_H1	1553	54	T	0	0	54	36.5925925925926
A_HA_H1	1554	54	G	0	0	54	36.5925925925926
A_HA_H1	1555	54	G	0	0	54	36.7962962962963
A_HA_H1	1556	54	A	0	0	54	37.9259259259259
A_HA_H1	1557	54	G	0	0	54	36.7777777777778
A_HA_H1	1558	54	T	0	0	54	35.7037037037037
A_HA_H1	1559	54	A	0	0	54	35.2777777777778
A_HA_H1	1560	54	A	0	0	53	35.7358490566038
A_HA_H1	1561	54	A	0	0	54	36.7962962962963
A_HA_H1	1562	53	G	1	0	53	36.3584905660377
A_HA_H1	1563	54	C	0	0	54	37.9074074074074
A_HA_H1	1564	54	T	0	0	54	39.5925925925926
A_HA_H1	1565	54	G	0	0	54	38.2037037037037
A_HA_H1	1566	54	G	0	0	54	38.1666666666667
A_HA_H1	1567	54	A	0	0	54	37.9259259259259
A_HA_H1	1568	54	C	0	0	54	37.1666666666667
A_HA_H1	1569	54	T	0	0	54	36.5925925925926
A_HA_H1	1570	53	C	1	0	53	36.4339622641509
A_HA_H1	1571	53	A	1	0	53	37.8867924528302
A_HA_H1	1572	54	A	0	0	54	37.0740740740741
A_HA_H1	1573	54	C	0	0	53	38.2075471698113
A_HA_H1	1574	54	A	0	0	53	38.1509433962264
A_HA_H1	1575	54	A	0	0	54	37.3148148148148
A_HA_H1	1576	53	G	1	0	53	37.8679245283019
A_HA_H1	1577	54	G	0	0	54	37.6296296296296
A_HA_H1	1578	54	A	0	0	54	36.4444444444444
A_HA_H1	1579	54	C	0	0	54	34.4814814814815
A_HA_H1	1580	53	T	1	0	53	35.9811320754717
A_HA_H1	1581	54	T	0	0	54	36
A_HA_H1	1582	54	A	0	0	54	34.962962962963
A_HA_H1	1583	54	C	0	0	54	35.1851851851852
A_HA_H1	1584	54	C	0	0	54	34.8703703703704
A_HA_H1	1585	53	A	1	0	53	35.1320754716981
A_HA_H1	1586	53	G	1	0	53	34.4150943396226
A_HA_H1	1587	54	A	0	0	54	34.7037037037037
A_HA_H1	1588	54	T	0	0	54	35.1666666666667
A_HA_H1	1589	54	C	0	0	54	34.4259259259259
A_HA_H1	1590	54	C	0	0	54	34.6851851851852
A_HA_H1	1591	54	T	0	0	53	35.0754716981132
A_HA_H1	1592	54	G	0	0	53	35.1320754716981
A_HA_H1	1593	54	G	0	0	54	35.9074074074074
A_HA_H1	1594	54	C	0	0	54	36.9074074074074
A_HA_H1	1595	54	A	0	0	54	36.6851851851852
A_HA_H1	1596	54	A	0	0	54	38
A_HA_H1	1597	54	T	0	0	54	37.9259259259259
A_HA_H1	1598	54	C	0	0	54	33.5925925925926
A_HA_H1	1599	54	T	0	0	54	33.962962962963
A_HA_H1	1600	54	A	0	0	54	33.7592592592593
A_HA_H1	1601	54	T	0	0	54	33.2407407407407
A_HA_H1	1602	54	T	0	0	54	33.1851851851852
A_HA_H1	1603	54	C	0	0	54	34.3148148148148
A_HA_H1	1604	54	A	0	0	54	34.8333333333333
A_HA_H1	1605	54	A	0	0	54	37.0740740740741
A_HA_H1	1606	54	C	0	0	54	38.5185185185185
A_HA_H1	1607	54	T	0	0	54	40.5185185185185
A_HA_H1	1608	54	G	0	0	54	39.4074074074074
A_HA_H1	1609	54	T	0	0	54	40.1111111111111
A_HA_H1	1610	54	T	0	0	54	40.7037037037037
A_HA_H1	1611	54	G	0	0	54	39.5
A_HA_H1	1612	54	C	0	0	54	39.2222222222222
A_HA_H1	1613	54	C	0	0	54	39.037037037037
A_HA_H1	1614	54	A	0	0	54	39.3148148148148
A_HA_H1	1615	54	G	0	0	54	37.462962962963
A_HA_H1	1616	54	T	0	0	53	38.4905660377358
A_HA_H1	1617	54	T	0	0	54	37.9444444444444
A_HA_H1	1618	54	C	0	0	54	35.9074074074074
A_HA_H1	1619	54	A	0	0	54	36.2592592592593
A_HA_H1	1620	54	T	0	0	54	35.0925925925926
A_HA_H1	1621	54	T	0	0	54	36.0740740740741
A_HA_H1	1622	53	G	1	0	53	33.4905660377358
A_HA_H1	1623	54	G	0	0	54	33.9444444444444
A_HA_H1	1624	54	T	0	0	54	37.3333333333333
A_HA_H1	1625	54	G	0	0	54	37.5555555555556
A_HA_H1	1626	54	C	0	0	54	36.9074074074074
A_HA_H1	1627	54	T	0	0	54	37.0740740740741
A_HA_H1	1628	54	G	0	0	54	37.8333333333333
A_HA_H1	1629	54	G	0	0	54	37.4259259259259
A_HA_H1	1630	53	T	1	0	53	36.7358490566038
A_HA_H1	1631	54	A	0	0	54	36.5925925925926
A_HA_H1	1632	54	G	0	0	53	36.4716981132075
A_HA_H1	1633	52	T	2	0	51	36.4509803921569
A_HA_H1	1634	52	C	2	0	51	36.3529411764706
A_HA_H1	1635	54	T	0	0	54	37.3148148148148
A_HA_H1	1636	54	C	0	0	51	37.8039215686275
A_HA_H1	1637	54	C	0	0	54	37.3703703703704
A_HA_H1	1638	54	C	0	0	54	37.6666666666667
A_HA_H1	1639	54	T	0	0	54	37.5740740740741
A_HA_H1	1640	51	G	3	0	51	38.3333333333333
A_HA_H1	1641	53	G	1	0	53	37.4528301886792
A_HA_H1	1642	53	G	1	0	53	38.1698113207547
A_HA_H1	1643	53	G	1	0	53	39.1320754716981
A_HA_H1	1644	54	G	0	0	54	40.2962962962963
A_HA_H1	1645	54	C	0	0	53	40.0943396226415
A_HA_H1	1646	54	A	0	0	53	39.0943396226415
A_HA_H1	1647	54	A	0	0	54	38.7962962962963
A_HA_H1	1648	54	T	0	0	54	39.9074074074074
A_HA_H1	1649	54	C	0	0	54	37.6481481481481
A_HA_H1	1650	54	A	0	0	53	37.4339622641509
A_HA_H1	1651	54	G	0	0	54	37.8888888888889
A_HA_H1	1652	54	C	0	0	54	37.8703703703704
A_HA_H1	1653	54	T	0	0	54	38.1481481481481
A_HA_H1	1654	54	T	0	0	54	39.8518518518519
A_HA_H1	1655	54	C	0	0	54	38.6481481481481
A_HA_H1	1656	54	T	0	0	54	39.8148148148148
A_HA_H1	1657	54	G	0	0	54	38.3148148148148
A_HA_H1	1658	54	G	0	0	54	38.2592592592593
A_HA_H1	1659	54	A	0	0	54	38.1296296296296
A_HA_H1	1660	54	T	0	0	54	39.0925925925926
A_HA_H1	1661	54	G	0	0	54	38.2037037037037
A_HA_H1	1662	54	T	0	0	54	38.0740740740741
A_HA_H1	1663	54	G	0	0	54	38.1481481481481
A_HA_H1	1664	54	C	0	0	54	37.8148148148148
A_HA_H1	1665	54	T	0	0	54	36.962962962963
A_HA_H1	1666	54	C	0	0	54	36.8518518518519
A_HA_H1	1667	54	C	0	0	54	36.5740740740741
A_HA_H1	1668	54	A	0	0	54	37.5740740740741
A_HA_H1	1669	54	A	0	0	54	38.3888888888889
A_HA_H1	1670	54	T	0	0	54	38.9444444444444
A_HA_H1	1671	54	G	0	0	54	39.1851851851852
A_HA_H1	1672	54	G	0	0	54	39.1666666666667
A_HA_H1	1673	54	G	0	0	54	38.5555555555556
A_HA_H1	1674	53	T	1	0	53	37.9811320754717
A_HA_H1	1675	53	C	1	0	53	37.8867924528302
A_HA_H1	1676	54	T	0	0	54	38.3888888888889
A_HA_H1	1677	54	C	0	0	54	37.8888888888889
A_HA_H1	1678	54	T	0	0	54	38.9444444444444
A_HA_H1	1679	54	A	0	0	54	36.8518518518519
A_HA_H1	1680	54	C	0	0	54	36.7222222222222
A_HA_H1	1681	54	A	0	0	54	36.4074074074074
A_HA_H1	1682	54	G	0	0	54	37.5
A_HA_H1	1683	54	T	0	0	54	38.1111111111111
A_HA_H1	1684	54	G	0	0	54	38.0555555555556
A_HA_H1	1685	54	T	0	0	54	36.7037037037037
A_HA_H1	1686	54	A	0	0	54	36.3333333333333
A_HA_H1	1687	54	G	0	0	54	36.0740740740741
A_HA_H1	1688	54	A	0	0	54	36.462962962963
A_HA_H1	1689	54	A	0	0	54	36.7037037037037
A_HA_H1	1690	54	T	0	0	54	38
A_HA_H1	1691	54	A	0	0	54	38.1481481481481
A_HA_H1	1692	54	T	0	0	54	39.4259259259259
A_HA_H1	1693	54	G	0	0	54	38.2592592592593
A_HA_H1	1694	54	T	0	0	54	38.1296296296296
A_HA_H1	1695	54	A	0	0	53	38.4528301886792
A_HA_H1	1696	54	T	0	0	54	36.3148148148148
A_HA_H1	1697	54	T	0	0	54	36.6111111111111
A_HA_H1	1698	54	T	0	0	54	35.2037037037037
A_HA_H1	1699	54	A	0	0	54	35.462962962963
A_HA_H1	1700	54	A	0	0	54	35.3518518518519
