Reference_Name	Position	Coverage Depth	Consensus	Deletions	Ambiguous	Consensus_Count	Consensus_Average_Quality
A_MP	1	100	A	0	0	100	39.77
A_MP	2	100	T	0	0	100	39.89
A_MP	3	100	G	0	0	100	34.71
A_MP	4	104	A	0	0	104	32.8653846153846
A_MP	5	104	G	0	0	104	32.4423076923077
A_MP	6	104	T	0	0	104	33.0096153846154
A_MP	7	104	C	0	0	104	33.2307692307692
A_MP	8	105	T	0	0	105	37.552380952381
A_MP	9	109	T	0	0	109	36.4036697247706
A_MP	10	106	C	3	0	106	35.6792452830189
A_MP	11	109	T	0	0	106	35.877358490566
A_MP	12	109	A	0	0	109	36.3761467889908
A_MP	13	109	A	0	0	108	37.6666666666667
A_MP	14	109	C	0	0	109	37.2752293577982
A_MP	15	109	C	0	0	109	38.3669724770642
A_MP	16	109	G	0	0	109	37.8623853211009
A_MP	17	109	A	0	0	109	37.6146788990826
A_MP	18	109	G	0	0	109	38.1009174311927
A_MP	19	109	G	0	0	109	37.5321100917431
A_MP	20	109	T	0	0	109	38.5504587155963
A_MP	21	109	C	0	0	108	35.7962962962963
A_MP	22	105	G	4	0	105	34.9047619047619
A_MP	23	109	A	0	0	108	34.3796296296296
A_MP	24	108	A	1	0	108	34.5277777777778
A_MP	25	108	A	1	0	107	34.7570093457944
A_MP	26	108	C	1	0	106	35.9716981132075
A_MP	27	109	G	0	0	108	36.1944444444444
A_MP	28	109	T	0	0	108	35.787037037037
A_MP	29	109	A	0	0	107	34.1869158878505
A_MP	30	109	C	0	0	108	33.4814814814815
A_MP	31	110	G	0	0	107	32.8317757009346
A_MP	32	109	T	1	0	108	33.4444444444444
A_MP	33	110	T	0	0	110	33.1090909090909
A_MP	34	110	C	0	0	110	34.0181818181818
A_MP	35	109	T	1	0	109	35.1100917431193
A_MP	36	110	T	0	0	110	35.8727272727273
A_MP	37	110	T	0	0	110	34.8363636363636
A_MP	38	110	C	0	0	110	31.4636363636364
A_MP	39	110	T	0	0	110	34.0545454545455
A_MP	40	110	A	0	0	110	34.6
A_MP	41	110	T	0	0	110	35.2636363636364
A_MP	42	110	C	0	0	110	35.7
A_MP	43	110	A	0	0	110	39.1
A_MP	44	110	T	0	0	110	39.3545454545455
A_MP	45	110	C	0	0	110	38.8545454545455
A_MP	46	110	C	0	0	110	37.6818181818182
A_MP	47	110	C	0	0	110	36.4454545454545
A_MP	48	110	G	0	0	110	35.8363636363636
A_MP	49	110	T	0	0	110	36.7727272727273
A_MP	50	110	C	0	0	110	36.8727272727273
A_MP	51	110	A	0	0	110	37.3636363636364
A_MP	52	110	G	0	0	110	38.1090909090909
A_MP	53	110	G	0	0	110	37.9727272727273
A_MP	54	108	C	2	0	108	38.537037037037
A_MP	55	110	C	0	0	110	38.0636363636364
A_MP	56	110	C	0	0	110	38.3636363636364
A_MP	57	110	C	0	0	110	38.8454545454545
A_MP	58	110	C	0	0	110	38.9636363636364
A_MP	59	110	T	0	0	110	37.8363636363636
A_MP	60	109	C	1	0	108	34.7685185185185
A_MP	61	110	A	1	0	110	34.3181818181818
A_MP	62	110	A	1	0	110	36.1090909090909
A_MP	63	110	A	1	0	110	37.2363636363636
A_MP	64	110	G	1	0	110	38.8090909090909
A_MP	65	110	C	1	0	110	38.9636363636364
A_MP	66	110	C	1	0	110	37.9727272727273
A_MP	67	110	G	1	0	110	38.4363636363636
A_MP	68	111	A	0	0	111	37.9459459459459
A_MP	69	111	G	0	0	111	37.963963963964
A_MP	70	111	A	0	0	111	38.1081081081081
A_MP	71	111	T	0	0	111	40.3783783783784
A_MP	72	111	C	0	0	110	39.6636363636364
A_MP	73	111	G	0	0	110	39.3727272727273
A_MP	74	111	C	0	0	111	38.5945945945946
A_MP	75	111	A	0	0	111	38.027027027027
A_MP	76	111	C	0	0	111	38.8198198198198
A_MP	77	111	A	0	0	110	38.8818181818182
A_MP	78	111	G	0	0	111	39.3963963963964
A_MP	79	111	A	0	0	111	38.7027027027027
A_MP	80	111	G	0	0	111	38.0540540540541
A_MP	81	109	A	2	0	108	38.3425925925926
A_MP	82	112	C	0	0	111	38.1081081081081
A_MP	83	112	T	0	0	112	37.7678571428571
A_MP	84	111	G	1	0	111	37.5405405405405
A_MP	85	112	G	0	0	112	36.6071428571429
A_MP	86	112	A	0	0	112	37.3392857142857
A_MP	87	112	A	0	0	112	37.6696428571429
A_MP	88	112	A	0	0	112	37.8482142857143
A_MP	89	112	G	0	0	112	37.9642857142857
A_MP	90	112	T	0	0	112	38.5267857142857
A_MP	91	112	G	0	0	112	38.8839285714286
A_MP	92	112	T	0	0	112	40.7589285714286
A_MP	93	112	C	0	0	111	40.2252252252252
A_MP	94	112	T	0	0	111	41.3783783783784
A_MP	95	112	T	0	0	112	41.0267857142857
A_MP	96	112	T	0	0	112	40.75
A_MP	97	112	G	0	0	112	40.3482142857143
A_MP	98	112	C	0	0	112	40.9642857142857
A_MP	99	112	A	0	0	112	38.5892857142857
A_MP	100	112	G	0	0	111	39.3513513513514
A_MP	101	107	G	5	0	107	38.1775700934579
A_MP	102	107	A	5	0	106	38.9339622641509
A_MP	103	112	A	0	0	112	37.6428571428571
A_MP	104	112	A	0	0	111	37.8288288288288
A_MP	105	112	G	0	0	111	37.981981981982
A_MP	106	110	A	2	0	109	38.8715596330275
A_MP	107	111	A	1	0	111	39.2522522522523
A_MP	108	111	C	1	0	111	37.3603603603604
A_MP	109	112	A	0	0	109	36.4587155963303
A_MP	110	112	C	0	0	112	35.9107142857143
A_MP	111	112	A	0	0	112	35.9464285714286
A_MP	112	112	G	0	0	110	36.7545454545455
A_MP	113	112	A	0	0	112	36.3392857142857
A_MP	114	110	T	2	0	110	37.7636363636364
A_MP	115	110	C	2	0	110	37.6909090909091
A_MP	116	111	T	1	0	111	37.981981981982
A_MP	117	112	T	0	0	112	37.4017857142857
A_MP	118	112	G	0	0	112	36.3303571428571
A_MP	119	112	A	0	0	112	35.1517857142857
A_MP	120	112	G	0	0	112	36.5535714285714
A_MP	121	112	G	0	0	112	37.7678571428571
A_MP	122	112	C	0	0	112	39.0357142857143
A_MP	123	112	T	0	0	111	39.8198198198198
A_MP	124	112	A	0	0	111	38.6576576576577
A_MP	125	112	T	0	0	112	39.6339285714286
A_MP	126	112	C	0	0	112	38.5178571428571
A_MP	127	112	A	0	0	111	39.1711711711712
A_MP	128	112	T	0	0	112	38.8125
A_MP	129	112	G	0	0	112	38.6964285714286
A_MP	130	112	G	0	0	112	39.0267857142857
A_MP	131	112	A	0	0	112	39.8482142857143
A_MP	132	112	A	0	0	112	39.6071428571429
A_MP	133	112	T	0	0	112	39.1785714285714
A_MP	134	112	G	0	0	112	38.0892857142857
A_MP	135	112	G	0	0	112	38.6517857142857
A_MP	136	112	C	0	0	112	38.1964285714286
A_MP	137	112	T	0	0	111	37.5495495495495
A_MP	138	112	A	0	0	112	37.2410714285714
A_MP	139	112	A	0	0	112	38.1339285714286
A_MP	140	112	A	0	0	112	37.7142857142857
A_MP	141	112	G	0	0	112	39.7410714285714
A_MP	142	112	A	0	0	112	40.1517857142857
A_MP	143	112	C	0	0	112	40.3928571428571
A_MP	144	112	A	0	0	112	39.8839285714286
A_MP	145	111	A	1	0	111	40.009009009009
A_MP	146	111	G	1	0	111	39.9099099099099
A_MP	147	112	A	0	0	111	40.4324324324324
A_MP	148	112	C	0	0	112	39.8571428571429
A_MP	149	112	C	0	0	112	39.375
A_MP	150	112	A	0	0	112	39.5982142857143
A_MP	151	112	A	0	0	112	39.125
A_MP	152	112	T	0	0	112	40.1964285714286
A_MP	153	112	C	0	0	110	39.8545454545455
A_MP	154	110	T	2	0	110	40.3363636363636
A_MP	155	112	T	0	0	112	40.1964285714286
A_MP	156	112	G	0	0	112	39.3035714285714
A_MP	157	112	T	0	0	112	39.7321428571429
A_MP	158	112	C	0	0	112	40.0446428571429
A_MP	159	112	A	0	0	112	39.6517857142857
A_MP	160	112	C	0	0	112	40.0267857142857
A_MP	161	112	C	0	0	112	39.3214285714286
A_MP	162	112	T	0	0	112	39.8303571428571
A_MP	163	112	C	0	0	112	38.6517857142857
A_MP	164	112	T	0	0	112	39.1696428571429
A_MP	165	112	G	0	0	112	37.3125
A_MP	166	112	A	0	0	111	37.3333333333333
A_MP	167	112	C	0	0	111	36.8198198198198
A_MP	168	112	T	0	0	112	37
A_MP	169	112	A	0	0	112	35.7678571428571
A_MP	170	112	A	0	0	112	35.2410714285714
A_MP	171	112	G	0	0	112	36.7946428571429
A_MP	172	112	G	0	0	112	39.5446428571429
A_MP	173	112	G	0	0	112	40.5446428571429
A_MP	174	112	A	0	0	112	40.8928571428571
A_MP	175	112	A	0	0	112	40.2410714285714
A_MP	176	112	T	0	0	112	39.5178571428571
A_MP	177	112	T	0	0	112	39.9196428571429
A_MP	178	112	T	0	0	112	40.0803571428571
A_MP	179	112	T	0	0	111	39.9279279279279
A_MP	180	112	A	0	0	112	34.4464285714286
A_MP	181	112	G	0	0	112	34.625
A_MP	182	112	G	0	0	112	33.9553571428571
A_MP	183	112	A	0	0	112	35.0892857142857
A_MP	184	111	T	1	0	111	40.0630630630631
A_MP	185	112	T	0	0	112	39.6875
A_MP	186	112	T	0	0	112	39.0178571428571
A_MP	187	112	G	0	0	112	37.9285714285714
A_MP	188	112	T	0	0	112	39.5
A_MP	189	112	G	0	0	112	39.4553571428571
A_MP	190	111	T	1	0	111	39.2792792792793
A_MP	191	112	T	0	0	112	36.7857142857143
A_MP	192	112	C	0	0	112	35.1517857142857
A_MP	193	112	A	0	0	112	34.0625
A_MP	194	112	C	0	0	109	34.5412844036697
A_MP	195	112	G	0	0	112	34.5357142857143
A_MP	196	112	C	0	0	112	35.3125
A_MP	197	112	T	0	0	112	36.2767857142857
A_MP	198	110	C	2	0	109	38.5963302752294
A_MP	199	112	A	0	0	112	38.8482142857143
A_MP	200	112	C	0	0	112	40.0446428571429
A_MP	201	112	C	0	0	112	39.3482142857143
A_MP	202	111	G	1	0	109	39.8165137614679
A_MP	203	112	T	0	0	110	39.7545454545455
A_MP	204	112	G	0	0	111	38.009009009009
A_MP	205	111	C	1	0	110	40.5363636363636
A_MP	206	112	C	0	0	112	41.5535714285714
A_MP	207	112	C	0	0	110	41.2090909090909
A_MP	208	112	A	0	0	112	38.8303571428571
A_MP	209	112	G	0	0	112	39.2767857142857
A_MP	210	112	T	0	0	112	38.9821428571429
A_MP	211	112	G	0	0	112	35.5178571428571
A_MP	212	112	A	0	0	110	35.4909090909091
A_MP	213	112	G	0	0	112	35.4017857142857
A_MP	214	112	C	0	0	111	35.4954954954955
A_MP	215	112	G	0	0	111	33.8738738738739
A_MP	216	112	A	0	0	111	34.8738738738739
A_MP	217	111	G	1	0	111	35.9279279279279
A_MP	218	112	G	0	0	112	34.75
A_MP	219	112	A	0	0	112	36.6071428571429
A_MP	220	112	C	0	0	111	37.3783783783784
A_MP	221	112	T	0	0	111	37.1891891891892
A_MP	222	112	G	0	0	112	35.9464285714286
A_MP	223	112	C	0	0	112	34.9107142857143
A_MP	224	112	A	0	0	112	32.9732142857143
A_MP	225	112	G	0	0	112	33.7321428571429
A_MP	226	112	C	0	0	112	33.875
A_MP	227	112	G	0	0	112	34.7321428571429
A_MP	228	112	T	0	0	112	36.4910714285714
A_MP	229	112	A	0	0	110	36.0090909090909
A_MP	230	110	G	1	0	107	36.9345794392523
A_MP	231	110	A	1	0	109	36.1559633027523
A_MP	232	110	C	1	0	109	35.8348623853211
A_MP	233	111	G	0	0	111	36.5765765765766
A_MP	234	112	C	0	0	111	36.6756756756757
A_MP	235	112	T	0	0	111	37.1081081081081
A_MP	236	112	T	0	0	112	37.8214285714286
A_MP	237	112	T	0	0	110	38.8727272727273
A_MP	238	112	A	0	0	112	38.3839285714286
A_MP	239	112	T	0	0	112	38.5982142857143
A_MP	240	112	C	0	0	112	37.6517857142857
A_MP	241	112	C	0	0	112	38.8392857142857
A_MP	242	111	A	1	0	111	38.0900900900901
A_MP	243	112	A	0	0	112	38.7589285714286
A_MP	244	112	A	0	0	112	40.2142857142857
A_MP	245	112	A	0	0	112	40.8839285714286
A_MP	246	112	T	0	0	112	40.6696428571429
A_MP	247	112	G	0	0	112	39.9642857142857
A_MP	248	112	C	0	0	112	39.3660714285714
A_MP	249	112	C	0	0	112	39.4107142857143
A_MP	250	112	C	0	0	112	38.8482142857143
A_MP	251	112	T	0	0	110	39.7636363636364
A_MP	252	112	A	0	0	110	37.4636363636364
A_MP	253	112	A	0	0	112	38.5892857142857
A_MP	254	112	A	0	0	111	37.6306306306306
A_MP	255	112	T	0	0	112	37.75
A_MP	256	112	G	0	0	112	36.8482142857143
A_MP	257	112	G	0	0	112	36.0892857142857
A_MP	258	112	A	0	0	110	35.3727272727273
A_MP	259	112	A	0	0	112	37
A_MP	260	111	A	1	0	110	36.9272727272727
A_MP	261	111	T	1	0	111	36.1621621621622
A_MP	262	110	G	2	0	110	35.7636363636364
A_MP	263	112	G	0	0	109	35.4128440366973
A_MP	264	112	G	0	0	112	34.1339285714286
A_MP	265	112	G	0	0	109	36.1559633027523
A_MP	266	112	A	0	0	111	35.3423423423423
A_MP	267	112	C	0	0	109	35.3302752293578
A_MP	268	112	C	0	0	108	35.5277777777778
A_MP	269	111	C	1	0	109	36.3761467889908
A_MP	270	109	G	3	0	108	35.6018518518519
A_MP	271	110	A	2	0	110	35.8727272727273
A_MP	272	111	A	1	0	110	37.0545454545455
A_MP	273	111	T	1	0	111	37.5855855855856
A_MP	274	112	A	0	0	110	38.9727272727273
A_MP	275	112	A	0	0	112	39.6696428571429
A_MP	276	112	C	0	0	111	40.1621621621622
A_MP	277	112	A	0	0	112	40.6696428571429
A_MP	278	112	T	0	0	112	40.5803571428571
A_MP	279	110	G	2	0	110	39.9272727272727
A_MP	280	112	G	0	0	112	40.0625
A_MP	281	112	A	0	0	112	39.4732142857143
A_MP	282	112	T	0	0	112	41.5178571428571
A_MP	283	111	A	1	0	111	39.7297297297297
A_MP	284	112	G	0	0	112	41.4285714285714
A_MP	285	112	A	0	0	112	41.25
A_MP	286	112	G	0	0	112	41.1339285714286
A_MP	287	112	C	0	0	112	41.7946428571429
A_MP	288	112	A	0	0	111	42.2972972972973
A_MP	289	112	G	0	0	111	42.4324324324324
A_MP	290	112	T	0	0	112	41.3392857142857
A_MP	291	112	T	0	0	111	40.4324324324324
A_MP	292	112	A	0	0	112	39.9196428571429
A_MP	293	112	G	0	0	112	39.9910714285714
A_MP	294	112	A	0	0	112	39.5267857142857
A_MP	295	112	C	0	0	112	39.3839285714286
A_MP	296	112	T	0	0	112	39.7678571428571
A_MP	297	112	A	0	0	112	40.1517857142857
A_MP	298	112	T	0	0	112	40.7946428571429
A_MP	299	112	A	0	0	112	39.5357142857143
A_MP	300	112	C	0	0	112	39.8214285714286
A_MP	301	112	A	0	0	112	39.0714285714286
A_MP	302	112	A	0	0	112	38.2053571428571
A_MP	303	112	G	0	0	112	38.1785714285714
A_MP	304	111	A	1	0	111	39.9459459459459
A_MP	305	111	A	1	0	111	40.3603603603604
A_MP	306	112	A	0	0	112	37.7142857142857
A_MP	307	112	C	0	0	112	36.8125
A_MP	308	111	T	1	0	111	37.2882882882883
A_MP	309	111	C	1	0	110	35.1272727272727
A_MP	310	107	A	5	0	104	35.6538461538462
A_MP	311	112	A	0	0	112	35.2946428571429
A_MP	312	111	A	1	0	111	36.2612612612613
A_MP	313	111	A	1	0	111	38.8378378378378
A_MP	314	111	G	1	0	111	40.009009009009
A_MP	315	112	A	0	0	112	41.0982142857143
A_MP	316	112	G	0	0	109	40.6880733944954
A_MP	317	112	A	0	0	108	40.9074074074074
A_MP	318	112	A	0	0	112	41.2321428571429
A_MP	319	112	A	0	0	112	41.1517857142857
A_MP	320	112	T	0	0	111	41.5315315315315
A_MP	321	112	A	0	0	112	41.4107142857143
A_MP	322	112	A	0	0	112	40.9107142857143
A_MP	323	112	C	0	0	112	39.9196428571429
A_MP	324	112	G	0	0	112	38.9910714285714
A_MP	325	112	T	0	0	112	39.5714285714286
A_MP	326	112	T	0	0	112	39.9732142857143
A_MP	327	112	C	0	0	111	40.0540540540541
A_MP	328	112	C	0	0	112	40.8125
A_MP	329	112	A	0	0	112	40.5446428571429
A_MP	330	112	T	0	0	112	40.9017857142857
A_MP	331	110	G	2	0	108	38.5462962962963
A_MP	332	112	G	0	0	112	40.375
A_MP	333	112	G	0	0	112	40.0357142857143
A_MP	334	112	G	0	0	112	39.4642857142857
A_MP	335	112	C	0	0	112	40.8928571428571
A_MP	336	112	C	0	0	112	39.3482142857143
A_MP	337	112	A	0	0	110	37.2181818181818
A_MP	338	111	A	1	0	111	38.045045045045
A_MP	339	111	A	1	0	111	38.7567567567568
A_MP	340	111	G	1	0	111	38.9459459459459
A_MP	341	112	A	0	0	112	40.3482142857143
A_MP	342	112	A	0	0	112	40.8125
A_MP	343	112	G	0	0	112	40.6071428571429
A_MP	344	112	T	0	0	112	41.4196428571429
A_MP	345	112	G	0	0	112	41.0625
A_MP	346	112	T	0	0	112	41.5714285714286
A_MP	347	112	C	0	0	112	40.9196428571429
A_MP	348	112	A	0	0	112	42.4375
A_MP	349	112	C	0	0	112	41.5267857142857
A_MP	350	112	T	0	0	112	40.6428571428571
A_MP	351	112	A	0	0	112	41.1875
A_MP	352	112	A	0	0	112	40.75
A_MP	353	112	G	0	0	112	40.4821428571429
A_MP	354	112	C	0	0	112	40.5535714285714
A_MP	355	112	T	0	0	112	40.3928571428571
A_MP	356	112	A	0	0	112	39.1696428571429
A_MP	357	112	T	0	0	112	39.1607142857143
A_MP	358	112	T	0	0	112	39.125
A_MP	359	112	C	0	0	112	39.8660714285714
A_MP	360	112	A	0	0	112	40.4821428571429
A_MP	361	112	A	0	0	112	41.1160714285714
A_MP	362	112	C	0	0	111	41.6216216216216
A_MP	363	112	T	0	0	112	42.4017857142857
A_MP	364	112	G	0	0	112	42.0714285714286
A_MP	365	112	G	0	0	112	42.3125
A_MP	366	112	T	0	0	112	42.8303571428571
A_MP	367	112	G	0	0	112	41.8035714285714
A_MP	368	112	C	0	0	112	42.7410714285714
A_MP	369	112	A	0	0	112	40.8571428571429
A_MP	370	112	C	0	0	112	41.4642857142857
A_MP	371	112	T	0	0	112	40.4285714285714
A_MP	372	112	T	0	0	111	40.1351351351351
A_MP	373	112	G	0	0	112	38.9285714285714
A_MP	374	112	C	0	0	112	40.3303571428571
A_MP	375	112	A	0	0	112	40.0982142857143
A_MP	376	112	A	0	0	112	40.9910714285714
A_MP	377	112	G	0	0	112	41.8571428571429
A_MP	378	112	T	0	0	112	42.9017857142857
A_MP	379	112	T	0	0	112	42.9642857142857
A_MP	380	112	G	0	0	112	42.8482142857143
A_MP	381	112	C	0	0	112	43.0625
A_MP	382	112	A	0	0	112	42.4553571428571
A_MP	383	112	T	0	0	112	43.9464285714286
A_MP	384	112	G	0	0	112	41.6607142857143
A_MP	385	112	G	0	0	112	43.5
A_MP	386	112	G	0	0	112	42.3392857142857
A_MP	387	112	C	0	0	112	42.7946428571429
A_MP	388	112	C	0	0	112	43.2767857142857
A_MP	389	112	T	0	0	111	43.2252252252252
A_MP	390	112	C	0	0	111	41.8108108108108
A_MP	391	112	A	0	0	111	41.6216216216216
A_MP	392	112	T	0	0	112	41.5178571428571
A_MP	393	112	A	0	0	112	41.5803571428571
A_MP	394	112	T	0	0	112	41.0625
A_MP	395	112	A	0	0	111	40.2432432432432
A_MP	396	112	C	0	0	112	40.6160714285714
A_MP	397	112	A	0	0	112	40.9553571428571
A_MP	398	112	A	0	0	112	40.4642857142857
A_MP	399	112	C	0	0	112	40.6517857142857
A_MP	400	112	A	0	0	112	41.5535714285714
A_MP	401	112	G	0	0	112	42.0803571428571
A_MP	402	112	G	0	0	112	42.8839285714286
A_MP	403	112	A	0	0	112	41.9821428571429
A_MP	404	112	T	0	0	112	42.2767857142857
A_MP	405	112	G	0	0	112	40.5982142857143
A_MP	406	112	G	0	0	112	39.9732142857143
A_MP	407	112	G	0	0	110	39.6
A_MP	408	112	A	0	0	111	40.6576576576577
A_MP	409	112	A	0	0	112	42.3303571428571
A_MP	410	112	C	0	0	112	41.9285714285714
A_MP	411	112	A	0	0	112	42.0982142857143
A_MP	412	112	G	0	0	112	42.8928571428571
A_MP	413	112	T	0	0	112	43.1696428571429
A_MP	414	112	G	0	0	111	40.5225225225225
A_MP	415	112	A	0	0	111	40.036036036036
A_MP	416	112	C	0	0	112	39.8571428571429
A_MP	417	112	C	0	0	112	40.0089285714286
A_MP	418	112	A	0	0	112	39.5446428571429
A_MP	419	112	C	0	0	112	39.8839285714286
A_MP	420	112	A	0	0	112	40.8035714285714
A_MP	421	112	G	0	0	112	41
A_MP	422	112	A	0	0	112	40.5892857142857
A_MP	423	112	A	0	0	112	41.7946428571429
A_MP	424	112	G	0	0	112	41.2321428571429
A_MP	425	112	C	0	0	111	41.6756756756757
A_MP	426	112	T	0	0	112	41.4017857142857
A_MP	427	111	G	1	0	111	41.954954954955
A_MP	428	111	C	0	0	111	41.2882882882883
A_MP	429	110	T	1	0	109	42.4495412844037
A_MP	430	111	T	0	0	110	43.0090909090909
A_MP	431	111	T	0	0	111	40.8558558558559
A_MP	432	110	C	1	0	109	37.9633027522936
A_MP	433	111	G	0	0	111	37.3783783783784
A_MP	434	111	G	0	0	111	37.045045045045
A_MP	435	111	T	0	0	111	36.4954954954955
A_MP	436	111	C	0	0	110	36.0727272727273
A_MP	437	111	T	0	0	111	36.7477477477477
A_MP	438	111	A	0	0	111	35.6936936936937
A_MP	439	111	G	0	0	111	35.5585585585586
A_MP	440	111	T	0	0	111	36.2972972972973
A_MP	441	111	T	0	0	111	38.0990990990991
A_MP	442	111	T	0	0	109	39.8440366972477
A_MP	443	111	G	0	0	111	40.1621621621622
A_MP	444	111	T	0	0	110	42.1545454545455
A_MP	445	111	G	0	0	111	41.027027027027
A_MP	446	111	C	0	0	111	42.4954954954955
A_MP	447	111	C	0	0	111	42.3693693693694
A_MP	448	111	A	0	0	110	41.3181818181818
A_MP	449	111	C	0	0	111	41.8558558558559
A_MP	450	111	T	0	0	111	41.0630630630631
A_MP	451	111	T	0	0	111	41.4594594594595
A_MP	452	111	G	0	0	111	41.2252252252252
A_MP	453	111	T	0	0	109	41.7064220183486
A_MP	454	111	G	0	0	110	40.7
A_MP	455	111	A	0	0	111	41.2972972972973
A_MP	456	110	A	1	0	110	40.8727272727273
A_MP	457	110	C	1	0	110	41.2909090909091
A_MP	458	111	A	0	0	111	41.6396396396396
A_MP	459	111	G	0	0	110	41.5909090909091
A_MP	460	111	A	0	0	111	41.3513513513514
A_MP	461	111	T	0	0	111	41.2972972972973
A_MP	462	111	T	0	0	111	41.3063063063063
A_MP	463	111	G	0	0	111	40.7567567567568
A_MP	464	111	C	0	0	111	40.2612612612613
A_MP	465	111	T	0	0	111	39.5675675675676
A_MP	466	111	G	0	0	109	39.2935779816514
A_MP	467	111	A	0	0	111	39.3153153153153
A_MP	468	111	T	0	0	111	39.5405405405405
A_MP	469	111	T	0	0	111	39.5135135135135
A_MP	470	111	C	0	0	111	40.6306306306306
A_MP	471	111	A	0	0	111	41.7027027027027
A_MP	472	111	C	0	0	111	41.3333333333333
A_MP	473	111	A	0	0	111	40.5405405405405
A_MP	474	111	G	0	0	111	40.9279279279279
A_MP	475	111	C	0	0	111	42.1441441441441
A_MP	476	111	A	0	0	111	41.1711711711712
A_MP	477	111	T	0	0	111	41.4144144144144
A_MP	478	111	C	0	0	110	38.9272727272727
A_MP	479	111	G	0	0	111	37.6036036036036
A_MP	480	111	G	0	0	111	37.3423423423423
A_MP	481	111	T	0	0	111	36.8108108108108
A_MP	482	111	C	0	0	111	37.045045045045
A_MP	483	111	T	0	0	111	39.3963963963964
A_MP	484	111	C	0	0	111	39.3063063063063
A_MP	485	111	A	0	0	111	39.9009009009009
A_MP	486	111	C	0	0	111	40.1711711711712
A_MP	487	111	A	0	0	111	39.6936936936937
A_MP	488	111	G	0	0	110	39.2545454545455
A_MP	489	111	A	0	0	110	39.2181818181818
A_MP	490	111	C	0	0	111	40.2342342342342
A_MP	491	111	A	0	0	111	39.4864864864865
A_MP	492	111	A	0	0	111	40.6576576576577
A_MP	493	111	A	0	0	111	41.4684684684685
A_MP	494	111	T	0	0	111	41.036036036036
A_MP	495	111	G	0	0	111	41.7567567567568
A_MP	496	111	G	0	0	111	42.7657657657658
A_MP	497	111	C	0	0	111	41.5405405405405
A_MP	498	111	T	0	0	110	41.1636363636364
A_MP	499	111	A	0	0	111	39.5945945945946
A_MP	500	111	C	0	0	110	40.2545454545455
A_MP	501	111	T	0	0	110	38.9363636363636
A_MP	502	111	A	0	0	111	37.9099099099099
A_MP	503	111	C	0	0	111	37.963963963964
A_MP	504	110	C	1	0	110	38.1272727272727
A_MP	505	110	A	1	0	110	38.4545454545455
A_MP	506	111	C	0	0	111	38.7027027027027
A_MP	507	111	A	0	0	111	39.1531531531532
A_MP	508	111	A	0	0	111	39.8108108108108
A_MP	509	111	A	0	0	110	41.8272727272727
A_MP	510	111	T	0	0	110	41.5636363636364
A_MP	511	111	C	0	0	111	41.1351351351351
A_MP	512	111	C	0	0	111	41.6666666666667
A_MP	513	111	A	0	0	111	40.2702702702703
A_MP	514	111	C	0	0	110	40.3818181818182
A_MP	515	111	T	0	0	110	41.1727272727273
A_MP	516	111	A	0	0	111	40.7207207207207
A_MP	517	112	A	0	0	112	40.7321428571429
A_MP	518	112	T	0	0	112	41.4642857142857
A_MP	519	112	C	0	0	112	41.4553571428571
A_MP	520	112	A	0	0	112	41.1160714285714
A_MP	521	112	G	0	0	112	41.2321428571429
A_MP	522	112	G	0	0	112	39.9821428571429
A_MP	523	112	C	0	0	111	40.5315315315315
A_MP	524	112	A	0	0	112	39.9910714285714
A_MP	525	112	T	0	0	112	40.1875
A_MP	526	112	G	0	0	112	36.6428571428571
A_MP	527	109	A	3	0	108	38.1666666666667
A_MP	528	111	A	1	0	111	36.7387387387387
A_MP	529	112	A	0	0	112	38.2767857142857
A_MP	530	112	A	0	0	112	39.0267857142857
A_MP	531	112	C	0	0	111	39.5855855855856
A_MP	532	112	A	0	0	110	39.0636363636364
A_MP	533	112	G	0	0	111	39.045045045045
A_MP	534	112	A	0	0	112	39.6875
A_MP	535	112	A	0	0	112	40.5357142857143
A_MP	536	112	T	0	0	112	40.7142857142857
A_MP	537	112	G	0	0	112	41.6428571428571
A_MP	538	112	G	0	0	112	42.3660714285714
A_MP	539	112	T	0	0	112	42.5357142857143
A_MP	540	112	G	0	0	112	42.3482142857143
A_MP	541	112	C	0	0	112	42.5446428571429
A_MP	542	112	T	0	0	112	42.3035714285714
A_MP	543	112	G	0	0	112	42.0446428571429
A_MP	544	112	G	0	0	112	42.1875
A_MP	545	112	C	0	0	112	41.125
A_MP	546	112	T	0	0	112	40.9375
A_MP	547	112	A	0	0	112	40.1875
A_MP	548	112	G	0	0	111	40.036036036036
A_MP	549	112	C	0	0	112	39.6428571428571
A_MP	550	111	A	1	0	111	38.8468468468468
A_MP	551	112	C	0	0	112	38.3035714285714
A_MP	552	112	T	0	0	112	37.9821428571429
A_MP	553	111	A	1	0	111	37.4234234234234
A_MP	554	111	C	1	0	110	37.1272727272727
A_MP	555	112	G	0	0	112	35.2946428571429
A_MP	556	112	G	0	0	112	36.8303571428571
A_MP	557	112	C	0	0	112	36.9017857142857
A_MP	558	112	A	0	0	112	37.7767857142857
A_MP	559	112	A	0	0	112	41.6875
A_MP	560	112	A	0	0	112	41.6517857142857
A_MP	561	112	G	0	0	112	42.6964285714286
A_MP	562	112	G	0	0	112	42.1607142857143
A_MP	563	112	C	0	0	112	42.5
A_MP	564	112	T	0	0	112	41.6964285714286
A_MP	565	112	A	0	0	112	40.4196428571429
A_MP	566	112	T	0	0	112	41.2053571428571
A_MP	567	112	G	0	0	112	38.4732142857143
A_MP	568	112	G	0	0	112	38.5535714285714
A_MP	569	112	A	0	0	112	38.3928571428571
A_MP	570	112	A	0	0	112	39.625
A_MP	571	112	C	0	0	112	39.6160714285714
A_MP	572	112	A	0	0	112	39.4732142857143
A_MP	573	112	G	0	0	112	41.4553571428571
A_MP	574	112	G	0	0	112	41.2232142857143
A_MP	575	111	T	1	0	111	41.5045045045045
A_MP	576	112	G	1	0	112	40.3928571428571
A_MP	577	112	G	1	0	112	40.8392857142857
A_MP	578	112	C	1	0	112	41.0267857142857
A_MP	579	113	T	0	0	113	40.5840707964602
A_MP	580	113	G	0	0	113	39.4424778761062
A_MP	581	112	G	0	0	112	39.0446428571429
A_MP	582	112	A	0	0	111	38.5135135135135
A_MP	583	112	T	0	0	112	38.5714285714286
A_MP	584	111	C	1	0	108	36.5092592592593
A_MP	585	111	G	1	0	111	36.045045045045
A_MP	586	112	A	0	0	112	35.7232142857143
A_MP	587	112	G	0	0	112	35.6696428571429
A_MP	588	112	T	0	0	112	36.7232142857143
A_MP	589	112	G	0	0	112	38.6964285714286
A_MP	590	111	A	1	0	111	39.8648648648649
A_MP	591	112	A	0	0	112	39.6071428571429
A_MP	592	112	C	0	0	112	41.0803571428571
A_MP	593	112	A	0	0	112	41.7053571428571
A_MP	594	112	G	0	0	112	41.625
A_MP	595	112	G	0	0	112	41.7589285714286
A_MP	596	112	C	0	0	111	41.5315315315315
A_MP	597	112	A	0	0	112	40.5
A_MP	598	112	G	0	0	112	41.2142857142857
A_MP	599	112	C	0	0	112	39.9107142857143
A_MP	600	112	G	0	0	112	37.6428571428571
A_MP	601	112	G	0	0	112	37.5089285714286
A_MP	602	112	A	0	0	112	37.1071428571429
A_MP	603	112	G	0	0	112	37.7678571428571
A_MP	604	112	G	0	0	112	40.2589285714286
A_MP	605	112	C	0	0	112	41.1160714285714
A_MP	606	112	C	0	0	112	39.8125
A_MP	607	112	A	0	0	111	40.3423423423423
A_MP	608	112	T	0	0	112	40.75
A_MP	609	112	G	0	0	112	38.5625
A_MP	610	112	G	0	0	112	39.5446428571429
A_MP	611	112	A	0	0	112	39.6071428571429
A_MP	612	112	G	0	0	112	39.9732142857143
A_MP	613	112	G	0	0	111	40.7837837837838
A_MP	614	112	T	0	0	112	41.2767857142857
A_MP	615	112	T	0	0	112	41.3125
A_MP	616	112	G	0	0	110	42.0636363636364
A_MP	617	111	C	1	0	111	41.1261261261261
A_MP	618	111	T	1	0	111	40.5405405405405
A_MP	619	110	A	2	0	107	39.7102803738318
A_MP	620	112	A	0	0	112	38.2142857142857
A_MP	621	112	T	0	0	110	38.6090909090909
A_MP	622	112	A	0	0	110	38.0909090909091
A_MP	623	112	A	0	0	112	37.3125
A_MP	624	112	G	0	0	112	36.9107142857143
A_MP	625	112	A	0	0	112	36.7767857142857
A_MP	626	112	C	0	0	112	36.7321428571429
A_MP	627	112	T	0	0	112	37.1964285714286
A_MP	628	112	A	0	0	112	35.7410714285714
A_MP	629	112	G	0	0	112	35.8214285714286
A_MP	630	112	G	0	0	112	36.4642857142857
A_MP	631	112	C	0	0	112	40.3214285714286
A_MP	632	112	A	0	0	112	41.1428571428571
A_MP	633	112	G	0	0	112	41.6607142857143
A_MP	634	112	A	0	0	112	41.5267857142857
A_MP	635	112	T	0	0	112	41.9642857142857
A_MP	636	112	G	0	0	112	41.1339285714286
A_MP	637	112	G	0	0	112	40.9910714285714
A_MP	638	112	T	0	0	112	40.4285714285714
A_MP	639	112	A	0	0	112	40.375
A_MP	640	112	C	0	0	112	40.7410714285714
A_MP	641	112	A	0	0	111	40.9099099099099
A_MP	642	112	T	0	0	111	41.2522522522523
A_MP	643	112	G	0	0	112	41.5357142857143
A_MP	644	112	C	0	0	112	42.4375
A_MP	645	112	A	0	0	112	41.125
A_MP	646	112	A	0	0	112	41.6071428571429
A_MP	647	112	T	0	0	112	41.7232142857143
A_MP	648	112	G	0	0	111	39.7387387387387
A_MP	649	112	A	0	0	111	39.1801801801802
A_MP	650	112	G	0	0	111	38.4954954954955
A_MP	651	112	A	0	0	112	38.6607142857143
A_MP	652	112	A	0	0	112	38.5982142857143
A_MP	653	112	C	0	0	110	38.7636363636364
A_MP	654	112	T	0	0	111	39.1261261261261
A_MP	655	112	A	0	0	112	38.4464285714286
A_MP	656	111	T	1	0	111	39.7747747747748
A_MP	657	111	T	1	0	111	38.4504504504505
A_MP	658	111	G	1	0	111	37.9459459459459
A_MP	659	112	G	0	0	112	36.7857142857143
A_MP	660	112	A	0	0	112	38.2321428571429
A_MP	661	112	A	0	0	111	39.8378378378378
A_MP	662	112	C	0	0	111	39.6126126126126
A_MP	663	112	C	0	0	111	39.4144144144144
A_MP	664	112	C	0	0	111	39.7297297297297
A_MP	665	112	A	0	0	112	39.0535714285714
A_MP	666	112	T	0	0	112	39.875
A_MP	667	112	C	0	0	112	39.6071428571429
A_MP	668	112	C	0	0	111	42.0810810810811
A_MP	669	112	T	0	0	112	41.2053571428571
A_MP	670	112	A	0	0	112	38.6071428571429
A_MP	671	112	G	0	0	112	39.3035714285714
A_MP	672	112	C	0	0	112	39.7678571428571
A_MP	673	112	T	0	0	112	40.8392857142857
A_MP	674	112	C	0	0	112	40.9196428571429
A_MP	675	112	C	0	0	112	41.1875
A_MP	676	112	A	0	0	112	39.6696428571429
A_MP	677	112	G	0	0	112	39.5982142857143
A_MP	678	112	T	0	0	112	41.9642857142857
A_MP	679	112	G	0	0	112	42.5535714285714
A_MP	680	111	C	0	0	111	42.1801801801802
A_MP	681	111	T	0	0	111	43.3963963963964
A_MP	682	111	G	0	0	109	39.7706422018349
A_MP	683	111	G	0	0	111	38.5495495495495
A_MP	684	111	T	0	0	111	38.1981981981982
A_MP	685	111	C	0	0	111	36.5495495495495
A_MP	686	111	T	0	0	111	36.3513513513514
A_MP	687	108	A	3	0	108	36.7407407407407
A_MP	688	111	A	0	0	111	35.6576576576577
A_MP	689	111	G	0	0	111	35.8558558558559
A_MP	690	111	A	0	0	111	37.4054054054054
A_MP	691	112	G	0	0	112	38.4285714285714
A_MP	692	112	A	0	0	112	40.3392857142857
A_MP	693	112	T	0	0	112	40.9464285714286
A_MP	694	112	G	0	0	112	40.3928571428571
A_MP	695	112	A	0	0	112	41.7767857142857
A_MP	696	112	T	0	0	111	41.5675675675676
A_MP	697	112	C	0	0	111	40.2612612612613
A_MP	698	110	T	2	0	110	41.3818181818182
A_MP	699	112	T	0	0	111	40.5135135135135
A_MP	700	112	C	0	0	111	39.1171171171171
A_MP	701	111	T	1	0	111	38.1261261261261
A_MP	702	112	T	0	0	112	36.8035714285714
A_MP	703	111	G	1	0	110	34.2454545454545
A_MP	704	110	A	2	0	110	35.5272727272727
A_MP	705	112	A	0	0	111	39.1621621621622
A_MP	706	112	A	0	0	111	42.1981981981982
A_MP	707	112	A	0	0	112	41.8839285714286
A_MP	708	112	T	0	0	112	42.1339285714286
A_MP	709	112	T	0	0	112	41.6607142857143
A_MP	710	112	T	0	0	112	40.6607142857143
A_MP	711	112	A	0	0	112	38.9910714285714
A_MP	712	111	C	1	0	111	39.3153153153153
A_MP	713	111	A	1	0	111	38.7027027027027
A_MP	714	111	G	1	0	111	39.7387387387387
A_MP	715	112	G	0	0	112	39.3303571428571
A_MP	716	112	C	0	0	112	40.7767857142857
A_MP	717	112	C	0	0	111	39.954954954955
A_MP	718	112	T	0	0	112	41.4017857142857
A_MP	719	111	A	1	0	111	39.8018018018018
A_MP	720	111	C	1	0	111	40.6036036036036
A_MP	721	111	C	1	0	111	39.3063063063063
A_MP	722	111	A	1	0	111	40.1801801801802
A_MP	723	111	G	1	0	110	40.6
A_MP	724	112	A	0	0	111	40.0630630630631
A_MP	725	112	A	0	0	112	38.9910714285714
A_MP	726	112	G	0	0	111	39.5675675675676
A_MP	727	112	C	0	0	111	39.3243243243243
A_MP	728	112	G	0	0	111	35.2342342342342
A_MP	729	112	A	0	0	112	36.1339285714286
A_MP	730	111	A	1	0	111	36.3333333333333
A_MP	731	111	T	1	0	111	36.6126126126126
A_MP	732	111	G	1	0	111	37.6216216216216
A_MP	733	112	G	0	0	111	39.5855855855856
A_MP	734	112	G	0	0	112	37.8392857142857
A_MP	735	112	A	0	0	111	38.4504504504505
A_MP	736	111	G	1	0	111	38.7567567567568
A_MP	737	112	T	0	0	112	38.7678571428571
A_MP	738	112	G	0	0	112	39.5446428571429
A_MP	739	112	C	0	0	112	40.1964285714286
A_MP	740	112	A	0	0	112	39.5714285714286
A_MP	741	112	G	0	0	112	40.2410714285714
A_MP	742	112	A	0	0	112	39.3660714285714
A_MP	743	112	T	0	0	112	39.9821428571429
A_MP	744	112	G	0	0	112	39.1428571428571
A_MP	745	112	C	0	0	112	40.3660714285714
A_MP	746	112	A	0	0	112	39.7232142857143
A_MP	747	112	G	0	0	112	40.7946428571429
A_MP	748	112	C	0	0	112	38.7857142857143
A_MP	749	112	G	0	0	112	38.1696428571429
A_MP	750	112	G	0	0	112	37.3928571428571
A_MP	751	112	T	0	0	112	38.0535714285714
A_MP	752	112	T	0	0	112	39.2321428571429
A_MP	753	112	C	0	0	112	38.7410714285714
A_MP	754	112	A	0	0	112	39.0892857142857
A_MP	755	112	A	0	0	112	40.1696428571429
A_MP	756	112	A	0	0	112	38.9285714285714
A_MP	757	112	T	0	0	112	39.0625
A_MP	758	112	G	0	0	111	40.3873873873874
A_MP	759	112	A	0	0	112	40.6339285714286
A_MP	760	112	T	0	0	112	41.4196428571429
A_MP	761	112	C	0	0	111	39.2702702702703
A_MP	762	105	C	7	0	104	39.375
A_MP	763	105	T	7	0	105	38.5047619047619
A_MP	764	112	C	0	0	112	36.5178571428571
A_MP	765	112	T	0	0	112	35.9821428571429
A_MP	766	112	C	0	0	112	34.5267857142857
A_MP	767	112	G	0	0	112	34.9017857142857
A_MP	768	112	T	0	0	112	36.5625
A_MP	769	112	C	0	0	112	37.4017857142857
A_MP	770	112	A	0	0	111	40.1981981981982
A_MP	771	112	T	0	0	112	41.3482142857143
A_MP	772	112	T	0	0	112	41.5
A_MP	773	112	G	0	0	112	41.8660714285714
A_MP	774	112	C	0	0	112	42.1875
A_MP	775	112	A	0	0	112	41.6607142857143
A_MP	776	112	G	0	0	110	42.1545454545455
A_MP	777	112	C	0	0	111	42.0720720720721
A_MP	778	112	A	0	0	111	41.4774774774775
A_MP	779	112	A	0	0	112	41.2589285714286
A_MP	780	112	A	0	0	112	40.6964285714286
A_MP	781	112	C	0	0	112	41.3303571428571
A_MP	782	112	A	0	0	111	39.6396396396396
A_MP	783	112	T	0	0	111	40.4144144144144
A_MP	784	112	C	0	0	112	38.8571428571429
A_MP	785	111	A	1	0	111	38.7477477477477
A_MP	786	111	T	1	0	110	39.6272727272727
A_MP	787	111	T	1	0	111	39.2792792792793
A_MP	788	111	G	1	0	109	39.0183486238532
A_MP	789	111	G	1	0	109	38.8073394495413
A_MP	790	111	G	1	0	111	37.2522522522523
A_MP	791	111	A	1	0	111	37.9189189189189
A_MP	792	110	T	2	0	110	39.1090909090909
A_MP	793	110	C	2	0	110	37.5818181818182
A_MP	794	109	T	3	0	108	39.2962962962963
A_MP	795	112	T	0	0	112	39.3928571428571
A_MP	796	112	G	0	0	112	38.2857142857143
A_MP	797	112	C	0	0	112	39.0089285714286
A_MP	798	112	A	0	0	111	38.5765765765766
A_MP	799	112	C	0	0	112	39.6339285714286
A_MP	800	112	C	0	0	112	38.4464285714286
A_MP	801	110	T	2	0	110	38.7181818181818
A_MP	802	109	G	3	0	109	39.1467889908257
A_MP	803	111	A	1	0	111	39.2522522522523
A_MP	804	111	T	1	0	111	40.5765765765766
A_MP	805	111	A	1	0	111	40.0540540540541
A_MP	806	110	T	2	0	110	40.9
A_MP	807	111	T	1	0	111	40.963963963964
A_MP	808	111	G	1	0	111	41.3423423423423
A_MP	809	111	T	1	0	111	41.7477477477477
A_MP	810	111	G	1	0	111	40.6756756756757
A_MP	811	111	G	1	0	110	40.5
A_MP	812	111	A	1	0	111	40.3333333333333
A_MP	813	111	T	1	0	111	39.3603603603604
A_MP	814	110	T	2	0	110	39.0181818181818
A_MP	815	111	A	1	0	111	38.1441441441441
A_MP	816	111	C	1	0	111	34.8738738738739
A_MP	817	108	T	4	0	108	33.7407407407407
A_MP	818	111	G	1	0	108	32.0092592592593
A_MP	819	112	A	0	0	112	31.5446428571429
A_MP	820	112	T	0	0	112	32.0089285714286
A_MP	821	112	C	0	0	110	32.2
A_MP	822	112	G	0	0	109	33.5045871559633
A_MP	823	111	T	1	0	110	33.7818181818182
A_MP	824	110	C	2	0	109	33.3669724770642
A_MP	825	106	T	6	0	105	34.3714285714286
A_MP	826	108	T	4	0	108	34.962962962963
A_MP	827	109	T	3	0	109	36.8440366972477
A_MP	828	111	T	1	0	111	39.3333333333333
A_MP	829	111	T	1	0	111	38.7117117117117
A_MP	830	112	T	0	0	112	40.1339285714286
A_MP	831	112	T	0	0	112	41.1875
A_MP	832	112	C	0	0	111	37.1621621621622
A_MP	833	111	A	1	0	111	35.4594594594595
A_MP	834	112	A	0	0	112	36.7232142857143
A_MP	835	112	A	0	0	112	37.2410714285714
A_MP	836	112	T	0	0	111	38.2792792792793
A_MP	837	112	G	0	0	112	39.875
A_MP	838	112	C	0	0	112	42.4017857142857
A_MP	839	112	A	0	0	112	40.25
A_MP	840	112	T	0	0	112	41.7142857142857
A_MP	841	112	T	0	0	112	41.2589285714286
A_MP	842	112	T	0	0	112	41.625
A_MP	843	112	A	0	0	112	41.0803571428571
A_MP	844	112	T	0	0	112	41.0714285714286
A_MP	845	112	C	0	0	112	38.6964285714286
A_MP	846	112	G	0	0	112	37.9285714285714
A_MP	847	112	T	0	0	112	37.5535714285714
A_MP	848	112	C	0	0	112	36.9285714285714
A_MP	849	112	G	0	0	112	37.1428571428571
A_MP	850	112	C	0	0	112	38.3125
A_MP	851	112	T	0	0	112	38.5892857142857
A_MP	852	112	T	0	0	112	39.7232142857143
A_MP	853	112	T	0	0	110	41.0454545454545
A_MP	854	112	A	0	0	111	40.1261261261261
A_MP	855	112	A	0	0	112	40.5089285714286
A_MP	856	112	A	0	0	112	40.4375
A_MP	857	112	T	0	0	112	40.5089285714286
A_MP	858	112	A	0	0	111	40.8468468468468
A_MP	859	112	C	0	0	112	40.4285714285714
A_MP	860	112	G	0	0	112	38.1696428571429
A_MP	861	112	G	0	0	112	38.0892857142857
A_MP	862	112	T	0	0	112	37.4196428571429
A_MP	863	112	T	0	0	112	37.8214285714286
A_MP	864	112	T	0	0	112	38.0357142857143
A_MP	865	111	G	1	0	111	36.3963963963964
A_MP	866	109	A	3	0	107	35.9532710280374
A_MP	867	112	A	0	0	112	33.9732142857143
A_MP	868	112	A	0	0	111	35.0720720720721
A_MP	869	112	A	0	0	112	35.25
A_MP	870	111	G	1	0	110	35.1
A_MP	871	111	A	1	0	111	36.6756756756757
A_MP	872	111	G	1	0	111	36.8198198198198
A_MP	873	111	G	1	0	111	37.8468468468468
A_MP	874	111	G	1	0	110	37.7181818181818
A_MP	875	111	C	1	0	110	36.4454545454545
A_MP	876	111	C	1	0	110	37.2363636363636
A_MP	877	112	T	0	0	111	37.3513513513514
A_MP	878	112	T	0	0	111	36.4954954954955
A_MP	879	112	C	0	0	111	34.2792792792793
A_MP	880	112	T	0	0	111	34.7207207207207
A_MP	881	112	A	0	0	110	33.0818181818182
A_MP	882	112	C	0	0	111	32.4954954954955
A_MP	883	112	G	0	0	111	31.0990990990991
A_MP	884	112	G	0	0	112	32.2857142857143
A_MP	885	110	A	2	0	110	32.7
A_MP	886	111	A	1	0	111	36.4954954954955
A_MP	887	111	G	1	0	111	38.5315315315315
A_MP	888	111	G	1	0	111	38.2342342342342
A_MP	889	112	A	0	0	112	38.4910714285714
A_MP	890	111	G	1	0	111	37.3243243243243
A_MP	891	112	T	0	0	112	33.6875
A_MP	892	112	G	0	0	111	34.1801801801802
A_MP	893	112	C	0	0	111	34.6846846846847
A_MP	894	112	C	0	0	112	33.2678571428571
A_MP	895	109	T	2	0	108	37.0555555555556
A_MP	896	110	G	1	0	110	34.2363636363636
A_MP	897	109	A	2	0	108	34.1296296296296
A_MP	898	111	G	0	0	109	34.5871559633027
A_MP	899	111	T	0	0	110	35.9181818181818
A_MP	900	109	C	2	0	109	35.7064220183486
A_MP	901	111	C	0	0	109	35.8899082568807
A_MP	902	111	A	0	0	111	35.6936936936937
A_MP	903	111	T	0	0	108	36.7685185185185
A_MP	904	110	G	1	0	110	35.0454545454545
A_MP	905	110	A	1	0	110	35.1
A_MP	906	108	G	3	0	107	35.7102803738318
A_MP	907	111	G	0	0	110	35.1818181818182
A_MP	908	111	G	0	0	110	36.5636363636364
A_MP	909	111	A	0	0	111	35.8558558558559
A_MP	910	111	A	0	0	110	38.3272727272727
A_MP	911	111	G	0	0	110	39.1
A_MP	912	110	A	1	0	110	39.3818181818182
A_MP	913	108	A	3	0	108	39.4722222222222
A_MP	914	108	T	3	0	108	38.2314814814815
A_MP	915	110	A	1	0	110	37.2272727272727
A_MP	916	109	T	2	0	109	37.9908256880734
A_MP	917	111	C	0	0	107	35.4766355140187
A_MP	918	111	A	0	0	111	35.3423423423423
A_MP	919	111	A	0	0	111	35.5585585585586
A_MP	920	111	C	0	0	111	37.1531531531532
A_MP	921	111	A	0	0	111	38.3243243243243
A_MP	922	111	G	0	0	111	40.7837837837838
A_MP	923	111	G	0	0	111	40.7837837837838
A_MP	924	111	A	0	0	111	41.036036036036
A_MP	925	111	G	0	0	111	40.2252252252252
A_MP	926	111	C	0	0	111	40.7027027027027
A_MP	927	111	A	0	0	111	40.6306306306306
A_MP	928	111	G	0	0	111	40.4684684684685
A_MP	929	111	C	0	0	111	40.8108108108108
A_MP	930	111	A	0	0	111	40.5765765765766
A_MP	931	111	G	0	0	111	40.8738738738739
A_MP	932	110	A	1	0	110	40.8090909090909
A_MP	933	110	G	1	0	110	39.6
A_MP	934	110	T	1	0	110	39.1090909090909
A_MP	935	111	G	0	0	111	38.4594594594595
A_MP	936	111	C	0	0	111	38.2252252252252
A_MP	937	111	T	0	0	110	38.6272727272727
A_MP	938	111	G	0	0	111	38.6666666666667
A_MP	939	111	T	0	0	111	38.5045045045045
A_MP	940	111	G	0	0	111	37.2432432432432
A_MP	941	111	G	0	0	110	38.4090909090909
A_MP	942	111	A	0	0	111	37.4414414414414
A_MP	943	111	T	0	0	111	38.2882882882883
A_MP	944	111	G	0	0	111	37.2072072072072
A_MP	945	111	T	0	0	111	38.1621621621622
A_MP	946	111	T	0	0	108	39.3240740740741
A_MP	947	111	G	0	0	109	38.4678899082569
A_MP	948	111	A	0	0	108	37.7037037037037
A_MP	949	111	C	0	0	110	35.5909090909091
A_MP	950	111	G	0	0	111	34.2792792792793
A_MP	951	111	A	0	0	111	34.8828828828829
A_MP	952	111	T	0	0	111	35.6936936936937
A_MP	953	111	G	0	0	110	35.8363636363636
A_MP	954	111	G	0	0	111	38.6036036036036
A_MP	955	111	T	0	0	111	40.036036036036
A_MP	956	111	C	0	0	110	38.3363636363636
A_MP	957	111	A	0	0	111	38.8378378378378
A_MP	958	111	T	0	0	111	39.2252252252252
A_MP	959	111	T	0	0	111	39.1891891891892
A_MP	960	111	T	0	0	111	40.8918918918919
A_MP	961	110	T	1	0	110	43.2
A_MP	962	110	G	1	0	110	42.1272727272727
A_MP	963	111	T	0	0	111	41.6216216216216
A_MP	964	111	C	0	0	111	38.4774774774775
A_MP	965	111	A	0	0	111	38.0630630630631
A_MP	966	111	A	0	0	111	36.4774774774775
A_MP	967	111	C	0	0	111	38.1081081081081
A_MP	968	111	A	0	0	111	38.3423423423423
A_MP	969	110	T	0	0	110	39.0727272727273
A_MP	970	110	A	0	0	109	37.5321100917431
A_MP	971	110	G	0	0	110	36.5636363636364
A_MP	972	110	A	0	0	110	36.5272727272727
A_MP	973	110	G	0	0	110	36.9272727272727
A_MP	974	110	C	0	0	110	37.2181818181818
A_MP	975	110	T	0	0	110	37.8454545454545
A_MP	976	109	A	0	0	109	35.9082568807339
A_MP	977	109	G	0	0	108	35.9722222222222
A_MP	978	108	A	0	0	108	34.1018518518519
A_MP	979	108	G	0	0	107	33.1869158878505
A_MP	980	106	T	0	0	106	34.4339622641509
A_MP	981	106	A	0	0	106	34.4433962264151
A_MP	982	106	A	0	0	106	35.2264150943396
