Reference_Name	Position	Coverage Depth	Consensus	Deletions	Ambiguous	Consensus_Count	Consensus_Average_Quality
A_NA_N1	1	15	A	0	0	15	39.9333333333333
A_NA_N1	2	15	T	0	0	15	38.1333333333333
A_NA_N1	3	15	G	0	0	15	30.6
A_NA_N1	4	15	A	0	0	15	32.6
A_NA_N1	5	16	A	0	0	16	31.375
A_NA_N1	6	16	T	0	0	16	33.1875
A_NA_N1	7	16	C	0	0	16	33.6875
A_NA_N1	8	16	C	0	0	16	35.8125
A_NA_N1	9	16	A	0	0	16	38.4375
A_NA_N1	10	16	A	0	0	16	37.1875
A_NA_N1	11	16	A	0	0	16	37.25
A_NA_N1	12	16	C	0	0	16	37.1875
A_NA_N1	13	16	C	0	0	16	37.375
A_NA_N1	14	16	A	0	0	16	35.9375
A_NA_N1	15	16	A	0	0	16	39.5625
A_NA_N1	16	16	A	0	0	16	39.4375
A_NA_N1	17	16	A	0	0	16	40.4375
A_NA_N1	18	16	G	0	0	16	43.3125
A_NA_N1	19	17	A	0	0	17	40.4117647058824
A_NA_N1	20	17	T	0	0	17	40.5882352941176
A_NA_N1	21	17	A	0	0	17	40
A_NA_N1	22	17	A	0	0	17	39.2352941176471
A_NA_N1	23	17	T	0	0	17	38.1764705882353
A_NA_N1	24	17	A	0	0	17	38.7058823529412
A_NA_N1	25	17	A	0	0	17	39.3529411764706
A_NA_N1	26	17	C	0	0	17	39.2941176470588
A_NA_N1	27	17	C	0	0	17	38.8235294117647
A_NA_N1	28	17	A	0	0	17	39
A_NA_N1	29	17	T	0	0	17	40
A_NA_N1	30	17	T	0	0	17	40.9411764705882
A_NA_N1	31	17	G	0	0	17	38.6470588235294
A_NA_N1	32	17	G	0	0	17	38.4705882352941
A_NA_N1	33	17	T	0	0	17	36.2941176470588
A_NA_N1	34	17	T	0	0	16	38.3125
A_NA_N1	35	17	C	0	0	16	35.4375
A_NA_N1	36	17	T	0	0	16	37.6875
A_NA_N1	37	17	A	0	0	17	35.4705882352941
A_NA_N1	38	17	T	0	0	17	37.1764705882353
A_NA_N1	39	17	C	0	0	17	37.5294117647059
A_NA_N1	40	17	T	0	0	17	37.9411764705882
A_NA_N1	41	17	G	0	0	17	39.0588235294118
A_NA_N1	42	17	T	0	0	17	37.8235294117647
A_NA_N1	43	17	A	0	0	17	38.5294117647059
A_NA_N1	44	17	T	0	0	17	39.5294117647059
A_NA_N1	45	17	G	0	0	16	38.5
A_NA_N1	46	17	A	0	0	16	40.125
A_NA_N1	47	17	C	0	0	17	40.5294117647059
A_NA_N1	48	17	A	0	0	17	40.4117647058824
A_NA_N1	49	17	A	0	0	17	41.0588235294118
A_NA_N1	50	17	T	0	0	17	40.9411764705882
A_NA_N1	51	17	T	0	0	17	41.0588235294118
A_NA_N1	52	17	G	0	0	17	42.2941176470588
A_NA_N1	53	17	G	0	0	17	40.8235294117647
A_NA_N1	54	17	A	0	0	17	40.1764705882353
A_NA_N1	55	17	A	0	0	17	41.2352941176471
A_NA_N1	56	17	C	0	0	17	38.6470588235294
A_NA_N1	57	17	G	0	0	17	38.7647058823529
A_NA_N1	58	17	G	0	0	17	38.5882352941176
A_NA_N1	59	17	C	0	0	17	38.2352941176471
A_NA_N1	60	17	T	0	0	17	38.9411764705882
A_NA_N1	61	17	A	0	0	17	39.4117647058824
A_NA_N1	62	17	A	0	0	17	40.8235294117647
A_NA_N1	63	17	C	0	0	17	39.9411764705882
A_NA_N1	64	17	T	0	0	17	40.5294117647059
A_NA_N1	65	17	T	0	0	17	40.6470588235294
A_NA_N1	66	17	A	0	0	17	39.1176470588235
A_NA_N1	67	17	A	0	0	17	39.3529411764706
A_NA_N1	68	17	T	0	0	17	40.4705882352941
A_NA_N1	69	17	A	0	0	17	41
A_NA_N1	70	17	T	0	0	17	40.6470588235294
A_NA_N1	71	17	T	0	0	17	40.6470588235294
A_NA_N1	72	17	A	0	0	17	41.5882352941176
A_NA_N1	73	17	C	0	0	17	42.4117647058824
A_NA_N1	74	17	A	0	0	17	39.8235294117647
A_NA_N1	75	17	A	0	0	17	43.9411764705882
A_NA_N1	76	17	A	0	0	17	42.5294117647059
A_NA_N1	77	17	T	0	0	17	41.1176470588235
A_NA_N1	78	17	T	0	0	17	42.1764705882353
A_NA_N1	79	17	G	0	0	17	42.1764705882353
A_NA_N1	80	17	G	0	0	17	43.1764705882353
A_NA_N1	81	16	A	1	0	16	43.5
A_NA_N1	82	17	A	0	0	17	44.4117647058824
A_NA_N1	83	17	A	0	0	17	42.5882352941176
A_NA_N1	84	17	C	0	0	17	41.7647058823529
A_NA_N1	85	17	A	0	0	17	42.8823529411765
A_NA_N1	86	17	T	0	0	17	41.5882352941176
A_NA_N1	87	17	A	0	0	17	39.5294117647059
A_NA_N1	88	17	A	0	0	17	41
A_NA_N1	89	17	T	0	0	17	40.2941176470588
A_NA_N1	90	17	C	0	0	17	40.7058823529412
A_NA_N1	91	17	T	0	0	17	43.6470588235294
A_NA_N1	92	17	C	0	0	17	40.5882352941176
A_NA_N1	93	17	A	0	0	17	40.9411764705882
A_NA_N1	94	17	A	0	0	17	41.1764705882353
A_NA_N1	95	17	T	0	0	17	42.1176470588235
A_NA_N1	96	17	A	0	0	17	41.6470588235294
A_NA_N1	97	17	T	0	0	17	42.1176470588235
A_NA_N1	98	17	G	0	0	17	42.1764705882353
A_NA_N1	99	17	G	0	0	17	41.8823529411765
A_NA_N1	100	17	G	0	0	17	41.8235294117647
A_NA_N1	101	17	T	0	0	17	42.1176470588235
A_NA_N1	102	17	T	0	0	17	40.8823529411765
A_NA_N1	103	17	A	0	0	17	43.2941176470588
A_NA_N1	104	17	G	0	0	17	42.8235294117647
A_NA_N1	105	17	C	0	0	17	42.8823529411765
A_NA_N1	106	17	C	0	0	17	43.2941176470588
A_NA_N1	107	17	A	0	0	17	42.7647058823529
A_NA_N1	108	17	C	0	0	17	41.1176470588235
A_NA_N1	109	17	T	0	0	17	40.4705882352941
A_NA_N1	110	17	C	0	0	17	39.1764705882353
A_NA_N1	111	17	A	0	0	17	42.2941176470588
A_NA_N1	112	17	A	0	0	17	36.8823529411765
A_NA_N1	113	17	T	0	0	17	37.8235294117647
A_NA_N1	114	17	T	0	0	17	38.5882352941176
A_NA_N1	115	17	C	0	0	17	37.2352941176471
A_NA_N1	116	17	A	0	0	17	38.5294117647059
A_NA_N1	117	17	A	0	0	17	40
A_NA_N1	118	17	A	0	0	17	41.1764705882353
A_NA_N1	119	17	T	0	0	17	43.1764705882353
A_NA_N1	120	17	T	0	0	17	41.8235294117647
A_NA_N1	121	17	G	0	0	17	39.4705882352941
A_NA_N1	122	17	G	0	0	17	38.6470588235294
A_NA_N1	123	17	A	0	0	17	37.8235294117647
A_NA_N1	124	17	A	0	0	17	38.2352941176471
A_NA_N1	125	17	A	0	0	17	37.8235294117647
A_NA_N1	126	17	T	0	0	17	38.7647058823529
A_NA_N1	127	17	C	0	0	17	35.8235294117647
A_NA_N1	128	17	A	0	0	17	34.3529411764706
A_NA_N1	129	17	A	0	0	17	34.5882352941176
A_NA_N1	130	17	A	0	0	17	37.8823529411765
A_NA_N1	131	17	G	0	0	17	37.8235294117647
A_NA_N1	132	17	C	0	0	17	35.4705882352941
A_NA_N1	133	17	C	0	0	17	36.7647058823529
A_NA_N1	134	17	A	0	0	17	37.7647058823529
A_NA_N1	135	17	G	0	0	17	37.1176470588235
A_NA_N1	136	17	G	0	0	17	36.5882352941176
A_NA_N1	137	17	T	0	0	17	37.7647058823529
A_NA_N1	138	17	T	0	0	17	37.6470588235294
A_NA_N1	139	17	G	0	0	17	38.8235294117647
A_NA_N1	140	17	A	0	0	17	40.5294117647059
A_NA_N1	141	17	A	0	0	17	42.0588235294118
A_NA_N1	142	17	A	0	0	17	43.0588235294118
A_NA_N1	143	17	C	0	0	17	39.4117647058824
A_NA_N1	144	17	A	0	0	17	40.8823529411765
A_NA_N1	145	17	T	0	0	17	42.9411764705882
A_NA_N1	146	17	G	0	0	17	40.8823529411765
A_NA_N1	147	17	C	0	0	17	40.1176470588235
A_NA_N1	148	17	A	0	0	17	41.1176470588235
A_NA_N1	149	17	A	0	0	17	42.2941176470588
A_NA_N1	150	17	T	0	0	17	41.5882352941176
A_NA_N1	151	17	A	0	0	17	40.7647058823529
A_NA_N1	152	17	A	0	0	17	40.3529411764706
A_NA_N1	153	17	A	0	0	17	42.5882352941176
A_NA_N1	154	17	A	0	0	17	42.0588235294118
A_NA_N1	155	17	A	0	0	16	44.8125
A_NA_N1	156	17	C	0	0	17	41.5294117647059
A_NA_N1	157	17	G	0	0	17	40.5882352941176
A_NA_N1	158	17	T	0	0	17	40.7647058823529
A_NA_N1	159	17	C	0	0	17	38.5882352941176
A_NA_N1	160	17	A	0	0	17	39.4705882352941
A_NA_N1	161	17	T	0	0	17	39.0588235294118
A_NA_N1	162	17	T	0	0	17	40.0588235294118
A_NA_N1	163	17	A	0	0	17	39.2352941176471
A_NA_N1	164	17	C	0	0	17	39.1176470588235
A_NA_N1	165	17	T	0	0	17	39.7058823529412
A_NA_N1	166	17	T	0	0	17	40.5882352941176
A_NA_N1	167	17	A	0	0	17	39.1764705882353
A_NA_N1	168	17	T	0	0	17	40.3529411764706
A_NA_N1	169	17	G	0	0	17	39.7058823529412
A_NA_N1	170	17	A	0	0	17	41.4117647058824
A_NA_N1	171	17	A	0	0	17	40.3529411764706
A_NA_N1	172	17	A	0	0	17	42.9411764705882
A_NA_N1	173	17	A	0	0	17	42.8235294117647
A_NA_N1	174	17	C	0	0	17	42.3529411764706
A_NA_N1	175	17	A	0	0	17	42.5294117647059
A_NA_N1	176	17	A	0	0	17	40.8235294117647
A_NA_N1	177	17	C	0	0	17	40.8823529411765
A_NA_N1	178	17	A	0	0	17	40.8235294117647
A_NA_N1	179	17	C	0	0	17	39.9411764705882
A_NA_N1	180	17	T	0	0	17	40.2941176470588
A_NA_N1	181	17	T	0	0	17	39.7058823529412
A_NA_N1	182	17	G	0	0	17	39.1764705882353
A_NA_N1	183	17	G	0	0	17	40.9411764705882
A_NA_N1	184	17	G	0	0	17	43.7058823529412
A_NA_N1	185	17	T	0	0	17	42.5294117647059
A_NA_N1	186	17	A	0	0	17	42.8235294117647
A_NA_N1	187	17	A	0	0	17	42.3529411764706
A_NA_N1	188	17	A	0	0	17	41.4117647058824
A_NA_N1	189	17	T	0	0	17	41.1176470588235
A_NA_N1	190	17	C	0	0	17	39.1176470588235
A_NA_N1	191	17	A	0	0	17	38.1764705882353
A_NA_N1	192	17	G	0	0	17	38.9411764705882
A_NA_N1	193	17	A	0	0	17	37.1176470588235
A_NA_N1	194	17	C	0	0	17	36.7058823529412
A_NA_N1	195	17	A	0	0	17	40.7647058823529
A_NA_N1	196	17	T	0	0	17	39.7647058823529
A_NA_N1	197	17	T	0	0	17	41.2941176470588
A_NA_N1	198	17	T	0	0	17	41.2352941176471
A_NA_N1	199	17	G	0	0	17	42.4705882352941
A_NA_N1	200	17	T	0	0	17	43.8823529411765
A_NA_N1	201	17	T	0	0	17	45
A_NA_N1	202	17	A	0	0	17	42
A_NA_N1	203	17	A	0	0	17	43
A_NA_N1	204	17	C	0	0	17	43.5882352941176
A_NA_N1	205	17	A	0	0	17	42.8823529411765
A_NA_N1	206	17	T	0	0	17	43.5294117647059
A_NA_N1	207	17	C	0	0	17	41.7647058823529
A_NA_N1	208	17	A	0	0	17	42.2352941176471
A_NA_N1	209	17	G	0	0	17	41.7058823529412
A_NA_N1	210	17	C	0	0	17	41.6470588235294
A_NA_N1	211	17	A	0	0	17	40.1176470588235
A_NA_N1	212	17	A	0	0	17	40.7647058823529
A_NA_N1	213	17	C	0	0	17	41.5882352941176
A_NA_N1	214	17	A	0	0	17	40.8235294117647
A_NA_N1	215	17	C	0	0	17	41.1176470588235
A_NA_N1	216	17	T	0	0	17	38.9411764705882
A_NA_N1	217	17	A	0	0	17	37.2352941176471
A_NA_N1	218	17	A	0	0	17	37.8823529411765
A_NA_N1	219	17	C	0	0	17	39.5294117647059
A_NA_N1	220	17	T	0	0	17	39.2941176470588
A_NA_N1	221	17	C	0	0	17	41.7058823529412
A_NA_N1	222	17	T	0	0	17	42.5882352941176
A_NA_N1	223	17	G	0	0	17	42
A_NA_N1	224	17	C	0	0	17	41.7058823529412
A_NA_N1	225	17	T	0	0	17	40.1764705882353
A_NA_N1	226	17	G	0	0	17	42
A_NA_N1	227	17	C	0	0	17	40.1176470588235
A_NA_N1	228	17	T	0	0	17	41.2941176470588
A_NA_N1	229	17	A	0	0	17	38.4117647058824
A_NA_N1	230	17	G	0	0	17	38.1764705882353
A_NA_N1	231	17	A	0	0	17	40.2941176470588
A_NA_N1	232	17	C	0	0	17	39.8823529411765
A_NA_N1	233	17	A	0	0	17	40.0588235294118
A_NA_N1	234	17	G	0	0	17	39.5294117647059
A_NA_N1	235	17	T	0	0	17	42.9411764705882
A_NA_N1	236	17	C	0	0	17	38.5294117647059
A_NA_N1	237	17	A	0	0	17	39.1764705882353
A_NA_N1	238	17	G	0	0	17	38.8235294117647
A_NA_N1	239	17	T	0	0	17	38.7647058823529
A_NA_N1	240	17	G	0	0	17	39.2941176470588
A_NA_N1	241	17	G	0	0	17	41.8823529411765
A_NA_N1	242	17	C	0	0	17	41.1764705882353
A_NA_N1	243	17	T	0	0	17	40.0588235294118
A_NA_N1	244	17	T	0	0	17	39.8823529411765
A_NA_N1	245	17	C	0	0	17	39.2941176470588
A_NA_N1	246	17	C	0	0	17	37.9411764705882
A_NA_N1	247	17	G	0	0	17	36.2352941176471
A_NA_N1	248	17	T	0	0	17	36.8823529411765
A_NA_N1	249	17	G	0	0	17	35.6470588235294
A_NA_N1	250	17	A	0	0	17	38.7647058823529
A_NA_N1	251	17	A	0	0	17	41.4117647058824
A_NA_N1	252	17	A	0	0	17	42.4705882352941
A_NA_N1	253	17	T	0	0	17	43.7647058823529
A_NA_N1	254	17	T	0	0	17	40.2941176470588
A_NA_N1	255	17	A	0	0	17	38.2352941176471
A_NA_N1	256	17	G	0	0	17	36
A_NA_N1	257	17	C	0	0	17	35.9411764705882
A_NA_N1	258	17	G	0	0	17	33.4117647058824
A_NA_N1	259	17	G	0	0	17	30.1764705882353
A_NA_N1	260	17	G	0	0	17	35.5882352941176
A_NA_N1	261	17	C	0	0	17	37.4705882352941
A_NA_N1	262	17	A	0	0	17	40.2941176470588
A_NA_N1	263	17	A	0	0	17	42.7058823529412
A_NA_N1	264	17	T	0	0	17	42.4117647058824
A_NA_N1	265	17	T	0	0	17	42.7058823529412
A_NA_N1	266	17	C	0	0	17	42.4705882352941
A_NA_N1	267	17	C	0	0	17	42.6470588235294
A_NA_N1	268	17	T	0	0	17	42.8235294117647
A_NA_N1	269	17	C	0	0	17	39.7647058823529
A_NA_N1	270	17	T	0	0	17	38.2941176470588
A_NA_N1	271	17	C	0	0	17	38.1764705882353
A_NA_N1	272	17	T	0	0	17	38.2352941176471
A_NA_N1	273	17	C	0	0	17	41.1764705882353
A_NA_N1	274	17	T	0	0	17	44.4117647058824
A_NA_N1	275	17	G	0	0	17	42.8823529411765
A_NA_N1	276	17	C	0	0	17	42.2941176470588
A_NA_N1	277	17	C	0	0	17	43.1764705882353
A_NA_N1	278	17	C	0	0	17	44.1176470588235
A_NA_N1	279	17	T	0	0	17	40.3529411764706
A_NA_N1	280	17	G	0	0	17	41.7058823529412
A_NA_N1	281	17	T	0	0	17	41.2352941176471
A_NA_N1	282	17	T	0	0	17	41.3529411764706
A_NA_N1	283	17	A	0	0	17	40.4705882352941
A_NA_N1	284	17	G	0	0	17	39.6470588235294
A_NA_N1	285	17	T	0	0	17	41.7647058823529
A_NA_N1	286	17	G	0	0	17	42.6470588235294
A_NA_N1	287	17	G	0	0	17	42.4705882352941
A_NA_N1	288	17	A	0	0	17	44.4117647058824
A_NA_N1	289	17	T	0	0	17	43
A_NA_N1	290	17	G	0	0	17	40.8823529411765
A_NA_N1	291	17	G	0	0	17	42.7647058823529
A_NA_N1	292	17	G	0	0	17	42.5294117647059
A_NA_N1	293	17	C	0	0	17	42.1176470588235
A_NA_N1	294	17	T	0	0	17	42.4705882352941
A_NA_N1	295	17	A	0	0	17	41.1764705882353
A_NA_N1	296	17	T	0	0	17	42
A_NA_N1	297	17	A	0	0	17	42.1176470588235
A_NA_N1	298	17	T	0	0	17	44.6470588235294
A_NA_N1	299	17	A	0	0	16	42.875
A_NA_N1	300	17	C	0	0	17	41.4117647058824
A_NA_N1	301	17	A	0	0	17	40.5294117647059
A_NA_N1	302	16	G	1	0	16	40.75
A_NA_N1	303	17	T	0	0	17	39.5882352941176
A_NA_N1	304	17	A	0	0	17	38.5294117647059
A_NA_N1	305	17	A	0	0	16	39.9375
A_NA_N1	306	17	A	0	0	17	38.9411764705882
A_NA_N1	307	17	G	0	0	16	40.25
A_NA_N1	308	17	A	0	0	16	41.625
A_NA_N1	309	17	C	0	0	17	39.5882352941176
A_NA_N1	310	17	A	0	0	17	37.1764705882353
A_NA_N1	311	17	A	0	0	17	35.7647058823529
A_NA_N1	312	17	C	0	0	17	36.5294117647059
A_NA_N1	313	17	A	0	0	17	38.5294117647059
A_NA_N1	314	17	G	0	0	17	37.8235294117647
A_NA_N1	315	17	T	0	0	17	38.1176470588235
A_NA_N1	316	17	G	0	0	17	38.8823529411765
A_NA_N1	317	17	T	0	0	17	40
A_NA_N1	318	16	A	1	0	16	38.25
A_NA_N1	319	17	A	0	0	17	34.4117647058824
A_NA_N1	320	17	G	0	0	16	33.1875
A_NA_N1	321	17	A	0	0	17	35.8823529411765
A_NA_N1	322	17	A	0	0	17	37.4705882352941
A_NA_N1	323	17	T	0	0	17	38
A_NA_N1	324	17	C	0	0	16	36.875
A_NA_N1	325	17	G	0	0	17	32.2352941176471
A_NA_N1	326	17	G	0	0	17	30.4117647058824
A_NA_N1	327	17	T	0	0	17	31.9411764705882
A_NA_N1	328	17	T	0	0	17	34.1176470588235
A_NA_N1	329	17	C	0	0	17	34.4117647058824
A_NA_N1	330	17	C	0	0	17	36.2941176470588
A_NA_N1	331	17	A	0	0	17	34.6470588235294
A_NA_N1	332	17	A	0	0	17	34.0588235294118
A_NA_N1	333	16	G	1	0	16	34.125
A_NA_N1	334	17	G	0	0	17	32.6470588235294
A_NA_N1	335	17	G	0	0	17	33.1764705882353
A_NA_N1	336	17	G	0	0	17	36.4117647058824
A_NA_N1	337	17	G	0	0	17	37.1176470588235
A_NA_N1	338	17	A	0	0	17	37.8235294117647
A_NA_N1	339	17	T	0	0	17	39.1176470588235
A_NA_N1	340	17	G	0	0	17	37.7058823529412
A_NA_N1	341	17	T	0	0	17	39.5294117647059
A_NA_N1	342	17	G	0	0	17	40.6470588235294
A_NA_N1	343	17	T	0	0	17	38.6470588235294
A_NA_N1	344	17	T	0	0	17	40.1764705882353
A_NA_N1	345	17	T	0	0	17	39.9411764705882
A_NA_N1	346	17	G	0	0	17	38.7647058823529
A_NA_N1	347	17	T	0	0	17	38.9411764705882
A_NA_N1	348	17	C	0	0	17	37.3529411764706
A_NA_N1	349	17	A	0	0	17	35.3529411764706
A_NA_N1	350	17	T	0	0	17	35.0588235294118
A_NA_N1	351	17	A	0	0	17	33.5882352941176
A_NA_N1	352	17	A	0	0	17	33.5882352941176
A_NA_N1	353	17	G	0	0	17	32.2352941176471
A_NA_N1	354	17	G	0	0	17	35
A_NA_N1	355	17	G	0	0	17	35
A_NA_N1	356	17	A	0	0	17	35.8235294117647
A_NA_N1	357	17	A	0	0	17	36.1764705882353
A_NA_N1	358	17	C	0	0	17	35.0588235294118
A_NA_N1	359	17	C	0	0	17	35.3529411764706
A_NA_N1	360	17	A	0	0	17	34.8823529411765
A_NA_N1	361	17	T	0	0	17	35.8823529411765
A_NA_N1	362	17	T	0	0	17	36.1764705882353
A_NA_N1	363	17	C	0	0	17	36.7058823529412
A_NA_N1	364	16	A	1	0	16	39.625
A_NA_N1	365	17	T	0	0	17	39.0588235294118
A_NA_N1	366	17	A	0	0	17	39.5294117647059
A_NA_N1	367	17	T	0	0	17	40.3529411764706
A_NA_N1	368	17	C	0	0	17	41.3529411764706
A_NA_N1	369	17	A	0	0	17	41.8823529411765
A_NA_N1	370	17	T	0	0	17	42.1764705882353
A_NA_N1	371	17	G	0	0	17	40.2352941176471
A_NA_N1	372	17	C	0	0	17	40.9411764705882
A_NA_N1	373	17	T	0	0	17	41.4117647058824
A_NA_N1	374	17	C	0	0	17	40
A_NA_N1	375	17	T	0	0	17	38
A_NA_N1	376	17	C	0	0	17	36.8823529411765
A_NA_N1	377	17	C	0	0	17	36
A_NA_N1	378	17	C	0	0	17	36.8235294117647
A_NA_N1	379	17	T	0	0	17	32.2352941176471
A_NA_N1	380	17	T	0	0	17	38.9411764705882
A_NA_N1	381	17	G	0	0	17	36.9411764705882
A_NA_N1	382	17	G	0	0	17	37.5882352941176
A_NA_N1	383	17	A	0	0	17	39.5882352941176
A_NA_N1	384	17	A	0	0	17	41.0588235294118
A_NA_N1	385	17	T	0	0	17	39.7647058823529
A_NA_N1	386	17	G	0	0	17	39.2941176470588
A_NA_N1	387	17	C	0	0	17	41.5882352941176
A_NA_N1	388	17	A	0	0	17	41.7058823529412
A_NA_N1	389	17	G	0	0	17	40.5294117647059
A_NA_N1	390	17	A	0	0	17	40.1176470588235
A_NA_N1	391	17	A	0	0	17	39.8823529411765
A_NA_N1	392	17	C	0	0	17	39.3529411764706
A_NA_N1	393	16	C	1	0	16	41.4375
A_NA_N1	394	16	T	1	0	16	42
A_NA_N1	395	16	T	1	0	16	41.125
A_NA_N1	396	17	C	0	0	17	37
A_NA_N1	397	17	T	0	0	17	39.3529411764706
A_NA_N1	398	17	T	0	0	17	39.1176470588235
A_NA_N1	399	17	C	0	0	17	37.2352941176471
A_NA_N1	400	16	T	1	0	16	40.0625
A_NA_N1	401	17	T	0	0	17	39.7058823529412
A_NA_N1	402	17	G	0	0	17	38.6470588235294
A_NA_N1	403	17	A	0	0	17	39.4705882352941
A_NA_N1	404	17	C	0	0	17	39.8235294117647
A_NA_N1	405	17	T	0	0	17	39.7647058823529
A_NA_N1	406	17	C	0	0	17	37.1764705882353
A_NA_N1	407	17	A	0	0	17	36.5294117647059
A_NA_N1	408	17	A	0	0	17	37.0588235294118
A_NA_N1	409	17	G	0	0	17	36.2352941176471
A_NA_N1	410	17	G	0	0	17	37.1764705882353
A_NA_N1	411	17	G	0	0	17	41.1764705882353
A_NA_N1	412	17	G	0	0	17	41.8235294117647
A_NA_N1	413	17	C	0	0	17	42.5294117647059
A_NA_N1	414	17	T	0	0	17	40.2352941176471
A_NA_N1	415	17	T	0	0	17	41.0588235294118
A_NA_N1	416	17	T	0	0	17	41.1764705882353
A_NA_N1	417	17	G	0	0	17	41.8235294117647
A_NA_N1	418	17	C	0	0	17	42.3529411764706
A_NA_N1	419	17	T	0	0	17	44.9411764705882
A_NA_N1	420	17	A	0	0	17	41.1176470588235
A_NA_N1	421	17	A	0	0	17	43.1764705882353
A_NA_N1	422	17	A	0	0	17	42.5294117647059
A_NA_N1	423	17	T	0	0	17	42.8235294117647
A_NA_N1	424	17	G	0	0	17	41.8823529411765
A_NA_N1	425	17	A	0	0	17	40.2941176470588
A_NA_N1	426	17	C	0	0	17	40.8235294117647
A_NA_N1	427	17	A	0	0	17	38.5882352941176
A_NA_N1	428	17	A	0	0	17	38.8823529411765
A_NA_N1	429	17	A	0	0	17	39.5882352941176
A_NA_N1	430	17	C	0	0	17	38.9411764705882
A_NA_N1	431	17	A	0	0	17	40.4117647058824
A_NA_N1	432	17	T	0	0	17	39.9411764705882
A_NA_N1	433	17	T	0	0	17	39.8235294117647
A_NA_N1	434	17	C	0	0	17	36.8235294117647
A_NA_N1	435	17	C	0	0	17	36.2941176470588
A_NA_N1	436	17	A	0	0	17	35.6470588235294
A_NA_N1	437	17	A	0	0	17	35.1764705882353
A_NA_N1	438	17	T	0	0	17	37.4117647058824
A_NA_N1	439	17	G	0	0	17	40.8823529411765
A_NA_N1	440	17	G	0	0	17	40.7647058823529
A_NA_N1	441	17	A	0	0	17	40.5294117647059
A_NA_N1	442	17	A	0	0	17	41.2941176470588
A_NA_N1	443	17	C	0	0	17	40.6470588235294
A_NA_N1	444	17	A	0	0	17	39.8235294117647
A_NA_N1	445	17	A	0	0	17	38.7647058823529
A_NA_N1	446	17	T	0	0	17	40.1176470588235
A_NA_N1	447	17	T	0	0	17	38.1764705882353
A_NA_N1	448	16	A	1	0	16	37.875
A_NA_N1	449	17	A	0	0	17	40.4117647058824
A_NA_N1	450	17	A	0	0	17	39.4117647058824
A_NA_N1	451	17	G	0	0	17	40.4705882352941
A_NA_N1	452	17	A	0	0	17	38.2352941176471
A_NA_N1	453	17	C	0	0	17	38.0588235294118
A_NA_N1	454	17	A	0	0	17	32.4117647058824
A_NA_N1	455	16	G	1	0	16	32.3125
A_NA_N1	456	17	A	0	0	17	31.3529411764706
A_NA_N1	457	17	A	0	0	17	33
A_NA_N1	458	17	G	0	0	17	31.3529411764706
A_NA_N1	459	17	C	0	0	17	36.0588235294118
A_NA_N1	460	17	C	0	0	17	35.3529411764706
A_NA_N1	461	17	C	0	0	17	38.4117647058824
A_NA_N1	462	17	A	0	0	17	37.9411764705882
A_NA_N1	463	17	T	0	0	17	38.2941176470588
A_NA_N1	464	17	A	0	0	17	40.8823529411765
A_NA_N1	465	17	T	0	0	17	41.8823529411765
A_NA_N1	466	17	C	0	0	17	38.6470588235294
A_NA_N1	467	17	G	0	0	17	35.7058823529412
A_NA_N1	468	17	A	0	0	17	36.8235294117647
A_NA_N1	469	17	A	0	0	17	37.3529411764706
A_NA_N1	470	17	C	0	0	17	36.1176470588235
A_NA_N1	471	17	C	0	0	17	38.4705882352941
A_NA_N1	472	17	C	0	0	16	39.4375
A_NA_N1	473	17	T	0	0	16	39.1875
A_NA_N1	474	17	A	0	0	17	39.8823529411765
A_NA_N1	475	17	A	0	0	17	41.2352941176471
A_NA_N1	476	17	T	0	0	17	38.8823529411765
A_NA_N1	477	17	G	0	0	17	38.0588235294118
A_NA_N1	478	17	A	0	0	17	38.3529411764706
A_NA_N1	479	17	G	0	0	17	38.5294117647059
A_NA_N1	480	17	C	0	0	17	37.1764705882353
A_NA_N1	481	17	T	0	0	17	37.6470588235294
A_NA_N1	482	17	G	0	0	17	37.2352941176471
A_NA_N1	483	17	T	0	0	16	36.875
A_NA_N1	484	17	C	0	0	17	36.2941176470588
A_NA_N1	485	17	C	0	0	17	38.5294117647059
A_NA_N1	486	17	T	0	0	16	37.625
A_NA_N1	487	17	A	0	0	16	38.0625
A_NA_N1	488	17	T	0	0	16	38.6875
A_NA_N1	489	17	T	0	0	17	37.9411764705882
A_NA_N1	490	17	G	0	0	17	37.7058823529412
A_NA_N1	491	17	G	0	0	17	39.2941176470588
A_NA_N1	492	17	T	0	0	17	39.4117647058824
A_NA_N1	493	17	G	0	0	17	41.5882352941176
A_NA_N1	494	17	A	0	0	17	40
A_NA_N1	495	17	A	0	0	17	42.7058823529412
A_NA_N1	496	17	G	0	0	17	38.4117647058824
A_NA_N1	497	17	T	0	0	17	41.0588235294118
A_NA_N1	498	17	T	0	0	17	41.5882352941176
A_NA_N1	499	17	C	0	0	16	41.8125
A_NA_N1	500	17	C	0	0	17	38.9411764705882
A_NA_N1	501	17	C	0	0	17	39
A_NA_N1	502	17	T	0	0	17	37.2941176470588
A_NA_N1	503	17	C	0	0	17	35.6470588235294
A_NA_N1	504	17	T	0	0	17	35.7058823529412
A_NA_N1	505	17	C	0	0	17	34.7058823529412
A_NA_N1	506	17	C	0	0	17	38.8823529411765
A_NA_N1	507	17	A	0	0	17	38.0588235294118
A_NA_N1	508	17	T	0	0	17	38.7647058823529
A_NA_N1	509	17	A	0	0	16	43.5
A_NA_N1	510	17	C	0	0	17	42.5294117647059
A_NA_N1	511	17	A	0	0	17	40.2352941176471
A_NA_N1	512	17	A	0	0	17	39.9411764705882
A_NA_N1	513	17	C	0	0	17	40.7058823529412
A_NA_N1	514	17	T	0	0	17	40.5882352941176
A_NA_N1	515	17	C	0	0	17	43.0588235294118
A_NA_N1	516	17	A	0	0	17	41.9411764705882
A_NA_N1	517	17	A	0	0	17	40.8823529411765
A_NA_N1	518	17	G	0	0	17	40.1764705882353
A_NA_N1	519	17	A	0	0	17	38.8823529411765
A_NA_N1	520	17	T	0	0	17	39
A_NA_N1	521	17	T	0	0	17	39.0588235294118
A_NA_N1	522	17	T	0	0	17	40.6470588235294
A_NA_N1	523	17	G	0	0	17	40.1176470588235
A_NA_N1	524	17	A	0	0	17	38.5294117647059
A_NA_N1	525	17	G	0	0	17	39.2352941176471
A_NA_N1	526	17	T	0	0	17	38.7058823529412
A_NA_N1	527	17	C	0	0	17	38.5882352941176
A_NA_N1	528	17	A	0	0	17	37.2352941176471
A_NA_N1	529	17	G	0	0	17	35.4117647058824
A_NA_N1	530	17	T	0	0	16	40.5625
A_NA_N1	531	17	C	0	0	17	38.0588235294118
A_NA_N1	532	17	G	0	0	16	39.4375
A_NA_N1	533	17	C	0	0	17	37.1176470588235
A_NA_N1	534	16	T	1	0	16	37.5625
A_NA_N1	535	17	T	0	0	17	36.2941176470588
A_NA_N1	536	17	G	0	0	17	35.6470588235294
A_NA_N1	537	17	G	0	0	17	37.5294117647059
A_NA_N1	538	17	T	0	0	16	39.4375
A_NA_N1	539	17	C	0	0	16	40
A_NA_N1	540	17	A	0	0	17	38.9411764705882
A_NA_N1	541	17	G	0	0	17	39.2941176470588
A_NA_N1	542	17	C	0	0	17	38.9411764705882
A_NA_N1	543	17	A	0	0	17	38
A_NA_N1	544	17	A	0	0	17	40.1176470588235
A_NA_N1	545	17	G	0	0	17	38.3529411764706
A_NA_N1	546	17	T	0	0	17	39.4705882352941
A_NA_N1	547	17	G	0	0	17	39.5294117647059
A_NA_N1	548	17	C	0	0	17	38.3529411764706
A_NA_N1	549	17	T	0	0	17	38.1176470588235
A_NA_N1	550	17	T	0	0	17	36.2941176470588
A_NA_N1	551	17	G	0	0	17	33.7647058823529
A_NA_N1	552	17	T	0	0	17	34.2941176470588
A_NA_N1	553	17	C	0	0	17	36.2941176470588
A_NA_N1	554	17	A	0	0	17	35.7058823529412
A_NA_N1	555	17	T	0	0	17	37.6470588235294
A_NA_N1	556	17	G	0	0	17	40.1176470588235
A_NA_N1	557	17	A	0	0	17	39
A_NA_N1	558	17	T	0	0	17	41.8823529411765
A_NA_N1	559	17	G	0	0	17	41
A_NA_N1	560	17	G	0	0	17	41.5294117647059
A_NA_N1	561	17	C	0	0	17	41.4117647058824
A_NA_N1	562	17	A	0	0	17	41.7647058823529
A_NA_N1	563	17	C	0	0	17	43.2941176470588
A_NA_N1	564	17	C	0	0	17	42.7647058823529
A_NA_N1	565	17	A	0	0	17	42.8823529411765
A_NA_N1	566	17	A	0	0	17	42.8823529411765
A_NA_N1	567	17	T	0	0	17	42.8823529411765
A_NA_N1	568	17	T	0	0	17	43.3529411764706
A_NA_N1	569	17	G	0	0	17	42.5882352941176
A_NA_N1	570	16	G	1	0	16	44.9375
A_NA_N1	571	16	C	1	0	16	42.1875
A_NA_N1	572	16	T	1	0	16	41.125
A_NA_N1	573	17	A	0	0	16	39.4375
A_NA_N1	574	17	A	0	0	16	41.8125
A_NA_N1	575	16	C	1	0	16	39.8125
A_NA_N1	576	16	A	1	0	16	39.625
A_NA_N1	577	16	A	1	0	15	43.2
A_NA_N1	578	16	T	1	0	16	39.9375
A_NA_N1	579	16	T	1	0	16	40.4375
A_NA_N1	580	17	G	0	0	17	37.1764705882353
A_NA_N1	581	17	G	0	0	17	37.3529411764706
A_NA_N1	582	17	A	0	0	17	38.9411764705882
A_NA_N1	583	17	A	0	0	17	36.8823529411765
A_NA_N1	584	17	T	0	0	17	39.4705882352941
A_NA_N1	585	17	T	0	0	17	38.5294117647059
A_NA_N1	586	17	T	0	0	17	42
A_NA_N1	587	17	C	0	0	17	37.1176470588235
A_NA_N1	588	17	T	0	0	17	36.3529411764706
A_NA_N1	589	17	G	0	0	17	35.2941176470588
A_NA_N1	590	17	G	0	0	17	34.4117647058824
A_NA_N1	591	17	C	0	0	17	34.6470588235294
A_NA_N1	592	17	C	0	0	17	35.4117647058824
A_NA_N1	593	17	C	0	0	16	38.5625
A_NA_N1	594	17	A	0	0	17	37.5882352941176
A_NA_N1	595	17	G	0	0	17	37.3529411764706
A_NA_N1	596	17	A	0	0	17	37.5882352941176
A_NA_N1	597	16	C	1	0	16	38.4375
A_NA_N1	598	17	A	0	0	16	37.1875
A_NA_N1	599	17	A	0	0	17	39.0588235294118
A_NA_N1	600	17	T	0	0	17	41.9411764705882
A_NA_N1	601	17	G	0	0	17	41.4117647058824
A_NA_N1	602	17	G	0	0	17	42.1764705882353
A_NA_N1	603	17	G	0	0	17	42.0588235294118
A_NA_N1	604	17	G	0	0	17	41.2352941176471
A_NA_N1	605	17	C	0	0	17	41.7647058823529
A_NA_N1	606	17	A	0	0	17	41
A_NA_N1	607	17	G	0	0	17	39.7058823529412
A_NA_N1	608	17	T	0	0	16	38.875
A_NA_N1	609	17	G	0	0	17	38.8823529411765
A_NA_N1	610	17	G	0	0	17	38.6470588235294
A_NA_N1	611	17	C	0	0	17	38.7058823529412
A_NA_N1	612	17	T	0	0	17	41.9411764705882
A_NA_N1	613	17	G	0	0	17	43.0588235294118
A_NA_N1	614	17	T	0	0	17	43.8235294117647
A_NA_N1	615	17	A	0	0	17	42.9411764705882
A_NA_N1	616	17	T	0	0	17	41.9411764705882
A_NA_N1	617	17	T	0	0	17	40.6470588235294
A_NA_N1	618	17	A	0	0	17	39.7058823529412
A_NA_N1	619	17	A	0	0	17	41.6470588235294
A_NA_N1	620	17	A	0	0	17	42.5882352941176
A_NA_N1	621	17	A	0	0	17	44.8823529411765
A_NA_N1	622	17	T	0	0	17	42.5294117647059
A_NA_N1	623	17	A	0	0	17	46
A_NA_N1	624	17	C	0	0	17	44.8235294117647
A_NA_N1	625	17	A	0	0	17	43.6470588235294
A_NA_N1	626	17	A	0	0	17	45.1764705882353
A_NA_N1	627	17	T	0	0	17	43.3529411764706
A_NA_N1	628	17	G	0	0	17	43.1764705882353
A_NA_N1	629	17	G	0	0	17	42.2941176470588
A_NA_N1	630	17	C	0	0	17	42.8235294117647
A_NA_N1	631	17	A	0	0	17	42
A_NA_N1	632	17	T	0	0	17	43.9411764705882
A_NA_N1	633	17	A	0	0	17	42.7647058823529
A_NA_N1	634	17	A	0	0	17	45.9411764705882
A_NA_N1	635	17	T	0	0	17	44.6470588235294
A_NA_N1	636	17	A	0	0	17	42.2352941176471
A_NA_N1	637	17	A	0	0	17	43.0588235294118
A_NA_N1	638	17	C	0	0	17	43.2941176470588
A_NA_N1	639	17	A	0	0	17	41.5882352941176
A_NA_N1	640	17	G	0	0	17	41.7058823529412
A_NA_N1	641	17	A	0	0	17	40
A_NA_N1	642	17	C	0	0	17	40.3529411764706
A_NA_N1	643	17	A	0	0	17	41.9411764705882
A_NA_N1	644	17	C	0	0	17	40.9411764705882
A_NA_N1	645	17	T	0	0	17	41.5294117647059
A_NA_N1	646	17	A	0	0	17	43.4705882352941
A_NA_N1	647	17	T	0	0	17	43.8823529411765
A_NA_N1	648	17	C	0	0	17	40.0588235294118
A_NA_N1	649	17	A	0	0	17	41.2352941176471
A_NA_N1	650	17	A	0	0	17	40.0588235294118
A_NA_N1	651	17	G	0	0	17	39.2352941176471
A_NA_N1	652	17	A	0	0	17	39.3529411764706
A_NA_N1	653	17	G	0	0	17	38.9411764705882
A_NA_N1	654	17	T	0	0	17	39.7058823529412
A_NA_N1	655	17	T	0	0	17	38.2352941176471
A_NA_N1	656	16	G	1	0	16	35
A_NA_N1	657	16	G	1	0	16	34.5625
A_NA_N1	658	16	A	1	0	16	33.875
A_NA_N1	659	17	G	0	0	17	31.8823529411765
A_NA_N1	660	17	G	0	0	17	32.7058823529412
A_NA_N1	661	17	A	0	0	17	32.7647058823529
A_NA_N1	662	17	A	0	0	16	35
A_NA_N1	663	17	C	0	0	17	34.8235294117647
A_NA_N1	664	17	A	0	0	17	37.0588235294118
A_NA_N1	665	16	A	1	0	16	39.4375
A_NA_N1	666	16	G	1	0	16	41.6875
A_NA_N1	667	17	A	0	0	16	38.25
A_NA_N1	668	17	T	0	0	17	37.7647058823529
A_NA_N1	669	17	A	0	0	17	36.2941176470588
A_NA_N1	670	17	T	0	0	17	38.2941176470588
A_NA_N1	671	17	T	0	0	17	38.8235294117647
A_NA_N1	672	17	G	0	0	17	37.6470588235294
A_NA_N1	673	17	A	0	0	17	38.5294117647059
A_NA_N1	674	17	G	0	0	17	38.0588235294118
A_NA_N1	675	17	A	0	0	17	39.9411764705882
A_NA_N1	676	17	A	0	0	17	41.2352941176471
A_NA_N1	677	17	C	0	0	17	40.5882352941176
A_NA_N1	678	17	A	0	0	17	40.3529411764706
A_NA_N1	679	17	C	0	0	17	41.5294117647059
A_NA_N1	680	17	A	0	0	17	42.5294117647059
A_NA_N1	681	17	A	0	0	17	41.3529411764706
A_NA_N1	682	17	G	0	0	17	41.5294117647059
A_NA_N1	683	17	A	0	0	17	41.1176470588235
A_NA_N1	684	17	G	0	0	17	41.1764705882353
A_NA_N1	685	17	T	0	0	17	42.3529411764706
A_NA_N1	686	17	C	0	0	17	41.7647058823529
A_NA_N1	687	17	T	0	0	17	41.5294117647059
A_NA_N1	688	17	G	0	0	17	42.7058823529412
A_NA_N1	689	17	A	0	0	17	43.2941176470588
A_NA_N1	690	17	A	0	0	17	42.9411764705882
A_NA_N1	691	17	T	0	0	17	42.5882352941176
A_NA_N1	692	17	G	0	0	17	43.9411764705882
A_NA_N1	693	17	T	0	0	17	43.5294117647059
A_NA_N1	694	17	G	0	0	17	42.4705882352941
A_NA_N1	695	17	C	0	0	17	43.2352941176471
A_NA_N1	696	17	A	0	0	17	43.7647058823529
A_NA_N1	697	17	T	0	0	17	43.7058823529412
A_NA_N1	698	17	G	0	0	17	43.9411764705882
A_NA_N1	699	17	T	0	0	17	43.2941176470588
A_NA_N1	700	17	G	0	0	17	45.3529411764706
A_NA_N1	701	17	T	0	0	17	43.5882352941176
A_NA_N1	702	17	A	0	0	17	42.1176470588235
A_NA_N1	703	17	A	0	0	17	44.1176470588235
A_NA_N1	704	17	A	0	0	17	43.7647058823529
A_NA_N1	705	17	T	0	0	17	42.2352941176471
A_NA_N1	706	17	G	0	0	17	43.0588235294118
A_NA_N1	707	17	G	0	0	17	43.2352941176471
A_NA_N1	708	17	T	0	0	17	43.4117647058824
A_NA_N1	709	17	T	0	0	17	43.8823529411765
A_NA_N1	710	17	C	0	0	17	41
A_NA_N1	711	17	T	0	0	17	42.8235294117647
A_NA_N1	712	17	T	0	0	17	43.4705882352941
A_NA_N1	713	17	G	0	0	17	42.1176470588235
A_NA_N1	714	17	C	0	0	17	41.4117647058824
A_NA_N1	715	17	T	0	0	17	41.2941176470588
A_NA_N1	716	17	T	0	0	17	41.7647058823529
A_NA_N1	717	17	T	0	0	17	41.8823529411765
A_NA_N1	718	17	A	0	0	17	38.7647058823529
A_NA_N1	719	17	C	0	0	17	39.9411764705882
A_NA_N1	720	17	C	0	0	17	39.9411764705882
A_NA_N1	721	17	A	0	0	17	41.4117647058824
A_NA_N1	722	17	T	0	0	17	41.9411764705882
A_NA_N1	723	17	A	0	0	17	41.1764705882353
A_NA_N1	724	17	A	0	0	17	41.7058823529412
A_NA_N1	725	17	T	0	0	17	40.8823529411765
A_NA_N1	726	17	G	0	0	17	39.2352941176471
A_NA_N1	727	17	A	0	0	17	40.1764705882353
A_NA_N1	728	17	C	0	0	17	40.6470588235294
A_NA_N1	729	17	C	0	0	17	39.1176470588235
A_NA_N1	730	17	G	0	0	17	39.2941176470588
A_NA_N1	731	17	A	0	0	17	38.1176470588235
A_NA_N1	732	17	T	0	0	17	40.4117647058824
A_NA_N1	733	17	G	0	0	17	36.5294117647059
A_NA_N1	734	17	G	0	0	17	39.2941176470588
A_NA_N1	735	17	A	0	0	17	40.4117647058824
A_NA_N1	736	17	C	0	0	17	40.2941176470588
A_NA_N1	737	17	C	0	0	17	40.2352941176471
A_NA_N1	738	17	A	0	0	17	39.1764705882353
A_NA_N1	739	17	A	0	0	17	39.3529411764706
A_NA_N1	740	17	G	0	0	17	38
A_NA_N1	741	17	T	0	0	17	40.1764705882353
A_NA_N1	742	17	G	0	0	17	38.7647058823529
A_NA_N1	743	17	A	0	0	17	39.8823529411765
A_NA_N1	744	17	T	0	0	17	40.9411764705882
A_NA_N1	745	17	G	0	0	17	40.8235294117647
A_NA_N1	746	17	G	0	0	17	44.1176470588235
A_NA_N1	747	17	A	0	0	17	41.5882352941176
A_NA_N1	748	17	C	0	0	17	42.7058823529412
A_NA_N1	749	17	A	0	0	17	42.3529411764706
A_NA_N1	750	17	G	0	0	17	42
A_NA_N1	751	17	G	0	0	17	40.5882352941176
A_NA_N1	752	17	C	0	0	17	41.4117647058824
A_NA_N1	753	17	C	0	0	17	39.9411764705882
A_NA_N1	754	17	T	0	0	17	41.0588235294118
A_NA_N1	755	17	C	0	0	17	40.4117647058824
A_NA_N1	756	17	A	0	0	17	40.5294117647059
A_NA_N1	757	17	T	0	0	17	41.4117647058824
A_NA_N1	758	17	A	0	0	17	39.5294117647059
A_NA_N1	759	17	C	0	0	17	40.1176470588235
A_NA_N1	760	17	A	0	0	17	38.7647058823529
A_NA_N1	761	17	A	0	0	17	38.6470588235294
A_NA_N1	762	17	A	0	0	17	39.6470588235294
A_NA_N1	763	17	A	0	0	17	41
A_NA_N1	764	17	T	0	0	17	43.0588235294118
A_NA_N1	765	17	C	0	0	17	42.4705882352941
A_NA_N1	766	17	T	0	0	17	41.7647058823529
A_NA_N1	767	17	T	0	0	17	38.3529411764706
A_NA_N1	768	17	C	0	0	17	35.4117647058824
A_NA_N1	769	17	A	0	0	17	32.3529411764706
A_NA_N1	770	17	G	0	0	17	36.8823529411765
A_NA_N1	771	17	A	0	0	17	39.5882352941176
A_NA_N1	772	17	A	0	0	17	37.6470588235294
A_NA_N1	773	17	T	0	0	17	38.2941176470588
A_NA_N1	774	17	A	0	0	17	37.3529411764706
A_NA_N1	775	17	G	0	0	17	37.3529411764706
A_NA_N1	776	17	A	0	0	17	38.5294117647059
A_NA_N1	777	17	G	0	0	17	39.8823529411765
A_NA_N1	778	16	A	1	0	16	38.375
A_NA_N1	779	17	A	0	0	17	40.4705882352941
A_NA_N1	780	17	G	0	0	17	39.2941176470588
A_NA_N1	781	17	G	0	0	17	40.0588235294118
A_NA_N1	782	17	G	0	0	17	39.7058823529412
A_NA_N1	783	17	A	0	0	17	39.2941176470588
A_NA_N1	784	17	A	0	0	17	41.0588235294118
A_NA_N1	785	17	A	0	0	17	44
A_NA_N1	786	17	G	0	0	17	41.9411764705882
A_NA_N1	787	17	A	0	0	17	40.5882352941176
A_NA_N1	788	17	T	0	0	17	39.7647058823529
A_NA_N1	789	17	A	0	0	17	37.2352941176471
A_NA_N1	790	17	A	0	0	17	37.4117647058824
A_NA_N1	791	17	C	0	0	17	38.2941176470588
A_NA_N1	792	17	C	0	0	17	40.6470588235294
A_NA_N1	793	17	A	0	0	17	41.2941176470588
A_NA_N1	794	17	A	0	0	17	42.5294117647059
A_NA_N1	795	17	A	0	0	17	44.1764705882353
A_NA_N1	796	17	T	0	0	17	42.0588235294118
A_NA_N1	797	17	C	0	0	17	42.1176470588235
A_NA_N1	798	17	A	0	0	17	42.5294117647059
A_NA_N1	799	17	G	0	0	17	39.1176470588235
A_NA_N1	800	17	T	0	0	17	42.1764705882353
A_NA_N1	801	17	C	0	0	16	39.875
A_NA_N1	802	17	G	0	0	16	40.125
A_NA_N1	803	17	A	0	0	17	37.5294117647059
A_NA_N1	804	17	A	0	0	17	39.2941176470588
A_NA_N1	805	17	A	0	0	17	40.2352941176471
A_NA_N1	806	17	T	0	0	17	42.5882352941176
A_NA_N1	807	17	G	0	0	17	39.4117647058824
A_NA_N1	808	17	A	0	0	17	41
A_NA_N1	809	17	A	0	0	17	39.6470588235294
A_NA_N1	810	17	G	0	0	17	40.5294117647059
A_NA_N1	811	17	G	0	0	17	41.9411764705882
A_NA_N1	812	17	C	0	0	17	40.7058823529412
A_NA_N1	813	17	T	0	0	17	41.2352941176471
A_NA_N1	814	17	C	0	0	17	40.2941176470588
A_NA_N1	815	17	C	0	0	17	40.5882352941176
A_NA_N1	816	17	T	0	0	17	38.5294117647059
A_NA_N1	817	17	A	0	0	17	39.1176470588235
A_NA_N1	818	17	A	0	0	17	39.2352941176471
A_NA_N1	819	17	T	0	0	17	40.3529411764706
A_NA_N1	820	17	T	0	0	17	41.2352941176471
A_NA_N1	821	17	A	0	0	17	42.1176470588235
A_NA_N1	822	17	T	0	0	17	41.5882352941176
A_NA_N1	823	17	C	0	0	17	41.2352941176471
A_NA_N1	824	17	A	0	0	17	41.4117647058824
A_NA_N1	825	17	C	0	0	17	41.1764705882353
A_NA_N1	826	17	T	0	0	17	40.8235294117647
A_NA_N1	827	17	A	0	0	17	39.7058823529412
A_NA_N1	828	17	T	0	0	17	40.5882352941176
A_NA_N1	829	17	G	0	0	17	39.2352941176471
A_NA_N1	830	17	A	0	0	17	41.2941176470588
A_NA_N1	831	17	A	0	0	17	41.5882352941176
A_NA_N1	832	17	G	0	0	17	40.9411764705882
A_NA_N1	833	17	A	0	0	17	40.8823529411765
A_NA_N1	834	17	A	0	0	17	40.8823529411765
A_NA_N1	835	17	T	0	0	17	39.6470588235294
A_NA_N1	836	17	G	0	0	17	39.5882352941176
A_NA_N1	837	17	C	0	0	17	41.0588235294118
A_NA_N1	838	17	T	0	0	17	40.9411764705882
A_NA_N1	839	17	C	0	0	17	41.3529411764706
A_NA_N1	840	17	C	0	0	17	41.7058823529412
A_NA_N1	841	17	T	0	0	17	43.2352941176471
A_NA_N1	842	17	G	0	0	17	41.7647058823529
A_NA_N1	843	18	T	0	0	18	42.9444444444444
A_NA_N1	844	18	T	0	0	18	40.9444444444444
A_NA_N1	845	18	A	0	0	18	40.5555555555556
A_NA_N1	846	18	C	0	0	18	43.1111111111111
A_NA_N1	847	18	C	0	0	18	41.6666666666667
A_NA_N1	848	18	C	0	0	18	42.7222222222222
A_NA_N1	849	18	T	0	0	18	40.5
A_NA_N1	850	18	G	0	0	18	40.8333333333333
A_NA_N1	851	18	A	0	0	18	41.4444444444444
A_NA_N1	852	18	T	0	0	18	42.2777777777778
A_NA_N1	853	18	T	0	0	18	42.5
A_NA_N1	854	18	C	0	0	18	41.6111111111111
A_NA_N1	855	18	T	0	0	18	41.8888888888889
A_NA_N1	856	18	A	0	0	17	39.5294117647059
A_NA_N1	857	18	G	0	0	18	38.1111111111111
A_NA_N1	858	18	T	0	0	18	36.3333333333333
A_NA_N1	859	18	G	0	0	18	35.3333333333333
A_NA_N1	860	18	A	0	0	18	38.2222222222222
A_NA_N1	861	18	A	0	0	18	40.5555555555556
A_NA_N1	862	18	A	0	0	18	41.6666666666667
A_NA_N1	863	18	T	0	0	18	42.7222222222222
A_NA_N1	864	18	C	0	0	18	42.6666666666667
A_NA_N1	865	18	A	0	0	18	40.5555555555556
A_NA_N1	866	18	C	0	0	18	40.2777777777778
A_NA_N1	867	18	A	0	0	18	38
A_NA_N1	868	18	T	0	0	18	39.1111111111111
A_NA_N1	869	18	G	0	0	18	40.3333333333333
A_NA_N1	870	18	T	0	0	18	39.4444444444444
A_NA_N1	871	18	G	0	0	18	42.2222222222222
A_NA_N1	872	18	T	0	0	18	43.1111111111111
A_NA_N1	873	18	G	0	0	18	42.8333333333333
A_NA_N1	874	18	T	0	0	18	42.8333333333333
A_NA_N1	875	18	G	0	0	18	41.5
A_NA_N1	876	18	C	0	0	18	41.6111111111111
A_NA_N1	877	18	A	0	0	18	40.7222222222222
A_NA_N1	878	18	G	0	0	18	42.2222222222222
A_NA_N1	879	18	G	0	0	18	43.3333333333333
A_NA_N1	880	18	G	0	0	18	44.1666666666667
A_NA_N1	881	18	A	0	0	18	43.6111111111111
A_NA_N1	882	18	T	0	0	18	41.7777777777778
A_NA_N1	883	18	A	0	0	18	43.1111111111111
A_NA_N1	884	18	A	0	0	18	41.8333333333333
A_NA_N1	885	18	T	0	0	18	42.7777777777778
A_NA_N1	886	18	T	0	0	18	41.7222222222222
A_NA_N1	887	18	G	0	0	18	41.5
A_NA_N1	888	18	G	0	0	18	40.8333333333333
A_NA_N1	889	18	C	0	0	18	40.6666666666667
A_NA_N1	890	18	A	0	0	18	40.8333333333333
A_NA_N1	891	18	T	0	0	18	40.5555555555556
A_NA_N1	892	17	G	1	0	17	39.4117647058824
A_NA_N1	893	18	G	0	0	18	41.9444444444444
A_NA_N1	894	18	C	0	0	18	41.7222222222222
A_NA_N1	895	18	T	0	0	17	43.3529411764706
A_NA_N1	896	18	C	0	0	17	35.1176470588235
A_NA_N1	897	18	G	0	0	18	31.7222222222222
A_NA_N1	898	18	A	0	0	18	30.4444444444444
A_NA_N1	899	18	A	0	0	18	32.3333333333333
A_NA_N1	900	18	T	0	0	18	33.5
A_NA_N1	901	18	C	0	0	18	33.8888888888889
A_NA_N1	902	18	G	0	0	18	36.6111111111111
A_NA_N1	903	18	A	0	0	18	36.1111111111111
A_NA_N1	904	18	C	0	0	18	36.5
A_NA_N1	905	18	C	0	0	18	35.7777777777778
A_NA_N1	906	18	T	0	0	18	35.3888888888889
A_NA_N1	907	18	T	0	0	18	37.5555555555556
A_NA_N1	908	18	G	0	0	17	36.0588235294118
A_NA_N1	909	18	G	0	0	18	34.7222222222222
A_NA_N1	910	18	G	0	0	18	35.9444444444444
A_NA_N1	911	18	T	0	0	18	37.5
A_NA_N1	912	18	G	0	0	17	40.2352941176471
A_NA_N1	913	18	T	0	0	18	40.1111111111111
A_NA_N1	914	18	C	0	0	18	37
A_NA_N1	915	17	T	1	0	17	39
A_NA_N1	916	18	T	0	0	18	36.7777777777778
A_NA_N1	917	18	T	0	0	18	35.2222222222222
A_NA_N1	918	18	C	0	0	17	33.8823529411765
A_NA_N1	919	18	A	0	0	17	33.4117647058824
A_NA_N1	920	18	A	0	0	18	31.7777777777778
A_NA_N1	921	18	C	0	0	18	31.3888888888889
A_NA_N1	922	18	C	0	0	18	33.2777777777778
A_NA_N1	923	18	A	0	0	17	33.6470588235294
A_NA_N1	924	18	G	0	0	17	36.4705882352941
A_NA_N1	925	18	A	0	0	18	35.8888888888889
A_NA_N1	926	18	A	0	0	17	35.5294117647059
A_NA_N1	927	18	T	0	0	18	33.3333333333333
A_NA_N1	928	18	C	0	0	18	33
A_NA_N1	929	18	T	0	0	18	34.0555555555556
A_NA_N1	930	18	G	0	0	18	32.8333333333333
A_NA_N1	931	18	G	0	0	18	32.1666666666667
A_NA_N1	932	18	A	0	0	18	33.5
A_NA_N1	933	18	A	0	0	18	36
A_NA_N1	934	18	T	0	0	18	35.9444444444444
A_NA_N1	935	18	A	0	0	18	39.5555555555556
A_NA_N1	936	18	T	0	0	18	40.1666666666667
A_NA_N1	937	18	C	0	0	18	41.0555555555556
A_NA_N1	938	18	A	0	0	18	37.1111111111111
A_NA_N1	939	18	G	0	0	18	35.9444444444444
A_NA_N1	940	18	A	0	0	18	37.2222222222222
A_NA_N1	941	18	T	0	0	18	38.9444444444444
A_NA_N1	942	18	G	0	0	18	38.1111111111111
A_NA_N1	943	18	G	0	0	18	41.3888888888889
A_NA_N1	944	18	G	0	0	18	41.8333333333333
A_NA_N1	945	18	A	0	0	18	40.3888888888889
A_NA_N1	946	18	T	0	0	18	41.2777777777778
A_NA_N1	947	18	A	0	0	18	39.1111111111111
A_NA_N1	948	18	C	0	0	18	40.4444444444444
A_NA_N1	949	18	A	0	0	18	39.8888888888889
A_NA_N1	950	18	T	0	0	18	41.9444444444444
A_NA_N1	951	18	A	0	0	18	39.8888888888889
A_NA_N1	952	18	T	0	0	18	40.3333333333333
A_NA_N1	953	18	G	0	0	18	40.6666666666667
A_NA_N1	954	18	C	0	0	18	38.5
A_NA_N1	955	18	A	0	0	18	38.6666666666667
A_NA_N1	956	18	G	0	0	18	38.5
A_NA_N1	957	18	T	0	0	18	39.1111111111111
A_NA_N1	958	18	G	0	0	18	35.5555555555556
A_NA_N1	959	18	G	0	0	18	38.9444444444444
A_NA_N1	960	18	G	0	0	18	39.1666666666667
A_NA_N1	961	18	G	0	0	18	40
A_NA_N1	962	18	T	0	0	18	38.2222222222222
A_NA_N1	963	18	T	0	0	18	38
A_NA_N1	964	18	T	0	0	18	40.3333333333333
A_NA_N1	965	17	T	1	0	17	41
A_NA_N1	966	17	C	1	0	17	36.2352941176471
A_NA_N1	967	18	G	0	0	18	31.0555555555556
A_NA_N1	968	18	G	0	0	17	32.1764705882353
A_NA_N1	969	18	A	0	0	18	31.6666666666667
A_NA_N1	970	18	G	0	0	18	33.7222222222222
A_NA_N1	971	18	A	0	0	18	38.1666666666667
A_NA_N1	972	18	C	0	0	18	39.7222222222222
A_NA_N1	973	18	A	0	0	18	37.8888888888889
A_NA_N1	974	18	A	0	0	17	38.8235294117647
A_NA_N1	975	18	T	0	0	18	38.5555555555556
A_NA_N1	976	17	C	1	0	17	37.7647058823529
A_NA_N1	977	17	C	1	0	17	40.3529411764706
A_NA_N1	978	17	A	1	0	17	42.6470588235294
A_NA_N1	979	17	C	1	0	17	41.5882352941176
A_NA_N1	980	17	G	1	0	17	38.5294117647059
A_NA_N1	981	17	C	1	0	17	37.8823529411765
A_NA_N1	982	17	C	1	0	17	39.4705882352941
A_NA_N1	983	17	C	1	0	17	39.1176470588235
A_NA_N1	984	18	T	0	0	18	37.7222222222222
A_NA_N1	985	18	A	0	0	18	39.7222222222222
A_NA_N1	986	18	A	0	0	18	38.6666666666667
A_NA_N1	987	18	T	0	0	18	38.6666666666667
A_NA_N1	988	18	G	0	0	18	36.7777777777778
A_NA_N1	989	18	A	0	0	18	37.5
A_NA_N1	990	18	T	0	0	18	38.2777777777778
A_NA_N1	991	18	A	0	0	18	35.5
A_NA_N1	992	18	A	0	0	18	37.6666666666667
A_NA_N1	993	18	G	0	0	18	37.6111111111111
A_NA_N1	994	18	A	0	0	18	37.1111111111111
A_NA_N1	995	18	C	0	0	18	37.9444444444444
A_NA_N1	996	18	A	0	0	18	38.4444444444444
A_NA_N1	997	18	G	0	0	18	37.9444444444444
A_NA_N1	998	18	G	0	0	18	38.6111111111111
A_NA_N1	999	18	C	0	0	18	39.1666666666667
A_NA_N1	1000	18	A	0	0	18	37.7777777777778
A_NA_N1	1001	18	G	0	0	18	39.1111111111111
A_NA_N1	1002	18	T	0	0	18	39.0555555555556
A_NA_N1	1003	18	T	0	0	18	38.4444444444444
A_NA_N1	1004	18	G	0	0	18	37.5
A_NA_N1	1005	18	T	0	0	18	38.3333333333333
A_NA_N1	1006	18	G	0	0	18	36.4444444444444
A_NA_N1	1007	18	G	0	0	18	38.1666666666667
A_NA_N1	1008	18	C	0	0	18	37.4444444444444
A_NA_N1	1009	18	C	0	0	18	37.7222222222222
A_NA_N1	1010	18	C	0	0	18	38.5
A_NA_N1	1011	17	A	1	0	17	42.8235294117647
A_NA_N1	1012	18	G	0	0	18	41.0555555555556
A_NA_N1	1013	18	T	0	0	18	40.1111111111111
A_NA_N1	1014	18	A	0	0	18	41
A_NA_N1	1015	18	T	0	0	18	38.0555555555556
A_NA_N1	1016	18	C	0	0	16	39.3125
A_NA_N1	1017	18	G	0	0	18	34.8333333333333
A_NA_N1	1018	18	T	0	0	18	36.1666666666667
A_NA_N1	1019	18	C	0	0	18	34.7222222222222
A_NA_N1	1020	18	T	0	0	18	35.1666666666667
A_NA_N1	1021	18	A	0	0	18	35.9444444444444
A_NA_N1	1022	18	A	0	0	18	36.2222222222222
A_NA_N1	1023	18	T	0	0	18	36.6666666666667
A_NA_N1	1024	18	G	0	0	18	39.3333333333333
A_NA_N1	1025	18	G	0	0	18	39.5555555555556
A_NA_N1	1026	18	A	0	0	18	40.3333333333333
A_NA_N1	1027	18	G	0	0	18	38.9444444444444
A_NA_N1	1028	18	C	0	0	18	41.0555555555556
A_NA_N1	1029	18	A	0	0	18	39.4444444444444
A_NA_N1	1030	18	A	0	0	18	38.3333333333333
A_NA_N1	1031	18	A	0	0	18	38.9444444444444
A_NA_N1	1032	18	T	0	0	18	38.9444444444444
A_NA_N1	1033	18	G	0	0	18	38.1111111111111
A_NA_N1	1034	18	G	0	0	18	38.1111111111111
A_NA_N1	1035	18	G	0	0	18	39.8333333333333
A_NA_N1	1036	17	G	1	0	17	41.4705882352941
A_NA_N1	1037	17	T	1	0	17	40.3529411764706
A_NA_N1	1038	17	A	1	0	17	41.5882352941176
A_NA_N1	1039	18	A	0	0	18	41.5
A_NA_N1	1040	18	A	0	0	18	38.3333333333333
A_NA_N1	1041	17	G	1	0	17	39.8235294117647
A_NA_N1	1042	18	G	0	0	18	38.9444444444444
A_NA_N1	1043	18	G	0	0	17	41.8235294117647
A_NA_N1	1044	18	A	0	0	18	36.1111111111111
A_NA_N1	1045	18	T	0	0	17	35.9411764705882
A_NA_N1	1046	18	T	0	0	18	36.2222222222222
A_NA_N1	1047	18	T	0	0	18	36.8333333333333
A_NA_N1	1048	18	T	0	0	18	37.7222222222222
A_NA_N1	1049	18	C	0	0	18	36.7777777777778
A_NA_N1	1050	18	A	0	0	18	37.6111111111111
A_NA_N1	1051	18	T	0	0	18	39.7222222222222
A_NA_N1	1052	18	T	0	0	18	39.3333333333333
A_NA_N1	1053	18	C	0	0	17	41.4705882352941
A_NA_N1	1054	18	A	0	0	18	41.3888888888889
A_NA_N1	1055	18	A	0	0	18	43
A_NA_N1	1056	18	A	0	0	18	41.3888888888889
A_NA_N1	1057	18	T	0	0	17	42
A_NA_N1	1058	18	A	0	0	18	40.1666666666667
A_NA_N1	1059	18	C	0	0	18	39.5555555555556
A_NA_N1	1060	18	G	0	0	18	39.6666666666667
A_NA_N1	1061	18	G	0	0	18	38.0555555555556
A_NA_N1	1062	18	C	0	0	18	37.7222222222222
A_NA_N1	1063	18	A	0	0	18	36.6111111111111
A_NA_N1	1064	18	A	0	0	18	35.2777777777778
A_NA_N1	1065	18	T	0	0	18	37.1666666666667
A_NA_N1	1066	18	G	0	0	18	36.3333333333333
A_NA_N1	1067	18	G	0	0	18	37.1666666666667
A_NA_N1	1068	18	T	0	0	18	42
A_NA_N1	1069	18	G	0	0	18	41.5555555555556
A_NA_N1	1070	18	T	0	0	18	41.5
A_NA_N1	1071	18	T	0	0	18	42.0555555555556
A_NA_N1	1072	18	T	0	0	18	43.1111111111111
A_NA_N1	1073	18	G	0	0	17	41.8235294117647
A_NA_N1	1074	18	G	0	0	18	39.5
A_NA_N1	1075	18	A	0	0	18	37.1111111111111
A_NA_N1	1076	18	T	0	0	18	37.3333333333333
A_NA_N1	1077	18	A	0	0	18	37.5555555555556
A_NA_N1	1078	18	G	0	0	17	42.2352941176471
A_NA_N1	1079	18	G	0	0	18	42.6666666666667
A_NA_N1	1080	18	G	0	0	18	41.4444444444444
A_NA_N1	1081	18	A	0	0	18	41.1666666666667
A_NA_N1	1082	18	G	0	0	18	41.5555555555556
A_NA_N1	1083	18	A	0	0	18	39.0555555555556
A_NA_N1	1084	18	A	0	0	18	37.8333333333333
A_NA_N1	1085	17	C	1	0	17	38.6470588235294
A_NA_N1	1086	18	T	0	0	18	36.9444444444444
A_NA_N1	1087	17	A	1	0	16	38.375
A_NA_N1	1088	18	A	0	0	18	37
A_NA_N1	1089	17	G	1	0	17	36.2352941176471
A_NA_N1	1090	18	A	0	0	18	35.4444444444444
A_NA_N1	1091	18	G	0	0	18	37.6666666666667
A_NA_N1	1092	18	C	0	0	18	38.6666666666667
A_NA_N1	1093	18	A	0	0	18	37.2222222222222
A_NA_N1	1094	18	T	0	0	18	39
A_NA_N1	1095	18	T	0	0	18	39.7222222222222
A_NA_N1	1096	18	A	0	0	18	36.7777777777778
A_NA_N1	1097	17	G	1	0	17	38.3529411764706
A_NA_N1	1098	17	T	1	0	17	41.1764705882353
A_NA_N1	1099	17	T	1	0	17	40
A_NA_N1	1100	17	C	1	0	17	39.2941176470588
A_NA_N1	1101	17	A	1	0	17	40.6470588235294
A_NA_N1	1102	17	A	1	0	17	38.8235294117647
A_NA_N1	1103	17	G	1	0	17	38.4117647058824
A_NA_N1	1104	18	A	0	0	17	39.4705882352941
A_NA_N1	1105	18	A	0	0	18	38.2777777777778
A_NA_N1	1106	18	A	0	0	18	39.1111111111111
A_NA_N1	1107	18	A	0	0	18	39.9444444444444
A_NA_N1	1108	18	G	0	0	18	38.8333333333333
A_NA_N1	1109	18	G	0	0	18	38.5555555555556
A_NA_N1	1110	18	T	0	0	18	37.7777777777778
A_NA_N1	1111	18	T	0	0	18	37.6666666666667
A_NA_N1	1112	18	T	0	0	18	37.8888888888889
A_NA_N1	1113	18	T	0	0	18	38.5555555555556
A_NA_N1	1114	18	G	0	0	17	38.3529411764706
A_NA_N1	1115	18	A	0	0	18	37.5
A_NA_N1	1116	18	G	0	0	18	36.9444444444444
A_NA_N1	1117	18	A	0	0	18	37.6666666666667
A_NA_N1	1118	18	T	0	0	18	38.4444444444444
A_NA_N1	1119	18	G	0	0	18	37
A_NA_N1	1120	18	A	0	0	17	37.7647058823529
A_NA_N1	1121	18	T	0	0	18	34.8888888888889
A_NA_N1	1122	18	T	0	0	18	34.2777777777778
A_NA_N1	1123	18	T	0	0	17	35.4117647058824
A_NA_N1	1124	17	G	1	0	17	34.1176470588235
A_NA_N1	1125	18	G	0	0	18	34.5
A_NA_N1	1126	18	G	0	0	18	33.8333333333333
A_NA_N1	1127	18	A	0	0	17	33.9411764705882
A_NA_N1	1128	18	T	0	0	18	34.4444444444444
A_NA_N1	1129	18	C	0	0	17	36.2941176470588
A_NA_N1	1130	18	C	0	0	18	33.1111111111111
A_NA_N1	1131	18	G	0	0	18	32.1666666666667
A_NA_N1	1132	18	A	0	0	18	31
A_NA_N1	1133	18	A	0	0	18	29.8888888888889
A_NA_N1	1134	18	T	0	0	18	30.2777777777778
A_NA_N1	1135	18	G	0	0	18	28.7777777777778
A_NA_N1	1136	18	G	0	0	18	30.4444444444444
A_NA_N1	1137	18	A	0	0	18	30.6666666666667
A_NA_N1	1138	18	T	0	0	18	31.8888888888889
A_NA_N1	1139	18	G	0	0	18	30.5
A_NA_N1	1140	18	G	0	0	17	34.1176470588235
A_NA_N1	1141	18	A	0	0	18	34.4444444444444
A_NA_N1	1142	18	T	0	0	17	35.8235294117647
A_NA_N1	1143	18	T	0	0	17	35.4705882352941
A_NA_N1	1144	18	G	0	0	18	34.0555555555556
A_NA_N1	1145	18	G	0	0	18	35.5
A_NA_N1	1146	18	G	0	0	18	36.8888888888889
A_NA_N1	1147	18	A	0	0	18	37.4444444444444
A_NA_N1	1148	18	C	0	0	18	38.3888888888889
A_NA_N1	1149	18	T	0	0	18	37.4444444444444
A_NA_N1	1150	18	G	0	0	18	37.4444444444444
A_NA_N1	1151	17	A	1	0	17	39.3529411764706
A_NA_N1	1152	18	C	0	0	18	39
A_NA_N1	1153	18	A	0	0	18	39.5555555555556
A_NA_N1	1154	18	A	0	0	18	42.8888888888889
A_NA_N1	1155	18	T	0	0	16	43.875
A_NA_N1	1156	18	A	0	0	18	42.1666666666667
A_NA_N1	1157	18	A	0	0	18	42.1111111111111
A_NA_N1	1158	18	A	0	0	18	41.0555555555556
A_NA_N1	1159	18	T	0	0	18	40.1111111111111
A_NA_N1	1160	18	T	0	0	18	41.0555555555556
A_NA_N1	1161	17	C	1	0	17	39.5882352941176
A_NA_N1	1162	17	T	1	0	17	40.0588235294118
A_NA_N1	1163	17	C	1	0	17	37.7058823529412
A_NA_N1	1164	18	A	0	0	18	34.6666666666667
A_NA_N1	1165	18	A	0	0	18	35.8888888888889
A_NA_N1	1166	18	A	0	0	18	35.8888888888889
A_NA_N1	1167	18	A	0	0	18	36
A_NA_N1	1168	18	A	0	0	18	43.7777777777778
A_NA_N1	1169	18	A	0	0	18	41
A_NA_N1	1170	18	G	0	0	18	40.8888888888889
A_NA_N1	1171	19	C	0	0	19	37.7368421052632
A_NA_N1	1172	19	A	0	0	19	37.1578947368421
A_NA_N1	1173	19	A	0	0	19	35.4736842105263
A_NA_N1	1174	19	G	0	0	19	38.4736842105263
A_NA_N1	1175	19	A	0	0	19	38.7894736842105
A_NA_N1	1176	19	T	0	0	19	40.8947368421053
A_NA_N1	1177	19	A	0	0	19	38.2105263157895
A_NA_N1	1178	19	T	0	0	19	39.7894736842105
A_NA_N1	1179	19	T	0	0	19	42
A_NA_N1	1180	19	G	0	0	19	40.5789473684211
A_NA_N1	1181	19	T	0	0	19	40.2105263157895
A_NA_N1	1182	19	A	0	0	19	37.5789473684211
A_NA_N1	1183	19	G	0	0	19	38
A_NA_N1	1184	19	G	0	0	19	36.2105263157895
A_NA_N1	1185	19	G	0	0	18	38.8888888888889
A_NA_N1	1186	19	A	0	0	19	39.1052631578947
A_NA_N1	1187	19	T	0	0	19	41.0526315789474
A_NA_N1	1188	19	A	0	0	19	38.9473684210526
A_NA_N1	1189	19	A	0	0	19	40.5263157894737
A_NA_N1	1190	19	A	0	0	19	39.0526315789474
A_NA_N1	1191	19	T	0	0	19	40.5789473684211
A_NA_N1	1192	19	G	0	0	18	37.2777777777778
A_NA_N1	1193	19	A	0	0	19	35.4210526315789
A_NA_N1	1194	19	G	0	0	19	34.7894736842105
A_NA_N1	1195	19	T	0	0	19	35.5263157894737
A_NA_N1	1196	19	G	0	0	19	35.8421052631579
A_NA_N1	1197	19	G	0	0	19	39.2631578947368
A_NA_N1	1198	19	T	0	0	19	38.0526315789474
A_NA_N1	1199	19	C	0	0	19	37.1578947368421
A_NA_N1	1200	19	A	0	0	19	35.3157894736842
A_NA_N1	1201	19	G	0	0	19	36.6315789473684
A_NA_N1	1202	19	G	0	0	19	37.6315789473684
A_NA_N1	1203	19	G	0	0	19	39.0526315789474
A_NA_N1	1204	19	T	0	0	19	39.8947368421053
A_NA_N1	1205	19	A	0	0	18	42.2222222222222
A_NA_N1	1206	19	T	0	0	19	41.5789473684211
A_NA_N1	1207	19	A	0	0	19	39.3157894736842
A_NA_N1	1208	19	G	0	0	19	38.8421052631579
A_NA_N1	1209	19	C	0	0	19	38.4210526315789
A_NA_N1	1210	19	G	0	0	19	38.1578947368421
A_NA_N1	1211	19	G	0	0	19	37.1052631578947
A_NA_N1	1212	19	G	0	0	19	37.0526315789474
A_NA_N1	1213	19	A	0	0	19	39.8421052631579
A_NA_N1	1214	19	G	0	0	19	43.4210526315789
A_NA_N1	1215	19	T	0	0	19	43.7368421052632
A_NA_N1	1216	19	T	0	0	19	42.4736842105263
A_NA_N1	1217	19	T	0	0	19	41
A_NA_N1	1218	19	T	0	0	19	41.2105263157895
A_NA_N1	1219	19	G	0	0	19	38.1052631578947
A_NA_N1	1220	19	T	0	0	19	38.1578947368421
A_NA_N1	1221	19	T	0	0	19	35.7368421052632
A_NA_N1	1222	19	C	0	0	19	28.7894736842105
A_NA_N1	1223	19	A	0	0	19	28.7368421052632
A_NA_N1	1224	19	G	0	0	19	31.2105263157895
A_NA_N1	1225	19	C	0	0	19	35.6315789473684
A_NA_N1	1226	19	A	0	0	19	38.8421052631579
A_NA_N1	1227	19	T	0	0	19	41.6315789473684
A_NA_N1	1228	19	C	0	0	19	42.3157894736842
A_NA_N1	1229	19	C	0	0	19	41.4736842105263
A_NA_N1	1230	19	A	0	0	19	39.5789473684211
A_NA_N1	1231	19	G	0	0	19	40.5263157894737
A_NA_N1	1232	19	A	0	0	19	41.6842105263158
A_NA_N1	1233	19	A	0	0	19	42.7894736842105
A_NA_N1	1234	19	C	0	0	19	42.6315789473684
A_NA_N1	1235	19	T	0	0	19	43
A_NA_N1	1236	19	A	0	0	19	40.7368421052632
A_NA_N1	1237	19	A	0	0	19	41.9473684210526
A_NA_N1	1238	19	C	0	0	19	40.5263157894737
A_NA_N1	1239	18	A	1	0	18	40.3333333333333
A_NA_N1	1240	19	G	0	0	19	39.5263157894737
A_NA_N1	1241	19	G	0	0	18	41.8888888888889
A_NA_N1	1242	19	G	0	0	19	41.3684210526316
A_NA_N1	1243	19	C	0	0	19	39.9473684210526
A_NA_N1	1244	19	T	0	0	19	41.5789473684211
A_NA_N1	1245	19	G	0	0	18	39.1111111111111
A_NA_N1	1246	18	A	1	0	18	40.7777777777778
A_NA_N1	1247	18	A	1	0	18	40.1111111111111
A_NA_N1	1248	18	T	1	0	17	41.0588235294118
A_NA_N1	1249	18	T	1	0	18	40
A_NA_N1	1250	19	G	0	0	18	39.3333333333333
A_NA_N1	1251	19	T	0	0	19	37.6315789473684
A_NA_N1	1252	19	A	0	0	18	39.2222222222222
A_NA_N1	1253	19	T	0	0	19	37.7368421052632
A_NA_N1	1254	19	A	0	0	19	37.0526315789474
A_NA_N1	1255	19	A	0	0	19	35.8421052631579
A_NA_N1	1256	19	G	0	0	18	35.5
A_NA_N1	1257	19	A	0	0	19	35.4736842105263
A_NA_N1	1258	19	C	0	0	19	37.2105263157895
A_NA_N1	1259	19	C	0	0	19	36.4736842105263
A_NA_N1	1260	19	T	0	0	19	38.3157894736842
A_NA_N1	1261	19	T	0	0	19	39.7894736842105
A_NA_N1	1262	19	G	0	0	19	36.5789473684211
A_NA_N1	1263	19	C	0	0	19	36.7894736842105
A_NA_N1	1264	19	T	0	0	19	40.3157894736842
A_NA_N1	1265	19	T	0	0	19	40.8421052631579
A_NA_N1	1266	19	C	0	0	19	39.9473684210526
A_NA_N1	1267	19	T	0	0	19	42
A_NA_N1	1268	19	G	0	0	19	39.7894736842105
A_NA_N1	1269	19	G	0	0	19	40.3684210526316
A_NA_N1	1270	19	G	0	0	19	39.3684210526316
A_NA_N1	1271	19	T	0	0	19	39.7894736842105
A_NA_N1	1272	19	T	0	0	19	40.9473684210526
A_NA_N1	1273	19	G	0	0	19	36.8947368421053
A_NA_N1	1274	19	A	0	0	19	38.0526315789474
A_NA_N1	1275	19	A	0	0	19	38.5789473684211
A_NA_N1	1276	19	C	0	0	19	37.7368421052632
A_NA_N1	1277	19	T	0	0	19	39.6315789473684
A_NA_N1	1278	19	A	0	0	17	37.2352941176471
A_NA_N1	1279	19	A	0	0	19	32.8421052631579
A_NA_N1	1280	19	T	0	0	19	29.6842105263158
A_NA_N1	1281	17	A	2	0	16	32.25
A_NA_N1	1282	17	A	2	0	17	29.5882352941176
A_NA_N1	1283	17	G	2	0	17	26
A_NA_N1	1284	17	A	2	0	16	27.6875
A_NA_N1	1285	19	G	0	0	19	29
A_NA_N1	1286	19	G	0	0	19	32.8421052631579
A_NA_N1	1287	19	A	0	0	19	31.4736842105263
A_NA_N1	1288	19	C	0	0	19	33.4736842105263
A_NA_N1	1289	19	G	0	0	18	32.3888888888889
A_NA_N1	1290	19	A	0	0	19	31.1578947368421
A_NA_N1	1291	19	C	0	0	19	30.7894736842105
A_NA_N1	1292	19	C	0	0	19	31.8421052631579
A_NA_N1	1293	19	C	0	0	19	31
A_NA_N1	1294	18	G	1	0	18	33.1666666666667
A_NA_N1	1295	19	A	0	0	19	33.1052631578947
A_NA_N1	1296	19	A	0	0	19	35.4736842105263
A_NA_N1	1297	19	G	0	0	19	33.9473684210526
A_NA_N1	1298	19	A	0	0	19	36.3157894736842
A_NA_N1	1299	19	G	0	0	19	40.0526315789474
A_NA_N1	1300	19	A	0	0	19	40.5789473684211
A_NA_N1	1301	19	A	0	0	19	40.6315789473684
A_NA_N1	1302	19	C	0	0	19	40.7368421052632
A_NA_N1	1303	19	A	0	0	19	38.4736842105263
A_NA_N1	1304	19	C	0	0	19	40.2631578947368
A_NA_N1	1305	19	A	0	0	19	40.9473684210526
A_NA_N1	1306	19	A	0	0	19	40.2105263157895
A_NA_N1	1307	19	T	0	0	19	39.8947368421053
A_NA_N1	1308	19	C	0	0	19	38.1052631578947
A_NA_N1	1309	19	T	0	0	19	39.9473684210526
A_NA_N1	1310	19	G	0	0	18	40.7777777777778
A_NA_N1	1311	19	G	0	0	19	38.2105263157895
A_NA_N1	1312	19	A	0	0	19	37.5263157894737
A_NA_N1	1313	19	C	0	0	19	39.5789473684211
A_NA_N1	1314	19	T	0	0	19	40.0526315789474
A_NA_N1	1315	19	A	0	0	19	38.6842105263158
A_NA_N1	1316	19	G	0	0	19	39.7368421052632
A_NA_N1	1317	19	C	0	0	19	40.1052631578947
A_NA_N1	1318	19	G	0	0	19	37.8421052631579
A_NA_N1	1319	19	G	0	0	19	37.8421052631579
A_NA_N1	1320	19	G	0	0	19	37.5789473684211
A_NA_N1	1321	19	A	0	0	18	40.2777777777778
A_NA_N1	1322	19	G	0	0	19	39.4736842105263
A_NA_N1	1323	19	C	0	0	19	40.3684210526316
A_NA_N1	1324	19	A	0	0	18	39.8333333333333
A_NA_N1	1325	19	G	0	0	19	38.8947368421053
A_NA_N1	1326	19	C	0	0	19	38.7894736842105
A_NA_N1	1327	19	A	0	0	18	43.2222222222222
A_NA_N1	1328	19	T	0	0	19	40.4736842105263
A_NA_N1	1329	19	A	0	0	19	39.9473684210526
A_NA_N1	1330	19	T	0	0	19	39.1052631578947
A_NA_N1	1331	19	C	0	0	18	40.1666666666667
A_NA_N1	1332	19	C	0	0	19	37.6315789473684
A_NA_N1	1333	19	T	0	0	18	40.5
A_NA_N1	1334	19	T	0	0	19	39.1052631578947
A_NA_N1	1335	19	T	0	0	19	42.6315789473684
A_NA_N1	1336	19	T	0	0	19	42.7894736842105
A_NA_N1	1337	19	G	0	0	19	39.3684210526316
A_NA_N1	1338	19	T	0	0	19	41.7368421052632
A_NA_N1	1339	19	G	0	0	19	41.1052631578947
A_NA_N1	1340	19	G	0	0	19	40.9473684210526
A_NA_N1	1341	19	T	0	0	19	40.1052631578947
A_NA_N1	1342	19	G	0	0	19	40.6315789473684
A_NA_N1	1343	19	T	0	0	19	39.1052631578947
A_NA_N1	1344	19	A	0	0	19	40.4736842105263
A_NA_N1	1345	19	G	0	0	19	41.5789473684211
A_NA_N1	1346	19	A	0	0	19	40.1052631578947
A_NA_N1	1347	19	C	0	0	19	41.5263157894737
A_NA_N1	1348	19	A	0	0	19	40.6315789473684
A_NA_N1	1349	19	G	0	0	19	40.5263157894737
A_NA_N1	1350	19	T	0	0	19	42.5263157894737
A_NA_N1	1351	19	G	0	0	19	42.1052631578947
A_NA_N1	1352	19	A	0	0	19	43.7894736842105
A_NA_N1	1353	19	C	0	0	19	44
A_NA_N1	1354	19	A	0	0	19	43.5789473684211
A_NA_N1	1355	19	T	0	0	19	44.2631578947368
A_NA_N1	1356	19	T	0	0	19	44
A_NA_N1	1357	19	A	0	0	19	42
A_NA_N1	1358	19	T	0	0	19	43.1052631578947
A_NA_N1	1359	19	G	0	0	19	41.7894736842105
A_NA_N1	1360	19	G	0	0	19	40.6842105263158
A_NA_N1	1361	19	G	0	0	19	39.4210526315789
A_NA_N1	1362	19	T	0	0	19	40.5263157894737
A_NA_N1	1363	19	T	0	0	19	40.4736842105263
A_NA_N1	1364	19	G	0	0	19	41.6315789473684
A_NA_N1	1365	19	G	0	0	19	39.7894736842105
A_NA_N1	1366	19	T	0	0	19	41.6842105263158
A_NA_N1	1367	19	C	0	0	19	40.1052631578947
A_NA_N1	1368	19	T	0	0	19	39.4736842105263
A_NA_N1	1369	19	T	0	0	18	40.2222222222222
A_NA_N1	1370	19	G	0	0	19	36.6842105263158
A_NA_N1	1371	19	G	0	0	19	36.6842105263158
A_NA_N1	1372	19	C	0	0	19	38.2105263157895
A_NA_N1	1373	19	C	0	0	19	38
A_NA_N1	1374	19	A	0	0	19	38.3684210526316
A_NA_N1	1375	19	G	0	0	19	41.0526315789474
A_NA_N1	1376	19	A	0	0	19	41.6842105263158
A_NA_N1	1377	19	C	0	0	19	40.6842105263158
A_NA_N1	1378	19	G	0	0	19	39.6842105263158
A_NA_N1	1379	19	G	0	0	19	39.7894736842105
A_NA_N1	1380	19	T	0	0	19	39.5263157894737
A_NA_N1	1381	19	G	0	0	19	39.8421052631579
A_NA_N1	1382	19	C	0	0	19	40.0526315789474
A_NA_N1	1383	19	T	0	0	19	38.3684210526316
A_NA_N1	1384	19	G	0	0	19	37.6842105263158
A_NA_N1	1385	19	A	0	0	19	36.9473684210526
A_NA_N1	1386	18	G	1	0	18	39.1666666666667
A_NA_N1	1387	19	T	0	0	19	36
A_NA_N1	1388	19	T	0	0	19	35.4210526315789
A_NA_N1	1389	19	G	0	0	19	36.4736842105263
A_NA_N1	1390	19	C	0	0	19	37.1578947368421
A_NA_N1	1391	19	C	0	0	19	37.1578947368421
A_NA_N1	1392	19	A	0	0	19	39.2105263157895
A_NA_N1	1393	19	T	0	0	19	38.8947368421053
A_NA_N1	1394	19	T	0	0	19	38.6315789473684
A_NA_N1	1395	19	C	0	0	19	38.6315789473684
A_NA_N1	1396	19	A	0	0	19	39.3157894736842
A_NA_N1	1397	19	C	0	0	19	40.6315789473684
A_NA_N1	1398	19	C	0	0	19	39.4736842105263
A_NA_N1	1399	19	A	0	0	19	38.9473684210526
A_NA_N1	1400	19	T	0	0	19	39.3157894736842
A_NA_N1	1401	19	T	0	0	19	38.8421052631579
A_NA_N1	1402	19	G	0	0	19	38.2631578947368
A_NA_N1	1403	19	A	0	0	19	40.3684210526316
A_NA_N1	1404	19	C	0	0	19	41.4210526315789
A_NA_N1	1405	19	A	0	0	19	38.6842105263158
A_NA_N1	1406	19	A	0	0	19	37.8947368421053
A_NA_N1	1407	19	T	0	0	19	37.3684210526316
A_NA_N1	1408	19	T	0	0	19	39.6315789473684
A_NA_N1	1409	19	A	0	0	19	39.2631578947368
A_NA_N1	1410	18	A	0	0	18	39.8888888888889
