Reference_Name	Position	Coverage Depth	Consensus	Deletions	Ambiguous	Consensus_Count	Consensus_Average_Quality
A_NP	1	26	A	0	0	26	38.3461538461538
A_NP	2	26	T	0	0	26	39.2307692307692
A_NP	3	26	G	0	0	26	36.9230769230769
A_NP	4	26	G	0	0	26	37.7307692307692
A_NP	5	26	C	0	0	26	36.8076923076923
A_NP	6	26	G	0	0	26	35.9230769230769
A_NP	7	26	T	0	0	26	36.3846153846154
A_NP	8	26	C	0	0	26	36.7692307692308
A_NP	9	26	T	0	0	26	36.4230769230769
A_NP	10	26	C	0	0	26	36.1153846153846
A_NP	11	26	A	0	0	26	35.1923076923077
A_NP	12	26	A	0	0	26	35.5
A_NP	13	26	G	0	0	26	37.4615384615385
A_NP	14	26	G	0	0	26	37.9615384615385
A_NP	15	26	C	0	0	26	39.0769230769231
A_NP	16	26	A	0	0	26	38.8846153846154
A_NP	17	26	C	0	0	26	39.0769230769231
A_NP	18	26	C	0	0	26	39.0384615384615
A_NP	19	26	A	0	0	26	38.5769230769231
A_NP	20	26	A	0	0	26	39.2307692307692
A_NP	21	26	A	0	0	26	39.3846153846154
A_NP	22	26	C	0	0	26	38.3846153846154
A_NP	23	26	G	0	0	26	35.4615384615385
A_NP	24	26	A	0	0	26	35.8846153846154
A_NP	25	26	T	0	0	26	35.5
A_NP	26	26	C	0	0	26	34.7692307692308
A_NP	27	26	A	0	0	26	34.9230769230769
A_NP	28	26	T	0	0	26	37.4230769230769
A_NP	29	26	A	0	0	26	35.5384615384615
A_NP	30	26	T	0	0	26	35.8461538461538
A_NP	31	26	G	0	0	26	37.8461538461538
A_NP	32	26	A	0	0	26	38.1923076923077
A_NP	33	26	G	0	0	26	39.0384615384615
A_NP	34	26	C	0	0	26	39.8846153846154
A_NP	35	26	A	0	0	26	39.9230769230769
A_NP	36	26	A	0	0	26	40.5384615384615
A_NP	37	26	A	0	0	26	41.3076923076923
A_NP	38	26	T	0	0	26	40.6538461538462
A_NP	39	26	G	0	0	26	39.2692307692308
A_NP	40	26	G	0	0	26	39.6153846153846
A_NP	41	26	A	0	0	26	37.4615384615385
A_NP	42	26	T	0	0	26	38.2692307692308
A_NP	43	26	A	0	0	26	38.6923076923077
A_NP	44	26	C	0	0	26	37.6538461538462
A_NP	45	26	T	0	0	26	38.1153846153846
A_NP	46	26	G	0	0	26	36.5769230769231
A_NP	47	26	G	0	0	26	37.3076923076923
A_NP	48	26	T	0	0	26	37.5769230769231
A_NP	49	25	G	1	0	25	37.72
A_NP	50	26	G	0	0	26	38.3461538461538
A_NP	51	26	G	0	0	26	37.8846153846154
A_NP	52	26	G	0	0	25	37.56
A_NP	53	26	A	0	0	26	40.1923076923077
A_NP	54	25	G	1	0	25	38.28
A_NP	55	26	C	0	0	25	37.48
A_NP	56	26	G	0	0	26	34.2692307692308
A_NP	57	26	C	0	0	26	33.5769230769231
A_NP	58	26	C	0	0	25	32.48
A_NP	59	26	A	0	0	26	32.8461538461538
A_NP	60	26	G	0	0	26	31.8076923076923
A_NP	61	26	G	0	0	25	34
A_NP	62	26	A	0	0	26	34.6538461538462
A_NP	63	26	T	0	0	26	34.1538461538462
A_NP	64	26	G	0	0	26	34.8846153846154
A_NP	65	26	C	0	0	26	35.5384615384615
A_NP	66	26	C	0	0	25	33.72
A_NP	67	26	A	0	0	26	31.2692307692308
A_NP	68	26	C	0	0	26	30.5384615384615
A_NP	69	25	A	1	0	25	29.28
A_NP	70	26	G	0	0	26	29.1923076923077
A_NP	71	26	A	0	0	25	29.6
A_NP	72	26	A	0	0	26	30.5384615384615
A_NP	73	26	A	0	0	26	32.1538461538462
A_NP	74	26	T	0	0	26	33.6538461538462
A_NP	75	26	C	0	0	26	32.3461538461538
A_NP	76	26	A	0	0	26	33.5384615384615
A_NP	77	26	G	0	0	25	35.52
A_NP	78	26	A	0	0	25	35.72
A_NP	79	26	G	0	0	25	37.08
A_NP	80	26	C	0	0	26	37.1923076923077
A_NP	81	26	A	0	0	26	36.7307692307692
A_NP	82	25	T	1	0	25	37.2
A_NP	83	25	C	1	0	24	38.5
A_NP	84	26	T	0	0	26	36.6538461538462
A_NP	85	26	G	0	0	26	36.1538461538462
A_NP	86	26	T	0	0	26	36.5769230769231
A_NP	87	26	T	0	0	26	36.7692307692308
A_NP	88	26	G	0	0	26	38.0769230769231
A_NP	89	26	G	0	0	26	37
A_NP	90	26	A	0	0	26	36.9230769230769
A_NP	91	26	A	0	0	26	39.0384615384615
A_NP	92	26	G	0	0	25	39.44
A_NP	93	26	A	0	0	26	39.6538461538462
A_NP	94	26	A	0	0	26	39.6923076923077
A_NP	95	26	T	0	0	26	40.1923076923077
A_NP	96	26	G	0	0	26	39.1538461538462
A_NP	97	26	G	0	0	26	38.5769230769231
A_NP	98	26	T	0	0	26	38.6923076923077
A_NP	99	26	T	0	0	26	37.5
A_NP	100	26	G	0	0	26	37.5384615384615
A_NP	101	26	G	0	0	26	37.2307692307692
A_NP	102	26	T	0	0	26	39.3076923076923
A_NP	103	26	G	0	0	26	38.4230769230769
A_NP	104	26	G	0	0	24	39.6666666666667
A_NP	105	26	A	0	0	25	39.6
A_NP	106	26	A	0	0	26	38.0384615384615
A_NP	107	26	T	0	0	26	37
A_NP	108	26	C	0	0	25	33.76
A_NP	109	25	G	1	0	25	32.48
A_NP	110	26	G	0	0	26	33.0769230769231
A_NP	111	26	G	0	0	26	33.0769230769231
A_NP	112	26	A	0	0	26	33.1538461538462
A_NP	113	26	G	0	0	26	37.3461538461538
A_NP	114	26	A	0	0	26	37.4230769230769
A_NP	115	26	T	0	0	26	37.0384615384615
A_NP	116	26	T	0	0	26	36.4230769230769
A_NP	117	26	C	0	0	26	34.0384615384615
A_NP	118	26	T	0	0	26	35.1923076923077
A_NP	119	26	A	0	0	23	35.7391304347826
A_NP	120	26	C	0	0	23	35.1304347826087
A_NP	121	26	A	0	0	24	33.875
A_NP	122	26	T	0	0	25	33
A_NP	123	26	C	0	0	25	32.76
A_NP	124	26	C	0	0	26	31.6153846153846
A_NP	125	26	A	0	0	26	30.9615384615385
A_NP	126	26	A	0	0	26	30.5384615384615
A_NP	127	26	A	0	0	26	29.1538461538462
A_NP	128	26	T	0	0	26	28.6153846153846
A_NP	129	26	G	0	0	26	32.1538461538462
A_NP	130	26	T	0	0	26	34.6538461538462
A_NP	131	26	G	0	0	26	36
A_NP	132	26	C	0	0	26	36.4615384615385
A_NP	133	26	A	0	0	26	36.2307692307692
A_NP	134	26	C	0	0	26	36.1153846153846
A_NP	135	26	T	0	0	26	36.8846153846154
A_NP	136	26	G	0	0	26	36.5769230769231
A_NP	137	26	A	0	0	26	36.9615384615385
A_NP	138	26	A	0	0	26	38.9615384615385
A_NP	139	26	C	0	0	26	38.5769230769231
A_NP	140	26	T	0	0	26	38
A_NP	141	26	A	0	0	26	38.1538461538462
A_NP	142	26	A	0	0	26	38.4615384615385
A_NP	143	26	A	0	0	26	38
A_NP	144	26	A	0	0	25	43.48
A_NP	145	26	C	0	0	26	40.3076923076923
A_NP	146	26	T	0	0	26	39.1153846153846
A_NP	147	26	C	0	0	26	37.9615384615385
A_NP	148	26	A	0	0	26	38.5384615384615
A_NP	149	26	G	0	0	26	37.1538461538462
A_NP	150	26	T	0	0	26	38.3846153846154
A_NP	151	26	G	0	0	26	38.4230769230769
A_NP	152	26	A	0	0	26	39.6923076923077
A_NP	153	26	T	0	0	26	39.8461538461538
A_NP	154	26	T	0	0	26	39.8846153846154
A_NP	155	26	A	0	0	26	39.6538461538462
A_NP	156	26	T	0	0	26	39.1153846153846
A_NP	157	26	G	0	0	25	37.88
A_NP	158	26	A	0	0	26	35.6923076923077
A_NP	159	26	T	0	0	26	36
A_NP	160	25	G	1	0	25	36.32
A_NP	161	26	G	0	0	26	36.6153846153846
A_NP	162	26	A	0	0	26	37.7307692307692
A_NP	163	26	C	0	0	26	35.1538461538462
A_NP	164	26	G	0	0	25	35.12
A_NP	165	26	A	0	0	25	36.52
A_NP	166	26	C	0	0	26	35.5384615384615
A_NP	167	26	T	0	0	26	35.8846153846154
A_NP	168	26	A	0	0	26	37.1153846153846
A_NP	169	26	A	0	0	26	39.8461538461538
A_NP	170	25	T	1	0	25	39.08
A_NP	171	26	T	0	0	26	39.6153846153846
A_NP	172	26	C	0	0	25	42
A_NP	173	26	A	0	0	26	39.3076923076923
A_NP	174	26	G	0	0	26	39.0384615384615
A_NP	175	26	A	0	0	26	38.8461538461538
A_NP	176	26	A	0	0	26	37.8076923076923
A_NP	177	26	C	0	0	26	38.0769230769231
A_NP	178	26	A	0	0	26	38.2692307692308
A_NP	179	26	G	0	0	26	37.2692307692308
A_NP	180	26	T	0	0	26	37.1153846153846
A_NP	181	26	A	0	0	26	36.3461538461538
A_NP	182	26	T	0	0	26	35.6923076923077
A_NP	183	26	A	0	0	26	35.0769230769231
A_NP	184	26	A	0	0	26	35.3846153846154
A_NP	185	26	C	0	0	26	37.1153846153846
A_NP	186	26	A	0	0	26	35.8076923076923
A_NP	187	26	A	0	0	26	36.5769230769231
A_NP	188	26	T	0	0	26	37.5384615384615
A_NP	189	26	A	0	0	26	36.6538461538462
A_NP	190	26	G	0	0	26	34.0769230769231
A_NP	191	26	A	0	0	26	34.6923076923077
A_NP	192	26	G	0	0	26	32.8076923076923
A_NP	193	26	A	0	0	26	35.5384615384615
A_NP	194	26	G	0	0	26	37.3846153846154
A_NP	195	26	G	0	0	26	40.1153846153846
A_NP	196	26	A	0	0	26	41
A_NP	197	26	T	0	0	26	40.5
A_NP	198	26	G	0	0	26	40.7692307692308
A_NP	199	26	G	0	0	26	40
A_NP	200	26	T	0	0	26	42.2692307692308
A_NP	201	26	G	0	0	26	42.0769230769231
A_NP	202	26	C	0	0	25	43.88
A_NP	203	26	T	0	0	26	42.1538461538462
A_NP	204	26	T	0	0	25	41.8
A_NP	205	26	T	0	0	26	42.3461538461538
A_NP	206	26	C	0	0	26	42.4615384615385
A_NP	207	26	T	0	0	26	43.3846153846154
A_NP	208	26	G	0	0	26	43.5
A_NP	209	26	C	0	0	26	41.2692307692308
A_NP	210	26	T	0	0	26	41.3846153846154
A_NP	211	26	T	0	0	26	40.5769230769231
A_NP	212	26	T	0	0	26	40.9230769230769
A_NP	213	26	T	0	0	26	40.6538461538462
A_NP	214	26	G	0	0	26	38.6153846153846
A_NP	215	26	A	0	0	26	39.5769230769231
A_NP	216	26	T	0	0	26	38.6923076923077
A_NP	217	25	G	1	0	25	32.56
A_NP	218	25	A	1	0	25	33.04
A_NP	219	26	G	0	0	26	31.0769230769231
A_NP	220	26	A	0	0	26	30.9230769230769
A_NP	221	26	G	0	0	26	34.3076923076923
A_NP	222	26	A	0	0	26	34.3076923076923
A_NP	223	26	A	0	0	26	37.9615384615385
A_NP	224	26	G	0	0	26	36.4615384615385
A_NP	225	26	A	0	0	26	37.3846153846154
A_NP	226	26	A	0	0	26	39.8461538461538
A_NP	227	26	A	0	0	26	41.6923076923077
A_NP	228	26	T	0	0	26	41.5769230769231
A_NP	229	26	A	0	0	26	40.6923076923077
A_NP	230	26	A	0	0	26	42.6923076923077
A_NP	231	26	A	0	0	26	40.9230769230769
A_NP	232	26	T	0	0	26	42.2307692307692
A_NP	233	26	A	0	0	26	39.1923076923077
A_NP	234	26	C	0	0	26	40.3461538461538
A_NP	235	26	C	0	0	26	39.3076923076923
A_NP	236	26	T	0	0	26	40.0769230769231
A_NP	237	26	A	0	0	26	35.6538461538462
A_NP	238	26	G	0	0	26	35.6538461538462
A_NP	239	26	A	0	0	26	37
A_NP	240	26	A	0	0	26	39.5
A_NP	241	26	G	0	0	26	40.6538461538462
A_NP	242	26	A	0	0	26	40.6538461538462
A_NP	243	26	G	0	0	26	40.7692307692308
A_NP	244	26	C	0	0	26	40.6153846153846
A_NP	245	26	A	0	0	26	39.3076923076923
A_NP	246	26	T	0	0	26	39.1153846153846
A_NP	247	26	C	0	0	26	37.3076923076923
A_NP	248	26	C	0	0	26	39.7307692307692
A_NP	249	26	A	0	0	26	39.2307692307692
A_NP	250	26	A	0	0	26	40.2307692307692
A_NP	251	26	G	0	0	26	38.4615384615385
A_NP	252	26	T	0	0	26	38.6538461538462
A_NP	253	25	G	0	0	25	38.48
A_NP	254	25	C	0	0	25	38.52
A_NP	255	25	T	0	0	25	38.76
A_NP	256	24	G	1	0	24	37.7916666666667
A_NP	257	25	G	0	0	25	38.56
A_NP	258	24	G	1	0	24	38.2916666666667
A_NP	259	24	A	1	0	24	40.9583333333333
A_NP	260	25	A	0	0	25	41.08
A_NP	261	25	G	0	0	25	42.4
A_NP	262	25	G	0	0	25	39.96
A_NP	263	25	A	0	0	24	41.0416666666667
A_NP	264	25	C	0	0	24	39.9166666666667
A_NP	265	25	C	0	0	25	38.08
A_NP	266	25	C	0	0	24	36.625
A_NP	267	25	T	0	0	24	36
A_NP	268	25	A	0	0	25	33.44
A_NP	269	25	A	0	0	25	31.8
A_NP	270	25	G	0	0	24	33.5833333333333
A_NP	271	25	A	0	0	25	34.2
A_NP	272	25	A	0	0	25	33.8
A_NP	273	25	A	0	0	25	35.44
A_NP	274	25	A	0	0	25	31.2
A_NP	275	25	C	0	0	25	30.24
A_NP	276	25	A	0	0	25	33
A_NP	277	25	G	0	0	25	34.8
A_NP	278	25	G	0	0	25	35
A_NP	279	25	A	0	0	25	34.32
A_NP	280	25	G	0	0	25	34.16
A_NP	281	25	G	0	0	25	33.76
A_NP	282	25	A	0	0	25	32.88
A_NP	283	25	C	0	0	25	31.68
A_NP	284	25	C	0	0	25	30.64
A_NP	285	25	C	0	0	25	29.12
A_NP	286	25	A	0	0	25	28.04
A_NP	287	25	T	0	0	25	29.76
A_NP	288	25	C	0	0	25	31.48
A_NP	289	25	T	0	0	25	31.4
A_NP	290	25	A	0	0	25	31.64
A_NP	291	25	T	0	0	25	32.92
A_NP	292	25	A	0	0	25	32.52
A_NP	293	25	G	0	0	25	32.24
A_NP	294	25	A	0	0	25	32.84
A_NP	295	25	A	0	0	25	33.4
A_NP	296	25	G	0	0	25	34.84
A_NP	297	25	A	0	0	25	35.84
A_NP	298	25	A	0	0	25	36.96
A_NP	299	25	T	0	0	25	38.4
A_NP	300	25	A	0	0	25	37.4
A_NP	301	25	G	0	0	25	38.16
A_NP	302	25	A	0	0	25	37.84
A_NP	303	25	C	0	0	25	36.96
A_NP	304	25	G	0	0	25	36.48
A_NP	305	25	G	0	0	25	37.4
A_NP	306	25	A	0	0	25	38
A_NP	307	25	A	0	0	25	38
A_NP	308	25	A	0	0	25	39.8
A_NP	309	25	A	0	0	25	41.36
A_NP	310	25	T	0	0	25	41.8
A_NP	311	25	G	0	0	25	39.2
A_NP	312	25	G	0	0	24	42.5416666666667
A_NP	313	25	A	0	0	24	40.75
A_NP	314	25	C	0	0	25	39.04
A_NP	315	24	A	1	0	24	38.0833333333333
A_NP	316	25	A	0	0	25	37.36
A_NP	317	25	G	0	0	25	36.44
A_NP	318	25	A	0	0	25	35.12
A_NP	319	25	G	0	0	25	36.84
A_NP	320	25	A	0	0	25	37.64
A_NP	321	25	A	0	0	25	37.2
A_NP	322	25	C	0	0	25	36.4
A_NP	323	25	T	0	0	25	36.88
A_NP	324	25	C	0	0	25	39.2
A_NP	325	25	A	0	0	25	38.68
A_NP	326	25	T	0	0	25	40.28
A_NP	327	25	C	0	0	25	39.4
A_NP	328	25	C	0	0	25	39.32
A_NP	329	25	T	0	0	25	38.36
A_NP	330	25	T	0	0	25	37.88
A_NP	331	25	T	0	0	25	39.64
A_NP	332	25	A	0	0	25	37.6
A_NP	333	25	T	0	0	25	38.32
A_NP	334	24	G	1	0	24	38.9583333333333
A_NP	335	25	A	0	0	25	39.04
A_NP	336	25	C	0	0	24	40.2083333333333
A_NP	337	25	A	0	0	24	39.1666666666667
A_NP	338	25	A	0	0	25	37.76
A_NP	339	25	A	0	0	25	36.92
A_NP	340	25	G	0	0	25	35.4
A_NP	341	25	A	0	0	24	37.4583333333333
A_NP	342	25	A	0	0	25	37.56
A_NP	343	25	G	0	0	25	37.12
A_NP	344	25	A	0	0	25	39.96
A_NP	345	25	A	0	0	25	42.12
A_NP	346	25	A	0	0	25	41.52
A_NP	347	25	T	0	0	25	40.68
A_NP	348	25	A	0	0	25	39.76
A_NP	349	25	A	0	0	25	38.6
A_NP	350	25	G	0	0	25	38.24
A_NP	351	25	G	0	0	25	37.72
A_NP	352	25	A	0	0	25	38.04
A_NP	353	25	G	0	0	25	38.04
A_NP	354	25	A	0	0	25	39.12
A_NP	355	25	G	0	0	25	38.24
A_NP	356	25	T	0	0	25	37.92
A_NP	357	25	T	0	0	25	38.48
A_NP	358	25	T	0	0	25	37.44
A_NP	359	25	G	0	0	25	34.84
A_NP	360	25	G	0	0	25	35.76
A_NP	361	25	C	0	0	25	36.16
A_NP	362	25	G	0	0	25	35.24
A_NP	363	25	C	0	0	25	35.12
A_NP	364	25	C	0	0	25	34.08
A_NP	365	25	A	0	0	25	32.76
A_NP	366	25	A	0	0	25	31.6
A_NP	367	25	G	0	0	25	32.6
A_NP	368	25	C	0	0	25	32.04
A_NP	369	25	A	0	0	25	30.48
A_NP	370	25	A	0	0	25	31.68
A_NP	371	25	A	0	0	25	32.28
A_NP	372	25	C	0	0	25	35.16
A_NP	373	25	A	0	0	25	35.56
A_NP	374	25	A	0	0	25	35.92
A_NP	375	25	T	0	0	25	35.8
A_NP	376	25	G	0	0	25	36.92
A_NP	377	25	G	0	0	25	34.64
A_NP	378	25	C	0	0	25	35.96
A_NP	379	25	G	0	0	25	34.92
A_NP	380	25	A	0	0	25	34.72
A_NP	381	25	A	0	0	25	35.6
A_NP	382	25	G	0	0	25	36.2
A_NP	383	25	A	0	0	25	36.36
A_NP	384	25	T	0	0	25	38.04
A_NP	385	25	G	0	0	25	38.28
A_NP	386	25	C	0	0	25	37.84
A_NP	387	25	A	0	0	25	36.52
A_NP	388	25	A	0	0	25	38.04
A_NP	389	25	C	0	0	25	38.68
A_NP	390	25	G	0	0	25	38.2
A_NP	391	25	G	0	0	25	38.68
A_NP	392	25	C	0	0	25	38.68
A_NP	393	25	A	0	0	25	38.84
A_NP	394	25	G	0	0	25	39.48
A_NP	395	25	G	0	0	25	41.36
A_NP	396	25	T	0	0	25	40.44
A_NP	397	25	C	0	0	25	40.52
A_NP	398	25	T	0	0	25	40.44
A_NP	399	25	T	0	0	25	42
A_NP	400	25	A	0	0	25	43.04
A_NP	401	25	C	0	0	25	41.28
A_NP	402	25	C	0	0	25	41.44
A_NP	403	25	C	0	0	25	42.8
A_NP	404	25	A	0	0	24	41.2083333333333
A_NP	405	25	T	0	0	25	40.24
A_NP	406	25	C	0	0	25	38.32
A_NP	407	25	T	0	0	25	38.6
A_NP	408	25	C	0	0	24	38.7083333333333
A_NP	409	25	A	0	0	24	39.1666666666667
A_NP	410	25	T	0	0	25	40.44
A_NP	411	25	G	0	0	25	38.88
A_NP	412	25	A	0	0	25	40.04
A_NP	413	25	T	0	0	25	40.76
A_NP	414	25	T	0	0	25	40.28
A_NP	415	25	T	0	0	25	41.92
A_NP	416	25	G	0	0	25	42.6
A_NP	417	25	G	0	0	25	41.88
A_NP	418	25	C	0	0	25	42.12
A_NP	419	25	A	0	0	25	41.64
A_NP	420	25	T	0	0	25	41.64
A_NP	421	25	T	0	0	25	41.76
A_NP	422	25	C	0	0	25	41.28
A_NP	423	25	C	0	0	25	40.96
A_NP	424	25	A	0	0	25	40.08
A_NP	425	25	A	0	0	25	39.24
A_NP	426	25	T	0	0	25	39.92
A_NP	427	25	C	0	0	25	37.16
A_NP	428	25	T	0	0	25	37.16
A_NP	429	25	G	0	0	25	38.8
A_NP	430	25	A	0	0	25	39.2
A_NP	431	25	A	0	0	25	40.64
A_NP	432	25	T	0	0	25	40.6
A_NP	433	25	G	0	0	25	41.36
A_NP	434	25	A	0	0	25	40.52
A_NP	435	25	T	0	0	25	41.4
A_NP	436	25	G	0	0	25	39.76
A_NP	437	25	C	0	0	25	39.44
A_NP	438	25	C	0	0	25	37.96
A_NP	439	25	A	0	0	25	39
A_NP	440	25	C	0	0	25	38.56
A_NP	441	25	A	0	0	25	37.44
A_NP	442	25	T	0	0	25	40.6
A_NP	443	25	A	0	0	25	38.52
A_NP	444	25	T	0	0	25	37.64
A_NP	445	25	C	0	0	25	37.08
A_NP	446	25	A	0	0	25	38.04
A_NP	447	25	G	0	0	25	39.24
A_NP	448	25	A	0	0	25	38.68
A_NP	449	25	G	0	0	25	40.28
A_NP	450	25	G	0	0	25	38.16
A_NP	451	25	A	0	0	25	39.56
A_NP	452	25	C	0	0	25	39.96
A_NP	453	25	A	0	0	25	38.8
A_NP	454	25	A	0	0	24	39.75
A_NP	455	25	G	0	0	25	39.52
A_NP	456	25	A	0	0	24	39.3333333333333
A_NP	457	25	G	0	0	25	40.92
A_NP	458	25	C	0	0	25	41.88
A_NP	459	25	A	0	0	25	42.8
A_NP	460	25	C	0	0	25	42
A_NP	461	25	T	0	0	25	42.44
A_NP	462	25	A	0	0	25	41.76
A_NP	463	25	G	0	0	25	42.16
A_NP	464	25	T	0	0	25	41.48
A_NP	465	25	C	0	0	25	40.64
A_NP	466	25	C	0	0	25	39.12
A_NP	467	25	G	0	0	25	38.44
A_NP	468	25	C	0	0	25	37.88
A_NP	469	25	A	0	0	25	38.08
A_NP	470	25	C	0	0	25	37.52
A_NP	471	25	T	0	0	25	38.24
A_NP	472	25	G	0	0	25	38.08
A_NP	473	25	G	0	0	25	36.6
A_NP	474	25	A	0	0	25	35.6
A_NP	475	25	A	0	0	25	36.36
A_NP	476	25	T	0	0	25	37.92
A_NP	477	25	G	0	0	25	35.44
A_NP	478	25	G	0	0	25	34.48
A_NP	479	25	A	0	0	25	33.88
A_NP	480	25	T	0	0	25	33.04
A_NP	481	24	C	1	0	24	31.4166666666667
A_NP	482	25	C	0	0	25	31
A_NP	483	25	C	0	0	25	29.96
A_NP	484	25	A	0	0	25	28.52
A_NP	485	25	G	0	0	25	30.4
A_NP	486	25	A	0	0	25	33.4
A_NP	487	25	A	0	0	25	34.76
A_NP	488	25	T	0	0	25	37.2
A_NP	489	25	G	0	0	25	37.28
A_NP	490	25	T	0	0	25	39.04
A_NP	491	25	G	0	0	25	38.48
A_NP	492	25	C	0	0	25	37.92
A_NP	493	25	T	0	0	25	38.16
A_NP	494	25	C	0	0	25	37.84
A_NP	495	25	T	0	0	25	36.12
A_NP	496	25	C	0	0	25	35.36
A_NP	497	25	T	0	0	25	36.96
A_NP	498	25	A	0	0	25	35.96
A_NP	499	25	A	0	0	25	34.84
A_NP	500	25	T	0	0	25	34.04
A_NP	501	25	G	0	0	25	34.44
A_NP	502	25	C	0	0	25	35.12
A_NP	503	25	A	0	0	25	36.4
A_NP	504	25	A	0	0	25	38
A_NP	505	25	G	0	0	25	37.4
A_NP	506	25	G	0	0	25	38.72
A_NP	507	25	T	0	0	25	38.6
A_NP	508	25	T	0	0	25	39.08
A_NP	509	25	C	0	0	25	38.88
A_NP	510	25	A	0	0	25	40.76
A_NP	511	25	A	0	0	25	39.84
A_NP	512	25	C	0	0	25	40.96
A_NP	513	25	A	0	0	25	40.56
A_NP	514	25	C	0	0	25	39.32
A_NP	515	25	T	0	0	25	40.12
A_NP	516	25	T	0	0	25	38.16
A_NP	517	25	C	0	0	25	37.04
A_NP	518	25	C	0	0	25	38.16
A_NP	519	25	C	0	0	25	37.76
A_NP	520	25	A	0	0	25	33.92
A_NP	521	25	G	0	0	25	35.96
A_NP	522	25	G	0	0	25	40.2
A_NP	523	25	A	0	0	25	41.24
A_NP	524	25	G	0	0	25	40.36
A_NP	525	25	G	0	0	25	40.04
A_NP	526	25	T	0	0	25	40.08
A_NP	527	25	C	0	0	25	39.24
A_NP	528	25	T	0	0	25	39.56
A_NP	529	23	G	2	0	23	40.304347826087
A_NP	530	25	G	0	0	25	40.8
A_NP	531	25	T	0	0	25	39.8
A_NP	532	25	G	0	0	25	39.84
A_NP	533	25	C	0	0	24	40.0416666666667
A_NP	534	25	C	0	0	24	38.3333333333333
A_NP	535	25	G	0	0	25	37.6
A_NP	536	25	C	0	0	25	38.32
A_NP	537	25	A	0	0	25	36.16
A_NP	538	25	G	0	0	25	35.52
A_NP	539	25	G	0	0	25	35.92
A_NP	540	25	T	0	0	25	39.4
A_NP	541	25	G	0	0	25	37.72
A_NP	542	25	C	0	0	25	36.48
A_NP	543	25	T	0	0	25	36.36
A_NP	544	25	G	0	0	25	37.16
A_NP	545	25	C	0	0	25	36.96
A_NP	546	25	A	0	0	25	34.2
A_NP	547	25	G	0	0	25	34.48
A_NP	548	25	T	0	0	25	35.2
A_NP	549	25	A	0	0	25	33.08
A_NP	550	25	A	0	0	25	33.12
A_NP	551	25	A	0	0	25	34
A_NP	552	25	A	0	0	25	34.68
A_NP	553	25	G	0	0	25	35.92
A_NP	554	25	G	0	0	25	37.44
A_NP	555	25	A	0	0	25	38.32
A_NP	556	25	G	0	0	25	38.36
A_NP	557	25	T	0	0	25	39.72
A_NP	558	25	T	0	0	25	39.04
A_NP	559	25	G	0	0	25	38.8
A_NP	560	25	G	0	0	25	38.88
A_NP	561	25	A	0	0	25	40.12
A_NP	562	25	A	0	0	25	41.68
A_NP	563	25	C	0	0	25	41.36
A_NP	564	24	A	1	0	24	42.5
A_NP	565	25	A	0	0	25	41.56
A_NP	566	25	T	0	0	24	42.9583333333333
A_NP	567	25	A	0	0	24	41.1666666666667
A_NP	568	25	G	0	0	24	41.1666666666667
A_NP	569	25	C	0	0	25	40.56
A_NP	570	25	T	0	0	25	38.6
A_NP	571	25	A	0	0	25	38.72
A_NP	572	25	T	0	0	25	38.76
A_NP	573	25	G	0	0	25	40.48
A_NP	574	25	G	0	0	25	40.84
A_NP	575	25	A	0	0	25	41.24
A_NP	576	25	G	0	0	25	40.04
A_NP	577	25	T	0	0	25	40.8
A_NP	578	25	T	0	0	25	39.08
A_NP	579	25	A	0	0	25	39.04
A_NP	580	25	A	0	0	25	39.32
A_NP	581	25	T	0	0	25	40.92
A_NP	582	25	C	0	0	25	40.12
A_NP	583	25	A	0	0	25	39.12
A_NP	584	25	G	0	0	24	39.5416666666667
A_NP	585	25	A	0	0	25	38.28
A_NP	586	25	A	0	0	25	38.84
A_NP	587	25	T	0	0	25	39.4
A_NP	588	25	G	0	0	25	39.88
A_NP	589	25	A	0	0	25	39.96
A_NP	590	25	T	0	0	25	40.76
A_NP	591	25	A	0	0	25	39.6
A_NP	592	25	A	0	0	25	40.12
A_NP	593	25	A	0	0	25	41.08
A_NP	594	25	A	0	0	25	41.52
A_NP	595	25	C	0	0	25	41.92
A_NP	596	25	G	0	0	25	40.16
A_NP	597	25	T	0	0	25	39.84
A_NP	598	25	G	0	0	25	39.84
A_NP	599	25	G	0	0	25	39.44
A_NP	600	25	A	0	0	25	39.32
A_NP	601	25	A	0	0	25	39.72
A_NP	602	25	T	0	0	25	40.48
A_NP	603	25	C	0	0	25	40.56
A_NP	604	25	A	0	0	25	41.52
A_NP	605	25	A	0	0	25	41.12
A_NP	606	25	T	0	0	25	41.44
A_NP	607	25	G	0	0	25	42.04
A_NP	608	25	A	0	0	25	41.72
A_NP	609	25	C	0	0	25	41.68
A_NP	610	25	C	0	0	25	40.44
A_NP	611	25	G	0	0	25	39.52
A_NP	612	25	A	0	0	25	38.2
A_NP	613	25	A	0	0	25	39.6
A_NP	614	25	A	0	0	25	39.68
A_NP	615	25	T	0	0	25	41.28
A_NP	616	25	T	0	0	25	42.72
A_NP	617	25	T	0	0	25	42.4
A_NP	618	25	C	0	0	25	41.16
A_NP	619	25	T	0	0	25	40.4
A_NP	620	25	G	0	0	25	40.48
A_NP	621	25	G	0	0	25	42.2
A_NP	622	25	A	0	0	25	40.16
A_NP	623	25	G	0	0	25	42.88
A_NP	624	25	G	0	0	25	39.92
A_NP	625	25	G	0	0	25	39.8
A_NP	626	25	G	0	0	25	39.04
A_NP	627	25	T	0	0	25	38.64
A_NP	628	25	G	0	0	25	37.4
A_NP	629	25	A	0	0	25	37.52
A_NP	630	25	A	0	0	25	39.2
A_NP	631	25	A	0	0	25	40.16
A_NP	632	25	A	0	0	25	43.04
A_NP	633	25	T	0	0	25	42.72
A_NP	634	25	G	0	0	25	41.84
A_NP	635	25	G	0	0	25	42.28
A_NP	636	25	A	0	0	25	41.8
A_NP	637	25	C	0	0	25	38.36
A_NP	638	25	G	0	0	25	35.08
A_NP	639	25	A	0	0	25	35.64
A_NP	640	25	A	0	0	25	35.88
A_NP	641	25	G	0	0	25	36.4
A_NP	642	25	G	0	0	25	37.04
A_NP	643	25	A	0	0	25	39.64
A_NP	644	25	C	0	0	25	39.72
A_NP	645	25	A	0	0	25	37.2
A_NP	646	25	A	0	0	25	37.76
A_NP	647	25	G	0	0	25	36.8
A_NP	648	25	A	0	0	25	36.48
A_NP	649	25	A	0	0	25	36.64
A_NP	650	25	T	0	0	25	37.56
A_NP	651	25	T	0	0	25	36.96
A_NP	652	25	G	0	0	25	36.96
A_NP	653	25	C	0	0	25	35.84
A_NP	654	25	T	0	0	25	37.24
A_NP	655	25	T	0	0	25	37.32
A_NP	656	25	A	0	0	25	36.76
A_NP	657	25	T	0	0	25	36.24
A_NP	658	25	G	0	0	25	38
A_NP	659	25	A	0	0	25	41.56
A_NP	660	25	A	0	0	25	40.96
A_NP	661	25	A	0	0	25	41.8
A_NP	662	25	G	0	0	25	41.92
A_NP	663	25	A	0	0	25	43.52
A_NP	664	25	A	0	0	25	44.28
A_NP	665	25	T	0	0	25	42.24
A_NP	666	25	G	0	0	25	42.56
A_NP	667	25	T	0	0	25	43.92
A_NP	668	25	G	0	0	25	43.16
A_NP	669	25	C	0	0	25	43.4
A_NP	670	24	A	1	0	24	41.125
A_NP	671	25	A	0	0	25	39.96
A_NP	672	25	T	0	0	25	40.76
A_NP	673	25	A	0	0	25	40.88
A_NP	674	25	T	0	0	25	41.96
A_NP	675	25	C	0	0	25	39.92
A_NP	676	25	C	0	0	24	40.875
A_NP	677	25	T	0	0	24	40.5833333333333
A_NP	678	25	C	0	0	24	37.7916666666667
A_NP	679	24	A	1	0	24	38.4166666666667
A_NP	680	24	A	1	0	24	38.125
A_NP	681	24	A	1	0	24	39.75
A_NP	682	24	G	1	0	24	38.5833333333333
A_NP	683	25	G	0	0	25	38.6
A_NP	684	25	A	0	0	24	38.75
A_NP	685	25	A	0	0	25	38.72
A_NP	686	25	A	0	0	25	39.92
A_NP	687	25	A	0	0	25	40.4
A_NP	688	25	T	0	0	25	38.72
A_NP	689	25	T	0	0	25	39.96
A_NP	690	25	T	0	0	25	38.48
A_NP	691	25	C	0	0	24	36.9166666666667
A_NP	692	25	A	0	0	25	36.96
A_NP	693	25	A	0	0	25	37.12
A_NP	694	25	A	0	0	25	37.52
A_NP	695	25	C	0	0	25	36.4
A_NP	696	25	A	0	0	25	37.92
A_NP	697	25	G	0	0	25	38.08
A_NP	698	25	C	0	0	25	36.2
A_NP	699	25	T	0	0	25	36.44
A_NP	700	25	G	0	0	25	36.48
A_NP	701	24	C	1	0	24	36.9166666666667
A_NP	702	25	C	0	0	25	35.52
A_NP	703	25	C	0	0	25	35.8
A_NP	704	25	A	0	0	25	34.68
A_NP	705	25	G	0	0	25	36.8
A_NP	706	25	A	0	0	25	36.96
A_NP	707	25	G	0	0	25	37.28
A_NP	708	25	G	0	0	25	37.08
A_NP	709	25	G	0	0	25	38.76
A_NP	710	25	C	0	0	25	39.6
A_NP	711	25	A	0	0	25	37.16
A_NP	712	25	A	0	0	25	38.84
A_NP	713	25	T	0	0	25	39.48
A_NP	714	25	G	0	0	25	39.68
A_NP	715	25	A	0	0	25	40.88
A_NP	716	25	T	0	0	25	41.72
A_NP	717	25	G	0	0	25	36.96
A_NP	718	25	G	0	0	24	36.4166666666667
A_NP	719	25	A	0	0	25	35.72
A_NP	720	25	T	0	0	25	35.6
A_NP	721	24	C	1	0	23	35.3478260869565
A_NP	722	25	A	0	0	25	34
A_NP	723	25	A	0	0	25	33.28
A_NP	724	25	G	0	0	25	32.88
A_NP	725	24	T	1	0	24	33.375
A_NP	726	24	A	1	0	22	35.9090909090909
A_NP	727	25	A	0	0	25	33.36
A_NP	728	23	G	2	0	23	37.1739130434783
A_NP	729	24	A	1	0	23	37.304347826087
A_NP	730	23	G	2	0	23	36
A_NP	731	23	A	2	0	22	36.3636363636364
A_NP	732	24	A	1	0	24	36.625
A_NP	733	24	A	1	0	24	36.9583333333333
A_NP	734	24	G	1	0	23	37.2173913043478
A_NP	735	24	T	1	0	24	35.5
A_NP	736	24	C	1	0	21	33.1428571428571
A_NP	737	25	G	0	0	23	32.9130434782609
A_NP	738	25	A	0	0	25	31.52
A_NP	739	25	A	0	0	25	32.32
A_NP	740	25	A	0	0	24	33.875
A_NP	741	25	C	0	0	24	32.75
A_NP	742	25	C	0	0	24	34.625
A_NP	743	25	C	0	0	25	32.16
A_NP	744	25	A	0	0	25	29.84
A_NP	745	25	G	0	0	25	32.16
A_NP	746	25	G	0	0	25	32.76
A_NP	747	25	A	0	0	25	33.16
A_NP	748	25	A	0	0	25	33.8
A_NP	749	25	A	0	0	25	34.4
A_NP	750	25	C	0	0	25	32.56
A_NP	751	25	G	0	0	25	32.36
A_NP	752	25	C	0	0	25	34.12
A_NP	753	25	T	0	0	25	33.24
A_NP	754	25	G	0	0	25	34
A_NP	755	25	A	0	0	24	35.2916666666667
A_NP	756	25	A	0	0	25	40.16
A_NP	757	25	A	0	0	25	42
A_NP	758	25	T	0	0	25	41.8
A_NP	759	25	T	0	0	25	42.92
A_NP	760	25	G	0	0	25	40.56
A_NP	761	25	A	0	0	25	40.92
A_NP	762	25	A	0	0	25	39.64
A_NP	763	25	G	0	0	25	37.28
A_NP	764	25	A	0	0	25	37.32
A_NP	765	25	C	0	0	25	37.44
A_NP	766	25	C	0	0	25	37.92
A_NP	767	25	T	0	0	25	38.68
A_NP	768	25	C	0	0	25	37.28
A_NP	769	25	A	0	0	25	38.24
A_NP	770	25	T	0	0	25	38.4
A_NP	771	25	T	0	0	25	40.4
A_NP	772	25	T	0	0	25	41.92
A_NP	773	25	T	0	0	25	40.88
A_NP	774	25	C	0	0	25	42.72
A_NP	775	25	C	0	0	25	43.48
A_NP	776	25	T	0	0	25	42.28
A_NP	777	25	G	0	0	25	40.16
A_NP	778	25	G	0	0	25	41.52
A_NP	779	25	C	0	0	25	42.4
A_NP	780	25	A	0	0	25	43.12
A_NP	781	25	C	0	0	25	43.6
A_NP	782	25	G	0	0	25	40.8
A_NP	783	25	G	0	0	25	41.24
A_NP	784	25	T	0	0	24	40.5833333333333
A_NP	785	25	C	0	0	24	39.4583333333333
A_NP	786	25	A	0	0	25	39.96
A_NP	787	25	G	0	0	25	39.32
A_NP	788	25	C	0	0	25	38.44
A_NP	789	25	A	0	0	25	39.64
A_NP	790	25	C	0	0	25	39.36
A_NP	791	25	T	0	0	25	40.48
A_NP	792	25	C	0	0	25	38.24
A_NP	793	25	A	0	0	25	37.04
A_NP	794	25	T	0	0	25	37.12
A_NP	795	25	T	0	0	25	36.44
A_NP	796	25	C	0	0	25	38.36
A_NP	797	25	T	0	0	25	38.76
A_NP	798	25	G	0	0	25	37.48
A_NP	799	25	A	0	0	25	37.4
A_NP	800	25	G	0	0	25	34.4
A_NP	801	25	G	0	0	25	35.24
A_NP	802	25	G	0	0	25	35.72
A_NP	803	25	G	0	0	25	36.04
A_NP	804	25	A	0	0	25	37.56
A_NP	805	25	T	0	0	25	38.56
A_NP	806	25	C	0	0	24	38.875
A_NP	807	25	A	0	0	25	37.24
A_NP	808	25	G	0	0	25	38.4
A_NP	809	25	T	0	0	25	38.4
A_NP	810	25	T	0	0	25	37.32
A_NP	811	25	G	0	0	25	39.64
A_NP	812	25	C	0	0	25	39.6
A_NP	813	25	A	0	0	25	40
A_NP	814	25	C	0	0	25	40.08
A_NP	815	25	A	0	0	25	39.48
A_NP	816	25	T	0	0	25	39.56
A_NP	817	25	A	0	0	25	38.68
A_NP	818	25	A	0	0	25	40.36
A_NP	819	25	A	0	0	25	39.72
A_NP	820	25	T	0	0	25	40.8
A_NP	821	25	C	0	0	25	41.96
A_NP	822	25	C	0	0	25	41.6
A_NP	823	25	T	0	0	25	39.68
A_NP	824	25	G	0	0	25	41.56
A_NP	825	25	C	0	0	25	41.76
A_NP	826	25	C	0	0	25	41.28
A_NP	827	25	T	0	0	25	41.4
A_NP	828	25	G	0	0	25	41.76
A_NP	829	25	C	0	0	25	43.4
A_NP	830	25	C	0	0	25	42.08
A_NP	831	25	T	0	0	25	41.36
A_NP	832	25	G	0	0	25	43.32
A_NP	833	25	C	0	0	25	40.76
A_NP	834	25	T	0	0	25	40.96
A_NP	835	25	T	0	0	25	41.92
A_NP	836	25	G	0	0	25	40.52
A_NP	837	25	T	0	0	25	41.72
A_NP	838	25	G	0	0	25	41.68
A_NP	839	25	T	0	0	25	43.04
A_NP	840	25	G	0	0	25	42
A_NP	841	25	T	0	0	25	43.08
A_NP	842	25	A	0	0	23	42.6521739130435
A_NP	843	25	T	0	0	25	43.2
A_NP	844	25	G	0	0	25	40.48
A_NP	845	25	G	0	0	25	41.88
A_NP	846	25	G	0	0	25	42.96
A_NP	847	25	C	0	0	25	40.24
A_NP	848	25	T	0	0	25	42.8
A_NP	849	25	T	0	0	25	43.64
A_NP	850	25	G	0	0	25	42.04
A_NP	851	25	C	0	0	25	42.6
A_NP	852	25	A	0	0	25	40.76
A_NP	853	25	G	0	0	25	41.16
A_NP	854	25	T	0	0	25	40.92
A_NP	855	25	A	0	0	25	39.88
A_NP	856	25	G	0	0	25	38.8
A_NP	857	25	C	0	0	25	40.16
A_NP	858	25	A	0	0	25	38.92
A_NP	859	25	A	0	0	25	40
A_NP	860	25	G	0	0	25	40.08
A_NP	861	25	T	0	0	25	41.28
A_NP	862	25	G	0	0	25	39.4
A_NP	863	25	G	0	0	25	41.16
A_NP	864	25	C	0	0	25	40.08
A_NP	865	25	C	0	0	25	39.68
A_NP	866	25	A	0	0	25	39.72
A_NP	867	25	T	0	0	25	40.52
A_NP	868	25	G	0	0	25	39.36
A_NP	869	25	A	0	0	25	39.72
A_NP	870	25	C	0	0	25	38.28
A_NP	871	25	T	0	0	25	38.48
A_NP	872	25	T	0	0	25	39.76
A_NP	873	25	T	0	0	25	40.2
A_NP	874	25	G	0	0	24	39.2083333333333
A_NP	875	25	A	0	0	24	40.6666666666667
A_NP	876	25	G	0	0	24	39.9166666666667
A_NP	877	25	A	0	0	25	37.68
A_NP	878	25	G	0	0	25	37.88
A_NP	879	25	G	0	0	25	38.04
A_NP	880	25	G	0	0	25	40.36
A_NP	881	25	A	0	0	24	40.375
A_NP	882	25	A	0	0	25	42
A_NP	883	24	G	1	0	24	40.375
A_NP	884	25	G	0	0	25	41.2
A_NP	885	25	G	0	0	25	40.76
A_NP	886	25	T	0	0	25	40.96
A_NP	887	25	A	0	0	25	41.16
A_NP	888	25	C	0	0	24	39.7083333333333
A_NP	889	25	T	0	0	25	41.12
A_NP	890	25	C	0	0	24	40.3333333333333
A_NP	891	25	A	0	0	25	39.68
A_NP	892	25	C	0	0	25	40.16
A_NP	893	25	T	0	0	25	39.68
A_NP	894	25	G	0	0	25	34.76
A_NP	895	25	G	0	0	25	32.8
A_NP	896	25	T	0	0	25	31.44
A_NP	897	25	C	0	0	25	30.72
A_NP	898	24	G	1	0	23	32.2608695652174
A_NP	899	25	G	0	0	24	32.0416666666667
A_NP	900	24	A	1	0	24	32
A_NP	901	25	A	0	0	25	31.44
A_NP	902	25	T	0	0	23	34.8695652173913
A_NP	903	25	A	0	0	24	34.4583333333333
A_NP	904	25	G	0	0	24	33.375
A_NP	905	25	A	0	0	24	33.625
A_NP	906	25	C	0	0	25	32.4
A_NP	907	25	C	0	0	25	33.36
A_NP	908	25	C	0	0	25	32.32
A_NP	909	25	A	0	0	25	33.04
A_NP	910	25	T	0	0	25	35.96
A_NP	911	25	T	0	0	25	36.16
A_NP	912	25	C	0	0	25	35.04
A_NP	913	25	A	0	0	25	35.56
A_NP	914	25	A	0	0	25	35.96
A_NP	915	25	A	0	0	25	37.16
A_NP	916	25	T	0	0	25	37.56
A_NP	917	25	T	0	0	25	37.72
A_NP	918	25	A	0	0	25	36
A_NP	919	25	C	0	0	25	36.92
A_NP	920	25	T	0	0	25	36.72
A_NP	921	25	C	0	0	25	37
A_NP	922	25	C	0	0	25	38.28
A_NP	923	25	A	0	0	25	38.8
A_NP	924	25	A	0	0	25	40
A_NP	925	25	A	0	0	25	41.8
A_NP	926	25	A	0	0	25	42.44
A_NP	927	25	C	0	0	25	41.96
A_NP	928	25	A	0	0	25	42
A_NP	929	25	G	0	0	25	41.28
A_NP	930	25	T	0	0	25	41.8
A_NP	931	25	C	0	0	25	41.24
A_NP	932	25	A	0	0	25	41.6
A_NP	933	25	A	0	0	25	41.44
A_NP	934	25	G	0	0	25	39.32
A_NP	935	25	T	0	0	25	39.08
A_NP	936	25	G	0	0	25	39.24
A_NP	937	25	G	0	0	25	38.48
A_NP	938	25	T	0	0	25	39.44
A_NP	939	25	C	0	0	25	36.96
A_NP	940	25	A	0	0	25	38.6
A_NP	941	25	G	0	0	25	38.08
A_NP	942	25	C	0	0	25	38.24
A_NP	943	25	C	0	0	25	38.36
A_NP	944	25	T	0	0	25	39.16
A_NP	945	25	G	0	0	25	36.88
A_NP	946	25	A	0	0	25	37.76
A_NP	947	25	T	0	0	25	36.48
A_NP	948	25	G	0	0	25	35.36
A_NP	949	25	A	0	0	24	37.0833333333333
A_NP	950	25	G	0	0	24	36.9583333333333
A_NP	951	25	A	0	0	24	37.6666666666667
A_NP	952	25	C	0	0	25	36.8
A_NP	953	25	C	0	0	25	37.48
A_NP	954	22	A	3	0	22	36.5454545454545
A_NP	955	25	A	0	0	25	36.76
A_NP	956	25	A	0	0	24	40.6666666666667
A_NP	957	25	T	0	0	25	40.92
A_NP	958	24	G	1	0	24	40.2083333333333
A_NP	959	25	A	0	0	25	39.96
A_NP	960	25	A	0	0	25	40.48
A_NP	961	25	A	0	0	25	40.2
A_NP	962	25	A	0	0	25	41.48
A_NP	963	25	T	0	0	25	39.44
A_NP	964	25	C	0	0	25	40.4
A_NP	965	25	C	0	0	25	39.52
A_NP	966	25	A	0	0	25	37.72
A_NP	967	25	G	0	0	25	38.72
A_NP	968	25	C	0	0	25	39
A_NP	969	25	T	0	0	25	40.08
A_NP	970	25	C	0	0	25	37.8
A_NP	971	25	A	0	0	25	34.88
A_NP	972	25	C	0	0	25	35.4
A_NP	973	25	A	0	0	25	30.88
A_NP	974	25	A	0	0	25	30
A_NP	975	25	G	0	0	25	31.88
A_NP	976	25	A	0	0	25	34.04
A_NP	977	25	G	0	0	25	34.32
A_NP	978	25	T	0	0	25	37.48
A_NP	979	25	C	0	0	25	37.96
A_NP	980	25	A	0	0	25	39.44
A_NP	981	25	A	0	0	25	38.92
A_NP	982	25	C	0	0	25	37.72
A_NP	983	25	T	0	0	25	39.36
A_NP	984	25	G	0	0	25	39.16
A_NP	985	25	G	0	0	25	40.44
A_NP	986	25	T	0	0	25	39.68
A_NP	987	25	A	0	0	25	38.84
A_NP	988	25	T	0	0	25	39.04
A_NP	989	25	G	0	0	25	39.28
A_NP	990	25	G	0	0	25	40.08
A_NP	991	25	A	0	0	25	40.44
A_NP	992	25	T	0	0	25	41.44
A_NP	993	25	G	0	0	25	41.6
A_NP	994	25	G	0	0	25	41.08
A_NP	995	25	C	0	0	25	39.04
A_NP	996	25	A	0	0	25	39.6
A_NP	997	25	T	0	0	25	38.88
A_NP	998	25	G	0	0	25	39.2
A_NP	999	25	C	0	0	25	39.72
A_NP	1000	25	C	0	0	25	39.36
A_NP	1001	25	A	0	0	25	39.12
A_NP	1002	25	C	0	0	25	38.12
A_NP	1003	25	T	0	0	25	40.52
A_NP	1004	25	C	0	0	25	38.48
A_NP	1005	25	C	0	0	25	37.68
A_NP	1006	25	G	0	0	25	35.32
A_NP	1007	25	C	0	0	25	35
A_NP	1008	25	T	0	0	25	35.76
A_NP	1009	25	G	0	0	25	35.72
A_NP	1010	25	C	0	0	25	38.08
A_NP	1011	25	A	0	0	25	38.2
A_NP	1012	25	T	0	0	25	39.08
A_NP	1013	25	T	0	0	25	39.2
A_NP	1014	25	T	0	0	25	37.84
A_NP	1015	25	G	0	0	25	38.24
A_NP	1016	25	A	0	0	25	37.64
A_NP	1017	25	A	0	0	25	39.32
A_NP	1018	25	G	0	0	25	39.4
A_NP	1019	25	A	0	0	25	39
A_NP	1020	25	T	0	0	25	39.08
A_NP	1021	25	T	0	0	25	38.4
A_NP	1022	25	T	0	0	25	38.08
A_NP	1023	25	G	0	0	25	35.36
A_NP	1024	25	A	0	0	25	36.68
A_NP	1025	25	G	0	0	25	37
A_NP	1026	25	A	0	0	25	39.84
A_NP	1027	25	G	0	0	25	39.84
A_NP	1028	25	T	0	0	25	41.36
A_NP	1029	25	A	0	0	25	42.96
A_NP	1030	25	T	0	0	25	40.56
A_NP	1031	25	C	0	0	25	39.88
A_NP	1032	25	A	0	0	25	40.16
A_NP	1033	25	A	0	0	25	39.92
A_NP	1034	25	G	0	0	25	38.44
A_NP	1035	25	T	0	0	25	38.72
A_NP	1036	25	T	0	0	25	40.44
A_NP	1037	25	T	0	0	25	41
A_NP	1038	25	C	0	0	25	39.24
A_NP	1039	25	A	0	0	25	38.96
A_NP	1040	25	T	0	0	25	40.76
A_NP	1041	25	A	0	0	25	39
A_NP	1042	25	A	0	0	25	37.8
A_NP	1043	24	G	1	0	24	37.625
A_NP	1044	25	G	0	0	25	37.48
A_NP	1045	25	G	0	0	25	37.88
A_NP	1046	25	G	0	0	25	37.88
A_NP	1047	25	A	0	0	25	38.36
A_NP	1048	25	A	0	0	25	39.84
A_NP	1049	25	A	0	0	25	41.08
A_NP	1050	25	G	0	0	25	39.36
A_NP	1051	25	A	0	0	25	40.4
A_NP	1052	25	A	0	0	24	40.8333333333333
A_NP	1053	25	A	0	0	25	39.36
A_NP	1054	25	G	0	0	24	40.25
A_NP	1055	25	T	0	0	25	39.08
A_NP	1056	25	G	0	0	25	38.96
A_NP	1057	25	A	0	0	25	37.4
A_NP	1058	25	T	0	0	25	37.16
A_NP	1059	24	C	1	0	24	37.5
A_NP	1060	25	C	0	0	24	37.9583333333333
A_NP	1061	25	C	0	0	25	34.48
A_NP	1062	24	A	1	0	24	31.625
A_NP	1063	25	A	0	0	25	33.16
A_NP	1064	25	G	0	0	25	35.28
A_NP	1065	25	A	0	0	25	34.32
A_NP	1066	25	G	0	0	25	34.32
A_NP	1067	25	G	0	0	25	39.08
A_NP	1068	25	A	0	0	25	37.04
A_NP	1069	25	A	0	0	25	39
A_NP	1070	25	A	0	0	25	40.24
A_NP	1071	25	G	0	0	25	38.8
A_NP	1072	25	C	0	0	25	38.56
A_NP	1073	25	T	0	0	25	39.12
A_NP	1074	25	T	0	0	25	41.12
A_NP	1075	25	T	0	0	25	42.2
A_NP	1076	25	C	0	0	25	39.28
A_NP	1077	25	C	0	0	25	39.76
A_NP	1078	25	A	0	0	25	34.44
A_NP	1079	25	C	0	0	25	33.8
A_NP	1080	25	A	0	0	25	33.32
A_NP	1081	25	A	0	0	25	30.96
A_NP	1082	25	G	0	0	25	32.4
A_NP	1083	25	A	0	0	25	31.32
A_NP	1084	25	G	0	0	25	30.48
A_NP	1085	25	G	0	0	25	34.72
A_NP	1086	25	G	0	0	25	36.6
A_NP	1087	25	G	0	0	24	39.0833333333333
A_NP	1088	25	T	0	0	25	38.36
A_NP	1089	25	T	0	0	25	38.84
A_NP	1090	23	C	2	0	23	39.2173913043478
A_NP	1091	25	A	0	0	24	38.4583333333333
A_NP	1092	25	G	0	0	25	37.8
A_NP	1093	25	A	0	0	25	39.08
A_NP	1094	25	T	0	0	25	39.4
A_NP	1095	25	T	0	0	25	39.4
A_NP	1096	25	G	0	0	24	40.6666666666667
A_NP	1097	25	C	0	0	25	37.92
A_NP	1098	25	T	0	0	25	39.32
A_NP	1099	25	T	0	0	25	39.84
A_NP	1100	25	C	0	0	25	39.96
A_NP	1101	25	A	0	0	25	39.2
A_NP	1102	25	A	0	0	25	40.12
A_NP	1103	25	A	0	0	25	39.8
A_NP	1104	25	T	0	0	25	39.68
A_NP	1105	25	G	0	0	25	38.84
A_NP	1106	25	A	0	0	25	40.08
A_NP	1107	25	G	0	0	25	37.96
A_NP	1108	25	A	0	0	25	38.64
A_NP	1109	25	A	0	0	25	37.84
A_NP	1110	25	T	0	0	25	38.08
A_NP	1111	25	G	0	0	25	39.72
A_NP	1112	25	T	0	0	25	40.2
A_NP	1113	25	G	0	0	25	41.52
A_NP	1114	25	G	0	0	25	41.76
A_NP	1115	25	A	0	0	25	42.52
A_NP	1116	25	A	0	0	25	42.12
A_NP	1117	25	A	0	0	25	42.44
A_NP	1118	25	C	0	0	25	45.32
A_NP	1119	25	C	0	0	25	44.56
A_NP	1120	25	A	0	0	25	42.68
A_NP	1121	25	T	0	0	25	42.16
A_NP	1122	25	G	0	0	24	42.375
A_NP	1123	25	G	0	0	25	39.92
A_NP	1124	25	A	0	0	25	40.92
A_NP	1125	25	C	0	0	25	42
A_NP	1126	25	T	0	0	25	41.96
A_NP	1127	25	C	0	0	24	42.2083333333333
A_NP	1128	25	C	0	0	25	42.04
A_NP	1129	25	A	0	0	25	38.96
A_NP	1130	24	A	0	0	24	40.7083333333333
A_NP	1131	24	C	0	0	24	39.4166666666667
A_NP	1132	24	A	0	0	24	39.5
A_NP	1133	23	C	1	0	23	39.8695652173913
A_NP	1134	24	C	0	0	24	38.875
A_NP	1135	24	C	0	0	24	38.9166666666667
A_NP	1136	24	T	0	0	24	38.8333333333333
A_NP	1137	24	G	0	0	24	38.9583333333333
A_NP	1138	24	G	0	0	24	39.5833333333333
A_NP	1139	24	A	0	0	24	38.4166666666667
A_NP	1140	24	A	0	0	24	38.1666666666667
A_NP	1141	24	C	0	0	24	37.9166666666667
A_NP	1142	24	T	0	0	24	38.3333333333333
A_NP	1143	24	A	0	0	24	36.4166666666667
A_NP	1144	24	A	0	0	24	36.9166666666667
A_NP	1145	24	G	0	0	24	37.3333333333333
A_NP	1146	24	A	0	0	24	37.0416666666667
A_NP	1147	24	A	0	0	24	38.4166666666667
A_NP	1148	24	G	0	0	24	39.7916666666667
A_NP	1149	24	C	0	0	24	40.7083333333333
A_NP	1150	24	A	0	0	24	39.6666666666667
A_NP	1151	24	G	0	0	24	38.8333333333333
A_NP	1152	24	A	0	0	24	39.5416666666667
A_NP	1153	24	T	0	0	24	40.375
A_NP	1154	24	A	0	0	24	39.4166666666667
A_NP	1155	24	C	0	0	24	37.5
A_NP	1156	24	T	0	0	24	37.875
A_NP	1157	24	G	0	0	24	36.0833333333333
A_NP	1158	24	G	0	0	24	35.25
A_NP	1159	24	G	0	0	24	34.9583333333333
A_NP	1160	24	C	0	0	24	35.3333333333333
A_NP	1161	25	C	0	0	25	35.92
A_NP	1162	25	A	0	0	25	37.4
A_NP	1163	25	T	0	0	25	39.96
A_NP	1164	24	A	1	0	24	38.125
A_NP	1165	25	A	0	0	25	38.84
A_NP	1166	25	G	0	0	25	36.24
A_NP	1167	25	A	0	0	25	37.04
A_NP	1168	25	A	0	0	24	38
A_NP	1169	25	C	0	0	24	39.4583333333333
A_NP	1170	25	C	0	0	25	37.92
A_NP	1171	24	A	1	0	24	38.7083333333333
A_NP	1172	24	G	1	0	24	38.5833333333333
A_NP	1173	25	G	0	0	25	37.4
A_NP	1174	25	A	0	0	25	36.88
A_NP	1175	25	G	0	0	25	37.24
A_NP	1176	24	T	1	0	24	39.375
A_NP	1177	25	G	0	0	25	36.84
A_NP	1178	25	G	0	0	25	36.24
A_NP	1179	25	A	0	0	24	38.3333333333333
A_NP	1180	25	G	0	0	25	38.36
A_NP	1181	25	G	0	0	25	38.64
A_NP	1182	25	A	0	0	25	38.2
A_NP	1183	25	A	0	0	25	39.08
A_NP	1184	25	A	0	0	25	41.56
A_NP	1185	25	T	0	0	25	41.4
A_NP	1186	25	A	0	0	25	40.08
A_NP	1187	25	C	0	0	25	41.72
A_NP	1188	25	C	0	0	25	39.64
A_NP	1189	25	A	0	0	25	40.16
A_NP	1190	25	A	0	0	25	39.76
A_NP	1191	25	T	0	0	25	41.48
A_NP	1192	25	C	0	0	25	39.84
A_NP	1193	25	A	0	0	25	39.12
A_NP	1194	25	A	0	0	25	38
A_NP	1195	25	C	0	0	25	35.36
A_NP	1196	25	A	0	0	25	35.84
A_NP	1197	25	G	0	0	25	37.64
A_NP	1198	25	A	0	0	25	36.6
A_NP	1199	25	G	0	0	25	37.76
A_NP	1200	25	G	0	0	24	38.0416666666667
A_NP	1201	25	G	0	0	25	37.32
A_NP	1202	25	C	0	0	25	36.72
A_NP	1203	25	A	0	0	25	37
A_NP	1204	25	T	0	0	25	38.84
A_NP	1205	25	C	0	0	25	37.4
A_NP	1206	25	T	0	0	25	37.84
A_NP	1207	25	G	0	0	25	38.84
A_NP	1208	24	C	1	0	24	40.4166666666667
A_NP	1209	24	A	1	0	24	38.4583333333333
A_NP	1210	24	G	1	0	24	38.375
A_NP	1211	24	G	1	0	24	37.9166666666667
A_NP	1212	24	T	1	0	24	39.5
A_NP	1213	25	C	0	0	25	37.52
A_NP	1214	25	A	0	0	25	38.4
A_NP	1215	25	G	0	0	25	38.8
A_NP	1216	25	A	0	0	25	38.56
A_NP	1217	25	T	0	0	25	38.48
A_NP	1218	25	C	0	0	25	36.32
A_NP	1219	25	A	0	0	25	35.88
A_NP	1220	25	G	0	0	25	35.8
A_NP	1221	25	T	0	0	25	37.8
A_NP	1222	25	G	0	0	25	38.16
A_NP	1223	25	T	0	0	25	41.12
A_NP	1224	25	G	0	0	25	40.76
A_NP	1225	25	C	0	0	25	40.12
A_NP	1226	25	A	0	0	25	41.36
A_NP	1227	25	G	0	0	25	41.72
A_NP	1228	25	C	0	0	25	40.44
A_NP	1229	25	C	0	0	25	40.52
A_NP	1230	25	T	0	0	25	40.64
A_NP	1231	25	A	0	0	25	40
A_NP	1232	25	C	0	0	25	40.08
A_NP	1233	25	A	0	0	25	41.72
A_NP	1234	25	T	0	0	25	40.52
A_NP	1235	25	T	0	0	25	40.48
A_NP	1236	25	C	0	0	25	39.92
A_NP	1237	25	T	0	0	25	40
A_NP	1238	25	C	0	0	25	39.6
A_NP	1239	24	A	1	0	24	41.3333333333333
A_NP	1240	25	G	0	0	25	39.64
A_NP	1241	25	T	0	0	25	40.96
A_NP	1242	25	G	0	0	25	40.52
A_NP	1243	25	C	0	0	25	39.24
A_NP	1244	25	A	0	0	25	41.4
A_NP	1245	25	G	0	0	25	40.96
A_NP	1246	25	C	0	0	25	39.72
A_NP	1247	25	G	0	0	25	40
A_NP	1248	25	A	0	0	25	38.8
A_NP	1249	25	A	0	0	25	40.12
A_NP	1250	25	A	0	0	25	38.72
A_NP	1251	25	T	0	0	25	40.04
A_NP	1252	25	C	0	0	25	41.24
A_NP	1253	25	T	0	0	25	41.12
A_NP	1254	25	C	0	0	25	39.4
A_NP	1255	25	C	0	0	25	40.12
A_NP	1256	25	C	0	0	25	38.68
A_NP	1257	25	T	0	0	24	36.5416666666667
A_NP	1258	25	T	0	0	25	37.88
A_NP	1259	25	T	0	0	25	42.48
A_NP	1260	25	T	0	0	25	39.76
A_NP	1261	25	G	0	0	25	35
A_NP	1262	24	A	1	0	24	38.6666666666667
A_NP	1263	25	A	0	0	25	40.44
A_NP	1264	25	A	0	0	25	40.4
A_NP	1265	25	G	0	0	25	40.68
A_NP	1266	25	A	0	0	25	42.2
A_NP	1267	25	G	0	0	25	42
A_NP	1268	25	C	0	0	25	42.04
A_NP	1269	25	A	0	0	25	41.24
A_NP	1270	25	A	0	0	25	41.64
A_NP	1271	25	C	0	0	25	39.96
A_NP	1272	25	C	0	0	25	40.76
A_NP	1273	25	A	0	0	25	39.8
A_NP	1274	25	T	0	0	25	41.84
A_NP	1275	25	T	0	0	25	41.76
A_NP	1276	25	A	0	0	25	41.52
A_NP	1277	25	T	0	0	25	40.44
A_NP	1278	25	G	0	0	25	39.68
A_NP	1279	25	G	0	0	25	39.2
A_NP	1280	25	C	0	0	25	37.68
A_NP	1281	25	A	0	0	25	36.12
A_NP	1282	25	G	0	0	25	41.36
A_NP	1283	25	C	0	0	25	41.16
A_NP	1284	25	A	0	0	25	41.6
A_NP	1285	25	T	0	0	25	42.76
A_NP	1286	25	T	0	0	25	44
A_NP	1287	25	C	0	0	25	41.16
A_NP	1288	25	A	0	0	25	41.84
A_NP	1289	25	G	0	0	25	40.8
A_NP	1290	25	C	0	0	25	39.24
A_NP	1291	25	G	0	0	25	36.8
A_NP	1292	25	G	0	0	25	36.52
A_NP	1293	25	A	0	0	25	37.56
A_NP	1294	25	A	0	0	25	38.04
A_NP	1295	25	A	0	0	25	39.88
A_NP	1296	25	C	0	0	25	41.28
A_NP	1297	25	A	0	0	25	41.92
A_NP	1298	25	A	0	0	25	42.32
A_NP	1299	25	T	0	0	25	43.68
A_NP	1300	25	G	0	0	25	41
A_NP	1301	25	A	0	0	25	42.4
A_NP	1302	25	A	0	0	25	41.84
A_NP	1303	25	G	0	0	25	41.04
A_NP	1304	25	G	0	0	25	41.84
A_NP	1305	25	A	0	0	25	42
A_NP	1306	25	C	0	0	25	38.84
A_NP	1307	25	G	0	0	25	37.12
A_NP	1308	25	G	0	0	25	36.64
A_NP	1309	25	A	0	0	24	37.4583333333333
A_NP	1310	25	C	0	0	24	38.5833333333333
A_NP	1311	25	A	0	0	25	39
A_NP	1312	25	T	0	0	25	40.28
A_NP	1313	25	C	0	0	25	42.08
A_NP	1314	25	C	0	0	25	41.96
A_NP	1315	25	G	0	0	24	41.1666666666667
A_NP	1316	25	A	0	0	25	40.32
A_NP	1317	25	C	0	0	25	39.8
A_NP	1318	25	A	0	0	25	38.8
A_NP	1319	25	T	0	0	25	38.56
A_NP	1320	25	G	0	0	25	38.68
A_NP	1321	25	C	0	0	25	36.52
A_NP	1322	25	G	0	0	25	35.24
A_NP	1323	25	A	0	0	25	34.48
A_NP	1324	25	A	0	0	25	35.28
A_NP	1325	25	C	0	0	25	35.88
A_NP	1326	25	A	0	0	25	36.72
A_NP	1327	25	G	0	0	25	39.2
A_NP	1328	25	A	0	0	25	41.08
A_NP	1329	25	A	0	0	25	39.28
A_NP	1330	25	G	0	0	25	39.32
A_NP	1331	25	T	0	0	25	39.48
A_NP	1332	25	T	0	0	25	39.2
A_NP	1333	25	A	0	0	25	39.96
A_NP	1334	25	T	0	0	25	40.4
A_NP	1335	25	A	0	0	24	41.375
A_NP	1336	26	A	0	0	26	38.2307692307692
A_NP	1337	26	G	0	0	26	37.0384615384615
A_NP	1338	25	A	1	0	25	37.48
A_NP	1339	26	A	0	0	26	37.9230769230769
A_NP	1340	26	T	0	0	26	40.9230769230769
A_NP	1341	26	G	0	0	26	39.5
A_NP	1342	26	A	0	0	26	40.7692307692308
A_NP	1343	26	T	0	0	26	42.2692307692308
A_NP	1344	26	G	0	0	26	41.4615384615385
A_NP	1345	26	G	0	0	26	41.3461538461538
A_NP	1346	26	A	0	0	26	41.6153846153846
A_NP	1347	26	A	0	0	26	42.1923076923077
A_NP	1348	26	A	0	0	26	42.1538461538462
A_NP	1349	26	G	0	0	26	40.5
A_NP	1350	26	T	0	0	26	40.6153846153846
A_NP	1351	26	G	0	0	26	40.7692307692308
A_NP	1352	26	C	0	0	26	41.5
A_NP	1353	26	A	0	0	26	39.9230769230769
A_NP	1354	26	A	0	0	26	41.4230769230769
A_NP	1355	26	A	0	0	26	42.7692307692308
A_NP	1356	26	G	0	0	22	43.2727272727273
A_NP	1357	26	C	0	0	26	42.1538461538462
A_NP	1358	26	C	0	0	26	41.6538461538462
A_NP	1359	25	A	1	0	25	41.6
A_NP	1360	25	G	1	0	25	40.68
A_NP	1361	25	A	1	0	25	40.8
A_NP	1362	25	G	1	0	25	38.12
A_NP	1363	25	G	1	0	25	39.72
A_NP	1364	26	A	0	0	26	39.3076923076923
A_NP	1365	26	T	0	0	26	38.3846153846154
A_NP	1366	26	T	0	0	26	38.3846153846154
A_NP	1367	26	T	0	0	26	37.5384615384615
A_NP	1368	26	G	0	0	26	38.4230769230769
A_NP	1369	26	T	0	0	26	39.5769230769231
A_NP	1370	26	C	0	0	26	40.1538461538462
A_NP	1371	26	C	0	0	26	39.4230769230769
A_NP	1372	26	T	0	0	26	40.2307692307692
A_NP	1373	26	T	0	0	26	40.8076923076923
A_NP	1374	26	C	0	0	26	38.6923076923077
A_NP	1375	26	C	0	0	26	38.5
A_NP	1376	26	A	0	0	26	36.8076923076923
A_NP	1377	26	G	0	0	26	36.6538461538462
A_NP	1378	26	G	0	0	26	40
A_NP	1379	26	G	0	0	26	41.5384615384615
A_NP	1380	26	G	0	0	26	41.3846153846154
A_NP	1381	26	C	0	0	26	41.5769230769231
A_NP	1382	25	G	1	0	25	38.12
A_NP	1383	26	G	0	0	26	38.7692307692308
A_NP	1384	26	G	0	0	26	38.4230769230769
A_NP	1385	26	G	0	0	26	38.3846153846154
A_NP	1386	26	A	0	0	26	39.4230769230769
A_NP	1387	26	G	0	0	26	40.2307692307692
A_NP	1388	26	T	0	0	25	40.48
A_NP	1389	26	C	0	0	25	38.88
A_NP	1390	26	T	0	0	26	39.8846153846154
A_NP	1391	26	T	0	0	26	39.0384615384615
A_NP	1392	25	C	1	0	24	35.6666666666667
A_NP	1393	25	G	1	0	25	35.04
A_NP	1394	26	A	0	0	26	34.1153846153846
A_NP	1395	26	G	0	0	26	34.3846153846154
A_NP	1396	26	C	0	0	26	34
A_NP	1397	26	T	0	0	26	34.3846153846154
A_NP	1398	26	C	0	0	26	34.7307692307692
A_NP	1399	26	T	0	0	26	33.1923076923077
A_NP	1400	26	C	0	0	26	29.3846153846154
A_NP	1401	26	G	0	0	25	27.8
A_NP	1402	26	G	0	0	26	26.9615384615385
A_NP	1403	26	A	0	0	26	26.8461538461538
A_NP	1404	26	C	0	0	26	26.5384615384615
A_NP	1405	26	G	0	0	25	23.56
A_NP	1406	25	A	1	0	24	25.4583333333333
A_NP	1407	25	A	1	0	25	24.96
A_NP	1408	26	A	0	0	25	26.28
A_NP	1409	26	A	0	0	26	27
A_NP	1410	26	G	0	0	26	31.6538461538462
A_NP	1411	26	G	0	0	26	33
A_NP	1412	26	C	0	0	25	33.44
A_NP	1413	26	A	0	0	26	33.8076923076923
A_NP	1414	25	A	1	0	24	34.9166666666667
A_NP	1415	25	C	1	0	24	35.25
A_NP	1416	26	G	0	0	26	33.5384615384615
A_NP	1417	26	A	0	0	26	33.4615384615385
A_NP	1418	25	A	1	0	25	34.72
A_NP	1419	25	C	1	0	25	33.6
A_NP	1420	26	C	0	0	26	31.1538461538462
A_NP	1421	26	C	0	0	26	30.9615384615385
A_NP	1422	25	G	1	0	25	32.6
A_NP	1423	26	A	0	0	26	33.0769230769231
A_NP	1424	26	T	0	0	26	33.9230769230769
A_NP	1425	26	C	0	0	26	34
A_NP	1426	26	G	0	0	25	38.24
A_NP	1427	26	T	0	0	25	35.8
A_NP	1428	26	G	0	0	26	34.1538461538462
A_NP	1429	26	C	0	0	26	36.3846153846154
A_NP	1430	26	C	0	0	26	36.4230769230769
A_NP	1431	26	T	0	0	26	38.9230769230769
A_NP	1432	26	T	0	0	26	37.3461538461538
A_NP	1433	26	C	0	0	26	36.6153846153846
A_NP	1434	26	C	0	0	26	37.2307692307692
A_NP	1435	26	T	0	0	26	37.9615384615385
A_NP	1436	26	T	0	0	26	38.5384615384615
A_NP	1437	26	T	0	0	26	38.8461538461538
A_NP	1438	26	G	0	0	26	35.3076923076923
A_NP	1439	26	A	0	0	26	36.7307692307692
A_NP	1440	26	C	0	0	26	38.3461538461538
A_NP	1441	26	A	0	0	26	37.9230769230769
A_NP	1442	26	T	0	0	26	39.1153846153846
A_NP	1443	26	G	0	0	26	36.0384615384615
A_NP	1444	26	A	0	0	26	36.5
A_NP	1445	26	G	0	0	26	35.8461538461538
A_NP	1446	26	T	0	0	26	37.0769230769231
A_NP	1447	26	A	0	0	26	36.5769230769231
A_NP	1448	26	A	0	0	26	39.0384615384615
A_NP	1449	26	T	0	0	26	39.6153846153846
A_NP	1450	26	G	0	0	25	40.8
A_NP	1451	26	A	0	0	26	39.7692307692308
A_NP	1452	26	A	0	0	26	40.2692307692308
A_NP	1453	26	G	0	0	26	39.1153846153846
A_NP	1454	26	G	0	0	26	38.8076923076923
A_NP	1455	26	G	0	0	26	39.7307692307692
A_NP	1456	26	T	0	0	26	39.1538461538462
A_NP	1457	26	C	0	0	26	38.6538461538462
A_NP	1458	26	T	0	0	25	38.24
A_NP	1459	26	T	0	0	26	37.8076923076923
A_NP	1460	26	A	0	0	26	37.6153846153846
A_NP	1461	26	T	0	0	26	37.3461538461538
A_NP	1462	26	T	0	0	26	38.6538461538462
A_NP	1463	26	T	0	0	26	38.0384615384615
A_NP	1464	26	C	0	0	26	36.1153846153846
A_NP	1465	26	T	0	0	26	36.1538461538462
A_NP	1466	26	T	0	0	26	35.6153846153846
A_NP	1467	26	C	0	0	25	34.76
A_NP	1468	26	G	0	0	26	35.1923076923077
A_NP	1469	26	G	0	0	26	36.3076923076923
A_NP	1470	26	A	0	0	26	36.3076923076923
A_NP	1471	26	G	0	0	26	34.5
A_NP	1472	26	A	0	0	26	37.6923076923077
A_NP	1473	25	C	1	0	25	38.64
A_NP	1474	25	A	1	0	25	34.68
A_NP	1475	25	A	1	0	25	35.76
A_NP	1476	25	T	1	0	25	35.36
A_NP	1477	25	G	1	0	25	35
A_NP	1478	26	C	0	0	26	36.2307692307692
A_NP	1479	26	A	0	0	26	37.6923076923077
A_NP	1480	26	G	0	0	26	36.8461538461538
A_NP	1481	26	A	0	0	26	36.1153846153846
A_NP	1482	26	G	0	0	26	35
A_NP	1483	26	G	0	0	26	37.2307692307692
A_NP	1484	26	A	0	0	26	37.2307692307692
A_NP	1485	26	G	0	0	26	37.0769230769231
A_NP	1486	26	T	0	0	26	35.3076923076923
A_NP	1487	26	A	0	0	26	35.2307692307692
A_NP	1488	26	T	0	0	26	36.5
A_NP	1489	26	G	0	0	26	36.6538461538462
A_NP	1490	26	A	0	0	26	39.0384615384615
A_NP	1491	26	C	0	0	26	38
A_NP	1492	26	A	0	0	26	37
A_NP	1493	26	A	0	0	26	38.3461538461538
A_NP	1494	26	T	0	0	26	38.6923076923077
A_NP	1495	26	T	0	0	26	39.6538461538462
A_NP	1496	26	G	0	0	26	39.3846153846154
A_NP	1497	26	A	0	0	26	39.4230769230769
