Reference_Name	Position	Coverage Depth	Consensus	Deletions	Ambiguous	Consensus_Count	Consensus_Average_Quality
A_NS	1	55	A	0	0	55	40.3818181818182
A_NS	2	55	T	0	0	55	41.1090909090909
A_NS	3	55	G	0	0	55	39.4909090909091
A_NS	4	55	G	0	0	55	40.0545454545455
A_NS	5	55	A	0	0	55	38.9272727272727
A_NS	6	56	A	0	0	56	39.4821428571429
A_NS	7	56	T	0	0	56	39.1071428571429
A_NS	8	56	C	0	0	56	38.8392857142857
A_NS	9	56	C	0	0	56	38.5
A_NS	10	56	A	0	0	56	37.8571428571429
A_NS	11	56	A	0	0	56	37.5892857142857
A_NS	12	56	C	0	0	56	37.6428571428571
A_NS	13	56	A	0	0	56	38.2142857142857
A_NS	14	56	C	0	0	56	38.8928571428571
A_NS	15	56	C	0	0	56	38.375
A_NS	16	56	A	0	0	55	39.3818181818182
A_NS	17	56	T	0	0	56	39.0892857142857
A_NS	18	56	G	0	0	56	38.4285714285714
A_NS	19	55	T	1	0	55	40.2363636363636
A_NS	20	55	C	1	0	55	39.9636363636364
A_NS	21	55	A	1	0	55	40.0545454545455
A_NS	22	56	A	0	0	56	39.7857142857143
A_NS	23	56	G	0	0	56	39.5714285714286
A_NS	24	56	C	0	0	56	38.4285714285714
A_NS	25	56	T	0	0	56	37.25
A_NS	26	56	T	0	0	56	36.7857142857143
A_NS	27	56	T	0	0	56	35.6607142857143
A_NS	28	55	C	1	0	55	33.4909090909091
A_NS	29	56	A	0	0	56	34.0714285714286
A_NS	30	55	G	1	0	54	36.6296296296296
A_NS	31	56	G	0	0	56	35.8928571428571
A_NS	32	56	T	0	0	55	36.1090909090909
A_NS	33	56	A	0	0	56	38.3214285714286
A_NS	34	56	G	0	0	56	39.0178571428571
A_NS	35	56	A	0	0	56	38.1964285714286
A_NS	36	56	C	0	0	56	38.6607142857143
A_NS	37	56	T	0	0	55	41
A_NS	38	56	G	0	0	56	40.3392857142857
A_NS	39	55	T	1	0	55	40.0545454545455
A_NS	40	56	T	0	0	56	40.5
A_NS	41	56	T	0	0	56	39.7142857142857
A_NS	42	56	T	0	0	56	39
A_NS	43	56	C	0	0	56	36.4821428571429
A_NS	44	53	T	3	0	53	37.4716981132075
A_NS	45	56	T	0	0	56	36.2321428571429
A_NS	46	56	T	0	0	55	37.6363636363636
A_NS	47	55	G	1	0	54	33.4259259259259
A_NS	48	56	G	0	0	56	34.5178571428571
A_NS	49	56	C	0	0	55	40.7272727272727
A_NS	50	56	A	0	0	56	40.2857142857143
A_NS	51	56	T	0	0	56	40.6785714285714
A_NS	52	56	A	0	0	56	40.1428571428571
A_NS	53	55	T	1	0	55	40.2181818181818
A_NS	54	56	T	0	0	56	41.7857142857143
A_NS	55	56	C	0	0	56	41.5535714285714
A_NS	56	55	G	1	0	55	40.6909090909091
A_NS	57	55	T	1	0	55	40.2
A_NS	58	56	A	0	0	56	39.125
A_NS	59	56	A	0	0	56	39.7857142857143
A_NS	60	56	G	0	0	56	39.3392857142857
A_NS	61	56	C	0	0	56	38.9107142857143
A_NS	62	56	G	0	0	56	37.0357142857143
A_NS	63	56	A	0	0	56	36.4821428571429
A_NS	64	56	T	0	0	56	36.375
A_NS	65	56	T	0	0	56	36
A_NS	66	56	T	0	0	56	38.3928571428571
A_NS	67	56	G	0	0	56	37.7857142857143
A_NS	68	56	C	0	0	56	38.3392857142857
A_NS	69	56	A	0	0	54	38.0185185185185
A_NS	70	56	G	0	0	55	38.4909090909091
A_NS	71	56	A	0	0	56	38.0892857142857
A_NS	72	56	C	0	0	56	37.9821428571429
A_NS	73	56	A	0	0	55	36.7454545454545
A_NS	74	56	A	0	0	55	36.4181818181818
A_NS	75	56	T	0	0	56	35.2678571428571
A_NS	76	56	G	0	0	56	36.0714285714286
A_NS	77	56	G	0	0	56	36.1071428571429
A_NS	78	56	A	0	0	56	37.3392857142857
A_NS	79	56	T	0	0	56	38.9285714285714
A_NS	80	56	T	0	0	54	38.9074074074074
A_NS	81	56	G	0	0	56	37.5714285714286
A_NS	82	56	G	0	0	56	38.6428571428571
A_NS	83	56	G	0	0	56	37.625
A_NS	84	56	T	0	0	56	37.75
A_NS	85	56	G	0	0	56	37.6607142857143
A_NS	86	56	A	0	0	56	39.375
A_NS	87	56	T	0	0	56	38.6071428571429
A_NS	88	56	G	0	0	56	38.7321428571429
A_NS	89	56	C	0	0	56	39.9642857142857
A_NS	90	56	C	0	0	56	39.3571428571429
A_NS	91	56	C	0	0	56	38.5357142857143
A_NS	92	56	C	0	0	56	36.0357142857143
A_NS	93	56	A	0	0	56	34.4464285714286
A_NS	94	56	T	0	0	56	34.0892857142857
A_NS	95	56	T	0	0	56	33.9107142857143
A_NS	96	56	C	0	0	56	33.6785714285714
A_NS	97	56	C	0	0	56	34.75
A_NS	98	56	T	0	0	56	36
A_NS	99	56	C	0	0	56	36.3571428571429
A_NS	100	55	G	1	0	55	37.0727272727273
A_NS	101	56	A	0	0	56	36.7857142857143
A_NS	102	56	T	0	0	56	37.3392857142857
A_NS	103	56	C	0	0	55	37.5090909090909
A_NS	104	56	G	0	0	56	38.3035714285714
A_NS	105	56	G	0	0	56	38.125
A_NS	106	56	C	0	0	56	38.8928571428571
A_NS	107	56	T	0	0	56	38.2678571428571
A_NS	108	56	A	0	0	56	39.8214285714286
A_NS	109	55	C	1	0	55	40.2181818181818
A_NS	110	56	G	0	0	56	39.5714285714286
A_NS	111	56	C	0	0	55	40.1090909090909
A_NS	112	56	C	0	0	56	38.875
A_NS	113	56	G	0	0	56	39.5714285714286
A_NS	114	56	A	0	0	56	40.4642857142857
A_NS	115	56	G	0	0	56	40.5892857142857
A_NS	116	56	A	0	0	56	38.5535714285714
A_NS	117	56	T	0	0	56	39.3035714285714
A_NS	118	56	C	0	0	56	38.0714285714286
A_NS	119	55	A	1	0	55	35.4909090909091
A_NS	120	56	A	0	0	56	36.3214285714286
A_NS	121	56	A	0	0	56	37.6607142857143
A_NS	122	55	A	1	0	55	38.0909090909091
A_NS	123	55	G	1	0	54	37.9444444444444
A_NS	124	55	T	1	0	55	36.2
A_NS	125	55	C	1	0	54	35.6296296296296
A_NS	126	55	C	1	0	55	34.6727272727273
A_NS	127	55	T	1	0	55	35.8545454545455
A_NS	128	54	T	2	0	54	38.6666666666667
A_NS	129	52	A	4	0	52	37.5576923076923
A_NS	130	54	A	2	0	53	37.2641509433962
A_NS	131	56	A	0	0	56	37.9642857142857
A_NS	132	56	A	0	0	56	38.0892857142857
A_NS	133	56	G	0	0	56	38.9285714285714
A_NS	134	56	G	0	0	56	40.1964285714286
A_NS	135	56	A	0	0	56	41.3928571428571
A_NS	136	56	A	0	0	56	41.4642857142857
A_NS	137	56	G	0	0	56	41.5178571428571
A_NS	138	56	A	0	0	56	41.9107142857143
A_NS	139	56	G	0	0	56	42.1428571428571
A_NS	140	56	G	0	0	56	42.3214285714286
A_NS	141	56	C	0	0	56	42.7678571428571
A_NS	142	56	A	0	0	56	41.5178571428571
A_NS	143	56	A	0	0	56	42.1071428571429
A_NS	144	56	C	0	0	56	41.3214285714286
A_NS	145	56	A	0	0	56	40.125
A_NS	146	56	C	0	0	56	40.7857142857143
A_NS	147	56	C	0	0	56	40.4642857142857
A_NS	148	56	C	0	0	56	41.125
A_NS	149	56	T	0	0	56	40.3928571428571
A_NS	150	56	T	0	0	56	41.375
A_NS	151	56	G	0	0	56	38.3928571428571
A_NS	152	56	G	0	0	56	38.5
A_NS	153	56	C	0	0	56	39.25
A_NS	154	56	C	0	0	56	39.5357142857143
A_NS	155	56	T	0	0	56	40.1428571428571
A_NS	156	56	C	0	0	55	41.4727272727273
A_NS	157	56	G	0	0	56	38.0535714285714
A_NS	158	56	A	0	0	56	38.5178571428571
A_NS	159	56	C	0	0	56	39.2321428571429
A_NS	160	56	A	0	0	56	37.8214285714286
A_NS	161	56	T	0	0	56	39.3928571428571
A_NS	162	56	C	0	0	56	39.6964285714286
A_NS	163	56	A	0	0	56	39.9642857142857
A_NS	164	56	A	0	0	56	39.7857142857143
A_NS	165	56	A	0	0	56	40.1607142857143
A_NS	166	56	A	0	0	55	41.8181818181818
A_NS	167	56	C	0	0	56	41.3571428571429
A_NS	168	56	A	0	0	56	41.2321428571429
A_NS	169	56	G	0	0	56	40.625
A_NS	170	56	C	0	0	56	40.2321428571429
A_NS	171	56	C	0	0	56	40.4464285714286
A_NS	172	56	A	0	0	56	39.1071428571429
A_NS	173	56	C	0	0	56	38.5892857142857
A_NS	174	56	T	0	0	56	38.4821428571429
A_NS	175	56	C	0	0	55	39.1272727272727
A_NS	176	56	T	0	0	55	39.2
A_NS	177	56	T	0	0	56	38.3214285714286
A_NS	178	56	G	0	0	56	37.6428571428571
A_NS	179	56	T	0	0	56	39.5
A_NS	180	56	T	0	0	56	41.4821428571429
A_NS	181	56	G	0	0	56	41.1071428571429
A_NS	182	56	G	0	0	56	42.4285714285714
A_NS	183	56	G	0	0	56	42.3928571428571
A_NS	184	56	A	0	0	56	41.5178571428571
A_NS	185	56	A	0	0	56	43.0714285714286
A_NS	186	56	A	0	0	56	43.8928571428571
A_NS	187	56	C	0	0	56	42.2857142857143
A_NS	188	56	A	0	0	56	42.2678571428571
A_NS	189	56	A	0	0	56	42.7857142857143
A_NS	190	56	A	0	0	56	41.6785714285714
A_NS	191	56	T	0	0	56	41.3214285714286
A_NS	192	56	T	0	0	56	40.8214285714286
A_NS	193	56	G	0	0	56	41.2321428571429
A_NS	194	56	T	0	0	56	42.4821428571429
A_NS	195	56	G	0	0	56	43.3214285714286
A_NS	196	56	G	0	0	56	43.5
A_NS	197	56	A	0	0	56	42.5178571428571
A_NS	198	56	A	0	0	56	43.6964285714286
A_NS	199	56	T	0	0	56	42.4821428571429
A_NS	200	56	G	0	0	56	40.3928571428571
A_NS	201	56	G	0	0	56	39.5535714285714
A_NS	202	56	A	0	0	56	36.625
A_NS	203	56	T	0	0	56	35.5357142857143
A_NS	204	56	T	0	0	56	32.8035714285714
A_NS	205	56	T	0	0	56	31.9285714285714
A_NS	206	56	T	0	0	56	34.4285714285714
A_NS	207	56	G	0	0	56	36.0892857142857
A_NS	208	51	A	5	0	51	38.1764705882353
A_NS	209	56	A	0	0	56	38.8571428571429
A_NS	210	56	A	0	0	56	40.25
A_NS	211	56	G	0	0	56	40.5178571428571
A_NS	212	56	A	0	0	56	41.2321428571429
A_NS	213	56	G	0	0	55	39.8727272727273
A_NS	214	56	G	0	0	56	37.8392857142857
A_NS	215	56	A	0	0	56	38
A_NS	216	56	A	0	0	56	37.9464285714286
A_NS	217	56	T	0	0	56	38.4821428571429
A_NS	218	56	C	0	0	56	39.75
A_NS	219	56	C	0	0	56	41.2142857142857
A_NS	220	56	A	0	0	56	39.7142857142857
A_NS	221	56	G	0	0	56	39.625
A_NS	222	56	C	0	0	56	39.4464285714286
A_NS	223	56	G	0	0	56	37.9285714285714
A_NS	224	56	A	0	0	56	37.9642857142857
A_NS	225	56	G	0	0	56	36.7321428571429
A_NS	226	56	A	0	0	56	36.6071428571429
A_NS	227	56	C	0	0	56	36.9821428571429
A_NS	228	56	A	0	0	56	38.3035714285714
A_NS	229	56	C	0	0	56	39.2142857142857
A_NS	230	56	T	0	0	56	39.5178571428571
A_NS	231	56	T	0	0	56	38.8571428571429
A_NS	232	56	A	0	0	56	38.2321428571429
A_NS	233	56	G	0	0	55	40.2545454545455
A_NS	234	56	A	0	0	55	40.0727272727273
A_NS	235	56	A	0	0	55	39.9636363636364
A_NS	236	56	T	0	0	56	41
A_NS	237	56	G	0	0	56	40.625
A_NS	238	56	G	0	0	56	42.3392857142857
A_NS	239	56	C	0	0	56	43.2857142857143
A_NS	240	56	A	0	0	56	41.3571428571429
A_NS	241	56	A	0	0	56	41.4107142857143
A_NS	242	56	T	0	0	56	42.1785714285714
A_NS	243	56	T	0	0	56	40.75
A_NS	244	56	G	0	0	56	40.1428571428571
A_NS	245	56	C	0	0	56	40.75
A_NS	246	56	A	0	0	56	39.7321428571429
A_NS	247	56	T	0	0	56	40.0178571428571
A_NS	248	56	C	0	0	56	39.625
A_NS	249	56	T	0	0	56	39.25
A_NS	250	56	A	0	0	56	39.0714285714286
A_NS	251	56	T	0	0	56	39.5714285714286
A_NS	252	55	A	1	0	55	40.8545454545455
A_NS	253	56	C	0	0	55	40.5272727272727
A_NS	254	56	C	0	0	56	40.1607142857143
A_NS	255	56	T	0	0	56	39.7857142857143
A_NS	256	56	A	0	0	56	39.1785714285714
A_NS	257	56	C	0	0	56	38.9821428571429
A_NS	258	55	T	1	0	55	39.6
A_NS	259	55	T	1	0	55	39.9090909090909
A_NS	260	56	C	0	0	56	37.9642857142857
A_NS	261	56	G	0	0	56	38.6607142857143
A_NS	262	56	C	0	0	56	40.8214285714286
A_NS	263	55	G	1	0	55	40.8363636363636
A_NS	264	56	T	0	0	55	41.7818181818182
A_NS	265	56	T	0	0	56	41.5714285714286
A_NS	266	55	A	1	0	55	40.6181818181818
A_NS	267	55	C	1	0	55	40.7818181818182
A_NS	268	55	A	1	0	55	40.4909090909091
A_NS	269	55	T	1	0	55	41.4181818181818
A_NS	270	55	T	1	0	55	42.1636363636364
A_NS	271	55	T	1	0	55	42.7272727272727
A_NS	272	55	C	1	0	55	42.6909090909091
A_NS	273	56	T	0	0	55	41.8545454545455
A_NS	274	56	G	0	0	56	40.5892857142857
A_NS	275	56	A	0	0	56	41.1607142857143
A_NS	276	56	C	0	0	56	40.7321428571429
A_NS	277	56	A	0	0	56	40.2857142857143
A_NS	278	56	T	0	0	56	40.8035714285714
A_NS	279	56	G	0	0	55	41.4
A_NS	280	56	A	0	0	56	40.9821428571429
A_NS	281	56	C	0	0	56	40.5
A_NS	282	55	C	1	0	55	39.8727272727273
A_NS	283	55	C	1	0	55	40.4
A_NS	284	55	T	1	0	55	40.8181818181818
A_NS	285	56	C	0	0	56	40.8214285714286
A_NS	286	56	G	0	0	55	40.8545454545455
A_NS	287	56	A	0	0	56	41.0892857142857
A_NS	288	56	G	0	0	56	42.3392857142857
A_NS	289	56	G	0	0	56	41.8035714285714
A_NS	290	56	A	0	0	56	41.5892857142857
A_NS	291	56	A	0	0	56	42
A_NS	292	56	A	0	0	56	42.1428571428571
A_NS	293	56	T	0	0	56	41.4642857142857
A_NS	294	56	G	0	0	56	39.9107142857143
A_NS	295	56	T	0	0	56	40.25
A_NS	296	55	C	1	0	55	38.8181818181818
A_NS	297	55	A	1	0	54	38.8518518518519
A_NS	298	56	C	0	0	56	39.3392857142857
A_NS	299	56	G	0	0	56	36.0892857142857
A_NS	300	56	A	0	0	55	37.3636363636364
A_NS	301	56	G	0	0	54	37.9259259259259
A_NS	302	56	A	0	0	56	36.8928571428571
A_NS	303	56	C	0	0	56	37.9285714285714
A_NS	304	56	T	0	0	56	37.5535714285714
A_NS	305	56	G	0	0	55	37.7090909090909
A_NS	306	56	G	0	0	56	38.3571428571429
A_NS	307	56	T	0	0	56	38.6428571428571
A_NS	308	56	T	0	0	56	40.3035714285714
A_NS	309	56	C	0	0	55	38.6
A_NS	310	56	A	0	0	55	39.3454545454545
A_NS	311	56	T	0	0	55	38.6545454545455
A_NS	312	56	G	0	0	56	38.7321428571429
A_NS	313	56	C	0	0	56	38.5714285714286
A_NS	314	56	T	0	0	56	40.9821428571429
A_NS	315	56	T	0	0	56	41.0714285714286
A_NS	316	56	A	0	0	56	40.8571428571429
A_NS	317	56	T	0	0	56	39.5714285714286
A_NS	318	56	G	0	0	56	40.375
A_NS	319	56	C	0	0	56	40.5535714285714
A_NS	320	56	C	0	0	56	40.9285714285714
A_NS	321	56	T	0	0	56	41.5
A_NS	322	56	A	0	0	56	38.2857142857143
A_NS	323	56	G	0	0	56	37.9642857142857
A_NS	324	56	G	0	0	56	37.6785714285714
A_NS	325	56	C	0	0	56	39.0714285714286
A_NS	326	56	A	0	0	56	39.1964285714286
A_NS	327	56	A	0	0	56	39.9107142857143
A_NS	328	54	A	2	0	54	40.037037037037
A_NS	329	54	A	2	0	54	41.5185185185185
A_NS	330	53	G	3	0	53	41.6792452830189
A_NS	331	55	A	1	0	55	41.4363636363636
A_NS	332	55	T	1	0	53	42.3207547169811
A_NS	333	56	A	0	0	56	40.8392857142857
A_NS	334	56	A	0	0	56	41.3928571428571
A_NS	335	56	T	0	0	56	40.9107142857143
A_NS	336	56	A	0	0	56	40.3928571428571
A_NS	337	56	G	0	0	56	40.4821428571429
A_NS	338	56	G	0	0	56	42.1785714285714
A_NS	339	56	C	0	0	56	40.3035714285714
A_NS	340	56	C	0	0	56	39.9821428571429
A_NS	341	56	C	0	0	56	38.0535714285714
A_NS	342	56	T	0	0	56	36.4821428571429
A_NS	343	56	C	0	0	56	34.9642857142857
A_NS	344	56	T	0	0	56	34.7142857142857
A_NS	345	56	T	0	0	56	34.1428571428571
A_NS	346	56	T	0	0	56	34.7321428571429
A_NS	347	56	G	0	0	56	34.2678571428571
A_NS	348	56	C	0	0	55	38.2727272727273
A_NS	349	56	G	0	0	56	38.4285714285714
A_NS	350	56	T	0	0	56	38.2678571428571
A_NS	351	56	G	0	0	56	38.125
A_NS	352	56	C	0	0	56	39.4285714285714
A_NS	353	56	G	0	0	55	37.3636363636364
A_NS	354	56	A	0	0	56	37.2142857142857
A_NS	355	56	T	0	0	56	35.8392857142857
A_NS	356	56	T	0	0	56	35.625
A_NS	357	54	G	2	0	54	35.7592592592593
A_NS	358	55	G	1	0	55	37.3090909090909
A_NS	359	56	A	0	0	56	37.1071428571429
A_NS	360	56	C	0	0	54	38.9074074074074
A_NS	361	56	C	0	0	55	37.8363636363636
A_NS	362	56	A	0	0	56	37.5
A_NS	363	56	A	0	0	56	38.7142857142857
A_NS	364	56	G	0	0	56	39.625
A_NS	365	56	C	0	0	56	39
A_NS	366	56	G	0	0	56	38.9464285714286
A_NS	367	56	G	0	0	56	39.3035714285714
A_NS	368	56	T	0	0	56	40.6607142857143
A_NS	369	56	C	0	0	56	40.5714285714286
A_NS	370	56	A	0	0	56	41.1428571428571
A_NS	371	56	T	0	0	56	42.7678571428571
A_NS	372	56	G	0	0	56	40.875
A_NS	373	56	G	0	0	56	40.6071428571429
A_NS	374	56	A	0	0	56	41.1785714285714
A_NS	375	56	T	0	0	56	40.9285714285714
A_NS	376	56	A	0	0	56	39.8571428571429
A_NS	377	56	A	0	0	56	40.7142857142857
A_NS	378	56	G	0	0	56	40.9642857142857
A_NS	379	56	A	0	0	56	40.8035714285714
A_NS	380	56	A	0	0	56	41.5178571428571
A_NS	381	56	C	0	0	56	42.0178571428571
A_NS	382	56	A	0	0	56	40.9821428571429
A_NS	383	56	T	0	0	56	40.5178571428571
A_NS	384	56	A	0	0	56	38.6071428571429
A_NS	385	56	G	0	0	56	37.5535714285714
A_NS	386	56	T	0	0	56	37.6964285714286
A_NS	387	56	A	0	0	56	37.0714285714286
A_NS	388	56	C	0	0	56	37.6785714285714
A_NS	389	56	T	0	0	56	38.4642857142857
A_NS	390	56	G	0	0	56	39.1785714285714
A_NS	391	56	G	0	0	56	40.125
A_NS	392	56	A	0	0	56	40.6428571428571
A_NS	393	56	A	0	0	56	42.25
A_NS	394	56	G	0	0	56	42.2857142857143
A_NS	395	56	C	0	0	56	42.8035714285714
A_NS	396	55	A	1	0	55	41.6727272727273
A_NS	397	56	A	0	0	56	41.4107142857143
A_NS	398	56	A	0	0	56	41.1964285714286
A_NS	399	56	C	0	0	56	40.9107142857143
A_NS	400	56	T	0	0	56	40.8214285714286
A_NS	401	56	T	0	0	56	40.7321428571429
A_NS	402	56	C	0	0	55	40.2909090909091
A_NS	403	56	A	0	0	56	39.625
A_NS	404	55	G	1	0	55	40.2
A_NS	405	56	T	0	0	56	40.9464285714286
A_NS	406	56	G	0	0	56	40.4642857142857
A_NS	407	56	T	0	0	56	40.9107142857143
A_NS	408	56	A	0	0	56	40.7678571428571
A_NS	409	56	A	0	0	56	40.0535714285714
A_NS	410	56	T	0	0	55	42.0181818181818
A_NS	411	56	C	0	0	56	39.8928571428571
A_NS	412	56	T	0	0	56	40.3571428571429
A_NS	413	56	T	0	0	56	39.5357142857143
A_NS	414	56	C	0	0	56	39.3392857142857
A_NS	415	56	A	0	0	56	39.7321428571429
A_NS	416	56	A	0	0	56	39.5892857142857
A_NS	417	56	C	0	0	56	41.7321428571429
A_NS	418	56	C	0	0	56	42.7321428571429
A_NS	419	56	G	0	0	56	42.9464285714286
A_NS	420	56	A	0	0	56	41.8214285714286
A_NS	421	56	T	0	0	56	42.4107142857143
A_NS	422	56	T	0	0	56	42.1607142857143
A_NS	423	56	A	0	0	56	41.2142857142857
A_NS	424	56	G	0	0	56	40.9107142857143
A_NS	425	56	A	0	0	56	40.9107142857143
A_NS	426	56	G	0	0	56	41
A_NS	427	56	A	0	0	56	41.1428571428571
A_NS	428	56	C	0	0	55	41.2181818181818
A_NS	429	56	C	0	0	56	40.25
A_NS	430	56	T	0	0	55	40.8545454545455
A_NS	431	56	T	0	0	56	39
A_NS	432	56	G	0	0	56	38.2678571428571
A_NS	433	56	A	0	0	56	38.2678571428571
A_NS	434	56	T	0	0	55	40.4363636363636
A_NS	435	56	A	0	0	56	40.375
A_NS	436	56	C	0	0	56	39.4821428571429
A_NS	437	56	T	0	0	55	40.1818181818182
A_NS	438	56	A	0	0	56	40.5714285714286
A_NS	439	56	C	0	0	56	41.1071428571429
A_NS	440	56	T	0	0	55	43.1818181818182
A_NS	441	56	A	0	0	56	42.75
A_NS	442	56	A	0	0	56	42.7321428571429
A_NS	443	56	G	0	0	56	42.875
A_NS	444	56	G	0	0	56	42.9642857142857
A_NS	445	56	G	0	0	56	43.6428571428571
A_NS	446	56	C	0	0	55	42.2363636363636
A_NS	447	56	T	0	0	56	40.7857142857143
A_NS	448	56	T	0	0	56	41.0178571428571
A_NS	449	56	T	0	0	56	40.6964285714286
A_NS	450	56	C	0	0	56	40.0357142857143
A_NS	451	56	A	0	0	56	40.4285714285714
A_NS	452	56	C	0	0	56	41.1964285714286
A_NS	453	56	T	0	0	56	39.9107142857143
A_NS	454	56	G	0	0	56	37.1071428571429
A_NS	455	56	A	0	0	56	35.125
A_NS	456	56	G	0	0	56	34.9821428571429
A_NS	457	56	G	0	0	56	37.7142857142857
A_NS	458	56	A	0	0	56	37.6964285714286
A_NS	459	54	G	2	0	54	38.4814814814815
A_NS	460	56	G	0	0	56	40.2857142857143
A_NS	461	56	G	0	0	56	39.75
A_NS	462	56	A	0	0	55	38.9636363636364
A_NS	463	56	A	0	0	56	39.5714285714286
A_NS	464	56	C	0	0	56	40.9464285714286
A_NS	465	54	A	2	0	54	40.5555555555556
A_NS	466	54	A	2	0	54	39.7777777777778
A_NS	467	54	T	2	0	54	39.8703703703704
A_NS	468	56	A	0	0	56	38.2142857142857
A_NS	469	56	G	0	0	56	37.5535714285714
A_NS	470	56	T	0	0	56	38.1428571428571
A_NS	471	56	T	0	0	55	39.2545454545455
A_NS	472	56	G	0	0	56	39.8035714285714
A_NS	473	56	G	0	0	56	40.7857142857143
A_NS	474	56	A	0	0	56	41.1964285714286
A_NS	475	56	G	0	0	56	41.5535714285714
A_NS	476	56	A	0	0	56	42.7321428571429
A_NS	477	56	A	0	0	56	41.8392857142857
A_NS	478	56	A	0	0	56	42.375
A_NS	479	56	T	0	0	56	41.4642857142857
A_NS	480	56	T	0	0	56	43.1071428571429
A_NS	481	56	T	0	0	56	42.5714285714286
A_NS	482	56	C	0	0	55	42.0909090909091
A_NS	483	56	A	0	0	55	41.0545454545455
A_NS	484	55	C	1	0	55	42.5818181818182
A_NS	485	56	C	0	0	56	42.4464285714286
A_NS	486	56	A	0	0	56	41.1785714285714
A_NS	487	56	T	0	0	56	41.5535714285714
A_NS	488	56	T	0	0	56	41.6071428571429
A_NS	489	56	A	0	0	56	41
A_NS	490	56	C	0	0	56	41.0892857142857
A_NS	491	56	C	0	0	56	40.3571428571429
A_NS	492	56	T	0	0	56	40.625
A_NS	493	56	T	0	0	56	39.9107142857143
A_NS	494	56	C	0	0	56	38.5535714285714
A_NS	495	56	T	0	0	56	39.1785714285714
A_NS	496	56	C	0	0	56	37.5714285714286
A_NS	497	56	T	0	0	56	37.125
A_NS	498	56	T	0	0	56	37.7321428571429
A_NS	499	56	C	0	0	56	36.7857142857143
A_NS	500	56	C	0	0	56	36.6607142857143
A_NS	501	56	A	0	0	56	37.625
A_NS	502	56	G	0	0	56	40.2142857142857
A_NS	503	56	G	0	0	56	40.0892857142857
A_NS	504	56	A	0	0	56	41.125
A_NS	505	56	C	0	0	56	41.2857142857143
A_NS	506	56	A	0	0	56	40.2857142857143
A_NS	507	56	T	0	0	55	40.3818181818182
A_NS	508	56	A	0	0	56	39.3392857142857
A_NS	509	56	C	0	0	56	38.5
A_NS	510	56	T	0	0	55	40.1272727272727
A_NS	511	56	T	0	0	55	39.9090909090909
A_NS	512	56	A	0	0	56	39.375
A_NS	513	56	T	0	0	55	40.7818181818182
A_NS	514	56	G	0	0	56	41.9285714285714
A_NS	515	56	A	0	0	56	41.0178571428571
A_NS	516	56	G	0	0	56	42.2321428571429
A_NS	517	56	G	0	0	56	41.2857142857143
A_NS	518	56	A	0	0	56	42.4285714285714
A_NS	519	56	T	0	0	56	41.8928571428571
A_NS	520	56	G	0	0	56	42.5714285714286
A_NS	521	56	T	0	0	56	43.5178571428571
A_NS	522	56	C	0	0	56	42.5
A_NS	523	56	A	0	0	56	40.8214285714286
A_NS	524	56	A	0	0	56	40.1607142857143
A_NS	525	56	A	0	0	56	40.7857142857143
A_NS	526	56	A	0	0	56	41.4285714285714
A_NS	527	56	A	0	0	56	41.4285714285714
A_NS	528	56	T	0	0	56	41.75
A_NS	529	56	G	0	0	56	40.6428571428571
A_NS	530	56	C	0	0	56	40.8214285714286
A_NS	531	56	A	0	0	56	39.5357142857143
A_NS	532	56	G	0	0	55	39.3090909090909
A_NS	533	56	T	0	0	56	39.3571428571429
A_NS	534	56	T	0	0	55	39.4545454545455
A_NS	535	54	G	2	0	54	39.5185185185185
A_NS	536	56	G	0	0	56	40.1785714285714
A_NS	537	56	G	0	0	56	41.7857142857143
A_NS	538	56	G	0	0	56	42.2142857142857
A_NS	539	56	T	0	0	55	43.1818181818182
A_NS	540	56	C	0	0	56	42.25
A_NS	541	56	C	0	0	56	40.6964285714286
A_NS	542	56	T	0	0	56	42.1964285714286
A_NS	543	56	C	0	0	56	41.2678571428571
A_NS	544	56	A	0	0	56	39.7321428571429
A_NS	545	56	T	0	0	55	40.3818181818182
A_NS	546	56	C	0	0	56	40.5892857142857
A_NS	547	56	G	0	0	55	40.8
A_NS	548	56	G	0	0	56	39.2857142857143
A_NS	549	56	A	0	0	56	39
A_NS	550	56	G	0	0	55	39.3090909090909
A_NS	551	56	G	0	0	55	40.2545454545455
A_NS	552	56	A	0	0	55	39.6909090909091
A_NS	553	56	C	0	0	55	38.8363636363636
A_NS	554	55	T	1	0	55	39.1272727272727
A_NS	555	56	T	0	0	56	37.8392857142857
A_NS	556	56	G	0	0	55	36.0545454545455
A_NS	557	56	A	0	0	56	35.375
A_NS	558	56	G	0	0	56	35.4821428571429
A_NS	559	56	T	0	0	56	36.3214285714286
A_NS	560	56	G	0	0	56	35.4642857142857
A_NS	561	56	G	0	0	56	36.9285714285714
A_NS	562	56	A	0	0	56	38.2857142857143
A_NS	563	56	A	0	0	56	38.3571428571429
A_NS	564	56	T	0	0	56	38.75
A_NS	565	56	G	0	0	56	38.0535714285714
A_NS	566	56	G	0	0	55	38.6909090909091
A_NS	567	56	T	0	0	55	37.8181818181818
A_NS	568	56	A	0	0	54	37.6666666666667
A_NS	569	56	A	0	0	56	37.4107142857143
A_NS	570	56	C	0	0	56	37.1607142857143
A_NS	571	56	A	0	0	56	35.3571428571429
A_NS	572	56	C	0	0	56	35.375
A_NS	573	56	G	0	0	56	35.3214285714286
A_NS	574	56	G	0	0	56	35.75
A_NS	575	56	T	0	0	56	35.125
A_NS	576	56	T	0	0	56	37.25
A_NS	577	56	C	0	0	56	38.1428571428571
A_NS	578	56	G	0	0	56	37.5
A_NS	579	56	A	0	0	56	37.2321428571429
A_NS	580	56	G	0	0	56	37.0357142857143
A_NS	581	56	T	0	0	56	37.5357142857143
A_NS	582	56	C	0	0	56	37.8392857142857
A_NS	583	56	T	0	0	56	37.3928571428571
A_NS	584	56	C	0	0	56	37.8571428571429
A_NS	585	56	T	0	0	56	38.2857142857143
A_NS	586	56	G	0	0	56	38.4285714285714
A_NS	587	56	A	0	0	56	40.1964285714286
A_NS	588	56	A	0	0	56	40.1428571428571
A_NS	589	56	A	0	0	56	40.3571428571429
A_NS	590	56	A	0	0	56	39.75
A_NS	591	56	T	0	0	55	38.6363636363636
A_NS	592	56	A	0	0	56	37.5535714285714
A_NS	593	56	T	0	0	56	37.4107142857143
A_NS	594	56	A	0	0	56	36.6964285714286
A_NS	595	56	C	0	0	56	37.1964285714286
A_NS	596	56	A	0	0	56	36.9464285714286
A_NS	597	56	G	0	0	55	36.6
A_NS	598	56	A	0	0	56	35.3928571428571
A_NS	599	56	G	0	0	56	36.1607142857143
A_NS	600	56	A	0	0	56	37.4285714285714
A_NS	601	56	T	0	0	56	37.375
A_NS	602	56	T	0	0	56	39.0892857142857
A_NS	603	56	C	0	0	55	39.5818181818182
A_NS	604	56	G	0	0	56	38.1964285714286
A_NS	605	56	C	0	0	56	38.9642857142857
A_NS	606	56	T	0	0	56	39.5178571428571
A_NS	607	56	T	0	0	56	40.0892857142857
A_NS	608	55	G	1	0	55	39.7636363636364
A_NS	609	56	G	0	0	55	40.4
A_NS	610	55	A	1	0	55	38.8363636363636
A_NS	611	55	G	1	0	55	38.8727272727273
A_NS	612	54	A	2	0	54	40.6296296296296
A_NS	613	56	A	0	0	56	39.2857142857143
A_NS	614	56	G	0	0	56	39.875
A_NS	615	56	C	0	0	55	41.1636363636364
A_NS	616	56	T	0	0	56	40.0535714285714
A_NS	617	56	G	0	0	56	39.2321428571429
A_NS	618	56	T	0	0	56	39.9285714285714
A_NS	619	56	G	0	0	56	38.1964285714286
A_NS	620	56	A	0	0	56	38.4821428571429
A_NS	621	56	T	0	0	56	38.8214285714286
A_NS	622	56	G	0	0	56	37.625
A_NS	623	56	A	0	0	56	37.5357142857143
A_NS	624	56	G	0	0	56	36.9464285714286
A_NS	625	56	A	0	0	56	37.0535714285714
A_NS	626	56	A	0	0	56	38.1785714285714
A_NS	627	56	T	0	0	56	39.1964285714286
A_NS	628	56	G	0	0	55	38.9272727272727
A_NS	629	56	G	0	0	55	40.0727272727273
A_NS	630	56	G	0	0	55	39.3636363636364
A_NS	631	56	A	0	0	56	38.8035714285714
A_NS	632	56	G	0	0	55	40.1454545454545
A_NS	633	56	A	0	0	56	39.8392857142857
A_NS	634	56	C	0	0	55	39.7090909090909
A_NS	635	56	C	0	0	55	39.5090909090909
A_NS	636	56	T	0	0	55	38.4545454545455
A_NS	637	56	T	0	0	56	39.7678571428571
A_NS	638	56	C	0	0	55	38.9454545454545
A_NS	639	56	A	0	0	56	38.1964285714286
A_NS	640	56	C	0	0	56	38.6785714285714
A_NS	641	56	T	0	0	56	40.4821428571429
A_NS	642	56	A	0	0	55	40.2363636363636
A_NS	643	56	C	0	0	56	38.4285714285714
A_NS	644	56	C	0	0	55	40.0909090909091
A_NS	645	56	T	0	0	56	39.1607142857143
A_NS	646	56	C	0	0	56	38.8035714285714
A_NS	647	56	C	0	0	56	40.2857142857143
A_NS	648	55	A	1	0	55	39.4
A_NS	649	56	A	0	0	56	40.7142857142857
A_NS	650	56	A	0	0	56	41.75
A_NS	651	56	G	0	0	56	42.4464285714286
A_NS	652	56	C	0	0	55	41.3818181818182
A_NS	653	56	A	0	0	55	41.2181818181818
A_NS	654	55	G	1	0	55	40
A_NS	655	56	A	0	0	56	40.1428571428571
A_NS	656	56	A	0	0	56	40.3571428571429
A_NS	657	56	A	0	0	56	40.5
A_NS	658	56	T	0	0	56	41.7678571428571
A_NS	659	56	G	0	0	56	39.0892857142857
A_NS	660	56	A	0	0	55	41.8181818181818
A_NS	661	56	G	0	0	56	40.7857142857143
A_NS	662	56	A	0	0	56	41.875
A_NS	663	56	A	0	0	56	39.1071428571429
A_NS	664	56	A	0	0	56	38.2857142857143
A_NS	665	56	T	0	0	56	36.5714285714286
A_NS	666	56	G	0	0	56	35.4464285714286
A_NS	667	56	G	0	0	56	36.6071428571429
A_NS	668	56	C	0	0	56	37.3035714285714
A_NS	669	55	G	1	0	55	37.1272727272727
A_NS	670	55	G	1	0	55	39.4909090909091
A_NS	671	55	G	1	0	54	39.5555555555556
A_NS	672	55	A	1	0	55	38.3636363636364
A_NS	673	56	A	0	0	56	37.0357142857143
A_NS	674	56	C	0	0	55	36.6
A_NS	675	56	A	0	0	56	35.6607142857143
A_NS	676	56	A	0	0	55	35.2181818181818
A_NS	677	56	T	0	0	56	35.3928571428571
A_NS	678	56	T	0	0	56	38.25
A_NS	679	53	G	3	0	53	37.4339622641509
A_NS	680	56	G	0	0	56	39.6071428571429
A_NS	681	56	G	0	0	55	40.7272727272727
A_NS	682	56	A	0	0	56	40.1071428571429
A_NS	683	56	C	0	0	56	41.9464285714286
A_NS	684	56	A	0	0	56	41.8392857142857
A_NS	685	56	G	0	0	55	41.2909090909091
A_NS	686	56	A	0	0	56	39.5535714285714
A_NS	687	56	A	0	0	56	39.1785714285714
A_NS	688	56	A	0	0	56	39.7142857142857
A_NS	689	56	T	0	0	56	39.2857142857143
A_NS	690	56	T	0	0	56	40.3928571428571
A_NS	691	56	T	0	0	56	41.3392857142857
A_NS	692	56	G	0	0	56	40.3214285714286
A_NS	693	56	A	0	0	56	40.1964285714286
A_NS	694	56	G	0	0	56	40.9107142857143
A_NS	695	56	G	0	0	56	42.2321428571429
A_NS	696	56	A	0	0	56	42.125
A_NS	697	56	A	0	0	56	42.6964285714286
A_NS	698	56	A	0	0	56	42.3928571428571
A_NS	699	56	T	0	0	56	43.9821428571429
A_NS	700	56	A	0	0	56	42.6071428571429
A_NS	701	56	A	0	0	55	43.3636363636364
A_NS	702	56	G	0	0	56	42.1607142857143
A_NS	703	55	A	1	0	55	42.4545454545455
A_NS	704	56	T	0	0	56	43.2857142857143
A_NS	705	56	G	0	0	56	42.5
A_NS	706	56	G	0	0	56	43.25
A_NS	707	56	T	0	0	56	42.7678571428571
A_NS	708	56	T	0	0	56	42.6607142857143
A_NS	709	56	A	0	0	56	41.25
A_NS	710	56	A	0	0	56	40.9821428571429
A_NS	711	56	T	0	0	56	40.4821428571429
A_NS	712	56	T	0	0	56	40.1607142857143
A_NS	713	56	G	0	0	56	39.4821428571429
A_NS	714	56	A	0	0	56	40.0535714285714
A_NS	715	56	A	0	0	56	39.4821428571429
A_NS	716	56	G	0	0	56	39.6964285714286
A_NS	717	56	A	0	0	56	38.875
A_NS	718	56	A	0	0	56	40.3571428571429
A_NS	719	56	A	0	0	56	39.5535714285714
A_NS	720	56	T	0	0	56	39.875
A_NS	721	55	A	1	0	55	40.8545454545455
A_NS	722	55	C	1	0	55	42.2909090909091
A_NS	723	56	G	0	0	56	40.4821428571429
A_NS	724	56	A	0	0	56	40.2678571428571
A_NS	725	56	C	0	0	56	39.8214285714286
A_NS	726	56	A	0	0	56	39.5892857142857
A_NS	727	56	C	0	0	56	39.8035714285714
A_NS	728	56	A	0	0	56	40.25
A_NS	729	56	G	0	0	56	40.5535714285714
A_NS	730	56	A	0	0	56	40.25
A_NS	731	56	T	0	0	56	40.8571428571429
A_NS	732	56	T	0	0	56	40.9642857142857
A_NS	733	56	G	0	0	56	38.7142857142857
A_NS	734	56	A	0	0	56	40.5
A_NS	735	56	A	0	0	56	41.3392857142857
A_NS	736	56	A	0	0	56	41.9821428571429
A_NS	737	56	G	0	0	56	41.9821428571429
A_NS	738	56	C	0	0	56	42.375
A_NS	739	56	G	0	0	55	41.0545454545455
A_NS	740	56	A	0	0	56	40.2857142857143
A_NS	741	56	C	0	0	56	40.2857142857143
A_NS	742	56	A	0	0	56	39.3035714285714
A_NS	743	56	G	0	0	56	39.3035714285714
A_NS	744	56	A	0	0	56	38.75
A_NS	745	56	A	0	0	56	39.3035714285714
A_NS	746	56	A	0	0	56	38.6785714285714
A_NS	747	56	A	0	0	56	39.75
A_NS	748	56	T	0	0	56	39.375
A_NS	749	56	A	0	0	56	37.5714285714286
A_NS	750	56	G	0	0	56	37.375
A_NS	751	56	T	0	0	56	37.3571428571429
A_NS	752	56	T	0	0	56	37.4464285714286
A_NS	753	56	T	0	0	56	39.5357142857143
A_NS	754	56	C	0	0	56	40.4464285714286
A_NS	755	56	G	0	0	55	40.8545454545455
A_NS	756	56	A	0	0	56	40.3928571428571
A_NS	757	56	G	0	0	56	41.0892857142857
A_NS	758	56	C	0	0	56	41.1607142857143
A_NS	759	56	A	0	0	56	41.5714285714286
A_NS	760	56	A	0	0	56	42.8214285714286
A_NS	761	56	A	0	0	55	43.3090909090909
A_NS	762	56	T	0	0	56	42.8214285714286
A_NS	763	56	A	0	0	56	42.1071428571429
A_NS	764	56	A	0	0	56	41.9107142857143
A_NS	765	56	C	0	0	56	41.375
A_NS	766	56	A	0	0	56	40.5357142857143
A_NS	767	56	T	0	0	56	41.0892857142857
A_NS	768	56	T	0	0	56	41.5178571428571
A_NS	769	56	T	0	0	56	41.6785714285714
A_NS	770	56	A	0	0	56	41.7321428571429
A_NS	771	56	T	0	0	56	42.375
A_NS	772	56	G	0	0	56	42.1964285714286
A_NS	773	56	C	0	0	56	43.5178571428571
A_NS	774	55	A	1	0	55	41.8363636363636
A_NS	775	55	A	1	0	55	42.5090909090909
A_NS	776	55	G	1	0	55	42.4727272727273
A_NS	777	55	C	1	0	55	42.5818181818182
A_NS	778	55	C	1	0	55	41.3090909090909
A_NS	779	54	T	2	0	54	42.1111111111111
A_NS	780	55	T	1	0	55	41.1090909090909
A_NS	781	56	A	0	0	56	39.1607142857143
A_NS	782	56	C	0	0	56	39.9821428571429
A_NS	783	56	A	0	0	56	40.4285714285714
A_NS	784	56	A	0	0	56	41.2321428571429
A_NS	785	56	C	0	0	56	41.8928571428571
A_NS	786	56	T	0	0	56	41.8035714285714
A_NS	787	56	A	0	0	56	41.7678571428571
A_NS	788	56	C	0	0	56	42.625
A_NS	789	56	T	0	0	56	41.0892857142857
A_NS	790	56	G	0	0	56	41.6428571428571
A_NS	791	56	C	0	0	56	40.5535714285714
A_NS	792	56	T	0	0	56	41.1785714285714
A_NS	793	56	T	0	0	56	41.0892857142857
A_NS	794	56	G	0	0	56	40.8035714285714
A_NS	795	56	A	0	0	56	41.3571428571429
A_NS	796	56	A	0	0	51	41.8039215686275
A_NS	797	56	G	0	0	56	41.9464285714286
A_NS	798	56	T	0	0	56	42.5178571428571
A_NS	799	56	A	0	0	56	42.0178571428571
A_NS	800	56	G	0	0	56	40.75
A_NS	801	56	A	0	0	55	40.1272727272727
A_NS	802	56	G	0	0	56	39.4285714285714
A_NS	803	56	C	0	0	56	39.3214285714286
A_NS	804	56	A	0	0	56	38.5714285714286
A_NS	805	56	A	0	0	56	37.4464285714286
A_NS	806	56	G	0	0	56	37.4107142857143
A_NS	807	56	A	0	0	56	35.1428571428571
A_NS	808	56	G	0	0	55	37.1818181818182
A_NS	809	56	A	0	0	56	37.7142857142857
A_NS	810	56	T	0	0	55	38.7454545454545
A_NS	811	56	A	0	0	56	38.0535714285714
A_NS	812	56	A	0	0	56	39.4464285714286
A_NS	813	56	G	0	0	56	37.75
A_NS	814	56	A	0	0	56	37.4107142857143
A_NS	815	56	G	0	0	55	39.3090909090909
A_NS	816	56	C	0	0	55	38.5818181818182
A_NS	817	56	T	0	0	55	38.9818181818182
A_NS	818	56	T	0	0	56	38.7857142857143
A_NS	819	55	T	1	0	55	39.6181818181818
A_NS	820	55	C	1	0	55	39.5454545454545
A_NS	821	56	T	0	0	56	40.0892857142857
A_NS	822	56	C	0	0	56	39.9642857142857
A_NS	823	56	G	0	0	56	39.25
A_NS	824	56	T	0	0	56	37.8214285714286
A_NS	825	56	T	0	0	56	38.4821428571429
A_NS	826	56	T	0	0	56	38.9821428571429
A_NS	827	56	C	0	0	56	40.4642857142857
A_NS	828	56	A	0	0	56	41.25
A_NS	829	56	G	0	0	56	41.3928571428571
A_NS	830	56	C	0	0	56	40.8214285714286
A_NS	831	56	T	0	0	56	40.3035714285714
A_NS	832	56	T	0	0	56	40.8928571428571
A_NS	833	56	A	0	0	56	40.0357142857143
A_NS	834	56	T	0	0	56	39.25
A_NS	835	56	T	0	0	56	39.875
A_NS	836	56	T	0	0	56	39.4642857142857
A_NS	837	56	A	0	0	56	39.7321428571429
A_NS	838	56	A	0	0	56	39.2857142857143
