Reference_Name	Position	Coverage Depth	Consensus	Deletions	Ambiguous	Consensus_Count	Consensus_Average_Quality
A_PB1	1	1	A	0	0	1	50
A_PB1	2	1	T	0	0	1	50
A_PB1	3	1	G	0	0	1	45
A_PB1	4	1	G	0	0	1	49
A_PB1	5	1	A	0	0	1	44
A_PB1	6	1	T	0	0	1	50
A_PB1	7	1	G	0	0	1	45
A_PB1	8	1	T	0	0	1	43
A_PB1	9	1	C	0	0	1	39
A_PB1	10	1	A	0	0	1	37
A_PB1	11	1	A	0	0	1	37
A_PB1	12	1	T	0	0	1	36
A_PB1	13	1	C	0	0	1	32
A_PB1	14	1	C	0	0	1	29
A_PB1	15	1	G	0	0	1	27
A_PB1	16	1	A	0	0	1	27
A_PB1	17	1	C	0	0	1	27
A_PB1	18	1	T	0	0	1	29
A_PB1	19	1	C	0	0	1	28
A_PB1	20	1	T	0	0	1	30
A_PB1	21	1	A	0	0	1	29
A_PB1	22	1	C	0	0	1	30
A_PB1	23	1	T	0	0	1	29
A_PB1	24	1	T	0	0	1	37
A_PB1	25	1	T	0	0	1	35
A_PB1	26	1	T	0	0	1	35
A_PB1	27	1	C	0	0	1	28
A_PB1	28	1	C	0	0	1	37
A_PB1	29	1	T	0	0	1	42
A_PB1	30	1	A	0	0	1	38
A_PB1	31	1	A	0	0	1	40
A_PB1	32	1	A	0	0	1	41
A_PB1	33	1	A	0	0	1	44
A_PB1	34	1	A	0	0	1	50
A_PB1	35	1	T	0	0	1	42
A_PB1	36	1	T	0	0	1	47
A_PB1	37	1	C	0	0	1	50
A_PB1	38	1	C	0	0	1	41
A_PB1	39	1	A	0	0	1	43
A_PB1	40	1	G	0	0	1	46
A_PB1	41	1	T	0	0	1	46
A_PB1	42	1	A	0	0	1	41
A_PB1	43	1	C	0	0	1	46
A_PB1	44	1	A	0	0	1	39
A_PB1	45	1	A	0	0	1	40
A_PB1	46	1	A	0	0	1	44
A_PB1	47	1	A	0	0	1	45
A_PB1	48	1	T	0	0	1	42
A_PB1	49	1	G	0	0	1	40
A_PB1	50	1	C	0	0	1	50
A_PB1	51	1	C	0	0	1	47
A_PB1	52	1	A	0	0	1	42
A_PB1	53	1	T	0	0	1	40
A_PB1	54	1	A	0	0	1	44
A_PB1	55	1	A	0	0	1	50
A_PB1	56	1	G	0	0	1	41
A_PB1	57	1	C	0	0	1	43
A_PB1	58	1	A	0	0	1	43
A_PB1	59	1	C	0	0	1	40
A_PB1	60	1	C	0	0	1	40
A_PB1	61	1	A	0	0	1	45
A_PB1	62	1	C	0	0	1	50
A_PB1	63	1	A	0	0	1	50
A_PB1	64	1	T	0	0	1	50
A_PB1	65	1	T	0	0	1	50
A_PB1	66	1	C	0	0	1	44
A_PB1	67	1	C	0	0	1	44
A_PB1	68	1	C	0	0	1	48
A_PB1	69	1	T	0	0	1	44
A_PB1	70	1	T	0	0	1	47
A_PB1	71	1	A	0	0	1	50
A_PB1	72	1	T	0	0	1	50
A_PB1	73	1	A	0	0	1	49
A_PB1	74	1	C	0	0	1	43
A_PB1	75	1	T	0	0	1	39
A_PB1	76	1	G	0	0	1	50
A_PB1	77	1	G	0	0	1	48
A_PB1	78	1	A	0	0	1	40
A_PB1	79	1	G	0	0	1	42
A_PB1	80	1	A	0	0	1	40
A_PB1	81	1	T	0	0	1	40
A_PB1	82	1	C	0	0	1	36
A_PB1	83	1	C	0	0	1	40
A_PB1	84	1	T	0	0	1	50
A_PB1	85	1	C	0	0	1	43
A_PB1	86	1	C	0	0	1	45
A_PB1	87	1	A	0	0	1	42
A_PB1	88	1	T	0	0	1	46
A_PB1	89	1	A	0	0	1	44
A_PB1	90	1	C	0	0	1	44
A_PB1	91	1	A	0	0	1	45
A_PB1	92	1	G	0	0	1	43
A_PB1	93	1	C	0	0	1	50
A_PB1	94	1	C	0	0	1	49
A_PB1	95	1	A	0	0	1	43
A_PB1	96	1	T	0	0	1	44
A_PB1	97	1	G	0	0	1	42
A_PB1	98	1	G	0	0	1	50
A_PB1	99	1	A	0	0	1	45
A_PB1	100	1	A	0	0	1	50
A_PB1	101	1	C	0	0	1	42
A_PB1	102	1	A	0	0	1	50
A_PB1	103	1	G	0	0	1	44
A_PB1	104	1	G	0	0	1	45
A_PB1	105	1	A	0	0	1	45
A_PB1	106	1	A	0	0	1	50
A_PB1	107	1	C	0	0	1	41
A_PB1	108	1	A	0	0	1	43
A_PB1	109	1	G	0	0	1	49
A_PB1	110	1	G	0	0	1	50
A_PB1	111	1	A	0	0	1	42
A_PB1	112	1	T	0	0	1	44
A_PB1	113	1	A	0	0	1	50
A_PB1	114	1	C	0	0	1	42
A_PB1	115	1	A	0	0	1	45
A_PB1	116	1	C	0	0	1	50
A_PB1	117	1	C	0	0	1	50
A_PB1	118	1	A	0	0	1	50
A_PB1	119	1	T	0	0	1	50
A_PB1	120	1	G	0	0	1	50
A_PB1	121	1	G	0	0	1	48
A_PB1	122	1	A	0	0	1	43
A_PB1	123	1	C	0	0	1	43
A_PB1	124	1	A	0	0	1	50
A_PB1	125	1	C	0	0	1	50
A_PB1	126	1	A	0	0	1	45
A_PB1	127	1	G	0	0	1	42
A_PB1	128	1	T	0	0	1	47
A_PB1	129	1	A	0	0	1	45
A_PB1	130	1	A	0	0	1	45
A_PB1	131	1	A	0	0	1	43
A_PB1	132	1	C	0	0	1	42
A_PB1	133	1	A	0	0	1	46
A_PB1	134	1	G	0	0	1	39
A_PB1	135	1	A	0	0	1	41
A_PB1	136	1	A	0	0	1	39
A_PB1	137	1	C	0	0	1	44
A_PB1	138	1	A	0	0	1	42
A_PB1	139	1	C	0	0	1	45
A_PB1	140	1	A	0	0	1	47
A_PB1	141	1	C	0	0	1	46
A_PB1	142	1	C	0	0	1	46
A_PB1	143	1	A	0	0	1	43
A_PB1	144	1	A	0	0	1	41
A_PB1	145	1	T	0	0	1	50
A_PB1	146	1	A	0	0	1	40
A_PB1	147	1	C	0	0	1	39
A_PB1	148	1	T	0	0	1	50
A_PB1	149	1	C	0	0	1	44
A_PB1	150	1	A	0	0	1	37
A_PB1	151	1	G	0	0	1	36
A_PB1	152	1	A	0	0	1	36
A_PB1	153	1	A	0	0	1	39
A_PB1	154	1	A	0	0	1	43
A_PB1	155	1	A	0	0	1	41
A_PB1	156	1	G	0	0	1	41
A_PB1	157	1	G	0	0	1	45
A_PB1	158	1	G	0	0	1	39
A_PB1	159	1	G	0	0	1	45
A_PB1	160	1	A	0	0	1	45
A_PB1	161	1	A	0	0	1	40
A_PB1	162	1	G	0	0	1	41
A_PB1	163	1	T	0	0	1	50
A_PB1	164	1	G	0	0	1	39
A_PB1	165	1	G	0	0	1	44
A_PB1	166	1	A	0	0	1	42
A_PB1	167	1	C	0	0	1	40
A_PB1	168	1	A	0	0	1	44
A_PB1	169	1	A	0	0	1	42
A_PB1	170	1	C	0	0	1	50
A_PB1	171	1	A	0	0	1	50
A_PB1	172	1	A	0	0	1	42
A_PB1	173	1	A	0	0	1	49
A_PB1	174	1	C	0	0	1	45
A_PB1	175	1	A	0	0	1	45
A_PB1	176	1	C	0	0	1	50
A_PB1	177	1	A	0	0	1	38
A_PB1	178	1	G	0	0	1	40
A_PB1	179	1	A	0	0	1	50
A_PB1	180	1	A	0	0	1	44
A_PB1	181	1	A	0	0	1	44
A_PB1	182	1	C	0	0	1	50
A_PB1	183	1	T	0	0	1	39
A_PB1	184	1	G	0	0	1	50
A_PB1	185	1	G	0	0	1	42
A_PB1	186	1	T	0	0	1	41
A_PB1	187	1	G	0	0	1	43
A_PB1	188	1	C	0	0	1	50
A_PB1	189	1	A	0	0	1	42
A_PB1	190	1	C	0	0	1	42
A_PB1	191	1	C	0	0	1	44
A_PB1	192	1	T	0	0	1	48
A_PB1	193	1	C	0	0	1	50
A_PB1	194	1	A	0	0	1	50
A_PB1	195	1	G	0	0	1	50
A_PB1	196	1	C	0	0	1	45
A_PB1	197	1	T	0	0	1	40
A_PB1	198	1	C	0	0	1	38
A_PB1	199	1	A	0	0	1	50
A_PB1	200	1	A	0	0	1	39
A_PB1	201	1	C	0	0	1	50
A_PB1	202	1	C	0	0	1	44
A_PB1	203	1	C	0	0	1	40
A_PB1	204	1	G	0	0	1	48
A_PB1	205	1	A	0	0	1	39
A_PB1	206	1	T	0	0	1	48
A_PB1	207	1	A	0	0	1	27
A_PB1	208	1	G	0	0	1	30
A_PB1	209	1	A	0	0	1	27
A_PB1	210	1	C	0	0	1	20
A_PB1	211	1	G	0	0	1	20
A_PB1	212	1	G	0	0	1	21
A_PB1	213	1	A	0	0	1	41
A_PB1	214	1	C	0	0	1	38
A_PB1	215	1	C	0	0	1	42
A_PB1	216	1	A	0	0	1	40
A_PB1	217	1	C	0	0	1	43
A_PB1	218	1	T	0	0	1	42
A_PB1	219	1	A	0	0	1	38
A_PB1	220	1	C	0	0	1	39
A_PB1	221	1	C	0	0	1	42
A_PB1	222	1	C	0	0	1	41
A_PB1	223	1	G	0	0	1	37
A_PB1	224	1	A	0	0	1	40
A_PB1	225	1	A	0	0	1	41
A_PB1	226	1	G	0	0	1	49
A_PB1	227	1	A	0	0	1	50
A_PB1	228	1	T	0	0	1	42
A_PB1	229	1	A	0	0	1	43
A_PB1	230	1	A	0	0	1	44
A_PB1	231	1	T	0	0	1	44
A_PB1	232	1	G	0	0	1	42
A_PB1	233	1	A	0	0	1	45
A_PB1	234	1	A	0	0	1	42
A_PB1	235	1	C	0	0	1	40
A_PB1	236	1	C	0	0	1	50
A_PB1	237	1	A	0	0	1	47
A_PB1	238	1	A	0	0	1	49
A_PB1	239	1	G	0	0	1	50
A_PB1	240	1	T	0	0	1	42
A_PB1	241	1	G	0	0	1	46
A_PB1	242	1	G	0	0	1	47
A_PB1	243	1	G	0	0	1	50
A_PB1	244	1	T	0	0	1	41
A_PB1	245	1	A	0	0	1	50
A_PB1	246	1	T	0	0	1	42
A_PB1	247	1	G	0	0	1	41
A_PB1	248	1	C	0	0	1	43
A_PB1	249	1	A	0	0	1	41
A_PB1	250	1	C	0	0	1	45
A_PB1	251	1	A	0	0	1	43
A_PB1	252	1	A	0	0	1	41
A_PB1	253	1	A	0	0	1	50
A_PB1	254	1	C	0	0	1	40
A_PB1	255	1	A	0	0	1	50
A_PB1	256	1	G	0	0	1	42
A_PB1	257	1	A	0	0	1	41
A_PB1	258	1	C	0	0	1	41
A_PB1	259	1	T	0	0	1	40
A_PB1	260	1	G	0	0	1	40
A_PB1	261	1	T	0	0	1	42
A_PB1	262	1	G	0	0	1	45
A_PB1	263	1	T	0	0	1	50
A_PB1	264	1	T	0	0	1	46
A_PB1	265	1	C	0	0	1	46
A_PB1	266	1	T	0	0	1	50
A_PB1	267	1	A	0	0	1	44
A_PB1	268	1	G	0	0	1	44
A_PB1	269	1	A	0	0	1	47
A_PB1	270	1	G	0	0	1	42
A_PB1	271	1	G	0	0	1	41
A_PB1	272	1	C	0	0	1	43
A_PB1	273	1	T	0	0	1	44
A_PB1	274	1	A	0	0	1	42
A_PB1	275	1	T	0	0	1	44
A_PB1	276	1	G	0	0	1	48
A_PB1	277	1	G	0	0	1	46
A_PB1	278	1	C	0	0	1	42
A_PB1	279	1	T	0	0	1	41
A_PB1	280	1	T	0	0	1	42
A_PB1	281	1	T	0	0	1	47
A_PB1	282	1	C	0	0	1	50
A_PB1	283	1	C	0	0	1	47
A_PB1	284	1	T	0	0	1	35
A_PB1	285	1	T	0	0	1	30
A_PB1	286	1	G	0	0	1	23
A_PB1	287	1	A	0	0	1	23
A_PB1	288	1	A	0	0	1	42
A_PB1	289	1	G	0	0	1	45
A_PB1	290	1	A	0	0	1	45
A_PB1	291	1	A	0	0	1	42
A_PB1	292	1	T	0	0	1	38
A_PB1	293	1	C	0	0	1	32
A_PB1	294	1	C	0	0	1	32
A_PB1	295	1	C	0	0	1	31
A_PB1	296	1	A	0	0	1	32
A_PB1	297	1	T	0	0	1	33
A_PB1	298	1	C	0	0	1	41
A_PB1	299	1	C	0	0	1	37
A_PB1	300	1	A	0	0	1	30
A_PB1	301	1	G	0	0	1	31
A_PB1	302	1	G	0	0	1	38
A_PB1	303	1	A	0	0	1	37
A_PB1	304	1	A	0	0	1	40
A_PB1	305	1	T	0	0	1	41
A_PB1	306	1	A	0	0	1	44
A_PB1	307	1	T	0	0	1	50
A_PB1	308	1	T	0	0	1	43
A_PB1	309	1	T	0	0	1	50
A_PB1	310	1	G	0	0	1	42
A_PB1	311	1	A	0	0	1	39
A_PB1	312	1	A	0	0	1	47
A_PB1	313	1	A	0	0	1	41
A_PB1	314	1	A	0	0	1	38
A_PB1	315	1	T	0	0	1	50
A_PB1	316	1	T	0	0	1	44
A_PB1	317	1	C	0	0	1	41
A_PB1	318	1	A	0	0	1	41
A_PB1	319	1	T	0	0	1	41
A_PB1	320	1	G	0	0	1	48
A_PB1	321	1	C	0	0	1	44
A_PB1	322	1	C	0	0	1	41
A_PB1	323	1	T	0	0	1	46
A_PB1	324	1	T	0	0	1	39
A_PB1	325	1	G	0	0	1	36
A_PB1	326	1	A	0	0	1	40
A_PB1	327	1	A	0	0	1	41
A_PB1	328	1	A	0	0	1	42
A_PB1	329	1	C	0	0	1	42
A_PB1	330	1	A	0	0	1	41
A_PB1	331	1	A	0	0	1	48
A_PB1	332	1	T	0	0	1	39
A_PB1	333	1	G	0	0	1	46
A_PB1	334	1	G	0	0	1	41
A_PB1	335	1	A	0	0	1	50
A_PB1	336	1	A	0	0	1	50
A_PB1	337	1	G	0	0	1	47
A_PB1	338	1	T	0	0	1	50
A_PB1	339	1	T	0	0	1	42
A_PB1	340	1	G	0	0	1	46
A_PB1	341	1	T	0	0	1	42
A_PB1	342	1	T	0	0	1	41
A_PB1	343	1	C	0	0	1	41
A_PB1	344	1	A	0	0	1	47
A_PB1	345	1	G	0	0	1	50
A_PB1	346	1	C	0	0	1	42
A_PB1	347	1	A	0	0	1	43
A_PB1	348	1	A	0	0	1	44
A_PB1	349	1	A	0	0	1	41
A_PB1	350	1	C	0	0	1	42
A_PB1	351	1	A	0	0	1	39
A_PB1	352	1	A	0	0	1	43
A_PB1	353	1	G	0	0	1	37
A_PB1	354	1	G	0	0	1	41
A_PB1	355	1	G	0	0	1	42
A_PB1	356	1	T	0	0	1	40
A_PB1	357	1	A	0	0	1	39
A_PB1	358	1	G	0	0	1	43
A_PB1	359	1	A	0	0	1	41
A_PB1	360	1	T	0	0	1	50
A_PB1	361	1	A	0	0	1	43
A_PB1	362	1	A	0	0	1	41
A_PB1	363	1	A	0	0	1	41
A_PB1	364	1	C	0	0	1	50
A_PB1	365	1	T	0	0	1	50
A_PB1	366	1	G	0	0	1	41
A_PB1	367	1	A	0	0	1	40
A_PB1	368	1	C	0	0	1	45
A_PB1	369	1	T	0	0	1	41
A_PB1	370	1	C	0	0	1	41
A_PB1	371	1	A	0	0	1	44
A_PB1	372	1	A	0	0	1	48
A_PB1	373	1	G	0	0	1	42
A_PB1	374	1	G	0	0	1	40
A_PB1	375	1	T	0	0	1	45
A_PB1	376	1	C	0	0	1	39
A_PB1	377	1	G	0	0	1	41
A_PB1	378	1	C	0	0	1	37
A_PB1	379	1	C	0	0	1	41
A_PB1	380	1	A	0	0	1	42
A_PB1	381	1	G	0	0	1	46
A_PB1	382	1	A	0	0	1	41
A_PB1	383	1	C	0	0	1	45
A_PB1	384	1	C	0	0	1	50
A_PB1	385	1	T	0	0	1	40
A_PB1	386	1	A	0	0	1	41
A_PB1	387	1	T	0	0	1	49
A_PB1	388	1	G	0	0	1	37
A_PB1	389	1	A	0	0	1	38
A_PB1	390	1	T	0	0	1	42
A_PB1	391	1	T	0	0	1	40
A_PB1	392	1	G	0	0	1	37
A_PB1	393	1	G	0	0	1	40
A_PB1	394	1	A	0	0	1	40
A_PB1	395	1	C	0	0	1	39
A_PB1	396	1	A	0	0	1	37
A_PB1	397	1	T	0	0	1	38
A_PB1	398	1	T	0	0	1	37
A_PB1	399	1	A	0	0	1	38
A_PB1	400	1	A	0	0	1	39
A_PB1	401	1	A	0	0	1	42
A_PB1	402	1	C	0	0	1	40
A_PB1	403	1	A	0	0	1	40
A_PB1	404	1	G	0	0	1	43
A_PB1	405	1	A	0	0	1	37
A_PB1	406	1	A	0	0	1	41
A_PB1	407	1	A	0	0	1	39
A_PB1	408	1	T	0	0	1	38
A_PB1	409	1	C	0	0	1	40
A_PB1	410	1	A	0	0	1	42
A_PB1	411	1	A	0	0	1	40
A_PB1	412	1	C	0	0	1	37
A_PB1	413	1	C	0	0	1	38
A_PB1	414	1	G	0	0	1	36
A_PB1	415	1	G	0	0	1	35
A_PB1	416	1	C	0	0	1	34
A_PB1	417	1	A	0	0	1	35
A_PB1	418	1	G	0	0	1	38
A_PB1	419	1	C	0	0	1	40
A_PB1	420	1	A	0	0	1	47
A_PB1	421	1	A	0	0	1	40
A_PB1	422	1	C	0	0	1	40
A_PB1	423	1	T	0	0	1	43
A_PB1	424	1	G	0	0	1	43
A_PB1	425	1	C	0	0	1	40
A_PB1	426	1	A	0	0	1	41
A_PB1	427	1	T	0	0	1	46
A_PB1	428	1	T	0	0	1	44
A_PB1	429	1	G	0	0	1	42
A_PB1	430	1	G	0	0	1	45
A_PB1	431	1	C	0	0	1	40
A_PB1	432	1	C	0	0	1	40
A_PB1	433	1	A	0	0	1	40
A_PB1	434	1	A	0	0	1	36
A_PB1	435	1	C	0	0	1	39
A_PB1	436	1	A	0	0	1	41
A_PB1	437	1	C	0	0	1	42
A_PB1	438	1	C	0	0	1	43
A_PB1	439	1	A	0	0	1	40
A_PB1	440	1	T	0	0	1	46
A_PB1	441	1	A	0	0	1	44
A_PB1	442	1	G	0	0	1	46
A_PB1	443	1	A	0	0	1	39
A_PB1	444	1	A	0	0	1	40
A_PB1	445	1	G	0	0	1	41
A_PB1	446	1	T	0	0	1	42
A_PB1	447	1	T	0	0	1	42
A_PB1	448	1	T	0	0	1	44
A_PB1	449	1	T	0	0	1	41
A_PB1	450	1	C	0	0	1	45
A_PB1	451	1	A	0	0	1	47
A_PB1	452	1	G	0	0	1	39
A_PB1	453	1	A	0	0	1	41
A_PB1	454	1	T	0	0	1	39
A_PB1	455	1	C	0	0	1	41
A_PB1	456	1	G	0	0	1	39
A_PB1	457	1	A	0	0	1	39
A_PB1	458	1	A	0	0	1	38
A_PB1	459	1	T	0	0	1	39
A_PB1	460	1	G	0	0	1	39
A_PB1	461	1	A	0	0	1	40
A_PB1	462	1	C	0	0	1	45
A_PB1	463	1	C	0	0	1	39
A_PB1	464	1	T	0	0	1	42
A_PB1	465	1	A	0	0	1	38
A_PB1	466	1	A	0	0	1	41
A_PB1	467	1	C	0	0	1	39
A_PB1	468	1	A	0	0	1	40
A_PB1	469	1	G	0	0	1	38
A_PB1	470	1	C	0	0	1	37
A_PB1	471	1	T	0	0	1	37
A_PB1	472	1	A	0	0	1	35
A_PB1	473	1	A	0	0	1	36
A_PB1	474	1	C	0	0	1	37
A_PB1	475	1	G	0	0	1	38
A_PB1	476	1	A	0	0	1	38
A_PB1	477	1	G	0	0	1	39
A_PB1	478	1	T	0	0	1	38
A_PB1	479	1	C	0	0	1	41
A_PB1	480	1	A	0	0	1	50
A_PB1	481	1	G	0	0	1	43
A_PB1	482	1	G	0	0	1	47
A_PB1	483	1	A	0	0	1	42
A_PB1	484	1	A	0	0	1	40
A_PB1	485	1	G	0	0	1	42
A_PB1	486	1	G	0	0	1	39
A_PB1	487	1	C	0	0	1	40
A_PB1	488	1	T	0	0	1	37
A_PB1	489	1	A	0	0	1	39
A_PB1	490	1	A	0	0	1	40
A_PB1	491	1	T	0	0	1	40
A_PB1	492	1	A	0	0	1	40
A_PB1	493	1	G	0	0	1	42
A_PB1	494	1	A	0	0	1	42
A_PB1	495	1	T	0	0	1	41
A_PB1	496	1	T	0	0	1	50
A_PB1	497	1	T	0	0	1	42
A_PB1	498	1	C	0	0	1	43
A_PB1	499	1	T	0	0	1	45
A_PB1	500	1	T	0	0	1	44
A_PB1	501	1	A	0	0	1	40
A_PB1	502	1	A	0	0	1	38
A_PB1	503	1	A	0	0	1	39
A_PB1	504	1	G	0	0	1	39
A_PB1	505	1	G	0	0	1	29
A_PB1	506	1	A	0	0	1	41
A_PB1	507	1	T	0	0	1	47
A_PB1	508	1	G	0	0	1	47
A_PB1	509	1	T	0	0	1	39
A_PB1	510	1	G	0	0	1	42
A_PB1	511	1	A	0	0	1	40
A_PB1	512	1	T	0	0	1	39
A_PB1	513	1	G	0	0	1	38
A_PB1	514	1	G	0	0	1	38
A_PB1	515	1	A	0	0	1	36
A_PB1	516	1	A	0	0	1	37
A_PB1	517	1	T	0	0	1	37
A_PB1	518	1	C	0	0	1	37
A_PB1	519	1	A	0	0	1	38
A_PB1	520	1	A	0	0	1	37
A_PB1	521	1	T	0	0	1	39
A_PB1	522	1	G	0	0	1	38
A_PB1	523	1	A	0	0	1	40
A_PB1	524	1	A	0	0	1	41
A_PB1	525	1	C	0	0	1	36
A_PB1	526	1	A	0	0	1	32
A_PB1	527	1	A	0	0	1	31
A_PB1	528	1	A	0	0	1	30
A_PB1	529	1	G	0	0	1	27
A_PB1	530	1	A	0	0	1	27
A_PB1	531	1	G	0	0	1	31
A_PB1	532	1	G	0	0	1	37
A_PB1	533	1	A	0	0	1	35
A_PB1	534	1	A	0	0	1	36
A_PB1	535	1	A	0	0	1	44
A_PB1	536	1	T	0	0	1	37
A_PB1	537	1	A	0	0	1	36
A_PB1	538	1	G	0	0	1	40
A_PB1	539	1	A	0	0	1	41
A_PB1	540	1	G	0	0	1	43
A_PB1	541	1	A	0	0	1	40
A_PB1	542	1	T	0	0	1	46
A_PB1	543	1	A	0	0	1	41
A_PB1	544	1	A	0	0	1	50
A_PB1	545	1	C	0	0	1	41
A_PB1	546	1	A	0	0	1	40
A_PB1	547	1	A	0	0	1	43
A_PB1	548	1	C	0	0	1	47
A_PB1	549	1	C	0	0	1	42
A_PB1	550	1	C	0	0	1	50
A_PB1	551	1	A	0	0	1	42
A_PB1	552	1	C	0	0	1	39
A_PB1	553	1	T	0	0	1	40
A_PB1	554	1	T	0	0	1	48
A_PB1	555	1	T	0	0	1	49
A_PB1	556	1	C	0	0	1	40
A_PB1	557	1	A	0	0	1	42
A_PB1	558	1	A	0	0	1	49
A_PB1	559	1	A	0	0	1	50
A_PB1	560	1	G	0	0	1	40
A_PB1	561	1	A	0	0	1	42
A_PB1	562	1	A	0	0	1	50
A_PB1	563	1	A	0	0	1	34
A_PB1	564	1	A	0	0	1	50
A_PB1	565	1	A	0	0	1	50
A_PB1	566	1	G	0	0	1	44
A_PB1	567	1	G	0	0	1	49
A_PB1	568	1	A	0	0	1	44
A_PB1	569	1	G	0	0	1	50
A_PB1	570	1	A	0	0	1	41
A_PB1	571	1	G	0	0	1	45
A_PB1	572	1	T	0	0	1	42
A_PB1	573	1	A	0	0	1	41
A_PB1	574	1	A	0	0	1	38
A_PB1	575	1	G	0	0	1	40
A_PB1	576	1	A	0	0	1	44
A_PB1	577	1	G	0	0	1	39
A_PB1	578	1	A	0	0	1	42
A_PB1	579	1	C	0	0	1	41
A_PB1	580	1	A	0	0	1	47
A_PB1	581	1	A	0	0	1	45
A_PB1	582	1	C	0	0	1	44
A_PB1	583	1	A	0	0	1	43
A_PB1	584	1	T	0	0	1	42
A_PB1	585	1	G	0	0	1	44
A_PB1	586	1	A	0	0	1	43
A_PB1	587	1	C	0	0	1	50
A_PB1	588	1	C	0	0	1	39
A_PB1	589	1	A	0	0	1	42
A_PB1	590	1	A	0	0	1	47
A_PB1	591	1	G	0	0	1	38
A_PB1	592	1	A	0	0	1	41
A_PB1	593	1	A	0	0	1	43
A_PB1	594	1	G	0	0	1	43
A_PB1	595	1	A	0	0	1	50
A_PB1	596	1	T	0	0	1	43
A_PB1	597	1	G	0	0	1	40
A_PB1	598	1	A	0	0	1	50
A_PB1	599	1	T	0	0	1	41
A_PB1	600	1	C	0	0	1	41
A_PB1	601	1	A	0	0	1	44
A_PB1	602	1	C	0	0	1	39
A_PB1	603	1	G	0	0	1	40
A_PB1	604	1	C	0	0	1	50
A_PB1	605	1	A	0	0	1	40
A_PB1	606	1	A	0	0	1	41
A_PB1	607	1	A	0	0	1	42
A_PB1	608	1	G	0	0	1	39
A_PB1	609	1	G	0	0	1	45
A_PB1	610	1	A	0	0	1	42
A_PB1	611	1	C	0	0	1	47
A_PB1	612	1	A	0	0	1	43
A_PB1	613	1	A	0	0	1	43
A_PB1	614	1	T	0	0	1	50
A_PB1	615	1	A	0	0	1	43
A_PB1	616	1	G	0	0	1	48
A_PB1	617	1	G	0	0	1	50
A_PB1	618	1	G	0	0	1	45
A_PB1	619	1	A	0	0	1	41
A_PB1	620	1	A	0	0	1	45
A_PB1	621	1	G	0	0	1	43
A_PB1	622	1	A	0	0	1	45
A_PB1	623	1	A	0	0	1	29
A_PB1	624	1	A	0	0	1	38
A_PB1	625	1	A	0	0	1	35
A_PB1	626	1	A	0	0	1	30
A_PB1	627	1	A	0	0	1	43
A_PB1	628	1	C	0	0	1	40
A_PB1	629	1	A	0	0	1	36
A_PB1	630	1	G	0	0	1	39
A_PB1	631	1	A	0	0	1	35
A_PB1	632	1	G	0	0	1	36
A_PB1	633	1	A	0	0	1	41
A_PB1	634	1	C	0	0	1	41
A_PB1	635	1	T	0	0	1	40
A_PB1	636	1	G	0	0	1	39
A_PB1	637	1	A	0	0	1	40
A_PB1	638	1	A	0	0	1	44
A_PB1	639	1	T	0	0	1	42
A_PB1	640	1	A	0	0	1	50
A_PB1	641	1	A	0	0	1	43
A_PB1	642	1	G	0	0	1	41
A_PB1	643	1	A	0	0	1	50
A_PB1	644	1	G	0	0	1	44
A_PB1	645	1	A	0	0	1	50
A_PB1	646	1	G	0	0	1	45
A_PB1	647	1	G	0	0	1	42
A_PB1	648	1	C	0	0	1	47
A_PB1	649	1	T	0	0	1	43
A_PB1	650	1	A	0	0	1	40
A_PB1	651	1	T	0	0	1	49
A_PB1	652	1	C	0	0	1	43
A_PB1	653	1	T	0	0	1	42
A_PB1	654	1	A	0	0	1	41
A_PB1	655	1	A	0	0	1	42
A_PB1	656	1	T	0	0	1	43
A_PB1	657	1	A	0	0	1	44
A_PB1	658	1	A	0	0	1	47
A_PB1	659	1	G	0	0	1	50
A_PB1	660	1	A	0	0	1	42
A_PB1	661	1	G	0	0	1	43
A_PB1	662	1	C	0	0	1	44
A_PB1	663	1	A	0	0	1	46
A_PB1	664	1	C	0	0	1	48
A_PB1	665	1	T	0	0	1	48
A_PB1	666	1	G	0	0	1	47
A_PB1	667	1	A	0	0	1	50
A_PB1	668	1	C	0	0	1	44
A_PB1	669	1	A	0	0	1	49
A_PB1	670	1	T	0	0	1	43
A_PB1	671	1	T	0	0	1	41
A_PB1	672	1	A	0	0	1	41
A_PB1	673	1	A	0	0	1	48
A_PB1	674	1	A	0	0	1	40
A_PB1	675	1	T	0	0	1	42
A_PB1	676	1	A	0	0	1	43
A_PB1	677	1	C	0	0	1	45
A_PB1	678	1	G	0	0	1	42
A_PB1	679	1	A	0	0	1	43
A_PB1	680	1	T	0	0	1	40
A_PB1	681	1	G	0	0	1	47
A_PB1	682	1	A	0	0	1	50
A_PB1	683	1	C	0	0	1	50
A_PB1	684	1	C	0	0	1	42
A_PB1	685	1	A	0	0	1	42
A_PB1	686	1	A	0	0	1	44
A_PB1	687	1	A	0	0	1	42
A_PB1	688	1	G	0	0	1	42
A_PB1	689	1	A	0	0	1	46
A_PB1	690	1	T	0	0	1	43
A_PB1	691	1	G	0	0	1	43
A_PB1	692	1	C	0	0	1	46
A_PB1	693	1	A	0	0	1	44
A_PB1	694	1	G	0	0	1	41
A_PB1	695	1	A	0	0	1	38
A_PB1	696	1	G	0	0	1	38
A_PB1	697	1	A	0	0	1	38
A_PB1	698	1	G	0	0	1	32
A_PB1	699	1	A	0	0	1	44
A_PB1	700	1	G	0	0	1	50
A_PB1	701	1	G	0	0	1	41
A_PB1	702	1	C	0	0	1	48
A_PB1	703	1	A	0	0	1	40
A_PB1	704	1	A	0	0	1	48
A_PB1	705	1	G	0	0	1	45
A_PB1	706	1	T	0	0	1	45
A_PB1	707	1	T	0	0	1	50
A_PB1	708	1	A	0	0	1	42
A_PB1	709	1	A	0	0	1	42
A_PB1	710	1	A	0	0	1	44
A_PB1	711	1	A	0	0	1	50
A_PB1	712	1	A	0	0	1	50
A_PB1	713	1	G	0	0	1	50
A_PB1	714	1	A	0	0	1	41
A_PB1	715	1	A	0	0	1	45
A_PB1	716	1	G	0	0	1	50
A_PB1	717	1	G	0	0	1	42
A_PB1	718	1	G	0	0	1	43
A_PB1	719	1	C	0	0	1	41
A_PB1	720	1	T	0	0	1	50
A_PB1	721	1	A	0	0	1	50
A_PB1	722	1	T	0	0	1	50
A_PB1	723	1	C	0	0	1	41
A_PB1	724	1	G	0	0	1	45
A_PB1	725	1	C	0	0	1	45
A_PB1	726	1	A	0	0	1	37
A_PB1	727	1	A	0	0	1	42
A_PB1	728	1	C	0	0	1	39
A_PB1	729	1	A	0	0	1	39
A_PB1	730	1	C	0	0	1	40
A_PB1	731	1	C	0	0	1	45
A_PB1	732	1	T	0	0	1	42
A_PB1	733	1	G	0	0	1	39
A_PB1	734	1	G	0	0	1	39
A_PB1	735	1	G	0	0	1	41
A_PB1	736	1	A	0	0	1	48
A_PB1	737	1	T	0	0	1	45
A_PB1	738	1	G	0	0	1	42
A_PB1	739	1	C	0	0	1	50
A_PB1	740	1	A	0	0	1	42
A_PB1	741	1	G	0	0	1	50
A_PB1	742	1	A	0	0	1	47
A_PB1	743	1	T	0	0	1	40
A_PB1	744	1	T	0	0	1	41
A_PB1	745	1	A	0	0	1	45
A_PB1	746	1	G	0	0	1	48
A_PB1	747	1	A	0	0	1	39
A_PB1	748	1	G	0	0	1	41
A_PB1	749	1	G	0	0	1	47
A_PB1	750	1	T	0	0	1	43
A_PB1	751	1	T	0	0	1	39
A_PB1	752	1	T	0	0	1	44
A_PB1	753	1	C	0	0	1	39
A_PB1	754	1	G	0	0	1	40
A_PB1	755	1	T	0	0	1	39
A_PB1	756	1	A	0	0	1	39
A_PB1	757	1	T	0	0	1	38
A_PB1	758	1	A	0	0	1	41
A_PB1	759	1	C	0	0	1	30
A_PB1	760	1	T	0	0	1	28
A_PB1	761	1	T	0	0	1	28
A_PB1	762	1	T	0	0	1	28
A_PB1	763	1	G	0	0	1	28
A_PB1	764	1	T	0	0	1	50
A_PB1	765	1	T	0	0	1	50
A_PB1	766	1	G	0	0	1	25
A_PB1	767	1	A	0	0	1	25
A_PB1	768	1	A	0	0	1	40
A_PB1	769	1	A	0	0	1	40
A_PB1	770	1	C	0	0	1	39
A_PB1	771	1	T	0	0	1	42
A_PB1	772	1	T	0	0	1	44
A_PB1	773	1	T	0	0	1	38
A_PB1	774	1	A	0	0	1	38
A_PB1	775	1	G	0	0	1	41
A_PB1	776	1	C	0	0	1	45
A_PB1	777	1	T	0	0	1	41
A_PB1	778	1	A	0	0	1	42
A_PB1	779	1	G	0	0	1	45
A_PB1	780	1	G	0	0	1	50
A_PB1	781	1	A	0	0	1	45
A_PB1	782	1	G	0	0	1	43
A_PB1	783	1	C	0	0	1	40
A_PB1	784	1	A	0	0	1	45
A_PB1	785	1	T	0	0	1	49
A_PB1	786	1	T	0	0	1	46
A_PB1	787	1	T	0	0	1	46
A_PB1	788	1	G	0	0	1	33
A_PB1	789	1	C	0	0	1	34
A_PB1	790	1	G	0	0	1	32
A_PB1	791	1	A	0	0	1	31
A_PB1	792	1	A	0	0	1	32
A_PB1	793	1	A	0	0	1	33
A_PB1	794	1	A	0	0	1	37
A_PB1	795	1	G	0	0	1	39
A_PB1	796	1	C	0	0	1	36
A_PB1	797	1	T	0	0	1	35
A_PB1	798	1	T	0	0	1	34
A_PB1	799	1	G	0	0	1	29
A_PB1	800	1	A	0	0	1	28
A_PB1	801	1	A	0	0	1	28
A_PB1	802	1	C	0	0	1	33
A_PB1	803	1	A	0	0	1	33
A_PB1	804	1	G	0	0	1	33
A_PB1	805	1	T	0	0	1	33
A_PB1	806	1	C	0	0	1	32
A_PB1	807	1	T	0	0	1	36
A_PB1	808	1	G	0	0	1	38
A_PB1	809	1	G	0	0	1	41
A_PB1	810	1	G	0	0	1	39
A_PB1	811	1	C	0	0	1	47
A_PB1	812	1	T	0	0	1	41
A_PB1	813	1	C	0	0	1	39
A_PB1	814	1	C	0	0	1	44
A_PB1	815	1	C	0	0	1	44
A_PB1	816	1	A	0	0	1	38
A_PB1	817	1	G	0	0	1	42
A_PB1	818	1	T	0	0	1	41
A_PB1	819	1	A	0	0	1	34
A_PB1	820	1	G	0	0	1	34
A_PB1	821	1	G	0	0	1	33
A_PB1	822	1	G	0	0	1	32
A_PB1	823	1	G	0	0	1	50
A_PB1	824	1	G	0	0	1	43
A_PB1	825	1	C	0	0	1	44
A_PB1	826	1	A	0	0	1	36
A_PB1	827	1	A	0	0	1	38
A_PB1	828	1	T	0	0	1	35
A_PB1	829	1	G	0	0	1	27
A_PB1	830	1	A	0	0	1	26
A_PB1	831	1	A	0	0	1	27
A_PB1	832	1	A	0	0	1	27
A_PB1	833	1	A	0	0	1	28
A_PB1	834	1	G	0	0	1	25
A_PB1	835	1	A	0	0	1	41
A_PB1	836	1	A	0	0	1	47
A_PB1	837	1	G	0	0	1	43
A_PB1	838	1	G	0	0	1	43
A_PB1	839	1	C	0	0	1	44
A_PB1	840	1	C	0	0	1	38
A_PB1	841	1	A	0	0	1	39
A_PB1	842	1	A	0	0	1	40
A_PB1	843	1	A	0	0	1	47
A_PB1	844	1	T	0	0	1	41
A_PB1	845	1	T	0	0	1	43
A_PB1	846	1	G	0	0	1	49
A_PB1	847	1	G	0	0	1	37
A_PB1	848	1	C	0	0	1	44
A_PB1	849	1	A	0	0	1	40
A_PB1	850	1	A	0	0	1	40
A_PB1	851	1	A	0	0	1	37
A_PB1	852	1	T	0	0	1	38
A_PB1	853	1	G	0	0	1	37
A_PB1	854	1	T	0	0	1	36
A_PB1	855	1	T	0	0	1	40
A_PB1	856	1	G	0	0	1	34
A_PB1	857	1	T	0	0	1	27
A_PB1	858	1	G	0	0	1	19
A_PB1	859	1	A	0	0	1	15
A_PB1	860	1	G	0	0	1	9
A_PB1	861	1	A	0	0	1	8
A_PB1	862	1	A	0	0	1	7
A_PB1	863	1	A	0	0	1	5
A_PB1	864	1	G	0	0	1	5
A_PB1	865	1	A	0	0	1	5
A_PB1	866	1	T	0	0	1	6
A_PB1	867	1	G	0	0	1	5
A_PB1	868	1	A	0	0	1	5
A_PB1	869	1	T	0	0	1	7
A_PB1	870	1	G	0	0	1	15
A_PB1	871	1	A	0	0	1	18
A_PB1	872	1	C	0	0	1	18
A_PB1	873	1	T	0	0	1	21
A_PB1	874	1	A	0	0	1	23
A_PB1	875	1	A	0	0	1	23
A_PB1	876	1	T	0	0	1	23
A_PB1	877	1	T	0	0	1	38
A_PB1	878	1	C	0	0	1	39
A_PB1	879	1	A	0	0	1	39
A_PB1	880	1	C	0	0	1	40
A_PB1	881	1	A	0	0	1	42
A_PB1	882	1	A	0	0	1	42
A_PB1	883	1	G	0	0	1	44
A_PB1	884	1	A	0	0	1	42
A_PB1	885	1	T	0	0	1	42
A_PB1	886	1	A	0	0	1	44
A_PB1	887	1	C	0	0	1	41
A_PB1	888	1	A	0	0	1	40
A_PB1	889	1	G	0	0	1	44
A_PB1	890	1	A	0	0	1	43
A_PB1	891	1	G	0	0	1	38
A_PB1	892	1	A	0	0	1	39
A_PB1	893	1	T	0	0	1	40
A_PB1	894	1	T	0	0	1	44
A_PB1	895	1	T	0	0	1	44
A_PB1	896	1	C	0	0	1	44
A_PB1	897	1	T	0	0	1	45
A_PB1	898	1	T	0	0	1	50
A_PB1	899	1	T	0	0	1	41
A_PB1	900	1	C	0	0	1	41
A_PB1	901	1	A	0	0	1	44
A_PB1	902	1	C	0	0	1	45
A_PB1	903	1	A	0	0	1	44
A_PB1	904	1	A	0	0	1	50
A_PB1	905	1	T	0	0	1	44
A_PB1	906	1	C	0	0	1	44
A_PB1	907	1	A	0	0	1	50
A_PB1	908	1	C	0	0	1	50
A_PB1	909	1	T	0	0	1	44
A_PB1	910	1	G	0	0	1	45
A_PB1	911	1	G	0	0	1	46
A_PB1	912	1	G	0	0	1	43
A_PB1	913	1	G	0	0	1	42
A_PB1	914	1	A	0	0	1	42
A_PB1	915	1	C	0	0	1	40
A_PB1	916	1	A	0	0	1	39
A_PB1	917	1	A	0	0	1	42
A_PB1	918	1	C	0	0	1	39
A_PB1	919	1	A	0	0	1	42
A_PB1	920	1	C	0	0	1	40
A_PB1	921	1	T	0	0	1	44
A_PB1	922	1	A	0	0	1	49
A_PB1	923	1	A	0	0	1	39
A_PB1	924	1	A	0	0	1	44
A_PB1	925	1	T	0	0	1	43
A_PB1	926	1	G	0	0	1	42
A_PB1	927	1	G	0	0	1	40
A_PB1	928	1	A	0	0	1	50
A_PB1	929	1	A	0	0	1	40
A_PB1	930	1	T	0	0	1	43
A_PB1	931	1	G	0	0	1	39
A_PB1	932	1	A	0	0	1	43
A_PB1	933	1	G	0	0	1	45
A_PB1	934	1	A	0	0	1	45
A_PB1	935	1	A	0	0	1	44
A_PB1	936	1	T	0	0	1	50
A_PB1	937	1	C	0	0	1	46
A_PB1	938	1	A	0	0	1	50
A_PB1	939	1	A	0	0	1	39
A_PB1	940	1	A	0	0	1	43
A_PB1	941	1	A	0	0	1	42
A_PB1	942	1	T	0	0	1	43
A_PB1	943	1	C	0	0	1	39
A_PB1	944	1	C	0	0	1	40
A_PB1	945	1	T	0	0	1	50
A_PB1	946	1	C	0	0	1	36
A_PB1	947	1	G	0	0	1	36
A_PB1	948	1	A	0	0	1	37
A_PB1	949	1	A	0	0	1	44
A_PB1	950	1	T	0	0	1	45
A_PB1	951	1	G	0	0	1	46
A_PB1	952	1	T	0	0	1	50
A_PB1	953	1	T	0	0	1	50
A_PB1	954	1	C	0	0	1	43
A_PB1	955	1	C	0	0	1	50
A_PB1	956	1	T	0	0	1	44
A_PB1	957	1	T	0	0	1	50
A_PB1	958	1	G	0	0	1	43
A_PB1	959	1	C	0	0	1	44
A_PB1	960	1	G	0	0	1	40
A_PB1	961	1	A	0	0	1	49
A_PB1	962	1	T	0	0	1	44
A_PB1	963	1	G	0	0	1	41
A_PB1	964	1	A	0	0	1	50
A_PB1	965	1	T	0	0	1	50
A_PB1	966	1	T	0	0	1	42
A_PB1	967	1	A	0	0	1	46
A_PB1	968	1	C	0	0	1	41
A_PB1	969	1	A	0	0	1	44
A_PB1	970	1	T	0	0	1	50
A_PB1	971	1	A	0	0	1	45
A_PB1	972	1	T	0	0	1	40
A_PB1	973	1	A	0	0	1	44
A_PB1	974	1	T	0	0	1	39
A_PB1	975	1	C	0	0	1	42
A_PB1	976	1	A	0	0	1	42
A_PB1	977	1	C	0	0	1	50
A_PB1	978	1	C	0	0	1	42
A_PB1	979	1	A	0	0	1	40
A_PB1	980	1	G	0	0	1	43
A_PB1	981	1	A	0	0	1	41
A_PB1	982	1	A	0	0	1	37
A_PB1	983	1	A	0	0	1	36
A_PB1	984	1	T	0	0	1	36
A_PB1	985	1	C	0	0	1	35
A_PB1	986	1	A	0	0	1	37
A_PB1	987	1	A	0	0	1	40
A_PB1	988	1	C	0	0	1	46
A_PB1	989	1	C	0	0	1	36
A_PB1	990	1	C	0	0	1	26
A_PB1	991	1	G	0	0	1	22
A_PB1	992	1	A	0	0	1	23
A_PB1	993	1	G	0	0	1	23
A_PB1	994	1	T	0	0	1	22
A_PB1	995	1	G	0	0	1	23
A_PB1	996	1	G	0	0	1	23
A_PB1	997	1	T	0	0	1	23
A_PB1	998	1	T	0	0	1	16
A_PB1	999	1	T	0	0	1	17
A_PB1	1000	1	A	0	0	1	14
A_PB1	1001	1	G	0	0	1	14
A_PB1	1002	1	A	0	0	1	15
A_PB1	1003	1	A	0	0	1	15
A_PB1	1004	1	A	0	0	1	16
A_PB1	1005	1	C	0	0	1	16
A_PB1	1006	1	A	0	0	1	32
A_PB1	1007	1	T	0	0	1	41
A_PB1	1008	1	C	0	0	1	40
A_PB1	1009	1	C	0	0	1	42
A_PB1	1010	1	T	0	0	1	40
A_PB1	1011	1	G	0	0	1	44
A_PB1	1012	1	A	0	0	1	43
A_PB1	1013	1	G	0	0	1	45
A_PB1	1014	1	C	0	0	1	41
A_PB1	1015	1	A	0	0	1	40
A_PB1	1016	1	T	0	0	1	50
A_PB1	1017	1	G	0	0	1	43
A_PB1	1018	1	G	0	0	1	42
A_PB1	1019	1	C	0	0	1	41
A_PB1	1020	1	A	0	0	1	43
A_PB1	1021	1	C	0	0	1	50
A_PB1	1022	1	C	0	0	1	48
A_PB1	1023	1	C	0	0	1	40
A_PB1	1024	1	A	0	0	1	40
A_PB1	1025	1	T	0	0	1	50
A_PB1	1026	1	A	0	0	1	50
A_PB1	1027	1	A	0	0	1	46
A_PB1	1028	1	T	0	0	1	39
A_PB1	1029	1	G	0	0	1	45
A_PB1	1030	1	T	0	0	1	41
A_PB1	1031	1	T	0	0	1	42
A_PB1	1032	1	C	0	0	1	45
A_PB1	1033	1	T	0	0	1	40
A_PB1	1034	1	C	0	0	1	46
A_PB1	1035	1	A	0	0	1	45
A_PB1	1036	1	A	0	0	1	40
A_PB1	1037	1	A	0	0	1	45
A_PB1	1038	1	T	0	0	1	41
A_PB1	1039	1	A	0	0	1	43
A_PB1	1040	1	A	0	0	1	50
A_PB1	1041	1	A	0	0	1	43
A_PB1	1042	1	A	0	0	1	45
A_PB1	1043	1	T	0	0	1	44
A_PB1	1044	1	G	0	0	1	50
A_PB1	1045	1	G	0	0	1	45
A_PB1	1046	1	C	0	0	1	44
A_PB1	1047	1	A	0	0	1	42
A_PB1	1048	1	A	0	0	1	42
A_PB1	1049	1	G	0	0	1	41
A_PB1	1050	1	A	0	0	1	39
A_PB1	1051	1	C	0	0	1	46
A_PB1	1052	1	T	0	0	1	45
A_PB1	1053	1	A	0	0	1	47
A_PB1	1054	1	G	0	0	1	40
A_PB1	1055	1	G	0	0	1	50
A_PB1	1056	1	G	0	0	1	40
A_PB1	1057	1	A	0	0	1	42
A_PB1	1058	1	A	0	0	1	42
A_PB1	1059	1	A	0	0	1	50
A_PB1	1060	1	G	0	0	1	39
A_PB1	1061	1	G	0	0	1	44
A_PB1	1062	1	G	0	0	1	41
A_PB1	1063	1	T	0	0	1	41
A_PB1	1064	1	A	0	0	1	41
A_PB1	1065	1	C	0	0	1	38
A_PB1	1066	1	A	0	0	1	40
A_PB1	1067	1	T	0	0	1	45
A_PB1	1068	1	G	0	0	1	43
A_PB1	1069	1	T	0	0	1	44
A_PB1	1070	1	T	0	0	1	39
A_PB1	1071	1	C	0	0	1	26
A_PB1	1072	1	G	0	0	1	19
A_PB1	1073	1	A	0	0	1	18
A_PB1	1074	1	G	0	0	1	17
A_PB1	1075	1	A	0	0	1	16
A_PB1	1076	1	G	0	0	1	12
A_PB1	1077	1	T	0	0	1	10
A_PB1	1078	1	A	0	0	1	10
A_PB1	1079	1	A	0	0	1	10
A_PB1	1080	1	A	0	0	1	34
A_PB1	1081	1	A	0	0	1	35
A_PB1	1082	1	G	0	0	1	40
A_PB1	1083	1	A	0	0	1	43
A_PB1	1084	1	A	0	0	1	40
A_PB1	1085	1	T	0	0	1	35
A_PB1	1086	1	G	0	0	1	36
A_PB1	1087	1	A	0	0	1	36
A_PB1	1088	1	A	0	0	1	41
A_PB1	1089	1	G	0	0	1	42
A_PB1	1090	1	A	0	0	1	47
A_PB1	1091	1	T	0	0	1	43
A_PB1	1092	1	T	0	0	1	42
A_PB1	1093	1	C	0	0	1	50
A_PB1	1094	1	G	0	0	1	45
A_PB1	1095	1	A	0	0	1	50
A_PB1	1096	1	A	0	0	1	45
A_PB1	1097	1	C	0	0	1	43
A_PB1	1098	1	A	0	0	1	41
A_PB1	1099	1	C	0	0	1	39
A_PB1	1100	1	A	0	0	1	39
A_PB1	1101	1	A	0	0	1	43
A_PB1	1102	1	A	0	0	1	46
A_PB1	1103	1	T	0	0	1	40
A_PB1	1104	1	A	0	0	1	45
A_PB1	1105	1	C	0	0	1	45
A_PB1	1106	1	C	0	0	1	42
A_PB1	1107	1	A	0	0	1	41
A_PB1	1108	1	G	0	0	1	43
A_PB1	1109	1	C	0	0	1	42
A_PB1	1110	1	A	0	0	1	40
A_PB1	1111	1	G	0	0	1	38
A_PB1	1112	1	A	0	0	1	41
A_PB1	1113	1	A	0	0	1	42
A_PB1	1114	1	A	0	0	1	46
A_PB1	1115	1	T	0	0	1	42
A_PB1	1116	1	G	0	0	1	44
A_PB1	1117	1	C	0	0	1	42
A_PB1	1118	1	T	0	0	1	50
A_PB1	1119	1	A	0	0	1	50
A_PB1	1120	1	G	0	0	1	42
A_PB1	1121	1	C	0	0	1	40
A_PB1	1122	1	A	0	0	1	45
A_PB1	1123	1	A	0	0	1	40
A_PB1	1124	1	G	0	0	1	40
A_PB1	1125	1	C	0	0	1	50
A_PB1	1126	1	A	0	0	1	41
A_PB1	1127	1	T	0	0	1	43
A_PB1	1128	1	T	0	0	1	39
A_PB1	1129	1	G	0	0	1	41
A_PB1	1130	1	A	0	0	1	41
A_PB1	1131	1	T	0	0	1	41
A_PB1	1132	1	C	0	0	1	41
A_PB1	1133	1	T	0	0	1	46
A_PB1	1134	1	A	0	0	1	44
A_PB1	1135	1	A	0	0	1	48
A_PB1	1136	1	A	0	0	1	40
A_PB1	1137	1	G	0	0	1	41
A_PB1	1138	1	T	0	0	1	44
A_PB1	1139	1	A	0	0	1	39
A_PB1	1140	1	T	0	0	1	40
A_PB1	1141	1	T	0	0	1	43
A_PB1	1142	1	T	0	0	1	42
A_PB1	1143	1	C	0	0	1	50
A_PB1	1144	1	A	0	0	1	40
A_PB1	1145	1	A	0	0	1	43
A_PB1	1146	1	T	0	0	1	48
A_PB1	1147	1	G	0	0	1	43
A_PB1	1148	1	A	0	0	1	40
A_PB1	1149	1	A	0	0	1	43
A_PB1	1150	1	T	0	0	1	46
A_PB1	1151	1	C	0	0	1	46
A_PB1	1152	1	A	0	0	1	40
A_PB1	1153	1	A	0	0	1	42
A_PB1	1154	1	C	0	0	1	42
A_PB1	1155	1	A	0	0	1	44
A_PB1	1156	1	A	0	0	1	38
A_PB1	1157	1	G	0	0	1	37
A_PB1	1158	1	G	0	0	1	28
A_PB1	1159	1	A	0	0	1	24
A_PB1	1160	1	A	0	0	1	24
A_PB1	1161	1	G	0	0	1	24
A_PB1	1162	1	A	0	0	1	22
A_PB1	1163	1	A	0	0	1	27
A_PB1	1164	1	A	0	0	1	14
A_PB1	1165	1	A	0	0	1	14
A_PB1	1166	1	T	0	0	1	14
A_PB1	1167	1	T	0	0	1	14
A_PB1	1168	1	G	0	0	1	29
A_PB1	1169	1	A	0	0	1	29
A_PB1	1170	1	G	0	0	1	31
A_PB1	1171	1	A	0	0	1	36
A_PB1	1172	1	A	0	0	1	47
A_PB1	1173	1	G	0	0	1	43
A_PB1	1174	1	A	0	0	1	49
A_PB1	1175	1	T	0	0	1	50
A_PB1	1176	1	A	0	0	1	43
A_PB1	1177	1	A	0	0	1	50
A_PB1	1178	1	G	0	0	1	47
A_PB1	1179	1	G	0	0	1	41
A_PB1	1180	1	C	0	0	1	46
A_PB1	1181	1	C	0	0	1	44
A_PB1	1182	1	T	0	0	1	42
A_PB1	1183	1	C	0	0	1	50
A_PB1	1184	1	T	0	0	1	40
A_PB1	1185	1	T	0	0	1	38
A_PB1	1186	1	T	0	0	1	32
A_PB1	1187	1	T	0	0	1	45
A_PB1	1188	1	A	0	0	1	42
A_PB1	1189	1	A	0	0	1	46
A_PB1	1190	1	T	0	0	1	50
A_PB1	1191	1	G	0	0	1	43
A_PB1	1192	1	G	0	0	1	50
A_PB1	1193	1	A	0	0	1	39
A_PB1	1194	1	T	0	0	1	40
A_PB1	1195	1	G	0	0	1	44
A_PB1	1196	1	G	0	0	1	50
A_PB1	1197	1	C	0	0	1	43
A_PB1	1198	1	A	0	0	1	50
A_PB1	1199	1	C	0	0	1	43
A_PB1	1200	1	A	0	0	1	43
A_PB1	1201	1	G	0	0	1	45
A_PB1	1202	1	C	0	0	1	41
A_PB1	1203	1	A	0	0	1	42
A_PB1	1204	1	T	0	0	1	41
A_PB1	1205	1	C	0	0	1	33
A_PB1	1206	1	A	0	0	1	31
A_PB1	1207	1	T	0	0	1	31
A_PB1	1208	1	T	0	0	1	31
A_PB1	1209	1	G	0	0	1	21
A_PB1	1210	1	A	0	0	1	21
A_PB1	1211	1	G	0	0	1	21
A_PB1	1212	1	T	0	0	1	21
A_PB1	1213	1	C	0	0	1	22
A_PB1	1214	1	C	0	0	1	50
A_PB1	1215	1	T	0	0	1	40
A_PB1	1216	1	G	0	0	1	41
A_PB1	1217	1	G	0	0	1	46
A_PB1	1218	1	G	0	0	1	42
A_PB1	1219	1	A	0	0	1	45
A_PB1	1220	1	T	0	0	1	40
A_PB1	1221	1	G	0	0	1	45
A_PB1	1222	1	A	0	0	1	44
A_PB1	1223	1	T	0	0	1	50
A_PB1	1224	1	G	0	0	1	43
A_PB1	1225	1	A	0	0	1	40
A_PB1	1226	1	T	0	0	1	38
A_PB1	1227	1	G	0	0	1	35
A_PB1	1228	1	G	0	0	1	37
A_PB1	1229	1	G	0	0	1	46
A_PB1	1230	1	C	0	0	1	50
A_PB1	1231	1	A	0	0	1	42
A_PB1	1232	1	T	0	0	1	44
A_PB1	1233	1	G	0	0	1	47
A_PB1	1234	1	T	0	0	1	45
A_PB1	1235	1	T	0	0	1	50
A_PB1	1236	1	C	0	0	1	48
A_PB1	1237	1	A	0	0	1	50
A_PB1	1238	1	A	0	0	1	41
A_PB1	1239	1	C	0	0	1	46
A_PB1	1240	1	A	0	0	1	40
A_PB1	1241	1	T	0	0	1	50
A_PB1	1242	1	G	0	0	1	41
A_PB1	1243	1	C	0	0	1	50
A_PB1	1244	1	T	0	0	1	48
A_PB1	1245	1	A	0	0	1	38
A_PB1	1246	1	A	0	0	1	49
A_PB1	1247	1	G	0	0	1	43
A_PB1	1248	1	T	0	0	1	38
A_PB1	1249	1	A	0	0	1	41
A_PB1	1250	1	C	0	0	1	42
A_PB1	1251	1	G	0	0	1	40
A_PB1	1252	1	G	0	0	1	45
A_PB1	1253	1	T	0	0	1	50
A_PB1	1254	1	A	0	0	1	41
A_PB1	1255	1	T	0	0	1	41
A_PB1	1256	1	T	0	0	1	50
A_PB1	1257	1	G	0	0	1	44
A_PB1	1258	1	G	0	0	1	46
A_PB1	1259	1	G	0	0	1	43
A_PB1	1260	1	A	0	0	1	41
A_PB1	1261	1	G	0	0	1	43
A_PB1	1262	1	T	0	0	1	40
A_PB1	1263	1	C	0	0	1	49
A_PB1	1264	1	T	0	0	1	42
A_PB1	1265	1	C	0	0	1	46
A_PB1	1266	1	G	0	0	1	46
A_PB1	1267	1	A	0	0	1	50
A_PB1	1268	1	T	0	0	1	50
A_PB1	1269	1	A	0	0	1	42
A_PB1	1270	1	C	0	0	1	47
A_PB1	1271	1	T	0	0	1	46
A_PB1	1272	1	G	0	0	1	40
A_PB1	1273	1	A	0	0	1	43
A_PB1	1274	1	A	0	0	1	50
A_PB1	1275	1	T	0	0	1	41
A_PB1	1276	1	C	0	0	1	43
A_PB1	1277	1	T	0	0	1	45
A_PB1	1278	1	T	0	0	1	46
A_PB1	1279	1	G	0	0	1	50
A_PB1	1280	1	G	0	0	1	48
A_PB1	1281	1	A	0	0	1	42
A_PB1	1282	1	C	0	0	1	43
A_PB1	1283	1	A	0	0	1	27
A_PB1	1284	1	A	0	0	1	39
A_PB1	1285	1	A	0	0	1	39
A_PB1	1286	1	A	0	0	1	43
A_PB1	1287	1	G	0	0	1	45
A_PB1	1288	1	A	0	0	1	41
A_PB1	1289	1	A	0	0	1	44
A_PB1	1290	1	A	0	0	1	43
A_PB1	1291	1	T	0	0	1	50
A_PB1	1292	1	A	0	0	1	49
A_PB1	1293	1	C	0	0	1	41
A_PB1	1294	1	A	0	0	1	47
A_PB1	1295	1	C	0	0	1	46
A_PB1	1296	1	C	0	0	1	43
A_PB1	1297	1	A	0	0	1	50
A_PB1	1298	1	A	0	0	1	41
A_PB1	1299	1	G	0	0	1	43
A_PB1	1300	1	A	0	0	1	41
A_PB1	1301	1	C	0	0	1	49
A_PB1	1302	1	A	0	0	1	50
A_PB1	1303	1	A	0	0	1	48
A_PB1	1304	1	C	0	0	1	42
A_PB1	1305	1	A	0	0	1	50
A_PB1	1306	1	T	0	0	1	46
A_PB1	1307	1	A	0	0	1	43
A_PB1	1308	1	C	0	0	1	50
A_PB1	1309	1	T	0	0	1	42
A_PB1	1310	1	G	0	0	1	40
A_PB1	1311	1	G	0	0	1	42
A_PB1	1312	1	T	0	0	1	45
A_PB1	1313	1	G	0	0	1	50
A_PB1	1314	1	G	0	0	1	50
A_PB1	1315	1	G	0	0	1	50
A_PB1	1316	1	A	0	0	1	44
A_PB1	1317	1	T	0	0	1	40
A_PB1	1318	1	G	0	0	1	39
A_PB1	1319	1	G	0	0	1	42
A_PB1	1320	1	G	0	0	1	43
A_PB1	1321	1	C	0	0	1	42
A_PB1	1322	1	T	0	0	1	42
A_PB1	1323	1	C	0	0	1	37
A_PB1	1324	1	C	0	0	1	37
A_PB1	1325	1	A	0	0	1	36
A_PB1	1326	1	A	0	0	1	37
A_PB1	1327	1	T	0	0	1	38
A_PB1	1328	1	C	0	0	1	42
A_PB1	1329	1	A	0	0	1	50
A_PB1	1330	1	T	0	0	1	50
A_PB1	1331	1	C	0	0	1	42
A_PB1	1332	1	C	0	0	1	38
A_PB1	1333	1	G	0	0	1	41
A_PB1	1334	1	A	0	0	1	47
A_PB1	1335	1	C	0	0	1	41
A_PB1	1336	1	G	0	0	1	43
A_PB1	1337	1	A	0	0	1	41
A_PB1	1338	1	T	0	0	1	50
A_PB1	1339	1	T	0	0	1	43
A_PB1	1340	1	T	0	0	1	46
A_PB1	1341	1	T	0	0	1	39
A_PB1	1342	1	G	0	0	1	35
A_PB1	1343	1	C	0	0	1	39
A_PB1	1344	1	T	0	0	1	50
A_PB1	1345	1	C	0	0	1	44
A_PB1	1346	1	T	0	0	1	37
A_PB1	1347	1	C	0	0	1	32
A_PB1	1348	1	A	0	0	1	33
A_PB1	1349	1	T	0	0	1	35
A_PB1	1350	1	A	0	0	1	35
A_PB1	1351	1	G	0	0	1	37
A_PB1	1352	1	T	0	0	1	36
A_PB1	1353	1	G	0	0	1	39
A_PB1	1354	1	A	0	0	1	38
A_PB1	1355	1	A	0	0	1	40
A_PB1	1356	1	T	0	0	1	40
A_PB1	1357	1	G	0	0	1	39
A_PB1	1358	1	C	0	0	1	50
A_PB1	1359	1	A	0	0	1	39
A_PB1	1360	1	C	0	0	1	42
A_PB1	1361	1	C	0	0	1	38
A_PB1	1362	1	A	0	0	1	37
A_PB1	1363	1	A	0	0	1	38
A_PB1	1364	1	A	0	0	1	37
A_PB1	1365	1	C	0	0	1	43
A_PB1	1366	1	C	0	0	1	39
A_PB1	1367	1	A	0	0	1	43
A_PB1	1368	1	T	0	0	1	40
A_PB1	1369	1	G	0	0	1	48
A_PB1	1370	1	A	0	0	1	44
A_PB1	1371	1	A	0	0	1	42
A_PB1	1372	1	G	0	0	1	45
A_PB1	1373	1	G	0	0	1	45
A_PB1	1374	1	A	0	0	1	46
A_PB1	1375	1	A	0	0	1	44
A_PB1	1376	1	T	0	0	1	48
A_PB1	1377	1	A	0	0	1	43
A_PB1	1378	1	C	0	0	1	41
A_PB1	1379	1	A	0	0	1	44
A_PB1	1380	1	A	0	0	1	37
A_PB1	1381	1	G	0	0	1	37
A_PB1	1382	1	C	0	0	1	36
A_PB1	1383	1	A	0	0	1	38
A_PB1	1384	1	G	0	0	1	42
A_PB1	1385	1	G	0	0	1	41
A_PB1	1386	1	A	0	0	1	45
A_PB1	1387	1	G	0	0	1	41
A_PB1	1388	1	T	0	0	1	42
A_PB1	1389	1	G	0	0	1	41
A_PB1	1390	1	G	0	0	1	41
A_PB1	1391	1	A	0	0	1	41
A_PB1	1392	1	C	0	0	1	44
A_PB1	1393	1	A	0	0	1	40
A_PB1	1394	1	G	0	0	1	46
A_PB1	1395	1	A	0	0	1	44
A_PB1	1396	1	T	0	0	1	45
A_PB1	1397	1	T	0	0	1	48
A_PB1	1398	1	C	0	0	1	49
A_PB1	1399	1	T	0	0	1	46
A_PB1	1400	1	A	0	0	1	50
A_PB1	1401	1	C	0	0	1	50
A_PB1	1402	1	A	0	0	1	41
A_PB1	1403	1	G	0	0	1	45
A_PB1	1404	1	G	0	0	1	41
A_PB1	1405	1	A	0	0	1	44
A_PB1	1406	1	C	0	0	1	46
A_PB1	1407	1	C	0	0	1	50
A_PB1	1408	1	T	0	0	1	46
A_PB1	1409	1	G	0	0	1	44
A_PB1	1410	1	C	0	0	1	50
A_PB1	1411	1	A	0	0	1	46
A_PB1	1412	1	A	0	0	1	50
A_PB1	1413	1	A	0	0	1	50
A_PB1	1414	1	T	0	0	1	44
A_PB1	1415	1	T	0	0	1	46
A_PB1	1416	1	A	0	0	1	48
A_PB1	1417	1	G	0	0	1	46
A_PB1	1418	1	T	0	0	1	42
A_PB1	1419	1	G	0	0	1	44
A_PB1	1420	1	G	0	0	1	45
A_PB1	1421	1	G	0	0	1	41
A_PB1	1422	1	A	0	0	1	50
A_PB1	1423	1	A	0	0	1	43
A_PB1	1424	1	T	0	0	1	45
A_PB1	1425	1	C	0	0	1	49
A_PB1	1426	1	A	0	0	1	43
A_PB1	1427	1	A	0	0	1	42
A_PB1	1428	1	C	0	0	1	46
A_PB1	1429	1	A	0	0	1	42
A_PB1	1430	1	T	0	0	1	50
A_PB1	1431	1	G	0	0	1	43
A_PB1	1432	1	A	0	0	1	44
A_PB1	1433	1	G	0	0	1	50
A_PB1	1434	1	C	0	0	1	50
A_PB1	1435	1	A	0	0	1	39
A_PB1	1436	1	A	0	0	1	34
A_PB1	1437	1	A	0	0	1	38
A_PB1	1438	1	A	0	0	1	46
A_PB1	1439	1	A	0	0	1	45
A_PB1	1440	1	G	0	0	1	44
A_PB1	1441	1	A	0	0	1	42
A_PB1	1442	1	A	0	0	1	44
A_PB1	1443	1	G	0	0	1	40
A_PB1	1444	1	T	0	0	1	42
A_PB1	1445	1	C	0	0	1	41
A_PB1	1446	1	C	0	0	1	45
A_PB1	1447	1	T	0	0	1	43
A_PB1	1448	1	A	0	0	1	42
A_PB1	1449	1	T	0	0	1	44
A_PB1	1450	1	A	0	0	1	42
A_PB1	1451	1	T	0	0	1	39
A_PB1	1452	1	A	0	0	1	41
A_PB1	1453	1	A	0	0	1	41
A_PB1	1454	1	A	0	0	1	50
A_PB1	1455	1	T	0	0	1	43
A_PB1	1456	1	A	0	0	1	45
A_PB1	1457	1	A	0	0	1	50
A_PB1	1458	1	G	0	0	1	46
A_PB1	1459	1	A	0	0	1	48
A_PB1	1460	1	C	0	0	1	50
A_PB1	1461	1	A	0	0	1	41
A_PB1	1462	1	G	0	0	1	41
A_PB1	1463	1	G	0	0	1	50
A_PB1	1464	1	G	0	0	1	44
A_PB1	1465	1	A	0	0	1	50
A_PB1	1466	1	C	0	0	1	43
A_PB1	1467	1	A	0	0	1	40
A_PB1	1468	1	T	0	0	1	43
A_PB1	1469	1	T	0	0	1	44
A_PB1	1470	1	T	0	0	1	50
A_PB1	1471	1	G	0	0	1	46
A_PB1	1472	1	A	0	0	1	45
A_PB1	1473	1	A	0	0	1	50
A_PB1	1474	1	T	0	0	1	44
A_PB1	1475	1	T	0	0	1	43
A_PB1	1476	1	C	0	0	1	42
A_PB1	1477	1	A	0	0	1	46
A_PB1	1478	1	C	0	0	1	43
A_PB1	1479	1	A	0	0	1	50
A_PB1	1480	1	A	0	0	1	43
A_PB1	1481	1	G	0	0	1	50
A_PB1	1482	1	C	0	0	1	40
A_PB1	1483	1	T	0	0	1	36
A_PB1	1484	1	T	0	0	1	45
A_PB1	1485	1	T	0	0	1	36
A_PB1	1486	1	T	0	0	1	46
A_PB1	1487	1	T	0	0	1	42
A_PB1	1488	1	T	0	0	1	44
A_PB1	1489	1	T	0	0	1	50
A_PB1	1490	1	A	0	0	1	47
A_PB1	1491	1	T	0	0	1	46
A_PB1	1492	1	C	0	0	1	46
A_PB1	1493	1	G	0	0	1	39
A_PB1	1494	1	C	0	0	1	42
A_PB1	1495	1	T	0	0	1	42
A_PB1	1496	1	A	0	0	1	40
A_PB1	1497	1	T	0	0	1	44
A_PB1	1498	1	G	0	0	1	41
A_PB1	1499	1	G	0	0	1	50
A_PB1	1500	1	A	0	0	1	40
A_PB1	1501	1	T	0	0	1	48
A_PB1	1502	1	T	0	0	1	50
A_PB1	1503	1	T	0	0	1	50
A_PB1	1504	1	G	0	0	1	44
A_PB1	1505	1	T	0	0	1	42
A_PB1	1506	1	G	0	0	1	44
A_PB1	1507	1	G	0	0	1	50
A_PB1	1508	1	C	0	0	1	49
A_PB1	1509	1	T	0	0	1	42
A_PB1	1510	1	A	0	0	1	43
A_PB1	1511	1	A	0	0	1	48
A_PB1	1512	1	T	0	0	1	43
A_PB1	1513	1	T	0	0	1	45
A_PB1	1514	1	T	0	0	1	50
A_PB1	1515	1	T	0	0	1	42
A_PB1	1516	1	A	0	0	1	43
A_PB1	1517	1	G	0	0	1	43
A_PB1	1518	1	C	0	0	1	50
A_PB1	1519	1	A	0	0	1	40
A_PB1	1520	1	T	0	0	1	40
A_PB1	1521	1	G	0	0	1	39
A_PB1	1522	1	G	0	0	1	50
A_PB1	1523	1	A	0	0	1	49
A_PB1	1524	1	G	0	0	1	43
A_PB1	1525	1	C	0	0	1	44
A_PB1	1526	1	T	0	0	1	41
A_PB1	1527	1	A	0	0	1	43
A_PB1	1528	1	C	0	0	1	40
A_PB1	1529	1	C	0	0	1	41
A_PB1	1530	1	T	0	0	1	42
A_PB1	1531	1	A	0	0	1	43
A_PB1	1532	1	G	0	0	1	43
A_PB1	1533	1	C	0	0	1	50
A_PB1	1534	1	T	0	0	1	45
A_PB1	1535	1	T	0	0	1	49
A_PB1	1536	1	T	0	0	1	47
A_PB1	1537	1	G	0	0	1	43
A_PB1	1538	1	G	0	0	1	42
A_PB1	1539	1	A	0	0	1	50
A_PB1	1540	1	G	0	0	1	44
A_PB1	1541	1	T	0	0	1	44
A_PB1	1542	1	G	0	0	1	44
A_PB1	1543	1	T	0	0	1	42
A_PB1	1544	1	C	0	0	1	43
A_PB1	1545	1	T	0	0	1	50
A_PB1	1546	1	G	0	0	1	42
A_PB1	1547	1	G	0	0	1	43
A_PB1	1548	1	A	0	0	1	43
A_PB1	1549	1	G	0	0	1	45
A_PB1	1550	1	T	0	0	1	48
A_PB1	1551	1	A	0	0	1	44
A_PB1	1552	1	A	0	0	1	46
A_PB1	1553	1	A	0	0	1	45
A_PB1	1554	1	T	0	0	1	46
A_PB1	1555	1	G	0	0	1	50
A_PB1	1556	1	A	0	0	1	39
A_PB1	1557	1	A	0	0	1	42
A_PB1	1558	1	T	0	0	1	43
A_PB1	1559	1	C	0	0	1	48
A_PB1	1560	1	A	0	0	1	50
A_PB1	1561	1	G	0	0	1	44
A_PB1	1562	1	C	0	0	1	47
A_PB1	1563	1	T	0	0	1	45
A_PB1	1564	1	G	0	0	1	50
A_PB1	1565	1	A	0	0	1	43
A_PB1	1566	1	C	0	0	1	42
A_PB1	1567	1	A	0	0	1	45
A_PB1	1568	1	T	0	0	1	50
A_PB1	1569	1	G	0	0	1	41
A_PB1	1570	1	A	0	0	1	41
A_PB1	1571	1	G	0	0	1	39
A_PB1	1572	1	T	0	0	1	42
A_PB1	1573	1	A	0	0	1	43
A_PB1	1574	1	T	0	0	1	42
A_PB1	1575	1	T	0	0	1	47
A_PB1	1576	1	G	0	0	1	43
A_PB1	1577	1	G	0	0	1	45
A_PB1	1578	1	A	0	0	1	50
A_PB1	1579	1	G	0	0	1	49
A_PB1	1580	1	T	0	0	1	50
A_PB1	1581	1	A	0	0	1	45
A_PB1	1582	1	A	0	0	1	42
A_PB1	1583	1	C	0	0	1	50
A_PB1	1584	1	A	0	0	1	40
A_PB1	1585	1	G	0	0	1	43
A_PB1	1586	1	T	0	0	1	43
A_PB1	1587	1	G	0	0	1	50
A_PB1	1588	1	A	0	0	1	41
A_PB1	1589	1	T	0	0	1	50
A_PB1	1590	1	A	0	0	1	45
A_PB1	1591	1	A	0	0	1	50
A_PB1	1592	1	A	0	0	1	45
A_PB1	1593	1	G	0	0	1	44
A_PB1	1594	1	A	0	0	1	45
A_PB1	1595	1	A	0	0	1	43
A_PB1	1596	1	C	0	0	1	42
A_PB1	1597	1	A	0	0	1	41
A_PB1	1598	1	A	0	0	1	39
A_PB1	1599	1	C	0	0	1	39
A_PB1	1600	1	A	0	0	1	41
A_PB1	1601	1	T	0	0	1	41
A_PB1	1602	1	G	0	0	1	49
A_PB1	1603	1	A	0	0	1	50
A_PB1	1604	1	T	0	0	1	45
A_PB1	1605	1	A	0	0	1	47
A_PB1	1606	1	A	0	0	1	45
A_PB1	1607	1	A	0	0	1	40
A_PB1	1608	1	C	0	0	1	41
A_PB1	1609	1	A	0	0	1	50
A_PB1	1610	1	A	0	0	1	43
A_PB1	1611	1	T	0	0	1	48
A_PB1	1612	1	G	0	0	1	41
A_PB1	1613	1	A	0	0	1	43
A_PB1	1614	1	C	0	0	1	43
A_PB1	1615	1	C	0	0	1	41
A_PB1	1616	1	T	0	0	1	40
A_PB1	1617	1	T	0	0	1	43
A_PB1	1618	1	G	0	0	1	39
A_PB1	1619	1	G	0	0	1	39
A_PB1	1620	1	A	0	0	1	40
A_PB1	1621	1	C	0	0	1	43
A_PB1	1622	1	C	0	0	1	42
A_PB1	1623	1	T	0	0	1	50
A_PB1	1624	1	G	0	0	1	48
A_PB1	1625	1	C	0	0	1	42
A_PB1	1626	1	A	0	0	1	43
A_PB1	1627	1	A	0	0	1	41
A_PB1	1628	1	C	0	0	1	46
A_PB1	1629	1	G	0	0	1	46
A_PB1	1630	1	G	0	0	1	42
A_PB1	1631	1	C	0	0	1	43
A_PB1	1632	1	T	0	0	1	42
A_PB1	1633	1	C	0	0	1	33
A_PB1	1634	1	A	0	0	1	35
A_PB1	1635	1	G	0	0	1	34
A_PB1	1636	1	A	0	0	1	34
A_PB1	1637	1	T	0	0	1	34
A_PB1	1638	1	G	0	0	1	42
A_PB1	1639	1	G	0	0	1	50
A_PB1	1640	1	C	0	0	1	50
A_PB1	1641	1	T	0	0	1	44
A_PB1	1642	1	C	0	0	1	44
A_PB1	1643	1	T	0	0	1	50
A_PB1	1644	1	T	0	0	1	42
A_PB1	1645	1	C	0	0	1	40
A_PB1	1646	1	A	0	0	1	43
A_PB1	1647	1	A	0	0	1	42
A_PB1	1648	1	T	0	0	1	47
A_PB1	1649	1	T	0	0	1	46
A_PB1	1650	1	G	0	0	1	47
A_PB1	1651	1	T	0	0	1	50
A_PB1	1652	1	T	0	0	1	50
A_PB1	1653	1	C	0	0	1	44
A_PB1	1654	1	A	0	0	1	45
A_PB1	1655	1	T	0	0	1	50
A_PB1	1656	1	A	0	0	1	50
A_PB1	1657	1	A	0	0	1	44
A_PB1	1658	1	A	0	0	1	41
A_PB1	1659	1	A	0	0	1	50
A_PB1	1660	1	G	0	0	1	42
A_PB1	1661	1	A	0	0	1	42
A_PB1	1662	1	C	0	0	1	40
A_PB1	1663	1	T	0	0	1	49
A_PB1	1664	1	A	0	0	1	44
A_PB1	1665	1	C	0	0	1	49
A_PB1	1666	1	A	0	0	1	44
A_PB1	1667	1	G	0	0	1	43
A_PB1	1668	1	A	0	0	1	44
A_PB1	1669	1	T	0	0	1	50
A_PB1	1670	1	A	0	0	1	42
A_PB1	1671	1	C	0	0	1	44
A_PB1	1672	1	A	0	0	1	47
A_PB1	1673	1	C	0	0	1	42
A_PB1	1674	1	A	0	0	1	42
A_PB1	1675	1	T	0	0	1	44
A_PB1	1676	1	A	0	0	1	44
A_PB1	1677	1	T	0	0	1	47
A_PB1	1678	1	A	0	0	1	41
A_PB1	1679	1	G	0	0	1	50
A_PB1	1680	1	G	0	0	1	42
A_PB1	1681	1	T	0	0	1	41
A_PB1	1682	1	G	0	0	1	44
A_PB1	1683	1	T	0	0	1	50
A_PB1	1684	1	C	0	0	1	48
A_PB1	1685	1	A	0	0	1	50
A_PB1	1686	1	T	0	0	1	41
A_PB1	1687	1	A	0	0	1	38
A_PB1	1688	1	G	0	0	1	35
A_PB1	1689	1	G	0	0	1	34
A_PB1	1690	1	G	0	0	1	34
A_PB1	1691	1	G	0	0	1	39
A_PB1	1692	1	A	0	0	1	50
A_PB1	1693	1	G	0	0	1	50
A_PB1	1694	1	A	0	0	1	50
A_PB1	1695	1	C	0	0	1	41
A_PB1	1696	1	A	0	0	1	39
A_PB1	1697	1	C	0	0	1	40
A_PB1	1698	1	A	0	0	1	40
A_PB1	1699	1	C	0	0	1	38
A_PB1	1700	1	A	0	0	1	38
A_PB1	1701	1	A	0	0	1	43
A_PB1	1702	1	A	0	0	1	46
A_PB1	1703	1	T	0	0	1	50
A_PB1	1704	1	T	0	0	1	50
A_PB1	1705	1	C	0	0	1	37
A_PB1	1706	1	A	0	0	1	38
A_PB1	1707	1	A	0	0	1	46
A_PB1	1708	1	A	0	0	1	50
A_PB1	1709	1	C	0	0	1	43
A_PB1	1710	1	G	0	0	1	44
A_PB1	1711	1	A	0	0	1	40
A_PB1	1712	1	G	0	0	1	50
A_PB1	1713	1	A	0	0	1	43
A_PB1	1714	1	A	0	0	1	50
A_PB1	1715	1	G	0	0	1	45
A_PB1	1716	1	A	0	0	1	43
A_PB1	1717	1	T	0	0	1	46
A_PB1	1718	1	C	0	0	1	48
A_PB1	1719	1	A	0	0	1	42
A_PB1	1720	1	T	0	0	1	41
A_PB1	1721	1	T	0	0	1	48
A_PB1	1722	1	T	0	0	1	50
A_PB1	1723	1	G	0	0	1	46
A_PB1	1724	1	A	0	0	1	46
A_PB1	1725	1	G	0	0	1	45
A_PB1	1726	1	T	0	0	1	42
A_PB1	1727	1	T	0	0	1	50
A_PB1	1728	1	G	0	0	1	42
A_PB1	1729	1	A	0	0	1	43
A_PB1	1730	1	A	0	0	1	46
A_PB1	1731	1	G	0	0	1	43
A_PB1	1732	1	A	0	0	1	48
A_PB1	1733	1	A	0	0	1	44
A_PB1	1734	1	G	0	0	1	45
A_PB1	1735	1	C	0	0	1	43
A_PB1	1736	1	T	0	0	1	39
A_PB1	1737	1	A	0	0	1	40
A_PB1	1738	1	T	0	0	1	41
A_PB1	1739	1	G	0	0	1	29
A_PB1	1740	1	G	0	0	1	29
A_PB1	1741	1	G	0	0	1	29
A_PB1	1742	1	A	0	0	1	29
A_PB1	1743	1	T	0	0	1	40
A_PB1	1744	1	C	0	0	1	36
A_PB1	1745	1	A	0	0	1	36
A_PB1	1746	1	A	0	0	1	35
A_PB1	1747	1	A	0	0	1	35
A_PB1	1748	1	C	0	0	1	35
A_PB1	1749	1	C	0	0	1	36
A_PB1	1750	1	C	0	0	1	42
A_PB1	1751	1	A	0	0	1	37
A_PB1	1752	1	A	0	0	1	39
A_PB1	1753	1	T	0	0	1	42
A_PB1	1754	1	C	0	0	1	43
A_PB1	1755	1	A	0	0	1	36
A_PB1	1756	1	A	0	0	1	45
A_PB1	1757	1	A	0	0	1	45
A_PB1	1758	1	A	0	0	1	41
A_PB1	1759	1	G	0	0	1	44
A_PB1	1760	1	T	0	0	1	42
A_PB1	1761	1	A	0	0	1	38
A_PB1	1762	1	G	0	0	1	40
A_PB1	1763	1	G	0	0	1	41
A_PB1	1764	1	G	0	0	1	44
A_PB1	1765	1	C	0	0	1	42
A_PB1	1766	1	T	0	0	1	48
A_PB1	1767	1	A	0	0	1	44
A_PB1	1768	1	T	0	0	1	50
A_PB1	1769	1	T	0	0	1	50
A_PB1	1770	1	A	0	0	1	42
A_PB1	1771	1	G	0	0	1	44
A_PB1	1772	1	T	0	0	1	42
A_PB1	1773	1	A	0	0	1	42
A_PB1	1774	1	T	0	0	1	45
A_PB1	1775	1	C	0	0	1	42
A_PB1	1776	1	A	0	0	1	50
A_PB1	1777	1	G	0	0	1	50
A_PB1	1778	1	A	0	0	1	50
A_PB1	1779	1	T	0	0	1	41
A_PB1	1780	1	G	0	0	1	41
A_PB1	1781	1	G	0	0	1	42
A_PB1	1782	1	A	0	0	1	47
A_PB1	1783	1	G	0	0	1	50
A_PB1	1784	1	G	0	0	1	42
A_PB1	1785	1	A	0	0	1	45
A_PB1	1786	1	C	0	0	1	43
A_PB1	1787	1	C	0	0	1	39
A_PB1	1788	1	A	0	0	1	39
A_PB1	1789	1	A	0	0	1	50
A_PB1	1790	1	A	0	0	1	42
A_PB1	1791	1	C	0	0	1	50
A_PB1	1792	1	T	0	0	1	50
A_PB1	1793	1	T	0	0	1	50
A_PB1	1794	1	A	0	0	1	43
A_PB1	1795	1	T	0	0	1	38
A_PB1	1796	1	A	0	0	1	46
A_PB1	1797	1	C	0	0	1	40
A_PB1	1798	1	A	0	0	1	46
A_PB1	1799	1	A	0	0	1	50
A_PB1	1800	1	C	0	0	1	50
A_PB1	1801	1	A	0	0	1	50
A_PB1	1802	1	T	0	0	1	43
A_PB1	1803	1	A	0	0	1	41
A_PB1	1804	1	C	0	0	1	40
A_PB1	1805	1	G	0	0	1	40
A_PB1	1806	1	G	0	0	1	39
A_PB1	1807	1	A	0	0	1	38
A_PB1	1808	1	A	0	0	1	41
A_PB1	1809	1	T	0	0	1	39
A_PB1	1810	1	C	0	0	1	38
A_PB1	1811	1	T	0	0	1	42
A_PB1	1812	1	T	0	0	1	46
A_PB1	1813	1	C	0	0	1	40
A_PB1	1814	1	A	0	0	1	46
A_PB1	1815	1	C	0	0	1	44
A_PB1	1816	1	A	0	0	1	46
A_PB1	1817	1	T	0	0	1	48
A_PB1	1818	1	C	0	0	1	45
A_PB1	1819	1	C	0	0	1	40
A_PB1	1820	1	C	0	0	1	41
A_PB1	1821	1	T	0	0	1	41
A_PB1	1822	1	G	0	0	1	44
A_PB1	1823	1	A	0	0	1	47
A_PB1	1824	1	A	0	0	1	42
A_PB1	1825	1	G	0	0	1	42
A_PB1	1826	1	T	0	0	1	50
A_PB1	1827	1	C	0	0	1	42
A_PB1	1828	1	T	0	0	1	42
A_PB1	1829	1	G	0	0	1	43
A_PB1	1830	1	T	0	0	1	43
A_PB1	1831	1	T	0	0	1	41
A_PB1	1832	1	T	0	0	1	44
A_PB1	1833	1	A	0	0	1	38
A_PB1	1834	1	A	0	0	1	44
A_PB1	1835	1	A	0	0	1	50
A_PB1	1836	1	A	0	0	1	48
A_PB1	1837	1	T	0	0	1	44
A_PB1	1838	1	G	0	0	1	40
A_PB1	1839	1	G	0	0	1	39
A_PB1	1840	1	G	0	0	1	42
A_PB1	1841	1	A	0	0	1	50
A_PB1	1842	1	G	0	0	1	42
A_PB1	1843	1	T	0	0	1	43
A_PB1	1844	1	T	0	0	1	43
A_PB1	1845	1	A	0	0	1	47
A_PB1	1846	1	A	0	0	1	46
A_PB1	1847	1	T	0	0	1	45
A_PB1	1848	1	G	0	0	1	50
A_PB1	1849	1	G	0	0	1	42
A_PB1	1850	1	A	0	0	1	42
A_PB1	1851	1	T	0	0	1	47
A_PB1	1852	1	G	0	0	1	50
A_PB1	1853	1	A	0	0	1	50
A_PB1	1854	1	T	0	0	1	50
A_PB1	1855	1	G	0	0	1	47
A_PB1	1856	1	A	0	0	1	44
A_PB1	1857	1	T	0	0	1	50
A_PB1	1858	1	T	0	0	1	40
A_PB1	1859	1	A	0	0	1	41
A_PB1	1860	1	T	0	0	1	50
A_PB1	1861	1	C	0	0	1	32
A_PB1	1862	1	G	0	0	1	32
A_PB1	1863	1	G	0	0	1	32
A_PB1	1864	1	G	0	0	1	33
A_PB1	1865	1	G	0	0	1	33
A_PB1	1866	1	A	0	0	1	38
A_PB1	1867	1	A	0	0	1	45
A_PB1	1868	1	G	0	0	1	43
A_PB1	1869	1	A	0	0	1	45
A_PB1	1870	1	C	0	0	1	39
A_PB1	1871	1	T	0	0	1	41
A_PB1	1872	1	T	0	0	1	37
A_PB1	1873	1	T	0	0	1	36
A_PB1	1874	1	G	0	0	1	30
A_PB1	1875	1	T	0	0	1	36
A_PB1	1876	1	A	0	0	1	38
A_PB1	1877	1	A	0	0	1	40
A_PB1	1878	1	T	0	0	1	43
A_PB1	1879	1	C	0	0	1	50
A_PB1	1880	1	C	0	0	1	41
A_PB1	1881	1	C	0	0	1	43
A_PB1	1882	1	C	0	0	1	27
A_PB1	1883	1	T	0	0	1	37
A_PB1	1884	1	G	0	0	1	24
A_PB1	1885	1	A	0	0	1	24
A_PB1	1886	1	A	0	0	1	24
A_PB1	1887	1	T	0	0	1	30
A_PB1	1888	1	C	0	0	1	36
A_PB1	1889	1	C	0	0	1	38
A_PB1	1890	1	C	0	0	1	34
A_PB1	1891	1	T	0	0	1	29
A_PB1	1892	1	T	0	0	1	14
A_PB1	1893	1	T	0	0	1	13
A_PB1	1894	1	G	0	0	1	13
A_PB1	1895	1	T	0	0	1	13
A_PB1	1896	1	G	0	0	1	13
A_PB1	1897	1	A	0	0	1	14
A_PB1	1898	1	G	0	0	1	13
A_PB1	1899	1	C	0	0	1	13
A_PB1	1900	1	C	0	0	1	13
A_PB1	1901	1	A	0	0	1	13
A_PB1	1902	1	T	0	0	1	13
A_PB1	1903	1	A	0	0	1	25
A_PB1	1904	1	A	0	0	1	38
A_PB1	1905	1	G	0	0	1	37
A_PB1	1906	1	G	0	0	1	35
A_PB1	1907	1	A	0	0	1	40
A_PB1	1908	1	G	0	0	1	46
A_PB1	1909	1	A	0	0	1	48
A_PB1	1910	1	T	0	0	1	44
A_PB1	1911	1	T	0	0	1	39
A_PB1	1912	1	G	0	0	1	49
A_PB1	1913	1	A	0	0	1	50
A_PB1	1914	1	C	0	0	1	50
A_PB1	1915	1	T	0	0	1	50
A_PB1	1916	1	C	0	0	1	44
A_PB1	1917	1	T	0	0	1	40
A_PB1	1918	1	G	0	0	1	41
A_PB1	1919	1	T	0	0	1	40
A_PB1	1920	1	A	0	0	1	40
A_PB1	1921	1	A	0	0	1	39
A_PB1	1922	1	A	0	0	1	40
A_PB1	1923	1	C	0	0	1	40
A_PB1	1924	1	A	0	0	1	40
A_PB1	1925	1	A	0	0	1	38
A_PB1	1926	1	T	0	0	1	42
A_PB1	1927	1	G	0	0	1	41
A_PB1	1928	1	C	0	0	1	44
A_PB1	1929	1	T	0	0	1	44
A_PB1	1930	1	G	0	0	1	43
A_PB1	1931	1	T	0	0	1	43
A_PB1	1932	14	G	0	0	14	41.2142857142857
A_PB1	1933	14	G	0	0	14	41.7857142857143
A_PB1	1934	14	T	0	0	14	39.2142857142857
A_PB1	1935	14	A	0	0	14	37.7142857142857
A_PB1	1936	14	A	0	0	14	36.8571428571429
A_PB1	1937	14	T	0	0	14	36.5
A_PB1	1938	14	G	0	0	14	38.3571428571429
A_PB1	1939	14	C	0	0	14	40.8571428571429
A_PB1	1940	14	C	0	0	14	42
A_PB1	1941	14	A	0	0	14	43.4285714285714
A_PB1	1942	14	G	0	0	14	41.3571428571429
A_PB1	1943	14	C	0	0	14	40.8571428571429
A_PB1	1944	14	C	0	0	14	42.2857142857143
A_PB1	1945	14	C	0	0	14	39.3571428571429
A_PB1	1946	14	A	0	0	14	38.0714285714286
A_PB1	1947	14	T	0	0	14	40.5714285714286
A_PB1	1948	14	G	0	0	14	38.5
A_PB1	1949	14	G	0	0	14	40.7142857142857
A_PB1	1950	14	C	0	0	14	41
A_PB1	1951	14	C	0	0	14	40.5714285714286
A_PB1	1952	14	C	0	0	14	43.3571428571429
A_PB1	1953	14	A	0	0	14	39.5714285714286
A_PB1	1954	14	G	0	0	14	40.8571428571429
A_PB1	1955	14	C	0	0	14	39.9285714285714
A_PB1	1956	14	C	0	0	14	40.0714285714286
A_PB1	1957	14	A	0	0	14	38.0714285714286
A_PB1	1958	14	A	0	0	14	38.6428571428571
A_PB1	1959	14	A	0	0	14	37
A_PB1	1960	14	A	0	0	14	35.8571428571429
A_PB1	1961	14	G	0	0	14	36.1428571428571
A_PB1	1962	14	C	0	0	14	37.7142857142857
A_PB1	1963	14	A	0	0	14	38
A_PB1	1964	14	T	0	0	14	37.5714285714286
A_PB1	1965	14	G	0	0	14	36.2857142857143
A_PB1	1966	14	G	0	0	14	36.4285714285714
A_PB1	1967	14	A	0	0	14	38.7142857142857
A_PB1	1968	14	A	0	0	14	40.6428571428571
A_PB1	1969	14	T	0	0	14	44.0714285714286
A_PB1	1970	14	A	0	0	14	44.6428571428571
A_PB1	1971	14	T	0	0	14	43.2857142857143
A_PB1	1972	14	G	0	0	14	43
A_PB1	1973	14	A	0	0	14	42.9285714285714
A_PB1	1974	14	T	0	0	14	43.0714285714286
A_PB1	1975	14	G	0	0	14	40.8571428571429
A_PB1	1976	14	C	0	0	14	40.1428571428571
A_PB1	1977	14	C	0	0	14	40.3571428571429
A_PB1	1978	14	G	0	0	14	40.2142857142857
A_PB1	1979	14	T	0	0	14	39.1428571428571
A_PB1	1980	14	C	0	0	14	41.2857142857143
A_PB1	1981	14	G	0	0	14	41.6428571428571
A_PB1	1982	14	C	0	0	14	42.2142857142857
A_PB1	1983	14	T	0	0	14	42.6428571428571
A_PB1	1984	14	A	0	0	14	41
A_PB1	1985	14	C	0	0	14	41.5714285714286
A_PB1	1986	14	T	0	0	14	42
A_PB1	1987	14	A	0	0	14	41.8571428571429
A_PB1	1988	14	C	0	0	14	42.0714285714286
A_PB1	1989	14	A	0	0	14	39.2142857142857
A_PB1	1990	14	C	0	0	14	41.1428571428571
A_PB1	1991	14	A	0	0	14	41.2857142857143
A_PB1	1992	14	T	0	0	14	41.9285714285714
A_PB1	1993	15	T	0	0	15	41.2666666666667
A_PB1	1994	15	C	0	0	15	41.8
A_PB1	1995	15	C	0	0	15	43.1333333333333
A_PB1	1996	15	T	0	0	15	42.6
A_PB1	1997	15	G	0	0	15	43.0666666666667
A_PB1	1998	15	G	0	0	15	42.4
A_PB1	1999	15	A	0	0	15	43.4
A_PB1	2000	15	T	0	0	15	41.2666666666667
A_PB1	2001	15	T	0	0	15	41.4666666666667
A_PB1	2002	15	C	0	0	15	39.4
A_PB1	2003	15	C	0	0	15	36.8666666666667
A_PB1	2004	15	C	0	0	15	36.0666666666667
A_PB1	2005	14	A	1	0	14	36
A_PB1	2006	15	A	0	0	14	36.8571428571429
A_PB1	2007	15	G	0	0	14	36.5714285714286
A_PB1	2008	15	A	0	0	15	39.0666666666667
A_PB1	2009	15	G	0	0	15	39.1333333333333
A_PB1	2010	15	G	0	0	15	39.2666666666667
A_PB1	2011	15	A	0	0	15	39.2666666666667
A_PB1	2012	15	A	0	0	15	40.5333333333333
A_PB1	2013	15	T	0	0	14	39.2857142857143
A_PB1	2014	15	C	0	0	15	35.6
A_PB1	2015	15	G	0	0	15	34.8
A_PB1	2016	15	T	0	0	14	34.0714285714286
A_PB1	2017	15	T	0	0	14	36.1428571428571
A_PB1	2018	15	C	0	0	14	36.5
A_PB1	2019	15	T	0	0	12	36
A_PB1	2020	15	A	0	0	14	36.2857142857143
A_PB1	2021	15	T	0	0	14	38.3571428571429
A_PB1	2022	15	T	0	0	15	34.5333333333333
A_PB1	2023	15	C	0	0	15	34.3333333333333
A_PB1	2024	15	T	0	0	15	34.0666666666667
A_PB1	2025	15	C	0	0	14	36
A_PB1	2026	15	A	0	0	15	37.4
A_PB1	2027	15	A	0	0	15	34.7333333333333
A_PB1	2028	15	C	0	0	15	36.9333333333333
A_PB1	2029	15	A	0	0	15	37.9333333333333
A_PB1	2030	15	C	0	0	15	37.8666666666667
A_PB1	2031	15	A	0	0	15	39.4
A_PB1	2032	15	A	0	0	15	40.2666666666667
A_PB1	2033	15	G	0	0	15	40.5333333333333
A_PB1	2034	15	C	0	0	15	41.6
A_PB1	2035	15	C	0	0	15	39.8666666666667
A_PB1	2036	15	A	0	0	15	39.1333333333333
A_PB1	2037	15	A	0	0	15	40.3333333333333
A_PB1	2038	15	A	0	0	15	39.1333333333333
A_PB1	2039	14	G	1	0	14	43.2857142857143
A_PB1	2040	14	G	1	0	14	41.5
A_PB1	2041	15	G	0	0	15	39.6666666666667
A_PB1	2042	15	G	0	0	15	39.2
A_PB1	2043	15	A	0	0	15	38
A_PB1	2044	15	A	0	0	15	37.5333333333333
A_PB1	2045	15	T	0	0	14	41.2142857142857
A_PB1	2046	15	T	0	0	15	37.8666666666667
A_PB1	2047	15	C	0	0	15	35.6666666666667
A_PB1	2048	14	T	1	0	14	38.9285714285714
A_PB1	2049	15	T	0	0	15	36.7333333333333
A_PB1	2050	15	G	0	0	15	34.6666666666667
A_PB1	2051	15	A	0	0	13	36.7692307692308
A_PB1	2052	15	G	0	0	15	35.0666666666667
A_PB1	2053	15	G	0	0	15	35.5333333333333
A_PB1	2054	15	A	0	0	15	36.4666666666667
A_PB1	2055	15	T	0	0	15	34
A_PB1	2056	15	G	0	0	15	37.6
A_PB1	2057	15	A	0	0	15	35.2
A_PB1	2058	15	A	0	0	15	34.7333333333333
A_PB1	2059	15	C	0	0	15	33.2666666666667
A_PB1	2060	15	A	0	0	15	36.0666666666667
A_PB1	2061	15	G	0	0	13	32
A_PB1	2062	15	A	0	0	15	31.8666666666667
A_PB1	2063	15	T	0	0	15	35.0666666666667
A_PB1	2064	15	G	0	0	15	34.5333333333333
A_PB1	2065	15	T	0	0	15	35.2
A_PB1	2066	15	A	0	0	14	35.1428571428571
A_PB1	2067	15	C	0	0	15	35.6666666666667
A_PB1	2068	15	C	0	0	15	32.4
A_PB1	2069	15	A	0	0	15	31.2
A_PB1	2070	15	G	0	0	15	32.4666666666667
A_PB1	2071	15	A	0	0	15	34.1333333333333
A_PB1	2072	15	A	0	0	15	34.6666666666667
A_PB1	2073	15	G	0	0	14	34.6428571428571
A_PB1	2074	15	T	0	0	15	34.6666666666667
A_PB1	2075	15	G	0	0	15	35.7333333333333
A_PB1	2076	15	T	0	0	14	36.9285714285714
A_PB1	2077	15	T	0	0	15	38.2
A_PB1	2078	15	G	0	0	15	40.0666666666667
A_PB1	2079	15	C	0	0	15	38.3333333333333
A_PB1	2080	15	A	0	0	15	40.0666666666667
A_PB1	2081	15	A	0	0	15	40.4
A_PB1	2082	15	T	0	0	14	40.5714285714286
A_PB1	2083	15	T	0	0	15	40.5333333333333
A_PB1	2084	15	T	0	0	15	41.8
A_PB1	2085	15	A	0	0	14	41.2857142857143
A_PB1	2086	15	T	0	0	15	39.6666666666667
A_PB1	2087	15	T	0	0	15	38.0666666666667
A_PB1	2088	15	C	0	0	15	35.9333333333333
A_PB1	2089	15	G	0	0	15	35
A_PB1	2090	14	A	1	0	14	37.1428571428571
A_PB1	2091	14	G	1	0	14	36.7857142857143
A_PB1	2092	14	A	1	0	14	37.0714285714286
A_PB1	2093	15	A	0	0	15	36.6666666666667
A_PB1	2094	15	A	0	0	15	38.8666666666667
A_PB1	2095	15	T	0	0	15	40.2
A_PB1	2096	15	T	0	0	15	38.2
A_PB1	2097	15	T	0	0	15	38.8666666666667
A_PB1	2098	15	T	0	0	15	38.5333333333333
A_PB1	2099	15	T	0	0	15	39.1333333333333
A_PB1	2100	15	C	0	0	15	36
A_PB1	2101	15	C	0	0	15	38
A_PB1	2102	15	C	0	0	15	36.5333333333333
A_PB1	2103	15	T	0	0	15	34.6666666666667
A_PB1	2104	15	A	0	0	15	37.4
A_PB1	2105	15	G	0	0	15	39.2
A_PB1	2106	15	C	0	0	14	40.0714285714286
A_PB1	2107	15	A	0	0	15	38.7333333333333
A_PB1	2108	15	G	0	0	15	39.9333333333333
A_PB1	2109	15	T	0	0	15	40.4666666666667
A_PB1	2110	15	T	0	0	15	38.9333333333333
A_PB1	2111	15	C	0	0	14	37.8571428571429
A_PB1	2112	15	A	0	0	14	37.8571428571429
A_PB1	2113	15	T	0	0	15	35.6
A_PB1	2114	15	A	0	0	15	35
A_PB1	2115	15	T	0	0	15	35.4
A_PB1	2116	15	A	0	0	14	37.5
A_PB1	2117	15	G	0	0	15	35
A_PB1	2118	15	G	0	0	15	35.2666666666667
A_PB1	2119	15	A	0	0	15	37.5333333333333
A_PB1	2120	15	G	0	0	15	37.9333333333333
A_PB1	2121	15	A	0	0	15	38.6666666666667
A_PB1	2122	15	C	0	0	15	41.3333333333333
A_PB1	2123	15	C	0	0	15	38.6
A_PB1	2124	15	G	0	0	15	38.2666666666667
A_PB1	2125	15	G	0	0	14	40
A_PB1	2126	15	T	0	0	15	39.6666666666667
A_PB1	2127	15	T	0	0	15	38.6
A_PB1	2128	15	G	0	0	15	36.2
A_PB1	2129	15	G	0	0	15	36.6
A_PB1	2130	15	A	0	0	14	34.2142857142857
A_PB1	2131	15	A	0	0	15	33.8666666666667
A_PB1	2132	15	T	0	0	15	35.2
A_PB1	2133	15	T	0	0	15	36.5333333333333
A_PB1	2134	15	T	0	0	15	38
A_PB1	2135	15	C	0	0	15	37.2
A_PB1	2136	15	T	0	0	15	38.9333333333333
A_PB1	2137	15	A	0	0	15	38.8666666666667
A_PB1	2138	15	G	0	0	15	41.6
A_PB1	2139	15	C	0	0	15	41.7333333333333
A_PB1	2140	15	A	0	0	15	42.7333333333333
A_PB1	2141	15	T	0	0	15	41.8
A_PB1	2142	15	G	0	0	15	42.0666666666667
A_PB1	2143	15	G	0	0	15	43.3333333333333
A_PB1	2144	15	T	0	0	15	42.2
A_PB1	2145	15	G	0	0	15	42.4666666666667
A_PB1	2146	15	G	0	0	15	43.1333333333333
A_PB1	2147	15	A	0	0	15	44.6666666666667
A_PB1	2148	15	G	0	0	15	42.4
A_PB1	2149	15	G	0	0	15	42.8666666666667
A_PB1	2150	15	C	0	0	15	41.7333333333333
A_PB1	2151	15	C	0	0	15	42.2666666666667
A_PB1	2152	15	A	0	0	15	43.3333333333333
A_PB1	2153	15	T	0	0	15	43.6
A_PB1	2154	15	G	0	0	15	41.8
A_PB1	2155	14	G	1	0	14	41.4285714285714
A_PB1	2156	14	T	1	0	14	41.7142857142857
A_PB1	2157	15	G	0	0	14	42.4285714285714
A_PB1	2158	15	T	0	0	15	41.9333333333333
A_PB1	2159	15	C	0	0	15	40
A_PB1	2160	15	T	0	0	15	40
A_PB1	2161	14	A	1	0	14	36.2142857142857
A_PB1	2162	15	G	0	0	15	33.8
A_PB1	2163	15	G	0	0	15	35.2
A_PB1	2164	15	G	0	0	15	34.8666666666667
A_PB1	2165	15	C	0	0	15	34.6
A_PB1	2166	15	C	0	0	15	40.5333333333333
A_PB1	2167	15	C	0	0	15	40.4666666666667
A_PB1	2168	15	G	0	0	15	41.2666666666667
A_PB1	2169	15	G	0	0	15	41.1333333333333
A_PB1	2170	15	A	0	0	15	39.7333333333333
A_PB1	2171	15	T	0	0	15	40.5333333333333
A_PB1	2172	15	T	0	0	15	40.2
A_PB1	2173	15	G	0	0	15	40.2
A_PB1	2174	15	A	0	0	15	40.9333333333333
A_PB1	2175	15	T	0	0	15	40.7333333333333
A_PB1	2176	15	G	0	0	15	39.4
A_PB1	2177	15	C	0	0	15	40.6
A_PB1	2178	15	C	0	0	15	39.8
A_PB1	2179	15	A	0	0	15	40.9333333333333
A_PB1	2180	15	G	0	0	15	40.2
A_PB1	2181	15	A	0	0	15	40.3333333333333
A_PB1	2182	15	G	0	0	14	41.4285714285714
A_PB1	2183	15	T	0	0	15	41.0666666666667
A_PB1	2184	15	C	0	0	14	41.8571428571429
A_PB1	2185	15	G	0	0	15	42.5333333333333
A_PB1	2186	15	A	0	0	15	41.8666666666667
A_PB1	2187	15	C	0	0	15	42.6666666666667
A_PB1	2188	15	T	0	0	15	40.9333333333333
A_PB1	2189	15	T	0	0	15	41.3333333333333
A_PB1	2190	15	T	0	0	15	40.6
A_PB1	2191	15	G	0	0	15	38.4666666666667
A_PB1	2192	15	A	0	0	15	38
A_PB1	2193	15	G	0	0	15	36.8
A_PB1	2194	15	T	0	0	15	36.9333333333333
A_PB1	2195	14	C	0	0	14	39.7142857142857
A_PB1	2196	14	T	0	0	13	41.3076923076923
A_PB1	2197	14	G	0	0	14	39.4285714285714
A_PB1	2198	14	G	0	0	14	41.6428571428571
A_PB1	2199	14	A	0	0	14	40.5714285714286
A_PB1	2200	14	C	0	0	13	40.9230769230769
A_PB1	2201	14	G	0	0	14	39.2857142857143
A_PB1	2202	14	G	0	0	14	38.2857142857143
A_PB1	2203	14	A	0	0	14	39.5714285714286
A_PB1	2204	15	T	0	0	15	35.4
A_PB1	2205	15	T	0	0	15	34.2666666666667
A_PB1	2206	15	A	0	0	15	35.4
A_PB1	2207	15	A	0	0	15	32.9333333333333
A_PB1	2208	15	G	0	0	15	32.7333333333333
A_PB1	2209	15	A	0	0	15	31.6
A_PB1	2210	15	A	0	0	15	31.4
A_PB1	2211	15	A	0	0	14	32.5714285714286
A_PB1	2212	15	G	0	0	15	30.5333333333333
A_PB1	2213	15	A	0	0	15	31.9333333333333
A_PB1	2214	15	A	0	0	15	36.1333333333333
A_PB1	2215	15	G	0	0	15	36.8
A_PB1	2216	15	A	0	0	15	40
A_PB1	2217	15	A	0	0	14	40.5
A_PB1	2218	15	T	0	0	15	40.9333333333333
A_PB1	2219	15	T	0	0	15	40.5333333333333
A_PB1	2220	15	C	0	0	15	38.6666666666667
A_PB1	2221	15	T	0	0	15	38.6666666666667
A_PB1	2222	15	C	0	0	15	40.4666666666667
A_PB1	2223	15	T	0	0	15	39.2666666666667
A_PB1	2224	15	G	0	0	15	38.7333333333333
A_PB1	2225	15	A	0	0	15	41.2
A_PB1	2226	15	G	0	0	15	40.4
A_PB1	2227	15	A	0	0	15	41.8666666666667
A_PB1	2228	15	T	0	0	15	41.8
A_PB1	2229	15	C	0	0	15	40.6666666666667
A_PB1	2230	15	A	0	0	15	43.0666666666667
A_PB1	2231	15	T	0	0	15	39.9333333333333
A_PB1	2232	15	G	0	0	15	39.1333333333333
A_PB1	2233	15	A	0	0	15	38.7333333333333
A_PB1	2234	15	A	0	0	15	39.2666666666667
A_PB1	2235	15	G	0	0	15	39.4666666666667
A_PB1	2236	15	A	0	0	15	41
A_PB1	2237	15	T	0	0	15	43.0666666666667
A_PB1	2238	15	C	0	0	15	42.3333333333333
A_PB1	2239	15	T	0	0	15	41.7333333333333
A_PB1	2240	15	G	0	0	15	39.8666666666667
A_PB1	2241	15	T	0	0	15	40.7333333333333
A_PB1	2242	15	T	0	0	15	39.2
A_PB1	2243	15	C	0	0	15	40.3333333333333
A_PB1	2244	15	C	0	0	15	38.7333333333333
A_PB1	2245	15	A	0	0	15	39.8
A_PB1	2246	15	C	0	0	15	39
A_PB1	2247	15	C	0	0	15	40.8666666666667
A_PB1	2248	15	A	0	0	15	39.4666666666667
A_PB1	2249	15	T	0	0	15	39.6666666666667
A_PB1	2250	15	T	0	0	15	41.5333333333333
A_PB1	2251	15	G	0	0	15	41.2666666666667
A_PB1	2252	15	A	0	0	15	38.6
A_PB1	2253	15	A	0	0	15	38.8666666666667
A_PB1	2254	15	G	0	0	15	38.5333333333333
A_PB1	2255	15	A	0	0	15	38.5333333333333
A_PB1	2256	15	A	0	0	15	39.1333333333333
A_PB1	2257	15	C	0	0	15	42.5333333333333
A_PB1	2258	15	T	0	0	15	43.2666666666667
A_PB1	2259	15	C	0	0	15	41.9333333333333
A_PB1	2260	15	A	0	0	15	43.8
A_PB1	2261	15	G	0	0	15	40.0666666666667
A_PB1	2262	15	A	0	0	15	39.8666666666667
A_PB1	2263	15	C	0	0	15	39.0666666666667
A_PB1	2264	15	G	0	0	15	37.5333333333333
A_PB1	2265	15	G	0	0	15	37.6666666666667
A_PB1	2266	15	C	0	0	15	39.2666666666667
A_PB1	2267	15	A	0	0	15	39.4
A_PB1	2268	15	A	0	0	15	40.7333333333333
A_PB1	2269	15	A	0	0	15	40.8666666666667
A_PB1	2270	14	G	0	0	14	41.7857142857143
A_PB1	2271	14	A	0	0	14	41.4285714285714
A_PB1	2272	14	T	0	0	14	41.7142857142857
A_PB1	2273	14	A	0	0	14	41.2857142857143
A_PB1	2274	14	A	0	0	14	41
