Reference_Name	Position	Coverage Depth	Consensus	Deletions	Ambiguous	Consensus_Count	Consensus_Average_Quality
A_PB2	1	5	A	0	0	5	26
A_PB2	2	5	T	0	0	5	27.8
A_PB2	3	5	G	0	0	5	30.6
A_PB2	4	5	G	0	0	5	30.6
A_PB2	5	5	A	0	0	5	29.6
A_PB2	6	5	G	0	0	5	30.2
A_PB2	7	5	A	0	0	5	35
A_PB2	8	5	G	0	0	5	35.8
A_PB2	9	5	A	0	0	5	35.8
A_PB2	10	5	A	0	0	5	35.4
A_PB2	11	5	T	0	0	5	35
A_PB2	12	5	A	0	0	5	34.4
A_PB2	13	5	A	0	0	5	33.6
A_PB2	14	5	A	0	0	5	33.4
A_PB2	15	5	A	0	0	5	34.6
A_PB2	16	5	G	0	0	5	36.8
A_PB2	17	5	A	0	0	5	35.6
A_PB2	18	5	G	0	0	5	34.8
A_PB2	19	5	C	0	0	5	33.8
A_PB2	20	5	T	0	0	5	32.8
A_PB2	21	5	G	0	0	5	31.2
A_PB2	22	5	A	0	0	5	31.2
A_PB2	23	5	G	0	0	5	29.6
A_PB2	24	5	A	0	0	5	30.8
A_PB2	25	5	A	0	0	5	32
A_PB2	26	5	A	0	0	5	32
A_PB2	27	5	T	0	0	5	29.6
A_PB2	28	5	C	0	0	5	28.6
A_PB2	29	5	T	0	0	5	30.8
A_PB2	30	5	A	0	0	5	28.8
A_PB2	31	5	A	0	0	5	28
A_PB2	32	5	T	0	0	5	29
A_PB2	33	5	G	0	0	5	33
A_PB2	34	5	T	0	0	5	33.4
A_PB2	35	5	C	0	0	5	31.6
A_PB2	36	5	G	0	0	5	32.8
A_PB2	37	5	C	0	0	5	29.8
A_PB2	38	5	A	0	0	5	29.6
A_PB2	39	5	G	0	0	5	32.2
A_PB2	40	5	T	0	0	5	35.2
A_PB2	41	5	C	0	0	5	37.4
A_PB2	42	5	C	0	0	5	37
A_PB2	43	5	C	0	0	5	39.6
A_PB2	44	5	G	0	0	5	38.2
A_PB2	45	5	C	0	0	5	38.2
A_PB2	46	5	A	0	0	5	38.6
A_PB2	47	5	C	0	0	5	38.8
A_PB2	48	5	T	0	0	5	39
A_PB2	49	5	C	0	0	5	38.4
A_PB2	50	5	G	0	0	5	39.6
A_PB2	51	5	C	0	0	5	39.4
A_PB2	52	5	G	0	0	5	37.8
A_PB2	53	5	A	0	0	5	37
A_PB2	54	5	G	0	0	5	38
A_PB2	55	5	A	0	0	5	38.2
A_PB2	56	5	T	0	0	5	40.4
A_PB2	57	5	A	0	0	5	39.6
A_PB2	58	5	C	0	0	5	40.2
A_PB2	59	5	T	0	0	5	36.8
A_PB2	60	5	C	0	0	5	33.2
A_PB2	61	5	A	0	0	5	32.8
A_PB2	62	5	C	0	0	5	33.6
A_PB2	63	5	C	0	0	5	33
A_PB2	64	5	A	0	0	5	34.4
A_PB2	65	5	A	0	0	5	36.6
A_PB2	66	5	G	0	0	5	40
A_PB2	67	5	A	0	0	5	41.6
A_PB2	68	5	C	0	0	5	44
A_PB2	69	5	C	0	0	5	41.6
A_PB2	70	5	A	0	0	5	39.6
A_PB2	71	5	C	0	0	5	41.4
A_PB2	72	5	T	0	0	5	38.4
A_PB2	73	5	G	0	0	5	38.8
A_PB2	74	5	T	0	0	5	39.8
A_PB2	75	5	G	0	0	5	39
A_PB2	76	5	G	0	0	5	38.4
A_PB2	77	5	A	0	0	5	41.4
A_PB2	78	5	C	0	0	5	40.6
A_PB2	79	5	C	0	0	5	43
A_PB2	80	5	A	0	0	5	41.6
A_PB2	81	5	T	0	0	5	40.6
A_PB2	82	5	A	0	0	5	41
A_PB2	83	5	T	0	0	5	40.2
A_PB2	84	5	G	0	0	5	40.6
A_PB2	85	5	G	0	0	5	41.4
A_PB2	86	5	C	0	0	5	41.2
A_PB2	87	5	C	0	0	5	35.2
A_PB2	88	5	A	0	0	5	35.2
A_PB2	89	5	T	0	0	5	35.8
A_PB2	90	5	C	0	0	5	35.6
A_PB2	91	5	A	0	0	5	36
A_PB2	92	5	T	0	0	5	36.2
A_PB2	93	5	C	0	0	5	39.2
A_PB2	94	5	A	0	0	5	38
A_PB2	95	5	A	0	0	5	35.6
A_PB2	96	5	G	0	0	5	36.8
A_PB2	97	5	A	0	0	5	36.2
A_PB2	98	5	A	0	0	5	35.2
A_PB2	99	5	G	0	0	5	37
A_PB2	100	5	T	0	0	5	38.4
A_PB2	101	5	A	0	0	5	37
A_PB2	102	5	C	0	0	5	35.8
A_PB2	103	5	A	0	0	5	36.4
A_PB2	104	5	C	0	0	5	37.6
A_PB2	105	5	A	0	0	5	35.2
A_PB2	106	5	T	0	0	5	35.4
A_PB2	107	5	C	0	0	5	34
A_PB2	108	5	G	0	0	5	32.6
A_PB2	109	5	G	0	0	5	33.4
A_PB2	110	5	G	0	0	5	33.2
A_PB2	111	5	A	0	0	5	33.2
A_PB2	112	5	A	0	0	5	36
A_PB2	113	5	G	0	0	5	36.4
A_PB2	114	5	G	0	0	5	35.4
A_PB2	115	5	C	0	0	5	35.4
A_PB2	116	5	A	0	0	5	31.6
A_PB2	117	5	A	0	0	5	26.4
A_PB2	118	5	G	0	0	5	25.6
A_PB2	119	5	A	0	0	5	25.4
A_PB2	120	5	G	0	0	5	30.4
A_PB2	121	5	A	0	0	5	32.2
A_PB2	122	5	A	0	0	5	34
A_PB2	123	5	G	0	0	5	38.6
A_PB2	124	5	A	0	0	5	39
A_PB2	125	5	A	0	0	5	40.8
A_PB2	126	5	C	0	0	5	37.8
A_PB2	127	5	C	0	0	5	38
A_PB2	128	5	C	0	0	5	38.4
A_PB2	129	5	C	0	0	5	38.2
A_PB2	130	5	G	0	0	5	39.6
A_PB2	131	5	C	0	0	5	36.6
A_PB2	132	5	G	0	0	5	38.2
A_PB2	133	5	C	0	0	5	38
A_PB2	134	5	T	0	0	5	36.4
A_PB2	135	5	C	0	0	5	38.8
A_PB2	136	5	A	0	0	5	40.4
A_PB2	137	5	G	0	0	5	40
A_PB2	138	5	G	0	0	5	40
A_PB2	139	5	A	0	0	5	41.6
A_PB2	140	5	T	0	0	5	41.6
A_PB2	141	5	G	0	0	5	38.6
A_PB2	142	5	A	0	0	5	38.8
A_PB2	143	5	A	0	0	5	37.8
A_PB2	144	5	G	0	0	5	38.2
A_PB2	145	5	T	0	0	5	40
A_PB2	146	5	G	0	0	5	39.8
A_PB2	147	5	G	0	0	5	39
A_PB2	148	5	A	0	0	5	41
A_PB2	149	5	T	0	0	5	37.6
A_PB2	150	5	G	0	0	5	37.8
A_PB2	151	5	A	0	0	5	39.8
A_PB2	152	5	T	0	0	5	38.8
A_PB2	153	5	G	0	0	5	32.2
A_PB2	154	5	G	0	0	5	33.8
A_PB2	155	5	C	0	0	5	33.8
A_PB2	156	4	A	0	0	4	38.75
A_PB2	157	4	A	0	0	4	41.5
A_PB2	158	4	T	0	0	4	39.5
A_PB2	159	4	G	0	0	4	41.75
A_PB2	160	4	A	0	0	4	44.75
A_PB2	161	4	A	0	0	4	43.5
A_PB2	162	4	A	0	0	4	42.75
A_PB2	163	4	T	0	0	4	42.25
A_PB2	164	4	A	0	0	4	42
A_PB2	165	4	C	0	0	4	42
A_PB2	166	4	C	0	0	4	44.25
A_PB2	167	4	C	0	0	4	42.25
A_PB2	168	4	A	0	0	4	42
A_PB2	169	4	A	0	0	4	42.5
A_PB2	170	4	T	0	0	4	45.25
A_PB2	171	4	T	0	0	4	42
A_PB2	172	4	A	0	0	4	45.25
A_PB2	173	4	C	0	0	4	45.75
A_PB2	174	4	G	0	0	4	42.25
A_PB2	175	4	G	0	0	4	44.5
A_PB2	176	4	C	0	0	4	43.5
A_PB2	177	4	A	0	0	4	43
A_PB2	178	4	G	0	0	4	44.75
A_PB2	179	4	A	0	0	4	40.75
A_PB2	180	4	C	0	0	4	39.75
A_PB2	181	4	A	0	0	4	41.75
A_PB2	182	4	A	0	0	4	41.75
A_PB2	183	4	G	0	0	4	41
A_PB2	184	4	A	0	0	4	42
A_PB2	185	4	G	0	0	4	42.25
A_PB2	186	4	A	0	0	4	43.5
A_PB2	187	4	A	0	0	4	43
A_PB2	188	4	T	0	0	4	40.75
A_PB2	189	4	A	0	0	4	42.5
A_PB2	190	4	A	0	0	4	40.25
A_PB2	191	4	T	0	0	4	42
A_PB2	192	4	G	0	0	4	40.75
A_PB2	193	4	G	0	0	4	41.25
A_PB2	194	4	A	0	0	4	41.5
A_PB2	195	4	C	0	0	4	42.25
A_PB2	196	4	A	0	0	4	46.25
A_PB2	197	4	T	0	0	4	43.25
A_PB2	198	4	A	0	0	4	41.75
A_PB2	199	4	A	0	0	4	44.5
A_PB2	200	4	T	0	0	4	42
A_PB2	201	4	C	0	0	4	42.75
A_PB2	202	4	C	0	0	4	46.5
A_PB2	203	4	C	0	0	4	42
A_PB2	204	4	A	0	0	4	38
A_PB2	205	4	G	0	0	4	37.75
A_PB2	206	4	A	0	0	4	36.75
A_PB2	207	4	G	0	0	4	36.25
A_PB2	208	4	A	0	0	4	38
A_PB2	209	4	G	0	0	4	38.25
A_PB2	210	4	G	0	0	4	36.5
A_PB2	211	4	A	0	0	4	31
A_PB2	212	4	A	0	0	4	32.75
A_PB2	213	4	T	0	0	4	38
A_PB2	214	4	G	0	0	4	29.5
A_PB2	215	4	A	0	0	4	31.75
A_PB2	216	4	A	0	0	4	31.75
A_PB2	217	4	C	0	0	4	32.75
A_PB2	218	4	A	0	0	4	32.25
A_PB2	219	4	A	0	0	4	35.25
A_PB2	220	4	G	0	0	4	35
A_PB2	221	4	G	0	0	4	30.25
A_PB2	222	4	A	0	0	4	32.25
A_PB2	223	4	C	0	0	4	33.75
A_PB2	224	4	A	0	0	4	39
A_PB2	225	4	G	0	0	4	38
A_PB2	226	4	A	0	0	4	41.75
A_PB2	227	4	C	0	0	4	41.75
A_PB2	228	4	C	0	0	4	42.25
A_PB2	229	4	C	0	0	4	40.75
A_PB2	230	4	T	0	0	4	39.75
A_PB2	231	4	C	0	0	4	42.75
A_PB2	232	4	T	0	0	4	40.25
A_PB2	233	4	G	0	0	4	42.5
A_PB2	234	4	G	0	0	4	38
A_PB2	235	4	A	0	0	4	38.75
A_PB2	236	4	G	0	0	4	38
A_PB2	237	4	C	0	0	4	35.75
A_PB2	238	4	A	0	0	4	37.5
A_PB2	239	4	A	0	0	4	39.25
A_PB2	240	4	A	0	0	4	39.25
A_PB2	241	4	A	0	0	4	40
A_PB2	242	4	T	0	0	4	31.5
A_PB2	243	4	G	0	0	4	33
A_PB2	244	4	A	0	0	4	36
A_PB2	245	4	A	0	0	4	39.25
A_PB2	246	4	C	0	0	4	43.75
A_PB2	247	4	G	0	0	4	43.25
A_PB2	248	4	A	0	0	4	43.5
A_PB2	249	4	T	0	0	4	41.25
A_PB2	250	4	G	0	0	4	40.5
A_PB2	251	4	C	0	0	4	41.75
A_PB2	252	4	T	0	0	4	39
A_PB2	253	4	G	0	0	4	40
A_PB2	254	4	G	0	0	4	43
A_PB2	255	4	A	0	0	4	44.75
A_PB2	256	4	T	0	0	4	45.5
A_PB2	257	4	C	0	0	4	42
A_PB2	258	4	A	0	0	4	43.25
A_PB2	259	4	G	0	0	4	42.25
A_PB2	260	4	A	0	0	4	42
A_PB2	261	4	C	0	0	4	39.75
A_PB2	262	4	C	0	0	4	42.75
A_PB2	263	4	G	0	0	4	41.25
A_PB2	264	4	A	0	0	4	44.25
A_PB2	265	4	G	0	0	4	40.75
A_PB2	266	4	T	0	0	4	41.75
A_PB2	267	4	G	0	0	4	42.25
A_PB2	268	4	A	0	0	4	42.25
A_PB2	269	4	T	0	0	4	42.25
A_PB2	270	4	G	0	0	4	41.5
A_PB2	271	4	G	0	0	4	42.25
A_PB2	272	4	T	0	0	4	41.75
A_PB2	273	4	A	0	0	4	40
A_PB2	274	4	T	0	0	4	39.5
A_PB2	275	4	C	0	0	4	38.25
A_PB2	276	4	A	0	0	4	39
A_PB2	277	4	C	0	0	4	38
A_PB2	278	4	C	0	0	4	39
A_PB2	279	4	T	0	0	4	40.75
A_PB2	280	4	C	0	0	4	39
A_PB2	281	4	T	0	0	4	39.75
A_PB2	282	4	G	0	0	4	39.5
A_PB2	283	4	G	0	0	4	41.5
A_PB2	284	4	C	0	0	4	40
A_PB2	285	4	A	0	0	4	35.75
A_PB2	286	4	G	0	0	4	37
A_PB2	287	4	T	0	0	4	38
A_PB2	288	4	A	0	0	4	41
A_PB2	289	4	A	0	0	4	43.25
A_PB2	290	4	C	0	0	4	42.25
A_PB2	291	4	G	0	0	4	41
A_PB2	292	4	T	0	0	4	43.5
A_PB2	293	4	G	0	0	4	38.5
A_PB2	294	4	G	0	0	4	39
A_PB2	295	4	T	0	0	4	41.25
A_PB2	296	4	G	0	0	4	34.5
A_PB2	297	4	G	0	0	4	37.5
A_PB2	298	4	A	0	0	4	37
A_PB2	299	3	A	1	0	3	46
A_PB2	300	3	T	1	0	3	43
A_PB2	301	4	A	0	0	3	44.6666666666667
A_PB2	302	4	G	0	0	4	40
A_PB2	303	4	G	0	0	4	40.5
A_PB2	304	4	A	0	0	4	37.25
A_PB2	305	4	A	0	0	4	36.25
A_PB2	306	4	T	0	0	4	41.5
A_PB2	307	4	G	0	0	4	34
A_PB2	308	4	G	0	0	4	34
A_PB2	309	4	T	0	0	4	38.75
A_PB2	310	4	C	0	0	4	37
A_PB2	311	4	C	0	0	4	35.5
A_PB2	312	4	A	0	0	4	41.5
A_PB2	313	4	A	0	0	4	38.25
A_PB2	314	4	C	0	0	4	37.75
A_PB2	315	4	A	0	0	4	38.75
A_PB2	316	4	A	0	0	4	38.25
A_PB2	317	4	C	0	0	4	39.5
A_PB2	318	4	A	0	0	4	40.75
A_PB2	319	4	A	0	0	4	41.5
A_PB2	320	4	G	0	0	4	45.25
A_PB2	321	4	T	0	0	4	40.5
A_PB2	322	4	A	0	0	4	43.75
A_PB2	323	4	C	0	0	4	41.25
A_PB2	324	4	A	0	0	4	44.75
A_PB2	325	4	G	0	0	4	44.5
A_PB2	326	4	T	0	0	4	38.25
A_PB2	327	4	T	0	0	4	34.5
A_PB2	328	4	C	0	0	4	43.75
A_PB2	329	4	A	0	0	4	45.5
A_PB2	330	4	T	0	0	4	44.75
A_PB2	331	4	T	0	0	4	46
A_PB2	332	4	A	0	0	4	43.75
A_PB2	333	4	C	0	0	4	45.75
A_PB2	334	4	C	0	0	4	43.25
A_PB2	335	4	C	0	0	4	44.5
A_PB2	336	4	T	0	0	4	43.25
A_PB2	337	4	A	0	0	4	38.25
A_PB2	338	4	A	0	0	4	37.5
A_PB2	339	4	G	0	0	4	36.25
A_PB2	340	4	G	0	0	4	37.5
A_PB2	341	4	T	0	0	4	42.5
A_PB2	342	4	A	0	0	4	37
A_PB2	343	4	T	0	0	4	37
A_PB2	344	4	A	0	0	4	34.5
A_PB2	345	4	T	0	0	4	35.25
A_PB2	346	4	A	0	0	4	36
A_PB2	347	4	A	0	0	4	36.5
A_PB2	348	4	A	0	0	4	37.75
A_PB2	349	4	A	0	0	4	38.75
A_PB2	350	4	C	0	0	4	41.5
A_PB2	351	4	T	0	0	4	39.75
A_PB2	352	4	T	0	0	4	39.25
A_PB2	353	4	A	0	0	4	40.25
A_PB2	354	4	T	0	0	4	38
A_PB2	355	4	T	0	0	4	40.25
A_PB2	356	4	T	0	0	4	41.75
A_PB2	357	4	C	0	0	4	37.75
A_PB2	358	4	G	0	0	4	39.5
A_PB2	359	4	A	0	0	4	44.5
A_PB2	360	4	A	0	0	4	37
A_PB2	361	4	A	0	0	4	39
A_PB2	362	4	A	0	0	4	40.75
A_PB2	363	4	G	0	0	4	39.25
A_PB2	364	4	G	0	0	4	34
A_PB2	365	4	T	0	0	4	35.75
A_PB2	366	4	C	0	0	4	35.5
A_PB2	367	4	G	0	0	4	38
A_PB2	368	4	A	0	0	4	37.5
A_PB2	369	4	A	0	0	4	40.75
A_PB2	370	4	A	0	0	4	40.5
A_PB2	371	4	G	0	0	4	39.5
A_PB2	372	4	G	0	0	4	40.75
A_PB2	373	4	T	0	0	4	39.75
A_PB2	374	4	T	0	0	4	41.5
A_PB2	375	4	A	0	0	4	38.25
A_PB2	376	4	A	0	0	4	41.25
A_PB2	377	4	A	0	0	4	39.5
A_PB2	378	4	A	0	0	4	38.25
A_PB2	379	4	C	0	0	4	39.5
A_PB2	380	4	A	0	0	4	40.75
A_PB2	381	4	T	0	0	4	40
A_PB2	382	4	G	0	0	4	41.75
A_PB2	383	4	G	0	0	4	44.5
A_PB2	384	4	T	0	0	4	41.5
A_PB2	385	4	A	0	0	4	40.75
A_PB2	386	4	C	0	0	4	43.25
A_PB2	387	4	C	0	0	4	41
A_PB2	388	4	T	0	0	4	42.5
A_PB2	389	4	T	0	0	4	46.25
A_PB2	390	4	C	0	0	4	45
A_PB2	391	4	G	0	0	4	42.5
A_PB2	392	4	G	0	0	4	42.25
A_PB2	393	4	C	0	0	4	43.5
A_PB2	394	4	C	0	0	4	44.75
A_PB2	395	4	C	0	0	4	43
A_PB2	396	4	T	0	0	4	43.5
A_PB2	397	4	G	0	0	4	45.25
A_PB2	398	4	T	0	0	4	47
A_PB2	399	4	C	0	0	4	45.5
A_PB2	400	4	C	0	0	4	43.25
A_PB2	401	4	A	0	0	4	46
A_PB2	402	4	C	0	0	4	41.5
A_PB2	403	4	T	0	0	4	44
A_PB2	404	4	T	0	0	4	45.5
A_PB2	405	4	C	0	0	4	42
A_PB2	406	4	A	0	0	4	47.25
A_PB2	407	4	G	0	0	4	44.75
A_PB2	408	4	A	0	0	4	44.5
A_PB2	409	4	A	0	0	4	45
A_PB2	410	4	A	0	0	4	44
A_PB2	411	4	T	0	0	4	44.25
A_PB2	412	4	C	0	0	4	40.25
A_PB2	413	4	A	0	0	4	39.25
A_PB2	414	4	A	0	0	4	40.25
A_PB2	415	4	G	0	0	4	41.75
A_PB2	416	4	T	0	0	4	43.5
A_PB2	417	4	T	0	0	4	43.5
A_PB2	418	4	A	0	0	4	42.75
A_PB2	419	4	A	0	0	4	44
A_PB2	420	4	A	0	0	4	45.75
A_PB2	421	4	A	0	0	4	42
A_PB2	422	4	T	0	0	4	44
A_PB2	423	4	A	0	0	4	42.5
A_PB2	424	4	A	0	0	4	41.5
A_PB2	425	4	G	0	0	4	38.75
A_PB2	426	4	G	0	0	4	39.25
A_PB2	427	4	A	0	0	4	37.5
A_PB2	428	4	G	0	0	4	31.25
A_PB2	429	4	G	0	0	4	31.5
A_PB2	430	4	A	0	0	4	30.75
A_PB2	431	4	G	0	0	4	32.75
A_PB2	432	4	A	0	0	4	33.5
A_PB2	433	4	G	0	0	4	37.25
A_PB2	434	4	T	0	0	4	34.75
A_PB2	435	4	T	0	0	4	35
A_PB2	436	4	G	0	0	4	36
A_PB2	437	4	A	0	0	4	36
A_PB2	438	4	T	0	0	4	33
A_PB2	439	4	A	0	0	4	39.5
A_PB2	440	4	C	0	0	4	39.75
A_PB2	441	4	G	0	0	4	40.5
A_PB2	442	4	A	0	0	4	40
A_PB2	443	4	A	0	0	4	42.75
A_PB2	444	4	C	0	0	4	42
A_PB2	445	4	C	0	0	4	41.25
A_PB2	446	4	C	0	0	4	45.5
A_PB2	447	4	T	0	0	4	40
A_PB2	448	4	G	0	0	4	40.25
A_PB2	449	4	G	0	0	4	44.75
A_PB2	450	4	C	0	0	4	45.5
A_PB2	451	4	C	0	0	4	43
A_PB2	452	4	A	0	0	4	44
A_PB2	453	4	T	0	0	4	42.25
A_PB2	454	4	G	0	0	3	45
A_PB2	455	4	C	0	0	3	45
A_PB2	456	4	A	0	0	4	46.5
A_PB2	457	4	G	0	0	4	47.5
A_PB2	458	4	A	0	0	4	46.75
A_PB2	459	4	T	0	0	4	43.75
A_PB2	460	4	C	0	0	4	45.75
A_PB2	461	4	T	0	0	4	45.75
A_PB2	462	4	C	0	0	4	47.75
A_PB2	463	4	A	0	0	4	46.25
A_PB2	464	4	G	0	0	4	47.5
A_PB2	465	4	T	0	0	4	42.75
A_PB2	466	4	G	0	0	4	44.75
A_PB2	467	4	C	0	0	4	45.75
A_PB2	468	4	C	0	0	4	45.25
A_PB2	469	4	A	0	0	4	44.5
A_PB2	470	4	A	0	0	4	43
A_PB2	471	4	G	0	0	4	46
A_PB2	472	4	G	0	0	4	42.75
A_PB2	473	4	A	0	0	4	45.5
A_PB2	474	4	G	0	0	4	42.25
A_PB2	475	4	G	0	0	4	45.75
A_PB2	476	4	C	0	0	4	43
A_PB2	477	4	A	0	0	4	45.25
A_PB2	478	4	C	0	0	4	42.75
A_PB2	479	4	A	0	0	4	44.75
A_PB2	480	4	G	0	0	4	43
A_PB2	481	4	G	0	0	4	40.75
A_PB2	482	4	A	0	0	4	36.5
A_PB2	483	4	T	0	0	4	37.25
A_PB2	484	4	G	0	0	4	42.5
A_PB2	485	4	T	0	0	4	36.75
A_PB2	486	4	G	0	0	4	35.25
A_PB2	487	4	A	0	0	4	35.75
A_PB2	488	4	T	0	0	4	36.75
A_PB2	489	4	T	0	0	4	38.5
A_PB2	490	4	A	0	0	4	43
A_PB2	491	4	T	0	0	4	44
A_PB2	492	4	G	0	0	4	46
A_PB2	493	4	G	0	0	4	43
A_PB2	494	4	A	0	0	4	44
A_PB2	495	4	A	0	0	4	43
A_PB2	496	4	G	0	0	4	42.25
A_PB2	497	4	T	0	0	4	40.75
A_PB2	498	4	T	0	0	4	42.75
A_PB2	499	4	G	0	0	4	34.75
A_PB2	500	4	T	0	0	4	41.25
A_PB2	501	4	T	0	0	4	38
A_PB2	502	4	T	0	0	4	38.5
A_PB2	503	4	T	0	0	4	39.5
A_PB2	504	4	C	0	0	4	37.5
A_PB2	505	4	C	0	0	4	38
A_PB2	506	4	C	0	0	4	36.25
A_PB2	507	4	A	0	0	4	35.5
A_PB2	508	4	A	0	0	4	33.5
A_PB2	509	4	A	0	0	4	34.5
A_PB2	510	4	T	0	0	4	33
A_PB2	511	4	G	0	0	4	35.5
A_PB2	512	4	A	0	0	4	36.25
A_PB2	513	4	A	0	0	4	39.5
A_PB2	514	4	G	0	0	4	40.5
A_PB2	515	4	T	0	0	4	39.5
A_PB2	516	4	G	0	0	4	44.5
A_PB2	517	4	G	0	0	4	39.5
A_PB2	518	4	G	0	0	4	44.75
A_PB2	519	4	G	0	0	4	43.75
A_PB2	520	4	G	0	0	4	43
A_PB2	521	4	C	0	0	4	40.75
A_PB2	522	4	A	0	0	4	42.75
A_PB2	523	4	A	0	0	4	44.5
A_PB2	524	4	G	0	0	4	43
A_PB2	525	4	A	0	0	4	47.5
A_PB2	526	4	A	0	0	4	42.5
A_PB2	527	4	T	0	0	4	45.25
A_PB2	528	4	A	0	0	4	45
A_PB2	529	4	C	0	0	4	44.5
A_PB2	530	4	T	0	0	4	36.75
A_PB2	531	4	G	0	0	4	38.25
A_PB2	532	4	A	0	0	4	38.5
A_PB2	533	4	C	0	0	4	38.25
A_PB2	534	4	A	0	0	4	41.5
A_PB2	535	4	T	0	0	4	43.25
A_PB2	536	4	C	0	0	4	42.5
A_PB2	537	4	A	0	0	4	39
A_PB2	538	4	G	0	0	4	38.25
A_PB2	539	4	A	0	0	4	39.25
A_PB2	540	4	G	0	0	4	33.25
A_PB2	541	4	T	0	0	4	33
A_PB2	542	4	C	0	0	4	32.75
A_PB2	543	4	A	0	0	4	33
A_PB2	544	4	C	0	0	4	33.75
A_PB2	545	4	A	0	0	4	35.25
A_PB2	546	4	G	0	0	4	33.25
A_PB2	547	4	C	0	0	4	30.5
A_PB2	548	4	T	0	0	4	31
A_PB2	549	4	G	0	0	4	31.75
A_PB2	550	4	G	0	0	4	34.5
A_PB2	551	4	C	0	0	4	33.5
A_PB2	552	4	A	0	0	4	43.75
A_PB2	553	4	A	0	0	4	41.25
A_PB2	554	4	T	0	0	4	40
A_PB2	555	4	A	0	0	4	40
A_PB2	556	4	A	0	0	4	44.5
A_PB2	557	4	C	0	0	4	39.75
A_PB2	558	4	A	0	0	4	35
A_PB2	559	4	A	0	0	4	35.25
A_PB2	560	4	A	0	0	4	38.25
A_PB2	561	4	A	0	0	4	34
A_PB2	562	4	G	0	0	4	35.5
A_PB2	563	4	A	0	0	4	42.25
A_PB2	564	4	G	0	0	4	40.25
A_PB2	565	4	A	0	0	4	40.75
A_PB2	566	4	A	0	0	4	37.25
A_PB2	567	4	G	0	0	4	35
A_PB2	568	4	A	0	0	4	36
A_PB2	569	4	A	0	0	4	40.25
A_PB2	570	4	A	0	0	4	38.25
A_PB2	571	4	G	0	0	4	39
A_PB2	572	4	A	0	0	4	42
A_PB2	573	4	A	0	0	4	43
A_PB2	574	4	G	0	0	4	40
A_PB2	575	4	A	0	0	4	39.25
A_PB2	576	4	G	0	0	4	37.25
A_PB2	577	4	C	0	0	4	38.5
A_PB2	578	4	T	0	0	4	38.75
A_PB2	579	4	C	0	0	4	36.5
A_PB2	580	4	C	0	0	4	38.75
A_PB2	581	4	A	0	0	4	34.75
A_PB2	582	4	G	0	0	4	32
A_PB2	583	4	A	0	0	4	32.5
A_PB2	584	4	A	0	0	4	34
A_PB2	585	4	T	0	0	4	32.75
A_PB2	586	4	T	0	0	4	37.75
A_PB2	587	4	G	0	0	4	41.75
A_PB2	588	4	T	0	0	4	41.5
A_PB2	589	4	A	0	0	4	40.25
A_PB2	590	4	A	0	0	4	43
A_PB2	591	4	A	0	0	4	42.75
A_PB2	592	4	A	0	0	4	45.25
A_PB2	593	4	T	0	0	4	41.5
A_PB2	594	4	T	0	0	4	43
A_PB2	595	4	G	0	0	4	42.75
A_PB2	596	4	C	0	0	4	42.25
A_PB2	597	4	T	0	0	4	44
A_PB2	598	4	C	0	0	4	42.75
A_PB2	599	4	C	0	0	4	42.75
A_PB2	600	4	A	0	0	4	41.5
A_PB2	601	4	T	0	0	4	45.5
A_PB2	602	4	T	0	0	4	45.25
A_PB2	603	4	G	0	0	4	44.75
A_PB2	604	4	A	0	0	4	43.25
A_PB2	605	4	T	0	0	4	48.5
A_PB2	606	4	G	0	0	4	44.25
A_PB2	607	4	G	0	0	4	44.5
A_PB2	608	4	T	0	0	4	43.5
A_PB2	609	4	G	0	0	4	45.25
A_PB2	610	4	G	0	0	4	46.5
A_PB2	611	4	C	0	0	4	42.5
A_PB2	612	4	G	0	0	4	44.75
A_PB2	613	4	T	0	0	4	45
A_PB2	614	4	A	0	0	4	39.25
A_PB2	615	4	C	0	0	4	38.75
A_PB2	616	4	A	0	0	4	40.25
A_PB2	617	4	T	0	0	4	39
A_PB2	618	4	G	0	0	4	42.75
A_PB2	619	4	T	0	0	4	39.25
A_PB2	620	4	T	0	0	4	39.5
A_PB2	621	4	A	0	0	4	37.75
A_PB2	622	4	G	0	0	4	38
A_PB2	623	4	A	0	0	4	36.25
A_PB2	624	4	A	0	0	4	43.5
A_PB2	625	4	A	0	0	4	42
A_PB2	626	4	G	0	0	4	40.5
A_PB2	627	4	A	0	0	4	41.25
A_PB2	628	4	G	0	0	4	39.5
A_PB2	629	4	A	0	0	4	39.5
A_PB2	630	4	A	0	0	4	40.75
A_PB2	631	4	T	0	0	4	40
A_PB2	632	4	T	0	0	4	40.25
A_PB2	633	4	G	0	0	4	41.5
A_PB2	634	4	G	0	0	4	38.25
A_PB2	635	4	T	0	0	4	38
A_PB2	636	4	C	0	0	4	39.75
A_PB2	637	4	C	0	0	4	41.75
A_PB2	638	4	G	0	0	4	42
A_PB2	639	4	T	0	0	4	44.5
A_PB2	640	4	A	0	0	4	43.25
A_PB2	641	4	A	0	0	4	42.75
A_PB2	642	4	A	0	0	4	44.5
A_PB2	643	4	A	0	0	4	44.25
A_PB2	644	4	C	0	0	4	44.25
A_PB2	645	4	A	0	0	4	43.5
A_PB2	646	4	A	0	0	4	44.25
A_PB2	647	4	G	0	0	4	43.5
A_PB2	648	4	G	0	0	4	46.25
A_PB2	649	4	T	0	0	4	46.5
A_PB2	650	4	T	0	0	4	44.25
A_PB2	651	4	T	0	0	4	42.75
A_PB2	652	4	C	0	0	4	41
A_PB2	653	4	T	0	0	4	43
A_PB2	654	4	C	0	0	4	41.5
A_PB2	655	4	C	0	0	4	40.75
A_PB2	656	4	C	0	0	4	42
A_PB2	657	4	A	0	0	4	45
A_PB2	658	4	G	0	0	4	44.75
A_PB2	659	4	T	0	0	4	40.5
A_PB2	660	4	A	0	0	4	41.25
A_PB2	661	4	G	0	0	4	41
A_PB2	662	4	C	0	0	4	41.25
A_PB2	663	4	C	0	0	4	42
A_PB2	664	4	G	0	0	4	33
A_PB2	665	4	G	0	0	4	31.75
A_PB2	666	4	T	0	0	4	32.5
A_PB2	667	4	G	0	0	4	32.75
A_PB2	668	4	G	0	0	4	35.25
A_PB2	669	4	G	0	0	4	41.75
A_PB2	670	4	A	0	0	4	41
A_PB2	671	4	C	0	0	4	45
A_PB2	672	4	A	0	0	4	41.25
A_PB2	673	4	A	0	0	4	43.25
A_PB2	674	4	G	0	0	4	41.75
A_PB2	675	4	C	0	0	4	42
A_PB2	676	4	A	0	0	4	43.75
A_PB2	677	4	G	0	0	4	41.25
A_PB2	678	4	T	0	0	4	38.25
A_PB2	679	4	G	0	0	4	40
A_PB2	680	4	T	0	0	4	41
A_PB2	681	4	T	0	0	4	43.75
A_PB2	682	4	T	0	0	4	47
A_PB2	683	4	A	0	0	4	48
A_PB2	684	4	T	0	0	4	43.75
A_PB2	685	4	A	0	0	4	42.75
A_PB2	686	4	T	0	0	4	40.5
A_PB2	687	4	T	0	0	4	42.75
A_PB2	688	4	G	0	0	4	42.5
A_PB2	689	4	A	0	0	4	43.5
A_PB2	690	4	G	0	0	4	39.75
A_PB2	691	4	G	0	0	4	42
A_PB2	692	4	T	0	0	4	41.25
A_PB2	693	4	G	0	0	4	41
A_PB2	694	4	T	0	0	4	40.5
A_PB2	695	4	T	0	0	4	39.75
A_PB2	696	4	G	0	0	4	40.75
A_PB2	697	4	C	0	0	4	37.75
A_PB2	698	4	A	0	0	4	35.5
A_PB2	699	4	C	0	0	4	34.5
A_PB2	700	4	T	0	0	4	39.5
A_PB2	701	4	T	0	0	4	42.75
A_PB2	702	4	G	0	0	4	40.5
A_PB2	703	4	A	0	0	4	41.5
A_PB2	704	4	C	0	0	4	42.25
A_PB2	705	4	C	0	0	4	42.5
A_PB2	706	4	C	0	0	4	43.5
A_PB2	707	4	A	0	0	4	36.75
A_PB2	708	4	A	0	0	4	34.5
A_PB2	709	3	G	1	0	3	42
A_PB2	710	4	G	0	0	4	37
A_PB2	711	4	G	0	0	4	38
A_PB2	712	4	A	0	0	4	39.25
A_PB2	713	4	C	0	0	4	38.75
A_PB2	714	4	G	0	0	4	37
A_PB2	715	4	T	0	0	4	38.75
A_PB2	716	4	G	0	0	4	38.75
A_PB2	717	4	C	0	0	4	37.5
A_PB2	718	4	T	0	0	4	42
A_PB2	719	4	G	0	0	4	39.25
A_PB2	720	4	G	0	0	4	40.25
A_PB2	721	4	G	0	0	4	39.25
A_PB2	722	4	A	0	0	4	40.75
A_PB2	723	4	G	0	0	4	42
A_PB2	724	4	C	0	0	4	44
A_PB2	725	4	A	0	0	4	40.25
A_PB2	726	4	G	0	0	4	43.25
A_PB2	727	4	A	0	0	4	39.25
A_PB2	728	4	T	0	0	4	38.75
A_PB2	729	4	G	0	0	4	38
A_PB2	730	4	T	0	0	4	41.75
A_PB2	731	4	A	0	0	4	37
A_PB2	732	4	C	0	0	4	37.25
A_PB2	733	4	A	0	0	4	36.75
A_PB2	734	4	C	0	0	4	35.75
A_PB2	735	4	T	0	0	4	37.75
A_PB2	736	4	C	0	0	4	35.5
A_PB2	737	4	C	0	0	4	35.5
A_PB2	738	4	A	0	0	4	35.75
A_PB2	739	4	G	0	0	4	37.5
A_PB2	740	4	G	0	0	4	38.75
A_PB2	741	4	A	0	0	4	41.5
A_PB2	742	4	G	0	0	4	40.75
A_PB2	743	4	G	0	0	4	44.5
A_PB2	744	4	A	0	0	4	42.5
A_PB2	745	4	G	0	0	4	45.25
A_PB2	746	4	A	0	0	4	45
A_PB2	747	4	G	0	0	4	43.5
A_PB2	748	4	G	0	0	4	44.5
A_PB2	749	4	T	0	0	4	44.5
A_PB2	750	4	G	0	0	4	42
A_PB2	751	4	A	0	0	4	44.25
A_PB2	752	4	G	0	0	4	42.75
A_PB2	753	4	A	0	0	4	44.5
A_PB2	754	4	A	0	0	4	41.75
A_PB2	755	4	A	0	0	4	41
A_PB2	756	4	T	0	0	4	43.25
A_PB2	757	4	G	0	0	4	41.75
A_PB2	758	4	A	0	0	4	40.75
A_PB2	759	4	T	0	0	4	42.5
A_PB2	760	4	G	0	0	4	41.75
A_PB2	761	4	A	0	0	4	43.25
A_PB2	762	4	T	0	0	4	43.25
A_PB2	763	4	G	0	0	4	43.25
A_PB2	764	4	T	0	0	4	37.25
A_PB2	765	4	T	0	0	4	41.5
A_PB2	766	4	G	0	0	4	39.5
A_PB2	767	4	A	0	0	4	37
A_PB2	768	4	C	0	0	4	35.5
A_PB2	769	4	C	0	0	4	38.5
A_PB2	770	4	A	0	0	4	34.75
A_PB2	771	4	A	0	0	4	31.25
A_PB2	772	4	A	0	0	4	32
A_PB2	773	4	G	0	0	4	33.75
A_PB2	774	4	C	0	0	4	31.75
A_PB2	775	4	T	0	0	4	33.5
A_PB2	776	4	T	0	0	4	40.5
A_PB2	777	4	G	0	0	4	37.5
A_PB2	778	4	A	0	0	4	38.5
A_PB2	779	4	T	0	0	4	37.5
A_PB2	780	4	T	0	0	4	35.75
A_PB2	781	4	A	0	0	4	33
A_PB2	782	4	T	0	0	4	32
A_PB2	783	4	C	0	0	4	31.75
A_PB2	784	4	G	0	0	4	33
A_PB2	785	4	C	0	0	4	32.75
A_PB2	786	4	T	0	0	4	33
A_PB2	787	4	G	0	0	4	33.5
A_PB2	788	4	C	0	0	4	30.25
A_PB2	789	4	T	0	0	4	33
A_PB2	790	4	A	0	0	4	35.25
A_PB2	791	4	G	0	0	4	32.75
A_PB2	792	4	A	0	0	4	35.25
A_PB2	793	4	A	0	0	4	38.25
A_PB2	794	4	G	0	0	3	45.6666666666667
A_PB2	795	4	C	0	0	4	39.75
A_PB2	796	4	A	0	0	4	37.5
A_PB2	797	4	T	0	0	4	41
A_PB2	798	4	A	0	0	3	48
A_PB2	799	4	G	0	0	4	42.75
A_PB2	800	3	T	1	0	3	42.6666666666667
A_PB2	801	3	A	1	0	3	42.6666666666667
A_PB2	802	3	A	1	0	3	42.6666666666667
A_PB2	803	3	G	1	0	3	45.3333333333333
A_PB2	804	3	A	1	0	3	42.6666666666667
A_PB2	805	3	A	1	0	3	50
A_PB2	806	4	G	0	0	3	48
A_PB2	807	4	A	0	0	4	45.5
A_PB2	808	4	G	0	0	4	46
A_PB2	809	4	C	0	0	4	44.75
A_PB2	810	4	A	0	0	4	44
A_PB2	811	4	G	0	0	4	42.25
A_PB2	812	4	C	0	0	4	44
A_PB2	813	4	A	0	0	4	43.5
A_PB2	814	4	G	0	0	4	44
A_PB2	815	4	T	0	0	4	45.25
A_PB2	816	4	G	0	0	4	41.75
A_PB2	817	4	T	0	0	4	41.5
A_PB2	818	4	C	0	0	4	41.25
A_PB2	819	4	A	0	0	4	42.75
A_PB2	820	4	G	0	0	4	40
A_PB2	821	4	C	0	0	4	41
A_PB2	822	4	A	0	0	4	45.25
A_PB2	823	4	G	0	0	4	44.25
A_PB2	824	4	A	0	0	4	45
A_PB2	825	4	C	0	0	4	45.25
A_PB2	826	4	C	0	0	4	41.75
A_PB2	827	4	C	0	0	4	42
A_PB2	828	4	A	0	0	4	42
A_PB2	829	4	T	0	0	4	41.5
A_PB2	830	4	T	0	0	4	45
A_PB2	831	4	A	0	0	4	43
A_PB2	832	4	G	0	0	4	44
A_PB2	833	4	C	0	0	4	42.75
A_PB2	834	4	A	0	0	4	40.75
A_PB2	835	3	T	1	0	3	41
A_PB2	836	3	C	1	0	3	41
A_PB2	837	4	T	0	0	4	42.5
A_PB2	838	4	C	0	0	4	41.75
A_PB2	839	4	T	0	0	4	42
A_PB2	840	4	C	0	0	4	35.5
A_PB2	841	4	T	0	0	4	36.5
A_PB2	842	4	T	0	0	4	39.25
A_PB2	843	4	G	0	0	4	37.75
A_PB2	844	4	G	0	0	4	38.75
A_PB2	845	4	A	0	0	4	36.5
A_PB2	846	4	G	0	0	4	39
A_PB2	847	4	A	0	0	4	44.25
A_PB2	848	4	T	0	0	4	43.75
A_PB2	849	4	G	0	0	4	44.75
A_PB2	850	4	T	0	0	4	42.5
A_PB2	851	4	G	0	0	4	44.75
A_PB2	852	4	C	0	0	4	43.5
A_PB2	853	4	C	0	0	4	43
A_PB2	854	4	A	0	0	4	45
A_PB2	855	4	C	0	0	4	43.5
A_PB2	856	4	A	0	0	4	46.5
A_PB2	857	4	G	0	0	4	41
A_PB2	858	4	C	0	0	4	39.5
A_PB2	859	4	A	0	0	4	37.75
A_PB2	860	4	C	0	0	4	39.25
A_PB2	861	4	A	0	0	4	37.75
A_PB2	862	4	C	0	0	4	38.75
A_PB2	863	4	A	0	0	4	39
A_PB2	864	4	G	0	0	4	36
A_PB2	865	4	A	0	0	4	35
A_PB2	866	4	T	0	0	4	37.25
A_PB2	867	4	T	0	0	4	39
A_PB2	868	4	G	0	0	4	37
A_PB2	869	4	G	0	0	4	37
A_PB2	870	4	A	0	0	4	39.5
A_PB2	871	4	G	0	0	4	41
A_PB2	872	4	G	0	0	4	43.75
A_PB2	873	4	T	0	0	4	41
A_PB2	874	4	G	0	0	4	38.5
A_PB2	875	4	T	0	0	4	40
A_PB2	876	4	G	0	0	4	40.25
A_PB2	877	4	A	0	0	4	45
A_PB2	878	4	A	0	0	4	47
A_PB2	879	4	G	0	0	4	43.75
A_PB2	880	4	A	0	0	4	47
A_PB2	881	4	T	0	0	4	43.75
A_PB2	882	4	G	0	0	4	43.5
A_PB2	883	4	G	0	0	4	40.75
A_PB2	884	4	T	0	0	4	40.25
A_PB2	885	4	G	0	0	4	38.75
A_PB2	886	4	G	0	0	4	41.5
A_PB2	887	4	A	0	0	4	45
A_PB2	888	4	C	0	0	4	43.5
A_PB2	889	4	A	0	0	4	45.5
A_PB2	890	4	T	0	0	4	45.75
A_PB2	891	4	C	0	0	4	45.75
A_PB2	892	4	C	0	0	4	46.5
A_PB2	893	4	T	0	0	4	44.5
A_PB2	894	4	T	0	0	4	43.75
A_PB2	895	4	A	0	0	4	42
A_PB2	896	4	A	0	0	4	45.5
A_PB2	897	4	A	0	0	4	44.25
A_PB2	898	4	C	0	0	4	45
A_PB2	899	4	A	0	0	4	47.25
A_PB2	900	4	G	0	0	4	47.5
A_PB2	901	4	A	0	0	4	44.75
A_PB2	902	4	A	0	0	4	43
A_PB2	903	4	T	0	0	4	47.25
A_PB2	904	4	C	0	0	4	44.5
A_PB2	905	4	C	0	0	4	46.75
A_PB2	906	4	A	0	0	4	47.25
A_PB2	907	4	A	0	0	4	43.25
A_PB2	908	4	C	0	0	4	46.5
A_PB2	909	4	T	0	0	4	43.75
A_PB2	910	4	G	0	0	4	45
A_PB2	911	4	A	0	0	4	43.75
A_PB2	912	4	G	0	0	4	43.25
A_PB2	913	4	G	0	0	4	40.5
A_PB2	914	4	A	0	0	4	43.75
A_PB2	915	4	G	0	0	4	43.25
A_PB2	916	4	C	0	0	4	40
A_PB2	917	4	A	0	0	4	42.75
A_PB2	918	4	A	0	0	4	41
A_PB2	919	4	G	0	0	4	40
A_PB2	920	4	C	0	0	4	39
A_PB2	921	4	C	0	0	4	39
A_PB2	922	4	G	0	0	4	41
A_PB2	923	4	T	0	0	4	43
A_PB2	924	4	A	0	0	4	43.5
A_PB2	925	4	G	0	0	4	47
A_PB2	926	4	A	0	0	4	43
A_PB2	927	4	C	0	0	4	41.75
A_PB2	928	4	A	0	0	4	47
A_PB2	929	4	T	0	0	4	43
A_PB2	930	4	A	0	0	4	41.5
A_PB2	931	4	T	0	0	4	43.25
A_PB2	932	4	G	0	0	4	44.25
A_PB2	933	4	C	0	0	4	41.5
A_PB2	934	4	A	0	0	4	42.25
A_PB2	935	4	A	0	0	4	42
A_PB2	936	4	G	0	0	4	39.5
A_PB2	937	4	G	0	0	4	42
A_PB2	938	4	C	0	0	4	39.75
A_PB2	939	4	A	0	0	4	37.25
A_PB2	940	4	G	0	0	4	35.5
A_PB2	941	4	C	0	0	4	37.5
A_PB2	942	4	A	0	0	4	37.25
A_PB2	943	4	A	0	0	4	38
A_PB2	944	4	T	0	0	4	40.25
A_PB2	945	4	A	0	0	4	31
A_PB2	946	4	G	0	0	4	32.25
A_PB2	947	4	G	0	0	4	34.75
A_PB2	948	4	G	0	0	4	32.5
A_PB2	949	4	T	0	0	4	31.5
A_PB2	950	4	T	0	0	4	32.75
A_PB2	951	4	G	0	0	4	31.5
A_PB2	952	4	A	0	0	4	32.5
A_PB2	953	4	G	0	0	4	30.75
A_PB2	954	4	G	0	0	4	33.75
A_PB2	955	4	A	0	0	4	32.25
A_PB2	956	4	T	0	0	4	30.25
A_PB2	957	4	T	0	0	4	28.75
A_PB2	958	4	A	0	0	4	28.75
A_PB2	959	4	G	0	0	4	29.5
A_PB2	960	4	C	0	0	4	25
A_PB2	961	4	T	0	0	4	25.25
A_PB2	962	4	C	0	0	4	28.5
A_PB2	963	4	A	0	0	4	27.75
A_PB2	964	4	T	0	0	4	29.5
A_PB2	965	4	C	0	0	4	35.5
A_PB2	966	4	T	0	0	4	31.75
A_PB2	967	4	T	0	0	4	40
A_PB2	968	4	T	0	0	4	37.75
A_PB2	969	4	C	0	0	4	36.75
A_PB2	970	4	A	0	0	4	36.25
A_PB2	971	4	G	0	0	4	37.5
A_PB2	972	4	T	0	0	4	42
A_PB2	973	4	T	0	0	4	44
A_PB2	974	4	T	0	0	4	42.5
A_PB2	975	4	T	0	0	4	45.5
A_PB2	976	4	G	0	0	4	45.5
A_PB2	977	4	G	0	0	4	47.25
A_PB2	978	4	T	0	0	4	47.25
A_PB2	979	4	G	0	0	4	42
A_PB2	980	4	G	0	0	4	44.25
A_PB2	981	4	G	0	0	4	37
A_PB2	982	4	T	0	0	4	43.5
A_PB2	983	4	T	0	0	4	47.5
A_PB2	984	4	C	0	0	4	42
A_PB2	985	4	A	0	0	4	42.75
A_PB2	986	4	C	0	0	4	44.25
A_PB2	987	4	T	0	0	4	45
A_PB2	988	4	T	0	0	4	50
A_PB2	989	4	T	0	0	4	43.25
A_PB2	990	4	C	0	0	4	43.5
A_PB2	991	4	A	0	0	4	46.25
A_PB2	992	4	A	0	0	4	45.25
A_PB2	993	4	A	0	0	4	44
A_PB2	994	4	A	0	0	4	45.75
A_PB2	995	4	G	0	0	4	47.25
A_PB2	996	4	G	0	0	4	47.5
A_PB2	997	4	A	0	0	4	46.25
A_PB2	998	4	C	0	0	4	43.25
A_PB2	999	4	A	0	0	4	45
A_PB2	1000	4	A	0	0	4	44
A_PB2	1001	4	G	0	0	4	44
A_PB2	1002	4	C	0	0	4	43.5
A_PB2	1003	4	G	0	0	4	45.75
A_PB2	1004	4	G	0	0	4	37.75
A_PB2	1005	4	A	0	0	4	35.25
A_PB2	1006	4	T	0	0	4	40.25
A_PB2	1007	4	C	0	0	4	37.75
A_PB2	1008	4	A	0	0	4	33.75
A_PB2	1009	4	T	0	0	4	34.5
A_PB2	1010	4	C	0	0	4	38.75
A_PB2	1011	4	A	0	0	4	34.5
A_PB2	1012	4	G	0	0	4	37.5
A_PB2	1013	4	T	0	0	4	40.5
A_PB2	1014	4	C	0	0	4	37.25
A_PB2	1015	4	A	0	0	4	40.5
A_PB2	1016	4	A	0	0	4	42
A_PB2	1017	4	G	0	0	4	39.25
A_PB2	1018	4	A	0	0	4	40.75
A_PB2	1019	4	A	0	0	4	42.25
A_PB2	1020	4	A	0	0	4	41
A_PB2	1021	4	G	0	0	4	40.75
A_PB2	1022	4	A	0	0	4	34.75
A_PB2	1023	4	A	0	0	4	36.5
A_PB2	1024	4	G	0	0	4	35.25
A_PB2	1025	4	A	0	0	4	36
A_PB2	1026	4	G	0	0	4	40.5
A_PB2	1027	4	G	0	0	4	39.75
A_PB2	1028	4	A	0	0	4	37
A_PB2	1029	4	A	0	0	4	36.75
A_PB2	1030	4	A	0	0	4	37.5
A_PB2	1031	4	T	0	0	4	37.75
A_PB2	1032	4	G	0	0	4	39
A_PB2	1033	4	C	0	0	4	40.25
A_PB2	1034	4	T	0	0	4	44.5
A_PB2	1035	4	A	0	0	4	44
A_PB2	1036	4	A	0	0	4	46.25
A_PB2	1037	4	C	0	0	4	44
A_PB2	1038	4	G	0	0	4	37
A_PB2	1039	4	G	0	0	4	39
A_PB2	1040	4	G	0	0	4	37
A_PB2	1041	4	C	0	0	4	38.75
A_PB2	1042	4	A	0	0	4	40
A_PB2	1043	4	A	0	0	4	37.25
A_PB2	1044	4	C	0	0	4	37.5
A_PB2	1045	4	C	0	0	4	41
A_PB2	1046	4	T	0	0	4	37.75
A_PB2	1047	4	T	0	0	4	40
A_PB2	1048	4	C	0	0	4	36.25
A_PB2	1049	4	A	0	0	4	32
A_PB2	1050	4	A	0	0	4	34
A_PB2	1051	4	A	0	0	4	31.25
A_PB2	1052	4	C	0	0	4	33.5
A_PB2	1053	4	A	0	0	4	37
A_PB2	1054	4	C	0	0	4	35.5
A_PB2	1055	4	T	0	0	4	37
A_PB2	1056	4	G	0	0	4	36.25
A_PB2	1057	4	A	0	0	4	36
A_PB2	1058	4	A	0	0	4	37
A_PB2	1059	4	A	0	0	4	38.25
A_PB2	1060	4	T	0	0	4	41
A_PB2	1061	4	T	0	0	4	40
A_PB2	1062	4	A	0	0	4	33.75
A_PB2	1063	4	A	0	0	4	35
A_PB2	1064	4	G	0	0	4	37
A_PB2	1065	4	A	0	0	4	41
A_PB2	1066	4	G	0	0	4	40.25
A_PB2	1067	4	T	0	0	4	41.5
A_PB2	1068	4	A	0	0	4	36.25
A_PB2	1069	4	C	0	0	4	32.25
A_PB2	1070	4	A	0	0	4	33
A_PB2	1071	4	T	0	0	4	32.75
A_PB2	1072	4	G	0	0	4	34.5
A_PB2	1073	4	A	0	0	4	33
A_PB2	1074	4	A	0	0	4	35
A_PB2	1075	4	G	0	0	4	33.5
A_PB2	1076	4	G	0	0	4	33.5
A_PB2	1077	4	G	0	0	4	34.25
A_PB2	1078	4	T	0	0	4	35.25
A_PB2	1079	4	A	0	0	4	30.75
A_PB2	1080	4	T	0	0	4	31
A_PB2	1081	4	G	0	0	4	28
A_PB2	1082	4	A	0	0	4	31.25
A_PB2	1083	4	A	0	0	4	33.75
A_PB2	1084	4	G	0	0	4	35.25
A_PB2	1085	4	A	0	0	4	30.75
A_PB2	1086	4	A	0	0	4	30.75
A_PB2	1087	4	T	0	0	4	31.5
A_PB2	1088	4	T	0	0	4	34.5
A_PB2	1089	4	C	0	0	4	32.75
A_PB2	1090	4	A	0	0	4	36
A_PB2	1091	4	C	0	0	4	36.5
A_PB2	1092	4	A	0	0	4	38
A_PB2	1093	4	A	0	0	3	43
A_PB2	1094	4	T	0	0	4	40
A_PB2	1095	4	G	0	0	4	47.75
A_PB2	1096	4	G	0	0	4	47
A_PB2	1097	4	T	0	0	4	44.75
A_PB2	1098	4	T	0	0	3	42.6666666666667
A_PB2	1099	4	G	0	0	4	40.25
A_PB2	1100	4	G	0	0	4	41
A_PB2	1101	4	G	0	0	4	41.5
A_PB2	1102	4	A	0	0	4	45.5
A_PB2	1103	4	G	0	0	4	44.25
A_PB2	1104	4	A	0	0	4	44.75
A_PB2	1105	4	A	0	0	4	44.5
A_PB2	1106	4	G	0	0	4	41
A_PB2	1107	4	A	0	0	4	40.5
A_PB2	1108	4	G	0	0	4	40
A_PB2	1109	4	C	0	0	4	37.75
A_PB2	1110	4	A	0	0	4	42.5
A_PB2	1111	4	A	0	0	4	39.25
A_PB2	1112	4	C	0	0	4	40
A_PB2	1113	4	A	0	0	4	40
A_PB2	1114	4	G	0	0	4	35.75
A_PB2	1115	4	C	0	0	4	39.5
A_PB2	1116	4	T	0	0	4	42.5
A_PB2	1117	4	A	0	0	4	38.75
A_PB2	1118	4	T	0	0	4	35.75
A_PB2	1119	4	T	0	0	4	35.5
A_PB2	1120	4	C	0	0	4	34.75
A_PB2	1121	4	T	0	0	4	36.25
A_PB2	1122	4	C	0	0	4	34.75
A_PB2	1123	4	A	0	0	4	30
A_PB2	1124	4	G	0	0	4	33.5
A_PB2	1125	4	A	0	0	4	32.25
A_PB2	1126	4	A	0	0	4	34.5
A_PB2	1127	4	A	0	0	4	34.5
A_PB2	1128	4	G	0	0	4	39.75
A_PB2	1129	4	G	0	0	4	33.75
A_PB2	1130	4	C	0	0	4	31.25
A_PB2	1131	4	A	0	0	4	28
A_PB2	1132	4	A	0	0	4	29.75
A_PB2	1133	4	C	0	0	4	28
A_PB2	1134	4	C	0	0	4	30.75
A_PB2	1135	4	A	0	0	4	30.75
A_PB2	1136	4	G	0	0	4	31.25
A_PB2	1137	4	G	0	0	4	33.25
A_PB2	1138	4	A	0	0	4	31.75
A_PB2	1139	4	G	0	0	4	35.75
A_PB2	1140	4	A	0	0	4	33
A_PB2	1141	4	T	0	0	4	33
A_PB2	1142	4	T	0	0	4	32
A_PB2	1143	4	G	0	0	4	33.5
A_PB2	1144	4	A	0	0	4	33.25
A_PB2	1145	4	T	0	0	4	38
A_PB2	1146	4	C	0	0	4	36.5
A_PB2	1147	4	C	0	0	4	37.75
A_PB2	1148	4	A	0	0	4	36.75
A_PB2	1149	4	A	0	0	4	40.75
A_PB2	1150	4	T	0	0	4	39.5
A_PB2	1151	4	T	0	0	4	38.5
A_PB2	1152	4	A	0	0	4	38.75
A_PB2	1153	4	A	0	0	4	40.75
A_PB2	1154	4	T	0	0	4	44
A_PB2	1155	4	A	0	0	4	39.5
A_PB2	1156	4	G	0	0	4	42.25
A_PB2	1157	4	T	0	0	4	43
A_PB2	1158	4	A	0	0	4	44
A_PB2	1159	4	A	0	0	4	43.5
A_PB2	1160	4	G	0	0	4	44.25
A_PB2	1161	4	C	0	0	4	44.25
A_PB2	1162	4	G	0	0	4	41.75
A_PB2	1163	4	G	0	0	4	43.5
A_PB2	1164	4	G	0	0	4	38.5
A_PB2	1165	4	A	0	0	4	40.75
A_PB2	1166	4	G	0	0	4	37
A_PB2	1167	4	A	0	0	4	36.75
A_PB2	1168	4	G	0	0	4	33
A_PB2	1169	4	A	0	0	4	32.75
A_PB2	1170	4	C	0	0	4	33.75
A_PB2	1171	4	G	0	0	4	33.5
A_PB2	1172	4	A	0	0	4	32.75
A_PB2	1173	4	G	0	0	4	34.25
A_PB2	1174	4	C	0	0	4	36.75
A_PB2	1175	4	A	0	0	4	31.5
A_PB2	1176	4	G	0	0	4	33.25
A_PB2	1177	4	T	0	0	4	33.25
A_PB2	1178	4	C	0	0	4	34.5
A_PB2	1179	4	A	0	0	4	36.75
A_PB2	1180	4	A	0	0	4	31.75
A_PB2	1181	4	T	0	0	4	28.75
A_PB2	1182	4	A	0	0	4	28.5
A_PB2	1183	4	G	0	0	4	25.75
A_PB2	1184	4	C	0	0	4	27
A_PB2	1185	4	T	0	0	4	28.25
A_PB2	1186	4	G	0	0	4	30
A_PB2	1187	4	A	0	0	4	34
A_PB2	1188	4	A	0	0	4	34.25
A_PB2	1189	4	G	0	0	4	35
A_PB2	1190	4	C	0	0	4	38.75
A_PB2	1191	4	A	0	0	4	37
A_PB2	1192	4	A	0	0	4	38
A_PB2	1193	4	T	0	0	4	36.75
A_PB2	1194	4	A	0	0	4	40.5
A_PB2	1195	4	A	0	0	4	37.25
A_PB2	1196	4	T	0	0	4	38
A_PB2	1197	4	T	0	0	4	43.5
A_PB2	1198	4	G	0	0	4	42.25
A_PB2	1199	4	T	0	0	4	40
A_PB2	1200	4	G	0	0	4	39.25
A_PB2	1201	4	G	0	0	4	37.5
A_PB2	1202	4	C	0	0	4	38.75
A_PB2	1203	4	C	0	0	4	39.75
A_PB2	1204	4	A	0	0	4	43.25
A_PB2	1205	4	T	0	0	4	39.75
A_PB2	1206	4	G	0	0	4	39.75
A_PB2	1207	4	G	0	0	4	40.5
A_PB2	1208	4	T	0	0	4	40.75
A_PB2	1209	4	T	0	0	4	41.25
A_PB2	1210	4	T	0	0	4	38.75
A_PB2	1211	4	T	0	0	4	38.75
A_PB2	1212	4	C	0	0	4	41.5
A_PB2	1213	4	T	0	0	4	37.75
A_PB2	1214	4	C	0	0	4	42.75
A_PB2	1215	4	A	0	0	4	42.5
A_PB2	1216	4	C	0	0	4	41
A_PB2	1217	4	A	0	0	4	44.5
A_PB2	1218	4	A	0	0	4	48
A_PB2	1219	4	G	0	0	4	45
A_PB2	1220	4	A	0	0	4	47
A_PB2	1221	4	G	0	0	4	46.25
A_PB2	1222	4	G	0	0	4	46.5
A_PB2	1223	4	A	0	0	4	46.5
A_PB2	1224	4	T	0	0	4	44.75
A_PB2	1225	4	T	0	0	4	44
A_PB2	1226	4	G	0	0	4	44.5
A_PB2	1227	4	C	0	0	4	43.25
A_PB2	1228	4	A	0	0	4	44.75
A_PB2	1229	4	T	0	0	4	45.25
A_PB2	1230	4	G	0	0	4	46
A_PB2	1231	4	A	0	0	4	40.5
A_PB2	1232	4	T	0	0	4	40.5
A_PB2	1233	4	C	0	0	4	38
A_PB2	1234	4	A	0	0	4	41.5
A_PB2	1235	4	A	0	0	4	38.75
A_PB2	1236	4	A	0	0	4	40.25
A_PB2	1237	4	G	0	0	4	38
A_PB2	1238	4	C	0	0	4	39.5
A_PB2	1239	4	A	0	0	4	34
A_PB2	1240	4	G	0	0	4	36
A_PB2	1241	4	T	0	0	4	37.25
A_PB2	1242	4	T	0	0	4	31.5
A_PB2	1243	4	A	0	0	4	33
A_PB2	1244	4	G	0	0	4	32.25
A_PB2	1245	4	G	0	0	4	30.75
A_PB2	1246	4	G	0	0	4	32.25
A_PB2	1247	4	G	0	0	4	31
A_PB2	1248	4	C	0	0	4	31.75
A_PB2	1249	4	G	0	0	4	32
A_PB2	1250	4	A	0	0	4	35.75
A_PB2	1251	4	T	0	0	4	34.75
A_PB2	1252	4	C	0	0	4	41.25
A_PB2	1253	4	T	0	0	4	38.25
A_PB2	1254	4	G	0	0	4	38.75
A_PB2	1255	4	A	0	0	4	40
A_PB2	1256	4	A	0	0	4	37.75
A_PB2	1257	4	C	0	0	4	39
A_PB2	1258	4	T	0	0	4	40.75
A_PB2	1259	4	T	0	0	4	42.25
A_PB2	1260	4	T	0	0	4	41.5
A_PB2	1261	4	G	0	0	4	39
A_PB2	1262	4	T	0	0	4	35.75
A_PB2	1263	4	C	0	0	4	37.25
A_PB2	1264	4	A	0	0	4	36.75
A_PB2	1265	4	A	0	0	4	35.5
A_PB2	1266	4	T	0	0	4	37.25
A_PB2	1267	4	A	0	0	4	36
A_PB2	1268	4	G	0	0	4	37.5
A_PB2	1269	4	G	0	0	4	41
A_PB2	1270	4	G	0	0	4	38.75
A_PB2	1271	4	C	0	0	4	38.25
A_PB2	1272	4	A	0	0	4	37
A_PB2	1273	4	A	0	0	4	37.75
A_PB2	1274	4	A	0	0	4	40.25
A_PB2	1275	4	T	0	0	4	41
A_PB2	1276	4	C	0	0	4	43
A_PB2	1277	4	A	0	0	4	40.75
A_PB2	1278	4	G	0	0	4	39.75
A_PB2	1279	4	A	0	0	4	39.75
A_PB2	1280	4	G	0	0	4	37.75
A_PB2	1281	4	A	0	0	4	33.5
A_PB2	1282	4	C	0	0	4	36.25
A_PB2	1283	4	T	0	0	4	34
A_PB2	1284	4	G	0	0	4	34
A_PB2	1285	4	A	0	0	4	33.75
A_PB2	1286	4	A	0	0	4	37
A_PB2	1287	4	T	0	0	4	38
A_PB2	1288	4	C	0	0	4	38.25
A_PB2	1289	4	C	0	0	4	39
A_PB2	1290	4	C	0	0	4	43.75
A_PB2	1291	4	A	0	0	4	38.5
A_PB2	1292	4	T	0	0	4	37.5
A_PB2	1293	4	G	0	0	4	36.25
A_PB2	1294	4	C	0	0	4	36.25
A_PB2	1295	4	A	0	0	4	35.75
A_PB2	1296	4	C	0	0	4	40.25
A_PB2	1297	4	C	0	0	4	38
A_PB2	1298	4	A	0	0	4	35.5
A_PB2	1299	4	G	0	0	4	34.5
A_PB2	1300	4	C	0	0	4	35
A_PB2	1301	4	T	0	0	4	34
A_PB2	1302	4	C	0	0	4	36.25
A_PB2	1303	4	T	0	0	4	36.75
A_PB2	1304	4	T	0	0	4	36
A_PB2	1305	4	G	0	0	4	31
A_PB2	1306	4	A	0	0	4	35.5
A_PB2	1307	4	G	0	0	4	34.75
A_PB2	1308	4	G	0	0	4	31.75
A_PB2	1309	4	C	0	0	4	34.5
A_PB2	1310	4	A	0	0	4	34.5
A_PB2	1311	4	T	0	0	4	36.5
A_PB2	1312	4	T	0	0	4	33.5
A_PB2	1313	4	T	0	0	4	34.75
A_PB2	1314	4	C	0	0	4	33.25
A_PB2	1315	4	C	0	0	4	33.75
A_PB2	1316	4	A	0	0	4	27.25
A_PB2	1317	4	A	0	0	4	33.75
A_PB2	1318	4	A	0	0	4	28.75
A_PB2	1319	4	A	0	0	4	31
A_PB2	1320	4	A	0	0	4	36.5
A_PB2	1321	4	G	0	0	4	43.25
A_PB2	1322	4	A	0	0	4	40.5
A_PB2	1323	4	T	0	0	4	41.75
A_PB2	1324	4	G	0	0	4	44
A_PB2	1325	4	C	0	0	4	39.25
A_PB2	1326	4	A	0	0	4	42.5
A_PB2	1327	4	A	0	0	4	40.25
A_PB2	1328	4	A	0	0	4	39.25
A_PB2	1329	4	G	0	0	4	42.75
A_PB2	1330	4	G	0	0	4	41.25
A_PB2	1331	4	T	0	0	4	43.25
A_PB2	1332	4	G	0	0	4	42.5
A_PB2	1333	4	C	0	0	4	40.25
A_PB2	1334	4	T	0	0	4	39.25
A_PB2	1335	4	T	0	0	4	38
A_PB2	1336	4	T	0	0	4	33.75
A_PB2	1337	4	T	0	0	4	34.75
A_PB2	1338	4	C	0	0	4	33
A_PB2	1339	4	C	0	0	4	36
A_PB2	1340	4	A	0	0	4	35.5
A_PB2	1341	4	G	0	0	4	33
A_PB2	1342	4	A	0	0	4	35.5
A_PB2	1343	4	A	0	0	4	37.75
A_PB2	1344	4	C	0	0	4	37.75
A_PB2	1345	4	T	0	0	4	42.5
A_PB2	1346	4	G	0	0	4	41.75
A_PB2	1347	4	G	0	0	4	41.25
A_PB2	1348	4	G	0	0	4	41
A_PB2	1349	4	G	0	0	4	40
A_PB2	1350	4	A	0	0	4	38
A_PB2	1351	4	A	0	0	4	38.25
A_PB2	1352	4	T	0	0	4	38
A_PB2	1353	4	T	0	0	4	37.25
A_PB2	1354	4	G	0	0	4	37
A_PB2	1355	4	A	0	0	4	40.5
A_PB2	1356	4	A	0	0	4	42
A_PB2	1357	4	A	0	0	4	44.25
A_PB2	1358	4	C	0	0	4	42.25
A_PB2	1359	4	C	0	0	4	40.75
A_PB2	1360	4	A	0	0	4	44
A_PB2	1361	4	T	0	0	4	41.75
A_PB2	1362	4	C	0	0	4	38.75
A_PB2	1363	4	G	0	0	4	36.25
A_PB2	1364	4	A	0	0	4	27.25
A_PB2	1365	4	C	0	0	4	29.75
A_PB2	1366	4	A	0	0	4	31.25
A_PB2	1367	4	A	0	0	4	33.5
A_PB2	1368	4	T	0	0	4	33.75
A_PB2	1369	4	G	0	0	4	39
A_PB2	1370	4	T	0	0	4	35
A_PB2	1371	4	G	0	0	4	36.5
A_PB2	1372	4	A	0	0	4	40
A_PB2	1373	4	T	0	0	4	31.25
A_PB2	1374	4	G	0	0	4	31.25
A_PB2	1375	4	G	0	0	4	28.75
A_PB2	1376	4	G	0	0	4	28.5
A_PB2	1377	4	A	0	0	4	30.5
A_PB2	1378	4	A	0	0	4	35.25
A_PB2	1379	4	T	0	0	4	32.5
A_PB2	1380	4	G	0	0	3	30.3333333333333
A_PB2	1381	4	A	0	0	4	24.5
A_PB2	1382	4	T	0	0	4	24.25
A_PB2	1383	4	C	0	0	3	31
A_PB2	1384	4	G	0	0	4	24.75
A_PB2	1385	4	G	0	0	4	24
A_PB2	1386	4	A	0	0	3	23.3333333333333
A_PB2	1387	4	A	0	0	4	28
A_PB2	1388	4	T	0	0	4	43.5
A_PB2	1389	4	A	0	0	4	44.25
A_PB2	1390	4	C	0	0	4	44.25
A_PB2	1391	4	T	0	0	4	45.5
A_PB2	1392	4	G	0	0	4	39.75
A_PB2	1393	4	C	0	0	4	42.5
A_PB2	1394	4	C	0	0	4	41.75
A_PB2	1395	4	C	0	0	4	40.25
A_PB2	1396	4	G	0	0	4	42.5
A_PB2	1397	4	A	0	0	4	44.5
A_PB2	1398	4	C	0	0	4	41.5
A_PB2	1399	4	A	0	0	4	41
A_PB2	1400	4	T	0	0	4	41.25
A_PB2	1401	4	G	0	0	4	39.25
A_PB2	1402	4	A	0	0	4	42.75
A_PB2	1403	4	C	0	0	4	41
A_PB2	1404	4	C	0	0	4	39.75
A_PB2	1405	4	C	0	0	4	37.5
A_PB2	1406	4	C	0	0	4	35.5
A_PB2	1407	4	A	0	0	4	34.5
A_PB2	1408	4	A	0	0	4	34.75
A_PB2	1409	4	G	0	0	4	33.25
A_PB2	1410	4	C	0	0	4	35.5
A_PB2	1411	4	A	0	0	4	32.5
A_PB2	1412	4	C	0	0	4	33.75
A_PB2	1413	4	G	0	0	4	34.5
A_PB2	1414	4	G	0	0	4	35
A_PB2	1415	4	A	0	0	4	33.5
A_PB2	1416	4	G	0	0	4	37.5
A_PB2	1417	4	A	0	0	4	41.75
A_PB2	1418	4	T	0	0	4	42.5
A_PB2	1419	4	G	0	0	4	40.5
A_PB2	1420	4	T	0	0	4	41
A_PB2	1421	4	C	0	0	3	42.3333333333333
A_PB2	1422	4	A	0	0	4	31.25
A_PB2	1423	4	A	0	0	4	33.5
A_PB2	1424	4	T	0	0	4	31
A_PB2	1425	4	G	0	0	4	33
A_PB2	1426	4	A	0	0	4	32.25
A_PB2	1427	4	G	0	0	4	30
A_PB2	1428	3	A	1	0	3	30.3333333333333
A_PB2	1429	3	G	1	0	3	30.3333333333333
A_PB2	1430	3	G	1	0	3	32.6666666666667
A_PB2	1431	3	A	1	0	3	33.3333333333333
A_PB2	1432	3	A	1	0	3	41.6666666666667
A_PB2	1433	3	T	1	0	3	43
A_PB2	1434	4	A	0	0	4	33
A_PB2	1435	4	A	0	0	4	34.75
A_PB2	1436	4	G	0	0	3	42.6666666666667
A_PB2	1437	4	A	0	0	4	29.75
A_PB2	1438	4	G	0	0	4	25
A_PB2	1439	4	T	0	0	4	22.25
A_PB2	1440	3	C	1	0	3	31
A_PB2	1441	4	A	0	0	4	26.25
A_PB2	1442	4	G	0	0	4	27.5
A_PB2	1443	4	C	0	0	4	27.75
A_PB2	1444	4	A	0	0	4	27.75
A_PB2	1445	4	A	0	0	4	34.25
A_PB2	1446	4	G	0	0	4	36.25
A_PB2	1447	4	A	0	0	4	34
A_PB2	1448	4	T	0	0	4	30.5
A_PB2	1449	4	G	0	0	4	31.75
A_PB2	1450	4	G	0	0	4	31.75
A_PB2	1451	4	G	0	0	4	32.5
A_PB2	1452	4	A	0	0	4	36
A_PB2	1453	4	G	0	0	4	33.75
A_PB2	1454	4	T	0	0	4	34
A_PB2	1455	4	A	0	0	4	35.25
A_PB2	1456	4	G	0	0	4	37
A_PB2	1457	4	A	0	0	4	36.75
A_PB2	1458	4	T	0	0	4	40
A_PB2	1459	4	G	0	0	4	41.5
A_PB2	1460	4	A	0	0	4	42.25
A_PB2	1461	4	A	0	0	4	40.75
A_PB2	1462	4	T	0	0	4	39.25
A_PB2	1463	4	A	0	0	4	40.25
A_PB2	1464	4	C	0	0	4	44
A_PB2	1465	4	T	0	0	4	43.75
A_PB2	1466	4	C	0	0	4	41.75
A_PB2	1467	4	C	0	0	4	44
A_PB2	1468	4	A	0	0	4	41.25
A_PB2	1469	4	G	0	0	4	43.25
A_PB2	1470	4	C	0	0	4	46
A_PB2	1471	4	A	0	0	4	38.5
A_PB2	1472	4	C	0	0	4	40.25
A_PB2	1473	4	G	0	0	4	40.25
A_PB2	1474	4	G	0	0	4	37.75
A_PB2	1475	4	A	0	0	4	38
A_PB2	1476	4	G	0	0	4	42
A_PB2	1477	4	A	0	0	4	41.25
A_PB2	1478	4	G	0	0	4	42.25
A_PB2	1479	4	A	0	0	4	41.5
A_PB2	1480	4	G	0	0	4	43
A_PB2	1481	4	T	0	0	4	40.25
A_PB2	1482	4	G	0	0	4	38.75
A_PB2	1483	4	G	0	0	4	41
A_PB2	1484	4	T	0	0	4	38.5
A_PB2	1485	4	A	0	0	4	35.75
A_PB2	1486	4	G	0	0	4	41
A_PB2	1487	4	T	0	0	4	39.75
A_PB2	1488	4	G	0	0	4	40.75
A_PB2	1489	4	A	0	0	4	43.75
A_PB2	1490	4	G	0	0	4	42
A_PB2	1491	4	T	0	0	4	47.25
A_PB2	1492	4	A	0	0	4	44.5
A_PB2	1493	4	T	0	0	4	44.5
A_PB2	1494	4	T	0	0	4	44
A_PB2	1495	4	G	0	0	4	42.5
A_PB2	1496	4	A	0	0	4	38.75
A_PB2	1497	4	C	0	0	4	45
A_PB2	1498	4	C	0	0	4	41.75
A_PB2	1499	4	G	0	0	4	36.5
A_PB2	1500	4	A	0	0	4	39.5
A_PB2	1501	4	T	0	0	4	40.25
A_PB2	1502	4	T	0	0	4	39.25
A_PB2	1503	4	T	0	0	4	38
A_PB2	1504	4	T	0	0	4	39.5
A_PB2	1505	4	T	0	0	4	36.25
A_PB2	1506	4	G	0	0	4	37.75
A_PB2	1507	4	A	0	0	4	35
A_PB2	1508	4	G	0	0	4	36.75
A_PB2	1509	4	G	0	0	4	32.5
A_PB2	1510	4	G	0	0	4	25.75
A_PB2	1511	4	T	0	0	4	27.75
A_PB2	1512	4	T	0	0	4	35.75
A_PB2	1513	4	A	0	0	4	34.75
A_PB2	1514	4	G	0	0	4	35.5
A_PB2	1515	4	A	0	0	4	36.5
A_PB2	1516	4	G	0	0	4	36
A_PB2	1517	4	A	0	0	4	34.75
A_PB2	1518	4	T	0	0	4	33.75
A_PB2	1519	4	C	0	0	4	32
A_PB2	1520	4	A	0	0	4	33.5
A_PB2	1521	4	A	0	0	4	33.25
A_PB2	1522	4	A	0	0	4	32.5
A_PB2	1523	4	G	0	0	4	31.5
A_PB2	1524	4	A	0	0	4	34
A_PB2	1525	4	G	0	0	4	38.5
A_PB2	1526	4	G	0	0	4	39.75
A_PB2	1527	4	A	0	0	4	41
A_PB2	1528	4	A	0	0	4	42.25
A_PB2	1529	4	A	0	0	4	42.25
A_PB2	1530	4	C	0	0	4	44.5
A_PB2	1531	4	G	0	0	4	42.75
A_PB2	1532	4	T	0	0	4	39.25
A_PB2	1533	4	A	0	0	4	38.5
A_PB2	1534	4	C	0	0	4	37
A_PB2	1535	4	T	0	0	4	36.75
A_PB2	1536	4	A	0	0	4	34.75
A_PB2	1537	4	T	0	0	4	35.75
A_PB2	1538	4	T	0	0	4	41.25
A_PB2	1539	4	G	0	0	4	39.25
A_PB2	1540	4	T	0	0	4	43.5
A_PB2	1541	4	C	0	0	4	44.75
A_PB2	1542	4	T	0	0	4	42
A_PB2	1543	4	C	0	0	4	41.75
A_PB2	1544	4	C	0	0	4	42.5
A_PB2	1545	4	T	0	0	4	43.75
A_PB2	1546	4	G	0	0	4	43.5
A_PB2	1547	4	A	0	0	4	43.5
A_PB2	1548	4	A	0	0	4	41.75
A_PB2	1549	4	G	0	0	4	44
A_PB2	1550	4	A	0	0	4	42.75
A_PB2	1551	4	A	0	0	4	43
A_PB2	1552	4	G	0	0	4	39.25
A_PB2	1553	4	T	0	0	4	44.5
A_PB2	1554	4	C	0	0	4	44.75
A_PB2	1555	4	A	0	0	4	46.5
A_PB2	1556	4	G	0	0	4	45
A_PB2	1557	4	T	0	0	4	43.25
A_PB2	1558	4	G	0	0	4	44.25
A_PB2	1559	4	A	0	0	4	44
A_PB2	1560	4	A	0	0	4	45.75
A_PB2	1561	4	A	0	0	4	43
A_PB2	1562	4	C	0	0	4	39
A_PB2	1563	4	G	0	0	4	44
A_PB2	1564	4	C	0	0	4	42.25
A_PB2	1565	4	A	0	0	4	41.75
A_PB2	1566	4	A	0	0	4	41.5
A_PB2	1567	4	G	0	0	4	44.75
A_PB2	1568	4	G	0	0	4	44.5
A_PB2	1569	4	A	0	0	4	43.75
A_PB2	1570	4	A	0	0	4	47.25
A_PB2	1571	4	C	0	0	4	43.75
A_PB2	1572	4	T	0	0	4	41.25
A_PB2	1573	4	G	0	0	4	42.25
A_PB2	1574	4	A	0	0	4	40.5
A_PB2	1575	4	A	0	0	4	42.5
A_PB2	1576	4	A	0	0	4	43.25
A_PB2	1577	4	A	0	0	4	43
A_PB2	1578	4	G	0	0	4	42.25
A_PB2	1579	4	T	0	0	4	45
A_PB2	1580	4	T	0	0	4	43.75
A_PB2	1581	4	G	0	0	4	45
A_PB2	1582	4	A	0	0	4	44.75
A_PB2	1583	4	C	0	0	4	43
A_PB2	1584	4	A	0	0	4	39
A_PB2	1585	4	A	0	0	4	43
A_PB2	1586	4	T	0	0	4	39
A_PB2	1587	4	A	0	0	4	41
A_PB2	1588	4	A	0	0	4	43.75
A_PB2	1589	4	C	0	0	4	39.5
A_PB2	1590	4	T	0	0	4	44.75
A_PB2	1591	4	T	0	0	4	44.75
A_PB2	1592	4	A	0	0	4	38
A_PB2	1593	4	T	0	0	4	48
A_PB2	1594	4	T	0	0	4	38
A_PB2	1595	4	C	0	0	4	38.75
A_PB2	1596	4	G	0	0	4	36.5
A_PB2	1597	4	T	0	0	4	39
A_PB2	1598	4	C	0	0	3	42
A_PB2	1599	4	A	0	0	3	33.3333333333333
A_PB2	1600	4	T	0	0	4	29
A_PB2	1601	4	C	0	0	4	31.5
A_PB2	1602	4	A	0	0	4	34
A_PB2	1603	4	A	0	0	4	27.25
A_PB2	1604	4	T	0	0	4	25.25
A_PB2	1605	4	G	0	0	4	20.5
A_PB2	1606	3	A	1	0	3	27.6666666666667
A_PB2	1607	4	T	0	0	4	23
A_PB2	1608	4	G	0	0	4	23
A_PB2	1609	4	T	0	0	4	29.5
A_PB2	1610	4	G	0	0	4	29.5
A_PB2	1611	4	G	0	0	4	32.25
A_PB2	1612	4	G	0	0	4	38.5
A_PB2	1613	4	A	0	0	4	35.75
A_PB2	1614	4	A	0	0	4	38.75
A_PB2	1615	4	A	0	0	4	40.75
A_PB2	1616	4	T	0	0	4	39.5
A_PB2	1617	4	C	0	0	4	38
A_PB2	1618	4	A	0	0	4	41.25
A_PB2	1619	4	A	0	0	4	41.75
A_PB2	1620	4	C	0	0	4	39.25
A_PB2	1621	4	G	0	0	4	45.25
A_PB2	1622	4	G	0	0	4	41
A_PB2	1623	4	T	0	0	4	41
A_PB2	1624	4	C	0	0	4	39.75
A_PB2	1625	4	C	0	0	4	42.5
A_PB2	1626	4	T	0	0	4	41
A_PB2	1627	4	G	0	0	4	41.5
A_PB2	1628	4	A	0	0	4	42
A_PB2	1629	4	G	0	0	4	42.25
A_PB2	1630	4	T	0	0	4	41.5
A_PB2	1631	4	C	0	0	4	41.5
A_PB2	1632	4	A	0	0	4	39.75
A_PB2	1633	4	G	0	0	4	45
A_PB2	1634	4	T	0	0	4	44
A_PB2	1635	4	G	0	0	4	41.25
A_PB2	1636	4	C	0	0	4	43
A_PB2	1637	4	T	0	0	4	43.75
A_PB2	1638	4	A	0	0	4	41.75
A_PB2	1639	4	G	0	0	4	46
A_PB2	1640	4	T	0	0	4	43.25
A_PB2	1641	4	C	0	0	4	41.75
A_PB2	1642	4	A	0	0	4	44
A_PB2	1643	4	A	0	0	4	43.25
A_PB2	1644	4	C	0	0	4	47
A_PB2	1645	4	A	0	0	4	45
A_PB2	1646	4	C	0	0	4	47
A_PB2	1647	4	T	0	0	4	44.75
A_PB2	1648	4	T	0	0	4	36.25
A_PB2	1649	4	A	0	0	4	36.25
A_PB2	1650	4	T	0	0	4	43.25
A_PB2	1651	4	C	0	0	4	36.75
A_PB2	1652	4	A	0	0	4	32.75
A_PB2	1653	4	A	0	0	4	37.75
A_PB2	1654	4	T	0	0	4	38
A_PB2	1655	4	G	0	0	4	35
A_PB2	1656	4	G	0	0	4	43.25
A_PB2	1657	4	A	0	0	4	45.25
A_PB2	1658	4	T	0	0	4	42.75
A_PB2	1659	4	A	0	0	4	34
A_PB2	1660	4	A	0	0	4	36.75
A_PB2	1661	4	T	0	0	4	42
A_PB2	1662	4	C	0	0	4	47.25
A_PB2	1663	4	A	0	0	4	40.5
A_PB2	1664	4	G	0	0	4	44.5
A_PB2	1665	4	A	0	0	4	42.75
A_PB2	1666	4	A	0	0	4	42.25
A_PB2	1667	4	A	0	0	4	45
A_PB2	1668	4	C	0	0	4	45.5
A_PB2	1669	4	T	0	0	4	44.25
A_PB2	1670	4	G	0	0	4	43.25
A_PB2	1671	4	G	0	0	4	41.25
A_PB2	1672	4	G	0	0	3	40
A_PB2	1673	4	A	0	0	4	44.75
A_PB2	1674	4	A	0	0	4	43.75
A_PB2	1675	4	A	0	0	4	43.75
A_PB2	1676	4	T	0	0	4	40.25
A_PB2	1677	4	T	0	0	4	46
A_PB2	1678	4	G	0	0	4	43.75
A_PB2	1679	4	T	0	0	4	45.25
A_PB2	1680	4	G	0	0	4	42.75
A_PB2	1681	4	A	0	0	4	44.75
A_PB2	1682	4	A	0	0	4	45.25
A_PB2	1683	4	A	0	0	4	44.75
A_PB2	1684	4	A	0	0	4	44
A_PB2	1685	4	T	0	0	4	45.25
A_PB2	1686	4	T	0	0	4	43
A_PB2	1687	5	C	0	0	5	42.8
A_PB2	1688	5	A	0	0	5	41.2
A_PB2	1689	5	A	0	0	5	42.2
A_PB2	1690	5	T	0	0	5	42
A_PB2	1691	5	G	0	0	5	40
A_PB2	1692	5	G	0	0	5	42.2
A_PB2	1693	5	T	0	0	5	45.8
A_PB2	1694	5	C	0	0	5	44.8
A_PB2	1695	5	A	0	0	5	43.6
A_PB2	1696	5	C	0	0	5	45.6
A_PB2	1697	5	A	0	0	5	43.8
A_PB2	1698	5	A	0	0	5	44
A_PB2	1699	5	G	0	0	5	47
A_PB2	1700	5	A	0	0	5	43.6
A_PB2	1701	5	C	0	0	5	43.4
A_PB2	1702	5	C	0	0	5	40
A_PB2	1703	5	C	0	0	5	42
A_PB2	1704	5	C	0	0	5	41.8
A_PB2	1705	5	A	0	0	5	38
A_PB2	1706	5	C	0	0	5	41.2
A_PB2	1707	5	A	0	0	5	42.2
A_PB2	1708	5	A	0	0	5	39.6
A_PB2	1709	5	T	0	0	5	42.8
A_PB2	1710	5	G	0	0	5	41.6
A_PB2	1711	5	T	0	0	5	43.2
A_PB2	1712	5	T	0	0	5	41
A_PB2	1713	5	A	0	0	5	41.4
A_PB2	1714	5	T	0	0	5	40.8
A_PB2	1715	5	A	0	0	5	42.4
A_PB2	1716	5	C	0	0	5	42.8
A_PB2	1717	5	A	0	0	5	41.6
A_PB2	1718	5	A	0	0	5	45
A_PB2	1719	5	C	0	0	5	44.2
A_PB2	1720	5	A	0	0	5	41
A_PB2	1721	5	A	0	0	5	43
A_PB2	1722	5	A	0	0	5	43.4
A_PB2	1723	5	A	0	0	5	44
A_PB2	1724	5	T	0	0	5	43.8
A_PB2	1725	5	G	0	0	5	43.8
A_PB2	1726	5	G	0	0	5	43.6
A_PB2	1727	5	A	0	0	5	42.8
A_PB2	1728	5	A	0	0	5	44.8
A_PB2	1729	5	T	0	0	5	42
A_PB2	1730	5	T	0	0	5	38.2
A_PB2	1731	5	T	0	0	5	36.8
A_PB2	1732	5	G	0	0	5	33.4
A_PB2	1733	5	A	0	0	5	32
A_PB2	1734	5	A	0	0	5	30.2
A_PB2	1735	5	C	0	0	5	30.6
A_PB2	1736	5	C	0	0	5	28.2
A_PB2	1737	5	A	0	0	5	31.8
A_PB2	1738	5	T	0	0	5	30.2
A_PB2	1739	5	T	0	0	5	28.6
A_PB2	1740	5	T	0	0	5	29.8
A_PB2	1741	5	C	0	0	5	29
A_PB2	1742	5	A	0	0	5	27.4
A_PB2	1743	5	G	0	0	5	26.4
A_PB2	1744	4	T	1	0	4	31
A_PB2	1745	4	C	1	0	4	31.5
A_PB2	1746	5	T	0	0	5	27.6
A_PB2	1747	5	C	0	0	5	27.2
A_PB2	1748	5	T	0	0	5	28.2
A_PB2	1749	5	T	0	0	5	28.8
A_PB2	1750	5	G	0	0	5	30
A_PB2	1751	5	T	0	0	5	31.2
A_PB2	1752	5	T	0	0	5	30
A_PB2	1753	5	C	0	0	5	31.8
A_PB2	1754	5	C	0	0	4	34.5
A_PB2	1755	5	T	0	0	4	36.5
A_PB2	1756	5	A	0	0	5	38.6
A_PB2	1757	5	A	0	0	5	37.6
A_PB2	1758	5	G	0	0	5	36
A_PB2	1759	5	G	0	0	5	35.6
A_PB2	1760	5	C	0	0	5	34.6
A_PB2	1761	5	A	0	0	5	35.4
A_PB2	1762	5	A	0	0	5	35
A_PB2	1763	5	C	0	0	5	33.8
A_PB2	1764	5	C	0	0	5	35
A_PB2	1765	5	A	0	0	5	35.6
A_PB2	1766	5	G	0	0	5	39.2
A_PB2	1767	5	A	0	0	5	38.8
A_PB2	1768	5	A	0	0	5	41.4
A_PB2	1769	5	G	0	0	5	41.8
A_PB2	1770	5	C	0	0	5	43.8
A_PB2	1771	5	C	0	0	5	40.8
A_PB2	1772	5	G	0	0	5	38.6
A_PB2	1773	5	G	0	0	5	40
A_PB2	1774	5	T	0	0	5	37.4
A_PB2	1775	5	A	0	0	5	38
A_PB2	1776	5	C	0	0	5	33
A_PB2	1777	5	A	0	0	5	34
A_PB2	1778	5	G	0	0	5	32.8
A_PB2	1779	5	T	0	0	5	30.4
A_PB2	1780	5	G	0	0	5	31.2
A_PB2	1781	5	G	0	0	5	32.4
A_PB2	1782	5	A	0	0	5	33
A_PB2	1783	5	T	0	0	5	39.2
A_PB2	1784	5	T	0	0	5	41
A_PB2	1785	5	C	0	0	5	39.4
A_PB2	1786	5	G	0	0	5	40
A_PB2	1787	5	T	0	0	5	41.2
A_PB2	1788	5	A	0	0	5	42.6
A_PB2	1789	5	A	0	0	5	42.4
A_PB2	1790	5	G	0	0	5	41.8
A_PB2	1791	5	G	0	0	5	41.4
A_PB2	1792	5	A	0	0	5	43.4
A_PB2	1793	5	C	0	0	5	41.8
A_PB2	1794	5	A	0	0	5	44
A_PB2	1795	5	C	0	0	5	42.8
A_PB2	1796	5	T	0	0	5	44.4
A_PB2	1797	5	G	0	0	5	45.2
A_PB2	1798	5	T	0	0	5	43.6
A_PB2	1799	5	T	0	0	5	43.2
A_PB2	1800	5	C	0	0	5	42.8
A_PB2	1801	5	C	0	0	5	44.6
A_PB2	1802	5	A	0	0	5	44.2
A_PB2	1803	5	G	0	0	5	43.6
A_PB2	1804	5	C	0	0	5	42
A_PB2	1805	5	A	0	0	5	42.4
A_PB2	1806	5	A	0	0	5	41.8
A_PB2	1807	5	A	0	0	5	44.4
A_PB2	1808	5	T	0	0	5	42.8
A_PB2	1809	5	G	0	0	5	45.2
A_PB2	1810	5	A	0	0	5	44
A_PB2	1811	5	G	0	0	5	42.2
A_PB2	1812	5	G	0	0	5	42.6
A_PB2	1813	5	G	0	0	5	44.2
A_PB2	1814	5	A	0	0	5	43.6
A_PB2	1815	5	T	0	0	5	43.8
A_PB2	1816	5	G	0	0	5	43.8
A_PB2	1817	5	T	0	0	5	42
A_PB2	1818	5	A	0	0	5	37.8
A_PB2	1819	5	C	0	0	5	37.6
A_PB2	1820	5	T	0	0	5	39
A_PB2	1821	5	T	0	0	5	40.4
A_PB2	1822	5	G	0	0	5	39.2
A_PB2	1823	5	G	0	0	5	44.2
A_PB2	1824	5	G	0	0	5	40.6
A_PB2	1825	5	A	0	0	5	45.6
A_PB2	1826	5	C	0	0	5	42.2
A_PB2	1827	5	A	0	0	5	42
A_PB2	1828	5	T	0	0	5	42.6
A_PB2	1829	5	T	0	0	5	42.4
A_PB2	1830	5	T	0	0	5	43.2
A_PB2	1831	5	G	0	0	5	37.2
A_PB2	1832	5	A	0	0	5	39.6
A_PB2	1833	5	G	0	0	5	35.8
A_PB2	1834	5	A	0	0	4	44.25
A_PB2	1835	5	C	0	0	4	43.5
A_PB2	1836	5	T	0	0	5	37.6
A_PB2	1837	5	G	0	0	4	42.5
A_PB2	1838	5	T	0	0	5	37.4
A_PB2	1839	5	T	0	0	5	36.2
A_PB2	1840	5	C	0	0	4	44
A_PB2	1841	5	A	0	0	4	40.25
A_PB2	1842	5	A	0	0	5	35
A_PB2	1843	5	A	0	0	5	33.4
A_PB2	1844	5	T	0	0	5	32.8
A_PB2	1845	5	A	0	0	5	33.6
A_PB2	1846	5	A	0	0	5	33.8
A_PB2	1847	5	T	0	0	5	32
A_PB2	1848	5	A	0	0	5	31.2
A_PB2	1849	5	A	0	0	5	34.4
A_PB2	1850	5	A	0	0	5	37.4
A_PB2	1851	5	A	0	0	5	33
A_PB2	1852	5	C	0	0	5	33.2
A_PB2	1853	5	T	0	0	5	32.8
A_PB2	1854	5	T	0	0	5	33.6
A_PB2	1855	5	C	0	0	5	35.2
A_PB2	1856	5	T	0	0	5	34.2
A_PB2	1857	5	C	0	0	5	37.2
A_PB2	1858	5	C	0	0	5	42.6
A_PB2	1859	5	C	0	0	5	42
A_PB2	1860	5	C	0	0	5	41.6
A_PB2	1861	5	T	0	0	5	44.2
A_PB2	1862	5	T	0	0	5	43.2
A_PB2	1863	5	T	0	0	5	43.2
A_PB2	1864	5	G	0	0	5	41.2
A_PB2	1865	5	C	0	0	5	39.8
A_PB2	1866	5	C	0	0	5	43.2
A_PB2	1867	5	G	0	0	5	43.2
A_PB2	1868	5	C	0	0	5	42.6
A_PB2	1869	5	T	0	0	5	45.4
A_PB2	1870	5	G	0	0	5	42.4
A_PB2	1871	5	C	0	0	5	43.6
A_PB2	1872	5	T	0	0	5	45.8
A_PB2	1873	5	C	0	0	5	45.4
A_PB2	1874	5	C	0	0	5	46.2
A_PB2	1875	5	A	0	0	5	42.8
A_PB2	1876	5	C	0	0	5	41.8
A_PB2	1877	5	C	0	0	5	40.8
A_PB2	1878	5	A	0	0	5	38.6
A_PB2	1879	5	G	0	0	5	39.2
A_PB2	1880	5	A	0	0	5	41.2
A_PB2	1881	5	G	0	0	5	38.4
A_PB2	1882	5	C	0	0	5	42.8
A_PB2	1883	13	A	0	0	13	42.4615384615385
A_PB2	1884	14	G	0	0	14	39.8571428571429
A_PB2	1885	14	A	0	0	14	40.0714285714286
A_PB2	1886	14	G	0	0	14	40
A_PB2	1887	14	C	0	0	14	38.5
A_PB2	1888	15	A	0	0	15	36.6666666666667
A_PB2	1889	15	G	0	0	15	38
A_PB2	1890	15	G	0	0	15	40.0666666666667
A_PB2	1891	15	A	0	0	15	39.8
A_PB2	1892	15	T	0	0	15	39.6
A_PB2	1893	15	G	0	0	15	40.3333333333333
A_PB2	1894	15	C	0	0	15	38.6
A_PB2	1895	15	A	0	0	15	38.8666666666667
A_PB2	1896	15	A	0	0	15	38.4666666666667
A_PB2	1897	15	T	0	0	15	38.8666666666667
A_PB2	1898	15	T	0	0	15	40.2
A_PB2	1899	15	C	0	0	15	39
A_PB2	1900	15	T	0	0	15	40.9333333333333
A_PB2	1901	15	C	0	0	15	39.9333333333333
A_PB2	1902	15	T	0	0	15	41.6
A_PB2	1903	15	T	0	0	15	40.2666666666667
A_PB2	1904	15	C	0	0	15	39.0666666666667
A_PB2	1905	16	A	0	0	16	39.9375
A_PB2	1906	16	T	0	0	16	41.125
A_PB2	1907	16	T	0	0	16	40.0625
A_PB2	1908	16	A	0	0	16	40.25
A_PB2	1909	16	A	0	0	16	41.6875
A_PB2	1910	16	C	0	0	16	42.1875
A_PB2	1911	16	T	0	0	16	42.375
A_PB2	1912	16	G	0	0	16	40.9375
A_PB2	1913	16	T	0	0	16	40.6875
A_PB2	1914	16	G	0	0	16	41.3125
A_PB2	1915	16	A	0	0	16	38.625
A_PB2	1916	16	A	0	0	16	39.875
A_PB2	1917	16	T	0	0	16	40.25
A_PB2	1918	16	G	0	0	16	41.0625
A_PB2	1919	16	T	0	0	16	40.25
A_PB2	1920	16	G	0	0	16	39.9375
A_PB2	1921	16	A	0	0	16	41.625
A_PB2	1922	16	G	0	0	16	40.375
A_PB2	1923	16	A	0	0	16	40.625
A_PB2	1924	16	G	0	0	16	39.75
A_PB2	1925	21	G	0	0	21	40.1428571428571
A_PB2	1926	21	A	0	0	21	40.4285714285714
A_PB2	1927	21	T	0	0	21	40.9523809523809
A_PB2	1928	21	C	0	0	21	40.6190476190476
A_PB2	1929	21	A	0	0	21	41.5238095238095
A_PB2	1930	21	G	0	0	21	40.8095238095238
A_PB2	1931	21	G	0	0	21	41.5238095238095
A_PB2	1932	21	G	0	0	21	40.2380952380952
A_PB2	1933	21	T	0	0	21	40.0476190476191
A_PB2	1934	21	T	0	0	21	40.3333333333333
A_PB2	1935	21	A	0	0	21	43.2380952380952
A_PB2	1936	21	A	0	0	20	43.9
A_PB2	1937	21	G	0	0	21	41.5714285714286
A_PB2	1938	21	G	0	0	21	43.7142857142857
A_PB2	1939	21	A	0	0	21	43.4285714285714
A_PB2	1940	21	T	0	0	20	42.95
A_PB2	1941	21	A	0	0	21	41.1904761904762
A_PB2	1942	21	C	0	0	21	41.4761904761905
A_PB2	1943	21	T	0	0	21	41.1904761904762
A_PB2	1944	20	G	1	0	20	40.35
A_PB2	1945	21	G	0	0	21	39.8095238095238
A_PB2	1946	21	T	0	0	21	41.8095238095238
A_PB2	1947	21	A	0	0	21	41.7142857142857
A_PB2	1948	21	A	0	0	21	41.1428571428571
A_PB2	1949	21	G	0	0	21	41.1428571428571
A_PB2	1950	21	A	0	0	21	40.8095238095238
A_PB2	1951	21	G	0	0	21	40
A_PB2	1952	21	G	0	0	21	42.1428571428571
A_PB2	1953	21	C	0	0	21	41.8571428571429
A_PB2	1954	21	A	0	0	21	40.7142857142857
A_PB2	1955	21	A	0	0	21	40.0952380952381
A_PB2	1956	21	T	0	0	21	41.9523809523809
A_PB2	1957	21	T	0	0	21	41.9047619047619
A_PB2	1958	21	C	0	0	21	41.2380952380952
A_PB2	1959	21	T	0	0	21	41.3333333333333
A_PB2	1960	20	C	1	0	20	41.9
A_PB2	1961	21	C	0	0	21	41.3333333333333
A_PB2	1962	21	A	0	0	21	42.2857142857143
A_PB2	1963	21	G	0	0	21	42.8571428571429
A_PB2	1964	21	T	0	0	21	43.2857142857143
A_PB2	1965	21	A	0	0	21	43.0952380952381
A_PB2	1966	21	T	0	0	21	43.0476190476191
A_PB2	1967	21	T	0	0	21	42.0476190476191
A_PB2	1968	21	C	0	0	21	40.1904761904762
A_PB2	1969	21	A	0	0	21	40.4761904761905
A_PB2	1970	21	A	0	0	21	40.4761904761905
A_PB2	1971	21	T	0	0	21	40.9523809523809
A_PB2	1972	21	T	0	0	21	41.3809523809524
A_PB2	1973	21	A	0	0	21	41.1904761904762
A_PB2	1974	21	T	0	0	21	41.9523809523809
A_PB2	1975	21	A	0	0	21	42.4285714285714
A_PB2	1976	21	A	0	0	21	42.8571428571429
A_PB2	1977	21	C	0	0	21	41.6190476190476
A_PB2	1978	21	A	0	0	21	41.2857142857143
A_PB2	1979	21	A	0	0	21	42.2857142857143
A_PB2	1980	21	G	0	0	21	40.3809523809524
A_PB2	1981	21	G	0	0	21	42.1904761904762
A_PB2	1982	21	C	0	0	21	40.0952380952381
A_PB2	1983	21	A	0	0	21	40.7142857142857
A_PB2	1984	21	A	0	0	21	39.0476190476191
A_PB2	1985	21	C	0	0	21	39.8095238095238
A_PB2	1986	21	C	0	0	21	39
A_PB2	1987	21	A	0	0	21	39.6666666666667
A_PB2	1988	21	A	0	0	21	39.4761904761905
A_PB2	1989	21	A	0	0	21	40
A_PB2	1990	21	C	0	0	21	38.8571428571429
A_PB2	1991	21	G	0	0	21	37.4285714285714
A_PB2	1992	21	A	0	0	21	39.9047619047619
A_PB2	1993	21	C	0	0	20	36.7
A_PB2	1994	21	T	0	0	21	38
A_PB2	1995	21	T	0	0	21	37.4285714285714
A_PB2	1996	21	A	0	0	21	39.2380952380952
A_PB2	1997	21	C	0	0	20	40.25
A_PB2	1998	21	G	0	0	21	40.8095238095238
A_PB2	1999	21	A	0	0	21	40.9047619047619
A_PB2	2000	21	T	0	0	21	41.1904761904762
A_PB2	2001	21	T	0	0	21	40.0952380952381
A_PB2	2002	20	C	1	0	20	38.05
A_PB2	2003	21	T	0	0	21	39.6666666666667
A_PB2	2004	21	T	0	0	21	39.9523809523809
A_PB2	2005	21	G	0	0	21	38.3333333333333
A_PB2	2006	21	G	0	0	21	36.8571428571429
A_PB2	2007	21	A	0	0	21	38.7619047619048
A_PB2	2008	21	A	0	0	21	41
A_PB2	2009	21	A	0	0	21	42.1428571428571
A_PB2	2010	21	G	0	0	21	41.3809523809524
A_PB2	2011	21	G	0	0	21	42.2857142857143
A_PB2	2012	21	A	0	0	21	41.4285714285714
A_PB2	2013	21	T	0	0	21	41.6666666666667
A_PB2	2014	21	G	0	0	21	40.4761904761905
A_PB2	2015	21	C	0	0	21	41.9523809523809
A_PB2	2016	21	A	0	0	21	40.6190476190476
A_PB2	2017	21	G	0	0	21	43.2857142857143
A_PB2	2018	21	G	0	0	21	42.1428571428571
A_PB2	2019	21	T	0	0	21	43.1428571428571
A_PB2	2020	21	G	0	0	21	42.2380952380952
A_PB2	2021	21	C	0	0	21	43.1904761904762
A_PB2	2022	21	A	0	0	21	41.7142857142857
A_PB2	2023	21	T	0	0	21	42.4761904761905
A_PB2	2024	21	T	0	0	21	42.8095238095238
A_PB2	2025	21	G	0	0	21	40.2380952380952
A_PB2	2026	21	A	0	0	19	41.1578947368421
A_PB2	2027	21	C	0	0	20	42.1
A_PB2	2028	21	T	0	0	21	40.6190476190476
A_PB2	2029	21	G	0	0	21	39.5714285714286
A_PB2	2030	21	A	0	0	21	39.6666666666667
A_PB2	2031	21	A	0	0	21	39.9523809523809
A_PB2	2032	21	G	0	0	21	40.7619047619048
A_PB2	2033	21	A	0	0	21	40.8095238095238
A_PB2	2034	21	C	0	0	21	40
A_PB2	2035	21	C	0	0	21	40.0476190476191
A_PB2	2036	21	C	0	0	21	41.4285714285714
A_PB2	2037	20	A	1	0	20	37.85
A_PB2	2038	21	G	0	0	20	39.65
A_PB2	2039	21	A	0	0	21	40.7142857142857
A_PB2	2040	21	T	0	0	21	40
A_PB2	2041	21	G	0	0	21	39.4285714285714
A_PB2	2042	21	A	0	0	21	40.0476190476191
A_PB2	2043	21	A	0	0	21	40.9047619047619
A_PB2	2044	21	G	0	0	21	40.6190476190476
A_PB2	2045	21	G	0	0	21	41.7619047619048
A_PB2	2046	21	C	0	0	21	43.3333333333333
A_PB2	2047	21	A	0	0	21	42.8095238095238
A_PB2	2048	21	C	0	0	21	44.2380952380952
A_PB2	2049	21	A	0	0	21	42.2857142857143
A_PB2	2050	21	T	0	0	21	41.2857142857143
A_PB2	2051	21	C	0	0	21	40.1428571428571
A_PB2	2052	21	T	0	0	21	41.5714285714286
A_PB2	2053	20	G	1	0	20	38.75
A_PB2	2054	21	G	0	0	21	41.7142857142857
A_PB2	2055	21	G	0	0	21	41.3333333333333
A_PB2	2056	21	G	0	0	21	41.7142857142857
A_PB2	2057	21	T	0	0	21	41.4285714285714
A_PB2	2058	21	G	0	0	21	41.6190476190476
A_PB2	2059	21	G	0	0	21	40.7619047619048
A_PB2	2060	21	A	0	0	21	39.2857142857143
A_PB2	2061	21	G	0	0	21	38.7142857142857
A_PB2	2062	21	T	0	0	21	39.3809523809524
A_PB2	2063	21	C	0	0	21	37.7142857142857
A_PB2	2064	21	T	0	0	21	37.3809523809524
A_PB2	2065	21	G	0	0	21	36.2380952380952
A_PB2	2066	21	C	0	0	20	39.25
A_PB2	2067	21	T	0	0	21	38.3809523809524
A_PB2	2068	21	G	0	0	21	39.6666666666667
A_PB2	2069	21	T	0	0	21	39.6666666666667
A_PB2	2070	21	C	0	0	21	39.4761904761905
A_PB2	2071	21	C	0	0	21	40.3809523809524
A_PB2	2072	21	T	0	0	21	38.7142857142857
A_PB2	2073	20	G	1	0	20	39.8
A_PB2	2074	20	A	1	0	20	42.65
A_PB2	2075	20	G	1	0	20	40.2
A_PB2	2076	21	A	0	0	21	42.5714285714286
A_PB2	2077	21	G	0	0	21	41.5238095238095
A_PB2	2078	21	G	0	0	21	43
A_PB2	2079	21	A	0	0	21	42.4761904761905
A_PB2	2080	21	T	0	0	21	42.2380952380952
A_PB2	2081	21	T	0	0	21	41.4761904761905
A_PB2	2082	21	C	0	0	21	42.6190476190476
A_PB2	2083	21	C	0	0	21	41.8571428571429
A_PB2	2084	21	T	0	0	21	41.7142857142857
A_PB2	2085	21	C	0	0	21	39.1904761904762
A_PB2	2086	21	A	0	0	21	39
A_PB2	2087	21	T	0	0	21	38.9523809523809
A_PB2	2088	21	T	0	0	21	38.8571428571429
A_PB2	2089	21	T	0	0	21	40.0476190476191
A_PB2	2090	21	T	0	0	21	41.4761904761905
A_PB2	2091	21	A	0	0	21	40.6190476190476
A_PB2	2092	21	G	0	0	21	40.9047619047619
A_PB2	2093	21	G	0	0	21	40.9523809523809
A_PB2	2094	21	C	0	0	21	39.0952380952381
A_PB2	2095	21	A	0	0	21	39.5238095238095
A_PB2	2096	21	A	0	0	21	39.6666666666667
A_PB2	2097	21	A	0	0	21	40.4285714285714
A_PB2	2098	21	G	0	0	21	39.9047619047619
A_PB2	2099	21	A	0	0	21	41.7142857142857
A_PB2	2100	21	A	0	0	21	41.1904761904762
A_PB2	2101	21	G	0	0	21	40.6666666666667
A_PB2	2102	21	A	0	0	21	40.5238095238095
A_PB2	2103	21	C	0	0	21	37.8571428571429
A_PB2	2104	21	A	0	0	21	37.5238095238095
A_PB2	2105	21	A	0	0	21	36.1904761904762
A_PB2	2106	21	G	0	0	21	36.6666666666667
A_PB2	2107	21	A	0	0	21	36.2380952380952
A_PB2	2108	21	G	0	0	21	39.0952380952381
A_PB2	2109	21	G	0	0	21	37.2380952380952
A_PB2	2110	21	T	0	0	21	39.1904761904762
A_PB2	2111	21	A	0	0	21	40.4761904761905
A_PB2	2112	21	T	0	0	21	41.6190476190476
A_PB2	2113	21	G	0	0	21	39.4285714285714
A_PB2	2114	21	G	0	0	20	40.45
A_PB2	2115	21	C	0	0	21	39.7619047619048
A_PB2	2116	21	C	0	0	21	37.8571428571429
A_PB2	2117	21	C	0	0	21	37.5714285714286
A_PB2	2118	21	A	0	0	21	39.2380952380952
A_PB2	2119	21	G	0	0	21	40.5714285714286
A_PB2	2120	21	C	0	0	21	40.1428571428571
A_PB2	2121	21	A	0	0	21	38.2380952380952
A_PB2	2122	21	T	0	0	21	39.3809523809524
A_PB2	2123	21	T	0	0	21	39.3809523809524
A_PB2	2124	21	A	0	0	21	39.7619047619048
A_PB2	2125	21	A	0	0	21	39.3809523809524
A_PB2	2126	21	G	0	0	21	38.4285714285714
A_PB2	2127	21	C	0	0	21	39.1428571428571
A_PB2	2128	21	A	0	0	21	38.8095238095238
A_PB2	2129	21	T	0	0	21	41.7619047619048
A_PB2	2130	21	C	0	0	21	39.2380952380952
A_PB2	2131	21	A	0	0	21	39.3333333333333
A_PB2	2132	21	A	0	0	21	39.6190476190476
A_PB2	2133	21	T	0	0	21	39.8571428571429
A_PB2	2134	21	G	0	0	21	40.5714285714286
A_PB2	2135	21	A	0	0	21	41.5714285714286
A_PB2	2136	21	A	0	0	21	41.6666666666667
A_PB2	2137	21	C	0	0	21	41.7142857142857
A_PB2	2138	21	T	0	0	21	40.6190476190476
A_PB2	2139	21	G	0	0	21	39.6190476190476
A_PB2	2140	21	A	0	0	21	38.4285714285714
A_PB2	2141	21	G	0	0	21	37.1428571428571
A_PB2	2142	21	C	0	0	21	38.3333333333333
A_PB2	2143	21	A	0	0	21	37.0952380952381
A_PB2	2144	21	A	0	0	21	39.7142857142857
A_PB2	2145	21	T	0	0	21	39.6190476190476
A_PB2	2146	21	C	0	0	21	39.5714285714286
A_PB2	2147	21	T	0	0	21	40
A_PB2	2148	21	T	0	0	21	42.7142857142857
A_PB2	2149	21	G	0	0	21	41.7142857142857
A_PB2	2150	21	C	0	0	21	42.0952380952381
A_PB2	2151	21	T	0	0	21	41.7142857142857
A_PB2	2152	21	A	0	0	21	41.1428571428571
A_PB2	2153	21	A	0	0	21	41.4761904761905
A_PB2	2154	21	A	0	0	21	40.3333333333333
A_PB2	2155	21	G	0	0	21	38.5238095238095
A_PB2	2156	21	G	0	0	21	40.0952380952381
A_PB2	2157	21	A	0	0	21	36.7142857142857
A_PB2	2158	21	G	0	0	21	36
A_PB2	2159	21	A	0	0	21	35.7619047619048
A_PB2	2160	21	G	0	0	21	36.7619047619048
A_PB2	2161	21	A	0	0	21	36.9047619047619
A_PB2	2162	21	A	0	0	21	37.6666666666667
A_PB2	2163	21	A	0	0	21	39.5714285714286
A_PB2	2164	21	G	0	0	21	37.9523809523809
A_PB2	2165	21	C	0	0	21	38.5714285714286
A_PB2	2166	21	T	0	0	21	38.7619047619048
A_PB2	2167	21	A	0	0	20	40.7
A_PB2	2168	21	A	0	0	21	41.2857142857143
A_PB2	2169	21	T	0	0	20	40.9
A_PB2	2170	21	G	0	0	21	43.7142857142857
A_PB2	2171	21	T	0	0	21	44.2380952380952
A_PB2	2172	21	G	0	0	21	42.1904761904762
A_PB2	2173	21	C	0	0	21	43.9047619047619
A_PB2	2174	21	T	0	0	21	43.2380952380952
A_PB2	2175	21	A	0	0	21	42.7619047619048
A_PB2	2176	21	A	0	0	21	43.6666666666667
A_PB2	2177	21	T	0	0	21	43.0476190476191
A_PB2	2178	21	T	0	0	21	43.6190476190476
A_PB2	2179	21	G	0	0	21	41.3333333333333
A_PB2	2180	21	G	0	0	21	42.7142857142857
A_PB2	2181	23	G	0	0	23	40.1304347826087
A_PB2	2182	23	C	0	0	23	39.6086956521739
A_PB2	2183	23	A	0	0	23	36.4347826086956
A_PB2	2184	23	G	0	0	22	38.3181818181818
A_PB2	2185	23	G	0	0	23	37.0869565217391
A_PB2	2186	23	G	0	0	22	36.8181818181818
A_PB2	2187	23	G	0	0	23	37.304347826087
A_PB2	2188	23	G	0	0	23	40.0869565217391
A_PB2	2189	23	A	0	0	23	38.2608695652174
A_PB2	2190	23	C	0	0	23	37.9565217391304
A_PB2	2191	23	A	0	0	23	37.4782608695652
A_PB2	2192	23	T	0	0	23	38.1304347826087
A_PB2	2193	23	A	0	0	23	36.3913043478261
A_PB2	2194	23	G	0	0	23	36.3913043478261
A_PB2	2195	22	T	1	0	22	36.6818181818182
A_PB2	2196	22	G	1	0	22	35.2727272727273
A_PB2	2197	22	T	1	0	22	35.2272727272727
A_PB2	2198	23	T	0	0	23	33.9130434782609
A_PB2	2199	23	G	0	0	23	35.4347826086956
A_PB2	2200	22	G	1	0	22	33.9090909090909
A_PB2	2201	22	T	1	0	22	35.5
A_PB2	2202	22	A	1	0	21	38.5714285714286
A_PB2	2203	22	A	1	0	22	41.0454545454545
A_PB2	2204	23	T	0	0	23	39.4782608695652
A_PB2	2205	23	G	0	0	23	39.1304347826087
A_PB2	2206	23	A	0	0	22	39.1818181818182
A_PB2	2207	23	A	0	0	23	41.304347826087
A_PB2	2208	23	A	0	0	23	40.6521739130435
A_PB2	2209	23	C	0	0	21	42.3809523809524
A_PB2	2210	23	G	0	0	23	40.8260869565217
A_PB2	2211	23	A	0	0	22	38.3181818181818
A_PB2	2212	23	A	0	0	23	39.9130434782609
A_PB2	2213	23	A	0	0	23	39.5217391304348
A_PB2	2214	23	A	0	0	23	41.7391304347826
A_PB2	2215	23	C	0	0	23	40.5652173913044
A_PB2	2216	23	G	0	0	23	41.5652173913044
A_PB2	2217	23	G	0	0	23	41.1739130434783
A_PB2	2218	23	G	0	0	23	38.8260869565217
A_PB2	2219	23	A	0	0	23	38.0869565217391
A_PB2	2220	23	C	0	0	23	38.7826086956522
A_PB2	2221	23	T	0	0	23	36.6521739130435
A_PB2	2222	23	C	0	0	23	36.695652173913
A_PB2	2223	23	T	0	0	23	36.5217391304348
A_PB2	2224	23	A	0	0	23	38.6086956521739
A_PB2	2225	23	G	0	0	23	38.3913043478261
A_PB2	2226	23	C	0	0	23	37.5652173913044
A_PB2	2227	23	A	0	0	23	38.2173913043478
A_PB2	2228	23	T	0	0	23	37.9565217391304
A_PB2	2229	23	A	0	0	23	39.7391304347826
A_PB2	2230	23	C	0	0	23	40.695652173913
A_PB2	2231	23	T	0	0	23	41.0434782608696
A_PB2	2232	23	T	0	0	23	41.9130434782609
A_PB2	2233	23	A	0	0	23	41.0869565217391
A_PB2	2234	23	C	0	0	23	39.6086956521739
A_PB2	2235	23	T	0	0	23	40.9130434782609
A_PB2	2236	23	G	0	0	23	41.1739130434783
A_PB2	2237	23	A	0	0	23	39.7826086956522
A_PB2	2238	23	C	0	0	23	40.304347826087
A_PB2	2239	23	A	0	0	23	42.695652173913
A_PB2	2240	23	G	0	0	23	43.4782608695652
A_PB2	2241	23	C	0	0	23	42.8260869565217
A_PB2	2242	23	C	0	0	23	44.0434782608696
A_PB2	2243	23	A	0	0	23	43.3478260869565
A_PB2	2244	23	G	0	0	23	43.3913043478261
A_PB2	2245	23	A	0	0	23	43.9565217391304
A_PB2	2246	23	C	0	0	23	43.304347826087
A_PB2	2247	23	A	0	0	23	41.5652173913044
A_PB2	2248	23	G	0	0	23	41.7391304347826
A_PB2	2249	23	C	0	0	23	41.5217391304348
A_PB2	2250	23	G	0	0	23	38.4782608695652
A_PB2	2251	23	A	0	0	23	38.2173913043478
A_PB2	2252	23	C	0	0	23	37.5217391304348
A_PB2	2253	23	C	0	0	23	38.4347826086956
A_PB2	2254	23	A	0	0	23	37.3913043478261
A_PB2	2255	23	A	0	0	23	38.8695652173913
A_PB2	2256	23	A	0	0	23	41.5217391304348
A_PB2	2257	23	A	0	0	23	41.7391304347826
A_PB2	2258	23	G	0	0	23	42.5652173913044
A_PB2	2259	23	A	0	0	23	42.8695652173913
A_PB2	2260	23	A	0	0	23	41.8260869565217
A_PB2	2261	23	T	0	0	23	39.9130434782609
A_PB2	2262	23	T	0	0	23	41.3478260869565
A_PB2	2263	23	C	0	0	23	39.1304347826087
A_PB2	2264	23	G	0	0	23	38.5217391304348
A_PB2	2265	23	A	0	0	23	39.304347826087
A_PB2	2266	23	A	0	0	23	38.8695652173913
A_PB2	2267	23	T	0	0	23	38.9130434782609
A_PB2	2268	23	G	0	0	23	39.6086956521739
A_PB2	2269	23	G	0	0	23	40.4782608695652
A_PB2	2270	23	C	0	0	23	39.8260869565217
A_PB2	2271	23	C	0	0	23	37.7391304347826
A_PB2	2272	23	A	0	0	23	36.9130434782609
A_PB2	2273	22	T	0	0	22	37.9545454545455
A_PB2	2274	22	C	0	0	22	37.2272727272727
A_PB2	2275	22	A	0	0	22	37.8636363636364
A_PB2	2276	22	A	0	0	22	39.3636363636364
A_PB2	2277	22	T	0	0	22	38.4545454545455
A_PB2	2278	22	T	0	0	22	37.1818181818182
A_PB2	2279	22	A	0	0	22	36.4545454545455
A_PB2	2280	22	G	0	0	22	36.8181818181818
