Reference_Name	Position	Coverage Depth	Consensus	Deletions	Ambiguous	Consensus_Count	Consensus_Average_Quality
A_HA_H1	1	45	A	0	0	45	42.2
A_HA_H1	2	46	T	0	0	46	41.9565217391304
A_HA_H1	3	46	G	0	0	46	39.4347826086956
A_HA_H1	4	46	A	0	0	46	41.2173913043478
A_HA_H1	5	46	A	0	0	46	40.8913043478261
A_HA_H1	6	46	G	0	0	46	40.8913043478261
A_HA_H1	7	46	G	0	0	46	40.4565217391304
A_HA_H1	8	46	C	0	0	46	41.0217391304348
A_HA_H1	9	46	A	0	0	46	39.2608695652174
A_HA_H1	10	46	A	0	0	46	40.9565217391304
A_HA_H1	11	46	T	0	0	46	41.5869565217391
A_HA_H1	12	46	A	0	0	46	39.304347826087
A_HA_H1	13	46	C	0	0	46	39.3913043478261
A_HA_H1	14	46	T	0	0	46	39.3695652173913
A_HA_H1	15	46	A	0	0	46	36.7173913043478
A_HA_H1	16	46	G	0	0	46	36.5
A_HA_H1	17	46	T	0	0	46	37.3478260869565
A_HA_H1	18	46	A	0	0	46	38.6739130434783
A_HA_H1	19	46	G	0	0	46	38.695652173913
A_HA_H1	20	46	T	0	0	46	41.1086956521739
A_HA_H1	21	46	T	0	0	46	39.7173913043478
A_HA_H1	22	46	A	0	0	46	39.5652173913044
A_HA_H1	23	46	T	0	0	46	41.5652173913044
A_HA_H1	24	46	G	0	0	46	39.5217391304348
A_HA_H1	25	46	C	0	0	46	39.304347826087
A_HA_H1	26	46	T	0	0	46	39.5
A_HA_H1	27	46	G	0	0	46	39.695652173913
A_HA_H1	28	46	T	0	0	45	39.5777777777778
A_HA_H1	29	46	A	0	0	46	39.4347826086956
A_HA_H1	30	46	T	0	0	46	40.7826086956522
A_HA_H1	31	46	A	0	0	46	40.9782608695652
A_HA_H1	32	46	C	0	0	46	40.5434782608696
A_HA_H1	33	46	A	0	0	46	39.5869565217391
A_HA_H1	34	46	T	0	0	46	38.804347826087
A_HA_H1	35	46	T	0	0	46	39.3478260869565
A_HA_H1	36	46	T	0	0	46	38.695652173913
A_HA_H1	37	45	A	1	0	45	38.4888888888889
A_HA_H1	38	45	C	1	0	45	38.9333333333333
A_HA_H1	39	45	A	1	0	45	39.1111111111111
A_HA_H1	40	46	A	0	0	46	39.7826086956522
A_HA_H1	41	46	C	0	0	46	41.195652173913
A_HA_H1	42	46	C	0	0	46	39.4782608695652
A_HA_H1	43	46	G	0	0	46	38.4130434782609
A_HA_H1	44	45	C	1	0	45	39.5111111111111
A_HA_H1	45	45	A	1	0	45	39.5333333333333
A_HA_H1	46	45	A	1	0	45	40.2222222222222
A_HA_H1	47	46	A	0	0	46	40.695652173913
A_HA_H1	48	46	T	0	0	45	42.2666666666667
A_HA_H1	49	45	G	1	0	45	43.9555555555556
A_HA_H1	50	45	C	1	0	45	44.0888888888889
A_HA_H1	51	46	A	0	0	46	41.6086956521739
A_HA_H1	52	46	G	0	0	46	42.9565217391304
A_HA_H1	53	46	A	0	0	46	42.4130434782609
A_HA_H1	54	46	C	0	0	46	42.0652173913044
A_HA_H1	55	46	A	0	0	46	41.7608695652174
A_HA_H1	56	46	C	0	0	46	42.5434782608696
A_HA_H1	57	46	A	0	0	45	41.7333333333333
A_HA_H1	58	46	T	0	0	46	40.7173913043478
A_HA_H1	59	46	T	0	0	46	39.7391304347826
A_HA_H1	60	46	A	0	0	46	38.9565217391304
A_HA_H1	61	46	T	0	0	46	38.5434782608696
A_HA_H1	62	46	G	0	0	46	38.9565217391304
A_HA_H1	63	46	T	0	0	46	39.1521739130435
A_HA_H1	64	46	A	0	0	46	38.5869565217391
A_HA_H1	65	46	T	0	0	46	39.9130434782609
A_HA_H1	66	46	A	0	0	46	40.0434782608696
A_HA_H1	67	46	G	0	0	46	41.2391304347826
A_HA_H1	68	46	G	0	0	46	40.7173913043478
A_HA_H1	69	46	T	0	0	46	41.0652173913044
A_HA_H1	70	46	T	0	0	46	41.5869565217391
A_HA_H1	71	46	A	0	0	46	40.9782608695652
A_HA_H1	72	46	T	0	0	46	43.0217391304348
A_HA_H1	73	46	C	0	0	46	40.4130434782609
A_HA_H1	74	46	A	0	0	46	40.5652173913044
A_HA_H1	75	46	T	0	0	46	39.9130434782609
A_HA_H1	76	46	G	0	0	46	40.5652173913044
A_HA_H1	77	46	C	0	0	46	40.3913043478261
A_HA_H1	78	45	G	1	0	44	39.1590909090909
A_HA_H1	79	46	A	0	0	46	37.0434782608696
A_HA_H1	80	46	A	0	0	45	37.3555555555556
A_HA_H1	81	46	C	0	0	46	36.4347826086956
A_HA_H1	82	46	A	0	0	45	37.7111111111111
A_HA_H1	83	46	A	0	0	46	41.6739130434783
A_HA_H1	84	46	T	0	0	46	41.1521739130435
A_HA_H1	85	46	T	0	0	46	41.3478260869565
A_HA_H1	86	46	C	0	0	46	41.5434782608696
A_HA_H1	87	46	A	0	0	45	41.8888888888889
A_HA_H1	88	46	A	0	0	46	42.0217391304348
A_HA_H1	89	46	C	0	0	45	42.7555555555556
A_HA_H1	90	46	A	0	0	46	42.1521739130435
A_HA_H1	91	46	G	0	0	45	43.1333333333333
A_HA_H1	92	46	A	0	0	46	42.1739130434783
A_HA_H1	93	46	C	0	0	46	41.6304347826087
A_HA_H1	94	46	A	0	0	46	41.9565217391304
A_HA_H1	95	46	C	0	0	46	43.2391304347826
A_HA_H1	96	45	T	1	0	45	42.8444444444444
A_HA_H1	97	45	G	1	0	45	44.0222222222222
A_HA_H1	98	46	T	0	0	46	44.0869565217391
A_HA_H1	99	46	G	0	0	46	43.1304347826087
A_HA_H1	100	45	G	1	0	45	42.7777777777778
A_HA_H1	101	45	A	1	0	45	41.6222222222222
A_HA_H1	102	46	C	0	0	45	41.2
A_HA_H1	103	46	A	0	0	46	41.8695652173913
A_HA_H1	104	46	C	0	0	46	43.2173913043478
A_HA_H1	105	52	A	0	0	52	42.6923076923077
A_HA_H1	106	52	G	0	0	52	41.8076923076923
A_HA_H1	107	52	T	0	0	52	42.8076923076923
A_HA_H1	108	52	A	0	0	52	40.9230769230769
A_HA_H1	109	52	C	0	0	52	40.5961538461538
A_HA_H1	110	52	T	0	0	52	40.8653846153846
A_HA_H1	111	52	A	0	0	52	37.5192307692308
A_HA_H1	112	52	G	0	0	52	36.0384615384615
A_HA_H1	113	52	A	0	0	52	35.9807692307692
A_HA_H1	114	52	A	0	0	52	37.6153846153846
A_HA_H1	115	52	A	0	0	52	40.9038461538462
A_HA_H1	116	52	A	0	0	52	41.0384615384615
A_HA_H1	117	52	G	0	0	52	41.1730769230769
A_HA_H1	118	52	A	0	0	52	43.0576923076923
A_HA_H1	119	52	A	0	0	52	42.9423076923077
A_HA_H1	120	52	T	0	0	52	42.2307692307692
A_HA_H1	121	52	G	0	0	52	42.1346153846154
A_HA_H1	122	52	T	0	0	52	41.9615384615385
A_HA_H1	123	52	A	0	0	52	40.4423076923077
A_HA_H1	124	52	A	0	0	52	40.5
A_HA_H1	125	52	C	0	0	52	41.9615384615385
A_HA_H1	126	52	A	0	0	52	41.0961538461538
A_HA_H1	127	52	G	0	0	52	41.9807692307692
A_HA_H1	128	52	T	0	0	52	41.2115384615385
A_HA_H1	129	52	A	0	0	52	40.3846153846154
A_HA_H1	130	52	A	0	0	52	40.3653846153846
A_HA_H1	131	52	C	0	0	52	40
A_HA_H1	132	52	A	0	0	51	39.4117647058824
A_HA_H1	133	52	C	0	0	52	41.6923076923077
A_HA_H1	134	52	A	0	0	52	41.2884615384615
A_HA_H1	135	52	C	0	0	52	40.5384615384615
A_HA_H1	136	52	T	0	0	52	40.3846153846154
A_HA_H1	137	52	C	0	0	52	40.25
A_HA_H1	138	52	T	0	0	52	39.6923076923077
A_HA_H1	139	52	G	0	0	52	40.5576923076923
A_HA_H1	140	52	T	0	0	52	41.0576923076923
A_HA_H1	141	52	C	0	0	52	40.3076923076923
A_HA_H1	142	52	A	0	0	51	40.8039215686275
A_HA_H1	143	52	A	0	0	52	40.8461538461538
A_HA_H1	144	51	T	1	0	51	41.2745098039216
A_HA_H1	145	52	C	0	0	52	40.9230769230769
A_HA_H1	146	52	T	0	0	52	41.9807692307692
A_HA_H1	147	52	T	0	0	52	42.5384615384615
A_HA_H1	148	52	C	0	0	52	39.8846153846154
A_HA_H1	149	52	T	0	0	52	39.1346153846154
A_HA_H1	150	52	A	0	0	52	37.9423076923077
A_HA_H1	151	52	G	0	0	51	39
A_HA_H1	152	52	A	0	0	52	39.8269230769231
A_HA_H1	153	52	A	0	0	51	41.3137254901961
A_HA_H1	154	52	G	0	0	52	42.1153846153846
A_HA_H1	155	52	A	0	0	52	41.0961538461538
A_HA_H1	156	53	C	0	0	53	40.0566037735849
A_HA_H1	157	52	A	1	0	52	41.1538461538462
A_HA_H1	158	53	A	0	0	53	39.9056603773585
A_HA_H1	159	53	G	0	0	53	40.4150943396226
A_HA_H1	160	53	C	0	0	53	40.9056603773585
A_HA_H1	161	53	A	0	0	52	42.2307692307692
A_HA_H1	162	53	T	0	0	53	42.1509433962264
A_HA_H1	163	53	A	0	0	53	42.0943396226415
A_HA_H1	164	53	A	0	0	53	41.4528301886792
A_HA_H1	165	53	C	0	0	53	39.4905660377358
A_HA_H1	166	53	G	0	0	52	38.6346153846154
A_HA_H1	167	53	G	0	0	52	37.0576923076923
A_HA_H1	168	53	A	0	0	53	36.7547169811321
A_HA_H1	169	53	A	0	0	53	36.622641509434
A_HA_H1	170	53	A	0	0	53	38.4150943396226
A_HA_H1	171	53	A	0	0	53	39.188679245283
A_HA_H1	172	53	C	0	0	53	39.3396226415094
A_HA_H1	173	53	T	0	0	53	40.5849056603774
A_HA_H1	174	53	A	0	0	53	40.4150943396226
A_HA_H1	175	52	T	1	0	52	40.8653846153846
A_HA_H1	176	52	G	1	0	51	40.1176470588235
A_HA_H1	177	52	C	1	0	52	40.1346153846154
A_HA_H1	178	53	A	0	0	51	39.9411764705882
A_HA_H1	179	53	A	0	0	53	40.3584905660377
A_HA_H1	180	53	A	0	0	53	39.811320754717
A_HA_H1	181	53	C	0	0	53	39.1320754716981
A_HA_H1	182	53	T	0	0	52	38.6346153846154
A_HA_H1	183	51	A	2	0	51	34.7843137254902
A_HA_H1	184	52	A	1	0	52	34.4615384615385
A_HA_H1	185	53	G	0	0	53	35.5849056603774
A_HA_H1	186	53	A	0	0	53	35.6037735849057
A_HA_H1	187	53	G	0	0	52	37.2307692307692
A_HA_H1	188	53	G	0	0	53	39.1320754716981
A_HA_H1	189	53	G	0	0	52	38.8653846153846
A_HA_H1	190	53	G	0	0	53	40.0188679245283
A_HA_H1	191	53	T	0	0	52	39.3461538461538
A_HA_H1	192	53	A	0	0	51	38.2941176470588
A_HA_H1	193	53	G	0	0	52	39.1153846153846
A_HA_H1	194	51	C	2	0	51	39.5294117647059
A_HA_H1	195	53	C	0	0	53	38.2830188679245
A_HA_H1	196	53	C	0	0	53	38.2075471698113
A_HA_H1	197	53	C	0	0	52	36.7307692307692
A_HA_H1	198	53	A	0	0	53	36.4150943396226
A_HA_H1	199	53	T	0	0	53	38.8867924528302
A_HA_H1	200	53	T	0	0	53	38.1509433962264
A_HA_H1	201	53	G	0	0	53	38.3962264150943
A_HA_H1	202	53	C	0	0	52	39.5
A_HA_H1	203	53	A	0	0	53	38.622641509434
A_HA_H1	204	53	T	0	0	52	41.5384615384615
A_HA_H1	205	53	T	0	0	52	41.4807692307692
A_HA_H1	206	53	T	0	0	53	41.8490566037736
A_HA_H1	207	53	G	0	0	53	41.0943396226415
A_HA_H1	208	53	G	0	0	53	40.7924528301887
A_HA_H1	209	53	G	0	0	53	40.9811320754717
A_HA_H1	210	53	T	0	0	53	41.1509433962264
A_HA_H1	211	53	C	0	0	53	40.6037735849057
A_HA_H1	212	53	A	0	0	52	40.8653846153846
A_HA_H1	213	53	A	0	0	53	41.3396226415094
A_HA_H1	214	53	T	0	0	53	41.0566037735849
A_HA_H1	215	53	G	0	0	53	40.8490566037736
A_HA_H1	216	53	T	0	0	53	41.3396226415094
A_HA_H1	217	53	A	0	0	53	40.6792452830189
A_HA_H1	218	53	A	0	0	53	40.2452830188679
A_HA_H1	219	53	C	0	0	53	40
A_HA_H1	220	53	A	0	0	53	39.3396226415094
A_HA_H1	221	53	T	0	0	53	39.6415094339623
A_HA_H1	222	53	T	0	0	53	37.8301886792453
A_HA_H1	223	53	G	0	0	53	38.2264150943396
A_HA_H1	224	53	C	0	0	53	41.2641509433962
A_HA_H1	225	53	T	0	0	53	41.377358490566
A_HA_H1	226	53	G	0	0	53	40.5660377358491
A_HA_H1	227	53	G	0	0	53	41.3962264150943
A_HA_H1	228	53	C	0	0	53	41.1132075471698
A_HA_H1	229	53	T	0	0	53	40.8301886792453
A_HA_H1	230	53	G	0	0	53	39.2075471698113
A_HA_H1	231	53	G	0	0	53	40.9056603773585
A_HA_H1	232	53	A	0	0	53	40.3018867924528
A_HA_H1	233	53	T	0	0	53	40.5660377358491
A_HA_H1	234	53	C	0	0	53	40.8867924528302
A_HA_H1	235	53	C	0	0	53	40.7358490566038
A_HA_H1	236	53	T	0	0	53	40.6603773584906
A_HA_H1	237	53	G	0	0	52	39.25
A_HA_H1	238	53	G	0	0	53	41.3396226415094
A_HA_H1	239	53	G	0	0	53	39.7169811320755
A_HA_H1	240	53	A	0	0	53	40.4905660377358
A_HA_H1	241	53	A	0	0	53	41.2264150943396
A_HA_H1	242	53	A	0	0	53	41.3207547169811
A_HA_H1	243	53	T	0	0	53	40.7547169811321
A_HA_H1	244	52	C	0	0	52	40
A_HA_H1	245	52	C	0	0	52	39.2692307692308
A_HA_H1	246	52	A	0	0	52	39.25
A_HA_H1	247	52	G	0	0	52	38.5384615384615
A_HA_H1	248	52	A	0	0	52	38.4423076923077
A_HA_H1	249	52	G	0	0	52	38.4615384615385
A_HA_H1	250	52	T	0	0	52	38.0961538461538
A_HA_H1	251	52	G	0	0	52	39.5961538461538
A_HA_H1	252	52	T	0	0	52	39.1346153846154
A_HA_H1	253	52	G	0	0	51	36.0392156862745
A_HA_H1	254	52	A	0	0	52	35.75
A_HA_H1	255	52	A	0	0	52	37.8076923076923
A_HA_H1	256	52	T	0	0	52	37.6153846153846
A_HA_H1	257	52	C	0	0	52	37.3269230769231
A_HA_H1	258	52	A	0	0	52	40.4230769230769
A_HA_H1	259	52	C	0	0	52	40.1923076923077
A_HA_H1	260	52	T	0	0	52	39.6923076923077
A_HA_H1	261	52	C	0	0	52	39.3846153846154
A_HA_H1	262	52	T	0	0	52	39.5769230769231
A_HA_H1	263	52	C	0	0	52	39.1153846153846
A_HA_H1	264	52	C	0	0	51	38.5490196078431
A_HA_H1	265	52	A	0	0	52	36.9423076923077
A_HA_H1	266	52	C	0	0	52	36.5384615384615
A_HA_H1	267	52	A	0	0	52	37.3846153846154
A_HA_H1	268	52	G	0	0	52	39.1153846153846
A_HA_H1	269	52	C	0	0	52	38.9038461538462
A_HA_H1	270	52	A	0	0	51	40.6078431372549
A_HA_H1	271	52	A	0	0	52	40.3269230769231
A_HA_H1	272	52	G	0	0	52	40.4615384615385
A_HA_H1	273	52	A	0	0	51	39.3529411764706
A_HA_H1	274	52	T	0	0	52	38.2884615384615
A_HA_H1	275	52	C	0	0	52	37.8846153846154
A_HA_H1	276	52	A	0	0	52	38.3653846153846
A_HA_H1	277	52	T	0	0	52	39.5384615384615
A_HA_H1	278	52	G	0	0	52	39.3076923076923
A_HA_H1	279	52	G	0	0	52	39.7115384615385
A_HA_H1	280	52	T	0	0	52	40.4423076923077
A_HA_H1	281	52	C	0	0	52	40.6538461538462
A_HA_H1	282	52	C	0	0	52	40.3269230769231
A_HA_H1	283	52	T	0	0	52	41.7307692307692
A_HA_H1	284	51	A	1	0	51	40.4705882352941
A_HA_H1	285	52	C	0	0	52	41.5192307692308
A_HA_H1	286	52	A	0	0	52	40.2884615384615
A_HA_H1	287	51	T	1	0	51	41.3921568627451
A_HA_H1	288	52	T	0	0	52	40.5961538461538
A_HA_H1	289	52	G	0	0	51	40.9411764705882
A_HA_H1	290	52	T	0	0	52	40.4038461538462
A_HA_H1	291	52	A	0	0	52	39.0769230769231
A_HA_H1	292	52	G	0	0	52	40.4615384615385
A_HA_H1	293	51	A	1	0	51	40.8823529411765
A_HA_H1	294	52	A	0	0	51	41.1372549019608
A_HA_H1	295	52	A	0	0	52	42.1538461538462
A_HA_H1	296	51	C	1	0	51	40.5490196078431
A_HA_H1	297	51	A	1	0	50	40.94
A_HA_H1	298	51	C	1	0	51	41.1176470588235
A_HA_H1	299	52	C	0	0	51	41.3529411764706
A_HA_H1	300	52	T	0	0	52	40.0576923076923
A_HA_H1	301	51	A	1	0	50	38.82
A_HA_H1	302	52	A	0	0	52	39.0769230769231
A_HA_H1	303	52	T	0	0	52	38.8076923076923
A_HA_H1	304	52	T	0	0	52	40.8269230769231
A_HA_H1	305	52	C	0	0	52	41.6538461538462
A_HA_H1	306	52	A	0	0	52	43
A_HA_H1	307	52	G	0	0	51	43.2549019607843
A_HA_H1	308	52	A	0	0	52	43.7307692307692
A_HA_H1	309	52	C	0	0	52	42.9615384615385
A_HA_H1	310	52	A	0	0	52	43.3461538461538
A_HA_H1	311	52	A	0	0	52	42.1538461538462
A_HA_H1	312	52	T	0	0	52	41.9423076923077
A_HA_H1	313	52	G	0	0	52	41.0192307692308
A_HA_H1	314	52	G	0	0	51	41.2156862745098
A_HA_H1	315	52	A	0	0	51	41.6274509803922
A_HA_H1	316	52	A	0	0	52	42.0384615384615
A_HA_H1	317	52	C	0	0	52	42.3846153846154
A_HA_H1	318	50	T	2	0	50	42.54
A_HA_H1	319	52	T	0	0	51	42.6862745098039
A_HA_H1	320	52	G	0	0	52	40.5384615384615
A_HA_H1	321	52	T	0	0	52	40.9038461538462
A_HA_H1	322	52	T	0	0	51	41.3725490196078
A_HA_H1	323	52	A	0	0	52	41.5961538461538
A_HA_H1	324	52	C	0	0	52	42.0769230769231
A_HA_H1	325	52	C	0	0	52	41.7115384615385
A_HA_H1	326	52	C	0	0	52	40.9807692307692
A_HA_H1	327	52	A	0	0	52	34.7307692307692
A_HA_H1	328	52	G	0	0	52	41.8653846153846
A_HA_H1	329	52	G	0	0	52	42
A_HA_H1	330	52	A	0	0	52	40.7307692307692
A_HA_H1	331	52	G	0	0	52	41.5576923076923
A_HA_H1	332	52	A	0	0	52	40.4230769230769
A_HA_H1	333	52	T	0	0	52	42.4230769230769
A_HA_H1	334	52	T	0	0	52	42.9615384615385
A_HA_H1	335	52	T	0	0	52	42.5769230769231
A_HA_H1	336	52	C	0	0	52	42.3269230769231
A_HA_H1	337	52	A	0	0	52	39.6153846153846
A_HA_H1	338	52	T	0	0	52	39.6153846153846
A_HA_H1	339	52	C	0	0	52	36.9807692307692
A_HA_H1	340	52	A	0	0	52	38
A_HA_H1	341	52	A	0	0	52	38.25
A_HA_H1	342	52	T	0	0	52	39.1730769230769
A_HA_H1	343	52	T	0	0	52	40.0384615384615
A_HA_H1	344	52	A	0	0	52	40.1923076923077
A_HA_H1	345	52	T	0	0	52	41.2884615384615
A_HA_H1	346	52	G	0	0	52	40.5576923076923
A_HA_H1	347	52	A	0	0	52	40.6538461538462
A_HA_H1	348	52	G	0	0	52	39.8076923076923
A_HA_H1	349	52	G	0	0	52	39.9423076923077
A_HA_H1	350	52	A	0	0	52	39.4230769230769
A_HA_H1	351	52	G	0	0	51	38.6470588235294
A_HA_H1	352	52	C	0	0	52	39.6153846153846
A_HA_H1	353	52	T	0	0	52	40.1153846153846
A_HA_H1	354	48	A	4	0	48	40.2291666666667
A_HA_H1	355	52	A	0	0	52	37.1346153846154
A_HA_H1	356	52	G	0	0	52	34.8076923076923
A_HA_H1	357	52	A	0	0	52	35.5384615384615
A_HA_H1	358	51	G	1	0	51	36.3725490196078
A_HA_H1	359	51	A	1	0	51	39.7843137254902
A_HA_H1	360	51	G	1	0	51	38.7058823529412
A_HA_H1	361	51	C	1	0	50	40.84
A_HA_H1	362	51	A	1	0	51	42.4509803921569
A_HA_H1	363	51	A	1	0	51	41.1372549019608
A_HA_H1	364	51	T	1	0	51	43.5490196078431
A_HA_H1	365	52	T	0	0	52	42.1153846153846
A_HA_H1	366	52	G	0	0	52	42.3653846153846
A_HA_H1	367	52	A	0	0	52	43.3269230769231
A_HA_H1	368	52	G	0	0	52	42.6538461538462
A_HA_H1	369	51	C	1	0	51	42.9411764705882
A_HA_H1	370	52	T	0	0	52	42.6153846153846
A_HA_H1	371	52	C	0	0	52	41.0961538461538
A_HA_H1	372	52	A	0	0	52	42.25
A_HA_H1	373	52	G	0	0	52	41.5961538461538
A_HA_H1	374	52	T	0	0	52	42.5769230769231
A_HA_H1	375	52	G	0	0	52	42.0769230769231
A_HA_H1	376	52	T	0	0	52	42.75
A_HA_H1	377	52	C	0	0	52	42.4807692307692
A_HA_H1	378	52	A	0	0	52	40.4807692307692
A_HA_H1	379	52	T	0	0	52	41.5961538461538
A_HA_H1	380	52	C	0	0	51	39.5882352941176
A_HA_H1	381	52	A	0	0	51	39.6666666666667
A_HA_H1	382	52	T	0	0	52	40.3269230769231
A_HA_H1	383	52	T	0	0	52	40.1923076923077
A_HA_H1	384	52	T	0	0	52	40.5576923076923
A_HA_H1	385	52	G	0	0	52	39.7307692307692
A_HA_H1	386	51	A	1	0	51	40.4509803921569
A_HA_H1	387	52	A	0	0	52	40.7307692307692
A_HA_H1	388	52	A	0	0	52	40.7115384615385
A_HA_H1	389	52	G	0	0	52	40.6346153846154
A_HA_H1	390	52	G	0	0	52	40.0576923076923
A_HA_H1	391	51	T	1	0	51	41.9607843137255
A_HA_H1	392	52	T	0	0	52	41.9615384615385
A_HA_H1	393	52	T	0	0	52	40.9807692307692
A_HA_H1	394	51	G	1	0	51	39.1372549019608
A_HA_H1	395	51	A	1	0	51	38.1372549019608
A_HA_H1	396	52	A	0	0	52	39.5576923076923
A_HA_H1	397	52	A	0	0	52	39.7115384615385
A_HA_H1	398	52	T	0	0	51	39.6666666666667
A_HA_H1	399	52	A	0	0	52	41.25
A_HA_H1	400	52	T	0	0	52	40.75
A_HA_H1	401	52	T	0	0	52	39.4230769230769
A_HA_H1	402	51	C	1	0	49	36.0204081632653
A_HA_H1	403	52	C	0	0	52	36.6153846153846
A_HA_H1	404	52	C	0	0	51	38.2156862745098
A_HA_H1	405	52	C	0	0	51	35.9019607843137
A_HA_H1	406	52	A	0	0	52	33
A_HA_H1	407	52	A	0	0	52	40.1538461538462
A_HA_H1	408	52	G	0	0	52	41.75
A_HA_H1	409	52	G	0	0	52	39.9423076923077
A_HA_H1	410	52	C	0	0	52	40.7115384615385
A_HA_H1	411	52	A	0	0	52	41.0576923076923
A_HA_H1	412	52	A	0	0	52	40.5576923076923
A_HA_H1	413	52	G	0	0	52	40.1153846153846
A_HA_H1	414	52	T	0	0	52	42.1346153846154
A_HA_H1	415	52	T	0	0	52	41.3461538461538
A_HA_H1	416	52	C	0	0	52	40.4807692307692
A_HA_H1	417	52	A	0	0	52	39.9807692307692
A_HA_H1	418	52	T	0	0	52	40.7884615384615
A_HA_H1	419	52	G	0	0	52	39.1923076923077
A_HA_H1	420	52	G	0	0	52	38.5961538461538
A_HA_H1	421	52	C	0	0	52	39.9230769230769
A_HA_H1	422	52	C	0	0	52	40.4230769230769
A_HA_H1	423	52	T	0	0	51	39.0980392156863
A_HA_H1	424	52	A	0	0	52	38.8269230769231
A_HA_H1	425	52	A	0	0	52	38.8269230769231
A_HA_H1	426	52	T	0	0	52	37.8846153846154
A_HA_H1	427	52	C	0	0	52	38.0769230769231
A_HA_H1	428	52	A	0	0	52	37.3846153846154
A_HA_H1	429	52	T	0	0	52	37.3846153846154
A_HA_H1	430	52	G	0	0	52	37.1153846153846
A_HA_H1	431	52	A	0	0	52	36.6538461538462
A_HA_H1	432	52	C	0	0	52	36.8269230769231
A_HA_H1	433	52	T	0	0	52	36.8653846153846
A_HA_H1	434	51	C	1	0	51	38.2549019607843
A_HA_H1	435	52	G	0	0	52	37.6346153846154
A_HA_H1	436	52	G	0	0	52	38.9230769230769
A_HA_H1	437	52	A	0	0	52	39.7692307692308
A_HA_H1	438	52	C	0	0	52	40.1730769230769
A_HA_H1	439	51	A	1	0	51	40.4117647058824
A_HA_H1	440	52	A	0	0	52	41.5384615384615
A_HA_H1	441	52	T	0	0	51	40.7254901960784
A_HA_H1	442	52	G	0	0	52	41.3846153846154
A_HA_H1	443	52	G	0	0	52	41.4230769230769
A_HA_H1	444	52	T	0	0	51	41.2941176470588
A_HA_H1	445	52	G	0	0	52	41.6153846153846
A_HA_H1	446	52	T	0	0	52	41.5576923076923
A_HA_H1	447	52	A	0	0	52	40.8461538461538
A_HA_H1	448	52	A	0	0	52	42.3846153846154
A_HA_H1	449	52	C	0	0	51	40.9019607843137
A_HA_H1	450	52	G	0	0	51	38.4901960784314
A_HA_H1	451	52	G	0	0	52	38.8846153846154
A_HA_H1	452	51	C	1	0	51	38.078431372549
A_HA_H1	453	52	A	0	0	52	36.8653846153846
A_HA_H1	454	52	G	0	0	52	37.1730769230769
A_HA_H1	455	52	C	0	0	52	41.0384615384615
A_HA_H1	456	52	A	0	0	52	40.0961538461538
A_HA_H1	457	52	T	0	0	52	39.7884615384615
A_HA_H1	458	52	G	0	0	51	38.3725490196078
A_HA_H1	459	52	T	0	0	52	39.0961538461538
A_HA_H1	460	52	C	0	0	52	38.6538461538462
A_HA_H1	461	52	C	0	0	51	40.1960784313725
A_HA_H1	462	52	T	0	0	52	39.5384615384615
A_HA_H1	463	52	C	0	0	49	38.4285714285714
A_HA_H1	464	52	A	0	0	50	38.28
A_HA_H1	465	52	C	0	0	52	36.7115384615385
A_HA_H1	466	52	G	0	0	50	38.7
A_HA_H1	467	52	C	0	0	52	35.9423076923077
A_HA_H1	468	52	T	0	0	52	37.2115384615385
A_HA_H1	469	52	G	0	0	52	35.9423076923077
A_HA_H1	470	52	G	0	0	52	36.2884615384615
A_HA_H1	471	52	A	0	0	52	37.8846153846154
A_HA_H1	472	52	G	0	0	52	38.5961538461538
A_HA_H1	473	52	C	0	0	52	38.0961538461538
A_HA_H1	474	50	A	2	0	50	37.22
A_HA_H1	475	52	A	0	0	52	36.4038461538462
A_HA_H1	476	52	A	0	0	52	37.0961538461538
A_HA_H1	477	52	A	0	0	52	39.3653846153846
A_HA_H1	478	52	A	0	0	52	41.2884615384615
A_HA_H1	479	51	G	1	0	51	40.6078431372549
A_HA_H1	480	52	C	0	0	52	39.3269230769231
A_HA_H1	481	50	T	2	0	50	41.54
A_HA_H1	482	52	T	0	0	52	40.8269230769231
A_HA_H1	483	52	C	0	0	51	39.4117647058824
A_HA_H1	484	52	T	0	0	51	38.4901960784314
A_HA_H1	485	52	A	0	0	52	38.0769230769231
A_HA_H1	486	51	C	1	0	51	38.4901960784314
A_HA_H1	487	52	A	0	0	52	38.0192307692308
A_HA_H1	488	52	A	0	0	52	40.1730769230769
A_HA_H1	489	52	A	0	0	52	40.2884615384615
A_HA_H1	490	52	A	0	0	52	41.5192307692308
A_HA_H1	491	52	A	0	0	52	42.4038461538462
A_HA_H1	492	52	C	0	0	52	42.0961538461538
A_HA_H1	493	52	T	0	0	52	40.9038461538462
A_HA_H1	494	52	T	0	0	52	39.9807692307692
A_HA_H1	495	52	G	0	0	52	39.5961538461538
A_HA_H1	496	52	A	0	0	52	38.3269230769231
A_HA_H1	497	52	T	0	0	52	38.6346153846154
A_HA_H1	498	52	A	0	0	52	39.0384615384615
A_HA_H1	499	52	T	0	0	52	39.8461538461538
A_HA_H1	500	52	G	0	0	52	40.25
A_HA_H1	501	52	G	0	0	52	40.2307692307692
A_HA_H1	502	52	C	0	0	52	40.8846153846154
A_HA_H1	503	52	T	0	0	52	39.6346153846154
A_HA_H1	504	52	G	0	0	52	39.4038461538462
A_HA_H1	505	52	G	0	0	52	40.3076923076923
A_HA_H1	506	52	T	0	0	52	41.4230769230769
A_HA_H1	507	52	T	0	0	52	40.9230769230769
A_HA_H1	508	48	A	4	0	48	37.7291666666667
A_HA_H1	509	52	A	0	0	52	38.3076923076923
A_HA_H1	510	52	A	0	0	52	37.3076923076923
A_HA_H1	511	52	A	0	0	52	37.1730769230769
A_HA_H1	512	52	A	0	0	52	39.4038461538462
A_HA_H1	513	52	A	0	0	52	38.6730769230769
A_HA_H1	514	52	G	0	0	52	38.8846153846154
A_HA_H1	515	52	G	0	0	52	36.7884615384615
A_HA_H1	516	52	A	0	0	51	35.2745098039216
A_HA_H1	517	52	A	0	0	52	34.7692307692308
A_HA_H1	518	52	A	0	0	51	37.2352941176471
A_HA_H1	519	52	A	0	0	52	37.1346153846154
A_HA_H1	520	52	T	0	0	52	38.0192307692308
A_HA_H1	521	52	C	0	0	52	37.7692307692308
A_HA_H1	522	52	A	0	0	52	37.8461538461538
A_HA_H1	523	52	T	0	0	52	38.5
A_HA_H1	524	52	A	0	0	51	37.7843137254902
A_HA_H1	525	52	C	0	0	51	38.2941176470588
A_HA_H1	526	52	C	0	0	52	37.5384615384615
A_HA_H1	527	52	C	0	0	52	37.4038461538462
A_HA_H1	528	52	A	0	0	52	36.25
A_HA_H1	529	52	A	0	0	52	37.8653846153846
A_HA_H1	530	52	A	0	0	52	40.1923076923077
A_HA_H1	531	52	G	0	0	52	40.7692307692308
A_HA_H1	532	52	A	0	0	52	41.3076923076923
A_HA_H1	533	52	T	0	0	52	41.4615384615385
A_HA_H1	534	52	C	0	0	51	41.6862745098039
A_HA_H1	535	52	A	0	0	51	42.1176470588235
A_HA_H1	536	52	A	0	0	52	41.5961538461538
A_HA_H1	537	52	C	0	0	52	41.1346153846154
A_HA_H1	538	52	C	0	0	52	40.7692307692308
A_HA_H1	539	52	A	0	0	52	40
A_HA_H1	540	52	A	0	0	52	40.4230769230769
A_HA_H1	541	52	A	0	0	52	39.5576923076923
A_HA_H1	542	52	C	0	0	52	38.9615384615385
A_HA_H1	543	52	C	0	0	52	40.5
A_HA_H1	544	52	T	0	0	52	39.7884615384615
A_HA_H1	545	52	A	0	0	52	39.4423076923077
A_HA_H1	546	52	C	0	0	52	39.7307692307692
A_HA_H1	547	52	A	0	0	52	37.2307692307692
A_HA_H1	548	52	T	0	0	52	39.1153846153846
A_HA_H1	549	52	T	0	0	52	38.9038461538462
A_HA_H1	550	52	A	0	0	52	38.4807692307692
A_HA_H1	551	52	A	0	0	52	38.9038461538462
A_HA_H1	552	52	T	0	0	52	39.2692307692308
A_HA_H1	553	52	G	0	0	52	37.4807692307692
A_HA_H1	554	52	A	0	0	52	37.4038461538462
A_HA_H1	555	52	T	0	0	52	38.3846153846154
A_HA_H1	556	52	C	0	0	52	36.6346153846154
A_HA_H1	557	52	A	0	0	52	36.3461538461538
A_HA_H1	558	51	A	1	0	51	35.4313725490196
A_HA_H1	559	51	G	1	0	51	37.1960784313725
A_HA_H1	560	51	G	1	0	51	38.8823529411765
A_HA_H1	561	51	G	1	0	51	39.8039215686275
A_HA_H1	562	51	A	1	0	50	40.24
A_HA_H1	563	51	A	1	0	51	40.2352941176471
A_HA_H1	564	51	A	1	0	51	40.0980392156863
A_HA_H1	565	51	G	1	0	50	39.92
A_HA_H1	566	51	A	1	0	51	39.4313725490196
A_HA_H1	567	51	A	1	0	51	41.2745098039216
A_HA_H1	568	51	G	1	0	50	40.36
A_HA_H1	569	51	T	1	0	51	39.7058823529412
A_HA_H1	570	51	C	1	0	51	37.6078431372549
A_HA_H1	571	51	C	1	0	51	39.0588235294118
A_HA_H1	572	51	T	1	0	51	39.6078431372549
A_HA_H1	573	51	C	1	0	50	39.64
A_HA_H1	574	51	G	1	0	51	39.3333333333333
A_HA_H1	575	51	T	1	0	51	40.2549019607843
A_HA_H1	576	51	G	1	0	51	40.6470588235294
A_HA_H1	577	51	C	1	0	51	41.2549019607843
A_HA_H1	578	51	T	1	0	51	42.6470588235294
A_HA_H1	579	51	G	1	0	51	43.8627450980392
A_HA_H1	580	51	T	1	0	51	43
A_HA_H1	581	48	G	4	0	48	42.125
A_HA_H1	582	50	G	2	0	50	43.2
A_HA_H1	583	51	G	1	0	51	41.843137254902
A_HA_H1	584	51	G	1	0	51	40.9607843137255
A_HA_H1	585	51	C	1	0	51	40.7254901960784
A_HA_H1	586	51	A	1	0	51	41.1176470588235
A_HA_H1	587	51	T	1	0	50	42.3
A_HA_H1	588	51	T	1	0	51	42.4117647058824
A_HA_H1	589	51	C	1	0	51	41.6666666666667
A_HA_H1	590	51	A	1	0	50	42.76
A_HA_H1	591	51	C	1	0	50	43.1
A_HA_H1	592	51	C	1	0	51	40.8627450980392
A_HA_H1	593	51	A	1	0	51	41.2156862745098
A_HA_H1	594	51	T	1	0	51	41.2156862745098
A_HA_H1	595	51	C	1	0	50	41
A_HA_H1	596	51	C	1	0	50	40.96
A_HA_H1	597	51	A	1	0	51	40.4901960784314
A_HA_H1	598	51	C	1	0	51	40.2745098039216
A_HA_H1	599	51	C	1	0	51	39.8235294117647
A_HA_H1	600	51	C	1	0	51	39.6666666666667
A_HA_H1	601	51	A	1	0	51	38.9607843137255
A_HA_H1	602	51	C	1	0	51	39.3137254901961
A_HA_H1	603	51	T	1	0	50	39.82
A_HA_H1	604	51	A	1	0	51	40.7254901960784
A_HA_H1	605	51	T	1	0	51	40.1764705882353
A_HA_H1	606	51	T	1	0	51	40.7254901960784
A_HA_H1	607	51	A	1	0	51	39.1960784313725
A_HA_H1	608	51	C	1	0	51	37.843137254902
A_HA_H1	609	51	T	1	0	51	37.5294117647059
A_HA_H1	610	51	G	1	0	51	38
A_HA_H1	611	51	A	1	0	50	38.22
A_HA_H1	612	51	C	1	0	51	39.2549019607843
A_HA_H1	613	51	C	1	0	51	40.5294117647059
A_HA_H1	614	51	A	1	0	51	40.2352941176471
A_HA_H1	615	51	A	1	0	51	40.9607843137255
A_HA_H1	616	51	G	1	0	51	40.843137254902
A_HA_H1	617	51	A	1	0	51	41.9411764705882
A_HA_H1	618	51	A	1	0	51	42.3725490196078
A_HA_H1	619	51	A	1	0	51	41.6470588235294
A_HA_H1	620	51	G	1	0	51	41.3333333333333
A_HA_H1	621	51	T	1	0	51	41.7647058823529
A_HA_H1	622	51	C	1	0	51	41.9803921568627
A_HA_H1	623	51	T	1	0	51	41.5882352941176
A_HA_H1	624	51	C	1	0	51	42.3725490196078
A_HA_H1	625	51	T	1	0	51	42.7647058823529
A_HA_H1	626	51	A	1	0	51	42.6666666666667
A_HA_H1	627	51	T	1	0	51	43.3529411764706
A_HA_H1	628	51	C	1	0	51	42.8627450980392
A_HA_H1	629	51	A	1	0	51	43.7647058823529
A_HA_H1	630	51	G	1	0	51	41.3725490196078
A_HA_H1	631	51	A	1	0	51	41.8823529411765
A_HA_H1	632	51	A	1	0	51	42.6666666666667
A_HA_H1	633	51	T	1	0	51	41.921568627451
A_HA_H1	634	51	G	1	0	51	41.9803921568627
A_HA_H1	635	51	C	1	0	51	42.5490196078431
A_HA_H1	636	51	A	1	0	51	41.4901960784314
A_HA_H1	637	51	G	1	0	51	41.1960784313725
A_HA_H1	638	51	A	1	0	51	39.7450980392157
A_HA_H1	639	51	T	1	0	51	38.8823529411765
A_HA_H1	640	51	G	1	0	51	39.5294117647059
A_HA_H1	641	51	C	1	0	51	41.0196078431373
A_HA_H1	642	51	A	1	0	51	40.6274509803922
A_HA_H1	643	51	T	1	0	51	42.8823529411765
A_HA_H1	644	51	A	1	0	51	42.4901960784314
A_HA_H1	645	51	T	1	0	51	41.4313725490196
A_HA_H1	646	51	G	1	0	51	40.6666666666667
A_HA_H1	647	51	T	1	0	51	40.5098039215686
A_HA_H1	648	51	T	1	0	51	40.4509803921569
A_HA_H1	649	51	T	1	0	51	40.0392156862745
A_HA_H1	650	51	T	1	0	51	41.3529411764706
A_HA_H1	651	51	T	1	0	51	40.2549019607843
A_HA_H1	652	51	G	1	0	51	40.3725490196078
A_HA_H1	653	51	T	1	0	51	39.9607843137255
A_HA_H1	654	51	G	1	0	51	41.1372549019608
A_HA_H1	655	51	G	1	0	51	41.156862745098
A_HA_H1	656	51	G	1	0	51	41.156862745098
A_HA_H1	657	51	G	1	0	51	40.5294117647059
A_HA_H1	658	51	A	1	0	51	41.2549019607843
A_HA_H1	659	51	C	1	0	51	39.8627450980392
A_HA_H1	660	51	A	1	0	51	39.6862745098039
A_HA_H1	661	51	T	1	0	51	40.2352941176471
A_HA_H1	662	51	C	1	0	51	39.7058823529412
A_HA_H1	663	51	A	1	0	51	39.5686274509804
A_HA_H1	664	51	A	1	0	51	40.0392156862745
A_HA_H1	665	51	G	1	0	50	40.5
A_HA_H1	666	51	A	1	0	51	41.2352941176471
A_HA_H1	667	51	T	1	0	50	39.86
A_HA_H1	668	51	A	1	0	51	40.1372549019608
A_HA_H1	669	51	C	1	0	51	40.1960784313725
A_HA_H1	670	51	A	1	0	51	39.4509803921569
A_HA_H1	671	51	G	1	0	51	39.7843137254902
A_HA_H1	672	51	C	1	0	51	40.7450980392157
A_HA_H1	673	51	A	1	0	51	42.5098039215686
A_HA_H1	674	51	A	1	0	51	41.7058823529412
A_HA_H1	675	51	G	1	0	51	42.156862745098
A_HA_H1	676	51	A	1	0	51	42.4509803921569
A_HA_H1	677	51	A	1	0	51	41.078431372549
A_HA_H1	678	51	G	1	0	51	41.7450980392157
A_HA_H1	679	51	T	1	0	51	41.1176470588235
A_HA_H1	680	51	T	1	0	51	41.3529411764706
A_HA_H1	681	51	C	1	0	51	40.6470588235294
A_HA_H1	682	51	A	1	0	51	40.3137254901961
A_HA_H1	683	51	A	1	0	51	40.8627450980392
A_HA_H1	684	51	G	1	0	51	40.3921568627451
A_HA_H1	685	51	C	1	0	51	40.2745098039216
A_HA_H1	686	51	C	1	0	51	39.2549019607843
A_HA_H1	687	51	G	1	0	51	39.2549019607843
A_HA_H1	688	51	G	1	0	51	38.843137254902
A_HA_H1	689	51	A	1	0	51	39.7647058823529
A_HA_H1	690	51	A	1	0	51	39.921568627451
A_HA_H1	691	51	A	1	0	51	40.8039215686275
A_HA_H1	692	51	T	1	0	51	42.2156862745098
A_HA_H1	693	51	A	1	0	51	40.2941176470588
A_HA_H1	694	51	G	1	0	51	41.0588235294118
A_HA_H1	695	50	C	1	0	50	39.28
A_HA_H1	696	50	A	1	0	50	39.02
A_HA_H1	697	50	A	1	0	50	40.46
A_HA_H1	698	50	C	1	0	50	40.42
A_HA_H1	699	49	A	2	0	49	41
A_HA_H1	700	50	A	1	0	50	42.64
A_HA_H1	701	50	G	1	0	49	41
A_HA_H1	702	50	A	1	0	50	40.92
A_HA_H1	703	50	C	1	0	50	41.46
A_HA_H1	704	50	C	1	0	49	37.4081632653061
A_HA_H1	705	50	C	1	0	49	37.9387755102041
A_HA_H1	706	50	A	1	0	50	36.02
A_HA_H1	707	50	A	1	0	50	38.3
A_HA_H1	708	50	A	1	0	50	36.5
A_HA_H1	709	50	G	1	0	50	35.9
A_HA_H1	710	50	T	1	0	50	38.66
A_HA_H1	711	49	G	2	0	49	38.9183673469388
A_HA_H1	712	50	A	1	0	50	38.5
A_HA_H1	713	50	G	1	0	50	38.32
A_HA_H1	714	50	G	1	0	49	39.4489795918367
A_HA_H1	715	50	G	1	0	50	38.22
A_HA_H1	716	50	A	1	0	50	37.36
A_HA_H1	717	50	T	1	0	50	38.1
A_HA_H1	718	50	C	1	0	49	37.0408163265306
A_HA_H1	719	50	A	1	0	49	37
A_HA_H1	720	50	A	1	0	50	35.92
A_HA_H1	721	50	G	1	0	50	35.36
A_HA_H1	722	49	C	2	0	49	35.9387755102041
A_HA_H1	723	50	C	1	0	50	36.76
A_HA_H1	724	50	G	1	0	50	35.46
A_HA_H1	725	50	G	1	0	50	35.88
A_HA_H1	726	50	G	1	0	50	37.84
A_HA_H1	727	50	A	1	0	50	37.84
A_HA_H1	728	50	G	1	0	50	39.1
A_HA_H1	729	50	A	1	0	50	40.62
A_HA_H1	730	50	A	1	0	50	39.84
A_HA_H1	731	50	T	1	0	50	39.98
A_HA_H1	732	50	G	1	0	50	38.02
A_HA_H1	733	50	A	1	0	50	38.42
A_HA_H1	734	50	A	1	0	50	37.96
A_HA_H1	735	50	C	1	0	50	36.78
A_HA_H1	736	50	T	1	0	50	37.34
A_HA_H1	737	50	A	1	0	50	37.42
A_HA_H1	738	50	T	1	0	50	38.26
A_HA_H1	739	50	T	1	0	50	39.42
A_HA_H1	740	50	A	1	0	49	38.0816326530612
A_HA_H1	741	50	C	1	0	49	37.734693877551
A_HA_H1	742	50	T	1	0	50	36.4
A_HA_H1	743	50	G	1	0	50	35.16
A_HA_H1	744	50	G	1	0	50	34.48
A_HA_H1	745	50	A	1	0	50	36.46
A_HA_H1	746	50	C	1	0	50	37.98
A_HA_H1	747	50	A	1	0	50	37.38
A_HA_H1	748	50	C	1	0	50	38.34
A_HA_H1	749	50	T	1	0	50	38.7
A_HA_H1	750	50	A	1	0	50	35.56
A_HA_H1	751	50	G	1	0	50	34.58
A_HA_H1	752	50	T	1	0	50	35.66
A_HA_H1	753	50	A	1	0	50	34.68
A_HA_H1	754	50	G	1	0	50	34.1
A_HA_H1	755	50	A	1	0	50	35.14
A_HA_H1	756	50	A	1	0	50	35.66
A_HA_H1	757	50	C	1	0	50	35.24
A_HA_H1	758	50	C	1	0	50	37.18
A_HA_H1	759	50	G	1	0	50	37.42
A_HA_H1	760	50	G	1	0	50	39.04
A_HA_H1	761	50	G	1	0	50	38.18
A_HA_H1	762	50	A	1	0	49	38.3673469387755
A_HA_H1	763	50	G	1	0	50	39.5
A_HA_H1	764	50	A	1	0	50	39.86
A_HA_H1	765	50	C	1	0	50	40.24
A_HA_H1	766	50	A	1	0	50	39.9
A_HA_H1	767	50	A	1	0	50	38.32
A_HA_H1	768	50	A	1	0	50	38.76
A_HA_H1	769	50	A	1	0	49	39.2448979591837
A_HA_H1	770	50	T	1	0	49	39.8775510204082
A_HA_H1	771	50	A	1	0	50	39.52
A_HA_H1	772	50	A	1	0	50	39.82
A_HA_H1	773	50	C	1	0	50	38.34
A_HA_H1	774	50	A	1	0	50	39.12
A_HA_H1	775	50	T	1	0	50	40.5
A_HA_H1	776	50	T	1	0	50	39.84
A_HA_H1	777	49	C	2	0	49	39.3469387755102
A_HA_H1	778	50	G	1	0	50	38.64
A_HA_H1	779	50	A	1	0	50	39.28
A_HA_H1	780	50	A	1	0	50	39.4
A_HA_H1	781	50	G	1	0	50	40.18
A_HA_H1	782	50	C	1	0	50	40.7
A_HA_H1	783	50	A	1	0	50	40.66
A_HA_H1	784	50	A	1	0	50	41
A_HA_H1	785	50	C	1	0	50	39.84
A_HA_H1	786	50	T	1	0	50	40.32
A_HA_H1	787	50	G	1	0	50	39.02
A_HA_H1	788	50	G	1	0	50	39.34
A_HA_H1	789	49	T	2	0	49	40.7959183673469
A_HA_H1	790	49	A	2	0	49	40.2040816326531
A_HA_H1	791	50	A	1	0	48	41.7916666666667
A_HA_H1	792	50	T	1	0	50	41.04
A_HA_H1	793	50	C	1	0	48	39.9375
A_HA_H1	794	50	T	1	0	50	40.62
A_HA_H1	795	50	A	1	0	50	39.34
A_HA_H1	796	50	G	1	0	50	38.9
A_HA_H1	797	50	T	1	0	50	39.8
A_HA_H1	798	50	G	1	0	49	39.6938775510204
A_HA_H1	799	50	G	1	0	49	40.1224489795918
A_HA_H1	800	50	C	1	0	50	39.92
A_HA_H1	801	50	A	1	0	50	39.92
A_HA_H1	802	50	C	1	0	50	41.54
A_HA_H1	803	50	C	1	0	50	39
A_HA_H1	804	50	G	1	0	50	37.26
A_HA_H1	805	49	A	2	0	49	36.2448979591837
A_HA_H1	806	49	G	2	0	49	34.8979591836735
A_HA_H1	807	48	A	3	0	48	34.625
A_HA_H1	808	48	T	3	0	48	37.0833333333333
A_HA_H1	809	50	A	1	0	50	36.62
A_HA_H1	810	50	T	1	0	50	36.28
A_HA_H1	811	50	G	1	0	50	37.14
A_HA_H1	812	50	C	1	0	50	38
A_HA_H1	813	50	A	1	0	49	39.265306122449
A_HA_H1	814	50	T	1	0	50	39.82
A_HA_H1	815	50	T	1	0	50	40.46
A_HA_H1	816	50	C	1	0	50	40.16
A_HA_H1	817	50	A	1	0	50	39.3
A_HA_H1	818	50	C	1	0	50	38.98
A_HA_H1	819	50	A	1	0	50	38.32
A_HA_H1	820	50	A	1	0	50	39.18
A_HA_H1	821	50	T	1	0	50	39.34
A_HA_H1	822	50	G	1	0	50	38.56
A_HA_H1	823	50	G	1	0	50	39.02
A_HA_H1	824	47	A	4	0	47	39.7872340425532
A_HA_H1	825	50	A	1	0	50	38
A_HA_H1	826	50	A	1	0	50	39.94
A_HA_H1	827	50	A	1	0	49	41.0408163265306
A_HA_H1	828	50	A	1	0	50	40.4
A_HA_H1	829	50	G	1	0	50	40.92
A_HA_H1	830	50	A	1	0	50	39.5
A_HA_H1	831	50	T	1	0	50	39.18
A_HA_H1	832	50	G	1	0	49	39.6326530612245
A_HA_H1	833	50	C	1	0	50	38.98
A_HA_H1	834	50	T	1	0	50	39.48
A_HA_H1	835	47	G	3	0	47	39.3829787234043
A_HA_H1	836	49	G	1	0	47	39.3404255319149
A_HA_H1	837	49	A	1	0	49	38.4285714285714
A_HA_H1	838	49	T	1	0	48	39.1666666666667
A_HA_H1	839	49	C	1	0	47	39.4893617021277
A_HA_H1	840	49	T	1	0	49	39.2448979591837
A_HA_H1	841	49	G	1	0	49	39.6938775510204
A_HA_H1	842	49	G	1	0	49	39.9387755102041
A_HA_H1	843	49	T	1	0	48	41.3541666666667
A_HA_H1	844	49	A	1	0	48	40.8125
A_HA_H1	845	49	T	1	0	49	39.3877551020408
A_HA_H1	846	49	T	1	0	48	39.2083333333333
A_HA_H1	847	49	A	1	0	49	38.3673469387755
A_HA_H1	848	49	T	1	0	49	38.6326530612245
A_HA_H1	849	49	C	1	0	48	38.4375
A_HA_H1	850	48	A	2	0	48	38.6041666666667
A_HA_H1	851	47	T	3	0	47	39.1276595744681
A_HA_H1	852	47	T	3	0	47	38.4255319148936
A_HA_H1	853	48	T	2	0	48	37.7916666666667
A_HA_H1	854	49	C	1	0	48	36.5208333333333
A_HA_H1	855	49	A	1	0	49	37.9387755102041
A_HA_H1	856	49	G	1	0	47	39.2765957446809
A_HA_H1	857	48	A	2	0	48	38.4166666666667
A_HA_H1	858	49	T	1	0	47	40.6382978723404
A_HA_H1	859	49	A	1	0	47	40.5106382978723
A_HA_H1	860	49	C	1	0	49	39.530612244898
A_HA_H1	861	49	A	1	0	49	40.1224489795918
A_HA_H1	862	49	C	1	0	49	39.0408163265306
A_HA_H1	863	49	C	1	0	49	37.0408163265306
A_HA_H1	864	49	A	1	0	49	36.3673469387755
A_HA_H1	865	49	G	1	0	49	36.469387755102
A_HA_H1	866	49	T	1	0	49	36.9387755102041
A_HA_H1	867	49	C	1	0	48	37.6875
A_HA_H1	868	49	C	1	0	49	38.8979591836735
A_HA_H1	869	49	A	1	0	49	39.4285714285714
A_HA_H1	870	49	C	1	0	48	38.7708333333333
A_HA_H1	871	49	G	1	0	48	37.2083333333333
A_HA_H1	872	49	A	1	0	49	36.9795918367347
A_HA_H1	873	49	T	1	0	49	36.9591836734694
A_HA_H1	874	49	T	1	0	49	37.265306122449
A_HA_H1	875	49	G	1	0	48	36.6666666666667
A_HA_H1	876	49	C	1	0	49	40.4897959183673
A_HA_H1	877	49	A	1	0	49	39.1632653061224
A_HA_H1	878	49	A	1	0	49	38.8367346938776
A_HA_H1	879	49	T	1	0	49	39.7551020408163
A_HA_H1	880	49	A	1	0	49	38.3469387755102
A_HA_H1	881	48	C	2	0	48	39.8125
A_HA_H1	882	49	A	1	0	48	40.2708333333333
A_HA_H1	883	49	A	1	0	49	39.5714285714286
A_HA_H1	884	49	C	1	0	49	38.5714285714286
A_HA_H1	885	48	T	2	0	47	40.1914893617021
A_HA_H1	886	49	T	1	0	49	38.7755102040816
A_HA_H1	887	49	G	1	0	49	38.8163265306122
A_HA_H1	888	49	T	1	0	48	39.3333333333333
A_HA_H1	889	49	C	1	0	49	38.6734693877551
A_HA_H1	890	49	A	1	0	49	38.6938775510204
A_HA_H1	891	50	G	1	0	50	37.76
A_HA_H1	892	50	A	1	0	50	38.14
A_HA_H1	893	50	C	1	0	50	39.24
A_HA_H1	894	50	A	1	0	49	38.6530612244898
A_HA_H1	895	49	C	2	0	49	38.8367346938776
A_HA_H1	896	50	C	1	0	50	39.54
A_HA_H1	897	50	C	1	0	50	38.58
A_HA_H1	898	50	G	1	0	50	36.92
A_HA_H1	899	50	A	1	0	50	38.92
A_HA_H1	900	50	G	1	0	50	40.26
A_HA_H1	901	50	G	1	0	50	39.34
A_HA_H1	902	50	G	1	0	50	41.38
A_HA_H1	903	50	T	1	0	50	42.24
A_HA_H1	904	50	G	1	0	50	40.68
A_HA_H1	905	50	C	1	0	50	40.6
A_HA_H1	906	50	T	1	0	49	41.0612244897959
A_HA_H1	907	50	A	1	0	50	40.48
A_HA_H1	908	50	T	1	0	49	40.8571428571429
A_HA_H1	909	50	A	1	0	50	37.94
A_HA_H1	910	50	A	1	0	50	39.74
A_HA_H1	911	50	A	1	0	50	40.4
A_HA_H1	912	50	C	1	0	50	40.38
A_HA_H1	913	50	A	1	0	50	40.72
A_HA_H1	914	50	C	1	0	50	41.06
A_HA_H1	915	50	C	1	0	50	42.2
A_HA_H1	916	50	A	1	0	50	41.08
A_HA_H1	917	50	G	1	0	50	41.86
A_HA_H1	918	50	C	1	0	50	40.8
A_HA_H1	919	50	C	1	0	50	41.72
A_HA_H1	920	50	T	1	0	50	41.74
A_HA_H1	921	50	C	1	0	50	39.06
A_HA_H1	922	50	C	1	0	50	39.6
A_HA_H1	923	50	C	1	0	50	38.7
A_HA_H1	924	50	A	1	0	50	34.96
A_HA_H1	925	50	T	1	0	50	36.94
A_HA_H1	926	50	T	1	0	50	40.48
A_HA_H1	927	50	T	1	0	50	41.5
A_HA_H1	928	49	C	2	0	49	38.8367346938776
A_HA_H1	929	50	A	1	0	50	41.72
A_HA_H1	930	50	G	1	0	49	40.734693877551
A_HA_H1	931	50	A	1	0	50	39.68
A_HA_H1	932	50	A	1	0	50	39.64
A_HA_H1	933	50	T	1	0	50	40.58
A_HA_H1	934	50	G	1	0	50	40.4
A_HA_H1	935	50	T	1	0	49	40.1020408163265
A_HA_H1	936	50	A	1	0	50	39.74
A_HA_H1	937	49	C	2	0	49	39.1428571428571
A_HA_H1	938	50	A	1	0	50	39.92
A_HA_H1	939	50	T	1	0	50	41.94
A_HA_H1	940	50	C	1	0	50	41.52
A_HA_H1	941	50	C	1	0	50	42.62
A_HA_H1	942	50	G	1	0	48	42.5833333333333
A_HA_H1	943	50	A	1	0	50	42.1
A_HA_H1	944	50	T	1	0	50	41.54
A_HA_H1	945	50	C	1	0	50	39.72
A_HA_H1	946	50	A	1	0	50	38.94
A_HA_H1	947	50	C	1	0	50	38.36
A_HA_H1	948	50	G	1	0	50	34
A_HA_H1	949	50	A	1	0	50	34.82
A_HA_H1	950	50	T	1	0	50	34.9
A_HA_H1	951	50	T	1	0	50	35.14
A_HA_H1	952	50	G	1	0	50	34.94
A_HA_H1	953	50	G	1	0	50	38.72
A_HA_H1	954	50	G	1	0	50	39.28
A_HA_H1	955	49	A	2	0	49	39.4489795918367
A_HA_H1	956	50	A	1	0	50	40.84
A_HA_H1	957	50	A	1	0	50	40.98
A_HA_H1	958	50	T	1	0	50	41.26
A_HA_H1	959	50	G	1	0	50	40.3
A_HA_H1	960	50	T	1	0	50	40.98
A_HA_H1	961	50	C	1	0	50	39.68
A_HA_H1	962	50	C	1	0	50	38.58
A_HA_H1	963	48	A	3	0	48	38.8125
A_HA_H1	964	49	A	2	0	48	38.5625
A_HA_H1	965	50	A	1	0	50	39.8
A_HA_H1	966	50	G	1	0	49	40.4897959183673
A_HA_H1	967	50	T	1	0	50	41.14
A_HA_H1	968	50	A	1	0	49	41.0408163265306
A_HA_H1	969	50	T	1	0	50	40.42
A_HA_H1	970	50	G	1	0	50	39.52
A_HA_H1	971	50	T	1	0	50	40.12
A_HA_H1	972	50	G	1	0	50	39.28
A_HA_H1	973	50	A	1	0	50	40.12
A_HA_H1	974	50	G	1	0	50	40.66
A_HA_H1	975	50	A	1	0	50	40.12
A_HA_H1	976	50	A	1	0	50	41.38
A_HA_H1	977	50	G	1	0	50	41.52
A_HA_H1	978	50	C	1	0	50	41.48
A_HA_H1	979	50	A	1	0	50	41.24
A_HA_H1	980	50	C	1	0	50	40.5
A_HA_H1	981	50	A	1	0	50	39.6
A_HA_H1	982	50	A	1	0	50	38.42
A_HA_H1	983	50	A	1	0	50	38.92
A_HA_H1	984	50	A	1	0	50	39.08
A_HA_H1	985	50	T	1	0	50	38.38
A_HA_H1	986	50	T	1	0	50	38.22
A_HA_H1	987	50	G	1	0	50	35.46
A_HA_H1	988	50	A	1	0	50	33.62
A_HA_H1	989	51	G	1	0	51	33.7843137254902
A_HA_H1	990	51	A	1	0	51	35.3137254901961
A_HA_H1	991	52	C	1	0	52	35.0961538461538
A_HA_H1	992	52	T	1	0	52	37.4230769230769
A_HA_H1	993	52	G	1	0	52	38.25
A_HA_H1	994	52	G	1	0	52	37.7884615384615
A_HA_H1	995	52	C	1	0	52	38.1730769230769
A_HA_H1	996	52	C	1	0	52	39.7884615384615
A_HA_H1	997	52	A	1	0	52	38.7884615384615
A_HA_H1	998	52	C	1	0	52	40.4038461538462
A_HA_H1	999	52	A	1	0	52	37.9615384615385
A_HA_H1	1000	52	G	1	0	52	38.3269230769231
A_HA_H1	1001	52	G	1	0	52	39.1346153846154
A_HA_H1	1002	52	A	1	0	52	39.3846153846154
A_HA_H1	1003	52	C	1	0	52	38.2692307692308
A_HA_H1	1004	52	T	1	0	52	39.3461538461538
A_HA_H1	1005	52	G	1	0	51	38.2941176470588
A_HA_H1	1006	52	A	1	0	52	37.6153846153846
A_HA_H1	1007	52	G	1	0	52	39.0384615384615
A_HA_H1	1008	52	G	1	0	52	38.6730769230769
A_HA_H1	1009	52	A	1	0	52	37.8846153846154
A_HA_H1	1010	52	A	1	0	52	37.2692307692308
A_HA_H1	1011	52	T	1	0	52	39.1346153846154
A_HA_H1	1012	52	G	1	0	52	38.5192307692308
A_HA_H1	1013	52	T	1	0	52	38.0384615384615
A_HA_H1	1014	52	C	1	0	52	37.3846153846154
A_HA_H1	1015	52	C	1	0	52	37.1730769230769
A_HA_H1	1016	52	C	1	0	52	36.8076923076923
A_HA_H1	1017	52	G	1	0	52	35.8269230769231
A_HA_H1	1018	52	T	1	0	52	36.8269230769231
A_HA_H1	1019	52	C	1	0	52	38.25
A_HA_H1	1020	52	T	1	0	52	38.6346153846154
A_HA_H1	1021	52	A	1	0	52	38.5
A_HA_H1	1022	52	T	1	0	52	39.0384615384615
A_HA_H1	1023	52	T	1	0	52	36.9807692307692
A_HA_H1	1024	52	C	1	0	52	36.3846153846154
A_HA_H1	1025	52	A	1	0	52	36.5961538461538
A_HA_H1	1026	52	A	1	0	52	37.0961538461538
A_HA_H1	1027	52	T	1	0	51	37.8823529411765
A_HA_H1	1028	52	C	1	0	50	38.9
A_HA_H1	1029	52	T	1	0	51	39.3333333333333
A_HA_H1	1030	52	A	1	0	51	37.8235294117647
A_HA_H1	1031	52	G	1	0	52	37.6346153846154
A_HA_H1	1032	52	A	1	0	52	37.1538461538462
A_HA_H1	1033	51	G	2	0	51	38.5882352941176
A_HA_H1	1034	51	G	2	0	51	39.5098039215686
A_HA_H1	1035	52	C	1	0	52	38.1730769230769
A_HA_H1	1036	51	T	2	0	51	38.5686274509804
A_HA_H1	1037	52	T	1	0	52	39.2692307692308
A_HA_H1	1038	52	A	1	0	52	38.75
A_HA_H1	1039	51	T	2	0	51	40.1764705882353
A_HA_H1	1040	52	T	1	0	52	39.9230769230769
A_HA_H1	1041	52	C	1	0	51	36.3333333333333
A_HA_H1	1042	52	G	1	0	52	34.7884615384615
A_HA_H1	1043	52	G	1	0	52	34.5384615384615
A_HA_H1	1044	52	G	1	0	52	34.6346153846154
A_HA_H1	1045	52	G	1	0	52	33.5
A_HA_H1	1046	52	C	1	0	52	37.9423076923077
A_HA_H1	1047	52	C	1	0	52	37.25
A_HA_H1	1048	52	A	1	0	52	36.8269230769231
A_HA_H1	1049	52	T	1	0	52	37.8846153846154
A_HA_H1	1050	52	T	1	0	52	38.0192307692308
A_HA_H1	1051	52	G	1	0	52	38.5961538461538
A_HA_H1	1052	52	C	1	0	52	38.5576923076923
A_HA_H1	1053	52	T	1	0	52	38.4423076923077
A_HA_H1	1054	52	G	1	0	52	38.8076923076923
A_HA_H1	1055	52	G	1	0	52	38.5769230769231
A_HA_H1	1056	52	C	1	0	52	38.7692307692308
A_HA_H1	1057	52	T	1	0	52	38.7884615384615
A_HA_H1	1058	52	T	1	0	52	39.7115384615385
A_HA_H1	1059	52	C	1	0	52	41.0384615384615
A_HA_H1	1060	52	A	1	0	52	40.0384615384615
A_HA_H1	1061	52	T	1	0	52	40.1923076923077
A_HA_H1	1062	52	C	1	0	52	36.5192307692308
A_HA_H1	1063	52	G	1	0	52	35.1346153846154
A_HA_H1	1064	52	A	1	0	52	35.8269230769231
A_HA_H1	1065	51	A	2	0	51	36.0588235294118
A_HA_H1	1066	50	G	3	0	50	35.32
A_HA_H1	1067	52	G	1	0	52	36.6538461538462
A_HA_H1	1068	52	G	1	0	52	37.3653846153846
A_HA_H1	1069	52	G	1	0	52	38.8076923076923
A_HA_H1	1070	52	G	1	0	52	40.6923076923077
A_HA_H1	1071	52	G	1	0	51	41.078431372549
A_HA_H1	1072	52	T	1	0	49	41
A_HA_H1	1073	52	G	1	0	51	39.8235294117647
A_HA_H1	1074	53	G	1	0	51	38.4509803921569
A_HA_H1	1075	55	A	1	0	55	38.0181818181818
A_HA_H1	1076	278	C	1	0	278	38.5575539568345
A_HA_H1	1077	284	A	0	0	284	36.7288732394366
A_HA_H1	1078	289	G	0	0	289	36.6539792387543
A_HA_H1	1079	292	G	0	0	292	36.8321917808219
A_HA_H1	1080	292	G	0	0	290	37.0827586206897
A_HA_H1	1081	292	A	0	0	292	37.4315068493151
A_HA_H1	1082	294	T	0	0	294	39.7414965986395
A_HA_H1	1083	294	G	0	0	293	39.8361774744027
A_HA_H1	1084	294	G	0	0	294	39.8231292517007
A_HA_H1	1085	293	T	1	0	293	40.0477815699659
A_HA_H1	1086	294	A	0	0	291	38.4742268041237
A_HA_H1	1087	294	G	0	0	293	38.1365187713311
A_HA_H1	1088	294	A	1	0	293	38.0682593856655
A_HA_H1	1089	295	T	0	0	295	37.3152542372881
A_HA_H1	1090	293	G	2	0	291	37.6872852233677
A_HA_H1	1091	295	G	0	0	294	38.156462585034
A_HA_H1	1092	295	A	0	0	294	38.3843537414966
A_HA_H1	1093	295	T	0	0	295	38.4406779661017
A_HA_H1	1094	295	G	0	0	295	38.135593220339
A_HA_H1	1095	294	G	1	0	290	39.5724137931035
A_HA_H1	1096	294	T	1	0	292	39.2465753424658
A_HA_H1	1097	296	A	0	0	296	38.6013513513514
A_HA_H1	1098	294	C	2	0	292	39.1198630136986
A_HA_H1	1099	296	G	0	0	294	38.2482993197279
A_HA_H1	1100	296	G	0	0	294	38.1258503401361
A_HA_H1	1101	295	T	1	0	295	38.6271186440678
A_HA_H1	1102	295	T	1	0	294	38.9013605442177
A_HA_H1	1103	295	A	1	0	295	39.6779661016949
A_HA_H1	1104	296	T	0	0	296	40.9763513513514
A_HA_H1	1105	296	C	0	0	295	39.5898305084746
A_HA_H1	1106	296	A	0	0	295	39.8338983050847
A_HA_H1	1107	296	C	0	0	296	39.5945945945946
A_HA_H1	1108	296	C	0	0	295	39.5118644067797
A_HA_H1	1109	296	A	0	0	296	40.2668918918919
A_HA_H1	1110	296	T	0	0	296	40.2972972972973
A_HA_H1	1111	296	C	0	0	296	39.6385135135135
A_HA_H1	1112	296	A	0	0	296	39.8648648648649
A_HA_H1	1113	296	A	0	0	296	39.8209459459459
A_HA_H1	1114	296	A	0	0	296	40.1317567567568
A_HA_H1	1115	296	A	0	0	296	40.7972972972973
A_HA_H1	1116	297	T	0	0	297	40.5353535353535
A_HA_H1	1117	299	G	0	0	296	39.8547297297297
A_HA_H1	1118	941	A	0	0	938	38.680170575693
A_HA_H1	1119	941	G	1	0	938	37.5874200426439
A_HA_H1	1120	949	C	1	0	947	37.2629355860612
A_HA_H1	1121	959	A	0	0	954	35.5283018867925
A_HA_H1	1122	965	G	2	0	963	34.5472481827622
A_HA_H1	1123	981	G	0	0	981	34.6544342507645
A_HA_H1	1124	982	G	1	0	979	35.8110316649642
A_HA_H1	1125	983	G	1	0	983	36.3784333672431
A_HA_H1	1126	984	T	2	0	982	36.8890020366599
A_HA_H1	1127	986	C	4	0	977	36.8055271238485
A_HA_H1	1128	988	A	2	0	983	35.8891149542218
A_HA_H1	1129	992	G	2	0	991	36.941473259334
A_HA_H1	1130	992	G	2	0	991	36.9243188698285
A_HA_H1	1131	993	A	2	0	989	37.5611729019211
A_HA_H1	1132	996	T	2	0	993	39.3232628398792
A_HA_H1	1133	998	A	0	0	995	39.2020100502513
A_HA_H1	1134	1003	T	0	0	1002	39.6387225548902
A_HA_H1	1135	1000	G	3	0	995	39.0462311557789
A_HA_H1	1136	1002	C	2	0	1001	39.2357642357642
A_HA_H1	1137	1005	A	1	0	1002	38.3552894211577
A_HA_H1	1138	1005	G	2	0	1003	38.7178464606181
A_HA_H1	1139	1005	C	2	0	1003	39.4626121635095
A_HA_H1	1140	1006	C	1	0	1003	39.7397806580259
A_HA_H1	1141	1003	G	3	0	980	36.9938775510204
A_HA_H1	1142	1006	A	0	0	1006	35.6361829025845
A_HA_H1	1143	1004	T	3	0	1003	35.8444666001994
A_HA_H1	1144	1003	C	6	0	992	34.6502016129032
A_HA_H1	1145	1010	T	0	0	1007	34.5104270109235
A_HA_H1	1146	1007	G	3	0	1005	35.6129353233831
A_HA_H1	1147	1010	A	0	0	1009	36.6997026759167
A_HA_H1	1148	1009	A	1	0	1008	37.9325396825397
A_HA_H1	1149	1011	G	1	0	1005	39.9194029850746
A_HA_H1	1150	1011	A	1	0	1004	41.144422310757
A_HA_H1	1151	1007	G	5	0	1004	40.8914342629482
A_HA_H1	1152	1003	C	9	0	998	41.0050100200401
A_HA_H1	1153	1003	A	9	0	1003	40.2971086739781
A_HA_H1	1154	1009	C	3	0	1005	41.0029850746269
A_HA_H1	1155	1011	A	1	0	1009	41.1169474727453
A_HA_H1	1156	1012	C	0	0	1009	40.5540138751239
A_HA_H1	1157	1008	A	4	0	1007	40.1350546176763
A_HA_H1	1158	1012	A	0	0	1011	41.5054401582591
A_HA_H1	1159	1012	A	0	0	1012	42.0405138339921
A_HA_H1	1160	1012	A	0	0	1010	42.1752475247525
A_HA_H1	1161	1012	T	0	0	1010	41.4059405940594
A_HA_H1	1162	1012	G	0	0	1009	41.9613478691774
A_HA_H1	1163	1012	C	0	0	1010	42.1940594059406
A_HA_H1	1164	1016	C	0	0	1015	41.3389162561576
A_HA_H1	1165	1016	A	0	0	1016	41.4084645669291
A_HA_H1	1166	1015	T	1	0	1015	41.0019704433498
A_HA_H1	1167	1016	T	0	0	1014	41.6094674556213
A_HA_H1	1168	1016	G	0	0	1014	41.1755424063116
A_HA_H1	1169	1016	A	0	0	1016	41.1240157480315
A_HA_H1	1170	1016	T	0	0	1014	41.6627218934911
A_HA_H1	1171	1013	A	3	0	1012	41.0869565217391
A_HA_H1	1172	1015	A	0	0	1013	41.4768015794669
A_HA_H1	1173	1015	G	0	0	1009	40.9603567888999
A_HA_H1	1174	1015	A	0	0	1012	41.4041501976285
A_HA_H1	1175	1015	T	0	0	1014	42.2554240631164
A_HA_H1	1176	1016	T	0	0	1015	42.4295566502463
A_HA_H1	1177	1012	A	4	0	1011	40.9327398615232
A_HA_H1	1178	1015	C	2	0	1015	41.4463054187192
A_HA_H1	1179	1016	C	2	0	1013	41.3079960513327
A_HA_H1	1180	1018	A	0	0	1014	41.3145956607495
A_HA_H1	1181	1018	A	0	0	1016	41.2204724409449
A_HA_H1	1182	1018	C	0	0	1017	41.6863323500492
A_HA_H1	1183	1018	A	0	0	1017	41.6647000983284
A_HA_H1	1184	1019	A	0	0	1019	41.7350343473994
A_HA_H1	1185	1017	A	2	0	1016	41.6092519685039
A_HA_H1	1186	1016	G	3	0	1008	40.5337301587302
A_HA_H1	1187	1017	T	2	0	1014	40.8934911242604
A_HA_H1	1188	1018	A	2	0	1018	39.2927308447937
A_HA_H1	1189	1019	A	2	0	1019	39.9666339548577
A_HA_H1	1190	1020	A	1	0	1017	39.9872173058014
A_HA_H1	1191	1020	T	1	0	1016	40.1043307086614
A_HA_H1	1192	1020	T	1	0	1018	40.4410609037328
A_HA_H1	1193	1020	C	1	0	1018	40.3880157170923
A_HA_H1	1194	1019	T	2	0	1019	40.7242394504416
A_HA_H1	1195	1020	G	2	0	1019	39.1687929342493
A_HA_H1	1196	1022	T	0	0	1020	39.9578431372549
A_HA_H1	1197	1022	T	0	0	1022	38.8659491193738
A_HA_H1	1198	1022	A	0	0	1021	37.3016650342801
A_HA_H1	1199	1024	T	0	0	1023	37.6617790811339
A_HA_H1	1200	1025	T	0	0	1025	39.219512195122
A_HA_H1	1201	1026	G	0	0	1025	38.5190243902439
A_HA_H1	1202	1022	A	4	0	1021	38.9255631733594
A_HA_H1	1203	1026	A	0	0	1025	40.0370731707317
A_HA_H1	1204	1026	A	0	0	1026	40.7953216374269
A_HA_H1	1205	1025	A	1	0	1022	41.4275929549902
A_HA_H1	1206	1025	G	1	0	1018	41.7485265225933
A_HA_H1	1207	1026	A	0	0	1026	41.7631578947368
A_HA_H1	1208	1026	T	0	0	1025	41.460487804878
A_HA_H1	1209	1027	G	0	0	1024	39.544921875
A_HA_H1	1210	1032	A	0	0	1030	39.9058252427184
A_HA_H1	1211	1031	A	1	0	1026	39.8440545808967
A_HA_H1	1212	1033	T	1	0	1028	40.0749027237354
A_HA_H1	1213	1031	A	3	0	1030	39.9621359223301
A_HA_H1	1214	1032	C	2	0	1031	40.5703200775946
A_HA_H1	1215	1033	A	1	0	1033	40.4714424007744
A_HA_H1	1216	1033	C	1	0	1032	40.1782945736434
A_HA_H1	1217	1033	A	1	0	1032	38.9457364341085
A_HA_H1	1218	1032	G	2	0	1030	39.2922330097087
A_HA_H1	1219	1033	T	1	0	1033	40.5750242013553
A_HA_H1	1220	1033	T	1	0	1032	40.7781007751938
A_HA_H1	1221	1033	C	1	0	1031	40.3414161008729
A_HA_H1	1222	1033	A	0	0	1031	39.6440349175558
A_HA_H1	1223	1033	C	0	0	1033	40.4491771539206
A_HA_H1	1224	1032	A	1	0	1032	39.8808139534884
A_HA_H1	1225	1032	G	1	0	1031	39.709990300679
A_HA_H1	1226	1033	C	0	0	1033	39.7212003872217
A_HA_H1	1227	1034	A	0	0	1034	39.9990328820116
A_HA_H1	1228	1032	G	1	0	1030	40.0398058252427
A_HA_H1	1229	1033	T	0	0	1029	40.7871720116618
A_HA_H1	1230	1195	T	1	0	1193	41.0670578373847
A_HA_H1	1231	1196	G	1	0	1195	41.0962343096234
A_HA_H1	1232	1194	G	3	0	1194	41.4447236180904
A_HA_H1	1233	1195	T	2	0	1195	41.9941422594142
A_HA_H1	1234	1191	A	7	0	1188	41.3265993265993
A_HA_H1	1235	1197	A	3	0	1195	41.6702928870293
A_HA_H1	1236	1200	A	0	0	1198	42.0242070116861
A_HA_H1	1237	1198	G	2	0	1192	41.0520134228188
A_HA_H1	1238	1197	A	3	0	1195	40.3439330543933
A_HA_H1	1239	1198	G	2	0	1186	38.8102866779089
A_HA_H1	1240	1180	T	20	0	1158	38.1934369602763
A_HA_H1	1241	1201	T	1	0	1194	35.9195979899498
A_HA_H1	1242	1199	C	3	0	1173	34.1730605285592
A_HA_H1	1243	1201	A	1	0	1196	33.5083612040134
A_HA_H1	1244	1200	A	2	0	1195	34.0108786610879
A_HA_H1	1245	1200	C	2	0	1198	34.6903171953255
A_HA_H1	1246	1200	C	2	0	1196	35.2374581939799
A_HA_H1	1247	1203	A	1	0	1196	37.3294314381271
A_HA_H1	1248	1205	C	1	0	1204	37.7990033222591
A_HA_H1	1249	1207	C	1	0	1206	37.56135986733
A_HA_H1	1250	1207	T	2	0	1206	37.9684908789386
A_HA_H1	1251	1209	T	0	0	1205	38.3095435684647
A_HA_H1	1252	1205	G	3	0	1203	37.4413965087282
A_HA_H1	1253	1183	A	26	0	1182	36.3900169204738
A_HA_H1	1254	1199	A	11	0	1199	36.161801501251
A_HA_H1	1255	1200	A	10	0	1199	37.2969140950792
A_HA_H1	1256	1209	A	1	0	1209	37.2894954507858
A_HA_H1	1257	1206	A	4	0	1203	39.8886118038238
A_HA_H1	1258	1204	A	6	0	1202	39.5715474209651
A_HA_H1	1259	1198	G	12	0	1191	39.0201511335013
A_HA_H1	1260	1204	A	6	0	1201	35.7876769358868
A_HA_H1	1261	1206	A	4	0	1205	36.0697095435685
A_HA_H1	1262	1206	T	4	0	1204	35.9867109634552
A_HA_H1	1263	1204	A	6	0	1198	35.9415692821369
A_HA_H1	1264	1202	G	9	0	1199	37.5921601334445
A_HA_H1	1265	1208	A	3	0	1208	38.2756622516556
A_HA_H1	1266	1209	G	3	0	1204	38.3936877076412
A_HA_H1	1267	1211	A	1	0	1210	39.1933884297521
A_HA_H1	1268	1210	A	2	0	1207	39.7398508699254
A_HA_H1	1269	1211	T	2	0	1209	40.6236559139785
A_HA_H1	1270	1211	C	2	0	1203	40.1562759767249
A_HA_H1	1271	1212	T	1	0	1207	40.7895608947805
A_HA_H1	1272	1212	A	1	0	1209	40.0951199338296
A_HA_H1	1273	1212	A	1	0	1211	40.6878612716763
A_HA_H1	1274	1210	A	2	0	1209	40.6807278742763
A_HA_H1	1275	1210	T	2	0	1208	40.7516556291391
A_HA_H1	1276	1208	A	4	0	1205	38.7004149377593
A_HA_H1	1277	1212	A	0	0	1211	38.7068538398018
A_HA_H1	1278	1212	A	0	0	1210	38.4553719008264
A_HA_H1	1279	1212	A	0	0	1210	39.5347107438017
A_HA_H1	1280	1212	A	0	0	1210	40.6140495867769
A_HA_H1	1281	1210	G	0	0	1209	41.2390405293631
A_HA_H1	1282	1210	G	0	0	1209	40.9669148056245
A_HA_H1	1283	1207	T	3	0	1206	40.5099502487562
A_HA_H1	1284	1210	T	0	0	1206	40.0737976782753
A_HA_H1	1285	1208	G	2	0	1201	40.9150707743547
A_HA_H1	1286	1210	A	0	0	1207	40.8533554266777
A_HA_H1	1287	1210	T	0	0	1209	40.616211745244
A_HA_H1	1288	1209	G	1	0	1207	40.2734051367026
A_HA_H1	1289	1208	A	2	0	1206	39.452736318408
A_HA_H1	1290	1209	T	1	0	1208	39.7102649006623
A_HA_H1	1291	1209	G	1	0	1204	39.2774086378738
A_HA_H1	1292	1208	G	1	0	1204	39.0905315614618
A_HA_H1	1293	1204	T	5	0	1203	39.4945968412303
A_HA_H1	1294	1206	T	3	0	1205	40.2547717842324
A_HA_H1	1295	1207	T	2	0	1202	40.3851913477537
A_HA_H1	1296	1205	C	4	0	1200	39.2583333333333
A_HA_H1	1297	1206	C	3	0	1204	39.7234219269103
A_HA_H1	1298	1207	T	2	0	1201	40.2098251457119
A_HA_H1	1299	1197	G	12	0	1192	39.2290268456376
A_HA_H1	1300	1208	G	1	0	1199	39.9040867389491
A_HA_H1	1301	1209	A	0	0	1208	39.4122516556291
A_HA_H1	1302	1209	C	0	0	1188	39.5429292929293
A_HA_H1	1303	1209	G	0	0	1205	38.1792531120332
A_HA_H1	1304	1208	T	1	0	1207	38.6122618061309
A_HA_H1	1305	1209	T	0	0	1207	39.4449047224524
A_HA_H1	1306	1209	T	0	0	1207	40.1955260977631
A_HA_H1	1307	1207	G	2	0	1202	40.0748752079867
A_HA_H1	1308	1207	G	2	0	1205	41.3302904564315
A_HA_H1	1309	1206	A	3	0	1197	41.6123642439432
A_HA_H1	1310	1207	C	2	0	1200	40.9
A_HA_H1	1311	1207	T	2	0	1201	40.8442964196503
A_HA_H1	1312	1206	T	3	0	1200	40.92
A_HA_H1	1313	1207	A	2	0	1202	40.1672212978369
A_HA_H1	1314	1207	C	2	0	1199	40.0783986655546
A_HA_H1	1315	1209	A	0	0	1205	39.8514522821577
A_HA_H1	1316	1207	A	2	0	1207	40.2700911350456
A_HA_H1	1317	1207	T	2	0	1203	40.3067331670823
A_HA_H1	1318	1206	G	3	0	1202	40.41846921797
A_HA_H1	1319	1206	C	3	0	1204	41.2682724252492
A_HA_H1	1320	1207	C	2	0	1202	40.9633943427621
A_HA_H1	1321	1200	G	9	0	1196	39.0961538461538
A_HA_H1	1322	1209	A	0	0	1209	38.5260545905707
A_HA_H1	1323	1208	A	1	0	1206	38.3175787728027
A_HA_H1	1324	1207	C	2	0	1205	38.5360995850622
A_HA_H1	1325	1208	T	1	0	1204	39.2691029900332
A_HA_H1	1326	1208	G	1	0	1208	41.2309602649007
A_HA_H1	1327	1208	C	1	0	1207	41.5517812758906
A_HA_H1	1328	1208	T	1	0	1206	41.971807628524
A_HA_H1	1329	1208	G	1	0	1207	42.1781275890638
A_HA_H1	1330	1207	G	2	0	1204	41.9161129568106
A_HA_H1	1331	1208	T	1	0	1204	42.0382059800664
A_HA_H1	1332	1208	T	1	0	1208	42.1705298013245
A_HA_H1	1333	1207	C	2	0	1198	41.6661101836394
A_HA_H1	1334	1207	T	2	0	1202	41.4608985024958
A_HA_H1	1335	1207	A	2	0	1201	40.3763530391341
A_HA_H1	1336	1207	C	2	0	1204	39.7375415282392
A_HA_H1	1337	1208	T	1	0	1206	39.634328358209
A_HA_H1	1338	1207	G	2	0	1206	39.8499170812604
A_HA_H1	1339	1208	G	1	0	1205	40.0713692946058
A_HA_H1	1340	1196	A	13	0	1186	39.327150084317
A_HA_H1	1341	1208	A	1	0	1207	40.7257663628832
A_HA_H1	1342	1208	A	1	0	1207	41.5990057995029
A_HA_H1	1343	1208	A	1	0	1205	41.3485477178423
A_HA_H1	1344	1208	C	1	0	1206	40.530679933665
A_HA_H1	1345	1196	G	13	0	1181	37.9720575783235
A_HA_H1	1346	1208	A	1	0	1205	36.9842323651452
A_HA_H1	1347	1209	A	0	0	1209	37.1596360628619
A_HA_H1	1348	1208	A	1	0	1204	36.7774086378738
A_HA_H1	1349	1207	G	2	0	1198	36.3931552587646
A_HA_H1	1350	1207	A	2	0	1203	37.9260182876143
A_HA_H1	1351	1209	A	0	0	1208	37.6382450331126
A_HA_H1	1352	1209	C	0	0	1200	36.2691666666667
A_HA_H1	1353	1204	T	5	0	1200	35.2366666666667
A_HA_H1	1354	1208	T	1	0	1208	36.1167218543046
A_HA_H1	1355	1210	T	0	0	1208	35.7822847682119
A_HA_H1	1356	1206	G	4	0	1205	34.4688796680498
A_HA_H1	1357	1209	G	1	0	1204	37.5805647840532
A_HA_H1	1358	1209	A	1	0	1203	39.0947630922693
A_HA_H1	1359	1210	C	0	0	1206	39.0207296849088
A_HA_H1	1360	1210	T	0	0	1210	39.1834710743802
A_HA_H1	1361	1209	A	1	0	1208	39.5397350993377
A_HA_H1	1362	1209	T	1	0	1208	39.5405629139073
A_HA_H1	1363	1209	C	1	0	1208	39.3187086092715
A_HA_H1	1364	1208	A	2	0	1208	40.3799668874172
A_HA_H1	1365	1208	T	2	0	1208	40.8650662251656
A_HA_H1	1366	1209	G	1	0	1205	40.4074688796681
A_HA_H1	1367	1212	A	0	0	1210	40.4702479338843
A_HA_H1	1368	1212	T	0	0	1212	40.8688118811881
A_HA_H1	1369	1212	T	0	0	1212	41.1740924092409
A_HA_H1	1370	1211	C	1	0	1208	41.0985099337748
A_HA_H1	1371	1212	A	0	0	1211	42.1172584640793
A_HA_H1	1372	1212	A	0	0	1208	42.0728476821192
A_HA_H1	1373	1212	A	0	0	1209	42.0521091811414
A_HA_H1	1374	1212	T	0	0	1211	41.7093311312965
A_HA_H1	1375	1211	G	1	0	1209	41.7460711331679
A_HA_H1	1376	1211	T	1	0	1211	42.0371593724195
A_HA_H1	1377	1209	G	3	0	1208	40.6630794701987
A_HA_H1	1378	1212	A	0	0	1207	40.897265948633
A_HA_H1	1379	1212	A	0	0	1210	41.1338842975207
A_HA_H1	1380	1212	G	0	0	1207	40.3446561723281
A_HA_H1	1381	1211	A	1	0	1211	40.4475639966969
A_HA_H1	1382	1211	A	1	0	1210	40.195041322314
A_HA_H1	1383	1210	C	2	0	1208	39.7715231788079
A_HA_H1	1384	1205	T	7	0	1203	40.0739817123857
A_HA_H1	1385	1211	T	1	0	1211	40.5094962840628
A_HA_H1	1386	1211	G	1	0	1203	39.7115544472153
A_HA_H1	1387	1211	T	1	0	1208	39.8352649006623
A_HA_H1	1388	1212	A	0	0	1210	39.5892561983471
A_HA_H1	1389	1213	T	0	0	1213	39.4427040395713
A_HA_H1	1390	1213	G	0	0	1210	37.996694214876
A_HA_H1	1391	1170	A	43	0	1170	38.5803418803419
A_HA_H1	1392	1202	A	11	0	1200	39.1558333333333
A_HA_H1	1393	1208	A	5	0	1206	39.5
A_HA_H1	1394	1208	A	5	0	1205	39.896265560166
A_HA_H1	1395	1207	A	6	0	1199	40.2168473728107
A_HA_H1	1396	1207	G	6	0	1201	39.503746877602
A_HA_H1	1397	1211	T	2	0	1201	39.4612822647793
A_HA_H1	1398	1206	A	7	0	1200	37.5466666666667
A_HA_H1	1399	1210	A	3	0	1205	38.0331950207469
A_HA_H1	1400	1213	G	2	0	1208	38.6945364238411
A_HA_H1	1401	1213	A	2	0	1210	39.3644628099174
A_HA_H1	1402	1213	A	2	0	1213	40.9826875515251
A_HA_H1	1403	1213	A	2	0	1210	41.3090909090909
A_HA_H1	1404	1214	C	2	0	1209	40.7559966914806
A_HA_H1	1405	1214	C	2	0	1201	40.7493755203997
A_HA_H1	1406	1215	A	1	0	1213	40.7741137675185
A_HA_H1	1407	1216	G	2	0	1210	39.7917355371901
A_HA_H1	1408	1217	T	1	0	1215	39.7094650205761
A_HA_H1	1409	1219	T	0	0	1217	39.354149548069
A_HA_H1	1410	1203	A	17	0	1200	37.9275
A_HA_H1	1411	1219	A	1	0	1219	38.4134536505332
A_HA_H1	1412	1220	A	0	0	1220	40.2434426229508
A_HA_H1	1413	1220	A	0	0	1217	41.607230895645
A_HA_H1	1414	1220	A	0	0	1218	43.8891625615764
A_HA_H1	1415	1220	A	0	0	1219	43.3584905660377
A_HA_H1	1416	1220	C	0	0	1219	42.6685808039377
A_HA_H1	1417	1219	A	1	0	1219	41.9991796554553
A_HA_H1	1418	1219	A	1	0	1218	41.6986863711002
A_HA_H1	1419	1218	T	2	0	1218	42.1313628899836
A_HA_H1	1420	1220	G	1	0	1219	40.7735849056604
A_HA_H1	1421	1218	C	3	0	1217	40.6162695152013
A_HA_H1	1422	1221	T	0	0	1219	40.8638228055783
A_HA_H1	1423	1216	A	5	0	1212	39.7772277227723
A_HA_H1	1424	1219	A	2	0	1218	39.7060755336617
A_HA_H1	1425	1220	G	2	0	1219	39.9630844954881
A_HA_H1	1426	1221	G	1	0	1221	41.0548730548731
A_HA_H1	1427	1222	A	1	0	1221	41.1490581490581
A_HA_H1	1428	1223	A	0	0	1222	41.847790507365
A_HA_H1	1429	1222	G	1	0	1220	41.1483606557377
A_HA_H1	1430	1221	T	2	0	1220	41.2754098360656
A_HA_H1	1431	1223	T	0	0	1219	40.9917965545529
A_HA_H1	1432	1220	G	3	0	1216	40.5074013157895
A_HA_H1	1433	1223	G	0	0	1219	40.0262510254307
A_HA_H1	1434	1222	A	1	0	1220	39.9918032786885
A_HA_H1	1435	1221	A	2	0	1221	40.7780507780508
A_HA_H1	1436	1221	A	2	0	1220	41.3688524590164
A_HA_H1	1437	1217	C	4	0	1208	40.1473509933775
A_HA_H1	1438	1218	G	3	0	1194	38.2093802345059
A_HA_H1	1439	1219	G	2	0	1215	38.3818930041152
A_HA_H1	1440	1218	C	3	0	1214	36.838550247117
A_HA_H1	1441	1218	T	3	0	1215	36.9415637860082
A_HA_H1	1442	1212	G	9	0	1199	37.7164303586322
A_HA_H1	1443	1215	C	6	0	1211	38.1379025598679
A_HA_H1	1444	1203	T	18	0	1201	37.458784346378
A_HA_H1	1445	1217	T	4	0	1216	37.4440789473684
A_HA_H1	1446	1218	T	3	0	1211	36.3418662262593
A_HA_H1	1447	1218	G	3	0	1213	33.1277823577906
A_HA_H1	1448	1218	A	3	0	1216	35.9958881578947
A_HA_H1	1449	1219	A	2	0	1218	37.311986863711
A_HA_H1	1450	1217	T	4	0	1211	37.1767134599505
A_HA_H1	1451	1219	T	2	0	1213	38.8425391591096
A_HA_H1	1452	1221	T	0	0	1217	40.9219391947412
A_HA_H1	1453	1221	T	0	0	1217	39.6918652423993
A_HA_H1	1454	1215	A	6	0	1212	37.5305280528053
A_HA_H1	1455	1214	C	7	0	1212	38.4067656765677
A_HA_H1	1456	1216	C	5	0	1209	37.8238213399504
A_HA_H1	1457	1217	A	4	0	1214	37.3607907742998
A_HA_H1	1458	1217	C	4	0	1216	37.3585526315789
A_HA_H1	1459	1217	A	4	0	1214	37.6046128500824
A_HA_H1	1460	1224	A	1	0	1224	38.1462418300654
A_HA_H1	1461	1224	A	1	0	1221	39.034398034398
A_HA_H1	1462	1225	T	0	0	1220	39.3426229508197
A_HA_H1	1463	1222	G	3	0	1219	39.7817883511075
A_HA_H1	1464	1222	C	3	0	1215	38.6584362139918
A_HA_H1	1465	1224	G	1	0	1216	37.2902960526316
A_HA_H1	1466	1223	A	2	0	1219	37.3215750615258
A_HA_H1	1467	1223	C	2	0	1222	37.1235679214403
A_HA_H1	1468	1224	A	1	0	1223	37.1013900245298
A_HA_H1	1469	1224	A	1	0	1223	38.233033524121
A_HA_H1	1470	1225	C	0	0	1223	39.8904333605887
A_HA_H1	1471	1224	A	1	0	1217	39.1446179129006
A_HA_H1	1472	1222	C	3	0	1222	39.7929623567921
A_HA_H1	1473	1222	A	3	0	1221	39.7886977886978
A_HA_H1	1474	1221	T	4	0	1221	40.022113022113
A_HA_H1	1475	1222	G	3	0	1216	39.4161184210526
A_HA_H1	1476	1224	C	1	0	1222	39.9067103109656
A_HA_H1	1477	1223	A	2	0	1220	39.7762295081967
A_HA_H1	1478	1223	T	2	0	1222	39.936170212766
A_HA_H1	1479	1223	G	2	0	1221	39.1646191646192
A_HA_H1	1480	1225	G	0	0	1221	39.6568386568387
A_HA_H1	1481	1225	A	0	0	1222	39.7602291325696
A_HA_H1	1482	1224	A	1	0	1223	40.3344235486509
A_HA_H1	1483	1224	A	1	0	1223	41.7424366312347
A_HA_H1	1484	1224	G	1	0	1219	41.1460213289582
A_HA_H1	1485	1223	T	2	0	1223	40.8667211774325
A_HA_H1	1486	1225	G	0	0	1222	40.5073649754501
A_HA_H1	1487	1224	T	1	0	1224	40.3243464052288
A_HA_H1	1488	1221	C	4	0	1214	38.5617792421746
A_HA_H1	1489	1223	A	2	0	1218	39.2610837438424
A_HA_H1	1490	1225	A	0	0	1224	39.2434640522876
A_HA_H1	1491	1223	G	2	0	1217	39.544782251438
A_HA_H1	1492	1223	A	2	0	1220	39.4426229508197
A_HA_H1	1493	1222	A	3	0	1222	39.5736497545008
A_HA_H1	1494	1222	T	3	0	1219	39.6694011484824
A_HA_H1	1495	1220	G	5	0	1214	38.2841845140033
A_HA_H1	1496	1224	G	1	0	1223	39.2485690923957
A_HA_H1	1497	1224	G	1	0	1212	38.9158415841584
A_HA_H1	1498	1225	A	1	0	1225	39.1355102040816
A_HA_H1	1499	1225	C	1	0	1214	38.3879736408567
A_HA_H1	1500	1219	T	7	0	1211	38.1015689512799
A_HA_H1	1501	1224	T	2	0	1218	38.0221674876847
A_HA_H1	1502	1225	A	1	0	1222	38.7806873977087
A_HA_H1	1503	1224	T	2	0	1220	39.533606557377
A_HA_H1	1504	1223	G	3	0	1215	39.8082304526749
A_HA_H1	1505	1219	A	7	0	1215	40.0041152263374
A_HA_H1	1506	1219	C	7	0	1210	39.0727272727273
A_HA_H1	1507	1220	T	6	0	1214	39.1943986820428
A_HA_H1	1508	1220	A	6	0	1216	37.5978618421053
A_HA_H1	1509	1221	C	5	0	1219	37.8301886792453
A_HA_H1	1510	1225	C	1	0	1224	37.062908496732
A_HA_H1	1511	1226	C	0	0	1220	36.4450819672131
A_HA_H1	1512	1221	A	5	0	1217	34.4856203779786
A_HA_H1	1513	1226	A	0	0	1224	37.2418300653595
A_HA_H1	1514	1226	A	0	0	1225	38.6595918367347
A_HA_H1	1515	1224	A	2	0	1218	39.3259441707718
A_HA_H1	1516	1223	T	3	0	1219	39.7957342083675
A_HA_H1	1517	1220	A	6	0	1212	39.3976897689769
A_HA_H1	1518	1220	C	6	0	1214	38.6573311367381
A_HA_H1	1519	1224	T	2	0	1216	38.7697368421053
A_HA_H1	1520	1218	C	8	0	1209	36.9942100909843
A_HA_H1	1521	1217	A	9	0	1214	36.6976935749588
A_HA_H1	1522	1217	G	9	0	1214	36.7693574958814
A_HA_H1	1523	1224	A	2	0	1224	38.3790849673203
A_HA_H1	1524	1226	G	0	0	1223	38.3982011447261
A_HA_H1	1525	1226	G	0	0	1224	38.5285947712418
A_HA_H1	1526	1225	A	1	0	1224	38.8235294117647
A_HA_H1	1527	1226	A	1	0	1224	38.8161764705882
A_HA_H1	1528	1225	G	2	0	1224	38.4101307189542
A_HA_H1	1529	1223	C	4	0	1217	38.1881676253081
A_HA_H1	1530	1221	A	6	0	1216	37.3042763157895
A_HA_H1	1531	1226	A	1	0	1226	37.8531810766721
A_HA_H1	1532	1225	A	2	0	1221	38.5814905814906
A_HA_H1	1533	1226	G	1	0	1215	39.2888888888889
A_HA_H1	1534	1226	T	1	0	1221	39.6453726453726
A_HA_H1	1535	1226	T	1	0	1219	40.1304347826087
A_HA_H1	1536	1214	A	13	0	1210	39.1404958677686
A_HA_H1	1537	1224	A	3	0	1219	38.8531583264971
A_HA_H1	1538	1224	A	3	0	1222	39.3707037643208
A_HA_H1	1539	1222	C	5	0	1219	38.929450369155
A_HA_H1	1540	1213	A	14	0	1213	38.080791426216
A_HA_H1	1541	1211	G	16	0	1206	36.9179104477612
A_HA_H1	1542	1224	A	3	0	1218	36.3456486042693
A_HA_H1	1543	1223	G	4	0	1219	35.8556193601313
A_HA_H1	1544	1196	A	31	0	1194	35.6758793969849
A_HA_H1	1545	1223	A	4	0	1221	36.013923013923
A_HA_H1	1546	1223	A	4	0	1222	37.3404255319149
A_HA_H1	1547	1224	A	3	0	1222	38.6972176759411
A_HA_H1	1548	1224	A	3	0	1221	40.7813267813268
A_HA_H1	1549	1221	A	6	0	1215	40.4683127572016
A_HA_H1	1550	1220	T	7	0	1219	39.6784249384742
A_HA_H1	1551	1222	A	5	0	1218	37.4220032840722
A_HA_H1	1552	1220	G	6	0	1217	37.5866885784717
A_HA_H1	1553	1224	A	2	0	1222	37.5286415711948
A_HA_H1	1554	1225	T	2	0	1224	37.5367647058824
A_HA_H1	1555	1225	G	2	0	1224	37.2214052287582
A_HA_H1	1556	1227	G	0	0	1226	37.9551386623165
A_HA_H1	1557	1227	A	0	0	1221	38.5855855855856
A_HA_H1	1558	1226	G	1	0	1219	38.4503691550451
A_HA_H1	1559	1225	T	2	0	1222	38.4918166939444
A_HA_H1	1560	1225	A	2	0	1223	37.6214227309894
A_HA_H1	1561	1228	A	0	0	1227	37.9894050529747
A_HA_H1	1562	1228	A	0	0	1223	38.0874897792314
A_HA_H1	1563	1228	G	0	0	1226	38.1680261011419
A_HA_H1	1564	1226	C	2	0	1222	38.3715220949263
A_HA_H1	1565	1226	T	2	0	1226	39.3181076672104
A_HA_H1	1566	1224	G	4	0	1221	38.2129402129402
A_HA_H1	1567	1227	G	1	0	1225	38.0375510204082
A_HA_H1	1568	1229	A	0	0	1227	38.0529747351263
A_HA_H1	1569	1229	C	0	0	1222	38.7765957446809
A_HA_H1	1570	1221	T	8	0	1216	38.6546052631579
A_HA_H1	1571	1218	C	11	0	1203	38.8886118038238
A_HA_H1	1572	1222	A	7	0	1219	39.0319934372436
A_HA_H1	1573	1227	A	2	0	1221	39.3710073710074
A_HA_H1	1574	1227	C	2	0	1216	39.7401315789474
A_HA_H1	1575	1225	A	4	0	1224	39.1437908496732
A_HA_H1	1576	1226	A	3	0	1224	38.6960784313725
A_HA_H1	1577	1226	G	3	0	1223	38.7179067865904
A_HA_H1	1578	1229	G	0	0	1224	38.0408496732026
A_HA_H1	1579	1228	A	1	0	1227	37.5794621026895
A_HA_H1	1580	1228	C	1	0	1226	36.9380097879282
A_HA_H1	1581	1229	T	0	0	1224	36.5653594771242
A_HA_H1	1582	1229	T	0	0	1225	37.1477551020408
A_HA_H1	1583	1228	A	1	0	1223	35.7506132461161
A_HA_H1	1584	1224	C	5	0	1223	36.4358135731807
A_HA_H1	1585	1227	C	3	0	1224	36.9232026143791
A_HA_H1	1586	1225	A	5	0	1219	36.3995077932732
A_HA_H1	1587	1221	G	9	0	1213	35.6892003297609
A_HA_H1	1588	1228	A	2	0	1223	35.2583810302535
A_HA_H1	1589	1226	T	4	0	1222	35.171031096563
A_HA_H1	1590	1229	C	1	0	1222	34.7700490998363
A_HA_H1	1591	1229	C	1	0	1226	34.7357259380098
A_HA_H1	1592	1228	T	2	0	1225	34.9787755102041
A_HA_H1	1593	1224	G	6	0	1222	34.6923076923077
A_HA_H1	1594	1229	G	1	0	1228	35.8851791530945
A_HA_H1	1595	1226	C	4	0	1219	36.6021328958162
A_HA_H1	1596	1227	A	3	0	1226	36.4845024469821
A_HA_H1	1597	1230	A	0	0	1228	37.2768729641694
A_HA_H1	1598	1230	T	0	0	1226	38.2218597063622
A_HA_H1	1599	1230	C	0	0	1211	35.3724194880264
A_HA_H1	1600	1230	T	0	0	1225	35.4179591836735
A_HA_H1	1601	1230	A	0	0	1227	35.0945395273024
A_HA_H1	1602	1228	T	2	0	1224	35.1576797385621
A_HA_H1	1603	1230	T	0	0	1224	34.8946078431373
A_HA_H1	1604	1229	C	0	0	1217	35.7518488085456
A_HA_H1	1605	1228	A	1	0	1225	36.1787755102041
A_HA_H1	1606	1229	A	0	0	1229	36.8559804719284
A_HA_H1	1607	1228	C	1	0	1227	37.9755501222494
A_HA_H1	1608	1229	T	0	0	1227	39.0089649551752
A_HA_H1	1609	1228	G	1	0	1228	39.3460912052117
A_HA_H1	1610	1226	T	3	0	1223	39.7865903515944
A_HA_H1	1611	1227	T	2	0	1224	40.3227124183007
A_HA_H1	1612	1218	G	11	0	1214	38.8088962108731
A_HA_H1	1613	1224	C	5	0	1222	38.1563011456628
A_HA_H1	1614	1226	C	2	0	1220	37.3598360655738
A_HA_H1	1615	1226	A	2	0	1223	36.6892886345053
A_HA_H1	1616	1226	G	1	0	1222	36.3821603927987
A_HA_H1	1617	1225	T	2	0	1225	37.0130612244898
A_HA_H1	1618	1225	T	2	0	1223	36.5600981193786
A_HA_H1	1619	1224	C	1	0	1221	35.8845208845209
A_HA_H1	1620	1225	A	0	0	1221	35.4823914823915
A_HA_H1	1621	1224	T	1	0	1222	35.6882160392799
A_HA_H1	1622	1222	T	1	0	1220	35.8762295081967
A_HA_H1	1623	1151	G	8	0	1149	34.3742384682332
A_HA_H1	1624	1156	G	2	0	1153	35.1075455333912
A_HA_H1	1625	1158	T	0	0	1154	37.5684575389948
A_HA_H1	1626	1157	G	1	0	1152	38.1206597222222
A_HA_H1	1627	1157	C	1	0	1149	37.9991296779809
A_HA_H1	1628	1156	T	2	0	1152	37.9800347222222
A_HA_H1	1629	1157	G	1	0	1153	38.0208152645273
A_HA_H1	1630	1150	G	8	0	1150	37.7313043478261
A_HA_H1	1631	1136	T	22	0	1121	37.1293487957181
A_HA_H1	1632	1143	A	15	0	1135	36.4925110132159
A_HA_H1	1633	1153	G	5	0	1120	35.7598214285714
A_HA_H1	1634	1144	T	14	0	1115	35.5210762331839
A_HA_H1	1635	1150	C	9	0	1138	34.8664323374341
A_HA_H1	1636	1156	T	3	0	1135	35.4766519823789
A_HA_H1	1637	1125	C	34	0	1096	35.6240875912409
A_HA_H1	1638	1157	C	2	0	1156	36.7378892733564
A_HA_H1	1639	1147	C	12	0	1144	37.3277972027972
A_HA_H1	1640	1145	T	14	0	1141	37.5828220858896
A_HA_H1	1641	1055	G	104	0	1045	38.4813397129187
A_HA_H1	1642	1153	G	6	0	1152	39.6796875
A_HA_H1	1643	1151	G	8	0	1151	39.3301476976542
A_HA_H1	1644	1153	G	6	0	1151	40.0139009556907
A_HA_H1	1645	1153	G	6	0	1153	40.8143972246314
A_HA_H1	1646	1153	C	6	0	1152	40.0746527777778
A_HA_H1	1647	1156	A	3	0	1154	39.8110918544194
A_HA_H1	1648	1157	A	2	0	1156	40.666955017301
A_HA_H1	1649	1157	T	2	0	1154	41.2391681109185
A_HA_H1	1650	1157	C	2	0	1153	40.0234171725932
A_HA_H1	1651	1157	A	2	0	1153	39.9054640069384
A_HA_H1	1652	1158	G	1	0	1158	40.0362694300518
A_HA_H1	1653	1158	C	1	0	1156	40.3892733564014
A_HA_H1	1654	1158	T	1	0	1155	40.4580086580087
A_HA_H1	1655	1160	T	0	0	1156	41.2603806228374
A_HA_H1	1656	1160	C	0	0	1155	41.0294372294372
A_HA_H1	1657	1160	T	0	0	1156	41.3745674740484
A_HA_H1	1658	1159	G	1	0	1154	40.6265164644714
A_HA_H1	1659	1160	G	0	0	1152	40.2543402777778
A_HA_H1	1660	1160	A	0	0	1158	40.1787564766839
A_HA_H1	1661	1158	T	2	0	1154	41.0207972270364
A_HA_H1	1662	1157	G	3	0	1154	40.6932409012132
A_HA_H1	1663	1157	T	3	0	1150	41.2660869565217
A_HA_H1	1664	1156	G	4	0	1153	40.7085862966175
A_HA_H1	1665	1158	C	2	0	1153	39.4570685169124
A_HA_H1	1666	1160	T	0	0	1154	39.5849220103986
A_HA_H1	1667	1158	C	2	0	1152	38.3628472222222
A_HA_H1	1668	1158	C	2	0	1153	38.2333044232437
A_HA_H1	1669	1152	A	2	0	1145	37.9764192139738
A_HA_H1	1670	1152	A	0	0	1151	39.2771503040834
A_HA_H1	1671	1152	T	0	0	1149	39.5778938207137
A_HA_H1	1672	1148	G	4	0	1144	39.5384615384615
A_HA_H1	1673	1151	G	1	0	1149	39.6405570060923
A_HA_H1	1674	1150	G	2	0	1143	39.090113735783
A_HA_H1	1675	1124	T	28	0	1121	38.9188224799286
A_HA_H1	1676	1134	C	18	0	1124	38.8247330960854
A_HA_H1	1677	1150	T	2	0	1144	38.5568181818182
A_HA_H1	1678	1132	C	20	0	1125	38.3866666666667
A_HA_H1	1679	1148	T	4	0	1140	38.309649122807
A_HA_H1	1680	1151	A	1	0	1147	36.3530950305144
A_HA_H1	1681	1152	C	0	0	1151	36.4413553431798
A_HA_H1	1682	1152	A	0	0	1151	35.3840139009557
A_HA_H1	1683	1149	G	3	0	1149	36.342906875544
A_HA_H1	1684	1148	T	4	0	1148	37.0548780487805
A_HA_H1	1685	1151	G	1	0	1150	37.6304347826087
A_HA_H1	1686	1150	T	2	0	1148	38.2961672473868
A_HA_H1	1687	1150	A	2	0	1147	37.463818657367
A_HA_H1	1688	1151	G	1	0	1148	37.0557491289199
A_HA_H1	1689	1152	A	0	0	1151	37.2206776715899
A_HA_H1	1690	1152	A	0	0	1150	37.644347826087
A_HA_H1	1691	1152	T	0	0	1150	38.7339130434783
A_HA_H1	1692	1149	A	2	0	1149	38.2297650130548
A_HA_H1	1693	1151	T	0	0	1150	39.8330434782609
A_HA_H1	1694	1150	G	0	0	1150	39.535652173913
A_HA_H1	1695	1149	T	0	0	1148	39.1289198606272
A_HA_H1	1696	1146	A	0	0	1146	38.3656195462478
A_HA_H1	1697	1146	T	0	0	1144	36.2744755244755
A_HA_H1	1698	1145	T	0	0	1141	35.2515337423313
A_HA_H1	1699	1143	T	0	0	1143	35.2222222222222
A_HA_H1	1700	1141	A	0	0	1141	34.4005258545136
A_HA_H1	1701	1137	A	0	0	1137	34.5171503957784
