Reference_Name	Position	Coverage Depth	Consensus	Deletions	Ambiguous	Consensus_Count	Consensus_Average_Quality
A_NP	1	68	A	0	0	68	36.0882352941176
A_NP	2	68	T	0	0	68	37.2647058823529
A_NP	3	68	G	0	0	68	35.7205882352941
A_NP	4	68	G	0	0	68	36.3823529411765
A_NP	5	69	C	0	0	69	35.6376811594203
A_NP	6	69	G	0	0	68	34.7941176470588
A_NP	7	69	T	0	0	69	34.9710144927536
A_NP	8	69	C	0	0	68	34.5294117647059
A_NP	9	69	T	0	0	69	34.536231884058
A_NP	10	69	C	0	0	69	33.9565217391304
A_NP	11	69	A	0	0	68	33.7058823529412
A_NP	12	69	A	0	0	69	33.231884057971
A_NP	13	69	G	0	0	69	36.0434782608696
A_NP	14	70	G	0	0	69	36.2753623188406
A_NP	15	70	C	0	0	70	37.3
A_NP	16	70	A	0	0	70	37.2571428571429
A_NP	17	70	C	0	0	70	37.3285714285714
A_NP	18	70	C	0	0	69	37.2753623188406
A_NP	19	71	A	0	0	71	36.2957746478873
A_NP	20	71	A	0	0	71	36.5774647887324
A_NP	21	71	A	0	0	71	37.4788732394366
A_NP	22	71	C	0	0	71	37.056338028169
A_NP	23	71	G	0	0	70	35.1714285714286
A_NP	24	71	A	0	0	71	34.9154929577465
A_NP	25	71	T	0	0	71	34.5633802816901
A_NP	26	71	C	0	0	71	34.6619718309859
A_NP	27	71	A	0	0	71	35.0985915492958
A_NP	28	71	T	0	0	70	36.7
A_NP	29	71	A	0	0	70	36.6285714285714
A_NP	30	71	T	0	0	70	37.2142857142857
A_NP	31	71	G	0	0	71	37.169014084507
A_NP	32	71	A	0	0	71	37.5211267605634
A_NP	33	71	G	0	0	70	38.4857142857143
A_NP	34	71	C	0	0	71	39.8169014084507
A_NP	35	71	A	0	0	71	39.0985915492958
A_NP	36	71	A	0	0	71	39.4084507042254
A_NP	37	71	A	0	0	71	40.7183098591549
A_NP	38	71	T	0	0	71	39.9014084507042
A_NP	39	71	G	0	0	71	37.9718309859155
A_NP	40	71	G	0	0	71	38.3098591549296
A_NP	41	71	A	0	0	71	37.6619718309859
A_NP	42	71	T	0	0	71	37.9859154929577
A_NP	43	71	A	0	0	70	37.7571428571429
A_NP	44	71	C	0	0	71	37.9859154929577
A_NP	45	71	T	0	0	71	37.7183098591549
A_NP	46	71	G	0	0	70	36.3
A_NP	47	71	G	0	0	71	36.6197183098592
A_NP	48	71	T	0	0	70	37.1
A_NP	49	71	G	0	0	70	37.3285714285714
A_NP	50	71	G	0	0	71	36.6901408450704
A_NP	51	71	G	0	0	71	37.6338028169014
A_NP	52	71	G	0	0	70	37.7
A_NP	53	71	A	0	0	70	38.8285714285714
A_NP	54	71	G	0	0	71	37.3521126760563
A_NP	55	71	C	0	0	70	37.0428571428571
A_NP	56	71	G	0	0	65	34.9538461538462
A_NP	57	69	C	2	0	69	32.9710144927536
A_NP	58	70	C	1	0	70	32.4571428571429
A_NP	59	70	A	1	0	70	31.5285714285714
A_NP	60	70	G	1	0	68	31.8235294117647
A_NP	61	71	G	0	0	71	33.5352112676056
A_NP	62	71	A	0	0	71	34.0704225352113
A_NP	63	71	T	0	0	70	33.9
A_NP	64	70	G	1	0	70	34.6857142857143
A_NP	65	71	C	1	0	70	35.5714285714286
A_NP	66	71	C	1	0	70	35.2
A_NP	67	72	A	0	0	71	33.9154929577465
A_NP	68	72	C	0	0	72	32.1388888888889
A_NP	69	72	A	0	0	72	32.2222222222222
A_NP	70	72	G	0	0	72	32.1944444444444
A_NP	71	72	A	0	0	71	32.5070422535211
A_NP	72	72	A	0	0	72	33.4027777777778
A_NP	73	72	A	0	0	72	34.6944444444444
A_NP	74	72	T	0	0	72	35.7083333333333
A_NP	75	72	C	0	0	71	35.3239436619718
A_NP	76	72	A	0	0	71	36.0704225352113
A_NP	77	71	G	1	0	70	37.3428571428571
A_NP	78	72	A	0	0	72	37.5416666666667
A_NP	79	72	G	0	0	72	37.5277777777778
A_NP	80	72	C	0	0	71	38.6197183098592
A_NP	81	72	A	0	0	72	37.4166666666667
A_NP	82	72	T	0	0	72	38.7638888888889
A_NP	83	72	C	0	0	71	36.4084507042254
A_NP	84	71	T	1	0	71	37.4366197183099
A_NP	85	71	G	1	0	70	38.2
A_NP	86	71	T	1	0	71	37.6338028169014
A_NP	87	72	T	0	0	72	38.1527777777778
A_NP	88	72	G	0	0	72	38.1666666666667
A_NP	89	72	G	0	0	72	38.1111111111111
A_NP	90	72	A	0	0	72	38.9861111111111
A_NP	91	72	A	0	0	72	40.7777777777778
A_NP	92	72	G	0	0	72	40.4166666666667
A_NP	93	72	A	0	0	72	39.8611111111111
A_NP	94	72	A	0	0	72	40.3333333333333
A_NP	95	72	T	0	0	72	39.6805555555556
A_NP	96	72	G	0	0	72	39.1388888888889
A_NP	97	72	G	0	0	72	38.9444444444444
A_NP	98	72	T	0	0	72	39.2638888888889
A_NP	99	72	T	0	0	72	39.5277777777778
A_NP	100	72	G	0	0	72	38.5
A_NP	101	73	G	0	0	73	38.3561643835616
A_NP	102	73	T	0	0	73	38.7671232876712
A_NP	103	72	G	1	0	72	39.0833333333333
A_NP	104	73	G	0	0	73	38.8219178082192
A_NP	105	73	A	0	0	73	39.3287671232877
A_NP	106	73	A	0	0	73	38.6986301369863
A_NP	107	73	T	0	0	73	38.7397260273973
A_NP	108	71	C	2	0	69	37.0289855072464
A_NP	109	68	G	5	0	68	36.4852941176471
A_NP	110	73	G	0	0	73	36.9315068493151
A_NP	111	73	G	0	0	72	36.6527777777778
A_NP	112	73	A	0	0	73	35.8767123287671
A_NP	113	73	G	0	0	72	37.4861111111111
A_NP	114	73	A	0	0	73	36.6986301369863
A_NP	115	72	T	1	0	72	36.0555555555556
A_NP	116	73	T	0	0	73	36.5479452054795
A_NP	117	73	C	0	0	71	34.4929577464789
A_NP	118	73	T	0	0	73	34.0547945205479
A_NP	119	73	A	0	0	72	32.4583333333333
A_NP	120	72	C	1	0	70	32.6571428571429
A_NP	121	73	A	0	0	70	32.3714285714286
A_NP	122	73	T	0	0	72	32.3055555555556
A_NP	123	73	C	0	0	73	31.2876712328767
A_NP	124	73	C	0	0	73	30.8630136986301
A_NP	125	73	A	0	0	73	30.1780821917808
A_NP	126	73	A	0	0	73	32.4794520547945
A_NP	127	73	A	0	0	73	31.1369863013699
A_NP	128	73	T	0	0	73	30.8630136986301
A_NP	129	73	G	0	0	73	34.1095890410959
A_NP	130	73	T	0	0	73	37.6986301369863
A_NP	131	73	G	0	0	73	36.7397260273973
A_NP	132	73	C	0	0	72	38.9444444444444
A_NP	133	73	A	0	0	73	38.1369863013699
A_NP	134	73	C	0	0	73	37.7123287671233
A_NP	135	73	T	0	0	73	37.4246575342466
A_NP	136	73	G	0	0	73	37.2465753424658
A_NP	137	73	A	0	0	73	37.7808219178082
A_NP	138	73	A	0	0	73	37.3698630136986
A_NP	139	73	C	0	0	73	40.2328767123288
A_NP	140	73	T	0	0	73	39.4794520547945
A_NP	141	73	A	0	0	73	37.8082191780822
A_NP	142	73	A	0	0	73	38.5753424657534
A_NP	143	73	A	0	0	73	38.1917808219178
A_NP	144	73	A	0	0	73	40.1232876712329
A_NP	145	73	C	0	0	73	40
A_NP	146	73	T	0	0	73	40.3150684931507
A_NP	147	73	C	0	0	72	38.9166666666667
A_NP	148	73	A	0	0	73	38.986301369863
A_NP	149	73	G	0	0	73	39.2602739726027
A_NP	150	73	T	0	0	73	40.5205479452055
A_NP	151	73	G	0	0	73	40.0821917808219
A_NP	152	73	A	0	0	73	40.7123287671233
A_NP	153	73	T	0	0	73	42.2054794520548
A_NP	154	73	T	0	0	73	42.5616438356164
A_NP	155	73	A	0	0	73	41.958904109589
A_NP	156	73	T	0	0	72	42.0972222222222
A_NP	157	73	G	0	0	72	39.3472222222222
A_NP	158	73	A	0	0	72	38.8888888888889
A_NP	159	73	T	0	0	73	38.7397260273973
A_NP	160	73	G	0	0	73	38.4109589041096
A_NP	161	73	G	0	0	73	38.7671232876712
A_NP	162	73	A	0	0	73	40.0684931506849
A_NP	163	73	C	0	0	73	38.2876712328767
A_NP	164	73	G	0	0	72	36.9305555555556
A_NP	165	73	A	0	0	73	36.6301369863014
A_NP	166	73	C	0	0	72	36.2638888888889
A_NP	167	73	T	0	0	72	36.0277777777778
A_NP	168	73	A	0	0	73	37.5068493150685
A_NP	169	73	A	0	0	73	39.3561643835616
A_NP	170	73	T	0	0	73	39.1369863013699
A_NP	171	73	T	0	0	73	39.3835616438356
A_NP	172	73	C	0	0	73	38.6712328767123
A_NP	173	73	A	0	0	73	39.2602739726027
A_NP	174	73	G	0	0	73	38.8493150684931
A_NP	175	74	A	0	0	74	40.0135135135135
A_NP	176	74	A	0	0	74	39.4594594594595
A_NP	177	74	C	0	0	74	39.3513513513514
A_NP	178	74	A	0	0	74	38.6756756756757
A_NP	179	74	G	0	0	74	38.9189189189189
A_NP	180	74	T	0	0	74	40.0135135135135
A_NP	181	74	A	0	0	74	38.9324324324324
A_NP	182	74	T	0	0	74	37.8243243243243
A_NP	183	74	A	0	0	74	38.3378378378378
A_NP	184	74	A	0	0	74	38.2972972972973
A_NP	185	74	C	0	0	74	39.2702702702703
A_NP	186	74	A	0	0	74	39
A_NP	187	74	A	0	0	74	40
A_NP	188	74	T	0	0	74	40.9459459459459
A_NP	189	74	A	0	0	74	38.5810810810811
A_NP	190	74	G	0	0	74	38.4594594594595
A_NP	191	74	A	0	0	74	38.5135135135135
A_NP	192	74	G	0	0	74	38.1621621621622
A_NP	193	74	A	0	0	74	40.3243243243243
A_NP	194	74	G	0	0	74	40.8243243243243
A_NP	195	74	G	0	0	74	41.1351351351351
A_NP	196	74	A	0	0	74	40.9864864864865
A_NP	197	74	T	0	0	74	40.3108108108108
A_NP	198	73	G	0	0	73	40.9315068493151
A_NP	199	73	G	0	0	73	41.8082191780822
A_NP	200	73	T	0	0	73	41.6712328767123
A_NP	201	73	G	0	0	73	42.5753424657534
A_NP	202	73	C	0	0	73	41.5068493150685
A_NP	203	73	T	0	0	73	41.8356164383562
A_NP	204	73	T	0	0	73	40.7397260273973
A_NP	205	73	T	0	0	73	40.4794520547945
A_NP	206	73	C	0	0	73	39.972602739726
A_NP	207	73	T	0	0	73	40.6301369863014
A_NP	208	73	G	0	0	72	40.6666666666667
A_NP	209	73	C	0	0	73	40.0958904109589
A_NP	210	74	T	0	0	74	40.2972972972973
A_NP	211	74	T	0	0	74	39.7972972972973
A_NP	212	74	T	0	0	74	40.9594594594595
A_NP	213	74	T	0	0	74	41.1621621621622
A_NP	214	74	G	0	0	74	39.6216216216216
A_NP	215	74	A	0	0	74	39.7027027027027
A_NP	216	74	T	0	0	74	40.6621621621622
A_NP	217	71	G	3	0	71	35.4507042253521
A_NP	218	71	A	3	0	71	34.8591549295775
A_NP	219	73	G	1	0	73	33.4246575342466
A_NP	220	74	A	0	0	73	32.4657534246575
A_NP	221	74	G	0	0	74	34.7702702702703
A_NP	222	74	A	0	0	74	34.4864864864865
A_NP	223	74	A	0	0	74	38.9459459459459
A_NP	224	74	G	0	0	74	38.4054054054054
A_NP	225	74	A	0	0	74	39.2027027027027
A_NP	226	74	A	0	0	74	40.3378378378378
A_NP	227	74	A	0	0	74	42.5540540540541
A_NP	228	74	T	0	0	74	42.2162162162162
A_NP	229	74	A	0	0	74	41.6756756756757
A_NP	230	74	A	0	0	74	42.3513513513514
A_NP	231	74	A	0	0	74	42.5405405405405
A_NP	232	74	T	0	0	74	42.0405405405405
A_NP	233	74	A	0	0	74	41
A_NP	234	74	C	0	0	74	40.3378378378378
A_NP	235	74	C	0	0	74	39.527027027027
A_NP	236	74	T	0	0	74	40
A_NP	237	74	A	0	0	74	37.2837837837838
A_NP	238	74	G	0	0	74	37.972972972973
A_NP	239	74	A	0	0	74	36.972972972973
A_NP	240	74	A	0	0	74	38.1081081081081
A_NP	241	74	G	0	0	74	38.7972972972973
A_NP	242	74	A	0	0	74	39.2567567567568
A_NP	243	74	G	0	0	74	39.0135135135135
A_NP	244	74	C	0	0	74	38.8513513513514
A_NP	245	74	A	0	0	74	39.1621621621622
A_NP	246	74	T	0	0	74	39.0135135135135
A_NP	247	74	C	0	0	74	38.6081081081081
A_NP	248	74	C	0	0	74	39.9594594594595
A_NP	249	74	A	0	0	74	39.7837837837838
A_NP	250	74	A	0	0	74	40.6351351351351
A_NP	251	74	G	0	0	74	40.9189189189189
A_NP	252	74	T	0	0	74	40.1216216216216
A_NP	253	74	G	0	0	74	39.472972972973
A_NP	254	74	C	0	0	74	37.2162162162162
A_NP	255	74	T	0	0	73	37.6575342465753
A_NP	256	74	G	0	0	74	35.9864864864865
A_NP	257	74	G	0	0	73	35.7260273972603
A_NP	258	74	G	0	0	71	36.0704225352113
A_NP	259	74	A	0	0	74	38.9864864864865
A_NP	260	74	A	0	0	74	41.0810810810811
A_NP	261	74	G	0	0	73	41.3424657534247
A_NP	262	74	G	0	0	73	40.7671232876712
A_NP	263	74	A	0	0	73	40.7534246575342
A_NP	264	74	C	0	0	74	40.2162162162162
A_NP	265	74	C	0	0	74	39.6891891891892
A_NP	266	74	C	0	0	73	39.3972602739726
A_NP	267	74	T	0	0	74	38.472972972973
A_NP	268	74	A	0	0	74	36.2837837837838
A_NP	269	74	A	0	0	74	36.5945945945946
A_NP	270	87	G	0	0	87	35.6436781609195
A_NP	271	89	A	3	0	89	36.6629213483146
A_NP	272	92	A	0	0	92	36.2717391304348
A_NP	273	92	A	0	0	92	37.0760869565217
A_NP	274	92	A	0	0	73	38.1643835616438
A_NP	275	93	C	0	0	93	35.5913978494624
A_NP	276	94	A	0	0	94	37.468085106383
A_NP	277	94	G	0	0	94	37.7872340425532
A_NP	278	95	G	0	0	95	37.5052631578947
A_NP	279	95	A	0	0	95	38.1263157894737
A_NP	280	95	G	0	0	95	37.8947368421053
A_NP	281	95	G	0	0	95	37.4842105263158
A_NP	282	95	A	0	0	95	37.3157894736842
A_NP	283	95	C	0	0	95	37.3263157894737
A_NP	284	95	C	0	0	95	36.7578947368421
A_NP	285	96	C	0	0	96	36.3854166666667
A_NP	286	96	A	0	0	96	34.7395833333333
A_NP	287	96	T	0	0	96	35.4270833333333
A_NP	288	96	C	0	0	96	36.3541666666667
A_NP	289	96	T	0	0	96	37.46875
A_NP	290	96	A	0	0	96	36.5104166666667
A_NP	291	96	T	0	0	96	36.0520833333333
A_NP	292	96	A	0	0	96	36.8020833333333
A_NP	293	96	G	0	0	96	38.0208333333333
A_NP	294	96	A	0	0	96	37.5
A_NP	295	96	A	0	0	95	37.0736842105263
A_NP	296	96	G	0	0	95	37.9789473684211
A_NP	297	96	A	0	0	96	38.5416666666667
A_NP	298	96	A	0	0	96	39.0729166666667
A_NP	299	96	T	0	0	96	40.3020833333333
A_NP	300	96	A	0	0	96	38.6145833333333
A_NP	301	96	G	0	0	96	39.09375
A_NP	302	96	A	0	0	96	38.6979166666667
A_NP	303	96	C	0	0	96	37.7916666666667
A_NP	304	95	G	1	0	94	37.9148936170213
A_NP	305	96	G	0	0	95	36.9157894736842
A_NP	306	94	A	2	0	94	38.0957446808511
A_NP	307	96	A	0	0	96	38.2916666666667
A_NP	308	96	A	0	0	96	40.15625
A_NP	309	96	A	0	0	96	41.21875
A_NP	310	96	T	0	0	96	40.0729166666667
A_NP	311	96	G	0	0	96	39.0208333333333
A_NP	312	96	G	0	0	96	40.2083333333333
A_NP	313	96	A	0	0	96	39.2708333333333
A_NP	314	96	C	0	0	95	38.7578947368421
A_NP	315	95	A	1	0	95	37.8
A_NP	316	95	A	1	0	95	37.8736842105263
A_NP	317	95	G	1	0	95	36.8315789473684
A_NP	318	96	A	0	0	96	36.53125
A_NP	319	96	G	0	0	96	36.6145833333333
A_NP	320	96	A	0	0	96	38.2708333333333
A_NP	321	96	A	0	0	96	36.6875
A_NP	322	96	C	0	0	96	35.8333333333333
A_NP	323	96	T	0	0	96	35.8541666666667
A_NP	324	96	C	0	0	96	37.5104166666667
A_NP	325	96	A	0	0	95	36.5263157894737
A_NP	326	96	T	0	0	96	37.2708333333333
A_NP	327	96	C	0	0	96	38.34375
A_NP	328	96	C	0	0	96	37.8229166666667
A_NP	329	96	T	0	0	96	38.0833333333333
A_NP	330	96	T	0	0	96	38.3958333333333
A_NP	331	96	T	0	0	96	38.7604166666667
A_NP	332	96	A	0	0	96	37.625
A_NP	333	96	T	0	0	95	38.0842105263158
A_NP	334	96	G	0	0	95	37.7157894736842
A_NP	335	96	A	0	0	96	37.9791666666667
A_NP	336	96	C	0	0	96	37.3645833333333
A_NP	337	95	A	1	0	95	37.1578947368421
A_NP	338	94	A	2	0	94	37.1063829787234
A_NP	339	94	A	2	0	94	37.3085106382979
A_NP	340	94	G	2	0	94	37.6170212765957
A_NP	341	96	A	0	0	96	37.40625
A_NP	342	96	A	0	0	96	37.8645833333333
A_NP	343	96	G	0	0	96	38.5208333333333
A_NP	344	96	A	0	0	96	38.59375
A_NP	345	96	A	0	0	96	40.3020833333333
A_NP	346	96	A	0	0	96	40.3125
A_NP	347	96	T	0	0	96	39.8645833333333
A_NP	348	96	A	0	0	96	37.9479166666667
A_NP	349	96	A	0	0	96	37.625
A_NP	350	96	G	0	0	96	37.9479166666667
A_NP	351	96	G	0	0	96	37.2083333333333
A_NP	352	96	A	0	0	96	38.4270833333333
A_NP	353	96	G	0	0	96	38.09375
A_NP	354	95	A	1	0	95	38.1157894736842
A_NP	355	96	G	0	0	96	37.625
A_NP	356	96	T	0	0	95	36.4315789473684
A_NP	357	96	T	0	0	96	37.125
A_NP	358	96	T	0	0	95	37.3684210526316
A_NP	359	96	G	0	0	92	35.6630434782609
A_NP	360	96	G	0	0	95	35.821052631579
A_NP	361	96	C	0	0	94	35.563829787234
A_NP	362	96	G	0	0	95	35.5578947368421
A_NP	363	95	C	1	0	95	35.2842105263158
A_NP	364	95	C	1	0	93	35.2795698924731
A_NP	365	94	A	2	0	92	35.4891304347826
A_NP	366	95	A	1	0	95	34.7052631578947
A_NP	367	96	G	0	0	94	34.9893617021277
A_NP	368	96	C	0	0	94	36.031914893617
A_NP	369	95	A	1	0	95	35.5052631578947
A_NP	370	96	A	0	0	96	37.1145833333333
A_NP	371	96	A	0	0	96	36.7083333333333
A_NP	372	96	C	0	0	96	37.7291666666667
A_NP	373	96	A	0	0	96	35.7708333333333
A_NP	374	96	A	0	0	96	35.65625
A_NP	375	96	T	0	0	96	35.5208333333333
A_NP	376	95	G	1	0	95	34.8947368421053
A_NP	377	96	G	0	0	95	35.3684210526316
A_NP	378	96	C	0	0	96	37.3541666666667
A_NP	379	96	G	0	0	96	36.1145833333333
A_NP	380	95	A	1	0	95	36.4947368421053
A_NP	381	96	A	0	0	95	37.1473684210526
A_NP	382	96	G	0	0	95	36.8842105263158
A_NP	383	96	A	0	0	95	37.8526315789474
A_NP	384	96	T	0	0	96	37.7604166666667
A_NP	385	96	G	0	0	96	38.28125
A_NP	386	95	C	1	0	95	38.7263157894737
A_NP	387	96	A	0	0	94	38.1914893617021
A_NP	388	96	A	0	0	96	38.25
A_NP	389	96	C	0	0	96	38.8229166666667
A_NP	390	96	G	0	0	94	38.5
A_NP	391	97	G	0	0	97	38.298969072165
A_NP	392	97	C	0	0	96	38.9791666666667
A_NP	393	96	A	1	0	96	37.6145833333333
A_NP	394	97	G	0	0	97	38.7319587628866
A_NP	395	97	G	0	0	97	38.9690721649485
A_NP	396	97	T	0	0	97	39.4639175257732
A_NP	397	97	C	0	0	97	39.3814432989691
A_NP	398	96	T	1	0	96	39.7604166666667
A_NP	399	96	T	1	0	96	39.40625
A_NP	400	96	A	1	0	96	38.1770833333333
A_NP	401	97	C	0	0	96	37.6666666666667
A_NP	402	97	C	0	0	97	37.5567010309278
A_NP	403	97	C	0	0	95	38.2526315789474
A_NP	404	97	A	0	0	97	35.2783505154639
A_NP	405	97	T	0	0	97	38.9175257731959
A_NP	406	97	C	0	0	96	38.2708333333333
A_NP	407	97	T	0	0	96	38.4791666666667
A_NP	408	97	C	0	0	97	38.3298969072165
A_NP	409	97	A	0	0	97	38.6185567010309
A_NP	410	97	T	0	0	96	38.9479166666667
A_NP	411	97	G	0	0	96	39.2395833333333
A_NP	412	97	A	0	0	96	39.4791666666667
A_NP	413	95	T	2	0	95	40.2105263157895
A_NP	414	97	T	0	0	97	40.4742268041237
A_NP	415	97	T	0	0	96	40.625
A_NP	416	97	G	0	0	97	42.2783505154639
A_NP	417	97	G	0	0	97	42.0103092783505
A_NP	418	97	C	0	0	96	42.03125
A_NP	419	97	A	0	0	97	41.020618556701
A_NP	420	97	T	0	0	97	41.2268041237113
A_NP	421	97	T	0	0	97	41.1237113402062
A_NP	422	97	C	0	0	97	40.8762886597938
A_NP	423	97	C	0	0	97	41.0824742268041
A_NP	424	97	A	0	0	97	40.6907216494845
A_NP	425	97	A	0	0	97	40.7525773195876
A_NP	426	97	T	0	0	96	41.21875
A_NP	427	96	C	1	0	95	41.9578947368421
A_NP	428	97	T	0	0	97	40.7216494845361
A_NP	429	97	G	0	0	97	40.8865979381443
A_NP	430	97	A	0	0	97	40.9175257731959
A_NP	431	97	A	0	0	97	41.4123711340206
A_NP	432	97	T	0	0	97	41.0927835051546
A_NP	433	97	G	0	0	97	40.6494845360825
A_NP	434	97	A	0	0	97	40.659793814433
A_NP	435	97	T	0	0	97	40.701030927835
A_NP	436	97	G	0	0	97	39.9381443298969
A_NP	437	97	C	0	0	97	39.8247422680412
A_NP	438	97	C	0	0	97	38.6701030927835
A_NP	439	97	A	0	0	96	38.5208333333333
A_NP	440	97	C	0	0	97	38.5876288659794
A_NP	441	97	A	0	0	97	38.2164948453608
A_NP	442	97	T	0	0	97	38.8556701030928
A_NP	443	97	A	0	0	97	38.7319587628866
A_NP	444	97	T	0	0	97	39.0515463917526
A_NP	445	97	C	0	0	97	37.8453608247423
A_NP	446	97	A	0	0	97	38.5463917525773
A_NP	447	96	G	1	0	96	39.1145833333333
A_NP	448	97	A	0	0	97	39.4845360824742
A_NP	449	97	G	0	0	97	39.5051546391753
A_NP	450	97	A	0	0	97	40.6288659793814
A_NP	451	97	A	0	0	97	40.5360824742268
A_NP	452	97	C	0	0	97	40.5257731958763
A_NP	453	97	A	0	0	97	40.1958762886598
A_NP	454	97	A	0	0	97	39.1030927835052
A_NP	455	97	G	0	0	97	39.659793814433
A_NP	456	97	A	0	0	97	40.020618556701
A_NP	457	97	G	0	0	97	39.4948453608247
A_NP	458	97	C	0	0	96	41.4791666666667
A_NP	459	97	A	0	0	97	40.6701030927835
A_NP	460	97	C	0	0	97	40.701030927835
A_NP	461	97	T	0	0	97	40.6082474226804
A_NP	462	99	A	0	0	99	38.6363636363636
A_NP	463	100	G	0	0	100	38.63
A_NP	464	99	T	1	0	99	38.5353535353535
A_NP	465	99	C	1	0	99	37.9090909090909
A_NP	466	100	C	0	0	100	38.06
A_NP	467	100	G	0	0	99	38.030303030303
A_NP	468	100	C	0	0	99	38.5757575757576
A_NP	469	100	A	0	0	99	38.5959595959596
A_NP	470	100	C	0	0	100	38.28
A_NP	471	100	T	0	0	100	39.59
A_NP	472	100	G	0	0	100	39.72
A_NP	473	100	G	0	0	99	38.3636363636364
A_NP	474	100	A	0	0	100	39.58
A_NP	475	100	A	0	0	100	39.12
A_NP	476	100	T	0	0	100	38.99
A_NP	477	100	G	0	0	97	38.6082474226804
A_NP	478	100	G	0	0	99	37.3232323232323
A_NP	479	99	A	1	0	99	37.6565656565657
A_NP	480	100	T	0	0	100	36.67
A_NP	481	100	C	0	0	96	35.21875
A_NP	482	100	C	0	0	99	35.7373737373737
A_NP	483	100	C	0	0	100	35.32
A_NP	484	99	A	1	0	99	34.3030303030303
A_NP	485	99	G	1	0	99	35.5050505050505
A_NP	486	98	A	2	0	98	38.0918367346939
A_NP	487	99	A	1	0	99	38.4949494949495
A_NP	488	99	T	1	0	97	39.3298969072165
A_NP	489	99	G	1	0	99	38.6363636363636
A_NP	490	100	T	0	0	100	38.93
A_NP	491	100	G	0	0	100	39.08
A_NP	492	100	C	0	0	100	39
A_NP	493	99	T	1	0	99	38.8585858585859
A_NP	494	99	C	1	0	99	38.4040404040404
A_NP	495	99	T	1	0	99	38.5959595959596
A_NP	496	99	C	1	0	99	37
A_NP	497	99	T	1	0	97	37.1443298969072
A_NP	498	99	A	1	0	98	36.2959183673469
A_NP	499	99	A	1	0	99	36.5454545454545
A_NP	500	99	T	1	0	99	35.9393939393939
A_NP	501	99	G	1	0	99	35.3232323232323
A_NP	502	99	C	1	0	98	35.9183673469388
A_NP	503	99	A	1	0	99	35.3030303030303
A_NP	504	99	A	1	0	98	35.9489795918367
A_NP	505	99	G	1	0	98	35.9387755102041
A_NP	506	99	G	1	0	99	36.020202020202
A_NP	507	99	T	1	0	98	36.1020408163265
A_NP	508	98	T	2	0	98	36.3367346938776
A_NP	509	98	C	2	0	97	37.9175257731959
A_NP	510	98	A	2	0	97	38.1030927835052
A_NP	511	97	A	3	0	97	38.3092783505155
A_NP	512	98	C	2	0	97	39.1030927835052
A_NP	513	99	A	1	0	98	38.9591836734694
A_NP	514	100	C	0	0	99	38.1212121212121
A_NP	515	100	T	0	0	99	38.6565656565657
A_NP	516	100	T	0	0	99	37.5050505050505
A_NP	517	94	C	6	0	93	36.7204301075269
A_NP	518	99	C	1	0	99	36.6666666666667
A_NP	519	99	C	1	0	99	36.1515151515151
A_NP	520	99	A	1	0	99	33.020202020202
A_NP	521	98	G	2	0	98	34.469387755102
A_NP	522	98	G	2	0	98	39.5
A_NP	523	98	A	2	0	98	38.8775510204082
A_NP	524	98	G	2	0	97	38.6701030927835
A_NP	525	98	G	2	0	97	37.5567010309278
A_NP	526	98	T	2	0	98	37.5102040816327
A_NP	527	97	C	3	0	95	37.5684210526316
A_NP	528	99	T	1	0	99	37.2727272727273
A_NP	529	99	G	1	0	97	37.7628865979381
A_NP	530	99	G	1	0	98	37.8163265306122
A_NP	531	99	T	1	0	95	38.8105263157895
A_NP	532	98	G	2	0	95	38.9052631578947
A_NP	533	98	C	2	0	98	39.1632653061224
A_NP	534	99	C	1	0	99	37.9090909090909
A_NP	535	99	G	1	0	99	37.5050505050505
A_NP	536	99	C	1	0	98	36.4081632653061
A_NP	537	99	A	1	0	99	35.7878787878788
A_NP	538	99	G	1	0	99	36.5151515151515
A_NP	539	99	G	1	0	99	37.6060606060606
A_NP	540	99	T	1	0	99	39.3232323232323
A_NP	541	100	G	0	0	100	39.7
A_NP	542	100	C	0	0	100	39.87
A_NP	543	100	T	0	0	100	40.32
A_NP	544	100	G	0	0	100	39.12
A_NP	545	100	C	0	0	100	39.66
A_NP	546	100	A	0	0	100	38.57
A_NP	547	100	G	0	0	99	38.5959595959596
A_NP	548	100	T	0	0	100	39.04
A_NP	549	100	A	0	0	99	38.0707070707071
A_NP	550	100	A	0	0	99	37.979797979798
A_NP	551	100	A	0	0	100	38.17
A_NP	552	100	A	0	0	100	37.4
A_NP	553	100	G	0	0	100	38.16
A_NP	554	99	G	1	0	99	38.8181818181818
A_NP	555	99	A	1	0	99	40.3232323232323
A_NP	556	100	A	0	0	100	40.27
A_NP	557	100	T	0	0	100	40.3
A_NP	558	100	T	0	0	100	40.59
A_NP	559	100	G	0	0	99	40.3838383838384
A_NP	560	100	G	0	0	100	39.75
A_NP	561	100	A	0	0	100	39.86
A_NP	562	98	A	2	0	98	40.9489795918367
A_NP	563	98	C	2	0	98	40.0204081632653
A_NP	564	98	A	2	0	98	39.6632653061224
A_NP	565	98	A	2	0	98	39.5
A_NP	566	98	T	2	0	98	39.1326530612245
A_NP	567	99	A	1	0	98	37.3877551020408
A_NP	568	99	G	1	0	98	37.7244897959184
A_NP	569	99	C	1	0	99	38.9292929292929
A_NP	570	99	T	1	0	99	38.7777777777778
A_NP	571	99	A	1	0	99	38.5757575757576
A_NP	572	99	T	1	0	99	39.4545454545455
A_NP	573	99	G	1	0	99	40.6565656565657
A_NP	574	100	G	0	0	100	39.73
A_NP	575	100	A	0	0	100	39.7
A_NP	576	100	A	0	0	99	39.6565656565657
A_NP	577	100	T	0	0	100	39.3
A_NP	578	99	T	1	0	99	39.6565656565657
A_NP	579	99	A	1	0	99	39.959595959596
A_NP	580	100	A	0	0	100	40.61
A_NP	581	100	T	0	0	100	42.18
A_NP	582	100	C	0	0	100	41.78
A_NP	583	99	A	1	0	99	42.2424242424242
A_NP	584	99	G	1	0	99	41.7272727272727
A_NP	585	99	A	1	0	99	40.969696969697
A_NP	586	99	A	1	0	99	39.969696969697
A_NP	587	99	T	1	0	98	39.8775510204082
A_NP	588	99	G	1	0	98	39.5918367346939
A_NP	589	99	A	1	0	99	39.5151515151515
A_NP	590	99	T	1	0	99	40.4949494949495
A_NP	591	98	A	2	0	98	39.9795918367347
A_NP	592	99	A	1	0	99	40.010101010101
A_NP	593	99	A	1	0	99	40.1616161616162
A_NP	594	99	A	1	0	99	40.6969696969697
A_NP	595	99	C	1	0	99	40.2020202020202
A_NP	596	99	G	1	0	99	40.0909090909091
A_NP	597	99	T	1	0	98	38.2857142857143
A_NP	598	99	G	1	0	99	39.3131313131313
A_NP	599	99	G	1	0	99	38.8989898989899
A_NP	600	99	A	1	0	99	40
A_NP	601	99	A	1	0	99	40.7575757575758
A_NP	602	99	T	1	0	99	41.2323232323232
A_NP	603	99	C	1	0	98	40.3061224489796
A_NP	604	99	A	1	0	99	40.5454545454545
A_NP	605	99	A	1	0	99	40.3838383838384
A_NP	606	99	T	1	0	99	40.0909090909091
A_NP	607	99	G	1	0	99	40.2626262626263
A_NP	608	99	A	1	0	99	40.2323232323232
A_NP	609	99	C	1	0	98	41.9387755102041
A_NP	610	99	C	1	0	99	40.9292929292929
A_NP	611	101	G	1	0	101	40.6831683168317
A_NP	612	102	A	0	0	102	40.2745098039216
A_NP	613	102	A	0	0	102	40.7450980392157
A_NP	614	102	A	0	0	101	41.2475247524753
A_NP	615	102	T	0	0	102	41.7352941176471
A_NP	616	102	T	0	0	102	42.5294117647059
A_NP	617	102	T	0	0	102	42.3333333333333
A_NP	618	102	C	0	0	102	42.1764705882353
A_NP	619	102	T	0	0	101	42.1287128712871
A_NP	620	102	G	0	0	101	42.1188118811881
A_NP	621	102	G	0	0	101	42.7722772277228
A_NP	622	103	A	0	0	103	40.8834951456311
A_NP	623	103	G	0	0	101	41.019801980198
A_NP	624	103	G	0	0	103	40.7864077669903
A_NP	625	103	G	0	0	103	41.4854368932039
A_NP	626	102	G	1	0	102	40.1764705882353
A_NP	627	102	T	1	0	102	39.921568627451
A_NP	628	101	G	2	0	101	38.970297029703
A_NP	629	101	A	2	0	101	38.5940594059406
A_NP	630	101	A	2	0	101	39.6138613861386
A_NP	631	102	A	1	0	101	39.5841584158416
A_NP	632	102	A	1	0	100	41.55
A_NP	633	102	T	1	0	102	41.5294117647059
A_NP	634	102	G	1	0	102	39.9019607843137
A_NP	635	102	G	1	0	102	39.3921568627451
A_NP	636	102	A	1	0	102	38.8529411764706
A_NP	637	102	C	1	0	101	37.1485148514851
A_NP	638	102	G	1	0	102	34.4705882352941
A_NP	639	102	A	1	0	102	34.078431372549
A_NP	640	102	A	1	0	102	34.1960784313725
A_NP	641	102	G	1	0	102	35.4803921568627
A_NP	642	102	G	1	0	102	36.9411764705882
A_NP	643	102	A	1	0	102	38.3235294117647
A_NP	644	102	C	1	0	102	39.3627450980392
A_NP	645	102	A	1	0	102	37.5490196078431
A_NP	646	102	A	1	0	102	36.9411764705882
A_NP	647	102	G	1	0	101	36.4257425742574
A_NP	648	102	A	1	0	102	36.7745098039216
A_NP	649	102	A	1	0	102	38.1176470588235
A_NP	650	102	T	1	0	102	39.078431372549
A_NP	651	102	T	1	0	102	38.3529411764706
A_NP	652	102	G	1	0	102	37.7941176470588
A_NP	653	102	C	1	0	102	37.3725490196078
A_NP	654	102	T	1	0	101	37.7425742574257
A_NP	655	102	T	1	0	102	36.8235294117647
A_NP	656	102	A	1	0	102	36.343137254902
A_NP	657	102	T	1	0	102	37.3823529411765
A_NP	658	103	G	0	0	102	36.3823529411765
A_NP	659	102	A	1	0	101	37.009900990099
A_NP	660	102	A	1	0	102	37.7450980392157
A_NP	661	102	A	1	0	101	39.6831683168317
A_NP	662	103	G	0	0	103	38.8252427184466
A_NP	663	103	A	0	0	102	40.8921568627451
A_NP	664	103	A	0	0	103	40.6893203883495
A_NP	665	103	T	0	0	102	40.5
A_NP	666	103	G	0	0	103	39.9514563106796
A_NP	667	102	T	1	0	102	40.2745098039216
A_NP	668	102	G	1	0	102	41.0098039215686
A_NP	669	101	C	2	0	101	40.4455445544554
A_NP	670	101	A	2	0	100	39.7
A_NP	671	102	A	1	0	101	40.6534653465347
A_NP	672	102	T	1	0	100	40.66
A_NP	673	102	A	1	0	101	39.7326732673267
A_NP	674	102	T	1	0	101	40.1386138613861
A_NP	675	101	C	2	0	101	39.7128712871287
A_NP	676	103	C	0	0	103	39.3300970873786
A_NP	677	103	T	0	0	102	39.6470588235294
A_NP	678	103	C	0	0	102	37.4019607843137
A_NP	679	102	A	1	0	100	37.1
A_NP	680	103	A	0	0	102	38.2352941176471
A_NP	681	103	A	0	0	103	38.3883495145631
A_NP	682	103	G	0	0	103	38.8543689320388
A_NP	683	103	G	0	0	103	39.7281553398058
A_NP	684	102	A	1	0	102	39.7549019607843
A_NP	685	103	A	0	0	102	39.8921568627451
A_NP	686	103	A	0	0	103	40.5339805825243
A_NP	687	103	A	0	0	102	40.3529411764706
A_NP	688	103	T	0	0	101	41.2475247524753
A_NP	689	103	T	0	0	103	41.5631067961165
A_NP	690	103	T	0	0	103	41.1844660194175
A_NP	691	103	C	0	0	102	39.2352941176471
A_NP	692	103	A	0	0	102	39.5294117647059
A_NP	693	103	A	0	0	102	40.3235294117647
A_NP	694	103	A	0	0	103	39.8834951456311
A_NP	695	103	C	0	0	103	38.9126213592233
A_NP	696	103	A	0	0	103	38.8155339805825
A_NP	697	102	G	1	0	102	38.1274509803922
A_NP	698	102	C	1	0	102	37.0196078431373
A_NP	699	102	T	1	0	102	37.9117647058824
A_NP	700	102	G	1	0	102	37.1960784313725
A_NP	701	102	C	1	0	102	38.0686274509804
A_NP	702	102	T	1	0	102	37.5196078431373
A_NP	703	102	C	1	0	102	36
A_NP	704	102	A	1	0	102	36.8333333333333
A_NP	705	103	G	0	0	103	37.2718446601942
A_NP	706	103	A	0	0	103	37.6893203883495
A_NP	707	104	G	0	0	103	37.1456310679612
A_NP	708	104	G	0	0	104	37.625
A_NP	709	104	G	0	0	103	38.3203883495146
A_NP	710	103	C	1	0	103	39.4077669902913
A_NP	711	104	A	0	0	104	38.2884615384615
A_NP	712	104	A	0	0	104	39.3173076923077
A_NP	713	104	T	0	0	103	40.3106796116505
A_NP	714	103	G	1	0	102	39.5882352941176
A_NP	715	103	A	1	0	103	41.0679611650485
A_NP	716	104	T	0	0	103	40.9223300970874
A_NP	717	104	G	0	0	104	37.9711538461538
A_NP	718	104	G	0	0	103	37.9126213592233
A_NP	719	104	A	0	0	102	38.1764705882353
A_NP	720	104	T	0	0	103	38.3300970873786
A_NP	721	104	C	0	0	102	36.6862745098039
A_NP	722	104	A	0	0	104	37.0192307692308
A_NP	723	104	A	0	0	104	36.2884615384615
A_NP	724	103	G	1	0	103	36.3980582524272
A_NP	725	103	T	1	0	102	37
A_NP	726	103	A	1	0	102	35.7941176470588
A_NP	727	104	A	0	0	103	33.9611650485437
A_NP	728	104	G	0	0	103	34.6116504854369
A_NP	729	104	A	0	0	104	35.0673076923077
A_NP	730	103	G	1	0	101	37.2871287128713
A_NP	731	96	A	8	0	94	37.3404255319149
A_NP	732	104	A	0	0	104	37.2884615384615
A_NP	733	104	A	0	0	103	37.2912621359223
A_NP	734	104	G	1	0	103	36.8349514563107
A_NP	735	104	T	1	0	104	36.75
A_NP	736	105	C	0	0	101	35.6138613861386
A_NP	737	105	G	0	0	104	35.6538461538462
A_NP	738	105	A	0	0	105	34.9238095238095
A_NP	739	105	A	0	0	104	36.0865384615385
A_NP	740	105	A	0	0	105	36.447619047619
A_NP	741	104	C	1	0	104	36.9038461538462
A_NP	742	105	C	0	0	105	37.1714285714286
A_NP	743	105	C	0	0	104	37.3461538461538
A_NP	744	105	A	0	0	104	35.5192307692308
A_NP	745	105	G	0	0	105	36.752380952381
A_NP	746	105	G	0	0	105	37.9333333333333
A_NP	747	104	A	1	0	104	38.6057692307692
A_NP	748	105	A	0	0	105	38.4095238095238
A_NP	749	105	A	0	0	105	38.2285714285714
A_NP	750	105	C	0	0	105	36.8666666666667
A_NP	751	104	G	1	0	102	35.7941176470588
A_NP	752	105	C	0	0	105	37.2761904761905
A_NP	753	104	T	1	0	103	37.1553398058252
A_NP	754	103	G	2	0	102	36.8823529411765
A_NP	755	103	A	2	0	103	37.8058252427184
A_NP	756	104	A	1	0	104	38.8076923076923
A_NP	757	104	A	1	0	104	39.3365384615385
A_NP	758	103	T	2	0	102	41.2156862745098
A_NP	759	104	T	1	0	103	41.4757281553398
A_NP	760	104	G	1	0	103	39.1067961165049
A_NP	761	104	A	1	0	104	40.0192307692308
A_NP	762	104	A	1	0	103	40.2912621359223
A_NP	763	104	G	1	0	104	39.5769230769231
A_NP	764	104	A	1	0	103	39.3398058252427
A_NP	765	104	C	1	0	104	40.1923076923077
A_NP	766	104	C	1	0	103	39.1941747572816
A_NP	767	104	T	1	0	103	39.7281553398058
A_NP	768	104	C	1	0	103	36.747572815534
A_NP	769	104	A	1	0	104	36.0288461538462
A_NP	770	103	T	2	0	103	35.5242718446602
A_NP	771	103	T	2	0	103	37.5533980582524
A_NP	772	104	T	1	0	104	39.125
A_NP	773	103	T	2	0	103	38.3398058252427
A_NP	774	104	C	1	0	103	38.9514563106796
A_NP	775	105	C	0	0	104	40.1057692307692
A_NP	776	105	T	0	0	105	39.3142857142857
A_NP	777	104	G	1	0	103	37.7961165048544
A_NP	778	104	G	1	0	104	38.1634615384615
A_NP	779	104	C	1	0	102	38.8235294117647
A_NP	780	105	A	0	0	105	39.4666666666667
A_NP	781	105	C	0	0	103	40.2038834951456
A_NP	782	103	G	1	0	103	40.4174757281553
A_NP	783	103	G	1	0	103	40.7864077669903
A_NP	784	103	T	1	0	103	40.1844660194175
A_NP	785	103	C	1	0	102	39.5392156862745
A_NP	786	103	A	1	0	103	40.0194174757282
A_NP	787	102	G	2	0	101	40.4059405940594
A_NP	788	103	C	1	0	102	40.2745098039216
A_NP	789	103	A	1	0	103	40.126213592233
A_NP	790	103	C	1	0	103	39.9029126213592
A_NP	791	103	T	1	0	102	39.7450980392157
A_NP	792	104	C	1	0	104	38.5769230769231
A_NP	793	104	A	1	0	104	37.3173076923077
A_NP	794	103	T	2	0	103	38.1650485436893
A_NP	795	104	T	1	0	104	38.3173076923077
A_NP	796	104	C	1	0	103	37.8640776699029
A_NP	797	104	T	1	0	104	38.4038461538462
A_NP	798	103	G	2	0	103	37.8155339805825
A_NP	799	103	A	2	0	103	36.747572815534
A_NP	800	104	G	1	0	104	36.7403846153846
A_NP	801	104	G	1	0	104	36.8942307692308
A_NP	802	104	G	1	0	103	38.2135922330097
A_NP	803	104	G	1	0	104	38.1923076923077
A_NP	804	104	A	1	0	104	37.4615384615385
A_NP	805	105	T	0	0	105	38.4380952380952
A_NP	806	105	C	0	0	104	36.0096153846154
A_NP	807	105	A	0	0	105	37.6952380952381
A_NP	808	105	G	0	0	105	37.4857142857143
A_NP	809	104	T	1	0	103	37.3689320388349
A_NP	810	102	T	3	0	101	38.2376237623762
A_NP	811	102	G	3	0	101	38.3762376237624
A_NP	812	105	C	0	0	105	38.4571428571429
A_NP	813	105	A	0	0	105	38.4571428571429
A_NP	814	105	C	0	0	104	38.3076923076923
A_NP	815	105	A	0	0	104	37.7403846153846
A_NP	816	105	T	0	0	104	38.375
A_NP	817	105	A	0	0	104	39.3653846153846
A_NP	818	104	A	1	0	104	39.6634615384615
A_NP	819	104	A	1	0	104	39.6153846153846
A_NP	820	104	T	1	0	104	39.7403846153846
A_NP	821	104	C	1	0	104	39.8557692307692
A_NP	822	105	C	0	0	105	40.1047619047619
A_NP	823	105	T	0	0	105	40.247619047619
A_NP	824	105	G	0	0	105	39.2857142857143
A_NP	825	104	C	1	0	104	40.8942307692308
A_NP	826	104	C	1	0	104	40.5288461538462
A_NP	827	104	T	1	0	104	40.1153846153846
A_NP	828	104	G	1	0	104	39.7211538461538
A_NP	829	104	C	1	0	104	41.7307692307692
A_NP	830	104	C	1	0	104	41.7211538461538
A_NP	831	104	T	1	0	104	41.8461538461538
A_NP	832	104	G	1	0	104	41.2884615384615
A_NP	833	104	C	1	0	104	41.3653846153846
A_NP	834	104	T	1	0	104	41.5769230769231
A_NP	835	104	T	1	0	104	42.5
A_NP	836	104	G	1	0	104	41.1346153846154
A_NP	837	104	T	1	0	104	42
A_NP	838	103	G	2	0	103	42.6699029126214
A_NP	839	104	T	1	0	104	42.5961538461538
A_NP	840	104	G	1	0	104	41.1826923076923
A_NP	841	104	T	1	0	104	42.2788461538462
A_NP	842	104	A	1	0	104	41.4038461538462
A_NP	843	104	T	1	0	104	41.9903846153846
A_NP	844	104	G	1	0	104	40.375
A_NP	845	104	G	1	0	104	40.4423076923077
A_NP	846	104	G	1	0	103	40.9902912621359
A_NP	847	104	C	1	0	102	39.9509803921569
A_NP	848	104	T	1	0	101	39.6633663366337
A_NP	849	104	T	1	0	104	40.2115384615385
A_NP	850	104	G	1	0	104	39.25
A_NP	851	104	C	1	0	104	38.7788461538462
A_NP	852	104	A	1	0	104	39.0288461538462
A_NP	853	104	G	1	0	104	39.4807692307692
A_NP	854	104	T	1	0	104	39.4326923076923
A_NP	855	105	A	1	0	104	38.25
A_NP	856	105	G	1	0	104	37.7115384615385
A_NP	857	105	C	1	0	105	38.3238095238095
A_NP	858	105	A	1	0	105	38.0380952380952
A_NP	859	105	A	1	0	104	39.4903846153846
A_NP	860	105	G	1	0	105	39.9142857142857
A_NP	861	105	T	1	0	105	39.2857142857143
A_NP	862	105	G	1	0	105	39.6285714285714
A_NP	863	106	G	0	0	106	39.6698113207547
A_NP	864	106	C	0	0	106	39.8584905660377
A_NP	865	106	C	0	0	106	39.7452830188679
A_NP	866	106	A	0	0	106	39.4905660377358
A_NP	867	106	T	0	0	105	40.2095238095238
A_NP	868	106	G	0	0	104	39.2403846153846
A_NP	869	106	A	0	0	106	39.3301886792453
A_NP	870	105	C	1	0	105	38.9142857142857
A_NP	871	105	T	1	0	105	38.0380952380952
A_NP	872	105	T	1	0	105	38.1619047619048
A_NP	873	105	T	1	0	105	38.7619047619048
A_NP	874	105	G	1	0	105	37.3809523809524
A_NP	875	104	A	2	0	104	38.8365384615385
A_NP	876	105	G	1	0	105	38.4952380952381
A_NP	877	105	A	1	0	105	38.152380952381
A_NP	878	104	G	2	0	104	38.8173076923077
A_NP	879	105	G	1	0	105	38.4190476190476
A_NP	880	106	G	0	0	106	39.4811320754717
A_NP	881	106	A	0	0	106	39.1603773584906
A_NP	882	105	A	1	0	105	40
A_NP	883	105	G	1	0	105	39.5047619047619
A_NP	884	106	G	0	0	106	39.2735849056604
A_NP	885	104	G	2	0	104	40.5865384615385
A_NP	886	104	T	2	0	101	41.2376237623762
A_NP	887	104	A	2	0	103	40.9126213592233
A_NP	888	105	C	1	0	105	40.1142857142857
A_NP	889	105	T	1	0	103	41.252427184466
A_NP	890	105	C	1	0	102	40.6372549019608
A_NP	891	106	A	0	0	105	40.2380952380952
A_NP	892	106	C	0	0	105	39.4857142857143
A_NP	893	106	T	0	0	106	39.5566037735849
A_NP	894	106	G	0	0	104	36.2403846153846
A_NP	895	106	G	0	0	106	34.8018867924528
A_NP	896	106	T	0	0	105	34.8190476190476
A_NP	897	105	C	1	0	100	34.64
A_NP	898	105	G	1	0	105	33.6380952380952
A_NP	899	105	G	1	0	104	33.4038461538462
A_NP	900	105	A	1	0	104	33.6923076923077
A_NP	901	105	A	1	0	105	34.5714285714286
A_NP	902	105	T	1	0	104	35.5
A_NP	903	104	A	2	0	104	36.1057692307692
A_NP	904	105	G	1	0	104	35.9230769230769
A_NP	905	105	A	1	0	105	34.9142857142857
A_NP	906	105	C	1	0	105	35.0952380952381
A_NP	907	106	C	0	0	105	35.752380952381
A_NP	908	106	C	0	0	106	37.2358490566038
A_NP	909	106	A	0	0	106	37.0754716981132
A_NP	910	106	T	0	0	105	38.4952380952381
A_NP	911	106	T	0	0	106	39.6603773584906
A_NP	912	105	C	1	0	103	39.4563106796116
A_NP	913	105	A	1	0	104	38.8365384615385
A_NP	914	105	A	1	0	104	39.3461538461538
A_NP	915	104	A	2	0	103	38.7961165048544
A_NP	916	105	T	1	0	104	39.2980769230769
A_NP	917	105	T	1	0	103	39.2815533980583
A_NP	918	105	A	1	0	104	37.5769230769231
A_NP	919	105	C	1	0	103	37.3980582524272
A_NP	920	105	T	1	0	105	36.9238095238095
A_NP	921	105	C	1	0	105	35.9428571428571
A_NP	922	106	C	0	0	106	36.8490566037736
A_NP	923	106	A	0	0	106	37.3018867924528
A_NP	924	106	A	0	0	105	38.4095238095238
A_NP	925	106	A	0	0	106	39.6415094339623
A_NP	926	106	A	0	0	106	39.8396226415094
A_NP	927	106	C	0	0	106	39.9622641509434
A_NP	928	106	A	0	0	106	38.9150943396226
A_NP	929	106	G	0	0	106	38.6037735849057
A_NP	930	106	T	0	0	106	38.7075471698113
A_NP	931	105	C	0	0	104	39.6923076923077
A_NP	932	105	A	0	0	104	39.6538461538462
A_NP	933	105	A	0	0	105	40.0285714285714
A_NP	934	104	G	1	0	104	40.75
A_NP	935	105	T	0	0	105	39.6857142857143
A_NP	936	105	G	0	0	104	40.3269230769231
A_NP	937	105	G	0	0	104	41.1153846153846
A_NP	938	105	T	0	0	104	40.9326923076923
A_NP	939	105	C	0	0	104	40.2115384615385
A_NP	940	105	A	0	0	103	40.8834951456311
A_NP	941	105	G	0	0	105	40.8857142857143
A_NP	942	105	C	0	0	105	40.8761904761905
A_NP	943	105	C	0	0	105	40.8571428571429
A_NP	944	105	T	0	0	104	41.2788461538462
A_NP	945	104	G	1	0	104	40.5865384615385
A_NP	946	104	A	1	0	104	40.9903846153846
A_NP	947	103	T	2	0	103	41.0970873786408
A_NP	948	103	G	2	0	103	41.2718446601942
A_NP	949	103	A	2	0	103	41.8252427184466
A_NP	950	103	G	2	0	103	40.3592233009709
A_NP	951	103	A	2	0	103	39.9514563106796
A_NP	952	103	C	2	0	103	40.2135922330097
A_NP	953	103	C	2	0	103	40.4563106796116
A_NP	954	89	A	16	0	89	39.7078651685393
A_NP	955	104	A	1	0	104	40.0288461538462
A_NP	956	104	A	1	0	104	40.7019230769231
A_NP	957	104	T	1	0	104	40.6730769230769
A_NP	958	104	G	1	0	104	39.3461538461538
A_NP	959	104	A	1	0	104	39.9134615384615
A_NP	960	105	A	0	0	103	40.8155339805825
A_NP	961	105	A	0	0	105	40.5333333333333
A_NP	962	105	A	0	0	104	41.0288461538462
A_NP	963	105	T	0	0	105	41.8285714285714
A_NP	964	105	C	0	0	105	40.6952380952381
A_NP	965	105	C	0	0	105	40.9428571428571
A_NP	966	105	A	0	0	105	40.5238095238095
A_NP	967	105	G	0	0	105	40.7428571428571
A_NP	968	105	C	0	0	105	41.8095238095238
A_NP	969	105	T	0	0	105	41.3238095238095
A_NP	970	105	C	0	0	104	39.3173076923077
A_NP	971	105	A	0	0	104	39.9615384615385
A_NP	972	105	C	0	0	105	37.7238095238095
A_NP	973	105	A	0	0	105	35.8380952380952
A_NP	974	105	A	0	0	105	37.0571428571429
A_NP	975	105	G	0	0	105	37.6380952380952
A_NP	976	105	A	0	0	105	37.9333333333333
A_NP	977	105	G	0	0	105	38.447619047619
A_NP	978	104	T	1	0	102	39.8823529411765
A_NP	979	105	C	0	0	104	40.0384615384615
A_NP	980	105	A	0	0	105	39.9333333333333
A_NP	981	105	A	0	0	105	39.2761904761905
A_NP	982	105	C	0	0	105	39.4761904761905
A_NP	983	105	T	0	0	104	39.9615384615385
A_NP	984	105	G	0	0	104	41.2307692307692
A_NP	985	105	G	0	0	104	41.7403846153846
A_NP	986	105	T	0	0	105	42.1428571428571
A_NP	987	105	A	0	0	105	41.9619047619048
A_NP	988	105	T	0	0	105	42.1809523809524
A_NP	989	105	G	0	0	105	41.1619047619048
A_NP	990	104	G	1	0	104	41.4038461538462
A_NP	991	104	A	1	0	103	41.8640776699029
A_NP	992	104	T	1	0	104	41.8557692307692
A_NP	993	104	G	1	0	104	41.5480769230769
A_NP	994	104	G	1	0	104	41.875
A_NP	995	104	C	1	0	102	41.5294117647059
A_NP	996	104	A	1	0	104	41.1538461538462
A_NP	997	104	T	1	0	104	41.4326923076923
A_NP	998	104	G	1	0	104	39.7403846153846
A_NP	999	103	C	2	0	103	39.9320388349515
A_NP	1000	103	C	2	0	103	39.5533980582524
A_NP	1001	103	A	2	0	103	39.8058252427184
A_NP	1002	104	C	1	0	104	39.1057692307692
A_NP	1003	104	T	1	0	104	39.8846153846154
A_NP	1004	104	C	1	0	104	39.5865384615385
A_NP	1005	104	C	1	0	104	38.9038461538462
A_NP	1006	105	G	0	0	105	37.6095238095238
A_NP	1007	105	C	0	0	105	36.8
A_NP	1008	105	T	0	0	104	36.2788461538462
A_NP	1009	105	G	0	0	105	37.0285714285714
A_NP	1010	105	C	0	0	105	36.8
A_NP	1011	105	A	0	0	105	37.152380952381
A_NP	1012	105	T	0	0	105	38.3333333333333
A_NP	1013	104	T	1	0	104	37.9807692307692
A_NP	1014	104	T	1	0	104	38.4038461538462
A_NP	1015	104	G	1	0	104	37.6634615384615
A_NP	1016	104	A	1	0	104	37.9230769230769
A_NP	1017	104	A	1	0	104	38.0576923076923
A_NP	1018	104	G	1	0	104	38.4038461538462
A_NP	1019	104	A	1	0	104	39.1538461538462
A_NP	1020	104	T	1	0	104	38.1057692307692
A_NP	1021	104	T	1	0	104	37.8173076923077
A_NP	1022	104	T	1	0	104	37.7788461538462
A_NP	1023	104	G	1	0	104	35.5576923076923
A_NP	1024	104	A	1	0	104	35.8076923076923
A_NP	1025	104	G	1	0	104	36.6538461538462
A_NP	1026	104	A	1	0	104	37.5576923076923
A_NP	1027	104	G	1	0	104	38.2307692307692
A_NP	1028	104	T	1	0	104	38.0480769230769
A_NP	1029	104	A	1	0	104	37.8942307692308
A_NP	1030	104	T	1	0	104	38.0576923076923
A_NP	1031	103	C	2	0	103	36.8058252427184
A_NP	1032	103	A	2	0	103	37.3203883495146
A_NP	1033	104	A	1	0	104	36.6442307692308
A_NP	1034	104	G	1	0	104	36.4615384615385
A_NP	1035	103	T	2	0	102	37.7450980392157
A_NP	1036	104	T	1	0	104	38.9807692307692
A_NP	1037	104	T	1	0	104	40.3076923076923
A_NP	1038	104	C	1	0	102	37.7450980392157
A_NP	1039	104	A	1	0	102	37.5686274509804
A_NP	1040	105	T	0	0	105	37.4190476190476
A_NP	1041	105	A	0	0	104	37.0673076923077
A_NP	1042	105	A	0	0	105	37.0380952380952
A_NP	1043	93	G	12	0	92	35.8152173913044
A_NP	1044	105	G	0	0	104	36.6923076923077
A_NP	1045	105	G	0	0	105	38.0857142857143
A_NP	1046	105	G	0	0	104	37.0769230769231
A_NP	1047	104	A	1	0	104	38.1826923076923
A_NP	1048	105	A	0	0	105	39.5619047619048
A_NP	1049	105	A	0	0	103	41.0873786407767
A_NP	1050	105	G	0	0	99	39.8585858585859
A_NP	1051	105	A	0	0	104	40.4615384615385
A_NP	1052	105	A	0	0	104	41.6826923076923
A_NP	1053	104	A	1	0	104	40.7692307692308
A_NP	1054	104	G	1	0	104	39.1346153846154
A_NP	1055	105	T	0	0	105	39.2666666666667
A_NP	1056	105	G	0	0	102	39.3235294117647
A_NP	1057	105	A	0	0	105	38.2095238095238
A_NP	1058	104	T	2	0	104	38.0288461538462
A_NP	1059	103	C	3	0	103	35.9417475728155
A_NP	1060	102	C	3	0	102	36.2254901960784
A_NP	1061	102	C	3	0	101	36.6831683168317
A_NP	1062	101	A	4	0	101	33.7425742574257
A_NP	1063	103	A	2	0	101	34.990099009901
A_NP	1064	103	G	2	0	101	35.7722772277228
A_NP	1065	105	A	0	0	105	34.7714285714286
A_NP	1066	105	G	0	0	105	34.8952380952381
A_NP	1067	104	G	1	0	104	37.9038461538462
A_NP	1068	104	A	1	0	104	36.8557692307692
A_NP	1069	105	A	0	0	104	37.1057692307692
A_NP	1070	105	A	0	0	104	38.9230769230769
A_NP	1071	105	G	0	0	104	38.7788461538462
A_NP	1072	105	C	0	0	105	38.4571428571429
A_NP	1073	104	T	1	0	103	38.8058252427184
A_NP	1074	104	T	1	0	104	38.7596153846154
A_NP	1075	104	T	1	0	103	40.0388349514563
A_NP	1076	104	C	1	0	104	38.5673076923077
A_NP	1077	104	C	1	0	103	39.5145631067961
A_NP	1078	104	A	1	0	104	37.4230769230769
A_NP	1079	104	C	1	0	103	36.6699029126214
A_NP	1080	101	A	4	0	101	35.2475247524753
A_NP	1081	103	A	2	0	103	33.2330097087379
A_NP	1082	104	G	1	0	102	33.3529411764706
A_NP	1083	104	A	1	0	103	33.4466019417476
A_NP	1084	104	G	1	0	103	32.6796116504854
A_NP	1085	104	G	1	0	103	34.2330097087379
A_NP	1086	104	G	1	0	103	37.0485436893204
A_NP	1087	104	G	1	0	103	38.2815533980583
A_NP	1088	104	T	1	0	103	38.3009708737864
A_NP	1089	104	T	1	0	104	37.5384615384615
A_NP	1090	103	C	2	0	102	37.5098039215686
A_NP	1091	104	A	1	0	103	36.873786407767
A_NP	1092	104	G	1	0	104	37.5192307692308
A_NP	1093	104	A	1	0	104	37.5480769230769
A_NP	1094	104	T	1	0	104	37.3076923076923
A_NP	1095	104	T	1	0	104	38.5384615384615
A_NP	1096	103	G	2	0	103	39.3106796116505
A_NP	1097	104	C	1	0	104	38.9615384615385
A_NP	1098	104	T	1	0	103	40.1747572815534
A_NP	1099	104	T	1	0	104	40.0192307692308
A_NP	1100	104	C	1	0	104	39.4711538461538
A_NP	1101	103	A	2	0	103	40.1456310679612
A_NP	1102	104	A	1	0	104	39.375
A_NP	1103	105	A	0	0	105	39.8666666666667
A_NP	1104	105	T	0	0	105	39.3238095238095
A_NP	1105	105	G	0	0	104	39.4807692307692
A_NP	1106	105	A	0	0	105	39.4095238095238
A_NP	1107	105	G	0	0	104	39.4326923076923
A_NP	1108	105	A	0	0	105	39.7142857142857
A_NP	1109	105	A	0	0	105	39.4761904761905
A_NP	1110	105	T	0	0	105	39.0095238095238
A_NP	1111	104	G	1	0	104	39.125
A_NP	1112	103	T	2	0	103	39.8155339805825
A_NP	1113	103	G	2	0	103	39.2038834951456
A_NP	1114	104	G	1	0	104	40.1634615384615
A_NP	1115	104	A	1	0	103	39.6699029126214
A_NP	1116	104	A	1	0	104	40.9615384615385
A_NP	1117	104	A	1	0	104	40.4038461538462
A_NP	1118	104	C	1	0	103	41.1747572815534
A_NP	1119	104	C	1	0	104	40.4230769230769
A_NP	1120	105	A	0	0	104	40
A_NP	1121	105	T	0	0	104	40.6346153846154
A_NP	1122	105	G	0	0	105	39.0380952380952
A_NP	1123	105	G	0	0	105	38.3714285714286
A_NP	1124	105	A	0	0	104	38.1923076923077
A_NP	1125	103	C	2	0	100	38.2
A_NP	1126	102	T	3	0	101	37.7623762376238
A_NP	1127	104	C	1	0	101	38.3366336633663
A_NP	1128	104	C	1	0	104	38.125
A_NP	1129	104	A	1	0	103	38.747572815534
A_NP	1130	104	A	1	0	104	39.9423076923077
A_NP	1131	104	C	1	0	104	40.6538461538462
A_NP	1132	104	A	1	0	104	39.6634615384615
A_NP	1133	104	C	1	0	104	39.5961538461538
A_NP	1134	104	C	1	0	104	38.8942307692308
A_NP	1135	104	C	1	0	103	39.3398058252427
A_NP	1136	102	T	3	0	102	37.4901960784314
A_NP	1137	103	G	2	0	103	37.747572815534
A_NP	1138	103	G	2	0	103	37.6504854368932
A_NP	1139	104	A	1	0	104	38.625
A_NP	1140	104	A	1	0	104	38.4134615384615
A_NP	1141	104	C	1	0	103	39.504854368932
A_NP	1142	104	T	1	0	102	38.9803921568627
A_NP	1143	104	A	1	0	103	38.3980582524272
A_NP	1144	105	A	0	0	105	37.3238095238095
A_NP	1145	105	G	0	0	105	37.7428571428571
A_NP	1146	104	A	1	0	103	37.8446601941748
A_NP	1147	105	A	0	0	103	38.4368932038835
A_NP	1148	105	G	0	0	104	39.8846153846154
A_NP	1149	105	C	0	0	105	40.3142857142857
A_NP	1150	105	A	0	0	105	40.4190476190476
A_NP	1151	103	G	1	0	102	40.421568627451
A_NP	1152	103	A	1	0	103	40.4563106796116
A_NP	1153	100	T	3	0	100	39.11
A_NP	1154	101	A	2	0	100	38.81
A_NP	1155	101	C	2	0	100	38.55
A_NP	1156	102	T	1	0	102	39.0196078431373
A_NP	1157	102	G	1	0	102	38.3921568627451
A_NP	1158	101	G	2	0	101	38.0594059405941
A_NP	1159	101	G	2	0	101	38.7623762376238
A_NP	1160	100	C	3	0	100	38.98
A_NP	1161	100	C	3	0	100	38.52
A_NP	1162	101	A	2	0	101	40.1683168316832
A_NP	1163	102	T	1	0	100	40.67
A_NP	1164	101	A	2	0	101	38.7128712871287
A_NP	1165	102	A	1	0	101	38.3663366336634
A_NP	1166	103	G	0	0	103	36.9611650485437
A_NP	1167	103	A	0	0	103	37.0776699029126
A_NP	1168	103	A	0	0	102	37.3137254901961
A_NP	1169	103	C	0	0	103	38.7281553398058
A_NP	1170	103	C	0	0	102	38.5686274509804
A_NP	1171	103	A	0	0	103	38.1067961165049
A_NP	1172	103	G	0	0	102	39.7352941176471
A_NP	1173	103	G	0	0	103	38.9805825242718
A_NP	1174	103	A	0	0	102	37.8921568627451
A_NP	1175	103	G	0	0	103	38.1553398058252
A_NP	1176	102	T	1	0	102	38.9803921568627
A_NP	1177	103	G	0	0	103	38.6504854368932
A_NP	1178	103	G	0	0	103	37.7864077669903
A_NP	1179	103	A	0	0	103	37.6796116504854
A_NP	1180	103	G	0	0	101	38.6435643564356
A_NP	1181	103	G	0	0	102	37.7156862745098
A_NP	1182	103	A	0	0	100	38.23
A_NP	1183	103	A	0	0	102	37.4019607843137
A_NP	1184	103	A	0	0	101	39.2178217821782
A_NP	1185	103	T	0	0	102	38.843137254902
A_NP	1186	101	A	2	0	99	38.3838383838384
A_NP	1187	101	C	2	0	100	39.27
A_NP	1188	102	C	1	0	101	38.1089108910891
A_NP	1189	102	A	1	0	102	37.4803921568627
A_NP	1190	102	A	1	0	102	37.9705882352941
A_NP	1191	103	T	0	0	100	37.95
A_NP	1192	103	C	0	0	101	37.1089108910891
A_NP	1193	102	A	1	0	102	37.3627450980392
A_NP	1194	103	A	0	0	103	37.5242718446602
A_NP	1195	103	C	0	0	102	37.8039215686275
A_NP	1196	102	A	1	0	101	37.5940594059406
A_NP	1197	101	G	2	0	101	39.5445544554455
A_NP	1198	101	A	2	0	101	39.6336633663366
A_NP	1199	102	A	1	0	102	39.6372549019608
A_NP	1200	102	G	1	0	102	39.5392156862745
A_NP	1201	102	G	1	0	102	40.656862745098
A_NP	1202	102	C	1	0	102	40.8921568627451
A_NP	1203	102	A	1	0	102	39.9117647058824
A_NP	1204	101	T	2	0	101	41.2970297029703
A_NP	1205	102	C	1	0	102	39.421568627451
A_NP	1206	102	T	1	0	102	40.7352941176471
A_NP	1207	102	G	1	0	102	39.8137254901961
A_NP	1208	102	C	1	0	102	39.8235294117647
A_NP	1209	102	A	1	0	102	38.4117647058824
A_NP	1210	102	G	1	0	102	39.0392156862745
A_NP	1211	102	G	1	0	102	38.6862745098039
A_NP	1212	102	T	1	0	102	39.7156862745098
A_NP	1213	103	C	0	0	103	38.8446601941748
A_NP	1214	103	A	0	0	102	39.2941176470588
A_NP	1215	102	G	1	0	102	38.9019607843137
A_NP	1216	103	A	0	0	103	39.4368932038835
A_NP	1217	103	T	0	0	103	38.5533980582524
A_NP	1218	103	C	0	0	102	38.4019607843137
A_NP	1219	102	A	1	0	102	38.0490196078431
A_NP	1220	101	G	2	0	101	37.5940594059406
A_NP	1221	100	T	3	0	100	38.12
A_NP	1222	103	G	0	0	103	37.9126213592233
A_NP	1223	103	T	0	0	103	40.4563106796116
A_NP	1224	102	G	1	0	102	39.156862745098
A_NP	1225	101	C	2	0	100	40.26
A_NP	1226	101	A	2	0	101	39.6336633663366
A_NP	1227	102	G	1	0	102	39.8823529411765
A_NP	1228	102	C	1	0	102	39.8921568627451
A_NP	1229	102	C	1	0	102	39.9117647058824
A_NP	1230	101	T	2	0	101	41.0891089108911
A_NP	1231	102	A	1	0	102	40.7843137254902
A_NP	1232	101	C	2	0	101	42.3069306930693
A_NP	1233	102	A	1	0	101	41.7425742574257
A_NP	1234	102	T	1	0	102	41.8235294117647
A_NP	1235	102	T	1	0	102	40.9803921568627
A_NP	1236	102	C	1	0	102	40.4803921568627
A_NP	1237	102	T	1	0	102	39.4607843137255
A_NP	1238	102	C	1	0	102	38.9803921568627
A_NP	1239	102	A	1	0	102	39.1176470588235
A_NP	1240	102	G	1	0	102	39.4901960784314
A_NP	1241	102	T	1	0	102	40.7941176470588
A_NP	1242	102	G	1	0	102	41.4019607843137
A_NP	1243	102	C	1	0	102	41.5
A_NP	1244	102	A	1	0	101	41.1584158415842
A_NP	1245	102	G	1	0	102	41.0490196078431
A_NP	1246	102	C	1	0	102	40.4509803921569
A_NP	1247	102	G	1	0	102	40.3039215686275
A_NP	1248	102	A	1	0	102	39.7745098039216
A_NP	1249	102	A	1	0	102	40.0196078431373
A_NP	1250	102	A	1	0	102	40.3529411764706
A_NP	1251	102	T	1	0	102	41.421568627451
A_NP	1252	103	C	0	0	103	41.7184466019417
A_NP	1253	103	T	0	0	103	42.0970873786408
A_NP	1254	103	C	0	0	101	40.1980198019802
A_NP	1255	103	C	0	0	103	40.2135922330097
A_NP	1256	103	C	0	0	103	39.126213592233
A_NP	1257	102	T	1	0	101	37.6534653465347
A_NP	1258	103	T	0	0	103	37.6893203883495
A_NP	1259	103	T	0	0	103	40.2912621359223
A_NP	1260	102	T	1	0	102	39.2647058823529
A_NP	1261	102	G	1	0	102	35.5588235294118
A_NP	1262	102	A	1	0	102	39.8333333333333
A_NP	1263	102	A	1	0	102	39.2549019607843
A_NP	1264	102	A	1	0	102	38.9313725490196
A_NP	1265	102	G	1	0	101	38.8415841584158
A_NP	1266	102	A	1	0	102	40.3235294117647
A_NP	1267	102	G	1	0	102	39.3039215686275
A_NP	1268	102	C	1	0	102	39.0588235294118
A_NP	1269	102	A	1	0	102	39.4607843137255
A_NP	1270	102	A	1	0	102	39.2156862745098
A_NP	1271	102	C	1	0	102	38.9019607843137
A_NP	1272	102	C	1	0	102	38.4313725490196
A_NP	1273	102	A	1	0	102	38.1960784313725
A_NP	1274	102	T	1	0	102	39.5686274509804
A_NP	1275	102	T	1	0	102	40.5
A_NP	1276	102	A	1	0	102	39.5686274509804
A_NP	1277	102	T	1	0	102	39.7549019607843
A_NP	1278	102	G	1	0	102	39.0588235294118
A_NP	1279	102	G	1	0	102	39.3333333333333
A_NP	1280	102	C	1	0	102	38.9607843137255
A_NP	1281	102	A	1	0	102	38.2941176470588
A_NP	1282	102	G	1	0	102	40.9313725490196
A_NP	1283	102	C	1	0	102	41.5588235294118
A_NP	1284	102	A	1	0	102	40.7843137254902
A_NP	1285	102	T	1	0	102	41.1666666666667
A_NP	1286	102	T	1	0	102	41.5588235294118
A_NP	1287	102	C	1	0	102	40.2450980392157
A_NP	1288	102	A	1	0	102	40.6078431372549
A_NP	1289	102	G	1	0	102	39.7647058823529
A_NP	1290	102	C	1	0	102	39.1078431372549
A_NP	1291	102	G	1	0	102	38.078431372549
A_NP	1292	103	G	1	0	103	38.3009708737864
A_NP	1293	103	A	1	0	103	39.1359223300971
A_NP	1294	103	A	1	0	103	39.4077669902913
A_NP	1295	103	A	1	0	103	40.1747572815534
A_NP	1296	103	C	1	0	103	41.621359223301
A_NP	1297	103	A	1	0	103	40.504854368932
A_NP	1298	103	A	1	0	103	39.7669902912621
A_NP	1299	104	T	1	0	104	40.4230769230769
A_NP	1300	104	G	1	0	104	39.6538461538462
A_NP	1301	104	A	1	0	104	39.6730769230769
A_NP	1302	104	A	1	0	103	40.873786407767
A_NP	1303	104	G	1	0	103	41.1844660194175
A_NP	1304	104	G	1	0	103	40.4660194174757
A_NP	1305	104	A	1	0	103	41.0194174757282
A_NP	1306	104	C	1	0	103	40
A_NP	1307	104	G	1	0	103	38.7961165048544
A_NP	1308	104	G	1	0	104	38.3846153846154
A_NP	1309	104	A	1	0	104	38.0673076923077
A_NP	1310	104	C	1	0	104	38.5576923076923
A_NP	1311	104	A	1	0	104	39.6057692307692
A_NP	1312	104	T	1	0	104	40.9423076923077
A_NP	1313	104	C	1	0	103	40.9902912621359
A_NP	1314	104	C	1	0	104	40.625
A_NP	1315	105	G	0	0	105	39.9047619047619
A_NP	1316	105	A	0	0	105	40.0380952380952
A_NP	1317	105	C	0	0	105	39.9142857142857
A_NP	1318	105	A	0	0	105	39.9619047619048
A_NP	1319	105	T	0	0	105	40.3619047619048
A_NP	1320	105	G	0	0	105	40.0190476190476
A_NP	1321	104	C	1	0	102	39.843137254902
A_NP	1322	104	G	1	0	103	38.3106796116505
A_NP	1323	104	A	1	0	104	37.5096153846154
A_NP	1324	104	A	1	0	104	37.4423076923077
A_NP	1325	104	C	1	0	103	37.747572815534
A_NP	1326	103	A	2	0	103	37.5533980582524
A_NP	1327	104	G	2	0	104	39.5096153846154
A_NP	1328	104	A	2	0	104	40.1442307692308
A_NP	1329	105	A	1	0	105	40.6952380952381
A_NP	1330	105	G	1	0	105	40.0380952380952
A_NP	1331	105	T	1	0	105	40.5333333333333
A_NP	1332	104	T	2	0	104	39.8653846153846
A_NP	1333	105	A	1	0	105	40.1142857142857
A_NP	1334	105	T	1	0	105	40.7333333333333
A_NP	1335	105	A	1	0	105	40.1142857142857
A_NP	1336	105	A	1	0	105	40.7904761904762
A_NP	1337	105	G	1	0	105	39.9619047619048
A_NP	1338	106	A	0	0	106	39.877358490566
A_NP	1339	106	A	0	0	106	40.3679245283019
A_NP	1340	106	T	0	0	106	41.6509433962264
A_NP	1341	106	G	0	0	106	40.9245283018868
A_NP	1342	106	A	0	0	106	40.9433962264151
A_NP	1343	106	T	0	0	105	41.7619047619048
A_NP	1344	106	G	0	0	106	40.7264150943396
A_NP	1345	106	G	0	0	106	40.9433962264151
A_NP	1346	105	A	1	0	104	41.7211538461538
A_NP	1347	105	A	1	0	105	41.0666666666667
A_NP	1348	105	A	1	0	105	41.6190476190476
A_NP	1349	104	G	1	0	104	39.9423076923077
A_NP	1350	104	T	1	0	104	38.9230769230769
A_NP	1351	104	G	1	0	104	37.6826923076923
A_NP	1352	104	C	1	0	104	38
A_NP	1353	103	A	2	0	103	37.1553398058252
A_NP	1354	104	A	1	0	104	37.6826923076923
A_NP	1355	104	A	1	0	104	37.7307692307692
A_NP	1356	104	G	1	0	104	37.9038461538462
A_NP	1357	104	C	1	0	104	38.6153846153846
A_NP	1358	104	C	1	0	104	37.75
A_NP	1359	104	A	1	0	103	37.1747572815534
A_NP	1360	104	G	1	0	103	36.2621359223301
A_NP	1361	104	A	1	0	104	34.7307692307692
A_NP	1362	104	G	1	0	104	33.7788461538462
A_NP	1363	104	G	1	0	104	35.2980769230769
A_NP	1364	104	A	1	0	104	36.5384615384615
A_NP	1365	104	T	1	0	103	35.7669902912621
A_NP	1366	104	T	1	0	104	36.7692307692308
A_NP	1367	104	T	1	0	102	37.656862745098
A_NP	1368	104	G	1	0	102	37.5294117647059
A_NP	1369	103	T	2	0	103	37.4854368932039
A_NP	1370	103	C	2	0	103	36.9320388349515
A_NP	1371	103	C	2	0	103	36.8155339805825
A_NP	1372	103	T	2	0	103	36.0194174757282
A_NP	1373	104	T	1	0	104	35.7211538461538
A_NP	1374	104	C	2	0	102	34.3725490196078
A_NP	1375	105	C	1	0	105	33.5047619047619
A_NP	1376	105	A	1	0	105	31.2095238095238
A_NP	1377	104	G	2	0	104	32.3846153846154
A_NP	1378	104	G	2	0	104	33.8942307692308
A_NP	1379	104	G	2	0	103	35.3106796116505
A_NP	1380	105	G	1	0	104	35.5096153846154
A_NP	1381	105	C	1	0	103	37.0388349514563
A_NP	1382	98	G	8	0	96	34.8229166666667
A_NP	1383	109	G	2	0	109	34
A_NP	1384	110	G	1	0	110	33.8454545454545
A_NP	1385	110	G	1	0	100	33.14
A_NP	1386	110	A	1	0	109	34.6697247706422
A_NP	1387	111	G	0	0	109	34.697247706422
A_NP	1388	110	T	1	0	110	34.2909090909091
A_NP	1389	111	C	0	0	108	34.6851851851852
A_NP	1390	111	T	0	0	111	34.5855855855856
A_NP	1391	111	T	0	0	111	34.9369369369369
A_NP	1392	109	C	2	0	109	33.4587155963303
A_NP	1393	109	G	2	0	109	32.8623853211009
A_NP	1394	111	A	0	0	110	33.1818181818182
A_NP	1395	111	G	0	0	109	33.4770642201835
A_NP	1396	111	C	0	0	109	33.4678899082569
A_NP	1397	111	T	0	0	110	34.5545454545455
A_NP	1398	111	C	0	0	111	35.7927927927928
A_NP	1399	110	T	1	0	110	35.7
A_NP	1400	110	C	1	0	108	33.4907407407407
A_NP	1401	110	G	1	0	110	31.7454545454545
A_NP	1402	111	G	0	0	110	32.4636363636364
A_NP	1403	111	A	0	0	111	32.3873873873874
A_NP	1404	110	C	1	0	108	32.6111111111111
A_NP	1405	105	G	6	0	103	29.621359223301
A_NP	1406	106	A	5	0	106	29.3867924528302
A_NP	1407	108	A	3	0	108	29.7037037037037
A_NP	1408	109	A	2	0	109	30.4036697247706
A_NP	1409	110	A	1	0	110	31.0090909090909
A_NP	1410	110	G	1	0	109	34.7981651376147
A_NP	1411	110	G	1	0	110	35.3727272727273
A_NP	1412	110	C	1	0	107	35.8411214953271
A_NP	1413	109	A	2	0	109	34.5137614678899
A_NP	1414	109	A	2	0	107	35.588785046729
A_NP	1415	109	C	2	0	105	35.2
A_NP	1416	108	G	3	0	107	34.1588785046729
A_NP	1417	109	A	2	0	107	34.5046728971963
A_NP	1418	110	A	1	0	110	34.1454545454545
A_NP	1419	110	C	1	0	109	33.5688073394495
A_NP	1420	110	C	1	0	110	33.3181818181818
A_NP	1421	110	C	1	0	110	34.0454545454545
A_NP	1422	110	G	1	0	108	32.7407407407407
A_NP	1423	109	A	2	0	109	33.256880733945
A_NP	1424	110	T	1	0	110	34.0636363636364
A_NP	1425	110	C	1	0	109	33.4954128440367
A_NP	1426	109	G	2	0	109	34.0550458715596
A_NP	1427	110	T	1	0	110	34.1454545454545
A_NP	1428	110	G	1	0	109	33.7889908256881
A_NP	1429	110	C	1	0	110	33.9363636363636
A_NP	1430	109	C	2	0	109	35.2201834862385
A_NP	1431	109	T	2	0	109	35.5229357798165
A_NP	1432	109	T	2	0	109	35.7247706422018
A_NP	1433	110	C	1	0	110	35.1363636363636
A_NP	1434	110	C	1	0	110	35.4
A_NP	1435	109	T	2	0	109	36.4036697247706
A_NP	1436	110	T	1	0	110	38.1727272727273
A_NP	1437	110	T	1	0	110	38.7181818181818
A_NP	1438	111	G	0	0	111	36.1081081081081
A_NP	1439	110	A	1	0	110	37.2
A_NP	1440	111	C	0	0	111	38.7927927927928
A_NP	1441	110	A	1	0	110	37.7545454545455
A_NP	1442	110	T	1	0	110	38.4090909090909
A_NP	1443	110	G	1	0	110	36.8454545454545
A_NP	1444	109	A	2	0	109	37.2110091743119
A_NP	1445	109	G	2	0	108	36.8611111111111
A_NP	1446	109	T	2	0	108	37.3425925925926
A_NP	1447	111	A	0	0	111	37.8108108108108
A_NP	1448	111	A	0	0	111	39.1891891891892
A_NP	1449	111	T	0	0	111	39.4684684684685
A_NP	1450	111	G	0	0	111	39.4594594594595
A_NP	1451	110	A	1	0	109	39.3394495412844
A_NP	1452	109	A	2	0	109	39.0366972477064
A_NP	1453	109	G	2	0	109	38.9357798165138
A_NP	1454	110	G	1	0	108	39.3240740740741
A_NP	1455	110	G	1	0	110	40.2090909090909
A_NP	1456	110	T	1	0	108	40.0092592592593
A_NP	1457	110	C	1	0	109	39.302752293578
A_NP	1458	110	T	1	0	109	40.0183486238532
A_NP	1459	110	T	1	0	108	40.0740740740741
A_NP	1460	110	A	1	0	110	39.3818181818182
A_NP	1461	109	T	2	0	109	39.045871559633
A_NP	1462	108	T	3	0	108	39.1666666666667
A_NP	1463	109	T	2	0	109	38.4678899082569
A_NP	1464	109	C	2	0	109	37.954128440367
A_NP	1465	110	T	1	0	110	39.0909090909091
A_NP	1466	109	T	2	0	109	38.1651376146789
A_NP	1467	109	C	2	0	109	37.4495412844037
A_NP	1468	109	G	2	0	109	36.9174311926606
A_NP	1469	109	G	2	0	109	36.6146788990826
A_NP	1470	110	A	1	0	110	36.2727272727273
A_NP	1471	110	G	1	0	108	36.4166666666667
A_NP	1472	110	A	1	0	110	36.8909090909091
A_NP	1473	109	C	2	0	109	37.1559633027523
A_NP	1474	110	A	1	0	106	34.5754716981132
A_NP	1475	110	A	1	0	110	34.9363636363636
A_NP	1476	110	T	1	0	109	35.743119266055
A_NP	1477	110	G	1	0	110	34.8
A_NP	1478	109	C	2	0	109	35.8899082568807
A_NP	1479	110	A	1	0	110	36.7818181818182
A_NP	1480	111	G	0	0	110	35.2636363636364
A_NP	1481	111	A	0	0	111	34.4144144144144
A_NP	1482	111	G	0	0	111	34.4594594594595
A_NP	1483	111	G	0	0	111	35.1801801801802
A_NP	1484	111	A	0	0	110	35.2272727272727
A_NP	1485	109	G	1	0	108	35.787037037037
A_NP	1486	110	T	0	0	109	35.0275229357798
A_NP	1487	110	A	0	0	108	35.0740740740741
A_NP	1488	110	T	0	0	109	35.954128440367
A_NP	1489	110	G	0	0	110	35.8727272727273
A_NP	1490	110	A	0	0	110	36.6909090909091
A_NP	1491	110	C	0	0	110	36.7181818181818
A_NP	1492	110	A	0	0	109	36
A_NP	1493	110	A	0	0	110	35.0545454545455
A_NP	1494	110	T	0	0	110	35.0818181818182
A_NP	1495	110	T	0	0	110	35.8727272727273
A_NP	1496	110	G	0	0	110	34.7545454545455
A_NP	1497	110	A	0	0	110	36.2272727272727
