Reference_Name	Position	Coverage Depth	Consensus	Deletions	Ambiguous	Consensus_Count	Consensus_Average_Quality
A_PA	1	31	A	0	0	31	36.8064516129032
A_PA	2	31	T	0	0	31	36.9032258064516
A_PA	3	31	G	0	0	31	35.5161290322581
A_PA	4	31	G	0	0	31	35.4193548387097
A_PA	5	31	A	0	0	31	34.8387096774194
A_PA	6	32	A	0	0	32	35.15625
A_PA	7	32	G	0	0	32	36.125
A_PA	8	32	A	0	0	32	35.90625
A_PA	9	32	C	0	0	32	32.40625
A_PA	10	32	T	0	0	32	31.90625
A_PA	11	32	T	0	0	31	35
A_PA	12	32	T	0	0	32	33.625
A_PA	13	32	G	0	0	32	31.09375
A_PA	14	32	T	0	0	32	36.5
A_PA	15	32	G	0	0	32	35.375
A_PA	16	32	C	0	0	32	35.40625
A_PA	17	32	G	0	0	32	34.9375
A_PA	18	32	A	0	0	32	35.09375
A_PA	19	32	C	0	0	32	35.8125
A_PA	20	32	A	0	0	32	36.25
A_PA	21	32	A	0	0	32	36.78125
A_PA	22	32	T	0	0	32	39.09375
A_PA	23	32	G	0	0	32	37.75
A_PA	24	32	C	0	0	31	37.8387096774194
A_PA	25	32	T	0	0	32	37.34375
A_PA	26	32	T	0	0	32	35.5
A_PA	27	32	C	0	0	32	34.78125
A_PA	28	32	A	0	0	32	33.875
A_PA	29	32	A	0	0	32	33.5625
A_PA	30	32	T	0	0	32	34.625
A_PA	31	32	C	0	0	32	34.34375
A_PA	32	32	C	0	0	32	36.21875
A_PA	33	32	A	0	0	32	37
A_PA	34	32	A	0	0	32	37.125
A_PA	35	32	T	0	0	32	38.5
A_PA	36	32	G	0	0	32	37.59375
A_PA	37	32	A	0	0	32	36.625
A_PA	38	32	T	0	0	32	37.625
A_PA	39	32	C	0	0	32	37.34375
A_PA	40	32	A	0	0	32	37.75
A_PA	41	32	T	0	0	32	39.21875
A_PA	42	32	C	0	0	32	37
A_PA	43	32	G	0	0	32	36.25
A_PA	44	32	A	0	0	32	37.34375
A_PA	45	32	G	0	0	32	36.59375
A_PA	46	32	C	0	0	32	36.65625
A_PA	47	32	T	0	0	32	38.34375
A_PA	48	31	T	1	0	31	38.7096774193548
A_PA	49	31	G	1	0	31	39.9354838709677
A_PA	50	32	C	0	0	31	42.9032258064516
A_PA	51	32	G	0	0	32	40.0625
A_PA	52	32	G	0	0	32	38.875
A_PA	53	32	A	0	0	32	40
A_PA	54	32	A	0	0	32	39.96875
A_PA	55	32	A	0	0	32	41.1875
A_PA	56	32	A	0	0	32	41.625
A_PA	57	32	G	0	0	32	41.875
A_PA	58	32	G	0	0	32	41.59375
A_PA	59	32	C	0	0	32	41.9375
A_PA	60	32	A	0	0	32	37.46875
A_PA	61	32	A	0	0	32	36.125
A_PA	62	32	T	0	0	32	36.78125
A_PA	63	32	G	0	0	32	33.875
A_PA	64	32	A	0	0	32	34.5625
A_PA	65	32	A	0	0	31	36.5806451612903
A_PA	66	32	A	0	0	32	37.5
A_PA	67	32	G	0	0	32	37.25
A_PA	68	30	A	2	0	30	39.3
A_PA	69	32	A	0	0	32	37.90625
A_PA	70	32	T	0	0	30	37.4
A_PA	71	32	A	0	0	32	36.5
A_PA	72	32	T	0	0	32	36.125
A_PA	73	32	G	0	0	32	36.0625
A_PA	74	32	G	0	0	32	34.59375
A_PA	75	32	G	0	0	32	35.4375
A_PA	76	32	G	0	0	32	36.5
A_PA	77	32	A	0	0	32	38.28125
A_PA	78	32	A	0	0	32	39.34375
A_PA	79	32	G	0	0	32	38.125
A_PA	80	32	A	0	0	32	38.59375
A_PA	81	32	C	0	0	32	37.65625
A_PA	82	32	C	0	0	32	37.6875
A_PA	83	32	C	0	0	32	37.28125
A_PA	84	32	C	0	0	32	38.15625
A_PA	85	32	A	0	0	32	37.875
A_PA	86	32	A	0	0	32	39.9375
A_PA	87	32	A	0	0	32	40.65625
A_PA	88	32	G	0	0	32	40.5
A_PA	89	32	T	0	0	32	41.40625
A_PA	90	32	T	0	0	32	41.5
A_PA	91	32	G	0	0	32	39.84375
A_PA	92	32	A	0	0	32	40
A_PA	93	32	A	0	0	32	41.28125
A_PA	94	32	A	0	0	32	40.59375
A_PA	95	32	C	0	0	32	41.0625
A_PA	96	32	T	0	0	32	39.375
A_PA	97	32	A	0	0	31	40.3225806451613
A_PA	98	32	A	0	0	32	41.3125
A_PA	99	32	T	0	0	32	40.75
A_PA	100	32	A	0	0	32	40.125
A_PA	101	32	A	0	0	31	41.6774193548387
A_PA	102	32	G	0	0	31	41.5161290322581
A_PA	103	32	T	0	0	31	40.8387096774194
A_PA	104	32	T	0	0	32	40.09375
A_PA	105	32	T	0	0	32	38.75
A_PA	106	32	G	0	0	31	40.7096774193548
A_PA	107	32	C	0	0	32	39.84375
A_PA	108	32	T	0	0	32	39.5625
A_PA	109	32	G	0	0	32	37.6875
A_PA	110	32	C	0	0	32	38.75
A_PA	111	32	A	0	0	32	38.65625
A_PA	112	32	A	0	0	32	41.53125
A_PA	113	32	T	0	0	32	41.59375
A_PA	114	32	T	0	0	32	42.34375
A_PA	115	32	T	0	0	32	41.75
A_PA	116	32	G	0	0	32	40.5625
A_PA	117	32	C	0	0	32	40.0625
A_PA	118	32	A	0	0	32	39.75
A_PA	119	32	C	0	0	32	40.5625
A_PA	120	32	A	0	0	32	41.3125
A_PA	121	32	C	0	0	32	39.96875
A_PA	122	32	A	0	0	32	41.25
A_PA	123	34	T	0	0	34	41.5588235294118
A_PA	124	34	T	0	0	34	39.8235294117647
A_PA	125	34	T	0	0	34	40.3823529411765
A_PA	126	34	G	0	0	34	39.1764705882353
A_PA	127	34	G	0	0	34	41.7352941176471
A_PA	128	34	A	0	0	34	40.3235294117647
A_PA	129	34	A	0	0	34	40
A_PA	130	34	G	0	0	34	40.2352941176471
A_PA	131	34	T	0	0	34	41.2941176470588
A_PA	132	34	T	0	0	34	40.7352941176471
A_PA	133	34	T	0	0	34	41.5588235294118
A_PA	134	34	G	0	0	34	40.0588235294118
A_PA	135	34	T	0	0	33	39
A_PA	136	34	T	0	0	34	38.7647058823529
A_PA	137	34	T	0	0	34	37.0588235294118
A_PA	138	34	C	0	0	34	33.1764705882353
A_PA	139	34	A	0	0	34	35.4705882352941
A_PA	140	34	T	0	0	34	35.6176470588235
A_PA	141	34	G	0	0	34	35.5882352941176
A_PA	142	34	T	0	0	34	36.6764705882353
A_PA	143	34	A	0	0	34	35.2058823529412
A_PA	144	34	T	0	0	34	34.3529411764706
A_PA	145	34	T	0	0	34	34.0294117647059
A_PA	146	34	C	0	0	33	33.1212121212121
A_PA	147	34	G	0	0	34	33.0588235294118
A_PA	148	34	G	0	0	34	33.8823529411765
A_PA	149	34	A	0	0	34	33.5294117647059
A_PA	150	34	T	0	0	34	33.7941176470588
A_PA	151	34	T	0	0	34	36.6470588235294
A_PA	152	34	T	0	0	34	37.1176470588235
A_PA	153	34	T	0	0	34	36.0294117647059
A_PA	154	34	C	0	0	34	35.9705882352941
A_PA	155	34	A	0	0	34	36.2647058823529
A_PA	156	34	T	0	0	34	36.3529411764706
A_PA	157	34	T	0	0	34	34.5882352941176
A_PA	158	34	T	0	0	34	35.9705882352941
A_PA	159	34	C	0	0	34	33.6764705882353
A_PA	160	34	A	0	0	34	33.7941176470588
A_PA	161	34	T	0	0	33	35.5757575757576
A_PA	162	34	T	0	0	34	37.0588235294118
A_PA	163	34	G	0	0	34	35.3235294117647
A_PA	164	34	A	0	0	34	36.9117647058824
A_PA	165	34	T	0	0	34	38.9117647058824
A_PA	166	34	G	0	0	34	37.8823529411765
A_PA	167	34	A	0	0	34	37.2352941176471
A_PA	168	34	A	0	0	34	39.2352941176471
A_PA	169	34	A	0	0	34	39.4705882352941
A_PA	170	34	G	0	0	34	37.1176470588235
A_PA	171	34	G	0	0	34	39.4117647058824
A_PA	172	34	G	0	0	34	40.6176470588235
A_PA	173	34	G	0	0	33	38.969696969697
A_PA	174	34	T	0	0	34	38.3823529411765
A_PA	175	33	G	1	0	33	39.9393939393939
A_PA	176	34	A	0	0	34	38.3823529411765
A_PA	177	34	A	0	0	34	38.0588235294118
A_PA	178	34	T	0	0	34	37.9411764705882
A_PA	179	34	C	0	0	34	36.8235294117647
A_PA	180	34	A	0	0	34	37.8529411764706
A_PA	181	33	A	0	0	33	38.6666666666667
A_PA	182	33	T	0	0	33	38.6060606060606
A_PA	183	33	A	0	0	33	38.4242424242424
A_PA	184	33	A	0	0	33	38.5454545454545
A_PA	185	33	T	0	0	33	39.4242424242424
A_PA	186	33	T	0	0	33	37.1212121212121
A_PA	187	32	A	0	0	32	37.375
A_PA	188	32	T	0	0	32	37.875
A_PA	189	32	A	0	0	32	35.1875
A_PA	190	32	G	0	0	32	34.0625
A_PA	191	32	A	0	0	32	33.28125
A_PA	192	32	A	0	0	32	34.3125
A_PA	193	32	T	0	0	32	35.53125
A_PA	194	32	C	0	0	32	35.78125
A_PA	195	32	T	0	0	32	35.625
A_PA	196	32	G	0	0	32	37
A_PA	197	32	G	0	0	32	36.90625
A_PA	198	32	T	0	0	32	36.53125
A_PA	199	32	G	0	0	32	36.71875
A_PA	200	32	A	0	0	32	36.65625
A_PA	201	32	C	0	0	32	37.21875
A_PA	202	32	C	0	0	32	35.5
A_PA	203	32	C	0	0	31	35.3870967741936
A_PA	204	32	A	0	0	32	35.90625
A_PA	205	32	A	0	0	32	37.4375
A_PA	206	32	A	0	0	32	40.09375
A_PA	207	32	T	0	0	32	40.28125
A_PA	208	32	G	0	0	32	41.03125
A_PA	209	32	C	0	0	32	42.1875
A_PA	210	32	A	0	0	32	40.8125
A_PA	211	32	C	0	0	32	39.75
A_PA	212	32	T	0	0	32	40.21875
A_PA	213	32	A	0	0	32	39.4375
A_PA	214	32	T	0	0	32	41.25
A_PA	215	32	T	0	0	32	40.75
A_PA	216	32	G	0	0	32	40.6875
A_PA	217	32	A	0	0	32	40.5625
A_PA	218	32	A	0	0	32	39.375
A_PA	219	32	G	0	0	32	40
A_PA	220	32	C	0	0	32	40.6875
A_PA	221	32	A	0	0	32	39.78125
A_PA	222	32	C	0	0	32	41.5
A_PA	223	32	C	0	0	32	39.75
A_PA	224	32	G	0	0	32	37.53125
A_PA	225	32	A	0	0	32	38.125
A_PA	226	32	T	0	0	32	38.59375
A_PA	227	32	T	0	0	32	36.9375
A_PA	228	32	T	0	0	32	39
A_PA	229	31	G	1	0	31	39.9354838709677
A_PA	230	32	A	0	0	31	41.7741935483871
A_PA	231	32	G	0	0	32	40.71875
A_PA	232	32	A	0	0	32	38.75
A_PA	233	32	T	0	0	32	40.1875
A_PA	234	32	A	0	0	32	37.78125
A_PA	235	32	A	0	0	32	39.0625
A_PA	236	32	T	0	0	32	39.5625
A_PA	237	32	T	0	0	32	39.1875
A_PA	238	32	G	0	0	32	37.6875
A_PA	239	32	A	0	0	32	39.375
A_PA	240	32	A	0	0	32	38.46875
A_PA	241	32	G	0	0	32	37.125
A_PA	242	31	G	1	0	31	37.6451612903226
A_PA	243	31	A	1	0	31	37.2903225806452
A_PA	244	31	A	1	0	31	36.0322580645161
A_PA	245	31	G	1	0	30	37.2666666666667
A_PA	246	31	A	1	0	31	36.9677419354839
A_PA	247	32	G	0	0	32	35.09375
A_PA	248	32	A	0	0	30	35.4333333333333
A_PA	249	32	C	0	0	32	33.9375
A_PA	250	31	C	1	0	31	33.741935483871
A_PA	251	31	G	1	0	31	34.2258064516129
A_PA	252	32	A	0	0	32	33.5
A_PA	253	32	A	0	0	32	35.53125
A_PA	254	32	T	0	0	32	34.875
A_PA	255	32	C	0	0	32	36.125
A_PA	256	32	A	0	0	32	38.15625
A_PA	257	32	T	0	0	32	37.875
A_PA	258	32	G	0	0	32	37.25
A_PA	259	32	G	0	0	32	36.65625
A_PA	260	32	C	0	0	32	36.625
A_PA	261	32	C	0	0	32	35.96875
A_PA	262	32	T	0	0	32	37.625
A_PA	263	32	G	0	0	32	38.34375
A_PA	264	32	G	0	0	32	39.03125
A_PA	265	32	A	0	0	32	39.875
A_PA	266	32	C	0	0	32	39.75
A_PA	267	32	A	0	0	32	39.71875
A_PA	268	32	G	0	0	32	39.75
A_PA	269	32	T	0	0	32	39.96875
A_PA	270	32	G	0	0	32	39.40625
A_PA	271	32	G	0	0	32	41
A_PA	272	32	T	0	0	30	39.4
A_PA	273	32	G	0	0	30	38.3333333333333
A_PA	274	29	A	0	0	29	38.4827586206897
A_PA	275	29	A	0	0	29	38.0689655172414
A_PA	276	29	C	0	0	28	39.8571428571429
A_PA	277	29	A	0	0	29	39.5862068965517
A_PA	278	29	G	0	0	29	38.7586206896552
A_PA	279	29	T	0	0	29	39.9655172413793
A_PA	280	29	A	0	0	29	38.8275862068966
A_PA	281	29	T	0	0	29	39.1724137931034
A_PA	282	29	A	0	0	29	38.1724137931034
A_PA	283	29	T	0	0	29	39.3103448275862
A_PA	284	29	G	0	0	29	39.6206896551724
A_PA	285	29	T	0	0	29	39.6551724137931
A_PA	286	29	A	0	0	29	39.0689655172414
A_PA	287	29	A	0	0	29	39.1379310344828
A_PA	288	29	C	0	0	29	40.5172413793103
A_PA	289	29	A	0	0	29	40.5172413793103
A_PA	290	29	C	0	0	29	41.0344827586207
A_PA	291	29	A	0	0	29	40.0344827586207
A_PA	292	29	A	0	0	29	39.9655172413793
A_PA	293	29	C	0	0	29	40.7586206896552
A_PA	294	29	A	0	0	29	39.2068965517241
A_PA	295	29	G	0	0	29	38.3103448275862
A_PA	296	29	G	0	0	29	39.2413793103448
A_PA	297	29	G	0	0	29	39.2758620689655
A_PA	298	29	A	0	0	28	40.0714285714286
A_PA	299	29	T	0	0	28	39.6785714285714
A_PA	300	27	A	2	0	26	37.7307692307692
A_PA	301	28	G	1	0	27	35.1111111111111
A_PA	302	29	A	0	0	29	33.1724137931034
A_PA	303	29	G	0	0	29	33.5862068965517
A_PA	304	29	A	0	0	29	35.1724137931034
A_PA	305	29	A	0	0	29	37.2413793103448
A_PA	306	29	G	0	0	29	35.5862068965517
A_PA	307	28	C	1	0	28	35.6785714285714
A_PA	308	29	C	0	0	29	35.5172413793103
A_PA	309	29	C	0	0	29	34.3103448275862
A_PA	310	29	A	0	0	29	33.8620689655172
A_PA	311	29	A	0	0	29	36.5862068965517
A_PA	312	29	A	0	0	29	36.6896551724138
A_PA	313	29	T	0	0	29	38.1379310344828
A_PA	314	29	T	0	0	29	40.4827586206897
A_PA	315	29	T	0	0	29	41.551724137931
A_PA	316	29	C	0	0	29	39.9655172413793
A_PA	317	29	T	0	0	29	41.2068965517241
A_PA	318	29	T	0	0	29	40.1034482758621
A_PA	319	29	C	0	0	29	39.551724137931
A_PA	320	29	C	0	0	29	39.4137931034483
A_PA	321	29	T	0	0	29	38.6896551724138
A_PA	322	29	G	0	0	29	37.1034482758621
A_PA	323	29	A	0	0	29	39.6896551724138
A_PA	324	29	T	0	0	29	39.2758620689655
A_PA	325	29	T	0	0	29	39.6896551724138
A_PA	326	29	T	0	0	29	39.1034482758621
A_PA	327	29	G	0	0	29	39.8620689655172
A_PA	328	29	T	0	0	29	39.448275862069
A_PA	329	29	A	0	0	29	39.8620689655172
A_PA	330	29	T	0	0	29	41.6896551724138
A_PA	331	29	G	0	0	29	40.3448275862069
A_PA	332	29	A	0	0	29	41
A_PA	333	29	T	0	0	29	40.5172413793103
A_PA	334	29	T	0	0	29	39.6551724137931
A_PA	335	29	A	0	0	29	39.8275862068966
A_PA	336	29	C	0	0	28	38.3928571428571
A_PA	337	27	A	2	0	27	36.037037037037
A_PA	338	29	A	0	0	29	36.448275862069
A_PA	339	29	A	0	0	29	36.5862068965517
A_PA	340	29	G	0	0	29	35.2413793103448
A_PA	341	29	A	0	0	29	38.0344827586207
A_PA	342	28	G	1	0	28	38.7142857142857
A_PA	343	29	A	0	0	29	37.2413793103448
A_PA	344	29	A	0	0	29	38.2068965517241
A_PA	345	29	C	0	0	29	35.2758620689655
A_PA	346	29	C	0	0	29	34.9655172413793
A_PA	347	28	G	1	0	28	38.2857142857143
A_PA	348	29	G	0	0	29	37.448275862069
A_PA	349	29	T	0	0	29	38.1034482758621
A_PA	350	29	T	0	0	29	38.6206896551724
A_PA	351	29	C	0	0	28	37.8214285714286
A_PA	352	28	A	0	0	28	38.75
A_PA	353	28	T	0	0	28	37.7142857142857
A_PA	354	28	T	0	0	28	38.7142857142857
A_PA	355	28	G	0	0	28	37.8928571428571
A_PA	356	27	A	0	0	27	38.7037037037037
A_PA	357	27	A	0	0	27	39.5555555555556
A_PA	358	27	A	0	0	27	40.1481481481481
A_PA	359	27	T	0	0	27	38.9259259259259
A_PA	360	27	T	0	0	27	40.5555555555556
A_PA	361	27	G	0	0	27	38.962962962963
A_PA	362	27	G	0	0	27	38.962962962963
A_PA	363	27	A	0	0	27	40.1481481481481
A_PA	364	27	G	0	0	27	41
A_PA	365	27	T	0	0	27	39.4444444444444
A_PA	366	27	A	0	0	27	38.962962962963
A_PA	367	27	A	0	0	27	40
A_PA	368	27	C	0	0	27	40.4814814814815
A_PA	369	28	A	0	0	28	39.8928571428571
A_PA	370	28	C	0	0	28	39.9642857142857
A_PA	371	27	G	1	0	27	38.4074074074074
A_PA	372	28	G	0	0	27	38.0740740740741
A_PA	373	28	A	0	0	28	36.6785714285714
A_PA	374	28	G	0	0	27	40
A_PA	375	28	G	0	0	28	39.8928571428571
A_PA	376	28	G	0	0	28	41.1071428571429
A_PA	377	28	A	0	0	28	37.25
A_PA	378	28	A	0	0	28	38.8928571428571
A_PA	379	28	G	0	0	28	38.8928571428571
A_PA	380	28	T	0	0	28	38.1428571428571
A_PA	381	28	C	0	0	28	37
A_PA	382	28	C	0	0	28	37.6785714285714
A_PA	383	28	A	0	0	28	36.3214285714286
A_PA	384	28	C	0	0	28	38.7142857142857
A_PA	385	28	A	0	0	28	38.1071428571429
A_PA	386	28	T	0	0	28	38.4285714285714
A_PA	387	28	A	0	0	27	39.2962962962963
A_PA	388	28	T	0	0	28	38.75
A_PA	389	28	A	0	0	28	38.4642857142857
A_PA	390	28	T	0	0	28	37.4642857142857
A_PA	391	28	T	0	0	27	40.2222222222222
A_PA	392	28	A	0	0	27	38.6296296296296
A_PA	393	28	C	0	0	28	38.3928571428571
A_PA	394	28	C	0	0	28	38.75
A_PA	395	28	T	0	0	28	38.7857142857143
A_PA	396	25	A	0	0	25	35.4
A_PA	397	25	G	0	0	25	35.08
A_PA	398	25	A	0	0	25	34.68
A_PA	399	25	G	0	0	25	36.52
A_PA	400	25	A	0	0	25	35.52
A_PA	401	25	A	0	0	25	36.64
A_PA	402	25	A	0	0	25	38.12
A_PA	403	25	G	0	0	25	37
A_PA	404	25	C	0	0	25	37.68
A_PA	405	25	C	0	0	25	36.96
A_PA	406	25	A	0	0	25	38.64
A_PA	407	25	A	0	0	25	39.28
A_PA	408	25	C	0	0	25	41.48
A_PA	409	25	A	0	0	25	40.72
A_PA	410	26	A	0	0	26	40.7692307692308
A_PA	411	26	A	0	0	26	41.3076923076923
A_PA	412	26	A	0	0	26	40.7692307692308
A_PA	413	26	T	0	0	26	41.2307692307692
A_PA	414	26	A	0	0	26	39.3846153846154
A_PA	415	26	A	0	0	26	38.3076923076923
A_PA	416	26	A	0	0	26	40.7692307692308
A_PA	417	26	A	0	0	26	41.5384615384615
A_PA	418	26	T	0	0	26	41.9615384615385
A_PA	419	26	C	0	0	26	39.8076923076923
A_PA	420	26	T	0	0	26	40.5
A_PA	421	26	G	0	0	25	39.4
A_PA	422	26	A	0	0	26	39.4230769230769
A_PA	423	26	A	0	0	26	38.5384615384615
A_PA	424	26	A	0	0	26	40.4615384615385
A_PA	425	26	A	0	0	26	40.8461538461538
A_PA	426	26	G	0	0	26	41.5
A_PA	427	26	A	0	0	26	43.8846153846154
A_PA	428	26	C	0	0	26	42.6538461538462
A_PA	429	26	A	0	0	26	41.8846153846154
A_PA	430	26	C	0	0	26	42.0384615384615
A_PA	431	26	A	0	0	26	43.1538461538462
A_PA	432	26	C	0	0	26	40
A_PA	433	26	A	0	0	26	41.8076923076923
A_PA	434	26	T	0	0	26	43.1538461538462
A_PA	435	26	T	0	0	26	41.8076923076923
A_PA	436	26	C	0	0	25	41.48
A_PA	437	26	A	0	0	26	40.6923076923077
A_PA	438	26	C	0	0	26	43.1538461538462
A_PA	439	26	A	0	0	26	41.1153846153846
A_PA	440	26	T	0	0	26	40.5769230769231
A_PA	441	26	C	0	0	26	38.8076923076923
A_PA	442	24	T	2	0	24	40.3333333333333
A_PA	443	25	T	1	0	25	38.2
A_PA	444	26	T	0	0	26	36.8461538461538
A_PA	445	26	T	0	0	26	34.5769230769231
A_PA	446	26	C	0	0	26	33.6538461538462
A_PA	447	26	A	0	0	26	37
A_PA	448	26	T	0	0	26	40.0769230769231
A_PA	449	26	T	0	0	26	38.4615384615385
A_PA	450	26	C	0	0	26	40.3076923076923
A_PA	451	26	A	0	0	26	39.2692307692308
A_PA	452	26	C	0	0	26	38.1153846153846
A_PA	453	26	T	0	0	26	38.2307692307692
A_PA	454	26	G	0	0	26	36
A_PA	455	26	G	0	0	26	35.8461538461538
A_PA	456	23	A	0	0	23	37.695652173913
A_PA	457	23	G	0	0	23	38.695652173913
A_PA	458	23	A	0	0	23	38.6521739130435
A_PA	459	22	G	0	0	22	38.7272727272727
A_PA	460	22	G	0	0	22	38.1818181818182
A_PA	461	22	A	0	0	22	35.7727272727273
A_PA	462	22	G	0	0	22	36.3181818181818
A_PA	463	22	A	0	0	22	35.6818181818182
A_PA	464	22	T	0	0	22	35.8636363636364
A_PA	465	22	G	0	0	22	34.7727272727273
A_PA	466	22	G	0	0	22	36.8636363636364
A_PA	467	21	C	0	0	21	39.5714285714286
A_PA	468	21	C	0	0	21	40.8571428571429
A_PA	469	21	A	0	0	21	39.7142857142857
A_PA	470	21	C	0	0	21	39.7619047619048
A_PA	471	21	C	0	0	21	38.8571428571429
A_PA	472	21	A	0	0	20	41.4
A_PA	473	21	A	0	0	21	39.0476190476191
A_PA	474	20	A	0	0	20	39.6
A_PA	475	19	G	1	0	19	40.7368421052632
A_PA	476	20	C	0	0	20	39.35
A_PA	477	20	A	0	0	19	40.8421052631579
A_PA	478	20	G	0	0	19	41.8421052631579
A_PA	479	20	A	0	0	20	38.8
A_PA	480	20	C	0	0	20	36.95
A_PA	481	20	T	0	0	20	38.15
A_PA	482	20	A	0	0	20	38.8
A_PA	483	19	C	0	0	19	37.8947368421053
A_PA	484	18	A	0	0	18	38.9444444444444
A_PA	485	18	C	0	0	18	39.6666666666667
A_PA	486	18	C	0	0	18	40.1666666666667
A_PA	487	18	C	0	0	18	41
A_PA	488	18	T	0	0	18	41.6666666666667
A_PA	489	18	T	0	0	18	42.1666666666667
A_PA	490	17	G	1	0	17	40.4117647058824
A_PA	491	15	A	0	0	15	40.4
A_PA	492	15	C	0	0	15	40.4
A_PA	493	15	G	0	0	15	38.4666666666667
A_PA	494	15	A	0	0	15	39.8666666666667
A_PA	495	15	A	0	0	15	38.2
A_PA	496	15	G	0	0	15	40.1333333333333
A_PA	497	15	A	0	0	15	40
A_PA	498	15	A	0	0	15	40.4
A_PA	499	15	A	0	0	15	40.8666666666667
A_PA	500	15	G	0	0	15	40.3333333333333
A_PA	501	15	C	0	0	15	41.3333333333333
A_PA	502	14	A	1	0	14	38.4285714285714
A_PA	503	14	G	1	0	14	38.2857142857143
A_PA	504	14	A	1	0	14	38.5
A_PA	505	14	G	1	0	14	39.7142857142857
A_PA	506	14	C	1	0	14	39.0714285714286
A_PA	507	14	A	1	0	14	41.8571428571429
A_PA	508	15	A	0	0	15	39.8
A_PA	509	15	G	0	0	14	41
A_PA	510	15	A	0	0	15	41.1333333333333
A_PA	511	15	A	0	0	15	41.4
A_PA	512	15	T	0	0	15	40.8
A_PA	513	15	C	0	0	15	38.9333333333333
A_PA	514	15	A	0	0	15	39.2
A_PA	515	15	A	0	0	15	39.0666666666667
A_PA	516	15	A	0	0	15	38.1333333333333
A_PA	517	15	A	0	0	15	38.8666666666667
A_PA	518	15	C	0	0	15	37.8666666666667
A_PA	519	15	T	0	0	14	39.2857142857143
A_PA	520	15	A	0	0	15	36.1333333333333
A_PA	521	15	G	0	0	15	35.4
A_PA	522	15	G	0	0	15	36.6666666666667
A_PA	523	15	C	0	0	15	36.1333333333333
A_PA	524	15	T	0	0	15	35.0666666666667
A_PA	525	15	T	0	0	15	37.2
A_PA	526	15	T	0	0	15	37.5333333333333
A_PA	527	15	T	0	0	15	38.4
A_PA	528	14	C	1	0	14	38.4285714285714
A_PA	529	15	A	0	0	15	38.6666666666667
A_PA	530	15	C	0	0	15	38.9333333333333
A_PA	531	15	T	0	0	15	39.8
A_PA	532	15	A	0	0	15	39.5333333333333
A_PA	533	15	T	0	0	15	39.7333333333333
A_PA	534	15	A	0	0	15	35.9333333333333
A_PA	535	15	A	0	0	15	36
A_PA	536	15	G	0	0	15	36.4666666666667
A_PA	537	15	A	0	0	15	37.9333333333333
A_PA	538	15	C	0	0	15	36.4666666666667
A_PA	539	15	A	0	0	15	36.6666666666667
A_PA	540	15	A	0	0	15	39
A_PA	541	15	G	0	0	15	39.5333333333333
A_PA	542	15	A	0	0	15	39.2666666666667
A_PA	543	15	A	0	0	15	41.4
A_PA	544	15	A	0	0	15	40.2666666666667
A_PA	545	15	T	0	0	15	38.4
A_PA	546	15	G	0	0	15	41.1333333333333
A_PA	547	15	G	0	0	15	39.4
A_PA	548	15	C	0	0	15	42.7333333333333
A_PA	549	15	C	0	0	15	42.6
A_PA	550	15	A	0	0	15	40.9333333333333
A_PA	551	15	G	0	0	15	40.0666666666667
A_PA	552	15	T	0	0	15	39.4
A_PA	553	15	A	0	0	15	40.1333333333333
A_PA	554	15	G	0	0	15	39.7333333333333
A_PA	555	14	G	1	0	14	40.8571428571429
A_PA	556	14	A	1	0	14	40
A_PA	557	15	G	0	0	14	43.0714285714286
A_PA	558	15	T	0	0	15	37.8666666666667
A_PA	559	14	C	1	0	14	36.5
A_PA	560	15	T	0	0	15	38.3333333333333
A_PA	561	15	A	0	0	15	37.8
A_PA	562	15	T	0	0	15	37
A_PA	563	15	G	0	0	15	35.8666666666667
A_PA	564	15	G	0	0	15	37.1333333333333
A_PA	565	15	G	0	0	15	35.4666666666667
A_PA	566	15	A	0	0	15	36.4666666666667
A_PA	567	15	T	0	0	15	37.3333333333333
A_PA	568	15	T	0	0	15	38
A_PA	569	15	C	0	0	15	36.7333333333333
A_PA	570	15	C	0	0	15	39.0666666666667
A_PA	571	14	T	1	0	14	38
A_PA	572	15	T	0	0	15	39.5333333333333
A_PA	573	15	T	0	0	15	39.1333333333333
A_PA	574	15	C	0	0	15	39.0666666666667
A_PA	575	15	G	0	0	15	38.4666666666667
A_PA	576	15	T	0	0	15	39.9333333333333
A_PA	577	15	C	0	0	15	39
A_PA	578	14	A	1	0	14	40.4285714285714
A_PA	579	14	G	0	0	14	38.7857142857143
A_PA	580	14	T	0	0	14	37.9285714285714
A_PA	581	14	C	0	0	14	39.1428571428571
A_PA	582	14	C	0	0	14	37.4285714285714
A_PA	583	13	G	1	0	13	39.3846153846154
A_PA	584	14	A	0	0	14	38
A_PA	585	14	A	0	0	14	38.7857142857143
A_PA	586	14	A	0	0	14	40
A_PA	587	14	G	0	0	14	38.5714285714286
A_PA	588	14	A	0	0	14	40.5
A_PA	589	14	G	0	0	14	40.7857142857143
A_PA	590	13	G	0	0	13	38.2307692307692
A_PA	591	13	C	0	0	13	38.5384615384615
A_PA	592	12	G	0	0	12	36.8333333333333
A_PA	593	12	A	0	0	12	37.75
A_PA	594	12	A	0	0	12	36.6666666666667
A_PA	595	12	G	0	0	12	37.3333333333333
A_PA	596	12	A	0	0	12	39
A_PA	597	12	A	0	0	12	39.5833333333333
A_PA	598	12	A	0	0	12	40.4166666666667
A_PA	599	12	C	0	0	12	39.6666666666667
A_PA	600	12	A	0	0	12	40.25
A_PA	601	12	A	0	0	12	43.25
A_PA	602	12	T	0	0	12	42.75
A_PA	603	12	T	0	0	12	42.9166666666667
A_PA	604	12	G	0	0	12	40.75
A_PA	605	12	A	0	0	12	44.25
A_PA	606	12	A	0	0	12	41.25
A_PA	607	12	G	0	0	12	41.9166666666667
A_PA	608	12	A	0	0	12	41.0833333333333
A_PA	609	12	A	0	0	12	43.9166666666667
A_PA	610	12	A	0	0	12	40.1666666666667
A_PA	611	12	A	0	0	12	39.8333333333333
A_PA	612	12	G	0	0	12	40.4166666666667
A_PA	613	12	T	0	0	12	39.5
A_PA	614	12	T	0	0	12	41.5833333333333
A_PA	615	12	T	0	0	12	42.0833333333333
A_PA	616	12	G	0	0	12	41.8333333333333
A_PA	617	12	A	0	0	12	40.5
A_PA	618	12	A	0	0	12	43.25
A_PA	619	12	A	0	0	12	42
A_PA	620	12	T	0	0	12	42.5833333333333
A_PA	621	12	T	0	0	12	43.5
A_PA	622	12	A	0	0	12	43.5833333333333
A_PA	623	12	C	0	0	12	41.1666666666667
A_PA	624	12	A	0	0	12	41.1666666666667
A_PA	625	12	G	0	0	12	41.4166666666667
A_PA	626	12	G	0	0	12	40.0833333333333
A_PA	627	12	A	0	0	12	41.8333333333333
A_PA	628	12	A	0	0	12	43.75
A_PA	629	12	C	0	0	12	43.4166666666667
A_PA	630	12	T	0	0	12	43.5
A_PA	631	12	A	0	0	12	43.8333333333333
A_PA	632	12	T	0	0	12	42.8333333333333
A_PA	633	12	G	0	0	12	42.25
A_PA	634	12	C	0	0	12	42.0833333333333
A_PA	635	12	G	0	0	12	40.75
A_PA	636	12	C	0	0	12	41.25
A_PA	637	12	A	0	0	12	38.75
A_PA	638	12	A	0	0	12	39.5833333333333
A_PA	639	12	G	0	0	12	40.6666666666667
A_PA	640	12	C	0	0	12	39.5833333333333
A_PA	641	12	T	0	0	12	40.5
A_PA	642	12	T	0	0	12	40
A_PA	643	12	G	0	0	12	39.9166666666667
A_PA	644	12	C	0	0	12	41.4166666666667
A_PA	645	12	C	0	0	12	36.1666666666667
A_PA	646	12	G	0	0	12	33.5
A_PA	647	12	A	0	0	12	31
A_PA	648	12	C	0	0	12	33.0833333333333
A_PA	649	12	C	0	0	12	32.8333333333333
A_PA	650	12	A	0	0	12	35.5833333333333
A_PA	651	12	A	0	0	12	34.9166666666667
A_PA	652	12	A	0	0	12	36.4166666666667
A_PA	653	12	G	0	0	12	36.9166666666667
A_PA	654	12	T	0	0	12	37.3333333333333
A_PA	655	12	C	0	0	12	37.5
A_PA	656	12	T	0	0	12	36.4166666666667
A_PA	657	12	C	0	0	12	37
A_PA	658	12	C	0	0	12	36.25
A_PA	659	12	C	0	0	12	37.8333333333333
A_PA	660	12	A	0	0	12	37.1666666666667
A_PA	661	12	C	0	0	12	38.4166666666667
A_PA	662	12	C	0	0	12	39.75
A_PA	663	12	A	0	0	11	39.0909090909091
A_PA	664	12	A	0	0	12	39.8333333333333
A_PA	665	12	A	0	0	12	42.1666666666667
A_PA	666	12	C	0	0	12	42.5
A_PA	667	12	T	0	0	12	42.3333333333333
A_PA	668	12	T	0	0	12	42.25
A_PA	669	12	C	0	0	12	42.9166666666667
A_PA	670	12	T	0	0	12	42.8333333333333
A_PA	671	12	C	0	0	12	41.4166666666667
A_PA	672	12	C	0	0	12	40.5
A_PA	673	12	T	0	0	12	40.5
A_PA	674	12	G	0	0	12	41
A_PA	675	12	C	0	0	12	39.9166666666667
A_PA	676	12	C	0	0	12	40.1666666666667
A_PA	677	12	T	0	0	12	40.5833333333333
A_PA	678	12	T	0	0	12	39.75
A_PA	679	12	G	0	0	12	39.25
A_PA	680	12	A	0	0	12	39.1666666666667
A_PA	681	12	A	0	0	12	43.25
A_PA	682	12	A	0	0	12	42.0833333333333
A_PA	683	12	A	0	0	12	42.1666666666667
A_PA	684	12	C	0	0	12	42.75
A_PA	685	12	T	0	0	12	44.5833333333333
A_PA	686	12	T	0	0	12	42.25
A_PA	687	12	C	0	0	12	39.4166666666667
A_PA	688	12	A	0	0	12	40
A_PA	689	12	G	0	0	12	38.8333333333333
A_PA	690	12	A	0	0	12	37.1666666666667
A_PA	691	12	G	0	0	12	38.8333333333333
A_PA	692	12	C	0	0	12	38.5
A_PA	693	12	C	0	0	12	39.75
A_PA	694	12	T	0	0	12	40.5
A_PA	695	12	A	0	0	12	40.3333333333333
A_PA	696	12	T	0	0	12	40.3333333333333
A_PA	697	12	G	0	0	12	41.75
A_PA	698	12	T	0	0	12	41.4166666666667
A_PA	699	12	A	0	0	12	42.25
A_PA	700	12	G	0	0	12	43.1666666666667
A_PA	701	12	A	0	0	12	42.3333333333333
A_PA	702	12	T	0	0	12	42.25
A_PA	703	12	G	0	0	12	41.4166666666667
A_PA	704	12	G	0	0	12	42.25
A_PA	705	12	A	0	0	12	40.75
A_PA	706	12	T	0	0	12	39.8333333333333
A_PA	707	12	T	0	0	12	42.4166666666667
A_PA	708	12	C	0	0	12	42.9166666666667
A_PA	709	12	G	0	0	12	41.0833333333333
A_PA	710	12	A	0	0	12	41
A_PA	711	12	G	0	0	12	40.0833333333333
A_PA	712	12	C	0	0	12	40.25
A_PA	713	12	C	0	0	12	39
A_PA	714	12	G	0	0	12	39.3333333333333
A_PA	715	12	A	0	0	12	39.0833333333333
A_PA	716	12	A	0	0	12	36.75
A_PA	717	12	C	0	0	12	36
A_PA	718	12	G	0	0	12	35.8333333333333
A_PA	719	12	G	0	0	12	37.3333333333333
A_PA	720	12	C	0	0	12	36.1666666666667
A_PA	721	12	T	0	0	12	35.5
A_PA	722	12	G	0	0	12	35.4166666666667
A_PA	723	12	C	0	0	12	37.25
A_PA	724	12	A	0	0	12	38.8333333333333
A_PA	725	12	T	0	0	12	39.4166666666667
A_PA	726	12	T	0	0	12	40.5833333333333
A_PA	727	12	G	0	0	12	39.8333333333333
A_PA	728	12	A	0	0	12	41.5
A_PA	729	12	G	0	0	12	40.75
A_PA	730	12	G	0	0	12	41.5
A_PA	731	12	G	0	0	12	40.8333333333333
A_PA	732	12	C	0	0	12	37.1666666666667
A_PA	733	12	A	0	0	12	35.1666666666667
A_PA	734	12	A	0	0	12	34.5
A_PA	735	12	G	0	0	12	32.5
A_PA	736	12	C	0	0	12	33
A_PA	737	12	T	0	0	12	31.3333333333333
A_PA	738	12	T	0	0	12	32.1666666666667
A_PA	739	12	T	0	0	12	29.5833333333333
A_PA	740	12	C	0	0	11	32.3636363636364
A_PA	741	12	C	0	0	12	30.3333333333333
A_PA	742	12	C	0	0	12	31.25
A_PA	743	12	A	0	0	12	32.3333333333333
A_PA	744	12	A	0	0	12	33.4166666666667
A_PA	745	12	A	0	0	12	36.9166666666667
A_PA	746	12	T	0	0	12	34.5
A_PA	747	12	G	0	0	12	34.4166666666667
A_PA	748	12	T	0	0	12	34.0833333333333
A_PA	749	12	C	0	0	12	32.4166666666667
A_PA	750	12	A	0	0	12	34.4166666666667
A_PA	751	12	A	0	0	12	36.4166666666667
A_PA	752	12	A	0	0	12	35.3333333333333
A_PA	753	12	A	0	0	12	39
A_PA	754	12	G	0	0	12	41.5833333333333
A_PA	755	12	A	0	0	12	40.1666666666667
A_PA	756	12	A	0	0	12	39.6666666666667
A_PA	757	12	G	0	0	12	38.6666666666667
A_PA	758	12	T	0	0	12	38.0833333333333
A_PA	759	12	G	0	0	12	38.5
A_PA	760	12	A	0	0	12	39.1666666666667
A_PA	761	12	A	0	0	12	39.3333333333333
A_PA	762	12	C	0	0	12	39.3333333333333
A_PA	763	12	G	0	0	12	38.3333333333333
A_PA	764	12	C	0	0	12	38.4166666666667
A_PA	765	12	C	0	0	12	37.3333333333333
A_PA	766	12	A	0	0	12	36.8333333333333
A_PA	767	12	A	0	0	12	38.6666666666667
A_PA	768	12	A	0	0	12	39.25
A_PA	769	12	A	0	0	12	39.8333333333333
A_PA	770	12	T	0	0	12	40.3333333333333
A_PA	771	12	T	0	0	12	40.5
A_PA	772	12	G	0	0	12	36.75
A_PA	773	12	A	0	0	12	37.75
A_PA	774	12	A	0	0	12	37.0833333333333
A_PA	775	12	C	0	0	12	38.1666666666667
A_PA	776	12	C	0	0	12	37.1666666666667
A_PA	777	12	A	0	0	12	37
A_PA	778	12	T	0	0	12	37.0833333333333
A_PA	779	12	T	0	0	12	37.5
A_PA	780	12	C	0	0	12	37.5833333333333
A_PA	781	12	T	0	0	12	38.25
A_PA	782	12	T	0	0	12	37.5833333333333
A_PA	783	11	G	1	0	11	41.9090909090909
A_PA	784	10	A	2	0	10	41.7
A_PA	785	12	A	0	0	12	37.1666666666667
A_PA	786	12	G	0	0	12	37.25
A_PA	787	12	A	0	0	12	34.4166666666667
A_PA	788	12	C	0	0	12	34.75
A_PA	789	12	G	0	0	12	32.0833333333333
A_PA	790	12	A	0	0	12	34.4166666666667
A_PA	791	12	C	0	0	12	38
A_PA	792	12	A	0	0	12	36.5833333333333
A_PA	793	12	C	0	0	12	38.1666666666667
A_PA	794	12	C	0	0	12	37.9166666666667
A_PA	795	12	A	0	0	12	38.5
A_PA	796	12	C	0	0	12	40
A_PA	797	12	G	0	0	12	37.6666666666667
A_PA	798	11	C	1	0	11	39.9090909090909
A_PA	799	12	C	0	0	12	38
A_PA	800	12	C	0	0	12	38.25
A_PA	801	12	C	0	0	12	36.8333333333333
A_PA	802	12	C	0	0	12	36.1666666666667
A_PA	803	12	T	0	0	12	36.8333333333333
A_PA	804	12	C	0	0	12	38.1666666666667
A_PA	805	12	A	0	0	12	40.0833333333333
A_PA	806	12	G	0	0	12	37.75
A_PA	807	12	A	0	0	12	39.1666666666667
A_PA	808	12	T	0	0	12	40.5833333333333
A_PA	809	12	T	0	0	12	40
A_PA	810	12	A	0	0	12	39.4166666666667
A_PA	811	12	C	0	0	12	39.5833333333333
A_PA	812	12	C	0	0	12	38.4166666666667
A_PA	813	11	T	1	0	11	39.6363636363636
A_PA	814	12	G	0	0	12	37.9166666666667
A_PA	815	12	A	0	0	12	39.4166666666667
A_PA	816	12	T	0	0	12	39.5833333333333
A_PA	817	12	G	0	0	12	39.5
A_PA	818	12	G	0	0	12	40.9166666666667
A_PA	819	11	A	1	0	11	40.3636363636364
A_PA	820	12	C	0	0	12	40.0833333333333
A_PA	821	12	C	0	0	11	41.2727272727273
A_PA	822	12	T	0	0	12	39.4166666666667
A_PA	823	12	C	0	0	12	39.5833333333333
A_PA	824	12	T	0	0	12	38.8333333333333
A_PA	825	12	T	0	0	12	37.5833333333333
A_PA	826	12	T	0	0	11	37.3636363636364
A_PA	827	12	G	0	0	12	36.75
A_PA	828	12	C	0	0	12	38.3333333333333
A_PA	829	12	C	0	0	12	36.6666666666667
A_PA	830	12	A	0	0	12	38.5833333333333
A_PA	831	12	C	0	0	12	39.6666666666667
A_PA	832	12	C	0	0	12	38.9166666666667
A_PA	833	12	A	0	0	12	40.0833333333333
A_PA	834	12	G	0	0	12	41.75
A_PA	835	12	C	0	0	12	41.8333333333333
A_PA	836	12	G	0	0	12	39.8333333333333
A_PA	837	12	G	0	0	12	38.0833333333333
A_PA	838	12	T	0	0	12	40.0833333333333
A_PA	839	12	C	0	0	12	37.25
A_PA	840	12	A	0	0	12	34.25
A_PA	841	12	A	0	0	12	36.0833333333333
A_PA	842	12	A	0	0	12	34.3333333333333
A_PA	843	12	G	0	0	10	34.6
A_PA	844	12	T	0	0	11	34.5454545454545
A_PA	845	11	T	1	0	11	30.1818181818182
A_PA	846	11	C	1	0	11	31.1818181818182
A_PA	847	12	C	0	0	12	33.4166666666667
A_PA	848	13	T	0	0	13	33.2307692307692
A_PA	849	13	G	0	0	13	36.4615384615385
A_PA	850	13	C	0	0	12	39.6666666666667
A_PA	851	13	T	0	0	13	38.0769230769231
A_PA	852	13	G	0	0	13	37.9230769230769
A_PA	853	13	A	0	0	13	37
A_PA	854	13	T	0	0	13	39
A_PA	855	13	G	0	0	13	39.6923076923077
A_PA	856	13	G	0	0	13	39.8461538461538
A_PA	857	13	A	0	0	13	40.5384615384615
A_PA	858	13	T	0	0	13	40.3076923076923
A_PA	859	13	G	0	0	13	41.1538461538462
A_PA	860	13	C	0	0	13	39.5384615384615
A_PA	861	13	T	0	0	13	39.7692307692308
A_PA	862	13	C	0	0	13	41.3076923076923
A_PA	863	13	T	0	0	13	40.4615384615385
A_PA	864	13	G	0	0	13	40.6153846153846
A_PA	865	13	A	0	0	13	39.8461538461538
A_PA	866	13	A	0	0	13	41.2307692307692
A_PA	867	13	A	0	0	13	43.6923076923077
A_PA	868	13	T	0	0	13	44.4615384615385
A_PA	869	13	T	0	0	13	41.3076923076923
A_PA	870	13	A	0	0	13	41.2307692307692
A_PA	871	13	A	0	0	13	40.0769230769231
A_PA	872	13	G	0	0	13	42.0769230769231
A_PA	873	13	C	0	0	13	41.3846153846154
A_PA	874	13	A	0	0	13	38.7692307692308
A_PA	875	13	T	0	0	13	39.6153846153846
A_PA	876	13	T	0	0	13	39.6923076923077
A_PA	877	13	G	0	0	13	37.8461538461538
A_PA	878	13	A	0	0	13	36.3846153846154
A_PA	879	13	A	0	0	13	35.6153846153846
A_PA	880	13	G	0	0	13	37.2307692307692
A_PA	881	12	A	1	0	12	37
A_PA	882	13	C	0	0	13	35.6923076923077
A_PA	883	13	C	0	0	13	37.2307692307692
A_PA	884	13	C	0	0	13	36.8461538461538
A_PA	885	13	G	0	0	13	37.0769230769231
A_PA	886	13	A	0	0	13	36.8461538461538
A_PA	887	13	G	0	0	13	35.1538461538462
A_PA	888	13	T	0	0	13	37.7692307692308
A_PA	889	13	C	0	0	13	37.1538461538462
A_PA	890	13	A	0	0	13	41.3076923076923
A_PA	891	13	C	0	0	13	41.1538461538462
A_PA	892	13	G	0	0	13	37.6923076923077
A_PA	893	13	A	0	0	13	38.2307692307692
A_PA	894	11	G	2	0	11	38.0909090909091
A_PA	895	13	G	0	0	13	40.0769230769231
A_PA	896	13	G	0	0	13	41.2307692307692
A_PA	897	13	G	0	0	13	42
A_PA	898	13	G	0	0	13	41.3846153846154
A_PA	899	13	A	0	0	13	39.6923076923077
A_PA	900	13	A	0	0	13	39.6153846153846
A_PA	901	13	G	0	0	13	41.3846153846154
A_PA	902	13	G	0	0	13	38.3076923076923
A_PA	903	13	A	0	0	13	40.4615384615385
A_PA	904	13	A	0	0	13	41.1538461538462
A_PA	905	13	T	0	0	13	40.4615384615385
A_PA	906	13	A	0	0	13	39.3846153846154
A_PA	907	13	C	0	0	13	41.9230769230769
A_PA	908	13	C	0	0	13	41.6923076923077
A_PA	909	13	A	0	0	13	40.2307692307692
A_PA	910	13	C	0	0	13	39.9230769230769
A_PA	911	13	T	0	0	13	40.4615384615385
A_PA	912	13	A	0	0	13	40.6153846153846
A_PA	913	13	T	0	0	12	40.6666666666667
A_PA	914	13	A	0	0	13	40.3846153846154
A_PA	915	13	T	0	0	13	42.1538461538462
A_PA	916	13	G	0	0	13	42.6153846153846
A_PA	917	13	A	0	0	13	41.9230769230769
A_PA	918	13	T	0	0	12	39.0833333333333
A_PA	919	13	G	0	0	13	39.6923076923077
A_PA	920	13	C	0	0	13	38.8461538461538
A_PA	921	13	A	0	0	13	35.6153846153846
A_PA	922	13	A	0	0	13	36.4615384615385
A_PA	923	13	T	0	0	13	35.5384615384615
A_PA	924	13	C	0	0	13	36.9230769230769
A_PA	925	13	A	0	0	13	38.6923076923077
A_PA	926	13	A	0	0	13	41.6923076923077
A_PA	927	13	A	0	0	13	39
A_PA	928	13	T	0	0	13	40.0769230769231
A_PA	929	13	G	0	0	13	37.0769230769231
A_PA	930	13	C	0	0	13	37.7692307692308
A_PA	931	13	A	0	0	13	33.9230769230769
A_PA	932	13	T	0	0	13	35.3076923076923
A_PA	933	13	G	0	0	13	35.2307692307692
A_PA	934	13	A	0	0	13	37.3076923076923
A_PA	935	13	A	0	0	13	37.7692307692308
A_PA	936	13	G	0	0	13	38.7692307692308
A_PA	937	13	A	0	0	13	38.4615384615385
A_PA	938	13	C	0	0	13	37.8461538461538
A_PA	939	13	A	0	0	13	38.0769230769231
A_PA	940	13	T	0	0	13	39.3846153846154
A_PA	941	13	T	0	0	13	38.3076923076923
A_PA	942	13	C	0	0	13	38.5384615384615
A_PA	943	13	T	0	0	13	36.5384615384615
A_PA	944	13	T	0	0	13	36.8461538461538
A_PA	945	13	T	0	0	13	35.3846153846154
A_PA	946	13	G	0	0	13	35.0769230769231
A_PA	947	13	G	0	0	13	33.6923076923077
A_PA	948	13	C	0	0	13	36.0769230769231
A_PA	949	13	T	0	0	13	36
A_PA	950	13	G	0	0	13	35.9230769230769
A_PA	951	13	G	0	0	13	35.7692307692308
A_PA	952	13	A	0	0	13	36.8461538461538
A_PA	953	13	A	0	0	13	37.7692307692308
A_PA	954	13	A	0	0	13	38.4615384615385
A_PA	955	13	G	0	0	13	38.7692307692308
A_PA	956	13	A	0	0	13	36.1538461538462
A_PA	957	13	G	0	0	13	36.8461538461538
A_PA	958	13	C	0	0	13	36
A_PA	959	13	C	0	0	13	36.4615384615385
A_PA	960	13	T	0	0	13	37.1538461538462
A_PA	961	13	A	0	0	13	36.4615384615385
A_PA	962	13	A	0	0	13	38.5384615384615
A_PA	963	13	A	0	0	13	37.8461538461538
A_PA	964	13	A	0	0	13	38
A_PA	965	13	T	0	0	13	39
A_PA	966	13	A	0	0	13	36.5384615384615
A_PA	967	13	G	0	0	13	38.2307692307692
A_PA	968	13	T	0	0	13	36.9230769230769
A_PA	969	13	C	0	0	13	36.7692307692308
A_PA	970	13	A	0	0	13	37.7692307692308
A_PA	971	13	A	0	0	13	40.1538461538462
A_PA	972	13	A	0	0	13	39.8461538461538
A_PA	973	13	C	0	0	13	41.5384615384615
A_PA	974	13	C	0	0	13	41.1538461538462
A_PA	975	13	A	0	0	13	41.2307692307692
A_PA	976	13	C	0	0	13	40.6923076923077
A_PA	977	13	A	0	0	13	42.6153846153846
A_PA	978	13	T	0	0	13	40.5384615384615
A_PA	979	13	G	0	0	13	42.8461538461538
A_PA	980	13	A	0	0	13	41.8461538461538
A_PA	981	13	G	0	0	13	40.1538461538462
A_PA	982	13	A	0	0	13	43.3076923076923
A_PA	983	13	A	0	0	13	39.6153846153846
A_PA	984	13	A	0	0	13	39.2307692307692
A_PA	985	13	G	0	0	13	36.4615384615385
A_PA	986	13	G	0	0	13	38.3076923076923
A_PA	987	12	C	1	0	11	37.7272727272727
A_PA	988	12	G	1	0	12	40
A_PA	989	11	T	2	0	11	39.2727272727273
A_PA	990	12	A	1	0	11	41.6363636363636
A_PA	991	12	A	1	0	12	40.6666666666667
A_PA	992	13	A	0	0	12	40
A_PA	993	13	T	0	0	13	41.3846153846154
A_PA	994	12	C	1	0	12	40.1666666666667
A_PA	995	13	C	0	0	13	40.4615384615385
A_PA	996	13	C	0	0	13	38.8461538461538
A_PA	997	13	A	0	0	13	38.4615384615385
A_PA	998	13	A	0	0	13	38.2307692307692
A_PA	999	13	T	0	0	13	39.1538461538462
A_PA	1000	13	T	0	0	12	41
A_PA	1001	13	A	0	0	13	39.2307692307692
A_PA	1002	13	C	0	0	13	38.2307692307692
A_PA	1003	13	C	0	0	13	35.4615384615385
A_PA	1004	13	T	0	0	13	38.4615384615385
A_PA	1005	13	C	0	0	12	39.1666666666667
A_PA	1006	13	A	0	0	13	39.7692307692308
A_PA	1007	13	T	0	0	13	39.3076923076923
A_PA	1008	13	G	0	0	13	37.9230769230769
A_PA	1009	13	A	0	0	13	35.3076923076923
A_PA	1010	13	C	0	0	13	35.9230769230769
A_PA	1011	13	T	0	0	13	35.3076923076923
A_PA	1012	13	T	0	0	13	34.6923076923077
A_PA	1013	13	G	0	0	13	34.8461538461538
A_PA	1014	13	G	0	0	13	35.0769230769231
A_PA	1015	13	A	0	0	13	36.2307692307692
A_PA	1016	13	A	0	0	13	34.6153846153846
A_PA	1017	13	T	0	0	13	37.1538461538462
A_PA	1018	13	C	0	0	13	36.2307692307692
A_PA	1019	13	A	0	0	13	37.8461538461538
A_PA	1020	12	G	0	0	12	38.75
A_PA	1021	12	G	0	0	12	37.75
A_PA	1022	12	T	0	0	12	38.75
A_PA	1023	12	G	0	0	12	37
A_PA	1024	12	C	0	0	12	38.8333333333333
A_PA	1025	12	T	0	0	12	41.4166666666667
A_PA	1026	12	A	0	0	12	43.75
A_PA	1027	12	G	0	0	12	42.0833333333333
A_PA	1028	12	C	0	0	12	43.0833333333333
A_PA	1029	12	A	0	0	12	40.1666666666667
A_PA	1030	12	G	0	0	12	40.6666666666667
A_PA	1031	12	A	0	0	12	40.6666666666667
A_PA	1032	12	G	0	0	12	40.0833333333333
A_PA	1033	12	C	0	0	12	37.75
A_PA	1034	12	T	0	0	12	36.6666666666667
A_PA	1035	12	A	0	0	12	36.8333333333333
A_PA	1036	12	C	0	0	12	37.25
A_PA	1037	12	A	0	0	12	38.6666666666667
A_PA	1038	12	G	0	0	12	37.5833333333333
A_PA	1039	12	G	0	0	12	35.5833333333333
A_PA	1040	12	A	0	0	12	36.25
A_PA	1041	12	C	0	0	12	35.75
A_PA	1042	12	A	0	0	12	34.25
A_PA	1043	12	T	0	0	12	36
A_PA	1044	12	T	0	0	12	37.1666666666667
A_PA	1045	12	G	0	0	12	37.3333333333333
A_PA	1046	12	A	0	0	12	37.75
A_PA	1047	12	A	0	0	12	40.3333333333333
A_PA	1048	12	A	0	0	12	40.3333333333333
A_PA	1049	12	A	0	0	12	42.25
A_PA	1050	12	T	0	0	12	40.75
A_PA	1051	11	G	1	0	11	41.6363636363636
A_PA	1052	11	A	1	0	11	38.8181818181818
A_PA	1053	10	A	2	0	10	38.6
A_PA	1054	10	G	2	0	10	35.8
A_PA	1055	11	A	1	0	11	39.8181818181818
A_PA	1056	12	G	0	0	12	36.9166666666667
A_PA	1057	12	A	0	0	12	36.3333333333333
A_PA	1058	12	A	0	0	11	37.7272727272727
A_PA	1059	12	A	0	0	12	41.4166666666667
A_PA	1060	12	A	0	0	12	40.75
A_PA	1061	12	T	0	0	12	41.0833333333333
A_PA	1062	12	C	0	0	11	41.5454545454545
A_PA	1063	12	C	0	0	12	42.75
A_PA	1064	12	C	0	0	11	43.1818181818182
A_PA	1065	12	A	0	0	12	41.5833333333333
A_PA	1066	12	A	0	0	12	42.9166666666667
A_PA	1067	12	G	0	0	12	41.5
A_PA	1068	12	G	0	0	12	40.75
A_PA	1069	12	A	0	0	12	42.4166666666667
A_PA	1070	12	C	0	0	12	39.5
A_PA	1071	12	A	0	0	12	39.1666666666667
A_PA	1072	12	A	0	0	12	39.3333333333333
A_PA	1073	12	A	0	0	12	38.3333333333333
A_PA	1074	12	G	0	0	12	39.9166666666667
A_PA	1075	12	A	0	0	12	42.3333333333333
A_PA	1076	12	A	0	0	12	43.75
A_PA	1077	12	C	0	0	12	40.8333333333333
A_PA	1078	12	A	0	0	12	42.25
A_PA	1079	12	T	0	0	12	42.4166666666667
A_PA	1080	12	G	0	0	12	43.1666666666667
A_PA	1081	12	A	0	0	12	42.3333333333333
A_PA	1082	12	A	0	0	12	43.75
A_PA	1083	12	G	0	0	12	41.5
A_PA	1084	12	A	0	0	12	42.6666666666667
A_PA	1085	12	A	0	0	12	40.75
A_PA	1086	12	G	0	0	12	42.4166666666667
A_PA	1087	12	A	0	0	12	42.25
A_PA	1088	12	C	0	0	12	41.75
A_PA	1089	12	A	0	0	12	43
A_PA	1090	12	A	0	0	12	41.9166666666667
A_PA	1091	12	G	0	0	12	41.9166666666667
A_PA	1092	12	C	0	0	12	43.8333333333333
A_PA	1093	12	C	0	0	12	44.4166666666667
A_PA	1094	12	A	0	0	12	43.9166666666667
A_PA	1095	12	A	0	0	12	43.25
A_PA	1096	12	T	0	0	12	41.9166666666667
A_PA	1097	12	T	0	0	12	43.5833333333333
A_PA	1098	12	G	0	0	12	41.6666666666667
A_PA	1099	12	A	0	0	12	42.3333333333333
A_PA	1100	12	A	0	0	12	41.5
A_PA	1101	12	G	0	0	12	40.5833333333333
A_PA	1102	12	T	0	0	12	40.6666666666667
A_PA	1103	12	G	0	0	12	40.25
A_PA	1104	12	G	0	0	12	41.5833333333333
A_PA	1105	12	G	0	0	12	39.1666666666667
A_PA	1106	12	C	0	0	12	39.75
A_PA	1107	12	A	0	0	12	37.8333333333333
A_PA	1108	12	C	0	0	12	39.3333333333333
A_PA	1109	12	T	0	0	12	39.5833333333333
A_PA	1110	11	C	1	0	11	43.5454545454545
A_PA	1111	12	G	0	0	11	41.7272727272727
A_PA	1112	12	G	0	0	12	40.3333333333333
A_PA	1113	12	T	0	0	12	41.5
A_PA	1114	12	G	0	0	12	39.25
A_PA	1115	12	A	0	0	12	39
A_PA	1116	12	A	0	0	12	41.8333333333333
A_PA	1117	12	A	0	0	12	39
A_PA	1118	12	A	0	0	11	42.7272727272727
A_PA	1119	12	T	0	0	11	43.2727272727273
A_PA	1120	12	A	0	0	12	37.6666666666667
A_PA	1121	12	T	0	0	12	37.5833333333333
A_PA	1122	12	G	0	0	12	39.5833333333333
A_PA	1123	12	G	0	0	11	43.8181818181818
A_PA	1124	12	C	0	0	12	40.5833333333333
A_PA	1125	12	A	0	0	12	38.4166666666667
A_PA	1126	11	C	1	0	11	42.8181818181818
A_PA	1127	12	C	0	0	12	40
A_PA	1128	12	T	0	0	12	39.75
A_PA	1129	12	G	0	0	12	38.0833333333333
A_PA	1130	12	A	0	0	12	35.9166666666667
A_PA	1131	12	A	0	0	12	35
A_PA	1132	12	A	0	0	12	35.5
A_PA	1133	12	A	0	0	12	35.6666666666667
A_PA	1134	12	A	0	0	12	35.25
A_PA	1135	12	G	0	0	12	33.8333333333333
A_PA	1136	12	T	0	0	12	32.9166666666667
A_PA	1137	12	G	0	0	12	29
A_PA	1138	12	G	0	0	12	30.0833333333333
A_PA	1139	12	A	0	0	12	30.0833333333333
A_PA	1140	12	C	0	0	12	28.0833333333333
A_PA	1141	12	T	0	0	12	32
A_PA	1142	12	T	0	0	12	35.3333333333333
A_PA	1143	12	T	0	0	12	33.9166666666667
A_PA	1144	12	G	0	0	12	36
A_PA	1145	12	A	0	0	12	35.3333333333333
A_PA	1146	12	T	0	0	12	36.9166666666667
A_PA	1147	12	G	0	0	12	37.25
A_PA	1148	12	A	0	0	12	37.25
A_PA	1149	12	C	0	0	12	38.1666666666667
A_PA	1150	12	T	0	0	12	38.75
A_PA	1151	12	G	0	0	12	38.4166666666667
A_PA	1152	11	T	1	0	11	41
A_PA	1153	11	A	1	0	11	40.6363636363636
A_PA	1154	11	A	1	0	11	39.7272727272727
A_PA	1155	11	A	1	0	11	40.3636363636364
A_PA	1156	11	G	1	0	11	39.9090909090909
A_PA	1157	11	A	1	0	11	40.4545454545455
A_PA	1158	11	T	1	0	11	41.5454545454545
A_PA	1159	12	G	0	0	12	37.5
A_PA	1160	12	T	0	0	12	37.3333333333333
A_PA	1161	12	T	0	0	12	38.3333333333333
A_PA	1162	12	G	0	0	12	37.25
A_PA	1163	12	G	0	0	12	36.4166666666667
A_PA	1164	12	A	0	0	12	37.25
A_PA	1165	12	G	0	0	12	37.5
A_PA	1166	12	A	0	0	12	41.0833333333333
A_PA	1167	12	C	0	0	12	37.9166666666667
A_PA	1168	12	C	0	0	12	39.0833333333333
A_PA	1169	10	T	2	0	10	42.8
A_PA	1170	12	T	0	0	12	38.5833333333333
A_PA	1171	12	A	0	0	12	36.8333333333333
A_PA	1172	12	A	0	0	12	36
A_PA	1173	12	A	0	0	12	35.3333333333333
A_PA	1174	12	C	0	0	12	36.25
A_PA	1175	12	A	0	0	12	38.75
A_PA	1176	12	G	0	0	12	39.25
A_PA	1177	11	T	1	0	11	39.5454545454545
A_PA	1178	12	A	0	0	11	42.8181818181818
A_PA	1179	12	T	0	0	12	40.3333333333333
A_PA	1180	12	G	0	0	12	40.5
A_PA	1181	12	A	0	0	11	38
A_PA	1182	12	C	0	0	12	39.3333333333333
A_PA	1183	12	A	0	0	11	42.6363636363636
A_PA	1184	12	G	0	0	12	39.75
A_PA	1185	12	T	0	0	12	40.6666666666667
A_PA	1186	12	G	0	0	11	43.8181818181818
A_PA	1187	12	A	0	0	12	40.8333333333333
A_PA	1188	12	T	0	0	11	45.1818181818182
A_PA	1189	12	G	0	0	11	42.7272727272727
A_PA	1190	12	A	0	0	12	39.25
A_PA	1191	12	G	0	0	12	40.6666666666667
A_PA	1192	11	C	1	0	11	40.0909090909091
A_PA	1193	12	C	0	0	12	39.6666666666667
A_PA	1194	12	A	0	0	12	37.9166666666667
A_PA	1195	12	G	0	0	12	40
A_PA	1196	11	A	1	0	10	40.9
A_PA	1197	11	G	1	0	11	42.1818181818182
A_PA	1198	11	C	1	0	11	42.4545454545455
A_PA	1199	12	C	0	0	12	39.6666666666667
A_PA	1200	12	C	0	0	12	36.25
A_PA	1201	12	A	0	0	12	36.5
A_PA	1202	12	G	0	0	12	40.5833333333333
A_PA	1203	12	A	0	0	12	41
A_PA	1204	12	T	0	0	12	40.3333333333333
A_PA	1205	12	C	0	0	12	40.5833333333333
A_PA	1206	12	T	0	0	12	41.75
A_PA	1207	12	C	0	0	12	40
A_PA	1208	12	T	0	0	12	41.75
A_PA	1209	12	A	0	0	12	40.75
A_PA	1210	12	G	0	0	12	40.25
A_PA	1211	12	C	0	0	12	41.5
A_PA	1212	12	A	0	0	12	41.1666666666667
A_PA	1213	12	A	0	0	12	40.9166666666667
A_PA	1214	12	G	0	0	12	39.3333333333333
A_PA	1215	12	C	0	0	12	40.75
A_PA	1216	12	T	0	0	12	41.5833333333333
A_PA	1217	12	G	0	0	12	40.1666666666667
A_PA	1218	12	G	0	0	12	39.75
A_PA	1219	12	G	0	0	11	38.3636363636364
A_PA	1220	12	T	0	0	12	33.0833333333333
A_PA	1221	12	C	0	0	12	33.4166666666667
A_PA	1222	12	C	0	0	12	32.6666666666667
A_PA	1223	12	A	0	0	12	34.5
A_PA	1224	12	G	0	0	12	34.4166666666667
A_PA	1225	12	A	0	0	12	37.1666666666667
A_PA	1226	12	A	0	0	12	36.9166666666667
A_PA	1227	12	T	0	0	12	38.9166666666667
A_PA	1228	12	G	0	0	12	36.3333333333333
A_PA	1229	12	A	0	0	12	36.0833333333333
A_PA	1230	12	A	0	0	12	36.9166666666667
A_PA	1231	12	T	0	0	12	35.4166666666667
A_PA	1232	12	T	0	0	12	36.8333333333333
A_PA	1233	12	C	0	0	12	36.5833333333333
A_PA	1234	12	A	0	0	12	35.1666666666667
A_PA	1235	12	A	0	0	12	34.8333333333333
A_PA	1236	12	T	0	0	12	38.25
A_PA	1237	12	A	0	0	12	35.8333333333333
A_PA	1238	12	A	0	0	12	34.5833333333333
A_PA	1239	12	G	0	0	12	38.5
A_PA	1240	12	G	0	0	12	39.4166666666667
A_PA	1241	12	C	0	0	12	40.75
A_PA	1242	12	A	0	0	12	39.25
A_PA	1243	12	T	0	0	12	39.3333333333333
A_PA	1244	12	G	0	0	12	39.25
A_PA	1245	12	T	0	0	12	40.6666666666667
A_PA	1246	12	G	0	0	12	38.5
A_PA	1247	12	A	0	0	12	40.1666666666667
A_PA	1248	12	A	0	0	12	37.75
A_PA	1249	12	T	0	0	12	37.5833333333333
A_PA	1250	12	T	0	0	12	37.3333333333333
A_PA	1251	12	G	0	0	12	35.6666666666667
A_PA	1252	12	A	0	0	12	35.25
A_PA	1253	12	C	0	0	12	35.25
A_PA	1254	12	T	0	0	12	38.8333333333333
A_PA	1255	12	G	0	0	12	38
A_PA	1256	12	A	0	0	12	37.9166666666667
A_PA	1257	12	T	0	0	12	36.0833333333333
A_PA	1258	12	T	0	0	12	38.3333333333333
A_PA	1259	12	C	0	0	12	37.1666666666667
A_PA	1260	12	A	0	0	12	35.5833333333333
A_PA	1261	12	A	0	0	12	35.25
A_PA	1262	12	G	0	0	12	36.1666666666667
A_PA	1263	12	C	0	0	12	36.3333333333333
A_PA	1264	12	T	0	0	12	36.0833333333333
A_PA	1265	12	G	0	0	12	36.9166666666667
A_PA	1266	12	G	0	0	12	36.6666666666667
A_PA	1267	12	A	0	0	12	36.8333333333333
A_PA	1268	12	T	0	0	12	38.0833333333333
A_PA	1269	12	A	0	0	12	37.1666666666667
A_PA	1270	12	G	0	0	12	37.4166666666667
A_PA	1271	12	A	0	0	12	36.4166666666667
A_PA	1272	12	A	0	0	12	35.0833333333333
A_PA	1273	12	C	0	0	12	36.5833333333333
A_PA	1274	12	T	0	0	12	37.4166666666667
A_PA	1275	12	T	0	0	12	37.9166666666667
A_PA	1276	12	G	0	0	12	36.5833333333333
A_PA	1277	12	A	0	0	12	37.4166666666667
A_PA	1278	12	T	0	0	12	37.25
A_PA	1279	12	G	0	0	12	37.3333333333333
A_PA	1280	12	A	0	0	12	36
A_PA	1281	12	A	0	0	12	38.0833333333333
A_PA	1282	12	A	0	0	12	36.5
A_PA	1283	12	T	0	0	12	36
A_PA	1284	12	A	0	0	12	34.25
A_PA	1285	12	G	0	0	12	33.5
A_PA	1286	11	G	1	0	11	35.6363636363636
A_PA	1287	11	A	1	0	11	34.0909090909091
A_PA	1288	12	G	0	0	12	35
A_PA	1289	12	A	0	0	12	36.3333333333333
A_PA	1290	12	A	0	0	12	35.6666666666667
A_PA	1291	12	G	0	0	11	33.5454545454545
A_PA	1292	12	A	0	0	12	33.8333333333333
A_PA	1293	12	T	0	0	12	36.75
A_PA	1294	12	G	0	0	12	35.8333333333333
A_PA	1295	12	T	0	0	12	35.5
A_PA	1296	12	T	0	0	12	34.8333333333333
A_PA	1297	12	G	0	0	12	34.0833333333333
A_PA	1298	12	C	0	0	12	34.5833333333333
A_PA	1299	12	C	0	0	12	36.5
A_PA	1300	12	C	0	0	12	38
A_PA	1301	12	C	0	0	12	39.0833333333333
A_PA	1302	12	G	0	0	11	38.0909090909091
A_PA	1303	12	A	0	0	12	40.8333333333333
A_PA	1304	12	T	0	0	12	41.5833333333333
A_PA	1305	12	T	0	0	12	41.0833333333333
A_PA	1306	12	G	0	0	12	41.6666666666667
A_PA	1307	12	A	0	0	12	43.1666666666667
A_PA	1308	12	A	0	0	12	44.25
A_PA	1309	12	C	0	0	12	41.6666666666667
A_PA	1310	12	A	0	0	12	45
A_PA	1311	12	T	0	0	12	41.4166666666667
A_PA	1312	12	G	0	0	12	42.4166666666667
A_PA	1313	12	T	0	0	12	41.3333333333333
A_PA	1314	12	A	0	0	12	41.25
A_PA	1315	12	G	0	0	12	41.1666666666667
A_PA	1316	12	C	0	0	12	41.9166666666667
A_PA	1317	12	A	0	0	12	41.5
A_PA	1318	12	A	0	0	12	41.1666666666667
A_PA	1319	12	G	0	0	12	42.1666666666667
A_PA	1320	12	C	0	0	12	42.9166666666667
A_PA	1321	12	A	0	0	12	41.6666666666667
A_PA	1322	12	T	0	0	12	42.1666666666667
A_PA	1323	12	G	0	0	12	38.5833333333333
A_PA	1324	12	A	0	0	12	38.9166666666667
A_PA	1325	12	G	0	0	12	39.1666666666667
A_PA	1326	12	G	0	0	12	38.9166666666667
A_PA	1327	12	A	0	0	12	38.8333333333333
A_PA	1328	12	G	0	0	12	37.9166666666667
A_PA	1329	12	G	0	0	11	37.2727272727273
A_PA	1330	12	A	0	0	11	38.1818181818182
A_PA	1331	12	A	0	0	11	37.0909090909091
A_PA	1332	12	C	0	0	11	39.4545454545455
A_PA	1333	12	T	0	0	12	38.4166666666667
A_PA	1334	12	A	0	0	12	39
A_PA	1335	12	T	0	0	12	40.4166666666667
A_PA	1336	12	T	0	0	12	40.1666666666667
A_PA	1337	12	T	0	0	11	40.7272727272727
A_PA	1338	12	C	0	0	12	39
A_PA	1339	12	A	0	0	12	39.1666666666667
A_PA	1340	12	C	0	0	12	41
A_PA	1341	12	A	0	0	12	39.75
A_PA	1342	12	G	0	0	12	40.25
A_PA	1343	12	C	0	0	12	40.5
A_PA	1344	12	A	0	0	12	41.5
A_PA	1345	12	G	0	0	12	43.6666666666667
A_PA	1346	12	A	0	0	12	41.1666666666667
A_PA	1347	12	A	0	0	12	41.8333333333333
A_PA	1348	12	G	0	0	12	40
A_PA	1349	12	T	0	0	12	41.3333333333333
A_PA	1350	12	G	0	0	12	42.5833333333333
A_PA	1351	12	T	0	0	11	42.6363636363636
A_PA	1352	12	C	0	0	11	40.9090909090909
A_PA	1353	12	C	0	0	12	40.5
A_PA	1354	12	C	0	0	12	41.75
A_PA	1355	12	A	0	0	12	41.25
A_PA	1356	12	C	0	0	12	40.1666666666667
A_PA	1357	12	T	0	0	12	40.75
A_PA	1358	12	G	0	0	12	40.75
A_PA	1359	12	C	0	0	12	41.8333333333333
A_PA	1360	12	A	0	0	12	41.0833333333333
A_PA	1361	12	G	0	0	12	42.9166666666667
A_PA	1362	12	G	0	0	12	40.9166666666667
A_PA	1363	12	G	0	0	12	41.75
A_PA	1364	12	C	0	0	12	41.8333333333333
A_PA	1365	12	T	0	0	12	42.8333333333333
A_PA	1366	12	A	0	0	12	41.75
A_PA	1367	12	C	0	0	12	41.4166666666667
A_PA	1368	12	T	0	0	12	43.75
A_PA	1369	12	G	0	0	12	41.0833333333333
A_PA	1370	12	A	0	0	12	42
A_PA	1371	12	A	0	0	12	42
A_PA	1372	12	T	0	0	12	40.9166666666667
A_PA	1373	12	A	0	0	12	42
A_PA	1374	12	C	0	0	12	41.5
A_PA	1375	12	A	0	0	12	40.3333333333333
A_PA	1376	12	T	0	0	12	42.9166666666667
A_PA	1377	12	A	0	0	12	41.4166666666667
A_PA	1378	12	A	0	0	12	41.25
A_PA	1379	12	T	0	0	12	43
A_PA	1380	12	G	0	0	12	42.9166666666667
A_PA	1381	12	A	0	0	12	41.6666666666667
A_PA	1382	12	A	0	0	12	43.9166666666667
A_PA	1383	12	G	0	0	12	43.1666666666667
A_PA	1384	12	G	0	0	12	42.3333333333333
A_PA	1385	12	G	0	0	12	42
A_PA	1386	12	A	0	0	12	42.9166666666667
A_PA	1387	12	G	0	0	12	42.5833333333333
A_PA	1388	12	T	0	0	12	41.75
A_PA	1389	12	G	0	0	12	41.4166666666667
A_PA	1390	12	T	0	0	12	40.9166666666667
A_PA	1391	12	A	0	0	12	40.3333333333333
A_PA	1392	12	C	0	0	12	39.5833333333333
A_PA	1393	12	A	0	0	12	40.5
A_PA	1394	12	T	0	0	12	39.4166666666667
A_PA	1395	12	A	0	0	12	38.75
A_PA	1396	12	A	0	0	12	40.25
A_PA	1397	12	A	0	0	12	41
A_PA	1398	12	T	0	0	12	40.0833333333333
A_PA	1399	12	A	0	0	12	40
A_PA	1400	12	C	0	0	12	41.5
A_PA	1401	12	G	0	0	12	39.8333333333333
A_PA	1402	12	G	0	0	12	40.6666666666667
A_PA	1403	12	C	0	0	12	41.8333333333333
A_PA	1404	12	C	0	0	12	41.8333333333333
A_PA	1405	12	T	0	0	12	40.6666666666667
A_PA	1406	12	T	0	0	12	41.5
A_PA	1407	12	G	0	0	12	42
A_PA	1408	12	C	0	0	12	37
A_PA	1409	12	T	0	0	12	36.1666666666667
A_PA	1410	12	T	0	0	12	34.5833333333333
A_PA	1411	12	A	0	0	12	34.3333333333333
A_PA	1412	12	A	0	0	12	33.9166666666667
A_PA	1413	12	T	0	0	12	33.6666666666667
A_PA	1414	12	G	0	0	12	32.9166666666667
A_PA	1415	12	C	0	0	12	33.1666666666667
A_PA	1416	12	A	0	0	12	34.1666666666667
A_PA	1417	12	T	0	0	12	33.0833333333333
A_PA	1418	12	C	0	0	12	33.0833333333333
A_PA	1419	12	C	0	0	12	32.3333333333333
A_PA	1420	12	T	0	0	12	36.1666666666667
A_PA	1421	12	G	0	0	12	33.5
A_PA	1422	12	T	0	0	12	37
A_PA	1423	12	G	0	0	12	39.25
A_PA	1424	12	C	0	0	12	38.9166666666667
A_PA	1425	12	A	0	0	11	38.2727272727273
A_PA	1426	12	G	0	0	12	38.9166666666667
A_PA	1427	12	C	0	0	12	40.25
A_PA	1428	12	C	0	0	12	39.5
A_PA	1429	12	A	0	0	12	39.5833333333333
A_PA	1430	12	T	0	0	12	37.6666666666667
A_PA	1431	12	G	0	0	12	38.25
A_PA	1432	12	G	0	0	12	38.6666666666667
A_PA	1433	12	A	0	0	12	39.5833333333333
A_PA	1434	12	T	0	0	12	38.8333333333333
A_PA	1435	12	G	0	0	12	41.1666666666667
A_PA	1436	12	A	0	0	12	38.9166666666667
A_PA	1437	12	C	0	0	12	38.0833333333333
A_PA	1438	12	T	0	0	12	37.0833333333333
A_PA	1439	12	T	0	0	12	37.25
A_PA	1440	12	T	0	0	12	35.6666666666667
A_PA	1441	12	C	0	0	12	36.4166666666667
A_PA	1442	12	A	0	0	12	36.25
A_PA	1443	12	G	0	0	12	35.1666666666667
A_PA	1444	12	C	0	0	12	34.1666666666667
A_PA	1445	12	T	0	0	12	34.0833333333333
A_PA	1446	12	G	0	0	12	31.3333333333333
A_PA	1447	12	A	0	0	12	27.3333333333333
A_PA	1448	12	T	0	0	12	27.3333333333333
A_PA	1449	12	T	0	0	12	27.25
A_PA	1450	12	C	0	0	12	26.8333333333333
A_PA	1451	12	C	0	0	12	28.5833333333333
A_PA	1452	12	A	0	0	12	31.9166666666667
A_PA	1453	12	A	0	0	12	30.5
A_PA	1454	12	T	0	0	12	35
A_PA	1455	12	G	0	0	12	34.6666666666667
A_PA	1456	12	A	0	0	12	35
A_PA	1457	12	T	0	0	12	34.75
A_PA	1458	12	A	0	0	12	35.5833333333333
A_PA	1459	12	A	0	0	12	34.5833333333333
A_PA	1460	12	G	0	0	12	35.4166666666667
A_PA	1461	12	C	0	0	12	35.5
A_PA	1462	12	A	0	0	12	37.0833333333333
A_PA	1463	12	A	0	0	12	38
A_PA	1464	12	A	0	0	12	38.75
A_PA	1465	12	T	0	0	12	37.4166666666667
A_PA	1466	12	G	0	0	12	43.5
A_PA	1467	12	T	0	0	12	40.8333333333333
A_PA	1468	12	A	0	0	12	41.5
A_PA	1469	12	G	0	0	12	41.5
A_PA	1470	12	A	0	0	12	42.0833333333333
A_PA	1471	12	A	0	0	12	41.25
A_PA	1472	12	C	0	0	12	41.3333333333333
A_PA	1473	12	C	0	0	12	40.3333333333333
A_PA	1474	12	A	0	0	12	39.6666666666667
A_PA	1475	12	A	0	0	12	38.0833333333333
A_PA	1476	12	A	0	0	12	38.3333333333333
A_PA	1477	12	G	0	0	12	35.3333333333333
A_PA	1478	12	A	0	0	12	37.0833333333333
A_PA	1479	12	A	0	0	12	40
A_PA	1480	12	G	0	0	12	39.0833333333333
A_PA	1481	12	G	0	0	12	37.4166666666667
A_PA	1482	12	A	0	0	12	38.3333333333333
A_PA	1483	12	A	0	0	12	38.6666666666667
A_PA	1484	12	G	0	0	12	39
A_PA	1485	12	A	0	0	12	40.1666666666667
A_PA	1486	12	C	0	0	12	41
A_PA	1487	12	G	0	0	12	40.5833333333333
A_PA	1488	12	G	0	0	12	40.6666666666667
A_PA	1489	12	A	0	0	12	40.1666666666667
A_PA	1490	12	A	0	0	12	39.4166666666667
A_PA	1491	12	A	0	0	12	39.75
A_PA	1492	12	A	0	0	12	39.6666666666667
A_PA	1493	12	C	0	0	12	37.6666666666667
A_PA	1494	12	A	0	0	12	36.8333333333333
A_PA	1495	12	A	0	0	12	36.25
A_PA	1496	12	A	0	0	12	36.75
A_PA	1497	12	C	0	0	12	36.4166666666667
A_PA	1498	12	C	0	0	12	37.75
A_PA	1499	12	T	0	0	12	37.75
A_PA	1500	12	G	0	0	12	38.8333333333333
A_PA	1501	12	T	0	0	12	39
A_PA	1502	12	A	0	0	12	39.6666666666667
A_PA	1503	12	T	0	0	12	38.5
A_PA	1504	12	G	0	0	12	37.9166666666667
A_PA	1505	12	G	0	0	12	39.5
A_PA	1506	12	A	0	0	12	38.75
A_PA	1507	12	T	0	0	12	38.5833333333333
A_PA	1508	12	T	0	0	12	40.3333333333333
A_PA	1509	12	C	0	0	12	40.8333333333333
A_PA	1510	12	A	0	0	12	38.6666666666667
A_PA	1511	12	T	0	0	12	40
A_PA	1512	12	T	0	0	12	40.25
A_PA	1513	12	G	0	0	12	41.9166666666667
A_PA	1514	12	T	0	0	12	42.5
A_PA	1515	12	A	0	0	12	43.5
A_PA	1516	12	A	0	0	12	42.0833333333333
A_PA	1517	12	A	0	0	10	40.1
A_PA	1518	12	G	0	0	12	40
A_PA	1519	12	G	0	0	12	42.4166666666667
A_PA	1520	12	G	0	0	12	41.3333333333333
A_PA	1521	12	A	0	0	12	39.5
A_PA	1522	12	A	0	0	11	37.3636363636364
A_PA	1523	12	G	0	0	11	39.0909090909091
A_PA	1524	12	A	0	0	11	37.9090909090909
A_PA	1525	12	T	0	0	12	37
A_PA	1526	12	C	0	0	12	38.25
A_PA	1527	12	T	0	0	12	36.8333333333333
A_PA	1528	12	C	0	0	12	35.9166666666667
A_PA	1529	12	A	0	0	12	35.0833333333333
A_PA	1530	11	T	1	0	11	34.4545454545455
A_PA	1531	12	T	0	0	12	37.0833333333333
A_PA	1532	12	T	0	0	12	37.5
A_PA	1533	12	G	0	0	12	39.25
A_PA	1534	12	A	0	0	12	38.8333333333333
A_PA	1535	12	G	0	0	12	40.25
A_PA	1536	12	A	0	0	12	39.25
A_PA	1537	12	A	0	0	12	41.8333333333333
A_PA	1538	12	A	0	0	12	39.8333333333333
A_PA	1539	12	T	0	0	12	38.5833333333333
A_PA	1540	12	G	0	0	12	39.25
A_PA	1541	12	A	0	0	12	37.4166666666667
A_PA	1542	12	T	0	0	12	35.0833333333333
A_PA	1543	12	A	0	0	12	36.75
A_PA	1544	12	C	0	0	12	41
A_PA	1545	12	C	0	0	12	39.5
A_PA	1546	11	G	1	0	11	40.5454545454545
A_PA	1547	12	A	0	0	12	41.0833333333333
A_PA	1548	12	T	0	0	12	37.1666666666667
A_PA	1549	12	G	0	0	12	38.4166666666667
A_PA	1550	12	T	0	0	12	38.5
A_PA	1551	12	A	0	0	12	36.5
A_PA	1552	12	G	0	0	12	36.0833333333333
A_PA	1553	12	T	0	0	12	35.5
A_PA	1554	12	G	0	0	12	36
A_PA	1555	12	A	0	0	12	36.0833333333333
A_PA	1556	12	A	0	0	12	35.3333333333333
A_PA	1557	12	C	0	0	12	35.6666666666667
A_PA	1558	12	T	0	0	12	36.0833333333333
A_PA	1559	12	T	0	0	12	36.25
A_PA	1560	12	T	0	0	12	36.25
A_PA	1561	12	G	0	0	12	34.6666666666667
A_PA	1562	12	T	0	0	12	33.0833333333333
A_PA	1563	12	A	0	0	12	32.5
A_PA	1564	12	A	0	0	12	32.6666666666667
A_PA	1565	12	G	0	0	12	33.25
A_PA	1566	12	T	0	0	12	34.0833333333333
A_PA	1567	13	A	0	0	13	35.6153846153846
A_PA	1568	13	T	0	0	13	34.7692307692308
A_PA	1569	13	G	0	0	12	37.25
A_PA	1570	13	G	0	0	13	36.6153846153846
A_PA	1571	13	A	0	0	13	36.6153846153846
A_PA	1572	13	G	0	0	13	38.1538461538462
A_PA	1573	13	T	0	0	13	40.5384615384615
A_PA	1574	13	T	0	0	13	39.7692307692308
A_PA	1575	13	C	0	0	13	38.1538461538462
A_PA	1576	13	T	0	0	13	38.8461538461538
A_PA	1577	13	C	0	0	13	38.5384615384615
A_PA	1578	13	A	0	0	13	39.3846153846154
A_PA	1579	13	C	0	0	13	40.7692307692308
A_PA	1580	12	T	1	0	12	39.5
A_PA	1581	12	C	1	0	12	37.9166666666667
A_PA	1582	12	A	1	0	12	38.25
A_PA	1583	12	C	1	0	12	38.6666666666667
A_PA	1584	12	T	1	0	12	41.6666666666667
A_PA	1585	14	G	0	0	14	37.6428571428571
A_PA	1586	14	A	0	0	14	38.2857142857143
A_PA	1587	14	T	0	0	14	39.4285714285714
A_PA	1588	14	C	0	0	14	39.0714285714286
A_PA	1589	14	C	0	0	13	39.7692307692308
A_PA	1590	14	A	0	0	13	37.2307692307692
A_PA	1591	13	A	1	0	13	39.0769230769231
A_PA	1592	13	G	1	0	13	40
A_PA	1593	13	A	1	0	13	42.1538461538462
A_PA	1594	13	C	1	0	13	39.6153846153846
A_PA	1595	14	T	0	0	14	38.5
A_PA	1596	14	G	0	0	14	37.5
A_PA	1597	14	G	0	0	14	37.5714285714286
A_PA	1598	14	A	0	0	14	37.7142857142857
A_PA	1599	14	A	0	0	14	37.7857142857143
A_PA	1600	14	C	0	0	14	37.6428571428571
A_PA	1601	14	C	0	0	14	37.7857142857143
A_PA	1602	14	A	0	0	14	38.9285714285714
A_PA	1603	14	C	0	0	14	36.6428571428571
A_PA	1604	13	A	1	0	13	38.4615384615385
A_PA	1605	13	C	1	0	13	38.4615384615385
A_PA	1606	13	A	1	0	13	38.8461538461538
A_PA	1607	14	A	0	0	14	40.2142857142857
A_PA	1608	14	A	0	0	14	39.6428571428571
A_PA	1609	14	T	0	0	14	37.6428571428571
A_PA	1610	14	G	0	0	14	37.7857142857143
A_PA	1611	14	G	0	0	14	38.2857142857143
A_PA	1612	14	G	0	0	13	39.6923076923077
A_PA	1613	14	A	0	0	14	39.4285714285714
A_PA	1614	14	A	0	0	14	39.5
A_PA	1615	14	A	0	0	14	39.0714285714286
A_PA	1616	14	A	0	0	14	39.2857142857143
A_PA	1617	14	A	0	0	14	39.3571428571429
A_PA	1618	14	T	0	0	14	39.8571428571429
A_PA	1619	15	A	0	0	15	37.2
A_PA	1620	15	C	0	0	15	36.0666666666667
A_PA	1621	15	T	0	0	15	37.4
A_PA	1622	15	G	0	0	15	37.8666666666667
A_PA	1623	15	T	0	0	15	39.2666666666667
A_PA	1624	15	G	0	0	15	37.8
A_PA	1625	15	T	0	0	15	38.2666666666667
A_PA	1626	15	T	0	0	15	37
A_PA	1627	15	C	0	0	15	38.4666666666667
A_PA	1628	15	T	0	0	15	39
A_PA	1629	15	T	0	0	15	37.2666666666667
A_PA	1630	15	G	0	0	15	36.9333333333333
A_PA	1631	15	A	0	0	15	37.8
A_PA	1632	15	A	0	0	14	37.1428571428571
A_PA	1633	15	A	0	0	15	37.4
A_PA	1634	15	T	0	0	14	37.7142857142857
A_PA	1635	15	A	0	0	15	37.3333333333333
A_PA	1636	15	G	0	0	15	37
A_PA	1637	15	G	0	0	15	37.6666666666667
A_PA	1638	15	A	0	0	15	37.6666666666667
A_PA	1639	15	G	0	0	15	38.1333333333333
A_PA	1640	15	A	0	0	15	40.6666666666667
A_PA	1641	15	C	0	0	14	40.7142857142857
A_PA	1642	15	A	0	0	15	39.5333333333333
A_PA	1643	14	T	1	0	14	40.5
A_PA	1644	14	G	1	0	14	39.8571428571429
A_PA	1645	15	C	0	0	15	42.5333333333333
A_PA	1646	15	T	0	0	15	38.4666666666667
A_PA	1647	18	A	0	0	18	39.5555555555556
A_PA	1648	18	T	0	0	18	38.9444444444444
A_PA	1649	18	T	0	0	18	38.1111111111111
A_PA	1650	18	G	0	0	18	37.6111111111111
A_PA	1651	18	A	0	0	18	37.3333333333333
A_PA	1652	18	G	0	0	18	37.9444444444444
A_PA	1653	18	G	0	0	18	39.3333333333333
A_PA	1654	18	A	0	0	18	39.2777777777778
A_PA	1655	17	C	1	0	17	40.8235294117647
A_PA	1656	18	T	0	0	18	40.6111111111111
A_PA	1657	18	G	0	0	18	40.1111111111111
A_PA	1658	18	C	0	0	17	42.1764705882353
A_PA	1659	18	G	0	0	18	41.1111111111111
A_PA	1660	18	A	0	0	18	40.6666666666667
A_PA	1661	18	T	0	0	17	41.1764705882353
A_PA	1662	18	A	0	0	18	41.3333333333333
A_PA	1663	18	G	0	0	18	39.8333333333333
A_PA	1664	18	G	0	0	18	40.8888888888889
A_PA	1665	18	T	0	0	18	41.2777777777778
A_PA	1666	18	C	0	0	18	38.3333333333333
A_PA	1667	19	A	0	0	19	39.2105263157895
A_PA	1668	19	A	0	0	19	38.0526315789474
A_PA	1669	19	G	0	0	19	38.4210526315789
A_PA	1670	19	T	0	0	19	41.1052631578947
A_PA	1671	19	G	0	0	19	41.2631578947368
A_PA	1672	19	T	0	0	19	40.2631578947368
A_PA	1673	19	C	0	0	19	38.7894736842105
A_PA	1674	19	G	0	0	19	37.5789473684211
A_PA	1675	19	A	0	0	19	37.6842105263158
A_PA	1676	19	G	0	0	19	37.5263157894737
A_PA	1677	19	G	0	0	19	36.4736842105263
A_PA	1678	19	C	0	0	19	37.5263157894737
A_PA	1679	19	C	0	0	19	36.8947368421053
A_PA	1680	19	T	0	0	19	38.3157894736842
A_PA	1681	19	A	0	0	19	38.1578947368421
A_PA	1682	19	T	0	0	19	38.6315789473684
A_PA	1683	19	G	0	0	19	39.6315789473684
A_PA	1684	19	T	0	0	19	38.2631578947368
A_PA	1685	19	T	0	0	19	39.8421052631579
A_PA	1686	19	C	0	0	19	41
A_PA	1687	19	C	0	0	19	40.8947368421053
A_PA	1688	19	T	0	0	19	39.1578947368421
A_PA	1689	19	A	0	0	19	39.2105263157895
A_PA	1690	19	T	0	0	19	39.7368421052632
A_PA	1691	19	A	0	0	19	39.3684210526316
A_PA	1692	20	T	0	0	20	38.85
A_PA	1693	20	G	0	0	20	41.7
A_PA	1694	20	T	0	0	20	41.2
A_PA	1695	21	G	0	0	21	40.2380952380952
A_PA	1696	21	A	0	0	21	39.7142857142857
A_PA	1697	21	G	0	0	21	42.9523809523809
A_PA	1698	21	A	0	0	21	40.4761904761905
A_PA	1699	21	A	0	0	21	40.7619047619048
A_PA	1700	21	C	0	0	21	42.4285714285714
A_PA	1701	23	C	0	0	23	41.1304347826087
A_PA	1702	23	A	0	0	23	41.0869565217391
A_PA	1703	23	A	0	0	23	40.695652173913
A_PA	1704	23	T	0	0	23	40.7391304347826
A_PA	1705	23	G	0	0	23	41.1739130434783
A_PA	1706	23	G	0	0	23	40.1739130434783
A_PA	1707	23	A	0	0	23	42.8260869565217
A_PA	1708	23	A	0	0	23	41.695652173913
A_PA	1709	23	C	0	0	23	40.7391304347826
A_PA	1710	23	C	0	0	23	40.1304347826087
A_PA	1711	23	T	0	0	23	40.2173913043478
A_PA	1712	25	C	0	0	25	40.2
A_PA	1713	25	C	0	0	25	41.08
A_PA	1714	24	A	1	0	24	41.8333333333333
A_PA	1715	25	A	0	0	25	40.36
A_PA	1716	25	A	0	0	25	42.32
A_PA	1717	25	A	0	0	25	40.96
A_PA	1718	25	T	0	0	25	40.6
A_PA	1719	25	C	0	0	25	39.56
A_PA	1720	25	A	0	0	25	40.32
A_PA	1721	25	A	0	0	25	40.32
A_PA	1722	25	G	0	0	25	39.52
A_PA	1723	25	A	0	0	25	38.8
A_PA	1724	25	T	0	0	25	38.76
A_PA	1725	25	G	0	0	25	38.72
A_PA	1726	25	A	0	0	25	39.68
A_PA	1727	25	A	0	0	25	40.52
A_PA	1728	25	A	0	0	25	41.2
A_PA	1729	26	T	0	0	26	41.4230769230769
A_PA	1730	26	G	0	0	26	41.4230769230769
A_PA	1731	26	G	0	0	26	40.2307692307692
A_PA	1732	26	G	0	0	26	42.1153846153846
A_PA	1733	26	G	0	0	26	43.0384615384615
A_PA	1734	26	C	0	0	25	42.48
A_PA	1735	27	A	0	0	26	41.9230769230769
A_PA	1736	27	T	0	0	27	43
A_PA	1737	27	G	0	0	27	40.6666666666667
A_PA	1738	26	G	1	0	26	40.3461538461538
A_PA	1739	26	A	1	0	26	38.1153846153846
A_PA	1740	27	A	0	0	27	39.6666666666667
A_PA	1741	27	A	0	0	27	39.3333333333333
A_PA	1742	27	T	0	0	26	38.8076923076923
A_PA	1743	26	G	1	0	26	39.7692307692308
A_PA	1744	26	A	1	0	26	39.0769230769231
A_PA	1745	26	G	1	0	26	40.1538461538462
A_PA	1746	26	G	1	0	26	40.3461538461538
A_PA	1747	26	C	1	0	26	41.6538461538462
A_PA	1748	27	G	0	0	27	39.1851851851852
A_PA	1749	27	C	0	0	27	38.962962962963
A_PA	1750	27	T	0	0	27	37.8518518518519
A_PA	1751	27	G	0	0	27	38.7037037037037
A_PA	1752	27	C	0	0	27	38.5555555555556
A_PA	1753	27	C	0	0	27	40.2592592592593
A_PA	1754	27	T	0	0	27	40.5925925925926
A_PA	1755	27	T	0	0	27	38.5185185185185
A_PA	1756	27	C	0	0	27	36.3333333333333
A_PA	1757	27	T	0	0	27	37.3333333333333
A_PA	1758	27	T	0	0	27	37.7407407407407
A_PA	1759	27	C	0	0	27	38.0740740740741
A_PA	1760	27	A	0	0	27	38.1851851851852
A_PA	1761	27	A	0	0	27	40.037037037037
A_PA	1762	27	T	0	0	27	40.3703703703704
A_PA	1763	27	C	0	0	27	42.5185185185185
A_PA	1764	27	T	0	0	27	42.4074074074074
A_PA	1765	27	C	0	0	27	42.2592592592593
A_PA	1766	27	T	0	0	27	41.6296296296296
A_PA	1767	27	T	0	0	27	40.2222222222222
A_PA	1768	27	C	0	0	27	39.5555555555556
A_PA	1769	27	A	0	0	27	37.962962962963
A_PA	1770	27	A	0	0	27	38.7037037037037
A_PA	1771	27	C	0	0	27	40.2222222222222
A_PA	1772	27	A	0	0	27	41.037037037037
A_PA	1773	27	G	0	0	27	39.8888888888889
A_PA	1774	27	A	0	0	27	39.037037037037
A_PA	1775	27	T	0	0	27	40.037037037037
A_PA	1776	27	T	0	0	27	39.9259259259259
A_PA	1777	27	G	0	0	27	40.4444444444444
A_PA	1778	27	A	0	0	27	39.5555555555556
A_PA	1779	27	G	0	0	27	40.4444444444444
A_PA	1780	27	A	0	0	27	40.3333333333333
A_PA	1781	27	G	0	0	27	40.8148148148148
A_PA	1782	27	C	0	0	27	41.037037037037
A_PA	1783	27	A	0	0	27	41.2222222222222
A_PA	1784	27	T	0	0	27	42.5555555555556
A_PA	1785	27	G	0	0	27	40.1851851851852
A_PA	1786	27	A	0	0	27	39.2962962962963
A_PA	1787	27	T	0	0	27	43
A_PA	1788	28	T	0	0	28	40.7857142857143
A_PA	1789	28	G	0	0	28	42.7857142857143
A_PA	1790	28	A	0	0	28	44.1071428571429
A_PA	1791	28	A	0	0	28	43.7142857142857
A_PA	1792	28	G	0	0	28	44.0357142857143
A_PA	1793	28	C	0	0	28	42.8928571428571
A_PA	1794	28	C	0	0	28	41.25
A_PA	1795	27	G	1	0	27	41.9259259259259
A_PA	1796	28	A	0	0	28	41.5357142857143
A_PA	1797	28	G	0	0	28	40.8928571428571
A_PA	1798	28	T	0	0	28	39.8928571428571
A_PA	1799	28	C	0	0	28	39.6071428571429
A_PA	1800	28	T	0	0	28	40.2857142857143
A_PA	1801	28	T	0	0	28	39.4285714285714
A_PA	1802	28	C	0	0	28	39.0714285714286
A_PA	1803	28	T	0	0	28	40.25
A_PA	1804	28	G	0	0	28	39.3214285714286
A_PA	1805	28	T	0	0	28	39.6785714285714
A_PA	1806	28	C	0	0	28	38.5357142857143
A_PA	1807	28	A	0	0	27	38.4814814814815
A_PA	1808	28	A	0	0	28	36.8214285714286
A_PA	1809	29	A	0	0	29	37.8620689655172
A_PA	1810	29	G	0	0	29	38.6206896551724
A_PA	1811	29	A	0	0	29	39.0689655172414
A_PA	1812	29	G	0	0	29	40.8965517241379
A_PA	1813	29	A	0	0	29	40.3448275862069
A_PA	1814	29	A	0	0	29	39.7931034482759
A_PA	1815	29	A	0	0	29	39.9310344827586
A_PA	1816	29	G	0	0	29	38.6896551724138
A_PA	1817	31	A	0	0	31	39.6129032258064
A_PA	1818	31	C	0	0	31	39.4838709677419
A_PA	1819	31	A	0	0	31	39.0645161290323
A_PA	1820	31	T	0	0	29	39
A_PA	1821	31	G	0	0	31	38.8709677419355
A_PA	1822	31	A	0	0	31	40.3225806451613
A_PA	1823	31	C	0	0	31	40.0645161290323
A_PA	1824	31	C	0	0	31	40.3870967741936
A_PA	1825	31	A	0	0	31	40.1290322580645
A_PA	1826	34	A	0	0	34	39.1764705882353
A_PA	1827	34	G	0	0	34	40.6764705882353
A_PA	1828	35	G	0	0	35	41.1142857142857
A_PA	1829	35	A	0	0	35	40.8
A_PA	1830	35	A	0	0	35	40.0857142857143
A_PA	1831	35	T	0	0	35	41.1428571428571
A_PA	1832	35	T	0	0	35	40.8285714285714
A_PA	1833	35	C	0	0	35	39.5714285714286
A_PA	1834	35	T	0	0	35	41.2857142857143
A_PA	1835	35	T	0	0	35	38.9428571428571
A_PA	1836	35	T	0	0	35	41.4
A_PA	1837	35	G	0	0	35	39.8285714285714
A_PA	1838	35	A	0	0	35	40.8857142857143
A_PA	1839	35	A	0	0	35	40.9428571428571
A_PA	1840	35	A	0	0	35	40.0571428571429
A_PA	1841	35	A	0	0	35	40.3142857142857
A_PA	1842	35	C	0	0	35	40.5428571428571
A_PA	1843	35	A	0	0	35	40.6571428571429
A_PA	1844	35	A	0	0	35	40.1714285714286
A_PA	1845	35	G	0	0	35	40.0571428571429
A_PA	1846	35	T	0	0	35	40.4857142857143
A_PA	1847	35	C	0	0	35	41.1428571428571
A_PA	1848	35	G	0	0	35	42.6
A_PA	1849	36	G	0	0	36	40.6666666666667
A_PA	1850	36	A	0	0	36	41.8333333333333
A_PA	1851	36	A	0	0	36	41.5277777777778
A_PA	1852	36	A	0	0	36	41.8611111111111
A_PA	1853	36	C	0	0	36	42
A_PA	1854	36	A	0	0	36	41.8888888888889
A_PA	1855	36	T	0	0	35	40.8571428571429
A_PA	1856	36	G	0	0	35	40.4857142857143
A_PA	1857	36	G	0	0	36	42.1944444444444
A_PA	1858	36	C	0	0	36	41.5833333333333
A_PA	1859	36	C	0	0	36	41.0833333333333
A_PA	1860	36	A	0	0	36	40.4444444444444
A_PA	1861	36	A	0	0	36	39.4444444444444
A_PA	1862	36	T	0	0	36	39.7222222222222
A_PA	1863	36	C	0	0	35	37.4857142857143
A_PA	1864	36	G	0	0	36	38.1388888888889
A_PA	1865	36	G	0	0	36	36.3055555555556
A_PA	1866	36	A	0	0	36	36.3611111111111
A_PA	1867	36	G	0	0	36	36.1944444444444
A_PA	1868	36	A	0	0	36	37.7222222222222
A_PA	1869	36	G	0	0	36	37.8611111111111
A_PA	1870	36	T	0	0	35	37.2
A_PA	1871	39	C	0	0	38	38.0526315789474
A_PA	1872	39	A	0	0	39	37.1794871794872
A_PA	1873	38	C	1	0	38	37.5789473684211
A_PA	1874	39	C	0	0	39	36.974358974359
A_PA	1875	41	C	0	0	40	36.75
A_PA	1876	41	A	0	0	41	32.5853658536585
A_PA	1877	41	G	0	0	41	35.3170731707317
A_PA	1878	42	G	0	0	42	35.7142857142857
A_PA	1879	42	G	0	0	42	35.7619047619048
A_PA	1880	42	G	0	0	42	35.5714285714286
A_PA	1881	42	A	0	0	42	36.4523809523809
A_PA	1882	42	G	0	0	42	36.7142857142857
A_PA	1883	42	T	0	0	41	36.5365853658537
A_PA	1884	43	A	0	0	43	34
A_PA	1885	43	G	0	0	43	32.6744186046512
A_PA	1886	43	A	1	0	43	33.4883720930233
A_PA	1887	43	A	1	0	43	32.9767441860465
A_PA	1888	43	G	1	0	43	34.953488372093
A_PA	1889	43	A	1	0	42	34.9761904761905
A_PA	1890	43	A	1	0	43	37.0232558139535
A_PA	1891	43	G	1	0	43	38.7906976744186
A_PA	1892	43	G	1	0	43	38.7674418604651
A_PA	1893	44	A	0	0	44	38.5454545454545
A_PA	1894	44	T	0	0	44	40.25
A_PA	1895	44	C	0	0	44	38.1363636363636
A_PA	1896	44	C	0	0	43	40.5116279069767
A_PA	1897	45	A	0	0	44	39.4772727272727
A_PA	1898	45	T	0	0	45	39.6888888888889
A_PA	1899	45	T	0	0	45	40.2222222222222
A_PA	1900	45	G	0	0	45	40.4888888888889
A_PA	1901	45	G	0	0	45	40.4666666666667
A_PA	1902	42	A	3	0	42	39.4047619047619
A_PA	1903	45	A	0	0	44	41.3409090909091
A_PA	1904	45	A	0	0	44	41.3863636363636
A_PA	1905	45	A	0	0	44	41.8181818181818
A_PA	1906	45	G	0	0	45	40.8666666666667
A_PA	1907	45	T	0	0	44	39.8863636363636
A_PA	1908	45	A	0	0	44	41.3863636363636
A_PA	1909	45	T	0	0	45	39.9111111111111
A_PA	1910	45	G	0	0	44	39.8409090909091
A_PA	1911	45	C	0	0	45	39.7333333333333
A_PA	1912	45	A	0	0	45	38.6444444444444
A_PA	1913	45	G	0	0	45	39.4222222222222
A_PA	1914	45	A	0	0	45	40.5555555555556
A_PA	1915	45	A	0	0	45	41.7777777777778
A_PA	1916	45	C	0	0	45	41.1333333333333
A_PA	1917	45	C	0	0	45	41.2666666666667
A_PA	1918	45	T	0	0	45	43.2
A_PA	1919	45	T	0	0	45	43.1777777777778
A_PA	1920	45	A	0	0	45	43.1333333333333
A_PA	1921	44	C	1	0	44	42.8409090909091
A_PA	1922	45	T	0	0	45	41.8888888888889
A_PA	1923	45	G	0	0	45	41.8
A_PA	1924	45	G	0	0	45	41.5555555555556
A_PA	1925	45	C	0	0	45	41.4
A_PA	1926	45	A	0	0	45	42.6222222222222
A_PA	1927	45	A	0	0	45	41.6222222222222
A_PA	1928	45	A	0	0	45	42.4888888888889
A_PA	1929	45	A	0	0	45	42.3333333333333
A_PA	1930	45	T	0	0	45	42.5555555555556
A_PA	1931	45	C	0	0	45	43.7111111111111
A_PA	1932	45	T	0	0	45	42.6444444444444
A_PA	1933	45	G	0	0	45	42.7333333333333
A_PA	1934	45	T	0	0	45	43.9111111111111
A_PA	1935	45	G	0	0	45	43.4444444444444
A_PA	1936	45	T	0	0	45	42.9333333333333
A_PA	1937	45	T	0	0	45	43.8
A_PA	1938	45	C	0	0	45	43
A_PA	1939	45	A	0	0	45	42.4888888888889
A_PA	1940	45	A	0	0	45	43.2222222222222
A_PA	1941	45	C	0	0	45	44
A_PA	1942	45	A	0	0	45	42.2888888888889
A_PA	1943	45	G	0	0	45	42.4444444444444
A_PA	1944	45	T	0	0	45	42.9777777777778
A_PA	1945	45	C	0	0	45	41.4666666666667
A_PA	1946	45	T	0	0	45	41.2444444444444
A_PA	1947	45	A	0	0	45	40.2
A_PA	1948	45	T	0	0	45	41.2666666666667
A_PA	1949	45	A	0	0	45	41.3111111111111
A_PA	1950	45	T	0	0	45	41.7333333333333
A_PA	1951	45	G	0	0	45	43.2
A_PA	1952	45	C	0	0	45	43.6444444444444
A_PA	1953	45	T	0	0	45	44.0222222222222
A_PA	1954	45	T	0	0	45	42.6666666666667
A_PA	1955	45	C	0	0	45	41.6222222222222
A_PA	1956	45	T	0	0	45	41.8222222222222
A_PA	1957	45	C	0	0	45	41.8888888888889
A_PA	1958	45	C	0	0	45	41.8
A_PA	1959	45	A	0	0	45	40.5777777777778
A_PA	1960	45	C	0	0	45	40.7333333333333
A_PA	1961	45	A	0	0	45	41.4666666666667
A_PA	1962	45	A	0	0	45	41.3111111111111
A_PA	1963	45	C	0	0	45	42.1333333333333
A_PA	1964	45	T	0	0	45	42.5555555555556
A_PA	1965	45	T	0	0	45	42.8888888888889
A_PA	1966	45	G	0	0	45	40.1111111111111
A_PA	1967	45	A	0	0	45	40.8
A_PA	1968	45	G	0	0	45	40.5777777777778
A_PA	1969	45	G	0	0	45	41.2888888888889
A_PA	1970	45	G	0	0	45	43.4
A_PA	1971	45	G	0	0	45	41.7111111111111
A_PA	1972	45	T	0	0	45	41.3555555555556
A_PA	1973	45	T	0	0	45	40.2444444444444
A_PA	1974	45	T	0	0	45	41.6888888888889
A_PA	1975	45	T	0	0	45	41.1111111111111
A_PA	1976	45	C	0	0	45	39.6
A_PA	1977	45	A	0	0	45	40.2
A_PA	1978	45	G	0	0	45	40.0222222222222
A_PA	1979	45	C	0	0	45	40.2222222222222
A_PA	1980	46	T	0	0	46	41.304347826087
A_PA	1981	46	G	0	0	46	40.5652173913044
A_PA	1982	46	A	0	0	46	40.3260869565217
A_PA	1983	46	A	0	0	46	40.5869565217391
A_PA	1984	46	T	0	0	46	39.5434782608696
A_PA	1985	46	C	0	0	46	38.9130434782609
A_PA	1986	46	A	0	0	46	38.304347826087
A_PA	1987	46	A	0	0	46	37.5652173913044
A_PA	1988	46	G	0	0	46	39.5
A_PA	1989	46	A	0	0	46	39
A_PA	1990	46	A	0	0	46	39.7826086956522
A_PA	1991	46	A	0	0	46	41.2826086956522
A_PA	1992	46	A	0	0	46	39.8913043478261
A_PA	1993	46	T	0	0	46	40.1739130434783
A_PA	1994	46	T	0	0	46	40.9347826086956
A_PA	1995	46	A	0	0	46	39.9130434782609
A_PA	1996	46	C	0	0	46	39.5869565217391
A_PA	1997	46	T	0	0	46	38.5434782608696
A_PA	1998	46	T	0	0	46	38.5217391304348
A_PA	1999	46	C	0	0	46	37.3260869565217
A_PA	2000	46	T	0	0	46	37.8478260869565
A_PA	2001	46	C	0	0	46	38.2391304347826
A_PA	2002	47	A	0	0	47	37.8723404255319
A_PA	2003	47	T	0	0	47	39.2978723404255
A_PA	2004	47	T	0	0	47	38.8723404255319
A_PA	2005	47	G	0	0	47	38.4255319148936
A_PA	2006	47	T	0	0	47	39
A_PA	2007	47	T	0	0	47	39.4255319148936
A_PA	2008	47	C	0	0	47	37.8297872340426
A_PA	2009	47	A	0	0	47	38.531914893617
A_PA	2010	47	A	0	0	47	39.1276595744681
A_PA	2011	47	G	0	0	47	38.6595744680851
A_PA	2012	47	C	0	0	47	38
A_PA	2013	47	A	0	0	47	37.5106382978723
A_PA	2014	47	C	0	0	47	38.3191489361702
A_PA	2015	47	T	0	0	47	37.5531914893617
A_PA	2016	49	T	0	0	49	37.9183673469388
A_PA	2017	49	A	0	0	48	34.9375
A_PA	2018	49	G	0	0	49	33.1836734693878
A_PA	2019	49	G	0	0	49	34.6530612244898
A_PA	2020	49	G	0	0	49	34.1428571428571
A_PA	2021	49	A	0	0	49	37.2244897959184
A_PA	2022	49	C	0	0	49	38
A_PA	2023	49	A	0	0	49	37.9591836734694
A_PA	2024	49	A	0	0	48	38.3333333333333
A_PA	2025	49	C	0	0	49	38.7551020408163
A_PA	2026	49	C	0	0	49	38.3877551020408
A_PA	2027	49	T	0	0	48	39.3541666666667
A_PA	2028	49	G	0	0	49	38.0612244897959
A_PA	2029	49	G	0	0	48	38.9166666666667
A_PA	2030	49	A	0	0	49	38.2040816326531
A_PA	2031	49	A	0	0	49	41.1428571428571
A_PA	2032	49	C	0	0	49	41.8775510204082
A_PA	2033	49	C	0	0	49	42.2857142857143
A_PA	2034	49	T	0	0	49	42.4897959183673
A_PA	2035	49	G	0	0	49	41.6734693877551
A_PA	2036	49	G	0	0	49	41.6122448979592
A_PA	2037	49	A	0	0	49	42.4897959183673
A_PA	2038	49	A	0	0	49	41.3265306122449
A_PA	2039	49	C	0	0	49	40.469387755102
A_PA	2040	49	C	0	0	49	40.1428571428571
A_PA	2041	49	T	0	0	49	41.530612244898
A_PA	2042	49	T	0	0	49	41.9795918367347
A_PA	2043	49	T	0	0	49	42.8367346938776
A_PA	2044	49	G	0	0	49	39.9795918367347
A_PA	2045	49	A	0	0	49	41.4489795918367
A_PA	2046	49	T	0	0	49	41.2448979591837
A_PA	2047	49	C	0	0	49	39.8367346938776
A_PA	2048	49	T	0	0	49	39.5918367346939
A_PA	2049	49	T	0	0	49	39.1224489795918
A_PA	2050	46	G	3	0	46	35.6739130434783
A_PA	2051	48	G	1	0	48	35.1041666666667
A_PA	2052	49	G	0	0	49	36.4285714285714
A_PA	2053	49	G	0	0	49	35.4081632653061
A_PA	2054	49	G	0	0	49	38.9183673469388
A_PA	2055	49	G	0	0	49	38.7551020408163
A_PA	2056	49	C	0	0	49	38.4897959183673
A_PA	2057	49	T	0	0	49	37.8775510204082
A_PA	2058	49	A	0	0	49	38.5918367346939
A_PA	2059	49	T	0	0	49	38.1836734693878
A_PA	2060	49	A	0	0	49	37.5918367346939
A_PA	2061	49	T	0	0	48	38.5
A_PA	2062	49	G	0	0	48	38.0833333333333
A_PA	2063	49	A	0	0	49	37.7755102040816
A_PA	2064	49	A	0	0	49	38.1632653061224
A_PA	2065	49	G	0	0	49	37.8163265306122
A_PA	2066	49	C	0	0	49	38.8571428571429
A_PA	2067	49	A	0	0	49	39.2040816326531
A_PA	2068	49	A	0	0	49	39.3877551020408
A_PA	2069	49	T	0	0	49	40.3265306122449
A_PA	2070	49	C	0	0	49	37.3061224489796
A_PA	2071	49	G	0	0	48	37.2083333333333
A_PA	2072	49	A	0	0	49	37.4897959183673
A_PA	2073	49	G	0	0	49	37.4081632653061
A_PA	2074	48	G	0	0	48	37.0833333333333
A_PA	2075	48	A	0	0	48	38.5
A_PA	2076	48	G	0	0	48	39.6458333333333
A_PA	2077	48	T	0	0	48	39.6666666666667
A_PA	2078	48	G	0	0	48	38.4166666666667
A_PA	2079	48	C	0	0	48	39.1041666666667
A_PA	2080	48	T	0	0	48	39.4166666666667
A_PA	2081	48	T	0	0	48	38.5208333333333
A_PA	2082	48	G	0	0	48	39.0416666666667
A_PA	2083	48	A	0	0	48	37.8333333333333
A_PA	2084	48	T	0	0	48	38.375
A_PA	2085	48	T	0	0	48	38.3541666666667
A_PA	2086	47	A	1	0	47	38.5531914893617
A_PA	2087	47	A	1	0	47	38.7234042553191
A_PA	2088	47	T	1	0	47	40.3617021276596
A_PA	2089	47	G	1	0	47	39.6595744680851
A_PA	2090	48	A	0	0	48	40.125
A_PA	2091	48	T	0	0	48	40
A_PA	2092	48	C	0	0	48	39.125
A_PA	2093	48	C	0	0	48	37.5833333333333
A_PA	2094	48	C	0	0	47	38.7234042553191
A_PA	2095	48	T	0	0	48	38.125
A_PA	2096	48	G	0	0	48	37.8333333333333
A_PA	2097	48	G	0	0	48	39.1458333333333
A_PA	2098	48	G	0	0	48	39.6041666666667
A_PA	2099	47	T	1	0	47	40.9787234042553
A_PA	2100	47	T	1	0	47	41.4042553191489
A_PA	2101	47	T	1	0	47	43.531914893617
A_PA	2102	47	T	1	0	46	43.4565217391304
A_PA	2103	47	G	1	0	46	42.8478260869565
A_PA	2104	47	C	1	0	46	41.695652173913
A_PA	2105	47	T	1	0	47	41.1489361702128
A_PA	2106	49	T	0	0	48	39.8333333333333
A_PA	2107	49	A	0	0	49	39.6530612244898
A_PA	2108	49	A	0	0	49	40.7142857142857
A_PA	2109	49	T	0	0	49	40.0612244897959
A_PA	2110	49	G	0	0	49	40.2244897959184
A_PA	2111	49	C	0	0	49	40.7551020408163
A_PA	2112	49	A	0	0	49	39.9183673469388
A_PA	2113	49	T	0	0	49	40.3061224489796
A_PA	2114	49	C	0	0	49	39.3877551020408
A_PA	2115	49	T	0	0	49	39.4897959183673
A_PA	2116	49	T	0	0	48	40.2916666666667
A_PA	2117	49	G	0	0	49	38.3469387755102
A_PA	2118	49	G	0	0	49	37.6326530612245
A_PA	2119	49	T	0	0	49	39.2244897959184
A_PA	2120	49	T	0	0	49	40.5714285714286
A_PA	2121	48	C	1	0	46	41.195652173913
A_PA	2122	49	A	1	0	48	40.5833333333333
A_PA	2123	50	A	0	0	50	40.7
A_PA	2124	50	C	0	0	50	39.78
A_PA	2125	50	T	0	0	49	40.0204081632653
A_PA	2126	50	C	0	0	50	40.24
A_PA	2127	49	C	1	0	49	40.3469387755102
A_PA	2128	48	T	2	0	48	41.3125
A_PA	2129	50	T	0	0	50	41.32
A_PA	2130	50	C	0	0	50	40.94
A_PA	2131	50	C	0	0	50	41.04
A_PA	2132	50	T	0	0	50	40.12
A_PA	2133	50	C	0	0	50	41.08
A_PA	2134	50	A	0	0	50	40.26
A_PA	2135	49	C	0	0	49	41.7551020408163
A_PA	2136	49	A	0	0	49	41.3673469387755
A_PA	2137	49	C	0	0	49	41.0816326530612
A_PA	2138	49	A	0	0	49	40.7142857142857
A_PA	2139	49	T	0	0	49	41.5918367346939
A_PA	2140	49	G	0	0	49	41.7755102040816
A_PA	2141	49	C	0	0	49	41.7142857142857
A_PA	2142	49	A	0	0	49	41.7551020408163
A_PA	2143	49	C	0	0	49	43.5918367346939
A_PA	2144	49	T	0	0	49	42.5102040816327
A_PA	2145	49	G	0	0	48	42
A_PA	2146	49	A	0	0	49	41.9387755102041
A_PA	2147	49	A	0	0	49	40.1836734693878
A_PA	2148	49	G	0	0	49	39.1632653061224
A_PA	2149	49	T	0	0	49	39.0204081632653
A_PA	2150	49	A	0	0	49	37.9387755102041
A_PA	2151	49	G	0	0	49	38.265306122449
