Reference_Name	Position	Coverage Depth	Consensus	Deletions	Ambiguous	Consensus_Count	Consensus_Average_Quality
A_PB2	1	10	A	0	0	10	35.2
A_PB2	2	10	T	0	0	10	37.5
A_PB2	3	11	G	0	0	11	33.6363636363636
A_PB2	4	11	G	0	0	11	34.7272727272727
A_PB2	5	11	A	0	0	11	33.7272727272727
A_PB2	6	11	G	0	0	11	35.9090909090909
A_PB2	7	11	A	0	0	11	36.1818181818182
A_PB2	8	11	G	0	0	11	37.0909090909091
A_PB2	9	11	A	0	0	11	34.7272727272727
A_PB2	10	11	A	0	0	11	35.7272727272727
A_PB2	11	11	T	0	0	11	36.1818181818182
A_PB2	12	11	A	0	0	11	34.8181818181818
A_PB2	13	11	A	0	0	10	37.9
A_PB2	14	11	A	0	0	11	35.5454545454545
A_PB2	15	11	A	0	0	11	36.5454545454545
A_PB2	16	11	G	0	0	11	35.8181818181818
A_PB2	17	12	A	0	0	12	34.4166666666667
A_PB2	18	12	G	0	0	12	32.6666666666667
A_PB2	19	12	C	0	0	12	31.75
A_PB2	20	14	T	0	0	14	32.5714285714286
A_PB2	21	14	G	0	0	14	27
A_PB2	22	14	A	0	0	14	27.4285714285714
A_PB2	23	14	G	0	0	14	26.3571428571429
A_PB2	24	14	A	0	0	14	25
A_PB2	25	14	G	0	0	14	28.5714285714286
A_PB2	26	14	A	0	0	14	30.1428571428571
A_PB2	27	14	T	0	0	14	34.5
A_PB2	28	14	C	0	0	14	32.8571428571429
A_PB2	29	14	T	0	0	14	33.0714285714286
A_PB2	30	14	A	0	0	14	34
A_PB2	31	14	A	0	0	14	33.7857142857143
A_PB2	32	14	T	0	0	14	34.5
A_PB2	33	14	G	0	0	14	36.7857142857143
A_PB2	34	14	T	0	0	14	37.5714285714286
A_PB2	35	14	C	0	0	14	38.4285714285714
A_PB2	36	14	G	0	0	14	37.2857142857143
A_PB2	37	14	C	0	0	14	35.1428571428571
A_PB2	38	14	A	0	0	14	35.6428571428571
A_PB2	39	14	G	0	0	14	36.5714285714286
A_PB2	40	14	T	0	0	14	36.1428571428571
A_PB2	41	14	C	0	0	14	35.9285714285714
A_PB2	42	14	C	0	0	14	35.7857142857143
A_PB2	43	14	C	0	0	14	35.9285714285714
A_PB2	44	14	G	0	0	14	34.5714285714286
A_PB2	45	14	C	0	0	14	34.3571428571429
A_PB2	46	14	A	0	0	14	37.2142857142857
A_PB2	47	14	C	0	0	14	37.8571428571429
A_PB2	48	14	T	0	0	14	38.8571428571429
A_PB2	49	14	C	0	0	14	39.4285714285714
A_PB2	50	14	G	0	0	14	37.9285714285714
A_PB2	51	14	C	0	0	14	37.8571428571429
A_PB2	52	14	G	0	0	14	36.7857142857143
A_PB2	53	14	A	0	0	14	34.2857142857143
A_PB2	54	14	G	0	0	14	32.7142857142857
A_PB2	55	14	A	0	0	14	32.5
A_PB2	56	14	T	0	0	14	34.2142857142857
A_PB2	57	14	A	0	0	14	32.8571428571429
A_PB2	58	14	C	0	0	14	32.6428571428571
A_PB2	59	14	T	0	0	14	34.2142857142857
A_PB2	60	14	C	0	0	14	32.0714285714286
A_PB2	61	14	A	0	0	14	28.7857142857143
A_PB2	62	14	C	0	0	14	28.0714285714286
A_PB2	63	14	T	0	0	14	28.7142857142857
A_PB2	64	14	A	0	0	14	28.0714285714286
A_PB2	65	14	A	0	0	14	27.8571428571429
A_PB2	66	14	A	0	0	14	32.3571428571429
A_PB2	67	14	A	0	0	14	33.0714285714286
A_PB2	68	14	C	0	0	14	36.3571428571429
A_PB2	69	14	C	0	0	14	38
A_PB2	70	14	A	0	0	14	39.0714285714286
A_PB2	71	14	C	0	0	14	38
A_PB2	72	14	T	0	0	14	38.6428571428571
A_PB2	73	14	G	0	0	14	35.7857142857143
A_PB2	74	14	T	0	0	14	34.9285714285714
A_PB2	75	14	G	0	0	14	34.7142857142857
A_PB2	76	14	G	0	0	14	35.6428571428571
A_PB2	77	14	A	0	0	14	36.0714285714286
A_PB2	78	14	C	0	0	14	35
A_PB2	79	14	C	0	0	14	36
A_PB2	80	14	A	0	0	13	36.5384615384615
A_PB2	81	14	T	0	0	14	34.2142857142857
A_PB2	82	14	A	0	0	14	33.9285714285714
A_PB2	83	14	T	0	0	14	32.3571428571429
A_PB2	84	14	G	0	0	14	33.2142857142857
A_PB2	85	14	G	0	0	14	32.7142857142857
A_PB2	86	14	C	0	0	14	33.5714285714286
A_PB2	87	14	C	0	0	14	34.5
A_PB2	88	14	A	0	0	14	33.6428571428571
A_PB2	89	14	T	0	0	14	36
A_PB2	90	14	C	0	0	13	35.3076923076923
A_PB2	91	14	A	0	0	14	35.3571428571429
A_PB2	92	14	T	0	0	14	34.3571428571429
A_PB2	93	14	C	0	0	14	35.1428571428571
A_PB2	94	14	A	0	0	14	34.5714285714286
A_PB2	95	14	A	0	0	14	35.2142857142857
A_PB2	96	14	G	0	0	14	35.1428571428571
A_PB2	97	14	A	0	0	14	36.5714285714286
A_PB2	98	14	A	0	0	14	36.4285714285714
A_PB2	99	14	G	0	0	14	38.5714285714286
A_PB2	100	14	T	0	0	14	35.7142857142857
A_PB2	101	14	A	0	0	14	35.5714285714286
A_PB2	102	14	C	0	0	14	33.0714285714286
A_PB2	103	14	A	0	0	14	29.9285714285714
A_PB2	104	14	C	0	0	14	32.6428571428571
A_PB2	105	14	A	0	0	14	34.2142857142857
A_PB2	106	14	T	0	0	14	33.2857142857143
A_PB2	107	14	C	0	0	13	34.8461538461538
A_PB2	108	14	G	0	0	14	32.7142857142857
A_PB2	109	14	G	0	0	14	34
A_PB2	110	14	G	0	0	14	34.5
A_PB2	111	14	A	0	0	14	34
A_PB2	112	14	A	0	0	14	36.7142857142857
A_PB2	113	14	G	0	0	14	37
A_PB2	114	14	G	0	0	13	37.5384615384615
A_PB2	115	14	C	0	0	14	35.6428571428571
A_PB2	116	14	A	0	0	14	36.7142857142857
A_PB2	117	14	A	0	0	14	33.7857142857143
A_PB2	118	14	G	0	0	14	33.2142857142857
A_PB2	119	13	A	1	0	13	35.8461538461538
A_PB2	120	14	G	0	0	14	35.0714285714286
A_PB2	121	14	A	0	0	14	36.4285714285714
A_PB2	122	14	A	0	0	14	34.9285714285714
A_PB2	123	14	G	0	0	14	33.3571428571429
A_PB2	124	14	A	0	0	14	35.1428571428571
A_PB2	125	14	A	0	0	14	31.2142857142857
A_PB2	126	14	C	0	0	14	34.2857142857143
A_PB2	127	14	C	0	0	14	34.9285714285714
A_PB2	128	14	C	0	0	14	34.6428571428571
A_PB2	129	14	C	0	0	14	34.8571428571429
A_PB2	130	14	G	0	0	14	35.5
A_PB2	131	14	C	0	0	14	35.1428571428571
A_PB2	132	14	G	0	0	14	35.9285714285714
A_PB2	133	14	C	0	0	14	35
A_PB2	134	14	T	0	0	14	36.4285714285714
A_PB2	135	14	C	0	0	14	35.5714285714286
A_PB2	136	14	A	0	0	14	38.5
A_PB2	137	14	G	0	0	14	39.7857142857143
A_PB2	138	14	G	0	0	14	41.1428571428571
A_PB2	139	14	A	0	0	14	39.0714285714286
A_PB2	140	14	T	0	0	14	41.0714285714286
A_PB2	141	14	G	0	0	14	40.3571428571429
A_PB2	142	14	A	0	0	14	40.5714285714286
A_PB2	143	14	A	0	0	14	40
A_PB2	144	14	G	0	0	14	38.9285714285714
A_PB2	145	14	T	0	0	14	37.6428571428571
A_PB2	146	14	G	0	0	14	37.4285714285714
A_PB2	147	14	G	0	0	14	36.2142857142857
A_PB2	148	14	A	0	0	14	35.2142857142857
A_PB2	149	14	T	0	0	14	34.9285714285714
A_PB2	150	14	G	0	0	14	37
A_PB2	151	14	A	0	0	14	34.7142857142857
A_PB2	152	14	T	0	0	14	32.5714285714286
A_PB2	153	14	G	0	0	14	31.8571428571429
A_PB2	154	14	G	0	0	14	32.2857142857143
A_PB2	155	14	C	0	0	14	32.7857142857143
A_PB2	156	14	G	0	0	14	32.4285714285714
A_PB2	157	14	A	0	0	14	34.0714285714286
A_PB2	158	14	T	0	0	14	33
A_PB2	159	14	G	0	0	14	33.8571428571429
A_PB2	160	14	A	0	0	14	34.7142857142857
A_PB2	161	14	A	0	0	14	37.4285714285714
A_PB2	162	14	A	0	0	14	37.7857142857143
A_PB2	163	14	T	0	0	14	37.4285714285714
A_PB2	164	14	A	0	0	14	37.4285714285714
A_PB2	165	14	C	0	0	14	39.4285714285714
A_PB2	166	14	C	0	0	14	39.8571428571429
A_PB2	167	14	C	0	0	14	40
A_PB2	168	14	A	0	0	14	40.6428571428571
A_PB2	169	14	A	0	0	14	40.5
A_PB2	170	14	T	0	0	14	41.1428571428571
A_PB2	171	14	T	0	0	14	38.7142857142857
A_PB2	172	14	A	0	0	14	41
A_PB2	173	14	C	0	0	14	39.7857142857143
A_PB2	174	14	G	0	0	14	39.3571428571429
A_PB2	175	14	G	0	0	14	38.3571428571429
A_PB2	176	14	C	0	0	14	39.5714285714286
A_PB2	177	14	A	0	0	14	37.0714285714286
A_PB2	178	14	G	0	0	14	39.3571428571429
A_PB2	179	14	A	0	0	14	39.8571428571429
A_PB2	180	14	C	0	0	14	39.7142857142857
A_PB2	181	14	A	0	0	14	39.3571428571429
A_PB2	182	14	A	0	0	14	36.5
A_PB2	183	14	G	0	0	14	36.8571428571429
A_PB2	184	12	A	2	0	12	36.4166666666667
A_PB2	185	12	G	2	0	12	35.6666666666667
A_PB2	186	12	A	2	0	12	36.5833333333333
A_PB2	187	12	A	2	0	12	37.0833333333333
A_PB2	188	12	T	2	0	12	37.9166666666667
A_PB2	189	12	A	2	0	12	36.25
A_PB2	190	12	A	2	0	12	39.0833333333333
A_PB2	191	12	T	2	0	12	37.8333333333333
A_PB2	192	14	G	0	0	14	37.5714285714286
A_PB2	193	14	G	0	0	14	37.9285714285714
A_PB2	194	14	A	0	0	13	42.7692307692308
A_PB2	195	14	C	0	0	14	39.5714285714286
A_PB2	196	14	A	0	0	14	37.7857142857143
A_PB2	197	14	T	0	0	14	38.8571428571429
A_PB2	198	14	A	0	0	13	37
A_PB2	199	14	A	0	0	14	35.1428571428571
A_PB2	200	14	T	0	0	14	35.8571428571429
A_PB2	201	14	C	0	0	14	34.2857142857143
A_PB2	202	14	C	0	0	14	34.6428571428571
A_PB2	203	14	C	0	0	13	34.3076923076923
A_PB2	204	14	A	0	0	14	31.6428571428571
A_PB2	205	14	G	0	0	14	30.9285714285714
A_PB2	206	13	A	1	0	13	34.3846153846154
A_PB2	207	13	G	1	0	13	34.8461538461538
A_PB2	208	13	A	1	0	13	35.0769230769231
A_PB2	209	13	G	1	0	13	35.8461538461538
A_PB2	210	13	G	1	0	13	37.7692307692308
A_PB2	211	13	A	1	0	13	39.0769230769231
A_PB2	212	14	A	0	0	14	36.4285714285714
A_PB2	213	14	T	0	0	14	36.0714285714286
A_PB2	214	14	G	0	0	14	33.7142857142857
A_PB2	215	14	A	0	0	14	36.2142857142857
A_PB2	216	13	A	0	0	13	35.8461538461538
A_PB2	217	13	C	0	0	13	35.6153846153846
A_PB2	218	12	A	1	0	12	39.9166666666667
A_PB2	219	12	A	1	0	12	39.75
A_PB2	220	12	G	1	0	12	41.25
A_PB2	221	13	G	0	0	13	36.3846153846154
A_PB2	222	13	A	0	0	13	35.6153846153846
A_PB2	223	13	C	0	0	13	37.8461538461538
A_PB2	224	13	A	0	0	13	35.7692307692308
A_PB2	225	12	G	1	0	12	39.5
A_PB2	226	13	A	0	0	13	36.2307692307692
A_PB2	227	13	C	0	0	13	37
A_PB2	228	13	C	0	0	13	39.5384615384615
A_PB2	229	13	C	0	0	13	38.6923076923077
A_PB2	230	13	T	0	0	13	40.5384615384615
A_PB2	231	13	C	0	0	13	39.7692307692308
A_PB2	232	13	T	0	0	13	38.6153846153846
A_PB2	233	13	G	0	0	13	39
A_PB2	234	13	G	0	0	13	37.7692307692308
A_PB2	235	13	A	0	0	13	39.6153846153846
A_PB2	236	13	G	0	0	13	39.3076923076923
A_PB2	237	13	C	0	0	12	40.0833333333333
A_PB2	238	13	A	0	0	13	39.4615384615385
A_PB2	239	13	A	0	0	13	38.8461538461538
A_PB2	240	13	A	0	0	13	40.8461538461538
A_PB2	241	13	A	0	0	13	40.0769230769231
A_PB2	242	13	T	0	0	12	41.0833333333333
A_PB2	243	13	G	0	0	13	39.6153846153846
A_PB2	244	13	A	0	0	13	40.0769230769231
A_PB2	245	13	A	0	0	13	40
A_PB2	246	11	C	0	0	11	39.5454545454545
A_PB2	247	11	G	0	0	11	40.2727272727273
A_PB2	248	11	A	0	0	11	39.2727272727273
A_PB2	249	11	T	0	0	11	39.4545454545455
A_PB2	250	11	G	0	0	11	39.8181818181818
A_PB2	251	11	C	0	0	11	41.0909090909091
A_PB2	252	11	T	0	0	11	41
A_PB2	253	11	G	0	0	11	38.9090909090909
A_PB2	254	11	G	0	0	11	39.0909090909091
A_PB2	255	11	A	0	0	11	37.1818181818182
A_PB2	256	11	T	0	0	11	36.2727272727273
A_PB2	257	10	C	0	0	10	35.3
A_PB2	258	10	A	0	0	10	34.3
A_PB2	259	10	G	0	0	10	33.6
A_PB2	260	10	A	0	0	10	32.6
A_PB2	261	10	C	0	0	10	33.6
A_PB2	262	10	C	0	0	10	34.4
A_PB2	263	10	G	0	0	10	33.8
A_PB2	264	10	A	0	0	10	34.1
A_PB2	265	10	G	0	0	10	36.3
A_PB2	266	10	T	0	0	10	35.2
A_PB2	267	10	G	0	0	10	34
A_PB2	268	10	A	0	0	10	40.6
A_PB2	269	10	T	0	0	10	41.1
A_PB2	270	10	G	0	0	10	40.8
A_PB2	271	10	G	0	0	10	43
A_PB2	272	10	T	0	0	10	41.5
A_PB2	273	10	A	0	0	10	42.2
A_PB2	274	10	T	0	0	10	40.7
A_PB2	275	10	C	0	0	10	39.9
A_PB2	276	10	A	0	0	10	39.7
A_PB2	277	10	C	0	0	10	40.9
A_PB2	278	10	C	0	0	10	40.3
A_PB2	279	10	T	0	0	10	37.4
A_PB2	280	10	C	0	0	10	38.7
A_PB2	281	10	T	0	0	10	39.4
A_PB2	282	10	G	0	0	10	38.6
A_PB2	283	10	G	0	0	10	41.5
A_PB2	284	10	C	0	0	10	41.3
A_PB2	285	10	A	0	0	10	40.7
A_PB2	286	10	G	0	0	10	42
A_PB2	287	10	T	0	0	10	42.8
A_PB2	288	10	A	0	0	10	40.3
A_PB2	289	10	A	0	0	10	40.3
A_PB2	290	10	C	0	0	10	41.9
A_PB2	291	10	G	0	0	10	38
A_PB2	292	10	T	0	0	10	40.3
A_PB2	293	10	G	0	0	10	36.7
A_PB2	294	10	G	0	0	10	35.7
A_PB2	295	10	T	0	0	10	36.1
A_PB2	296	9	G	0	0	9	36.7777777777778
A_PB2	297	9	G	0	0	9	37.3333333333333
A_PB2	298	9	A	0	0	9	37.2222222222222
A_PB2	299	9	A	0	0	9	36.4444444444444
A_PB2	300	9	T	0	0	9	36.6666666666667
A_PB2	301	9	A	0	0	9	34.1111111111111
A_PB2	302	9	G	0	0	9	32.8888888888889
A_PB2	303	9	G	0	0	9	33.6666666666667
A_PB2	304	9	A	0	0	9	34.1111111111111
A_PB2	305	9	A	0	0	9	31.7777777777778
A_PB2	306	9	T	0	0	9	36
A_PB2	307	9	G	0	0	9	37.5555555555556
A_PB2	308	9	G	0	0	9	35.8888888888889
A_PB2	309	9	T	0	0	9	38.4444444444444
A_PB2	310	9	C	0	0	9	40.2222222222222
A_PB2	311	9	C	0	0	9	40.2222222222222
A_PB2	312	9	A	0	0	9	43.6666666666667
A_PB2	313	9	A	0	0	9	41.1111111111111
A_PB2	314	9	C	0	0	9	41
A_PB2	315	9	A	0	0	9	39.2222222222222
A_PB2	316	9	A	0	0	9	40.2222222222222
A_PB2	317	9	C	0	0	9	38.4444444444444
A_PB2	318	9	A	0	0	9	39.6666666666667
A_PB2	319	9	A	0	0	9	39.3333333333333
A_PB2	320	9	G	0	0	9	41.8888888888889
A_PB2	321	9	T	0	0	9	42.3333333333333
A_PB2	322	9	A	0	0	9	41.3333333333333
A_PB2	323	9	C	0	0	9	41.5555555555556
A_PB2	324	9	A	0	0	9	41.1111111111111
A_PB2	325	9	G	0	0	9	40.6666666666667
A_PB2	326	9	T	0	0	9	39.2222222222222
A_PB2	327	9	T	0	0	9	40.6666666666667
A_PB2	328	9	C	0	0	9	40.1111111111111
A_PB2	329	9	A	0	0	9	40
A_PB2	330	9	T	0	0	9	41.1111111111111
A_PB2	331	9	T	0	0	9	41.8888888888889
A_PB2	332	9	A	0	0	9	39.3333333333333
A_PB2	333	9	C	0	0	9	41.4444444444444
A_PB2	334	9	C	0	0	9	39.1111111111111
A_PB2	335	9	C	0	0	9	38.3333333333333
A_PB2	336	9	T	0	0	9	37.1111111111111
A_PB2	337	9	A	0	0	9	36.2222222222222
A_PB2	338	9	A	0	0	9	33.2222222222222
A_PB2	339	9	G	0	0	9	33.8888888888889
A_PB2	340	9	G	0	0	9	35.5555555555556
A_PB2	341	9	T	0	0	9	34.6666666666667
A_PB2	342	9	A	0	0	9	33
A_PB2	343	9	T	0	0	9	33
A_PB2	344	9	A	0	0	9	32.6666666666667
A_PB2	345	9	T	0	0	9	31.5555555555556
A_PB2	346	9	A	0	0	9	29.1111111111111
A_PB2	347	9	A	0	0	9	29
A_PB2	348	9	A	0	0	9	29.1111111111111
A_PB2	349	9	A	0	0	9	30.6666666666667
A_PB2	350	9	C	0	0	9	32.2222222222222
A_PB2	351	9	T	0	0	9	31
A_PB2	352	9	T	0	0	9	31.2222222222222
A_PB2	353	9	A	0	0	9	30.8888888888889
A_PB2	354	9	T	0	0	9	31
A_PB2	355	9	T	0	0	9	32.8888888888889
A_PB2	356	9	T	0	0	9	33.6666666666667
A_PB2	357	9	C	0	0	9	33.8888888888889
A_PB2	358	9	G	0	0	9	35.4444444444444
A_PB2	359	9	A	0	0	9	37.5555555555556
A_PB2	360	9	A	0	0	9	35.8888888888889
A_PB2	361	9	A	0	0	9	36.5555555555556
A_PB2	362	9	A	0	0	9	39.5555555555556
A_PB2	363	9	G	0	0	9	41.1111111111111
A_PB2	364	9	G	0	0	9	41.6666666666667
A_PB2	365	9	T	0	0	9	39.2222222222222
A_PB2	366	9	C	0	0	9	36.7777777777778
A_PB2	367	9	G	0	0	9	37.8888888888889
A_PB2	368	8	A	1	0	8	38.5
A_PB2	369	9	A	0	0	9	36.4444444444444
A_PB2	370	9	A	0	0	9	39.2222222222222
A_PB2	371	9	G	0	0	9	41
A_PB2	372	9	G	0	0	9	41.6666666666667
A_PB2	373	9	T	0	0	9	42.7777777777778
A_PB2	374	9	T	0	0	9	43.2222222222222
A_PB2	375	9	A	0	0	9	40
A_PB2	376	8	A	0	0	8	43
A_PB2	377	7	A	0	0	7	46.4285714285714
A_PB2	378	7	A	0	0	7	46
A_PB2	379	7	C	0	0	7	44.2857142857143
A_PB2	380	7	A	0	0	7	43.2857142857143
A_PB2	381	7	T	0	0	7	41.1428571428571
A_PB2	382	7	G	0	0	7	44.1428571428571
A_PB2	383	7	G	0	0	7	42
A_PB2	384	7	T	0	0	7	42
A_PB2	385	7	A	0	0	7	42.2857142857143
A_PB2	386	7	C	0	0	7	43.1428571428571
A_PB2	387	7	C	0	0	7	42.5714285714286
A_PB2	388	7	T	0	0	7	39.5714285714286
A_PB2	389	7	T	0	0	7	40.4285714285714
A_PB2	390	7	C	0	0	7	40.8571428571429
A_PB2	391	7	G	0	0	7	39.5714285714286
A_PB2	392	7	G	0	0	7	40.4285714285714
A_PB2	393	7	C	0	0	7	38.5714285714286
A_PB2	394	7	C	0	0	7	36
A_PB2	395	7	C	0	0	7	33.7142857142857
A_PB2	396	7	T	0	0	7	34
A_PB2	397	7	G	0	0	7	33
A_PB2	398	7	T	0	0	7	34.2857142857143
A_PB2	399	7	C	0	0	7	32.8571428571429
A_PB2	400	7	C	0	0	7	34.7142857142857
A_PB2	401	7	A	0	0	7	31.1428571428571
A_PB2	402	7	C	0	0	7	32.2857142857143
A_PB2	403	7	T	0	0	7	32.4285714285714
A_PB2	404	7	T	0	0	7	32.8571428571429
A_PB2	405	7	C	0	0	7	34
A_PB2	406	7	A	0	0	7	32.7142857142857
A_PB2	407	7	G	0	0	7	36.4285714285714
A_PB2	408	7	A	0	0	7	38.8571428571429
A_PB2	409	7	A	0	0	7	37.8571428571429
A_PB2	410	6	A	0	0	6	44
A_PB2	411	6	T	0	0	6	42.5
A_PB2	412	6	C	0	0	6	39.5
A_PB2	413	6	A	0	0	6	41.3333333333333
A_PB2	414	6	A	0	0	6	42.3333333333333
A_PB2	415	6	G	0	0	6	41
A_PB2	416	6	T	0	0	6	41
A_PB2	417	6	T	0	0	6	41.1666666666667
A_PB2	418	6	A	0	0	6	37.6666666666667
A_PB2	419	6	A	0	0	6	39.1666666666667
A_PB2	420	6	A	0	0	6	37.1666666666667
A_PB2	421	6	A	0	0	6	37.8333333333333
A_PB2	422	6	T	0	0	6	39.8333333333333
A_PB2	423	4	A	0	0	4	44
A_PB2	424	4	A	0	0	4	43.5
A_PB2	425	4	G	0	0	4	42.25
A_PB2	426	4	G	0	0	4	41
A_PB2	427	4	A	0	0	4	42.5
A_PB2	428	4	G	0	0	4	47.75
A_PB2	429	4	G	0	0	4	45.75
A_PB2	430	4	A	0	0	4	42.25
A_PB2	431	4	G	0	0	4	44.75
A_PB2	432	4	A	0	0	4	43.75
A_PB2	433	4	G	0	0	4	42.5
A_PB2	434	4	T	0	0	4	40
A_PB2	435	4	T	0	0	4	44.75
A_PB2	436	4	G	0	0	4	44.25
A_PB2	437	4	A	0	0	4	40.5
A_PB2	438	4	T	0	0	4	41.5
A_PB2	439	4	A	0	0	4	43.75
A_PB2	440	4	C	0	0	4	41.5
A_PB2	441	4	G	0	0	4	41.25
A_PB2	442	4	A	0	0	4	43
A_PB2	443	3	A	0	0	3	41.6666666666667
A_PB2	444	3	C	0	0	3	40.6666666666667
A_PB2	445	3	C	0	0	3	41.3333333333333
A_PB2	446	3	C	0	0	3	42
A_PB2	447	3	T	0	0	3	40.6666666666667
A_PB2	448	3	G	0	0	3	39.6666666666667
A_PB2	449	3	G	0	0	3	38.3333333333333
A_PB2	450	3	C	0	0	3	42
A_PB2	451	3	C	0	0	3	43
A_PB2	452	3	A	0	0	3	43.3333333333333
A_PB2	453	3	T	0	0	3	39.3333333333333
A_PB2	454	3	G	0	0	3	41.3333333333333
A_PB2	455	3	C	0	0	3	40.3333333333333
A_PB2	456	3	A	0	0	3	43.6666666666667
A_PB2	457	3	G	0	0	3	43
A_PB2	458	3	A	0	0	3	45.3333333333333
A_PB2	459	3	T	0	0	3	45
A_PB2	460	3	C	0	0	3	45.3333333333333
A_PB2	461	3	T	0	0	3	41
A_PB2	462	3	C	0	0	3	41.3333333333333
A_PB2	463	3	A	0	0	3	36.6666666666667
A_PB2	464	3	G	0	0	3	35
A_PB2	465	3	T	0	0	3	37.3333333333333
A_PB2	466	3	G	0	0	3	39.3333333333333
A_PB2	467	3	C	0	0	3	41
A_PB2	468	3	C	0	0	3	41
A_PB2	469	3	A	0	0	3	38.3333333333333
A_PB2	470	3	A	0	0	3	40.6666666666667
A_PB2	471	3	G	0	0	3	43
A_PB2	472	3	G	0	0	3	42.3333333333333
A_PB2	473	3	A	0	0	3	41.6666666666667
A_PB2	474	3	G	0	0	3	39.6666666666667
A_PB2	475	3	G	0	0	3	42
A_PB2	476	3	C	0	0	3	43
A_PB2	477	3	A	0	0	3	40.3333333333333
A_PB2	478	3	C	0	0	3	38.6666666666667
A_PB2	479	3	A	0	0	3	40
A_PB2	480	3	G	0	0	3	42.6666666666667
A_PB2	481	3	G	0	0	3	41.6666666666667
A_PB2	482	3	A	0	0	3	41.6666666666667
A_PB2	483	3	T	0	0	3	44.6666666666667
A_PB2	484	3	G	0	0	3	45
A_PB2	485	3	T	0	0	3	41
A_PB2	486	3	G	0	0	3	47
A_PB2	487	3	A	0	0	3	47
A_PB2	488	3	T	0	0	3	43.3333333333333
A_PB2	489	3	T	0	0	3	47
A_PB2	490	3	A	0	0	3	44.3333333333333
A_PB2	491	3	T	0	0	3	43.3333333333333
A_PB2	492	3	G	0	0	3	44.6666666666667
A_PB2	493	3	G	0	0	3	46
A_PB2	494	3	A	0	0	3	42.6666666666667
A_PB2	495	3	A	0	0	3	46.3333333333333
A_PB2	496	3	G	0	0	3	45
A_PB2	497	3	T	0	0	3	44
A_PB2	498	3	T	0	0	3	44
A_PB2	499	3	G	0	0	3	47.6666666666667
A_PB2	500	3	T	0	0	3	49.6666666666667
A_PB2	501	3	T	0	0	3	44.6666666666667
A_PB2	502	3	T	0	0	3	49
A_PB2	503	3	T	0	0	3	46.3333333333333
A_PB2	504	3	C	0	0	3	46.3333333333333
A_PB2	505	3	C	0	0	3	48.3333333333333
A_PB2	506	3	C	0	0	3	42
A_PB2	507	3	A	0	0	3	39.3333333333333
A_PB2	508	3	A	0	0	3	41.3333333333333
A_PB2	509	3	A	0	0	3	45.3333333333333
A_PB2	510	3	T	0	0	3	43
A_PB2	511	3	G	0	0	3	43.6666666666667
A_PB2	512	3	A	0	0	3	43.3333333333333
A_PB2	513	3	A	0	0	3	48.3333333333333
A_PB2	514	3	G	0	0	3	41
A_PB2	515	3	T	0	0	3	37
A_PB2	516	3	G	0	0	3	41.6666666666667
A_PB2	517	3	G	0	0	3	43.3333333333333
A_PB2	518	3	G	0	0	3	40.3333333333333
A_PB2	519	3	G	0	0	3	39.6666666666667
A_PB2	520	3	G	0	0	3	40
A_PB2	521	3	C	0	0	3	42.3333333333333
A_PB2	522	3	A	0	0	3	36.3333333333333
A_PB2	523	3	A	0	0	3	39.3333333333333
A_PB2	524	3	G	0	0	3	37.3333333333333
A_PB2	525	3	A	0	0	3	36
A_PB2	526	3	A	0	0	3	36
A_PB2	527	3	T	0	0	3	33.6666666666667
A_PB2	528	3	A	0	0	3	30.6666666666667
A_PB2	529	3	C	0	0	3	32.6666666666667
A_PB2	530	3	T	0	0	3	34
A_PB2	531	3	G	0	0	3	36
A_PB2	532	3	A	0	0	3	35.3333333333333
A_PB2	533	3	C	0	0	3	38.6666666666667
A_PB2	534	3	A	0	0	3	41
A_PB2	535	3	T	0	0	3	39.3333333333333
A_PB2	536	3	C	0	0	3	41.3333333333333
A_PB2	537	3	A	0	0	3	44.6666666666667
A_PB2	538	3	G	0	0	3	47
A_PB2	539	3	A	0	0	3	43.3333333333333
A_PB2	540	3	G	0	0	3	43.6666666666667
A_PB2	541	3	T	0	0	3	40.6666666666667
A_PB2	542	3	C	0	0	3	42.3333333333333
A_PB2	543	3	A	0	0	3	39.3333333333333
A_PB2	544	3	C	0	0	3	42
A_PB2	545	3	A	0	0	3	40.3333333333333
A_PB2	546	3	G	0	0	3	42
A_PB2	547	3	C	0	0	3	41
A_PB2	548	3	T	0	0	3	43
A_PB2	549	3	G	0	0	3	41.3333333333333
A_PB2	550	3	G	0	0	3	45
A_PB2	551	3	C	0	0	3	43.6666666666667
A_PB2	552	3	A	0	0	3	43.6666666666667
A_PB2	553	3	A	0	0	3	42.3333333333333
A_PB2	554	3	T	0	0	3	43.6666666666667
A_PB2	555	3	A	0	0	3	45
A_PB2	556	3	A	0	0	3	42.6666666666667
A_PB2	557	3	C	0	0	3	40.3333333333333
A_PB2	558	3	A	0	0	3	41.6666666666667
A_PB2	559	3	A	0	0	3	42.6666666666667
A_PB2	560	3	A	0	0	3	47.3333333333333
A_PB2	561	3	A	0	0	3	45
A_PB2	562	3	G	0	0	3	45
A_PB2	563	3	A	0	0	3	43
A_PB2	564	3	G	0	0	3	43.3333333333333
A_PB2	565	3	A	0	0	3	43.6666666666667
A_PB2	566	3	A	0	0	3	41
A_PB2	567	3	G	0	0	3	44.6666666666667
A_PB2	568	3	A	0	0	3	41.6666666666667
A_PB2	569	3	A	0	0	3	44.3333333333333
A_PB2	570	3	A	0	0	3	46
A_PB2	571	3	G	0	0	3	44
A_PB2	572	3	A	0	0	3	47.3333333333333
A_PB2	573	3	A	0	0	3	46.3333333333333
A_PB2	574	3	G	0	0	3	43
A_PB2	575	3	A	0	0	3	43
A_PB2	576	3	G	0	0	3	41.3333333333333
A_PB2	577	3	C	0	0	3	40
A_PB2	578	3	T	0	0	3	42.6666666666667
A_PB2	579	3	C	0	0	3	42.3333333333333
A_PB2	580	3	C	0	0	3	45.6666666666667
A_PB2	581	3	A	0	0	3	40
A_PB2	582	3	G	0	0	3	39.3333333333333
A_PB2	583	3	A	0	0	3	41.3333333333333
A_PB2	584	3	A	0	0	3	43.3333333333333
A_PB2	585	3	T	0	0	3	46
A_PB2	586	3	T	0	0	3	44
A_PB2	587	3	G	0	0	3	43.3333333333333
A_PB2	588	3	T	0	0	3	46.6666666666667
A_PB2	589	3	A	0	0	3	42
A_PB2	590	3	A	0	0	3	44.6666666666667
A_PB2	591	3	A	0	0	3	43.6666666666667
A_PB2	592	3	A	0	0	3	43
A_PB2	593	3	T	0	0	3	43.3333333333333
A_PB2	594	3	T	0	0	3	44
A_PB2	595	3	G	0	0	3	43
A_PB2	596	3	C	0	0	3	42.3333333333333
A_PB2	597	3	T	0	0	3	39.3333333333333
A_PB2	598	3	C	0	0	3	34
A_PB2	599	3	C	0	0	3	35.3333333333333
A_PB2	600	3	A	0	0	3	36.3333333333333
A_PB2	601	3	T	0	0	3	36
A_PB2	602	3	T	0	0	3	37
A_PB2	603	3	G	0	0	3	36
A_PB2	604	3	A	0	0	3	43
A_PB2	605	3	T	0	0	3	42.6666666666667
A_PB2	606	3	G	0	0	3	43.3333333333333
A_PB2	607	3	G	0	0	3	44.6666666666667
A_PB2	608	3	T	0	0	3	43
A_PB2	609	3	G	0	0	3	42
A_PB2	610	3	G	0	0	3	49.3333333333333
A_PB2	611	3	C	0	0	3	42.3333333333333
A_PB2	612	3	G	0	0	3	39.6666666666667
A_PB2	613	3	T	0	0	3	40.3333333333333
A_PB2	614	3	A	0	0	3	41
A_PB2	615	3	C	0	0	3	41.3333333333333
A_PB2	616	3	A	0	0	3	43.3333333333333
A_PB2	617	3	T	0	0	3	42.3333333333333
A_PB2	618	3	G	0	0	3	39.3333333333333
A_PB2	619	3	T	0	0	3	38
A_PB2	620	3	T	0	0	3	34
A_PB2	621	3	A	0	0	3	27.6666666666667
A_PB2	622	3	G	0	0	3	27.3333333333333
A_PB2	623	3	A	0	0	3	26.3333333333333
A_PB2	624	3	A	0	0	3	30.6666666666667
A_PB2	625	3	A	0	0	3	31.6666666666667
A_PB2	626	3	G	0	0	3	31
A_PB2	627	3	A	0	0	3	40
A_PB2	628	3	G	0	0	3	40.6666666666667
A_PB2	629	3	A	0	0	3	39
A_PB2	630	3	A	0	0	3	41.3333333333333
A_PB2	631	3	T	0	0	3	43.3333333333333
A_PB2	632	3	T	0	0	3	38.6666666666667
A_PB2	633	3	G	0	0	3	43
A_PB2	634	3	G	0	0	3	45.6666666666667
A_PB2	635	3	T	0	0	3	42.3333333333333
A_PB2	636	3	C	0	0	3	43.6666666666667
A_PB2	637	3	C	0	0	3	38.6666666666667
A_PB2	638	3	G	0	0	3	39.3333333333333
A_PB2	639	3	T	0	0	3	38.6666666666667
A_PB2	640	3	A	0	0	3	37.6666666666667
A_PB2	641	3	A	0	0	3	37.6666666666667
A_PB2	642	3	A	0	0	3	44.3333333333333
A_PB2	643	3	A	0	0	3	44
A_PB2	644	3	C	0	0	3	46.6666666666667
A_PB2	645	3	A	0	0	3	44
A_PB2	646	3	A	0	0	3	39.3333333333333
A_PB2	647	3	G	0	0	3	41
A_PB2	648	3	G	0	0	3	42.6666666666667
A_PB2	649	3	T	0	0	3	44.3333333333333
A_PB2	650	3	T	0	0	3	44.3333333333333
A_PB2	651	3	T	0	0	3	44
A_PB2	652	3	C	0	0	3	45.3333333333333
A_PB2	653	3	T	0	0	3	46.3333333333333
A_PB2	654	3	C	0	0	3	43.6666666666667
A_PB2	655	3	C	0	0	3	44
A_PB2	656	3	C	0	0	3	44.3333333333333
A_PB2	657	3	A	0	0	3	42.6666666666667
A_PB2	658	3	G	0	0	3	43.6666666666667
A_PB2	659	3	T	0	0	3	44.6666666666667
A_PB2	660	3	A	0	0	3	40.6666666666667
A_PB2	661	3	G	0	0	3	43.3333333333333
A_PB2	662	3	C	0	0	3	46.6666666666667
A_PB2	663	3	C	0	0	3	42
A_PB2	664	3	G	0	0	3	37
A_PB2	665	3	G	0	0	3	39.6666666666667
A_PB2	666	3	T	0	0	3	38
A_PB2	667	3	G	0	0	3	38
A_PB2	668	3	G	0	0	3	39
A_PB2	669	3	G	0	0	3	40.3333333333333
A_PB2	670	3	A	0	0	3	41
A_PB2	671	3	C	0	0	3	39.6666666666667
A_PB2	672	3	A	0	0	3	39
A_PB2	673	3	A	0	0	3	42.6666666666667
A_PB2	674	3	G	0	0	3	40
A_PB2	675	3	C	0	0	3	42.6666666666667
A_PB2	676	3	A	0	0	3	40.6666666666667
A_PB2	677	3	G	0	0	3	45.6666666666667
A_PB2	678	3	T	0	0	3	47.3333333333333
A_PB2	679	3	G	0	0	3	43
A_PB2	680	3	T	0	0	3	42.6666666666667
A_PB2	681	3	T	0	0	3	42.6666666666667
A_PB2	682	3	T	0	0	3	44.6666666666667
A_PB2	683	3	A	0	0	3	42
A_PB2	684	3	T	0	0	3	39.6666666666667
A_PB2	685	3	A	0	0	3	38.6666666666667
A_PB2	686	3	T	0	0	3	37.3333333333333
A_PB2	687	3	T	0	0	3	34
A_PB2	688	3	G	0	0	3	33.6666666666667
A_PB2	689	3	A	0	0	3	34.3333333333333
A_PB2	690	3	G	0	0	3	34
A_PB2	691	3	G	0	0	3	34.6666666666667
A_PB2	692	3	T	0	0	3	39
A_PB2	693	3	G	0	0	3	45.3333333333333
A_PB2	694	3	T	0	0	3	43.3333333333333
A_PB2	695	3	T	0	0	3	44.6666666666667
A_PB2	696	3	G	0	0	3	47.6666666666667
A_PB2	697	3	C	0	0	3	41.3333333333333
A_PB2	698	3	A	0	0	3	43
A_PB2	699	3	C	0	0	3	46.3333333333333
A_PB2	700	3	T	0	0	3	38.3333333333333
A_PB2	701	3	T	0	0	3	39.6666666666667
A_PB2	702	3	G	0	0	3	38
A_PB2	703	3	A	0	0	3	37.6666666666667
A_PB2	704	3	C	0	0	3	39.6666666666667
A_PB2	705	3	C	0	0	3	40.6666666666667
A_PB2	706	3	C	0	0	3	41.6666666666667
A_PB2	707	3	A	0	0	3	43.6666666666667
A_PB2	708	3	A	0	0	3	41.6666666666667
A_PB2	709	3	G	0	0	3	43
A_PB2	710	3	G	0	0	3	42
A_PB2	711	3	G	0	0	3	43.6666666666667
A_PB2	712	3	A	0	0	3	46.6666666666667
A_PB2	713	3	C	0	0	3	39.3333333333333
A_PB2	714	3	G	0	0	3	35
A_PB2	715	3	T	0	0	3	35
A_PB2	716	3	G	0	0	3	34.3333333333333
A_PB2	717	3	C	0	0	3	34.6666666666667
A_PB2	718	3	T	0	0	3	34
A_PB2	719	3	G	0	0	3	33.6666666666667
A_PB2	720	3	G	0	0	3	35
A_PB2	721	3	G	0	0	3	35.3333333333333
A_PB2	722	3	A	0	0	3	37.6666666666667
A_PB2	723	3	G	0	0	3	41
A_PB2	724	3	C	0	0	3	40.3333333333333
A_PB2	725	3	A	0	0	3	42.3333333333333
A_PB2	726	3	G	0	0	3	40.3333333333333
A_PB2	727	3	A	0	0	3	35.6666666666667
A_PB2	728	3	T	0	0	3	43.6666666666667
A_PB2	729	3	G	0	0	3	39
A_PB2	730	3	T	0	0	3	44
A_PB2	731	3	A	0	0	3	43
A_PB2	732	3	C	0	0	3	44
A_PB2	733	3	A	0	0	3	42.3333333333333
A_PB2	734	3	C	0	0	3	41
A_PB2	735	3	T	0	0	3	46
A_PB2	736	3	C	0	0	3	38.3333333333333
A_PB2	737	3	C	0	0	3	37
A_PB2	738	3	A	0	0	3	32
A_PB2	739	3	G	0	0	3	31.3333333333333
A_PB2	740	3	G	0	0	3	34.3333333333333
A_PB2	741	3	A	0	0	3	33.6666666666667
A_PB2	742	3	G	0	0	3	38
A_PB2	743	3	G	0	0	3	39.3333333333333
A_PB2	744	3	A	0	0	3	36.3333333333333
A_PB2	745	3	G	0	0	3	35
A_PB2	746	3	A	0	0	3	38
A_PB2	747	3	A	0	0	3	34.6666666666667
A_PB2	748	3	G	0	0	3	33
A_PB2	749	3	T	0	0	3	34.6666666666667
A_PB2	750	3	G	0	0	3	31.3333333333333
A_PB2	751	3	A	0	0	3	35.6666666666667
A_PB2	752	3	G	0	0	3	36
A_PB2	753	3	A	0	0	3	35
A_PB2	754	3	A	0	0	3	43
A_PB2	755	3	A	0	0	3	40.6666666666667
A_PB2	756	3	T	0	0	3	39.3333333333333
A_PB2	757	3	G	0	0	3	39.3333333333333
A_PB2	758	3	A	0	0	3	42.6666666666667
A_PB2	759	3	T	0	0	3	46.3333333333333
A_PB2	760	3	G	0	0	3	44.6666666666667
A_PB2	761	3	A	0	0	3	42.3333333333333
A_PB2	762	3	T	0	0	3	45
A_PB2	763	3	G	0	0	3	41.3333333333333
A_PB2	764	3	T	0	0	3	40.3333333333333
A_PB2	765	3	T	0	0	3	43.3333333333333
A_PB2	766	3	G	0	0	3	41.6666666666667
A_PB2	767	3	A	0	0	3	41.6666666666667
A_PB2	768	3	C	0	0	3	41
A_PB2	769	3	C	0	0	3	44
A_PB2	770	3	A	0	0	3	42.3333333333333
A_PB2	771	3	A	0	0	3	43
A_PB2	772	3	A	0	0	3	42.6666666666667
A_PB2	773	3	G	0	0	3	41.3333333333333
A_PB2	774	3	C	0	0	3	43.6666666666667
A_PB2	775	3	T	0	0	3	44.3333333333333
A_PB2	776	3	T	0	0	3	43.6666666666667
A_PB2	777	3	G	0	0	3	43.6666666666667
A_PB2	778	3	A	0	0	3	43.6666666666667
A_PB2	779	3	T	0	0	3	43.3333333333333
A_PB2	780	3	T	0	0	3	42.3333333333333
A_PB2	781	3	A	0	0	3	45
A_PB2	782	3	T	0	0	3	43.6666666666667
A_PB2	783	3	C	0	0	3	42.6666666666667
A_PB2	784	3	G	0	0	3	42.6666666666667
A_PB2	785	3	C	0	0	3	38.6666666666667
A_PB2	786	3	T	0	0	3	42
A_PB2	787	3	G	0	0	3	42
A_PB2	788	3	C	0	0	3	43
A_PB2	789	3	T	0	0	3	43.3333333333333
A_PB2	790	3	A	0	0	3	44.6666666666667
A_PB2	791	3	G	0	0	3	42
A_PB2	792	3	A	0	0	3	43.6666666666667
A_PB2	793	3	A	0	0	3	40.3333333333333
A_PB2	794	3	A	0	0	3	42.6666666666667
A_PB2	795	3	C	0	0	3	42
A_PB2	796	3	A	0	0	3	38.3333333333333
A_PB2	797	3	T	0	0	3	40.3333333333333
A_PB2	798	3	A	0	0	3	38.3333333333333
A_PB2	799	3	G	0	0	3	38
A_PB2	800	3	T	0	0	3	36
A_PB2	801	3	A	0	0	3	37
A_PB2	802	3	A	0	0	3	34
A_PB2	803	3	G	0	0	3	39.6666666666667
A_PB2	804	3	A	0	0	3	39.3333333333333
A_PB2	805	3	A	0	0	3	41
A_PB2	806	3	G	0	0	3	37.6666666666667
A_PB2	807	3	A	0	0	3	39.3333333333333
A_PB2	808	3	G	0	0	3	41
A_PB2	809	3	C	0	0	3	38.6666666666667
A_PB2	810	3	A	0	0	3	39
A_PB2	811	3	G	0	0	3	39
A_PB2	812	3	C	0	0	3	39
A_PB2	813	3	A	0	0	3	38
A_PB2	814	3	G	0	0	3	36
A_PB2	815	3	T	0	0	3	38.3333333333333
A_PB2	816	3	G	0	0	3	31.6666666666667
A_PB2	817	3	T	0	0	3	30.3333333333333
A_PB2	818	3	C	0	0	3	28.6666666666667
A_PB2	819	3	A	0	0	3	25
A_PB2	820	3	G	0	0	3	27.6666666666667
A_PB2	821	3	C	0	0	3	25.3333333333333
A_PB2	822	3	A	0	0	3	27.6666666666667
A_PB2	823	3	G	0	0	2	27
A_PB2	824	3	A	0	0	2	28
A_PB2	825	3	C	0	0	2	26.5
A_PB2	826	3	C	0	0	3	26.6666666666667
A_PB2	827	3	C	0	0	3	28.3333333333333
A_PB2	828	3	A	0	0	3	25.6666666666667
A_PB2	829	3	T	0	0	3	26
A_PB2	830	3	T	0	0	3	35
A_PB2	831	3	A	0	0	3	34.6666666666667
A_PB2	832	3	G	0	0	3	34.6666666666667
A_PB2	833	3	C	0	0	3	34.3333333333333
A_PB2	834	3	A	0	0	3	32.3333333333333
A_PB2	835	3	T	0	0	3	40.6666666666667
A_PB2	836	3	C	0	0	3	36.3333333333333
A_PB2	837	3	T	0	0	3	38
A_PB2	838	3	C	0	0	3	30.6666666666667
A_PB2	839	3	T	0	0	3	30.6666666666667
A_PB2	840	3	C	0	0	3	32.6666666666667
A_PB2	841	3	T	0	0	3	39.3333333333333
A_PB2	842	3	T	0	0	3	41
A_PB2	843	3	G	0	0	3	39.6666666666667
A_PB2	844	3	G	0	0	3	39
A_PB2	845	3	A	0	0	3	43.6666666666667
A_PB2	846	3	G	0	0	3	46.3333333333333
A_PB2	847	3	A	0	0	3	47.3333333333333
A_PB2	848	3	T	0	0	3	43.6666666666667
A_PB2	849	3	G	0	0	3	41
A_PB2	850	3	T	0	0	3	40
A_PB2	851	3	G	0	0	3	33.3333333333333
A_PB2	852	3	C	0	0	3	33
A_PB2	853	3	C	0	0	3	35
A_PB2	854	3	A	0	0	3	32.3333333333333
A_PB2	855	3	C	0	0	3	34.6666666666667
A_PB2	856	3	A	0	0	3	47.3333333333333
A_PB2	857	3	G	0	0	3	41
A_PB2	858	3	C	0	0	3	38
A_PB2	859	3	A	0	0	3	40.6666666666667
A_PB2	860	3	C	0	0	3	37.3333333333333
A_PB2	861	3	A	0	0	3	40.3333333333333
A_PB2	862	3	C	0	0	2	37.5
A_PB2	863	3	A	0	0	3	40
A_PB2	864	3	G	0	0	3	40.3333333333333
A_PB2	865	3	A	0	0	3	40.6666666666667
A_PB2	866	3	T	0	0	3	42.3333333333333
A_PB2	867	3	T	0	0	3	39.6666666666667
A_PB2	868	3	G	0	0	3	41.3333333333333
A_PB2	869	3	G	0	0	3	40
A_PB2	870	3	A	0	0	3	41.6666666666667
A_PB2	871	3	G	0	0	3	47
A_PB2	872	3	G	0	0	3	42.3333333333333
A_PB2	873	3	T	0	0	3	44
A_PB2	874	3	G	0	0	3	44.3333333333333
A_PB2	875	3	T	0	0	3	43
A_PB2	876	3	G	0	0	3	41.3333333333333
A_PB2	877	3	A	0	0	3	38.3333333333333
A_PB2	878	3	A	0	0	3	43.6666666666667
A_PB2	879	3	G	0	0	3	44
A_PB2	880	3	A	0	0	3	46.3333333333333
A_PB2	881	3	T	0	0	3	42
A_PB2	882	3	G	0	0	3	44
A_PB2	883	3	G	0	0	3	44.3333333333333
A_PB2	884	3	T	0	0	3	41
A_PB2	885	3	G	0	0	3	45
A_PB2	886	3	G	0	0	3	43
A_PB2	887	3	A	0	0	3	42.3333333333333
A_PB2	888	3	C	0	0	3	49
A_PB2	889	3	A	0	0	3	43.6666666666667
A_PB2	890	3	T	0	0	3	44.6666666666667
A_PB2	891	3	C	0	0	3	50
A_PB2	892	3	C	0	0	3	43.6666666666667
A_PB2	893	3	T	0	0	3	40.3333333333333
A_PB2	894	3	T	0	0	3	40.6666666666667
A_PB2	895	3	A	0	0	3	37.3333333333333
A_PB2	896	3	A	0	0	3	38
A_PB2	897	3	A	0	0	3	38
A_PB2	898	3	C	0	0	3	38
A_PB2	899	3	A	0	0	3	43.3333333333333
A_PB2	900	3	G	0	0	3	43.6666666666667
A_PB2	901	3	A	0	0	3	45.3333333333333
A_PB2	902	3	A	0	0	3	44.6666666666667
A_PB2	903	3	T	0	0	3	45.3333333333333
A_PB2	904	3	C	0	0	3	39.6666666666667
A_PB2	905	3	C	0	0	3	42.6666666666667
A_PB2	906	3	A	0	0	3	39.3333333333333
A_PB2	907	3	A	0	0	3	39.6666666666667
A_PB2	908	3	C	0	0	3	42
A_PB2	909	3	T	0	0	3	42.3333333333333
A_PB2	910	3	G	0	0	3	34.3333333333333
A_PB2	911	3	A	0	0	3	32
A_PB2	912	3	G	0	0	3	31.3333333333333
A_PB2	913	3	G	0	0	3	34.3333333333333
A_PB2	914	3	A	0	0	3	33.6666666666667
A_PB2	915	3	G	0	0	3	29.6666666666667
A_PB2	916	3	C	0	0	3	30.3333333333333
A_PB2	917	3	A	0	0	3	32
A_PB2	918	3	A	0	0	2	45
A_PB2	919	3	G	0	0	2	43
A_PB2	920	3	C	0	0	3	34.3333333333333
A_PB2	921	3	C	0	0	3	31
A_PB2	922	3	G	0	0	3	32.3333333333333
A_PB2	923	3	T	0	0	3	30.3333333333333
A_PB2	924	3	A	0	0	3	32
A_PB2	925	3	G	0	0	3	36.6666666666667
A_PB2	926	3	A	0	0	3	36.6666666666667
A_PB2	927	3	C	0	0	3	35.6666666666667
A_PB2	928	3	A	0	0	3	37.3333333333333
A_PB2	929	3	T	0	0	3	38.6666666666667
A_PB2	930	3	A	0	0	3	38.6666666666667
A_PB2	931	3	T	0	0	3	40.3333333333333
A_PB2	932	3	G	0	0	3	38
A_PB2	933	3	C	0	0	3	36
A_PB2	934	3	A	0	0	3	40
A_PB2	935	3	A	0	0	3	43.6666666666667
A_PB2	936	3	G	0	0	3	45
A_PB2	937	3	G	0	0	3	43.6666666666667
A_PB2	938	3	C	0	0	3	40
A_PB2	939	3	A	0	0	3	44.3333333333333
A_PB2	940	3	G	0	0	3	44.6666666666667
A_PB2	941	3	C	0	0	3	43.3333333333333
A_PB2	942	3	A	0	0	3	42.3333333333333
A_PB2	943	3	A	0	0	3	45.6666666666667
A_PB2	944	3	T	0	0	3	44.3333333333333
A_PB2	945	3	A	0	0	3	43.6666666666667
A_PB2	946	3	G	0	0	3	42.3333333333333
A_PB2	947	3	G	0	0	3	43.6666666666667
A_PB2	948	3	G	0	0	3	32
A_PB2	949	3	T	0	0	3	42
A_PB2	950	3	T	0	0	3	30.3333333333333
A_PB2	951	3	G	0	0	3	28.3333333333333
A_PB2	952	3	A	0	0	3	28.6666666666667
A_PB2	953	3	G	0	0	3	30.3333333333333
A_PB2	954	3	G	0	0	3	37
A_PB2	955	3	A	0	0	3	31.3333333333333
A_PB2	956	3	T	0	0	3	27.3333333333333
A_PB2	957	3	T	0	0	3	30
A_PB2	958	3	A	0	0	3	28
A_PB2	959	3	G	0	0	3	29
A_PB2	960	3	C	0	0	3	28.6666666666667
A_PB2	961	3	T	0	0	3	31.6666666666667
A_PB2	962	3	C	0	0	3	31
A_PB2	963	3	A	0	0	3	30.3333333333333
A_PB2	964	3	T	0	0	3	33.3333333333333
A_PB2	965	3	C	0	0	3	35.3333333333333
A_PB2	966	3	T	0	0	3	35.3333333333333
A_PB2	967	3	T	0	0	3	38.3333333333333
A_PB2	968	3	T	0	0	3	38.3333333333333
A_PB2	969	3	C	0	0	3	37
A_PB2	970	3	A	0	0	3	37.3333333333333
A_PB2	971	3	G	0	0	3	38.3333333333333
A_PB2	972	3	T	0	0	3	40
A_PB2	973	3	T	0	0	3	38.3333333333333
A_PB2	974	3	T	0	0	3	40.3333333333333
A_PB2	975	3	T	0	0	3	36.6666666666667
A_PB2	976	3	G	0	0	3	39.3333333333333
A_PB2	977	3	G	0	0	3	41.3333333333333
A_PB2	978	3	T	0	0	3	36.6666666666667
A_PB2	979	3	G	0	0	3	31.3333333333333
A_PB2	980	3	G	0	0	3	37
A_PB2	981	3	G	0	0	3	40.6666666666667
A_PB2	982	3	T	0	0	3	42.6666666666667
A_PB2	983	3	T	0	0	3	39.3333333333333
A_PB2	984	3	C	0	0	3	43.6666666666667
A_PB2	985	3	A	0	0	3	42
A_PB2	986	3	C	0	0	3	43
A_PB2	987	3	T	0	0	3	41.3333333333333
A_PB2	988	3	T	0	0	3	39.3333333333333
A_PB2	989	3	T	0	0	3	32.6666666666667
A_PB2	990	3	C	0	0	3	29
A_PB2	991	3	A	0	0	3	34.6666666666667
A_PB2	992	3	A	0	0	3	35.3333333333333
A_PB2	993	3	A	0	0	3	36.3333333333333
A_PB2	994	3	A	0	0	3	38
A_PB2	995	3	G	0	0	3	44
A_PB2	996	3	A	0	0	3	41.6666666666667
A_PB2	997	3	A	0	0	3	41
A_PB2	998	3	C	0	0	3	41
A_PB2	999	3	A	0	0	3	40.6666666666667
A_PB2	1000	3	A	0	0	3	42
A_PB2	1001	3	G	0	0	3	41.3333333333333
A_PB2	1002	3	C	0	0	3	43.3333333333333
A_PB2	1003	3	G	0	0	3	39.6666666666667
A_PB2	1004	3	G	0	0	3	35.3333333333333
A_PB2	1005	3	A	0	0	3	34.3333333333333
A_PB2	1006	3	T	0	0	3	33.3333333333333
A_PB2	1007	3	C	0	0	3	32.3333333333333
A_PB2	1008	3	A	0	0	3	34
A_PB2	1009	3	T	0	0	3	39.3333333333333
A_PB2	1010	3	C	0	0	3	38.3333333333333
A_PB2	1011	3	A	0	0	3	39
A_PB2	1012	3	G	0	0	3	39.6666666666667
A_PB2	1013	3	T	0	0	3	39.6666666666667
A_PB2	1014	3	C	0	0	3	37.6666666666667
A_PB2	1015	3	A	0	0	3	37.3333333333333
A_PB2	1016	3	A	0	0	3	38.6666666666667
A_PB2	1017	3	G	0	0	3	37.6666666666667
A_PB2	1018	3	A	0	0	3	32.3333333333333
A_PB2	1019	3	A	0	0	3	32.6666666666667
A_PB2	1020	3	A	0	0	3	29.6666666666667
A_PB2	1021	3	G	0	0	3	29.3333333333333
A_PB2	1022	3	A	0	0	3	38.6666666666667
A_PB2	1023	3	A	0	0	3	39
A_PB2	1024	3	G	0	0	3	39.6666666666667
A_PB2	1025	3	A	0	0	3	39.3333333333333
A_PB2	1026	3	G	0	0	3	41
A_PB2	1027	3	G	0	0	3	45
A_PB2	1028	3	A	0	0	3	40.6666666666667
A_PB2	1029	3	A	0	0	3	44.3333333333333
A_PB2	1030	3	A	0	0	3	41.3333333333333
A_PB2	1031	3	T	0	0	3	47.3333333333333
A_PB2	1032	3	G	0	0	3	44.6666666666667
A_PB2	1033	3	C	0	0	3	40
A_PB2	1034	3	T	0	0	3	41
A_PB2	1035	3	A	0	0	3	43.3333333333333
A_PB2	1036	3	A	0	0	3	42.6666666666667
A_PB2	1037	3	C	0	0	3	42
A_PB2	1038	3	G	0	0	3	41
A_PB2	1039	3	G	0	0	3	40
A_PB2	1040	3	G	0	0	3	40
A_PB2	1041	3	C	0	0	3	38
A_PB2	1042	3	A	0	0	3	39
A_PB2	1043	3	A	0	0	3	40.6666666666667
A_PB2	1044	3	C	0	0	3	40.3333333333333
A_PB2	1045	3	C	0	0	3	42.3333333333333
A_PB2	1046	3	T	0	0	3	39.6666666666667
A_PB2	1047	3	C	0	0	3	39
A_PB2	1048	3	C	0	0	3	39.3333333333333
A_PB2	1049	3	A	0	0	3	41
A_PB2	1050	3	A	0	0	3	43.6666666666667
A_PB2	1051	3	A	0	0	3	39
A_PB2	1052	3	C	0	0	3	42.6666666666667
A_PB2	1053	3	A	0	0	3	39
A_PB2	1054	3	C	0	0	3	39.3333333333333
A_PB2	1055	3	T	0	0	3	38.3333333333333
A_PB2	1056	3	G	0	0	3	35.6666666666667
A_PB2	1057	3	A	0	0	3	34
A_PB2	1058	3	A	0	0	3	34.3333333333333
A_PB2	1059	3	A	0	0	3	37
A_PB2	1060	3	T	0	0	3	37.6666666666667
A_PB2	1061	3	T	0	0	3	40
A_PB2	1062	3	A	0	0	3	44
A_PB2	1063	3	A	0	0	3	40.3333333333333
A_PB2	1064	3	G	0	0	3	42
A_PB2	1065	3	A	0	0	3	42.6666666666667
A_PB2	1066	3	G	0	0	3	43
A_PB2	1067	3	T	0	0	3	45
A_PB2	1068	3	A	0	0	3	39.3333333333333
A_PB2	1069	3	C	0	0	3	43.6666666666667
A_PB2	1070	3	A	0	0	3	41
A_PB2	1071	3	T	0	0	3	48.6666666666667
A_PB2	1072	3	G	0	0	3	43
A_PB2	1073	3	A	0	0	3	41.6666666666667
A_PB2	1074	3	A	0	0	3	42.6666666666667
A_PB2	1075	3	G	0	0	3	44
A_PB2	1076	3	G	0	0	3	43
A_PB2	1077	3	G	0	0	3	42.6666666666667
A_PB2	1078	3	T	0	0	3	44
A_PB2	1079	3	A	0	0	3	46.3333333333333
A_PB2	1080	3	T	0	0	3	41
A_PB2	1081	3	G	0	0	3	43.3333333333333
A_PB2	1082	3	A	0	0	3	45.6666666666667
A_PB2	1083	3	A	0	0	3	43.6666666666667
A_PB2	1084	3	G	0	0	3	43.3333333333333
A_PB2	1085	3	A	0	0	3	45.3333333333333
A_PB2	1086	3	A	0	0	3	44.3333333333333
A_PB2	1087	3	T	0	0	3	45.6666666666667
A_PB2	1088	3	T	0	0	3	46.3333333333333
A_PB2	1089	3	C	0	0	3	48.3333333333333
A_PB2	1090	3	A	0	0	3	42.3333333333333
A_PB2	1091	3	C	0	0	3	43.3333333333333
A_PB2	1092	3	A	0	0	3	42.3333333333333
A_PB2	1093	3	A	0	0	3	43
A_PB2	1094	3	T	0	0	3	45
A_PB2	1095	3	G	0	0	3	45.6666666666667
A_PB2	1096	3	G	0	0	3	46.6666666666667
A_PB2	1097	3	T	0	0	3	41
A_PB2	1098	3	T	0	0	3	43.3333333333333
A_PB2	1099	3	G	0	0	3	39.6666666666667
A_PB2	1100	3	G	0	0	3	45
A_PB2	1101	3	G	0	0	3	43
A_PB2	1102	3	A	0	0	3	42.3333333333333
A_PB2	1103	3	G	0	0	3	46.6666666666667
A_PB2	1104	3	A	0	0	3	45.6666666666667
A_PB2	1105	3	A	0	0	3	44.3333333333333
A_PB2	1106	3	G	0	0	3	45
A_PB2	1107	3	A	0	0	3	43.3333333333333
A_PB2	1108	3	G	0	0	3	43
A_PB2	1109	3	C	0	0	3	40.6666666666667
A_PB2	1110	3	A	0	0	3	43
A_PB2	1111	3	A	0	0	3	45.6666666666667
A_PB2	1112	3	C	0	0	3	40.6666666666667
A_PB2	1113	3	A	0	0	3	40
A_PB2	1114	3	G	0	0	3	43
A_PB2	1115	3	C	0	0	3	43
A_PB2	1116	3	T	0	0	3	40.6666666666667
A_PB2	1117	3	A	0	0	3	41
A_PB2	1118	3	T	0	0	3	40
A_PB2	1119	3	T	0	0	3	39.6666666666667
A_PB2	1120	3	C	0	0	3	40.6666666666667
A_PB2	1121	3	T	0	0	3	40.6666666666667
A_PB2	1122	3	C	0	0	3	42
A_PB2	1123	3	A	0	0	3	44.3333333333333
A_PB2	1124	3	G	0	0	3	44.3333333333333
A_PB2	1125	3	A	0	0	3	45
A_PB2	1126	3	A	0	0	3	45
A_PB2	1127	3	A	0	0	3	42.6666666666667
A_PB2	1128	3	G	0	0	3	44
A_PB2	1129	3	G	0	0	3	43
A_PB2	1130	3	C	0	0	3	45.3333333333333
A_PB2	1131	3	A	0	0	3	42
A_PB2	1132	3	A	0	0	3	43.6666666666667
A_PB2	1133	3	C	0	0	3	41
A_PB2	1134	3	C	0	0	3	42.3333333333333
A_PB2	1135	3	A	0	0	3	46.3333333333333
A_PB2	1136	3	G	0	0	3	41.3333333333333
A_PB2	1137	3	G	0	0	3	43.3333333333333
A_PB2	1138	3	A	0	0	3	44.3333333333333
A_PB2	1139	3	G	0	0	3	40.6666666666667
A_PB2	1140	3	A	0	0	3	43.3333333333333
A_PB2	1141	3	T	0	0	3	41
A_PB2	1142	3	T	0	0	3	41
A_PB2	1143	3	G	0	0	3	43
A_PB2	1144	3	A	0	0	3	40
A_PB2	1145	3	T	0	0	3	45
A_PB2	1146	3	C	0	0	3	39.3333333333333
A_PB2	1147	3	C	0	0	3	40.6666666666667
A_PB2	1148	3	A	0	0	3	45
A_PB2	1149	3	A	0	0	3	41
A_PB2	1150	3	T	0	0	3	41
A_PB2	1151	3	T	0	0	3	44.3333333333333
A_PB2	1152	3	A	0	0	3	41.3333333333333
A_PB2	1153	3	A	0	0	3	48.6666666666667
A_PB2	1154	3	T	0	0	3	42
A_PB2	1155	3	A	0	0	3	43.3333333333333
A_PB2	1156	3	G	0	0	3	44.6666666666667
A_PB2	1157	3	T	0	0	3	42
A_PB2	1158	3	A	0	0	3	40.6666666666667
A_PB2	1159	3	A	0	0	3	46.6666666666667
A_PB2	1160	3	G	0	0	3	44
A_PB2	1161	3	C	0	0	3	41
A_PB2	1162	3	G	0	0	3	36.3333333333333
A_PB2	1163	3	G	0	0	3	40
A_PB2	1164	3	G	0	0	3	39.3333333333333
A_PB2	1165	3	A	0	0	3	40
A_PB2	1166	3	G	0	0	3	41
A_PB2	1167	3	A	0	0	3	40.3333333333333
A_PB2	1168	3	G	0	0	3	45
A_PB2	1169	3	A	0	0	3	43.6666666666667
A_PB2	1170	3	C	0	0	3	44
A_PB2	1171	3	G	0	0	3	39
A_PB2	1172	3	A	0	0	3	37
A_PB2	1173	3	G	0	0	3	38
A_PB2	1174	3	C	0	0	3	36.6666666666667
A_PB2	1175	3	A	0	0	3	36.6666666666667
A_PB2	1176	3	G	0	0	3	39
A_PB2	1177	3	T	0	0	3	38
A_PB2	1178	3	C	0	0	3	42
A_PB2	1179	3	A	0	0	3	38
A_PB2	1180	3	A	0	0	3	35.6666666666667
A_PB2	1181	3	T	0	0	3	34
A_PB2	1182	3	A	0	0	3	34
A_PB2	1183	3	G	0	0	3	35
A_PB2	1184	3	C	0	0	3	36.6666666666667
A_PB2	1185	3	T	0	0	3	41.6666666666667
A_PB2	1186	3	G	0	0	3	35
A_PB2	1187	3	A	0	0	3	34
A_PB2	1188	3	A	0	0	3	36.3333333333333
A_PB2	1189	3	G	0	0	3	39.6666666666667
A_PB2	1190	3	C	0	0	3	38.6666666666667
A_PB2	1191	3	A	0	0	3	39.3333333333333
A_PB2	1192	3	A	0	0	3	43
A_PB2	1193	3	T	0	0	3	45.3333333333333
A_PB2	1194	3	A	0	0	3	43.6666666666667
A_PB2	1195	3	A	0	0	3	43.6666666666667
A_PB2	1196	3	T	0	0	3	45.6666666666667
A_PB2	1197	3	T	0	0	3	41.6666666666667
A_PB2	1198	3	G	0	0	3	44.6666666666667
A_PB2	1199	3	T	0	0	3	43
A_PB2	1200	3	G	0	0	3	42.6666666666667
A_PB2	1201	3	G	0	0	3	41.3333333333333
A_PB2	1202	3	C	0	0	3	44.6666666666667
A_PB2	1203	3	C	0	0	3	45.6666666666667
A_PB2	1204	3	A	0	0	3	40.6666666666667
A_PB2	1205	3	T	0	0	3	43
A_PB2	1206	3	G	0	0	3	40
A_PB2	1207	3	G	0	0	3	39.6666666666667
A_PB2	1208	3	T	0	0	3	40
A_PB2	1209	3	T	0	0	3	41.6666666666667
A_PB2	1210	3	T	0	0	3	44.3333333333333
A_PB2	1211	3	T	0	0	3	45.6666666666667
A_PB2	1212	3	C	0	0	3	47.3333333333333
A_PB2	1213	3	T	0	0	3	45.3333333333333
A_PB2	1214	3	C	0	0	3	41.6666666666667
A_PB2	1215	3	A	0	0	3	43
A_PB2	1216	3	C	0	0	3	42
A_PB2	1217	3	A	0	0	3	42.3333333333333
A_PB2	1218	3	A	0	0	3	40
A_PB2	1219	3	G	0	0	3	40
A_PB2	1220	3	A	0	0	3	45.3333333333333
A_PB2	1221	3	G	0	0	3	42
A_PB2	1222	3	G	0	0	3	41.6666666666667
A_PB2	1223	3	A	0	0	3	41.6666666666667
A_PB2	1224	3	T	0	0	3	43.6666666666667
A_PB2	1225	3	T	0	0	3	41
A_PB2	1226	3	G	0	0	3	44.6666666666667
A_PB2	1227	3	C	0	0	3	43.3333333333333
A_PB2	1228	3	A	0	0	3	41.6666666666667
A_PB2	1229	3	T	0	0	3	44.3333333333333
A_PB2	1230	3	G	0	0	3	44
A_PB2	1231	3	A	0	0	3	43
A_PB2	1232	3	T	0	0	3	38
A_PB2	1233	3	C	0	0	3	33.6666666666667
A_PB2	1234	3	A	0	0	3	36.3333333333333
A_PB2	1235	3	A	0	0	3	40.6666666666667
A_PB2	1236	3	A	0	0	3	37.6666666666667
A_PB2	1237	3	G	0	0	3	37.6666666666667
A_PB2	1238	3	C	0	0	3	39
A_PB2	1239	3	A	0	0	3	35
A_PB2	1240	3	G	0	0	3	33.6666666666667
A_PB2	1241	3	T	0	0	3	34
A_PB2	1242	3	T	0	0	3	32
A_PB2	1243	3	A	0	0	3	31.3333333333333
A_PB2	1244	3	G	0	0	3	32.6666666666667
A_PB2	1245	3	G	0	0	3	30.3333333333333
A_PB2	1246	3	G	0	0	3	33.6666666666667
A_PB2	1247	3	G	0	0	3	37.3333333333333
A_PB2	1248	3	C	0	0	3	34.6666666666667
A_PB2	1249	3	G	0	0	3	41.3333333333333
A_PB2	1250	3	A	0	0	3	38
A_PB2	1251	3	T	0	0	3	37
A_PB2	1252	3	C	0	0	3	36
A_PB2	1253	3	T	0	0	3	36.6666666666667
A_PB2	1254	3	G	0	0	3	34.3333333333333
A_PB2	1255	3	A	0	0	3	35.6666666666667
A_PB2	1256	3	A	0	0	3	39.3333333333333
A_PB2	1257	3	C	0	0	3	39.6666666666667
A_PB2	1258	3	T	0	0	3	41.3333333333333
A_PB2	1259	3	T	0	0	3	41
A_PB2	1260	3	T	0	0	3	43.3333333333333
A_PB2	1261	3	G	0	0	3	44
A_PB2	1262	3	T	0	0	3	39
A_PB2	1263	3	C	0	0	3	41
A_PB2	1264	3	A	0	0	3	44
A_PB2	1265	3	A	0	0	3	41
A_PB2	1266	3	T	0	0	3	42
A_PB2	1267	3	A	0	0	3	41.6666666666667
A_PB2	1268	3	G	0	0	3	43
A_PB2	1269	3	G	0	0	3	41.6666666666667
A_PB2	1270	3	G	0	0	3	40
A_PB2	1271	3	C	0	0	3	40
A_PB2	1272	3	A	0	0	3	30
A_PB2	1273	3	A	0	0	3	33
A_PB2	1274	3	A	0	0	3	30.3333333333333
A_PB2	1275	3	T	0	0	3	33
A_PB2	1276	3	C	0	0	3	34
A_PB2	1277	3	A	0	0	3	43.3333333333333
A_PB2	1278	3	G	0	0	3	42
A_PB2	1279	3	A	0	0	3	41
A_PB2	1280	3	G	0	0	3	41.3333333333333
A_PB2	1281	3	A	0	0	3	39.3333333333333
A_PB2	1282	3	C	0	0	3	39.3333333333333
A_PB2	1283	3	T	0	0	3	33.6666666666667
A_PB2	1284	3	G	0	0	3	38
A_PB2	1285	3	A	0	0	3	33
A_PB2	1286	3	A	0	0	3	34
A_PB2	1287	3	T	0	0	3	35.6666666666667
A_PB2	1288	3	C	0	0	3	43
A_PB2	1289	3	C	0	0	3	44.3333333333333
A_PB2	1290	3	C	0	0	3	41.3333333333333
A_PB2	1291	3	A	0	0	3	43
A_PB2	1292	3	T	0	0	3	44.6666666666667
A_PB2	1293	3	G	0	0	3	45.6666666666667
A_PB2	1294	3	C	0	0	3	41.6666666666667
A_PB2	1295	3	A	0	0	3	48
A_PB2	1296	3	C	0	0	3	42.6666666666667
A_PB2	1297	3	C	0	0	3	43.3333333333333
A_PB2	1298	3	A	0	0	3	43
A_PB2	1299	3	A	0	0	3	46.3333333333333
A_PB2	1300	3	C	0	0	3	43.3333333333333
A_PB2	1301	3	T	0	0	3	47
A_PB2	1302	3	C	0	0	3	43.3333333333333
A_PB2	1303	3	T	0	0	3	35.3333333333333
A_PB2	1304	3	T	0	0	3	36
A_PB2	1305	3	G	0	0	3	36
A_PB2	1306	3	A	0	0	3	38.6666666666667
A_PB2	1307	3	G	0	0	3	40.3333333333333
A_PB2	1308	3	G	0	0	3	33.3333333333333
A_PB2	1309	3	C	0	0	3	31.6666666666667
A_PB2	1310	3	A	0	0	3	29.6666666666667
A_PB2	1311	3	T	0	0	3	34.6666666666667
A_PB2	1312	3	T	0	0	3	29.6666666666667
A_PB2	1313	3	T	0	0	3	32
A_PB2	1314	3	C	0	0	3	29.6666666666667
A_PB2	1315	3	C	0	0	3	29.3333333333333
A_PB2	1316	3	A	0	0	3	32
A_PB2	1317	3	A	0	0	3	31.3333333333333
A_PB2	1318	3	A	0	0	3	32
A_PB2	1319	3	A	0	0	3	33.3333333333333
A_PB2	1320	3	A	0	0	3	33
A_PB2	1321	3	G	0	0	3	32.6666666666667
A_PB2	1322	3	A	0	0	3	33.3333333333333
A_PB2	1323	3	T	0	0	3	33.3333333333333
A_PB2	1324	3	G	0	0	3	32.3333333333333
A_PB2	1325	3	C	0	0	3	33.6666666666667
A_PB2	1326	3	A	0	0	3	30.6666666666667
A_PB2	1327	3	A	0	0	3	33.3333333333333
A_PB2	1328	3	A	0	0	3	39
A_PB2	1329	3	G	0	0	3	33.6666666666667
A_PB2	1330	3	G	0	0	3	36.6666666666667
A_PB2	1331	3	T	0	0	3	38.6666666666667
A_PB2	1332	3	G	0	0	3	33.6666666666667
A_PB2	1333	3	C	0	0	3	33.3333333333333
A_PB2	1334	3	T	0	0	2	30
A_PB2	1335	3	T	0	0	3	23.6666666666667
A_PB2	1336	3	T	0	0	3	26.6666666666667
A_PB2	1337	3	T	0	0	3	31.6666666666667
A_PB2	1338	3	C	0	0	3	27
A_PB2	1339	3	C	0	0	3	30
A_PB2	1340	3	A	0	0	3	33.6666666666667
A_PB2	1341	3	G	0	0	3	37.3333333333333
A_PB2	1342	3	A	0	0	3	39.6666666666667
A_PB2	1343	3	A	0	0	3	39.6666666666667
A_PB2	1344	3	C	0	0	3	40.3333333333333
A_PB2	1345	3	T	0	0	3	41
A_PB2	1346	3	G	0	0	3	37.3333333333333
A_PB2	1347	3	G	0	0	3	40.6666666666667
A_PB2	1348	3	G	0	0	3	37.6666666666667
A_PB2	1349	3	G	0	0	3	33.6666666666667
A_PB2	1350	3	A	0	0	3	34.6666666666667
A_PB2	1351	3	A	0	0	3	34
A_PB2	1352	3	T	0	0	3	32.6666666666667
A_PB2	1353	3	T	0	0	3	34.3333333333333
A_PB2	1354	3	G	0	0	3	36.6666666666667
A_PB2	1355	2	A	1	0	2	32.5
A_PB2	1356	3	A	0	0	3	38.6666666666667
A_PB2	1357	3	A	0	0	2	30
A_PB2	1358	3	C	0	0	1	42
A_PB2	1359	3	C	0	0	3	30.6666666666667
A_PB2	1360	3	A	0	0	3	30
A_PB2	1361	3	T	0	0	3	34
A_PB2	1362	3	C	0	0	2	24.5
A_PB2	1363	3	G	0	0	3	37
A_PB2	1364	3	A	0	0	3	36.3333333333333
A_PB2	1365	3	C	0	0	3	40.6666666666667
A_PB2	1366	3	A	0	0	3	41.3333333333333
A_PB2	1367	3	A	0	0	3	42.6666666666667
A_PB2	1368	3	T	0	0	3	43.3333333333333
A_PB2	1369	3	G	0	0	3	44.3333333333333
A_PB2	1370	3	T	0	0	2	44
A_PB2	1371	3	G	0	0	3	45.3333333333333
A_PB2	1372	3	A	0	0	3	42.6666666666667
A_PB2	1373	3	T	0	0	3	40.6666666666667
A_PB2	1374	3	G	0	0	3	40.3333333333333
A_PB2	1375	3	G	0	0	3	43.3333333333333
A_PB2	1376	3	G	0	0	3	42.3333333333333
A_PB2	1377	3	A	0	0	3	42
A_PB2	1378	3	A	0	0	3	43.6666666666667
A_PB2	1379	3	T	0	0	3	46.3333333333333
A_PB2	1380	3	G	0	0	2	38.5
A_PB2	1381	3	A	0	0	3	32.3333333333333
A_PB2	1382	3	T	0	0	3	33.6666666666667
A_PB2	1383	3	C	0	0	2	40.5
A_PB2	1384	3	G	0	0	3	29.6666666666667
A_PB2	1385	3	G	0	0	3	29.3333333333333
A_PB2	1386	3	A	0	0	3	27.6666666666667
A_PB2	1387	3	A	0	0	3	24
A_PB2	1388	3	T	0	0	3	35.6666666666667
A_PB2	1389	3	A	0	0	3	35.6666666666667
A_PB2	1390	3	C	0	0	3	31.6666666666667
A_PB2	1391	3	T	0	0	3	32.6666666666667
A_PB2	1392	3	G	0	0	3	32.6666666666667
A_PB2	1393	3	C	0	0	3	33.6666666666667
A_PB2	1394	3	C	0	0	3	34.3333333333333
A_PB2	1395	3	C	0	0	3	39
A_PB2	1396	3	G	0	0	3	40
A_PB2	1397	3	A	0	0	3	43.3333333333333
A_PB2	1398	3	C	0	0	3	40.3333333333333
A_PB2	1399	3	A	0	0	3	45
A_PB2	1400	3	T	0	0	3	45
A_PB2	1401	3	G	0	0	3	44.6666666666667
A_PB2	1402	3	A	0	0	3	42.3333333333333
A_PB2	1403	3	C	0	0	3	41.6666666666667
A_PB2	1404	3	C	0	0	3	40.6666666666667
A_PB2	1405	3	C	0	0	3	37.6666666666667
A_PB2	1406	3	C	0	0	3	37.6666666666667
A_PB2	1407	3	A	0	0	3	33.3333333333333
A_PB2	1408	3	A	0	0	3	32.6666666666667
A_PB2	1409	3	G	0	0	3	34.6666666666667
A_PB2	1410	3	C	0	0	3	31.3333333333333
A_PB2	1411	3	A	0	0	3	33
A_PB2	1412	3	C	0	0	3	36.3333333333333
A_PB2	1413	3	G	0	0	3	41.3333333333333
A_PB2	1414	3	G	0	0	3	40.3333333333333
A_PB2	1415	3	A	0	0	3	40.3333333333333
A_PB2	1416	3	G	0	0	3	41.6666666666667
A_PB2	1417	3	A	0	0	3	41.3333333333333
A_PB2	1418	3	T	0	0	3	42.3333333333333
A_PB2	1419	3	G	0	0	3	41.3333333333333
A_PB2	1420	3	T	0	0	3	44.6666666666667
A_PB2	1421	3	C	0	0	3	39
A_PB2	1422	3	A	0	0	3	35
A_PB2	1423	3	A	0	0	3	33
A_PB2	1424	3	T	0	0	3	33
A_PB2	1425	3	G	0	0	3	31.6666666666667
A_PB2	1426	3	A	0	0	3	31.6666666666667
A_PB2	1427	3	G	0	0	3	32.3333333333333
A_PB2	1428	3	A	0	0	3	35
A_PB2	1429	3	G	0	0	2	46
A_PB2	1430	3	G	0	0	3	31
A_PB2	1431	3	A	0	0	3	33.3333333333333
A_PB2	1432	2	A	1	0	2	42.5
A_PB2	1433	2	T	1	0	2	46.5
A_PB2	1434	3	A	0	0	3	31
A_PB2	1435	3	A	0	0	3	32.3333333333333
A_PB2	1436	3	G	0	0	2	50
A_PB2	1437	3	A	0	0	2	47
A_PB2	1438	3	G	0	0	3	33.6666666666667
A_PB2	1439	3	T	0	0	3	33
A_PB2	1440	3	C	0	0	3	32.3333333333333
A_PB2	1441	16	A	0	0	16	34.375
A_PB2	1442	16	G	0	0	16	33.5625
A_PB2	1443	16	C	0	0	16	37.0625
A_PB2	1444	16	A	0	0	16	36.5625
A_PB2	1445	16	G	0	0	13	39
A_PB2	1446	16	G	0	0	16	36.75
A_PB2	1447	16	A	0	0	15	37.4666666666667
A_PB2	1448	16	T	0	0	16	37.3125
A_PB2	1449	16	G	0	0	16	36.4375
A_PB2	1450	16	G	0	0	16	34
A_PB2	1451	16	G	0	0	16	35.625
A_PB2	1452	16	A	0	0	16	36.1875
A_PB2	1453	16	G	0	0	16	37.625
A_PB2	1454	16	T	0	0	16	37.0625
A_PB2	1455	16	A	0	0	16	36.375
A_PB2	1456	16	G	0	0	16	34.1875
A_PB2	1457	16	A	0	0	16	33.8125
A_PB2	1458	16	T	0	0	16	32.1875
A_PB2	1459	16	G	0	0	16	31.3125
A_PB2	1460	16	A	0	0	16	31.4375
A_PB2	1461	16	A	0	0	16	33.3125
A_PB2	1462	16	T	0	0	16	34.5625
A_PB2	1463	16	A	0	0	16	33.4375
A_PB2	1464	16	C	0	0	16	32.375
A_PB2	1465	16	T	0	0	16	33.5
A_PB2	1466	16	C	0	0	16	32.0625
A_PB2	1467	16	C	0	0	16	32.875
A_PB2	1468	16	A	0	0	16	31.8125
A_PB2	1469	16	G	0	0	16	34.5625
A_PB2	1470	16	C	0	0	16	38.5
A_PB2	1471	16	A	0	0	16	39.625
A_PB2	1472	16	C	0	0	16	38.8125
A_PB2	1473	16	G	0	0	16	39.1875
A_PB2	1474	17	G	0	0	17	38.7058823529412
A_PB2	1475	17	A	0	0	17	37.9411764705882
A_PB2	1476	17	G	0	0	17	36.4117647058824
A_PB2	1477	17	A	0	0	17	39.0588235294118
A_PB2	1478	17	G	0	0	17	40.7647058823529
A_PB2	1479	17	A	0	0	17	37.8823529411765
A_PB2	1480	17	G	0	0	17	38.2352941176471
A_PB2	1481	17	T	0	0	17	40.4705882352941
A_PB2	1482	17	G	0	0	17	38.5882352941176
A_PB2	1483	17	G	0	0	17	38.3529411764706
A_PB2	1484	17	T	0	0	17	40
A_PB2	1485	18	A	0	0	18	38.1111111111111
A_PB2	1486	18	G	0	0	18	38.8888888888889
A_PB2	1487	18	T	0	0	18	39.6111111111111
A_PB2	1488	18	G	0	0	18	37.2777777777778
A_PB2	1489	18	A	0	0	18	34.8333333333333
A_PB2	1490	18	G	0	0	18	34.8888888888889
A_PB2	1491	18	T	0	0	18	35.8888888888889
A_PB2	1492	18	A	0	0	18	35.8333333333333
A_PB2	1493	18	T	0	0	18	36.4444444444444
A_PB2	1494	18	T	0	0	17	38.0588235294118
A_PB2	1495	18	G	0	0	17	37.4117647058824
A_PB2	1496	18	A	0	0	18	35.5555555555556
A_PB2	1497	18	C	0	0	18	35.2222222222222
A_PB2	1498	18	C	0	0	17	35.4117647058824
A_PB2	1499	18	G	0	0	16	33.1875
A_PB2	1500	18	A	0	0	18	32.4444444444444
A_PB2	1501	18	T	0	0	18	32.3333333333333
A_PB2	1502	18	T	0	0	18	30.9444444444444
A_PB2	1503	18	T	0	0	18	32.6111111111111
A_PB2	1504	17	T	1	0	17	39.1764705882353
A_PB2	1505	17	T	1	0	17	38.9411764705882
A_PB2	1506	17	G	1	0	17	38
A_PB2	1507	18	A	0	0	18	36.8888888888889
A_PB2	1508	18	G	0	0	18	38.1111111111111
A_PB2	1509	18	G	0	0	18	39.1111111111111
A_PB2	1510	18	G	0	0	18	38.8333333333333
A_PB2	1511	18	T	0	0	18	39.1111111111111
A_PB2	1512	18	T	0	0	18	39.8333333333333
A_PB2	1513	18	A	0	0	18	38.5
A_PB2	1514	18	G	0	0	18	36.4444444444444
A_PB2	1515	18	A	0	0	18	36.4444444444444
A_PB2	1516	18	G	0	0	18	35.1666666666667
A_PB2	1517	18	A	0	0	18	36.2222222222222
A_PB2	1518	18	T	0	0	18	35.9444444444444
A_PB2	1519	23	C	0	0	23	35.1739130434783
A_PB2	1520	23	A	0	0	23	32.9130434782609
A_PB2	1521	23	A	0	0	23	32.4782608695652
A_PB2	1522	23	A	0	0	18	33.6666666666667
A_PB2	1523	24	G	0	0	24	33.2916666666667
A_PB2	1524	24	A	0	0	24	35.7083333333333
A_PB2	1525	24	G	0	0	24	37.5
A_PB2	1526	24	G	0	0	24	37.9166666666667
A_PB2	1527	24	A	0	0	24	38.3333333333333
A_PB2	1528	24	A	0	0	24	36.7083333333333
A_PB2	1529	24	A	0	0	24	38.4166666666667
A_PB2	1530	24	C	0	0	24	37.9583333333333
A_PB2	1531	24	G	0	0	24	36.6666666666667
A_PB2	1532	24	T	0	0	24	38.0833333333333
A_PB2	1533	24	A	0	0	24	36.125
A_PB2	1534	24	C	0	0	24	38.0416666666667
A_PB2	1535	24	T	0	0	24	37.25
A_PB2	1536	24	A	0	0	24	38.5833333333333
A_PB2	1537	24	T	0	0	24	38.5
A_PB2	1538	24	T	0	0	24	37.625
A_PB2	1539	24	G	0	0	24	38.5
A_PB2	1540	24	T	0	0	24	40
A_PB2	1541	24	C	0	0	24	38.0833333333333
A_PB2	1542	24	T	0	0	24	40.5
A_PB2	1543	24	C	0	0	24	38.1666666666667
A_PB2	1544	24	C	0	0	24	38.2916666666667
A_PB2	1545	24	T	0	0	24	37.9583333333333
A_PB2	1546	24	G	0	0	24	38.9166666666667
A_PB2	1547	24	A	0	0	24	41.2083333333333
A_PB2	1548	24	A	0	0	24	40.5833333333333
A_PB2	1549	24	G	0	0	24	43.4583333333333
A_PB2	1550	24	A	0	0	23	43.3913043478261
A_PB2	1551	24	A	0	0	24	42.5833333333333
A_PB2	1552	24	G	0	0	24	41.75
A_PB2	1553	24	T	0	0	24	43.4583333333333
A_PB2	1554	24	C	0	0	24	38.75
A_PB2	1555	24	A	0	0	24	38.625
A_PB2	1556	24	G	0	0	24	39.25
A_PB2	1557	24	T	0	0	24	38.625
A_PB2	1558	24	G	0	0	24	38.2083333333333
A_PB2	1559	24	A	0	0	24	41.0833333333333
A_PB2	1560	24	A	0	0	24	42.7916666666667
A_PB2	1561	24	A	0	0	23	41.1739130434783
A_PB2	1562	24	C	0	0	24	40.5416666666667
A_PB2	1563	27	G	0	0	27	40.5555555555556
A_PB2	1564	27	C	0	0	27	40.1111111111111
A_PB2	1565	27	A	0	0	27	38.1481481481481
A_PB2	1566	27	A	0	0	24	38.375
A_PB2	1567	27	G	0	0	27	40.1111111111111
A_PB2	1568	27	G	0	0	27	40.9259259259259
A_PB2	1569	27	A	0	0	27	41.7407407407407
A_PB2	1570	27	A	0	0	27	40.9259259259259
A_PB2	1571	27	C	0	0	27	38.8888888888889
A_PB2	1572	27	T	0	0	27	40.2962962962963
A_PB2	1573	27	G	0	0	27	38.3703703703704
A_PB2	1574	27	A	0	0	27	35.2222222222222
A_PB2	1575	27	G	0	0	27	34.962962962963
A_PB2	1576	27	A	0	0	27	37.6666666666667
A_PB2	1577	27	A	0	0	27	40.1851851851852
A_PB2	1578	27	G	0	0	27	36.8148148148148
A_PB2	1579	27	T	0	0	27	37.7037037037037
A_PB2	1580	27	T	0	0	27	36.962962962963
A_PB2	1581	26	G	1	0	26	37.8846153846154
A_PB2	1582	26	A	1	0	26	36.4230769230769
A_PB2	1583	27	C	0	0	27	34.6666666666667
A_PB2	1584	27	A	0	0	27	35.2222222222222
A_PB2	1585	27	A	0	0	26	36.4230769230769
A_PB2	1586	27	T	0	0	26	36.1153846153846
A_PB2	1587	27	A	0	0	27	35.3703703703704
A_PB2	1588	27	A	0	0	27	37.5555555555556
A_PB2	1589	27	C	0	0	27	37.7037037037037
A_PB2	1590	27	T	0	0	27	38.2592592592593
A_PB2	1591	27	T	0	0	27	36.5555555555556
A_PB2	1592	27	A	0	0	27	36.8888888888889
A_PB2	1593	27	T	0	0	27	37.3703703703704
A_PB2	1594	27	T	0	0	27	38.4814814814815
A_PB2	1595	27	C	0	0	27	35.9259259259259
A_PB2	1596	26	G	0	0	26	35.1153846153846
A_PB2	1597	26	T	0	0	26	36.8461538461538
A_PB2	1598	26	C	0	0	26	37.5769230769231
A_PB2	1599	26	A	0	0	26	37.6923076923077
A_PB2	1600	26	T	0	0	26	40.1153846153846
A_PB2	1601	26	C	0	0	26	38.8076923076923
A_PB2	1602	28	A	0	0	28	40.0714285714286
A_PB2	1603	28	A	0	0	28	40.2857142857143
A_PB2	1604	28	T	0	0	28	41.2857142857143
A_PB2	1605	28	G	0	0	28	40.1428571428571
A_PB2	1606	28	A	0	0	28	41.5
A_PB2	1607	28	T	0	0	28	39.3928571428571
A_PB2	1608	28	G	0	0	28	41.4642857142857
A_PB2	1609	28	T	0	0	28	42.2857142857143
A_PB2	1610	28	G	0	0	28	40.75
A_PB2	1611	28	G	0	0	28	41.9642857142857
A_PB2	1612	28	G	0	0	28	41.7142857142857
A_PB2	1613	28	A	0	0	28	41.7857142857143
A_PB2	1614	28	A	0	0	28	41.8928571428571
A_PB2	1615	28	A	0	0	27	41.4444444444444
A_PB2	1616	28	T	0	0	28	40.8928571428571
A_PB2	1617	28	C	0	0	28	40.6071428571429
A_PB2	1618	28	A	0	0	28	42.2142857142857
A_PB2	1619	28	A	0	0	28	41.8928571428571
A_PB2	1620	28	C	0	0	28	41.9285714285714
A_PB2	1621	28	G	0	0	28	41
A_PB2	1622	28	G	0	0	28	41.3571428571429
A_PB2	1623	28	C	0	0	28	41.75
A_PB2	1624	28	C	0	0	28	41.1785714285714
A_PB2	1625	29	C	0	0	29	40.4137931034483
A_PB2	1626	29	T	0	0	29	39.7931034482759
A_PB2	1627	29	G	0	0	29	38.7241379310345
A_PB2	1628	29	A	0	0	29	40.7931034482759
A_PB2	1629	29	G	0	0	29	40.2068965517241
A_PB2	1630	29	T	0	0	29	39.6551724137931
A_PB2	1631	29	C	0	0	29	39.3448275862069
A_PB2	1632	29	A	0	0	29	37.7241379310345
A_PB2	1633	29	G	0	0	29	38.4137931034483
A_PB2	1634	29	T	0	0	29	36.6206896551724
A_PB2	1635	29	G	0	0	29	35.9655172413793
A_PB2	1636	29	C	0	0	29	39.8275862068966
A_PB2	1637	29	T	0	0	29	39.3103448275862
A_PB2	1638	29	A	0	0	29	36.0344827586207
A_PB2	1639	30	G	0	0	30	37.1666666666667
A_PB2	1640	30	T	0	0	30	37.2666666666667
A_PB2	1641	30	C	0	0	30	39.1333333333333
A_PB2	1642	30	A	0	0	30	39.2666666666667
A_PB2	1643	30	A	0	0	30	36.2333333333333
A_PB2	1644	30	C	0	0	30	35.5666666666667
A_PB2	1645	30	A	0	0	30	37.7
A_PB2	1646	31	C	0	0	31	38.4193548387097
A_PB2	1647	31	T	0	0	31	39.0322580645161
A_PB2	1648	31	T	0	0	31	39.8064516129032
A_PB2	1649	31	A	0	0	31	39.3870967741936
A_PB2	1650	31	T	0	0	31	38.8709677419355
A_PB2	1651	31	C	0	0	31	37.5806451612903
A_PB2	1652	31	A	0	0	31	38.4193548387097
A_PB2	1653	31	A	0	0	31	38.6774193548387
A_PB2	1654	31	T	0	0	31	38.1612903225806
A_PB2	1655	31	G	0	0	31	39.1612903225806
A_PB2	1656	31	G	0	0	31	39.4838709677419
A_PB2	1657	31	A	0	0	31	38.8709677419355
A_PB2	1658	31	T	0	0	31	40.9677419354839
A_PB2	1659	31	A	0	0	31	39.4516129032258
A_PB2	1660	31	A	0	0	31	41.6129032258064
A_PB2	1661	31	T	0	0	31	41.8387096774194
A_PB2	1662	31	A	0	0	31	40.5806451612903
A_PB2	1663	31	A	0	0	31	41.4516129032258
A_PB2	1664	31	G	0	0	31	40.741935483871
A_PB2	1665	31	A	0	0	31	41.6451612903226
A_PB2	1666	31	A	0	0	31	42.2258064516129
A_PB2	1667	31	A	0	0	31	42.3548387096774
A_PB2	1668	31	C	0	0	31	40.1612903225806
A_PB2	1669	31	T	0	0	31	40.9677419354839
A_PB2	1670	30	G	1	0	30	39.9333333333333
A_PB2	1671	31	G	0	0	31	38.0967741935484
A_PB2	1672	31	G	0	0	31	40
A_PB2	1673	30	A	1	0	30	40.1333333333333
A_PB2	1674	31	A	0	0	31	40.3225806451613
A_PB2	1675	31	A	0	0	31	41.0967741935484
A_PB2	1676	31	T	0	0	31	41.6451612903226
A_PB2	1677	31	T	0	0	31	41.3548387096774
A_PB2	1678	31	G	0	0	31	39.8709677419355
A_PB2	1679	31	T	0	0	31	41.0322580645161
A_PB2	1680	31	G	0	0	31	40.2258064516129
A_PB2	1681	31	A	0	0	31	38.6451612903226
A_PB2	1682	31	A	0	0	31	41
A_PB2	1683	31	A	0	0	31	40.8387096774194
A_PB2	1684	31	A	0	0	31	40.6129032258064
A_PB2	1685	31	T	0	0	31	40.741935483871
A_PB2	1686	31	T	0	0	31	41.6129032258064
A_PB2	1687	31	C	0	0	31	41.6129032258064
A_PB2	1688	31	A	0	0	31	42.3548387096774
A_PB2	1689	31	A	0	0	31	42.3548387096774
A_PB2	1690	31	T	0	0	31	42.8387096774194
A_PB2	1691	31	G	0	0	31	42.9032258064516
A_PB2	1692	31	G	0	0	31	42.5483870967742
A_PB2	1693	31	T	0	0	31	42.2903225806452
A_PB2	1694	31	C	0	0	31	41.5483870967742
A_PB2	1695	31	A	0	0	31	41.1612903225806
A_PB2	1696	31	C	0	0	31	41.8387096774194
A_PB2	1697	30	A	1	0	30	40.8
A_PB2	1698	30	A	1	0	30	40.2666666666667
A_PB2	1699	31	G	0	0	31	39.6129032258064
A_PB2	1700	31	A	0	0	31	40
A_PB2	1701	31	C	0	0	31	38.9032258064516
A_PB2	1702	31	C	0	0	31	38.1935483870968
A_PB2	1703	31	C	0	0	31	37.8709677419355
A_PB2	1704	31	C	0	0	31	35.5483870967742
A_PB2	1705	31	A	0	0	31	36.1290322580645
A_PB2	1706	31	C	0	0	31	37.1935483870968
A_PB2	1707	31	A	0	0	31	37
A_PB2	1708	31	A	0	0	31	37.0645161290323
A_PB2	1709	31	T	0	0	30	36.8666666666667
A_PB2	1710	31	G	0	0	31	36.4516129032258
A_PB2	1711	31	T	0	0	31	34.8064516129032
A_PB2	1712	31	T	0	0	30	35.6333333333333
A_PB2	1713	31	A	0	0	31	36.1935483870968
A_PB2	1714	31	T	0	0	31	35.6774193548387
A_PB2	1715	31	A	0	0	31	36.9354838709677
A_PB2	1716	31	C	0	0	31	37.258064516129
A_PB2	1717	31	A	0	0	31	37.4838709677419
A_PB2	1718	31	A	0	0	31	38.0322580645161
A_PB2	1719	31	C	0	0	31	37.8709677419355
A_PB2	1720	32	A	0	0	32	38.53125
A_PB2	1721	32	A	0	0	32	38.75
A_PB2	1722	32	A	0	0	32	39.34375
A_PB2	1723	32	A	0	0	32	39.96875
A_PB2	1724	32	T	0	0	32	38.90625
A_PB2	1725	32	G	0	0	32	38.96875
A_PB2	1726	32	G	0	0	32	37.9375
A_PB2	1727	32	A	0	0	32	39.1875
A_PB2	1728	32	A	0	0	32	38.53125
A_PB2	1729	32	T	0	0	32	39.90625
A_PB2	1730	32	T	0	0	32	38.34375
A_PB2	1731	32	T	0	0	32	40.28125
A_PB2	1732	32	G	0	0	32	38.4375
A_PB2	1733	32	A	0	0	32	39.5625
A_PB2	1734	32	A	0	0	32	38.6875
A_PB2	1735	32	C	0	0	32	36.78125
A_PB2	1736	32	C	0	0	32	37.90625
A_PB2	1737	32	A	0	0	32	39.34375
A_PB2	1738	32	T	0	0	32	39.53125
A_PB2	1739	32	T	0	0	32	38.46875
A_PB2	1740	32	T	0	0	32	40.71875
A_PB2	1741	32	C	0	0	32	39.65625
A_PB2	1742	32	A	0	0	32	38.03125
A_PB2	1743	32	A	0	0	32	38.3125
A_PB2	1744	31	T	1	0	31	38.5161290322581
A_PB2	1745	31	C	1	0	31	38.8709677419355
A_PB2	1746	32	T	0	0	32	38.0625
A_PB2	1747	32	C	0	0	32	38.0625
A_PB2	1748	32	T	0	0	32	40.03125
A_PB2	1749	32	T	0	0	32	39.40625
A_PB2	1750	32	G	0	0	32	38.6875
A_PB2	1751	32	T	0	0	32	39.4375
A_PB2	1752	32	T	0	0	32	41.5625
A_PB2	1753	32	C	0	0	32	40.1875
A_PB2	1754	32	C	0	0	32	40.8125
A_PB2	1755	32	T	0	0	32	40.03125
A_PB2	1756	30	A	2	0	30	39.2
A_PB2	1757	32	A	0	0	32	37.6875
A_PB2	1758	33	G	0	0	33	39.030303030303
A_PB2	1759	33	G	0	0	33	39.3636363636364
A_PB2	1760	33	C	0	0	33	40.8181818181818
A_PB2	1761	33	A	0	0	33	41.4242424242424
A_PB2	1762	33	A	0	0	33	40.4242424242424
A_PB2	1763	33	C	0	0	33	41.8181818181818
A_PB2	1764	33	C	0	0	33	39.3636363636364
A_PB2	1765	33	A	0	0	33	40.969696969697
A_PB2	1766	33	G	0	0	33	40.4545454545455
A_PB2	1767	32	A	1	0	32	40.125
A_PB2	1768	33	A	0	0	33	39.969696969697
A_PB2	1769	33	G	0	0	33	38.5151515151515
A_PB2	1770	33	C	0	0	33	40.8484848484849
A_PB2	1771	33	C	0	0	32	40.1875
A_PB2	1772	32	G	1	0	30	40.2666666666667
A_PB2	1773	33	G	0	0	33	39.3333333333333
A_PB2	1774	33	T	0	0	33	39.3030303030303
A_PB2	1775	33	A	0	0	33	39.2727272727273
A_PB2	1776	33	C	0	0	32	40.4375
A_PB2	1777	33	A	0	0	33	39.4848484848485
A_PB2	1778	33	G	0	0	33	37.1212121212121
A_PB2	1779	33	T	0	0	33	36.9090909090909
A_PB2	1780	33	G	0	0	33	38.0909090909091
A_PB2	1781	33	G	0	0	33	38.2424242424242
A_PB2	1782	33	A	0	0	33	37.4848484848485
A_PB2	1783	33	T	0	0	33	38.1212121212121
A_PB2	1784	33	T	0	0	33	37.8181818181818
A_PB2	1785	33	C	0	0	33	35.7272727272727
A_PB2	1786	33	G	0	0	32	35.9375
A_PB2	1787	34	T	0	0	34	36.2941176470588
A_PB2	1788	34	A	0	0	34	36.9705882352941
A_PB2	1789	33	A	1	0	33	38.7878787878788
A_PB2	1790	33	G	1	0	33	40.2121212121212
A_PB2	1791	34	G	0	0	34	40.8823529411765
A_PB2	1792	34	A	0	0	34	41.4411764705882
A_PB2	1793	34	C	0	0	33	42.2424242424242
A_PB2	1794	34	A	0	0	34	42.0588235294118
A_PB2	1795	34	C	0	0	34	42.5882352941176
A_PB2	1796	35	T	0	0	35	41.5714285714286
A_PB2	1797	35	G	0	0	35	41.6857142857143
A_PB2	1798	34	T	1	0	34	42.7058823529412
A_PB2	1799	35	T	0	0	35	42.7714285714286
A_PB2	1800	35	C	0	0	35	41.2857142857143
A_PB2	1801	35	C	0	0	35	40.7142857142857
A_PB2	1802	35	A	0	0	35	41.8571428571429
A_PB2	1803	35	G	0	0	35	42.6285714285714
A_PB2	1804	35	C	0	0	35	42.9142857142857
A_PB2	1805	35	A	0	0	35	41.6571428571429
A_PB2	1806	35	A	0	0	35	40.4
A_PB2	1807	36	A	0	0	36	40.2777777777778
A_PB2	1808	36	T	0	0	36	39.2222222222222
A_PB2	1809	36	G	0	0	35	39.4857142857143
A_PB2	1810	36	A	0	0	35	37.9142857142857
A_PB2	1811	36	G	0	0	36	38.5555555555556
A_PB2	1812	36	G	0	0	36	39.5833333333333
A_PB2	1813	36	G	0	0	36	40.9444444444444
A_PB2	1814	36	A	0	0	36	39.2777777777778
A_PB2	1815	36	T	0	0	36	41.2222222222222
A_PB2	1816	36	G	0	0	36	41.3055555555556
A_PB2	1817	36	T	0	0	35	40.4857142857143
A_PB2	1818	35	A	1	0	35	38.3714285714286
A_PB2	1819	36	C	0	0	36	38.0833333333333
A_PB2	1820	35	T	1	0	35	37.9142857142857
A_PB2	1821	34	T	1	0	34	38.4117647058824
A_PB2	1822	34	G	1	0	34	37.6176470588235
A_PB2	1823	35	G	0	0	35	37.9714285714286
A_PB2	1824	35	G	0	0	34	39.8529411764706
A_PB2	1825	35	A	0	0	35	41.6285714285714
A_PB2	1826	35	C	0	0	35	42.5428571428571
A_PB2	1827	35	A	0	0	35	43.4857142857143
A_PB2	1828	35	T	0	0	35	42.6285714285714
A_PB2	1829	35	T	0	0	35	42.6857142857143
A_PB2	1830	35	T	0	0	35	42.6571428571429
A_PB2	1831	35	G	0	0	35	41.4857142857143
A_PB2	1832	35	A	0	0	35	41.5142857142857
A_PB2	1833	35	C	0	0	35	42.4571428571429
A_PB2	1834	35	A	0	0	35	42.7142857142857
A_PB2	1835	35	C	0	0	35	42.1428571428571
A_PB2	1836	35	T	0	0	35	42.8
A_PB2	1837	35	G	0	0	33	43.7272727272727
A_PB2	1838	35	T	0	0	34	44.4705882352941
A_PB2	1839	35	C	0	0	34	44.0294117647059
A_PB2	1840	35	C	0	0	35	44.8285714285714
A_PB2	1841	35	A	0	0	35	45.3714285714286
A_PB2	1842	36	A	0	0	36	45.8333333333333
A_PB2	1843	37	A	0	0	37	44.6216216216216
A_PB2	1844	37	T	0	0	37	45
A_PB2	1845	38	A	0	0	38	42.5789473684211
A_PB2	1846	38	A	0	0	37	42.6756756756757
A_PB2	1847	39	T	0	0	39	41.3846153846154
A_PB2	1848	39	A	0	0	39	41.1794871794872
A_PB2	1849	39	A	0	0	39	41.5384615384615
A_PB2	1850	39	A	0	0	39	42.4615384615385
A_PB2	1851	40	A	0	0	40	43.075
A_PB2	1852	40	C	0	0	40	42.425
A_PB2	1853	40	T	0	0	40	42.65
A_PB2	1854	40	T	0	0	40	42.075
A_PB2	1855	40	C	0	0	40	40.4
A_PB2	1856	40	T	0	0	40	39.925
A_PB2	1857	40	C	0	0	40	39.975
A_PB2	1858	40	C	0	0	40	39.35
A_PB2	1859	40	C	0	0	40	39.65
A_PB2	1860	40	C	0	0	39	37.3333333333333
A_PB2	1861	37	T	3	0	37	39.6756756756757
A_PB2	1862	40	T	0	0	40	39.075
A_PB2	1863	41	T	0	0	41	38
A_PB2	1864	41	G	0	0	41	34.2926829268293
A_PB2	1865	41	C	0	0	41	36.4146341463415
A_PB2	1866	41	C	0	0	41	41.0243902439024
A_PB2	1867	41	G	0	0	41	39.5121951219512
A_PB2	1868	41	C	0	0	41	39.0487804878049
A_PB2	1869	42	T	0	0	42	40.0238095238095
A_PB2	1870	42	G	0	0	42	39.7619047619048
A_PB2	1871	42	C	0	0	42	41.5
A_PB2	1872	42	T	0	0	42	41.3095238095238
A_PB2	1873	42	C	0	0	42	41.0714285714286
A_PB2	1874	42	C	0	0	42	41.0476190476191
A_PB2	1875	42	A	0	0	42	39.5952380952381
A_PB2	1876	42	C	0	0	42	40.3095238095238
A_PB2	1877	44	C	0	0	44	39.6136363636364
A_PB2	1878	45	A	0	0	45	39.1111111111111
A_PB2	1879	45	G	0	0	45	39.7777777777778
A_PB2	1880	45	A	0	0	45	40.7333333333333
A_PB2	1881	45	A	0	0	45	40.9777777777778
A_PB2	1882	45	C	0	0	45	40.4222222222222
A_PB2	1883	45	A	0	0	45	40.3777777777778
A_PB2	1884	45	G	0	0	45	38.7555555555556
A_PB2	1885	53	A	0	0	53	37.1320754716981
A_PB2	1886	53	G	0	0	53	35.9056603773585
A_PB2	1887	53	C	0	0	52	37.2692307692308
A_PB2	1888	53	A	0	0	53	37.7547169811321
A_PB2	1889	53	G	0	0	53	38.2075471698113
A_PB2	1890	53	G	0	0	52	38.1923076923077
A_PB2	1891	53	A	0	0	52	38.6923076923077
A_PB2	1892	53	T	0	0	53	38.9245283018868
A_PB2	1893	53	G	0	0	53	38.9056603773585
A_PB2	1894	53	C	0	0	53	39.6415094339623
A_PB2	1895	53	A	0	0	53	38.622641509434
A_PB2	1896	53	A	0	0	53	40.1132075471698
A_PB2	1897	52	T	1	0	52	39.9615384615385
A_PB2	1898	53	T	0	0	53	39.2264150943396
A_PB2	1899	53	C	0	0	52	37.9038461538462
A_PB2	1900	53	T	0	0	53	37.0754716981132
A_PB2	1901	53	C	0	0	52	37.1538461538462
A_PB2	1902	53	T	0	0	52	36.1346153846154
A_PB2	1903	53	T	0	0	53	34.1698113207547
A_PB2	1904	53	C	0	0	53	34.5283018867925
A_PB2	1905	53	A	0	0	53	35.188679245283
A_PB2	1906	53	T	0	0	53	36.4905660377358
A_PB2	1907	53	T	0	0	53	38.7169811320755
A_PB2	1908	54	A	0	0	54	38.037037037037
A_PB2	1909	54	A	0	0	54	38.8888888888889
A_PB2	1910	54	C	0	0	54	38.7407407407407
A_PB2	1911	54	T	0	0	53	40.1320754716981
A_PB2	1912	54	G	0	0	54	40
A_PB2	1913	54	T	0	0	54	40.0555555555556
A_PB2	1914	54	G	0	0	54	39.4444444444444
A_PB2	1915	54	A	0	0	53	39.4716981132075
A_PB2	1916	54	A	0	0	54	39.1481481481481
A_PB2	1917	54	T	0	0	54	38.9259259259259
A_PB2	1918	54	G	0	0	54	38.6666666666667
A_PB2	1919	54	T	0	0	54	39.2222222222222
A_PB2	1920	54	G	0	0	54	38.1666666666667
A_PB2	1921	54	A	0	0	54	38.962962962963
A_PB2	1922	54	G	0	0	54	39.0925925925926
A_PB2	1923	54	A	0	0	54	38.537037037037
A_PB2	1924	53	G	1	0	53	38.7358490566038
A_PB2	1925	54	G	0	0	54	37.5740740740741
A_PB2	1926	54	A	0	0	54	37.0740740740741
A_PB2	1927	54	T	0	0	54	38.462962962963
A_PB2	1928	54	C	0	0	52	36.5384615384615
A_PB2	1929	54	A	0	0	53	35.622641509434
A_PB2	1930	53	G	1	0	53	35.0943396226415
A_PB2	1931	54	G	0	0	54	35.962962962963
A_PB2	1932	54	G	0	0	54	36.2777777777778
A_PB2	1933	54	T	0	0	54	37.9444444444444
A_PB2	1934	54	T	0	0	54	38.537037037037
A_PB2	1935	54	A	0	0	54	39.4444444444444
A_PB2	1936	54	A	0	0	54	39.3518518518519
A_PB2	1937	54	G	0	0	54	39.6851851851852
A_PB2	1938	54	G	0	0	54	40.1851851851852
A_PB2	1939	54	A	0	0	54	39.6111111111111
A_PB2	1940	54	T	0	0	53	39.6792452830189
A_PB2	1941	54	A	0	0	54	39.0740740740741
A_PB2	1942	54	C	0	0	54	38
A_PB2	1943	54	T	0	0	54	37.2777777777778
A_PB2	1944	54	G	0	0	53	37.9245283018868
A_PB2	1945	54	G	0	0	53	38.7169811320755
A_PB2	1946	54	T	0	0	53	38.6603773584906
A_PB2	1947	54	A	0	0	53	40.0377358490566
A_PB2	1948	54	A	0	0	53	40.9245283018868
A_PB2	1949	55	G	0	0	53	41.9433962264151
A_PB2	1950	55	A	0	0	54	40.7962962962963
A_PB2	1951	55	G	0	0	55	41.3272727272727
A_PB2	1952	55	G	0	0	55	40.4909090909091
A_PB2	1953	55	C	0	0	55	40.9636363636364
A_PB2	1954	55	A	0	0	55	39.8727272727273
A_PB2	1955	55	A	0	0	54	40.2962962962963
A_PB2	1956	55	T	0	0	55	39.7272727272727
A_PB2	1957	55	T	0	0	55	38.9090909090909
A_PB2	1958	55	C	0	0	55	39.8727272727273
A_PB2	1959	55	T	0	0	55	39.0545454545455
A_PB2	1960	55	C	0	0	55	39.0181818181818
A_PB2	1961	55	C	0	0	55	39.0545454545455
A_PB2	1962	55	A	0	0	55	38.6
A_PB2	1963	54	G	1	0	54	39.2777777777778
A_PB2	1964	55	T	0	0	55	39.8181818181818
A_PB2	1965	55	A	0	0	55	38.5636363636364
A_PB2	1966	55	T	0	0	55	39.3818181818182
A_PB2	1967	56	T	0	0	56	39.3035714285714
A_PB2	1968	56	C	0	0	56	38.6071428571429
A_PB2	1969	57	A	1	0	57	39.1754385964912
A_PB2	1970	57	A	1	0	57	39.9122807017544
A_PB2	1971	57	T	1	0	57	40.4736842105263
A_PB2	1972	57	T	1	0	57	40.1578947368421
A_PB2	1973	58	A	0	0	58	38.9137931034483
A_PB2	1974	58	T	0	0	58	39.6379310344828
A_PB2	1975	61	A	0	0	61	40.0327868852459
A_PB2	1976	61	A	0	0	61	40.672131147541
A_PB2	1977	61	C	0	0	61	41.0819672131148
A_PB2	1978	61	A	0	0	61	40.8688524590164
A_PB2	1979	61	A	0	0	61	40.3114754098361
A_PB2	1980	61	G	0	0	61	40.6885245901639
A_PB2	1981	61	G	0	0	61	39.4262295081967
A_PB2	1982	60	C	1	0	60	40.6
A_PB2	1983	60	A	1	0	60	40.6666666666667
A_PB2	1984	61	A	0	0	61	38.9180327868852
A_PB2	1985	61	C	0	0	61	38.6229508196721
A_PB2	1986	61	C	0	0	61	38.3114754098361
A_PB2	1987	62	A	0	0	62	38.1935483870968
A_PB2	1988	62	A	0	0	62	38.6290322580645
A_PB2	1989	62	A	0	0	61	38.8524590163934
A_PB2	1990	62	C	0	0	61	39.6229508196721
A_PB2	1991	63	G	0	0	62	37.4354838709677
A_PB2	1992	63	A	0	0	63	37.3968253968254
A_PB2	1993	63	C	0	0	63	37.7142857142857
A_PB2	1994	63	T	0	0	62	37.1451612903226
A_PB2	1995	63	T	0	0	63	37.031746031746
A_PB2	1996	63	A	0	0	63	39.015873015873
A_PB2	1997	62	C	1	0	62	38.241935483871
A_PB2	1998	63	G	0	0	63	37.6190476190476
A_PB2	1999	63	A	0	0	63	37.5079365079365
A_PB2	2000	63	T	0	0	63	37.6349206349206
A_PB2	2001	62	T	1	0	61	37.8688524590164
A_PB2	2002	62	C	1	0	61	37.9016393442623
A_PB2	2003	63	T	0	0	63	38.5396825396825
A_PB2	2004	63	T	0	0	62	38.8709677419355
A_PB2	2005	63	G	0	0	63	38.7936507936508
A_PB2	2006	63	G	0	0	63	38.3174603174603
A_PB2	2007	63	A	0	0	63	39.3174603174603
A_PB2	2008	63	A	0	0	63	40.6507936507937
A_PB2	2009	63	A	0	0	63	40.8095238095238
A_PB2	2010	63	G	0	0	63	40.9206349206349
A_PB2	2011	63	G	0	0	63	41.7301587301587
A_PB2	2012	63	A	0	0	63	41.8412698412698
A_PB2	2013	63	T	0	0	63	41.4920634920635
A_PB2	2014	77	G	0	0	77	39.3376623376623
A_PB2	2015	77	C	0	0	77	40.1168831168831
A_PB2	2016	76	A	1	0	76	38.3421052631579
A_PB2	2017	76	G	1	0	76	37.8289473684211
A_PB2	2018	76	G	1	0	76	37.0131578947368
A_PB2	2019	76	T	1	0	76	38.2631578947368
A_PB2	2020	76	G	1	0	76	38.1710526315789
A_PB2	2021	77	C	1	0	77	39.5454545454545
A_PB2	2022	77	A	1	0	77	39.4805194805195
A_PB2	2023	77	T	1	0	77	38.7142857142857
A_PB2	2024	76	T	2	0	75	39.0933333333333
A_PB2	2025	76	G	2	0	75	37.32
A_PB2	2026	77	A	1	0	77	36.4805194805195
A_PB2	2027	77	C	1	0	77	35.025974025974
A_PB2	2028	78	T	0	0	78	34.3717948717949
A_PB2	2029	78	G	0	0	78	33.4487179487179
A_PB2	2030	78	A	0	0	78	34.2051282051282
A_PB2	2031	78	A	0	0	78	36.025641025641
A_PB2	2032	78	G	0	0	78	37.0384615384615
A_PB2	2033	78	A	0	0	78	36.9358974358974
A_PB2	2034	78	T	0	0	78	37.7564102564103
A_PB2	2035	78	C	0	0	78	36.6153846153846
A_PB2	2036	78	C	0	0	78	36.4871794871795
A_PB2	2037	78	A	0	0	78	36.4871794871795
A_PB2	2038	85	G	1	0	84	37.8809523809524
A_PB2	2039	86	A	0	0	85	36.3882352941176
A_PB2	2040	86	T	0	0	86	36.8837209302326
A_PB2	2041	85	G	1	0	84	36.3214285714286
A_PB2	2042	85	A	1	0	85	36.4117647058824
A_PB2	2043	86	A	0	0	85	36.4352941176471
A_PB2	2044	86	G	0	0	86	38.1279069767442
A_PB2	2045	86	G	0	0	86	38.6860465116279
A_PB2	2046	86	C	0	0	85	39.0352941176471
A_PB2	2047	86	A	0	0	86	38.2674418604651
A_PB2	2048	86	C	0	0	86	39.1860465116279
A_PB2	2049	86	A	0	0	86	37.9186046511628
A_PB2	2050	86	T	0	0	86	37.8604651162791
A_PB2	2051	86	C	0	0	86	37.593023255814
A_PB2	2052	87	T	0	0	87	38.2068965517241
A_PB2	2053	86	G	1	0	86	36.4186046511628
A_PB2	2054	87	G	0	0	87	36.7011494252874
A_PB2	2055	87	G	0	0	87	36.5862068965517
A_PB2	2056	87	G	0	0	87	35.9195402298851
A_PB2	2057	87	T	0	0	87	37.2298850574713
A_PB2	2058	87	G	0	0	87	38.1264367816092
A_PB2	2059	87	G	0	0	87	37.0114942528736
A_PB2	2060	87	A	0	0	87	36.816091954023
A_PB2	2061	87	G	0	0	87	36.6896551724138
A_PB2	2062	87	T	0	0	85	38.2117647058824
A_PB2	2063	87	C	0	0	84	35.6785714285714
A_PB2	2064	87	T	0	0	85	35.6705882352941
A_PB2	2065	87	G	0	0	87	36.1264367816092
A_PB2	2066	87	C	0	0	87	36.4367816091954
A_PB2	2067	87	T	0	0	86	36.0581395348837
A_PB2	2068	87	G	0	0	87	37.5862068965517
A_PB2	2069	87	T	0	0	87	37.0919540229885
A_PB2	2070	86	C	1	0	86	36.9418604651163
A_PB2	2071	87	C	0	0	87	36.2758620689655
A_PB2	2072	87	T	0	0	87	33.9080459770115
A_PB2	2073	85	G	2	0	85	32.6235294117647
A_PB2	2074	87	A	0	0	87	32.4597701149425
A_PB2	2075	86	G	1	0	86	34.2441860465116
A_PB2	2076	87	G	0	0	87	34.6436781609195
A_PB2	2077	87	G	0	0	87	37.3793103448276
A_PB2	2078	87	G	0	0	86	37.5
A_PB2	2079	87	A	0	0	87	37.8965517241379
A_PB2	2080	87	T	0	0	87	38.0229885057471
A_PB2	2081	87	T	0	0	87	37.9195402298851
A_PB2	2082	87	C	0	0	86	37.7790697674419
A_PB2	2083	87	C	0	0	87	38.2873563218391
A_PB2	2084	87	T	0	0	87	39.1954022988506
A_PB2	2085	87	C	0	0	85	37.8705882352941
A_PB2	2086	87	A	0	0	86	37.6279069767442
A_PB2	2087	87	T	0	0	86	38.7558139534884
A_PB2	2088	87	T	0	0	87	38.4367816091954
A_PB2	2089	87	T	0	0	86	39.0581395348837
A_PB2	2090	87	T	0	0	86	38.9767441860465
A_PB2	2091	87	A	0	0	87	38.5977011494253
A_PB2	2092	87	G	0	0	87	39.735632183908
A_PB2	2093	87	G	0	0	87	40.1724137931034
A_PB2	2094	85	C	2	0	85	40.7058823529412
A_PB2	2095	86	A	1	0	86	40.4883720930233
A_PB2	2096	86	A	1	0	86	41.093023255814
A_PB2	2097	87	A	0	0	87	40.9195402298851
A_PB2	2098	87	G	0	0	86	40.9651162790698
A_PB2	2099	87	A	0	0	87	41
A_PB2	2100	87	A	0	0	86	41.4186046511628
A_PB2	2101	86	G	1	0	86	41.8837209302326
A_PB2	2102	87	A	0	0	87	40.8390804597701
A_PB2	2103	87	C	0	0	87	40.8275862068966
A_PB2	2104	87	A	0	0	87	39.8850574712644
A_PB2	2105	87	A	0	0	87	38.9885057471264
A_PB2	2106	87	G	0	0	87	40.0459770114943
A_PB2	2107	87	A	0	0	87	39.3448275862069
A_PB2	2108	87	G	0	0	87	39.6091954022989
A_PB2	2109	87	G	0	0	87	40.1494252873563
A_PB2	2110	86	T	1	0	86	40.2790697674419
A_PB2	2111	87	A	0	0	87	40.4827586206897
A_PB2	2112	87	T	0	0	87	40.1954022988506
A_PB2	2113	87	G	0	0	87	40.2758620689655
A_PB2	2114	87	G	0	0	87	39.7701149425287
A_PB2	2115	87	C	0	0	87	40.367816091954
A_PB2	2116	87	C	0	0	87	39.0344827586207
A_PB2	2117	87	C	0	0	87	39.367816091954
A_PB2	2118	87	A	0	0	87	38.8850574712644
A_PB2	2119	87	G	0	0	87	38.6551724137931
A_PB2	2120	87	C	0	0	87	38.1954022988506
A_PB2	2121	87	A	0	0	87	38.183908045977
A_PB2	2122	87	T	0	0	87	39.0229885057471
A_PB2	2123	87	T	0	0	86	39.8488372093023
A_PB2	2124	90	A	0	0	88	39.9886363636364
A_PB2	2125	90	A	0	0	89	40.3370786516854
A_PB2	2126	90	G	0	0	89	39.8876404494382
A_PB2	2127	90	C	0	0	90	40.3222222222222
A_PB2	2128	90	A	0	0	90	40.0444444444444
A_PB2	2129	90	T	0	0	90	40.6888888888889
A_PB2	2130	90	C	0	0	88	40.1704545454545
A_PB2	2131	90	A	0	0	90	41.1333333333333
A_PB2	2132	90	A	0	0	90	40.4555555555556
A_PB2	2133	90	T	0	0	90	41.4555555555556
A_PB2	2134	90	G	0	0	90	40.3
A_PB2	2135	90	A	0	0	90	39.6444444444444
A_PB2	2136	90	A	0	0	90	40.7444444444444
A_PB2	2137	90	C	0	0	89	40.6629213483146
A_PB2	2138	90	T	0	0	89	39.9438202247191
A_PB2	2139	90	G	0	0	86	39.0348837209302
A_PB2	2140	90	A	0	0	90	39.4555555555556
A_PB2	2141	90	G	0	0	90	39.0333333333333
A_PB2	2142	90	C	0	0	88	37.8977272727273
A_PB2	2143	90	A	0	0	90	36.8777777777778
A_PB2	2144	90	A	0	0	89	37.6966292134831
A_PB2	2145	90	T	0	0	89	37.7865168539326
A_PB2	2146	90	C	0	0	89	37.9662921348315
A_PB2	2147	89	T	1	0	88	38.3181818181818
A_PB2	2148	89	T	1	0	89	37.438202247191
A_PB2	2149	90	G	0	0	89	38.4044943820225
A_PB2	2150	89	C	1	0	89	38.752808988764
A_PB2	2151	89	T	1	0	89	39.9325842696629
A_PB2	2152	90	A	0	0	90	38.1666666666667
A_PB2	2153	90	A	0	0	90	38.4444444444444
A_PB2	2154	90	A	0	0	90	38.7888888888889
A_PB2	2155	90	G	0	0	90	38.3333333333333
A_PB2	2156	89	G	1	0	89	38.752808988764
A_PB2	2157	89	A	1	0	89	39.123595505618
A_PB2	2158	90	G	0	0	90	38.3
A_PB2	2159	90	A	0	0	89	38.9662921348315
A_PB2	2160	90	G	0	0	90	38.8
A_PB2	2161	89	A	1	0	89	38.6516853932584
A_PB2	2162	90	A	0	0	90	39.6555555555556
A_PB2	2163	90	A	0	0	90	38.4444444444444
A_PB2	2164	89	G	1	0	89	38.2022471910112
A_PB2	2165	89	C	1	0	89	38.2134831460674
A_PB2	2166	89	T	1	0	88	38.3409090909091
A_PB2	2167	89	A	1	0	89	37.9101123595506
A_PB2	2168	89	A	1	0	89	39.2584269662921
A_PB2	2169	89	T	1	0	89	39.4044943820225
A_PB2	2170	89	G	1	0	89	40.3820224719101
A_PB2	2171	89	T	1	0	88	40.8409090909091
A_PB2	2172	89	G	1	0	89	39.247191011236
A_PB2	2173	89	C	1	0	89	39.5168539325843
A_PB2	2174	89	T	1	0	89	40.247191011236
A_PB2	2175	89	A	1	0	89	38.1797752808989
A_PB2	2176	89	A	1	0	89	39.2696629213483
A_PB2	2177	89	T	1	0	89	39.314606741573
A_PB2	2178	89	T	1	0	89	39.2134831460674
A_PB2	2179	89	G	1	0	88	38.5909090909091
A_PB2	2180	89	G	1	0	89	38.2921348314607
A_PB2	2181	114	G	0	0	114	36.4298245614035
A_PB2	2182	115	C	0	0	115	36.8434782608696
A_PB2	2183	114	A	1	0	114	35
A_PB2	2184	114	G	2	0	114	34.3157894736842
A_PB2	2185	118	G	0	0	118	33.3983050847458
A_PB2	2186	118	G	0	0	118	33.5423728813559
A_PB2	2187	118	G	0	0	117	34.5982905982906
A_PB2	2188	118	G	0	0	118	37.7881355932203
A_PB2	2189	118	A	0	0	118	37.3220338983051
A_PB2	2190	118	C	0	0	118	37.2457627118644
A_PB2	2191	118	A	0	0	118	37.1525423728814
A_PB2	2192	118	T	0	0	118	37.5084745762712
A_PB2	2193	118	A	0	0	116	36.051724137931
A_PB2	2194	118	G	0	0	118	35.9237288135593
A_PB2	2195	118	T	0	0	118	35.9915254237288
A_PB2	2196	118	G	0	0	118	36.5847457627119
A_PB2	2197	118	T	0	0	118	36.3305084745763
A_PB2	2198	118	T	0	0	118	38.4406779661017
A_PB2	2199	118	G	0	0	117	37.957264957265
A_PB2	2200	118	G	0	0	118	37.9745762711864
A_PB2	2201	118	T	0	0	118	38.0169491525424
A_PB2	2202	118	A	0	0	118	38.8559322033898
A_PB2	2203	118	A	0	0	118	39.9406779661017
A_PB2	2204	118	T	0	0	118	39.4237288135593
A_PB2	2205	118	G	0	0	117	38.0683760683761
A_PB2	2206	118	A	0	0	117	37.5982905982906
A_PB2	2207	118	A	0	0	118	38.7627118644068
A_PB2	2208	119	A	0	0	118	39.4406779661017
A_PB2	2209	119	C	0	0	118	39.3135593220339
A_PB2	2210	120	G	0	0	118	36.7627118644068
A_PB2	2211	119	A	1	0	119	37.2100840336134
A_PB2	2212	120	A	0	0	120	37.1666666666667
A_PB2	2213	120	A	0	0	120	38.075
A_PB2	2214	120	A	0	0	119	39.4621848739496
A_PB2	2215	120	C	0	0	120	39.275
A_PB2	2216	119	G	1	0	118	39.6016949152542
A_PB2	2217	119	G	1	0	119	38.8991596638655
A_PB2	2218	120	G	0	0	119	38.2521008403361
A_PB2	2219	120	A	0	0	120	37.85
A_PB2	2220	120	C	0	0	120	37.3666666666667
A_PB2	2221	120	T	0	0	120	37.9416666666667
A_PB2	2222	119	C	1	0	117	38.9059829059829
A_PB2	2223	120	T	0	0	118	38.6101694915254
A_PB2	2224	120	A	0	0	120	38.525
A_PB2	2225	120	G	0	0	119	38.8991596638655
A_PB2	2226	120	C	0	0	120	39.3083333333333
A_PB2	2227	120	A	0	0	120	39.275
A_PB2	2228	120	T	0	0	117	39.965811965812
A_PB2	2229	120	A	0	0	120	39.4166666666667
A_PB2	2230	120	C	0	0	119	40.5882352941176
A_PB2	2231	120	T	0	0	119	41.1932773109244
A_PB2	2232	120	T	0	0	118	40.3220338983051
A_PB2	2233	120	A	0	0	120	39.2916666666667
A_PB2	2234	120	C	0	0	120	39.4166666666667
A_PB2	2235	120	T	0	0	120	39.5666666666667
A_PB2	2236	120	G	0	0	120	39.225
A_PB2	2237	120	A	0	0	120	39.2916666666667
A_PB2	2238	120	C	0	0	119	39.5798319327731
A_PB2	2239	120	A	0	0	120	40.5833333333333
A_PB2	2240	120	G	0	0	120	40.9583333333333
A_PB2	2241	120	C	0	0	120	40.5166666666667
A_PB2	2242	120	C	0	0	120	40.2416666666667
A_PB2	2243	121	A	0	0	121	40.3057851239669
A_PB2	2244	121	G	0	0	121	40.7768595041322
A_PB2	2245	121	A	0	0	121	40.396694214876
A_PB2	2246	121	C	0	0	119	40.7983193277311
A_PB2	2247	121	A	0	0	121	40.0413223140496
A_PB2	2248	120	G	1	0	119	39.672268907563
A_PB2	2249	121	C	0	0	120	39.8166666666667
A_PB2	2250	121	G	0	0	119	36.8991596638655
A_PB2	2251	121	A	0	0	121	37.2148760330578
A_PB2	2252	121	C	0	0	121	37.3388429752066
A_PB2	2253	121	C	0	0	121	36.4049586776859
A_PB2	2254	120	A	1	0	120	35.6083333333333
A_PB2	2255	121	A	0	0	121	37.0082644628099
A_PB2	2256	121	A	0	0	120	37.875
A_PB2	2257	121	A	0	0	121	39
A_PB2	2258	121	G	0	0	120	40.15
A_PB2	2259	121	A	0	0	121	40.099173553719
A_PB2	2260	120	A	1	0	120	40.275
A_PB2	2261	120	T	1	0	120	39.6
A_PB2	2262	120	T	1	0	120	40.1166666666667
A_PB2	2263	120	C	1	0	118	38.4067796610169
A_PB2	2264	121	G	0	0	120	37.1416666666667
A_PB2	2265	121	A	0	0	121	37.3471074380165
A_PB2	2266	120	A	1	0	119	37.5798319327731
A_PB2	2267	120	T	1	0	119	37.6302521008403
A_PB2	2268	120	G	1	0	120	38.8666666666667
A_PB2	2269	120	G	1	0	120	39.825
A_PB2	2270	121	C	0	0	121	39.7107438016529
A_PB2	2271	121	C	0	0	119	38.9663865546218
A_PB2	2272	121	A	0	0	120	39.3083333333333
A_PB2	2273	121	T	0	0	120	39.6583333333333
A_PB2	2274	121	C	0	0	121	38.9173553719008
A_PB2	2275	121	A	0	0	121	38.6611570247934
A_PB2	2276	121	A	0	0	121	37.8595041322314
A_PB2	2277	121	T	0	0	120	37.55
A_PB2	2278	121	T	0	0	121	36.9834710743802
A_PB2	2279	121	A	0	0	121	35.8842975206612
A_PB2	2280	121	G	0	0	121	35.6363636363636
