Reference_Name	Position	Coverage Depth	Consensus	Deletions	Ambiguous	Consensus_Count	Consensus_Average_Quality
A_PB1	1	18	A	0	0	18	39.4444444444444
A_PB1	2	18	T	0	0	18	39.7777777777778
A_PB1	3	18	G	0	0	18	38.7777777777778
A_PB1	4	18	G	0	0	18	41.6111111111111
A_PB1	5	18	A	0	0	18	41.2777777777778
A_PB1	6	18	T	0	0	18	40.2222222222222
A_PB1	7	18	G	0	0	18	40.4444444444444
A_PB1	8	18	T	0	0	18	40.2222222222222
A_PB1	9	18	C	0	0	18	41.4444444444444
A_PB1	10	18	A	0	0	18	39.6111111111111
A_PB1	11	18	A	0	0	17	39.4117647058824
A_PB1	12	18	T	0	0	17	39.5294117647059
A_PB1	13	18	C	0	0	17	39.8235294117647
A_PB1	14	18	C	0	0	18	40.5
A_PB1	15	18	G	0	0	18	39.6111111111111
A_PB1	16	18	A	0	0	18	40.6111111111111
A_PB1	17	18	C	0	0	18	41.0555555555556
A_PB1	18	18	T	0	0	18	40.4444444444444
A_PB1	19	18	C	0	0	17	40.9411764705882
A_PB1	20	18	T	0	0	18	43.3333333333333
A_PB1	21	18	A	0	0	18	41.6111111111111
A_PB1	22	18	C	0	0	18	38.5555555555556
A_PB1	23	18	T	0	0	18	36.3888888888889
A_PB1	24	18	T	0	0	18	39.3888888888889
A_PB1	25	18	T	0	0	18	40.5
A_PB1	26	18	T	0	0	18	36.3333333333333
A_PB1	27	18	C	0	0	18	36.6666666666667
A_PB1	28	18	C	0	0	18	37.3333333333333
A_PB1	29	18	T	0	0	18	35.5
A_PB1	30	18	A	0	0	18	34.1111111111111
A_PB1	31	18	A	0	0	18	37.4444444444444
A_PB1	32	18	A	0	0	18	38.6666666666667
A_PB1	33	18	A	0	0	18	42
A_PB1	34	18	A	0	0	18	41.5555555555556
A_PB1	35	18	T	0	0	18	42.1111111111111
A_PB1	36	18	T	0	0	18	43.8333333333333
A_PB1	37	18	C	0	0	18	43.5555555555556
A_PB1	38	18	C	0	0	18	43.5
A_PB1	39	18	A	0	0	18	42.5
A_PB1	40	18	G	0	0	18	42.3888888888889
A_PB1	41	18	C	0	0	18	42.0555555555556
A_PB1	42	18	A	0	0	18	42.2222222222222
A_PB1	43	18	C	0	0	18	42.8888888888889
A_PB1	44	18	A	0	0	18	41.4444444444444
A_PB1	45	18	A	0	0	18	41.7222222222222
A_PB1	46	18	A	0	0	18	43.1111111111111
A_PB1	47	18	A	0	0	18	41.6111111111111
A_PB1	48	18	T	0	0	18	41.1666666666667
A_PB1	49	18	G	0	0	18	39
A_PB1	50	18	C	0	0	18	39.4444444444444
A_PB1	51	18	C	0	0	18	40.0555555555556
A_PB1	52	18	A	0	0	18	39.7777777777778
A_PB1	53	17	T	1	0	17	41.1176470588235
A_PB1	54	17	A	1	0	17	42.0588235294118
A_PB1	55	17	A	1	0	17	41.1176470588235
A_PB1	56	17	G	1	0	17	41.7647058823529
A_PB1	57	18	C	0	0	18	38.4444444444444
A_PB1	58	18	A	0	0	18	38.2222222222222
A_PB1	59	18	C	0	0	18	39.2222222222222
A_PB1	60	18	C	0	0	18	39.8888888888889
A_PB1	61	18	A	0	0	18	38.7222222222222
A_PB1	62	18	C	0	0	18	38.8333333333333
A_PB1	63	18	A	0	0	18	37.3333333333333
A_PB1	64	18	T	0	0	18	39.3888888888889
A_PB1	65	18	T	0	0	18	40.1666666666667
A_PB1	66	18	C	0	0	18	36.7777777777778
A_PB1	67	18	C	0	0	18	37.2777777777778
A_PB1	68	18	C	0	0	18	37.9444444444444
A_PB1	69	18	T	0	0	18	37.5555555555556
A_PB1	70	18	T	0	0	18	37.6111111111111
A_PB1	71	18	A	0	0	18	34.3888888888889
A_PB1	72	18	T	0	0	18	34.5555555555556
A_PB1	73	18	A	0	0	18	35.3333333333333
A_PB1	74	18	C	0	0	18	34.3333333333333
A_PB1	75	18	T	0	0	18	34.6666666666667
A_PB1	76	18	G	0	0	18	35.0555555555556
A_PB1	77	18	G	0	0	18	34.8333333333333
A_PB1	78	18	A	0	0	18	34.8888888888889
A_PB1	79	18	G	0	0	18	36.7777777777778
A_PB1	80	18	A	0	0	18	35.9444444444444
A_PB1	81	18	T	0	0	18	36.1111111111111
A_PB1	82	18	C	0	0	18	36.9444444444444
A_PB1	83	18	C	0	0	18	37.6666666666667
A_PB1	84	18	T	0	0	18	38.2222222222222
A_PB1	85	18	C	0	0	18	36.9444444444444
A_PB1	86	18	C	0	0	18	36.9444444444444
A_PB1	87	18	A	0	0	18	37.3333333333333
A_PB1	88	18	T	0	0	18	37.8333333333333
A_PB1	89	18	A	0	0	18	38.7222222222222
A_PB1	90	18	T	0	0	18	39.1666666666667
A_PB1	91	18	A	0	0	17	39.4705882352941
A_PB1	92	18	G	0	0	17	37.5882352941176
A_PB1	93	18	C	0	0	18	35.8333333333333
A_PB1	94	18	C	0	0	18	35.6666666666667
A_PB1	95	18	A	0	0	18	36.5
A_PB1	96	18	T	0	0	18	36.9444444444444
A_PB1	97	18	G	0	0	18	38.1666666666667
A_PB1	98	18	G	0	0	18	37.4444444444444
A_PB1	99	18	A	0	0	18	39.3888888888889
A_PB1	100	18	A	0	0	18	39.6111111111111
A_PB1	101	18	C	0	0	18	41
A_PB1	102	18	A	0	0	18	40.4444444444444
A_PB1	103	18	G	0	0	18	39.0555555555556
A_PB1	104	18	G	0	0	18	38.8888888888889
A_PB1	105	18	A	0	0	18	37.7777777777778
A_PB1	106	18	A	0	0	18	38.4444444444444
A_PB1	107	18	C	0	0	18	37.8888888888889
A_PB1	108	18	A	0	0	18	39.6666666666667
A_PB1	109	18	G	0	0	18	40.1666666666667
A_PB1	110	18	G	0	0	18	39.1666666666667
A_PB1	111	18	A	0	0	18	37.7222222222222
A_PB1	112	18	T	0	0	18	39.3888888888889
A_PB1	113	18	A	0	0	18	39.8888888888889
A_PB1	114	18	C	0	0	18	39.6666666666667
A_PB1	115	18	A	0	0	18	39.1111111111111
A_PB1	116	18	C	0	0	18	42
A_PB1	117	18	C	0	0	17	41.6470588235294
A_PB1	118	18	A	0	0	17	44.7647058823529
A_PB1	119	18	T	0	0	17	43.4705882352941
A_PB1	120	18	G	0	0	18	40.6111111111111
A_PB1	121	18	G	0	0	18	40.0555555555556
A_PB1	122	14	A	4	0	14	42.7857142857143
A_PB1	123	14	T	4	0	14	43.0714285714286
A_PB1	124	14	T	4	0	14	42.5
A_PB1	125	14	C	4	0	14	40.5
A_PB1	126	14	T	4	0	14	39.0714285714286
A_PB1	127	14	C	4	0	14	37.5714285714286
A_PB1	128	14	A	4	0	14	34.9285714285714
A_PB1	129	18	A	0	0	18	34
A_PB1	130	18	C	0	0	18	34.3888888888889
A_PB1	131	18	A	0	0	18	35.3888888888889
A_PB1	132	18	C	0	0	18	41.3333333333333
A_PB1	133	18	A	0	0	18	39.1666666666667
A_PB1	134	15	A	4	0	15	41.2
A_PB1	135	15	G	4	0	15	41.9333333333333
A_PB1	136	15	C	4	0	15	41.0666666666667
A_PB1	137	15	C	4	0	15	42.1333333333333
A_PB1	138	15	A	4	0	15	42.2666666666667
A_PB1	139	16	A	4	0	16	44.3125
A_PB1	140	16	A	4	0	16	44.75
A_PB1	141	16	G	4	0	16	42.8125
A_PB1	142	16	G	4	0	16	41.75
A_PB1	143	16	G	4	0	16	41.875
A_PB1	144	16	G	4	0	16	38.75
A_PB1	145	16	A	4	0	16	38.625
A_PB1	146	16	A	4	0	16	38.25
A_PB1	147	16	T	4	0	16	37.5
A_PB1	148	16	T	4	0	16	38.1875
A_PB1	149	16	C	4	0	16	37
A_PB1	150	16	T	4	0	16	36.0625
A_PB1	151	16	T	4	0	16	35.375
A_PB1	152	15	G	5	0	15	35.1333333333333
A_PB1	153	16	A	4	0	16	36.5625
A_PB1	154	16	G	4	0	16	36.875
A_PB1	155	16	G	4	0	16	37.375
A_PB1	156	20	A	0	0	16	36.6875
A_PB1	157	20	T	0	0	20	39
A_PB1	158	20	G	0	0	16	38.25
A_PB1	159	20	A	0	0	20	38.05
A_PB1	160	20	A	0	0	20	39.3
A_PB1	161	20	C	0	0	20	40.15
A_PB1	162	20	A	0	0	20	39.3
A_PB1	163	20	G	0	0	20	39
A_PB1	164	20	A	0	0	20	38.15
A_PB1	165	16	T	4	0	16	39.375
A_PB1	166	16	G	4	0	16	38.3125
A_PB1	167	16	T	4	0	16	38.0625
A_PB1	168	20	A	0	0	20	39.2
A_PB1	169	20	C	0	0	20	40.2
A_PB1	170	16	C	4	0	16	38.0625
A_PB1	171	16	A	4	0	16	39.5
A_PB1	172	16	G	4	0	16	38
A_PB1	173	16	A	4	0	16	39.4375
A_PB1	174	16	A	4	0	16	39.8125
A_PB1	175	16	G	4	0	16	37.6875
A_PB1	176	16	T	4	0	16	37.75
A_PB1	177	16	G	4	0	16	36.125
A_PB1	178	16	T	4	0	16	36.9375
A_PB1	179	16	T	4	0	16	36.25
A_PB1	180	16	G	4	0	16	34.5625
A_PB1	181	16	C	4	0	16	35.5
A_PB1	182	16	A	4	0	16	40.5
A_PB1	183	16	A	4	0	16	42.3125
A_PB1	184	16	T	4	0	16	40.4375
A_PB1	185	16	T	4	0	16	40.125
A_PB1	186	16	T	4	0	16	40.0625
A_PB1	187	20	A	0	0	20	38.4
A_PB1	188	20	C	0	0	20	37.95
A_PB1	189	20	A	0	0	20	38.05
A_PB1	190	20	C	0	0	20	38.65
A_PB1	191	20	C	0	0	20	38.6
A_PB1	192	20	A	0	0	20	40.25
A_PB1	193	20	A	0	0	20	40.15
A_PB1	194	20	T	0	0	20	40.4
A_PB1	195	20	A	0	0	20	41.6
A_PB1	196	20	C	0	0	20	42.3
A_PB1	197	20	T	0	0	20	41.6
A_PB1	198	20	C	0	0	20	41.05
A_PB1	199	20	A	0	0	20	40.7
A_PB1	200	20	G	0	0	20	40.1
A_PB1	201	19	A	1	0	19	39.8421052631579
A_PB1	202	20	A	0	0	20	39.75
A_PB1	203	20	A	0	0	20	40.55
A_PB1	204	20	A	0	0	19	40.8947368421053
A_PB1	205	20	G	0	0	20	38.7
A_PB1	206	20	G	0	0	20	40.05
A_PB1	207	20	G	0	0	20	40.8
A_PB1	208	20	G	0	0	20	42.45
A_PB1	209	20	A	0	0	19	41.9473684210526
A_PB1	210	20	A	0	0	20	41.95
A_PB1	211	20	G	0	0	20	40.95
A_PB1	212	20	T	0	0	20	41.05
A_PB1	213	20	G	0	0	20	40.25
A_PB1	214	20	G	0	0	20	40.5
A_PB1	215	20	A	0	0	20	39.25
A_PB1	216	20	C	0	0	20	39.65
A_PB1	217	20	A	0	0	20	39.95
A_PB1	218	20	A	0	0	20	39.45
A_PB1	219	20	C	0	0	20	39.4
A_PB1	220	20	A	0	0	20	38.45
A_PB1	221	20	A	0	0	20	39.9
A_PB1	222	20	A	0	0	20	39.75
A_PB1	223	20	C	0	0	20	37.5
A_PB1	224	20	A	0	0	20	37.8
A_PB1	225	20	C	0	0	20	37.65
A_PB1	226	20	A	0	0	20	38.1
A_PB1	227	20	G	0	0	20	35.95
A_PB1	228	20	A	0	0	20	38.05
A_PB1	229	20	A	0	0	20	39.75
A_PB1	230	20	A	0	0	20	38.75
A_PB1	231	20	C	0	0	20	40.4
A_PB1	232	20	T	0	0	20	41.3
A_PB1	233	20	G	0	0	20	38.8
A_PB1	234	20	G	0	0	20	38.5
A_PB1	235	20	T	0	0	20	38.3
A_PB1	236	20	G	0	0	20	37.6
A_PB1	237	20	C	0	0	20	37.8
A_PB1	238	20	A	0	0	20	38.85
A_PB1	239	20	C	0	0	20	39.3
A_PB1	240	20	C	0	0	20	38.95
A_PB1	241	20	T	0	0	20	37.6
A_PB1	242	20	C	0	0	20	35.7
A_PB1	243	20	A	0	0	20	35.15
A_PB1	244	20	G	0	0	20	34.35
A_PB1	245	20	C	0	0	20	36.65
A_PB1	246	20	T	0	0	19	37
A_PB1	247	20	C	0	0	20	37.65
A_PB1	248	20	A	0	0	20	36.05
A_PB1	249	20	A	0	0	20	36.7
A_PB1	250	20	C	0	0	20	34.95
A_PB1	251	20	C	0	0	20	34.2
A_PB1	252	20	C	0	0	20	35.6
A_PB1	253	20	G	0	0	20	35.35
A_PB1	254	20	A	0	0	20	35
A_PB1	255	20	T	0	0	20	34.2
A_PB1	256	20	A	0	0	20	34.05
A_PB1	257	20	G	0	0	20	34.4
A_PB1	258	20	A	0	0	20	35.05
A_PB1	259	20	C	0	0	20	35.4
A_PB1	260	20	G	0	0	20	36.3
A_PB1	261	20	G	0	0	20	35.7
A_PB1	262	20	A	0	0	20	37.7
A_PB1	263	20	C	0	0	20	37.7
A_PB1	264	20	C	0	0	20	38.5
A_PB1	265	20	A	0	0	20	40.55
A_PB1	266	20	C	0	0	20	39.35
A_PB1	267	20	T	0	0	20	38.9
A_PB1	268	20	A	0	0	20	40.55
A_PB1	269	20	C	0	0	20	38.35
A_PB1	270	20	C	0	0	20	38.8
A_PB1	271	20	C	0	0	20	37.25
A_PB1	272	20	G	0	0	20	34.75
A_PB1	273	20	A	0	0	20	34
A_PB1	274	20	A	0	0	20	35.8
A_PB1	275	20	G	0	0	19	35.7368421052632
A_PB1	276	20	A	0	0	20	36.5
A_PB1	277	20	T	0	0	20	38
A_PB1	278	20	A	0	0	20	36.25
A_PB1	279	20	A	0	0	20	36.95
A_PB1	280	20	T	0	0	20	38.4
A_PB1	281	20	G	0	0	20	36.85
A_PB1	282	19	A	1	0	19	39.5263157894737
A_PB1	283	19	A	1	0	19	39
A_PB1	284	19	C	1	0	19	38.5263157894737
A_PB1	285	19	C	1	0	19	40
A_PB1	286	20	A	0	0	20	40.35
A_PB1	287	19	A	0	0	19	41.3684210526316
A_PB1	288	19	G	0	0	19	39.7368421052632
A_PB1	289	19	T	0	0	19	43.3157894736842
A_PB1	290	19	G	0	0	19	40.8947368421053
A_PB1	291	19	G	0	0	19	43
A_PB1	292	19	G	0	0	18	40.8333333333333
A_PB1	293	19	T	0	0	18	43
A_PB1	294	19	A	0	0	19	40.2105263157895
A_PB1	295	19	T	0	0	19	39.6842105263158
A_PB1	296	19	G	0	0	19	39.6842105263158
A_PB1	297	19	C	0	0	19	40.8421052631579
A_PB1	298	19	A	0	0	19	41.2631578947368
A_PB1	299	19	C	0	0	19	41.4210526315789
A_PB1	300	19	A	0	0	19	41.3157894736842
A_PB1	301	19	A	0	0	19	41.4736842105263
A_PB1	302	19	A	0	0	19	40.4736842105263
A_PB1	303	19	C	0	0	19	40.1578947368421
A_PB1	304	19	A	0	0	19	39.6315789473684
A_PB1	305	19	G	0	0	19	38.5789473684211
A_PB1	306	19	A	0	0	19	37.7894736842105
A_PB1	307	19	C	0	0	19	37.7894736842105
A_PB1	308	19	T	0	0	19	38.6315789473684
A_PB1	309	19	G	0	0	19	36.8421052631579
A_PB1	310	19	T	0	0	19	40.5263157894737
A_PB1	311	19	G	0	0	19	39.8421052631579
A_PB1	312	19	T	0	0	19	40.7368421052632
A_PB1	313	19	T	0	0	19	40.8947368421053
A_PB1	314	19	C	0	0	19	39.8947368421053
A_PB1	315	19	T	0	0	19	38.8421052631579
A_PB1	316	18	A	0	0	18	36.2222222222222
A_PB1	317	18	G	0	0	18	36.2222222222222
A_PB1	318	3	A	0	0	3	22.6666666666667
A_PB1	319	3	G	0	0	3	21.6666666666667
A_PB1	320	2	G	0	0	2	37.5
A_PB1	321	2	C	0	0	2	34.5
A_PB1	322	2	T	0	0	2	32.5
A_PB1	323	2	A	0	0	2	30
A_PB1	324	2	T	0	0	2	33.5
A_PB1	325	2	G	0	0	2	33
A_PB1	326	2	G	0	0	2	31.5
A_PB1	327	2	C	0	0	2	31
A_PB1	328	2	T	0	0	2	39.5
A_PB1	329	2	T	0	0	2	39.5
A_PB1	330	2	T	0	0	2	37.5
A_PB1	331	2	C	0	0	2	33.5
A_PB1	332	2	C	0	0	2	29.5
A_PB1	333	2	T	0	0	2	32
A_PB1	334	3	T	0	0	3	30.3333333333333
A_PB1	335	3	G	0	0	3	27
A_PB1	336	3	A	0	0	3	27.3333333333333
A_PB1	337	3	A	0	0	3	27.3333333333333
A_PB1	338	3	G	0	0	3	32.3333333333333
A_PB1	339	3	A	0	0	3	38.6666666666667
A_PB1	340	3	A	0	0	3	40
A_PB1	341	3	T	0	0	3	37.3333333333333
A_PB1	342	3	C	0	0	3	37
A_PB1	343	3	C	0	0	3	38.6666666666667
A_PB1	344	3	C	0	0	3	36.3333333333333
A_PB1	345	3	A	0	0	3	39.3333333333333
A_PB1	346	3	T	0	0	3	39.3333333333333
A_PB1	347	3	C	0	0	3	37
A_PB1	348	3	C	0	0	3	37.3333333333333
A_PB1	349	3	A	0	0	3	36.3333333333333
A_PB1	350	3	G	0	0	3	39.3333333333333
A_PB1	351	3	G	0	0	3	39.3333333333333
A_PB1	352	3	A	0	0	3	43
A_PB1	353	3	A	0	0	3	37.6666666666667
A_PB1	354	3	T	0	0	3	41.6666666666667
A_PB1	355	3	A	0	0	3	39
A_PB1	356	3	T	0	0	3	42.6666666666667
A_PB1	357	3	T	0	0	3	41.3333333333333
A_PB1	358	3	T	0	0	3	43
A_PB1	359	3	G	0	0	3	37.3333333333333
A_PB1	360	3	A	0	0	3	38
A_PB1	361	3	A	0	0	3	40
A_PB1	362	3	A	0	0	3	36.6666666666667
A_PB1	363	3	A	0	0	3	35.3333333333333
A_PB1	364	3	T	0	0	3	39.3333333333333
A_PB1	365	3	T	0	0	3	35.6666666666667
A_PB1	366	3	C	0	0	3	35.3333333333333
A_PB1	367	3	A	0	0	3	38
A_PB1	368	3	T	0	0	3	40.6666666666667
A_PB1	369	3	G	0	0	3	35.3333333333333
A_PB1	370	3	C	0	0	3	36
A_PB1	371	3	C	0	0	3	37
A_PB1	372	3	T	0	0	3	37.3333333333333
A_PB1	373	3	T	0	0	3	36.3333333333333
A_PB1	374	3	G	0	0	3	36.3333333333333
A_PB1	375	3	A	0	0	3	37.3333333333333
A_PB1	376	3	A	0	0	3	40.6666666666667
A_PB1	377	3	A	0	0	3	41
A_PB1	378	3	C	0	0	3	41.3333333333333
A_PB1	379	3	A	0	0	3	42.3333333333333
A_PB1	380	3	A	0	0	3	41
A_PB1	381	3	T	0	0	3	42
A_PB1	382	3	G	0	0	3	41
A_PB1	383	3	G	0	0	3	42.6666666666667
A_PB1	384	3	A	0	0	3	43.3333333333333
A_PB1	385	3	A	0	0	3	44.6666666666667
A_PB1	386	3	G	0	0	3	45
A_PB1	387	3	T	0	0	3	41.3333333333333
A_PB1	388	3	T	0	0	3	43.6666666666667
A_PB1	389	3	G	0	0	3	43.3333333333333
A_PB1	390	3	T	0	0	3	47.3333333333333
A_PB1	391	3	T	0	0	3	45
A_PB1	392	2	C	1	0	2	43.5
A_PB1	393	2	A	1	0	2	48.5
A_PB1	394	2	G	1	0	2	43.5
A_PB1	395	3	C	0	0	3	42
A_PB1	396	3	A	0	0	3	41.6666666666667
A_PB1	397	3	A	0	0	3	41.3333333333333
A_PB1	398	3	A	0	0	3	45.3333333333333
A_PB1	399	3	C	0	0	3	40.3333333333333
A_PB1	400	3	A	0	0	3	42.6666666666667
A_PB1	401	3	A	0	0	3	40.3333333333333
A_PB1	402	3	G	0	0	3	38.3333333333333
A_PB1	403	3	G	0	0	3	39.6666666666667
A_PB1	404	3	G	0	0	3	39
A_PB1	405	3	T	0	0	3	45.3333333333333
A_PB1	406	3	A	0	0	3	39
A_PB1	407	2	G	1	0	2	46.5
A_PB1	408	3	A	0	0	3	40.3333333333333
A_PB1	409	4	T	0	0	4	31
A_PB1	410	4	A	0	0	4	30.25
A_PB1	411	4	A	0	0	4	28.75
A_PB1	412	4	A	0	0	4	29.25
A_PB1	413	4	C	0	0	4	31
A_PB1	414	4	T	0	0	3	32.3333333333333
A_PB1	415	4	G	0	0	4	29
A_PB1	416	4	A	0	0	4	30
A_PB1	417	4	C	0	0	4	28
A_PB1	418	4	T	0	0	3	42
A_PB1	419	4	C	0	0	3	37.3333333333333
A_PB1	420	4	A	0	0	4	30.75
A_PB1	421	4	A	0	0	4	31.5
A_PB1	422	4	G	0	0	4	35.5
A_PB1	423	4	G	0	0	4	36.25
A_PB1	424	4	T	0	0	4	37
A_PB1	425	4	C	0	0	4	37.5
A_PB1	426	4	G	0	0	4	32.25
A_PB1	427	4	C	0	0	4	33.25
A_PB1	428	4	C	0	0	4	32.75
A_PB1	429	4	A	0	0	4	33
A_PB1	430	4	G	0	0	4	32.75
A_PB1	431	4	A	0	0	4	33
A_PB1	432	4	C	0	0	4	39.75
A_PB1	433	4	C	0	0	4	38.75
A_PB1	434	4	T	0	0	4	43.25
A_PB1	435	4	A	0	0	4	38
A_PB1	436	4	T	0	0	4	36.25
A_PB1	437	4	G	0	0	4	33.25
A_PB1	438	4	A	0	0	4	36
A_PB1	439	4	T	0	0	4	35
A_PB1	440	4	T	0	0	4	34.75
A_PB1	441	4	G	0	0	4	33.25
A_PB1	442	4	G	0	0	4	31
A_PB1	443	4	A	0	0	4	32
A_PB1	444	4	C	0	0	4	35
A_PB1	445	4	A	0	0	4	31.5
A_PB1	446	4	T	0	0	4	39.5
A_PB1	447	4	T	0	0	4	39.5
A_PB1	448	3	A	1	0	3	40.3333333333333
A_PB1	449	4	A	0	0	4	38.75
A_PB1	450	4	A	0	0	4	37.75
A_PB1	451	4	C	0	0	4	40
A_PB1	452	4	A	0	0	4	38.5
A_PB1	453	4	G	0	0	4	41.75
A_PB1	454	4	A	0	0	4	37.25
A_PB1	455	4	A	0	0	4	40.5
A_PB1	456	3	A	0	0	3	36.6666666666667
A_PB1	457	3	T	0	0	3	35
A_PB1	458	3	C	0	0	3	36
A_PB1	459	3	A	0	0	3	40
A_PB1	460	3	A	0	0	3	40.6666666666667
A_PB1	461	3	C	0	0	3	35.3333333333333
A_PB1	462	3	C	0	0	3	35.6666666666667
A_PB1	463	3	G	0	0	3	34.6666666666667
A_PB1	464	3	G	0	0	3	33.6666666666667
A_PB1	465	3	C	0	0	3	35
A_PB1	466	3	A	0	0	3	31.6666666666667
A_PB1	467	3	G	0	0	3	30.6666666666667
A_PB1	468	3	C	0	0	3	34.6666666666667
A_PB1	469	3	A	0	0	3	34
A_PB1	470	3	A	0	0	3	33
A_PB1	471	3	C	0	0	3	39
A_PB1	472	3	T	0	0	3	38
A_PB1	473	3	G	0	0	3	36.3333333333333
A_PB1	474	3	C	0	0	3	33.6666666666667
A_PB1	475	3	A	0	0	3	32
A_PB1	476	3	T	0	0	3	33.6666666666667
A_PB1	477	3	T	0	0	3	31
A_PB1	478	3	G	0	0	3	31.3333333333333
A_PB1	479	3	G	0	0	3	30.3333333333333
A_PB1	480	3	C	0	0	3	35
A_PB1	481	3	C	0	0	3	39
A_PB1	482	3	A	0	0	3	31
A_PB1	483	3	A	0	0	3	31.6666666666667
A_PB1	484	3	C	0	0	3	36.3333333333333
A_PB1	485	3	A	0	0	3	36.3333333333333
A_PB1	486	3	C	0	0	3	32.3333333333333
A_PB1	487	3	C	0	0	3	32.6666666666667
A_PB1	488	3	A	0	0	3	31
A_PB1	489	3	T	0	0	3	29.6666666666667
A_PB1	490	3	A	0	0	3	25.6666666666667
A_PB1	491	3	G	0	0	3	22.6666666666667
A_PB1	492	3	A	0	0	3	24.6666666666667
A_PB1	493	3	A	0	0	3	23
A_PB1	494	3	G	0	0	3	34
A_PB1	495	3	T	0	0	3	29
A_PB1	496	3	T	0	0	3	29.3333333333333
A_PB1	497	3	T	0	0	3	31.3333333333333
A_PB1	498	3	T	0	0	3	31.3333333333333
A_PB1	499	3	C	0	0	3	27.3333333333333
A_PB1	500	3	A	0	0	3	21.6666666666667
A_PB1	501	3	G	0	0	3	21.6666666666667
A_PB1	502	3	A	0	0	3	21.6666666666667
A_PB1	503	3	T	0	0	3	24
A_PB1	504	3	C	0	0	3	29.3333333333333
A_PB1	505	3	G	0	0	3	30
A_PB1	506	3	A	0	0	3	30
A_PB1	507	3	A	0	0	3	34.3333333333333
A_PB1	508	3	T	0	0	3	34.3333333333333
A_PB1	509	3	G	0	0	3	35
A_PB1	510	3	A	0	0	3	39.6666666666667
A_PB1	511	3	C	0	0	3	37.3333333333333
A_PB1	512	3	C	0	0	3	37.3333333333333
A_PB1	513	3	T	0	0	3	41
A_PB1	514	3	A	0	0	3	38
A_PB1	515	3	A	0	0	3	38.3333333333333
A_PB1	516	3	C	0	0	3	36
A_PB1	517	3	A	0	0	3	36
A_PB1	518	3	G	0	0	3	36.3333333333333
A_PB1	519	3	C	0	0	3	35
A_PB1	520	3	T	0	0	3	33.6666666666667
A_PB1	521	3	A	0	0	3	33.3333333333333
A_PB1	522	3	A	0	0	3	33
A_PB1	523	3	C	0	0	3	33
A_PB1	524	3	G	0	0	3	26.6666666666667
A_PB1	525	3	A	0	0	3	27.6666666666667
A_PB1	526	3	G	0	0	3	28.3333333333333
A_PB1	527	3	T	0	0	3	32.3333333333333
A_PB1	528	3	C	0	0	3	33.6666666666667
A_PB1	529	3	A	0	0	3	35.6666666666667
A_PB1	530	3	G	0	0	3	29
A_PB1	531	3	G	0	0	3	28
A_PB1	532	3	A	0	0	3	30.3333333333333
A_PB1	533	3	A	0	0	3	41.6666666666667
A_PB1	534	3	G	0	0	3	37
A_PB1	535	3	G	0	0	3	40
A_PB1	536	3	C	0	0	3	43.3333333333333
A_PB1	537	3	T	0	0	3	44.6666666666667
A_PB1	538	3	A	0	0	3	43.3333333333333
A_PB1	539	3	A	0	0	3	40.6666666666667
A_PB1	540	3	T	0	0	3	46.3333333333333
A_PB1	541	3	A	0	0	3	41
A_PB1	542	3	G	0	0	3	39
A_PB1	543	3	A	0	0	3	41.6666666666667
A_PB1	544	3	T	0	0	3	36
A_PB1	545	3	T	0	0	3	36
A_PB1	546	3	T	0	0	3	38.3333333333333
A_PB1	547	3	C	0	0	3	34.3333333333333
A_PB1	548	3	T	0	0	3	40
A_PB1	549	3	T	0	0	3	41.6666666666667
A_PB1	550	3	A	0	0	3	35
A_PB1	551	3	A	0	0	3	35.6666666666667
A_PB1	552	3	A	0	0	3	39.6666666666667
A_PB1	553	3	G	0	0	3	43.3333333333333
A_PB1	554	3	G	0	0	3	41.3333333333333
A_PB1	555	3	A	0	0	3	39.3333333333333
A_PB1	556	3	T	0	0	3	42.3333333333333
A_PB1	557	3	G	0	0	3	41
A_PB1	558	3	T	0	0	3	40.3333333333333
A_PB1	559	3	G	0	0	3	41
A_PB1	560	3	A	0	0	3	41.3333333333333
A_PB1	561	3	T	0	0	3	40.3333333333333
A_PB1	562	3	G	0	0	3	39.3333333333333
A_PB1	563	3	G	0	0	3	39.6666666666667
A_PB1	564	3	A	0	0	3	41.3333333333333
A_PB1	565	3	A	0	0	3	43
A_PB1	566	3	T	0	0	3	38
A_PB1	567	3	C	0	0	3	37.6666666666667
A_PB1	568	3	A	0	0	3	39.6666666666667
A_PB1	569	3	A	0	0	3	41.6666666666667
A_PB1	570	3	T	0	0	3	43.3333333333333
A_PB1	571	3	G	0	0	3	41
A_PB1	572	3	A	0	0	3	41
A_PB1	573	3	A	0	0	3	44.6666666666667
A_PB1	574	3	C	0	0	3	44
A_PB1	575	3	A	0	0	3	38
A_PB1	576	3	A	0	0	3	41
A_PB1	577	3	A	0	0	3	40
A_PB1	578	3	G	0	0	3	32.3333333333333
A_PB1	579	3	A	0	0	3	32.6666666666667
A_PB1	580	3	G	0	0	3	34.3333333333333
A_PB1	581	3	G	0	0	3	33.3333333333333
A_PB1	582	3	A	0	0	3	33.3333333333333
A_PB1	583	3	A	0	0	3	34.3333333333333
A_PB1	584	3	A	0	0	3	39
A_PB1	585	3	T	0	0	3	39.3333333333333
A_PB1	586	3	A	0	0	3	37.6666666666667
A_PB1	587	3	G	0	0	3	41.3333333333333
A_PB1	588	3	A	0	0	3	38
A_PB1	589	3	G	0	0	3	38
A_PB1	590	3	A	0	0	3	39.3333333333333
A_PB1	591	1	T	0	0	1	41
A_PB1	592	1	A	0	0	1	47
A_PB1	593	1	A	0	0	1	46
A_PB1	594	1	C	0	0	1	40
A_PB1	595	1	A	0	0	1	41
A_PB1	596	1	A	0	0	1	45
A_PB1	597	1	C	0	0	1	44
A_PB1	598	1	C	0	0	1	40
A_PB1	599	1	C	0	0	1	50
A_PB1	600	1	A	0	0	1	49
A_PB1	601	1	C	0	0	1	42
A_PB1	602	1	T	0	0	1	38
A_PB1	603	1	T	0	0	1	44
A_PB1	604	1	T	0	0	1	45
A_PB1	605	1	C	0	0	1	41
A_PB1	606	1	A	0	0	1	44
A_PB1	607	1	A	0	0	1	41
A_PB1	608	1	A	0	0	1	48
A_PB1	609	1	G	0	0	1	47
A_PB1	610	1	A	0	0	1	46
A_PB1	611	1	A	0	0	1	48
A_PB1	612	1	A	0	0	1	38
A_PB1	613	1	A	0	0	1	44
A_PB1	614	1	A	0	0	1	50
A_PB1	615	1	G	0	0	1	46
A_PB1	616	1	G	0	0	1	47
A_PB1	617	1	A	0	0	1	46
A_PB1	618	1	G	0	0	1	50
A_PB1	619	1	A	0	0	1	47
A_PB1	620	1	G	0	0	1	48
A_PB1	621	1	T	0	0	1	50
A_PB1	622	1	A	0	0	1	50
A_PB1	623	1	A	0	0	1	50
A_PB1	624	1	G	0	0	1	45
A_PB1	625	1	A	0	0	1	48
A_PB1	626	1	G	0	0	1	43
A_PB1	627	1	A	0	0	1	43
A_PB1	628	1	C	0	0	1	46
A_PB1	629	1	A	0	0	1	50
A_PB1	630	1	A	0	0	1	45
A_PB1	631	1	C	0	0	1	42
A_PB1	632	1	A	0	0	1	44
A_PB1	633	1	T	0	0	1	41
A_PB1	634	1	G	0	0	1	39
A_PB1	635	1	A	0	0	1	49
A_PB1	636	1	C	0	0	1	43
A_PB1	637	1	C	0	0	1	46
A_PB1	638	1	A	0	0	1	45
A_PB1	639	1	A	0	0	1	43
A_PB1	640	1	G	0	0	1	42
A_PB1	641	1	A	0	0	1	45
A_PB1	642	1	A	0	0	1	44
A_PB1	643	1	G	0	0	1	50
A_PB1	644	1	A	0	0	1	46
A_PB1	645	1	T	0	0	1	50
A_PB1	646	1	G	0	0	1	40
A_PB1	647	1	A	0	0	1	40
A_PB1	648	1	T	0	0	1	46
A_PB1	649	1	C	0	0	1	50
A_PB1	650	1	A	0	0	1	41
A_PB1	651	1	C	0	0	1	40
A_PB1	652	1	G	0	0	1	42
A_PB1	653	1	C	0	0	1	50
A_PB1	654	1	A	0	0	1	39
A_PB1	655	1	A	0	0	1	45
A_PB1	656	1	A	0	0	1	45
A_PB1	657	1	G	0	0	1	49
A_PB1	658	1	A	0	0	1	50
A_PB1	659	1	A	0	0	1	45
A_PB1	660	1	C	0	0	1	45
A_PB1	661	1	A	0	0	1	31
A_PB1	662	1	A	0	0	1	30
A_PB1	663	1	T	0	0	1	30
A_PB1	664	1	A	0	0	1	30
A_PB1	665	1	G	0	0	1	32
A_PB1	666	1	G	0	0	1	50
A_PB1	667	1	G	0	0	1	47
A_PB1	668	1	A	0	0	1	40
A_PB1	669	1	A	0	0	1	50
A_PB1	670	1	G	0	0	1	43
A_PB1	671	1	A	0	0	1	41
A_PB1	672	1	A	0	0	1	49
A_PB1	673	1	A	0	0	1	49
A_PB1	674	1	A	0	0	1	43
A_PB1	675	1	A	0	0	1	50
A_PB1	676	1	A	0	0	1	44
A_PB1	677	1	C	0	0	1	50
A_PB1	678	1	A	0	0	1	41
A_PB1	679	1	G	0	0	1	43
A_PB1	680	1	A	0	0	1	39
A_PB1	681	1	G	0	0	1	50
A_PB1	682	1	A	0	0	1	45
A_PB1	683	1	C	0	0	1	41
A_PB1	684	1	T	0	0	1	39
A_PB1	685	1	G	0	0	1	35
A_PB1	686	1	A	0	0	1	34
A_PB1	687	1	A	0	0	1	36
A_PB1	688	1	T	0	0	1	37
A_PB1	689	1	A	0	0	1	39
A_PB1	690	1	A	0	0	1	43
A_PB1	691	1	G	0	0	1	42
A_PB1	692	1	A	0	0	1	38
A_PB1	693	1	G	0	0	1	47
A_PB1	694	1	A	0	0	1	50
A_PB1	695	1	G	0	0	1	50
A_PB1	696	1	G	0	0	1	43
A_PB1	697	1	C	0	0	1	50
A_PB1	698	1	T	0	0	1	45
A_PB1	699	1	A	0	0	1	43
A_PB1	700	1	T	0	0	1	46
A_PB1	701	1	C	0	0	1	41
A_PB1	702	1	T	0	0	1	45
A_PB1	703	1	A	0	0	1	38
A_PB1	704	1	A	0	0	1	38
A_PB1	705	1	T	0	0	1	39
A_PB1	706	1	A	0	0	1	40
A_PB1	707	1	A	0	0	1	32
A_PB1	708	1	G	0	0	1	29
A_PB1	709	1	A	0	0	1	29
A_PB1	710	1	G	0	0	1	29
A_PB1	711	1	C	0	0	1	43
A_PB1	712	1	A	0	0	1	42
A_PB1	713	1	C	0	0	1	38
A_PB1	714	1	T	0	0	1	44
A_PB1	715	1	G	0	0	1	50
A_PB1	716	1	A	0	0	1	42
A_PB1	717	1	C	0	0	1	44
A_PB1	718	1	A	0	0	1	42
A_PB1	719	1	T	0	0	1	50
A_PB1	720	1	T	0	0	1	50
A_PB1	721	1	A	0	0	1	45
A_PB1	722	1	A	0	0	1	40
A_PB1	723	1	A	0	0	1	41
A_PB1	724	1	T	0	0	1	44
A_PB1	725	1	A	0	0	1	43
A_PB1	726	1	C	0	0	1	40
A_PB1	727	1	G	0	0	1	39
A_PB1	728	1	A	0	0	1	41
A_PB1	729	1	T	0	0	1	43
A_PB1	730	1	G	0	0	1	50
A_PB1	731	1	A	0	0	1	50
A_PB1	732	1	C	0	0	1	44
A_PB1	733	1	C	0	0	1	50
A_PB1	734	1	A	0	0	1	42
A_PB1	735	1	A	0	0	1	48
A_PB1	736	1	A	0	0	1	45
A_PB1	737	1	G	0	0	1	38
A_PB1	738	1	A	0	0	1	38
A_PB1	739	1	T	0	0	1	46
A_PB1	740	1	G	0	0	1	39
A_PB1	741	1	C	0	0	1	35
A_PB1	742	1	A	0	0	1	34
A_PB1	743	1	G	0	0	1	33
A_PB1	744	1	A	0	0	1	37
A_PB1	745	1	G	0	0	1	35
A_PB1	746	1	A	0	0	1	45
A_PB1	747	1	G	0	0	1	38
A_PB1	748	1	A	0	0	1	43
A_PB1	749	1	G	0	0	1	49
A_PB1	750	1	G	0	0	1	42
A_PB1	751	1	C	0	0	1	40
A_PB1	752	1	A	0	0	1	44
A_PB1	753	1	A	0	0	1	39
A_PB1	754	1	G	0	0	1	43
A_PB1	755	1	T	0	0	1	46
A_PB1	756	1	T	0	0	1	46
A_PB1	757	1	A	0	0	1	43
A_PB1	758	1	A	0	0	1	39
A_PB1	759	1	A	0	0	1	40
A_PB1	760	1	A	0	0	1	41
A_PB1	761	1	A	0	0	1	38
A_PB1	762	1	G	0	0	1	39
A_PB1	763	1	A	0	0	1	37
A_PB1	764	1	A	0	0	1	35
A_PB1	765	1	G	0	0	1	38
A_PB1	766	1	G	0	0	1	41
A_PB1	767	1	G	0	0	1	40
A_PB1	768	1	C	0	0	1	44
A_PB1	769	1	T	0	0	1	39
A_PB1	770	1	A	0	0	1	45
A_PB1	771	1	T	0	0	1	50
A_PB1	772	1	C	0	0	1	45
A_PB1	773	1	G	0	0	1	46
A_PB1	774	1	C	0	0	1	41
A_PB1	775	1	A	0	0	1	40
A_PB1	776	1	A	0	0	1	45
A_PB1	777	1	C	0	0	1	44
A_PB1	778	1	A	0	0	1	43
A_PB1	779	1	C	0	0	1	45
A_PB1	780	1	C	0	0	1	50
A_PB1	781	1	T	0	0	1	50
A_PB1	782	1	G	0	0	1	47
A_PB1	783	1	G	0	0	1	48
A_PB1	784	1	G	0	0	1	40
A_PB1	785	1	A	0	0	1	41
A_PB1	786	1	T	0	0	1	50
A_PB1	787	1	G	0	0	1	47
A_PB1	788	1	C	0	0	1	42
A_PB1	789	1	A	0	0	1	40
A_PB1	790	1	G	0	0	1	40
A_PB1	791	1	A	0	0	1	41
A_PB1	792	1	T	0	0	1	44
A_PB1	793	1	T	0	0	1	50
A_PB1	794	1	A	0	0	1	47
A_PB1	795	1	G	0	0	1	43
A_PB1	796	1	A	0	0	1	39
A_PB1	797	1	G	0	0	1	40
A_PB1	798	1	G	0	0	1	40
A_PB1	799	1	T	0	0	1	39
A_PB1	800	1	T	0	0	1	44
A_PB1	801	1	T	0	0	1	43
A_PB1	802	1	C	0	0	1	43
A_PB1	803	1	G	0	0	1	41
A_PB1	804	1	T	0	0	1	46
A_PB1	805	1	A	0	0	1	40
A_PB1	806	1	T	0	0	1	45
A_PB1	807	1	A	0	0	1	40
A_PB1	808	1	T	0	0	1	46
A_PB1	809	1	T	0	0	1	44
A_PB1	810	1	T	0	0	1	50
A_PB1	811	1	T	0	0	1	45
A_PB1	812	1	G	0	0	1	45
A_PB1	813	1	T	0	0	1	39
A_PB1	814	1	T	0	0	1	40
A_PB1	815	1	G	0	0	1	33
A_PB1	816	1	A	0	0	1	32
A_PB1	817	1	A	0	0	1	39
A_PB1	818	1	A	0	0	1	43
A_PB1	819	1	C	0	0	1	37
A_PB1	820	1	T	0	0	1	37
A_PB1	821	1	T	0	0	1	37
A_PB1	822	1	T	0	0	1	37
A_PB1	823	1	A	0	0	1	31
A_PB1	824	1	G	0	0	1	33
A_PB1	825	1	C	0	0	1	33
A_PB1	826	1	T	0	0	1	34
A_PB1	827	1	A	0	0	1	37
A_PB1	828	1	G	0	0	1	38
A_PB1	829	1	G	0	0	1	43
A_PB1	830	1	A	0	0	1	38
A_PB1	831	1	G	0	0	1	46
A_PB1	832	1	C	0	0	1	44
A_PB1	833	1	A	0	0	1	44
A_PB1	834	1	T	0	0	1	50
A_PB1	835	1	T	0	0	1	47
A_PB1	836	1	T	0	0	1	43
A_PB1	837	1	G	0	0	1	41
A_PB1	838	1	C	0	0	1	41
A_PB1	839	1	G	0	0	1	34
A_PB1	840	1	A	0	0	1	32
A_PB1	841	1	A	0	0	1	32
A_PB1	842	1	A	0	0	1	33
A_PB1	843	1	A	0	0	1	33
A_PB1	844	1	G	0	0	1	28
A_PB1	845	1	C	0	0	1	17
A_PB1	846	1	T	0	0	1	16
A_PB1	847	1	T	0	0	1	12
A_PB1	848	1	G	0	0	1	10
A_PB1	849	1	A	0	0	1	10
A_PB1	850	1	A	0	0	1	10
A_PB1	851	1	C	0	0	1	10
A_PB1	852	1	A	0	0	1	12
A_PB1	853	1	T	0	0	1	12
A_PB1	854	1	C	0	0	1	11
A_PB1	855	1	T	0	0	1	10
A_PB1	856	1	G	0	0	1	10
A_PB1	857	1	T	0	0	1	13
A_PB1	858	1	G	0	0	1	15
A_PB1	859	1	G	0	0	1	25
A_PB1	860	1	C	0	0	1	27
A_PB1	861	1	T	0	0	1	28
A_PB1	862	1	C	0	0	1	34
A_PB1	863	1	C	0	0	1	33
A_PB1	864	1	C	0	0	1	34
A_PB1	865	1	A	0	0	1	31
A_PB1	866	1	G	0	0	1	32
A_PB1	867	1	T	0	0	1	38
A_PB1	868	1	A	0	0	1	38
A_PB1	869	1	G	0	0	1	39
A_PB1	870	1	G	0	0	1	40
A_PB1	871	1	G	0	0	1	41
A_PB1	872	1	G	0	0	1	41
A_PB1	873	1	G	0	0	1	50
A_PB1	874	1	C	0	0	1	47
A_PB1	875	1	A	0	0	1	41
A_PB1	876	1	A	0	0	1	40
A_PB1	877	1	T	0	0	1	46
A_PB1	878	1	G	0	0	1	39
A_PB1	879	1	A	0	0	1	39
A_PB1	880	2	A	0	0	2	41.5
A_PB1	881	2	A	0	0	2	36.5
A_PB1	882	2	A	0	0	2	39.5
A_PB1	883	2	G	0	0	2	43
A_PB1	884	2	A	0	0	1	45
A_PB1	885	2	A	0	0	2	43.5
A_PB1	886	2	G	0	0	2	37
A_PB1	887	2	G	0	0	2	35
A_PB1	888	2	C	0	0	2	38.5
A_PB1	889	2	C	0	0	2	35
A_PB1	890	2	A	0	0	2	36
A_PB1	891	2	A	0	0	2	39.5
A_PB1	892	2	A	0	0	2	36
A_PB1	893	2	T	0	0	2	32.5
A_PB1	894	2	T	0	0	2	41
A_PB1	895	2	G	0	0	2	40.5
A_PB1	896	2	G	0	0	2	39.5
A_PB1	897	2	C	0	0	2	42
A_PB1	898	2	A	0	0	2	47
A_PB1	899	2	A	0	0	2	44
A_PB1	900	2	A	0	0	2	47
A_PB1	901	2	T	0	0	2	44.5
A_PB1	902	2	G	0	0	2	46.5
A_PB1	903	2	T	0	0	2	47.5
A_PB1	904	2	T	0	0	2	44
A_PB1	905	2	G	0	0	2	48.5
A_PB1	906	2	T	0	0	2	46
A_PB1	907	2	G	0	0	2	45
A_PB1	908	2	A	0	0	2	44.5
A_PB1	909	2	G	0	0	2	45.5
A_PB1	910	2	A	0	0	2	42.5
A_PB1	911	2	A	0	0	2	44.5
A_PB1	912	2	A	0	0	2	43
A_PB1	913	2	G	0	0	2	45.5
A_PB1	914	2	A	0	0	2	42.5
A_PB1	915	2	T	0	0	2	45
A_PB1	916	2	G	0	0	2	44.5
A_PB1	917	2	A	0	0	2	41
A_PB1	918	2	T	0	0	2	41.5
A_PB1	919	2	G	0	0	2	43
A_PB1	920	2	A	0	0	2	38.5
A_PB1	921	2	C	0	0	2	45
A_PB1	922	2	T	0	0	2	44
A_PB1	923	2	A	0	0	2	41.5
A_PB1	924	2	A	0	0	2	41.5
A_PB1	925	2	T	0	0	2	46
A_PB1	926	2	T	0	0	2	40.5
A_PB1	927	2	C	0	0	2	44.5
A_PB1	928	2	A	0	0	2	42.5
A_PB1	929	2	C	0	0	2	43.5
A_PB1	930	2	A	0	0	2	39.5
A_PB1	931	2	A	0	0	2	39.5
A_PB1	932	2	G	0	0	2	38.5
A_PB1	933	2	A	0	0	2	42
A_PB1	934	2	T	0	0	2	39
A_PB1	935	2	A	0	0	2	38
A_PB1	936	2	C	0	0	2	39
A_PB1	937	2	A	0	0	2	24.5
A_PB1	938	2	G	0	0	2	23
A_PB1	939	2	A	0	0	2	23.5
A_PB1	940	2	G	0	0	2	24.5
A_PB1	941	2	A	0	0	2	25.5
A_PB1	942	2	T	0	0	2	23.5
A_PB1	943	2	T	0	0	2	28.5
A_PB1	944	2	T	0	0	2	27.5
A_PB1	945	2	C	0	0	2	22
A_PB1	946	2	T	0	0	2	22
A_PB1	947	2	T	0	0	2	26.5
A_PB1	948	2	T	0	0	2	27
A_PB1	949	2	C	0	0	2	27
A_PB1	950	2	A	0	0	2	35
A_PB1	951	2	C	0	0	2	37.5
A_PB1	952	2	A	0	0	2	38.5
A_PB1	953	2	A	0	0	2	43.5
A_PB1	954	2	T	0	0	2	39.5
A_PB1	955	2	C	0	0	2	38
A_PB1	956	2	A	0	0	2	37
A_PB1	957	2	C	0	0	2	39
A_PB1	958	2	T	0	0	2	31.5
A_PB1	959	2	G	0	0	2	22.5
A_PB1	960	2	G	0	0	2	22.5
A_PB1	961	2	G	0	0	2	22.5
A_PB1	962	2	G	0	0	2	21
A_PB1	963	2	A	0	0	2	21.5
A_PB1	964	2	C	0	0	2	18.5
A_PB1	965	2	A	0	0	2	18
A_PB1	966	2	A	0	0	2	17.5
A_PB1	967	2	C	0	0	2	17.5
A_PB1	968	2	A	0	0	2	18
A_PB1	969	2	C	0	0	2	26
A_PB1	970	2	T	0	0	2	25.5
A_PB1	971	2	A	0	0	2	26.5
A_PB1	972	2	A	0	0	2	24
A_PB1	973	2	A	0	0	2	27.5
A_PB1	974	2	T	0	0	2	29
A_PB1	975	2	G	0	0	2	36
A_PB1	976	2	G	0	0	2	36
A_PB1	977	2	A	0	0	2	39
A_PB1	978	2	A	0	0	2	39
A_PB1	979	2	T	0	0	2	38.5
A_PB1	980	2	G	0	0	2	44
A_PB1	981	2	A	0	0	2	43
A_PB1	982	2	G	0	0	2	36.5
A_PB1	983	2	A	0	0	2	38
A_PB1	984	2	A	0	0	2	36.5
A_PB1	985	2	C	0	0	2	34
A_PB1	986	2	C	0	0	2	34.5
A_PB1	987	2	A	0	0	2	37.5
A_PB1	988	2	A	0	0	2	38
A_PB1	989	2	A	0	0	2	40
A_PB1	990	2	A	0	0	2	42
A_PB1	991	2	T	0	0	2	40
A_PB1	992	2	C	0	0	2	41
A_PB1	993	2	C	0	0	2	39.5
A_PB1	994	2	T	0	0	2	38.5
A_PB1	995	2	C	0	0	2	33
A_PB1	996	1	G	1	0	1	34
A_PB1	997	2	A	0	0	2	29
A_PB1	998	2	A	0	0	2	27
A_PB1	999	2	T	0	0	2	26.5
A_PB1	1000	2	G	0	0	2	26
A_PB1	1001	2	T	0	0	2	34.5
A_PB1	1002	2	T	0	0	2	30.5
A_PB1	1003	2	C	0	0	2	29
A_PB1	1004	2	C	0	0	2	25.5
A_PB1	1005	2	T	0	0	2	25
A_PB1	1006	2	T	0	0	2	24.5
A_PB1	1007	2	G	0	0	2	22
A_PB1	1008	2	C	0	0	2	22
A_PB1	1009	2	G	0	0	2	25.5
A_PB1	1010	2	A	0	0	2	26.5
A_PB1	1011	2	T	0	0	2	33.5
A_PB1	1012	2	G	0	0	2	34
A_PB1	1013	2	A	0	0	2	38.5
A_PB1	1014	2	T	0	0	2	35.5
A_PB1	1015	2	T	0	0	2	41.5
A_PB1	1016	2	A	0	0	2	36
A_PB1	1017	2	C	0	0	2	36
A_PB1	1018	2	A	0	0	2	34.5
A_PB1	1019	2	T	0	0	2	37
A_PB1	1020	2	A	0	0	2	38
A_PB1	1021	2	T	0	0	2	38.5
A_PB1	1022	2	A	0	0	2	41.5
A_PB1	1023	2	T	0	0	2	36.5
A_PB1	1024	2	C	0	0	2	41
A_PB1	1025	2	A	0	0	2	44.5
A_PB1	1026	2	C	0	0	2	40
A_PB1	1027	2	C	0	0	2	36.5
A_PB1	1028	2	A	0	0	2	29
A_PB1	1029	2	G	0	0	2	29
A_PB1	1030	2	A	0	0	2	23.5
A_PB1	1031	2	A	0	0	2	30.5
A_PB1	1032	2	A	0	0	2	30
A_PB1	1033	2	T	0	0	2	28.5
A_PB1	1034	2	C	0	0	2	30
A_PB1	1035	2	A	0	0	2	31.5
A_PB1	1036	2	A	0	0	2	31
A_PB1	1037	2	C	0	0	2	31
A_PB1	1038	2	C	0	0	2	34.5
A_PB1	1039	2	C	0	0	2	36.5
A_PB1	1040	2	G	0	0	2	31
A_PB1	1041	2	A	0	0	2	30.5
A_PB1	1042	2	G	0	0	2	31
A_PB1	1043	2	T	0	0	2	30.5
A_PB1	1044	2	G	0	0	2	31.5
A_PB1	1045	2	G	0	0	2	36
A_PB1	1046	2	T	0	0	2	35
A_PB1	1047	2	T	0	0	2	36.5
A_PB1	1048	2	T	0	0	2	38.5
A_PB1	1049	2	A	0	0	2	32.5
A_PB1	1050	2	G	0	0	2	32.5
A_PB1	1051	1	A	1	0	1	38
A_PB1	1052	2	A	0	0	2	35.5
A_PB1	1053	2	A	0	0	2	34.5
A_PB1	1054	2	A	0	0	2	37
A_PB1	1055	2	C	0	0	2	39.5
A_PB1	1056	2	A	0	0	2	40.5
A_PB1	1057	2	T	0	0	2	40.5
A_PB1	1058	2	C	0	0	2	39.5
A_PB1	1059	2	C	0	0	2	41.5
A_PB1	1060	2	T	0	0	2	40
A_PB1	1061	2	G	0	0	2	35.5
A_PB1	1062	2	A	0	0	2	36.5
A_PB1	1063	2	G	0	0	2	41
A_PB1	1064	2	C	0	0	2	41.5
A_PB1	1065	2	A	0	0	2	38.5
A_PB1	1066	2	T	0	0	2	43
A_PB1	1067	2	G	0	0	2	46
A_PB1	1068	2	G	0	0	2	40
A_PB1	1069	2	C	0	0	2	42
A_PB1	1070	2	A	0	0	2	45.5
A_PB1	1071	2	C	0	0	2	41.5
A_PB1	1072	2	C	0	0	2	46
A_PB1	1073	2	C	0	0	2	39
A_PB1	1074	2	A	0	0	2	42
A_PB1	1075	2	T	0	0	2	43.5
A_PB1	1076	2	A	0	0	2	39.5
A_PB1	1077	2	A	0	0	2	41
A_PB1	1078	2	T	0	0	2	41.5
A_PB1	1079	2	G	0	0	2	44
A_PB1	1080	2	T	0	0	2	44.5
A_PB1	1081	2	T	0	0	2	42.5
A_PB1	1082	2	C	0	0	2	41
A_PB1	1083	2	T	0	0	2	44.5
A_PB1	1084	2	C	0	0	2	42
A_PB1	1085	2	A	0	0	2	39.5
A_PB1	1086	2	A	0	0	2	45
A_PB1	1087	2	A	0	0	2	45.5
A_PB1	1088	2	T	0	0	2	43
A_PB1	1089	2	A	0	0	2	41.5
A_PB1	1090	2	A	0	0	2	46
A_PB1	1091	2	A	0	0	2	37
A_PB1	1092	2	A	0	0	2	42
A_PB1	1093	2	T	0	0	2	39
A_PB1	1094	2	G	0	0	2	37
A_PB1	1095	2	G	0	0	2	40
A_PB1	1096	2	C	0	0	2	45.5
A_PB1	1097	2	A	0	0	2	39
A_PB1	1098	2	A	0	0	2	38.5
A_PB1	1099	2	G	0	0	2	34
A_PB1	1100	2	A	0	0	2	33
A_PB1	1101	2	C	0	0	2	32
A_PB1	1102	2	T	0	0	2	33.5
A_PB1	1103	2	A	0	0	2	32.5
A_PB1	1104	2	G	0	0	2	33
A_PB1	1105	2	G	0	0	2	32
A_PB1	1106	2	G	0	0	2	31.5
A_PB1	1107	2	A	0	0	2	30.5
A_PB1	1108	2	A	0	0	2	30.5
A_PB1	1109	2	A	0	0	2	28
A_PB1	1110	2	G	0	0	2	29
A_PB1	1111	2	G	0	0	2	32
A_PB1	1112	2	G	0	0	2	30.5
A_PB1	1113	2	T	0	0	2	34
A_PB1	1114	2	A	0	0	2	32.5
A_PB1	1115	2	C	0	0	2	38
A_PB1	1116	2	A	0	0	2	38
A_PB1	1117	2	T	0	0	2	45.5
A_PB1	1118	2	G	0	0	2	43.5
A_PB1	1119	2	T	0	0	2	44.5
A_PB1	1120	2	T	0	0	1	44
A_PB1	1121	2	C	0	0	1	43
A_PB1	1122	2	G	0	0	2	34.5
A_PB1	1123	2	A	0	0	2	29
A_PB1	1124	2	G	0	0	2	30.5
A_PB1	1125	2	A	0	0	2	31.5
A_PB1	1126	2	G	0	0	2	37.5
A_PB1	1127	1	T	1	0	1	39
A_PB1	1128	2	T	0	0	2	32.5
A_PB1	1129	2	A	0	0	2	31
A_PB1	1130	2	A	0	0	2	31.5
A_PB1	1131	2	A	0	0	2	35.5
A_PB1	1132	2	A	0	0	2	44.5
A_PB1	1133	2	G	0	0	2	49.5
A_PB1	1134	2	A	0	0	2	43.5
A_PB1	1135	2	A	0	0	2	48
A_PB1	1136	2	T	0	0	2	49.5
A_PB1	1137	2	G	0	0	2	43
A_PB1	1138	2	A	0	0	2	45.5
A_PB1	1139	2	A	0	0	2	41
A_PB1	1140	2	G	0	0	2	38.5
A_PB1	1141	2	A	0	0	2	39
A_PB1	1142	2	T	0	0	2	38
A_PB1	1143	2	T	0	0	2	38
A_PB1	1144	2	C	0	0	2	40.5
A_PB1	1145	2	G	0	0	2	40.5
A_PB1	1146	2	A	0	0	2	43.5
A_PB1	1147	2	A	0	0	2	41.5
A_PB1	1148	2	C	0	0	2	43.5
A_PB1	1149	2	A	0	0	2	46
A_PB1	1150	2	C	0	0	2	47.5
A_PB1	1151	2	A	0	0	2	46.5
A_PB1	1152	2	A	0	0	2	46
A_PB1	1153	2	A	0	0	2	46
A_PB1	1154	2	T	0	0	2	40.5
A_PB1	1155	2	A	0	0	2	44.5
A_PB1	1156	2	C	0	0	2	45
A_PB1	1157	2	C	0	0	2	41.5
A_PB1	1158	2	A	0	0	2	49
A_PB1	1159	2	G	0	0	2	47
A_PB1	1160	2	C	0	0	2	41.5
A_PB1	1161	2	A	0	0	2	45
A_PB1	1162	2	G	0	0	2	42.5
A_PB1	1163	2	A	0	0	2	42
A_PB1	1164	2	A	0	0	2	42.5
A_PB1	1165	2	A	0	0	2	42.5
A_PB1	1166	2	T	0	0	2	39
A_PB1	1167	2	G	0	0	2	40.5
A_PB1	1168	2	C	0	0	2	42
A_PB1	1169	2	T	0	0	2	43
A_PB1	1170	2	G	0	0	2	43.5
A_PB1	1171	2	G	0	0	2	36.5
A_PB1	1172	2	C	0	0	2	42.5
A_PB1	1173	2	A	0	0	2	40
A_PB1	1174	2	A	0	0	2	41
A_PB1	1175	2	G	0	0	2	40.5
A_PB1	1176	2	C	0	0	2	41.5
A_PB1	1177	2	A	0	0	2	36.5
A_PB1	1178	2	T	0	0	2	38
A_PB1	1179	2	T	0	0	2	37
A_PB1	1180	2	G	0	0	2	36
A_PB1	1181	2	A	0	0	2	39
A_PB1	1182	2	T	0	0	2	41.5
A_PB1	1183	2	C	0	0	2	41
A_PB1	1184	2	T	0	0	2	41.5
A_PB1	1185	2	A	0	0	2	41.5
A_PB1	1186	2	A	0	0	2	44.5
A_PB1	1187	2	A	0	0	2	45
A_PB1	1188	2	G	0	0	2	38.5
A_PB1	1189	2	T	0	0	2	35.5
A_PB1	1190	2	A	0	0	2	34
A_PB1	1191	2	T	0	0	2	34.5
A_PB1	1192	2	T	0	0	2	34.5
A_PB1	1193	2	T	0	0	2	34.5
A_PB1	1194	2	C	0	0	2	27
A_PB1	1195	2	A	0	0	2	27
A_PB1	1196	2	A	0	0	2	27
A_PB1	1197	2	T	0	0	2	27.5
A_PB1	1198	2	G	0	0	2	33.5
A_PB1	1199	2	A	0	0	2	40
A_PB1	1200	2	A	0	0	2	40.5
A_PB1	1201	2	T	0	0	2	42
A_PB1	1202	2	C	0	0	2	39
A_PB1	1203	7	A	0	0	7	35.7142857142857
A_PB1	1204	7	A	0	0	7	35.8571428571429
A_PB1	1205	7	C	0	0	7	37.7142857142857
A_PB1	1206	7	A	0	0	7	34.5714285714286
A_PB1	1207	7	A	0	0	7	35.1428571428571
A_PB1	1208	7	G	0	0	7	39.5714285714286
A_PB1	1209	7	G	0	0	7	39.5714285714286
A_PB1	1210	7	A	0	0	7	41.1428571428571
A_PB1	1211	7	A	0	0	7	43.1428571428571
A_PB1	1212	7	G	0	0	7	40.8571428571429
A_PB1	1213	7	A	0	0	7	42.1428571428571
A_PB1	1214	7	A	0	0	7	40.5714285714286
A_PB1	1215	7	A	0	0	7	46
A_PB1	1216	7	A	0	0	7	45.1428571428571
A_PB1	1217	7	T	0	0	7	44.5714285714286
A_PB1	1218	7	T	0	0	7	46.2857142857143
A_PB1	1219	7	G	0	0	7	40.1428571428571
A_PB1	1220	7	A	0	0	7	42.2857142857143
A_PB1	1221	7	G	0	0	7	40.5714285714286
A_PB1	1222	6	A	1	0	6	41.5
A_PB1	1223	7	A	0	0	7	42.2857142857143
A_PB1	1224	7	G	0	0	7	42.4285714285714
A_PB1	1225	7	A	0	0	7	41.5714285714286
A_PB1	1226	7	T	0	0	7	41.8571428571429
A_PB1	1227	7	A	0	0	7	39
A_PB1	1228	7	A	0	0	7	40.5714285714286
A_PB1	1229	7	G	0	0	7	36.4285714285714
A_PB1	1230	7	G	0	0	7	34.2857142857143
A_PB1	1231	7	C	0	0	7	37.2857142857143
A_PB1	1232	7	C	0	0	7	37.2857142857143
A_PB1	1233	7	T	0	0	7	40.2857142857143
A_PB1	1234	7	C	0	0	6	39.6666666666667
A_PB1	1235	7	T	0	0	6	38.5
A_PB1	1236	7	T	0	0	7	34
A_PB1	1237	7	T	0	0	7	34.4285714285714
A_PB1	1238	7	T	0	0	7	37.5714285714286
A_PB1	1239	7	A	0	0	7	36.5714285714286
A_PB1	1240	7	A	0	0	7	40.7142857142857
A_PB1	1241	7	T	0	0	7	39
A_PB1	1242	7	T	0	0	7	39.5714285714286
A_PB1	1243	7	G	0	0	7	45.2857142857143
A_PB1	1244	7	A	0	0	7	42.1428571428571
A_PB1	1245	7	T	0	0	7	43.2857142857143
A_PB1	1246	7	G	0	0	7	44.4285714285714
A_PB1	1247	7	G	0	0	7	45.1428571428571
A_PB1	1248	7	C	0	0	7	46.4285714285714
A_PB1	1249	7	A	0	0	7	44.2857142857143
A_PB1	1250	7	C	0	0	7	46.1428571428571
A_PB1	1251	7	A	0	0	7	43.1428571428571
A_PB1	1252	7	G	0	0	7	46.7142857142857
A_PB1	1253	7	C	0	0	7	45.1428571428571
A_PB1	1254	7	A	0	0	7	42.5714285714286
A_PB1	1255	7	T	0	0	7	44.2857142857143
A_PB1	1256	7	C	0	0	7	45
A_PB1	1257	7	A	0	0	7	47.5714285714286
A_PB1	1258	7	C	0	0	7	44
A_PB1	1259	7	T	0	0	7	44.2857142857143
A_PB1	1260	7	G	0	0	7	38.8571428571429
A_PB1	1261	7	A	0	0	7	37.1428571428571
A_PB1	1262	7	G	0	0	7	36.5714285714286
A_PB1	1263	7	T	0	0	7	36.1428571428571
A_PB1	1264	7	C	0	0	7	37.1428571428571
A_PB1	1265	7	C	0	0	7	38.8571428571429
A_PB1	1266	7	T	0	0	7	42.2857142857143
A_PB1	1267	7	G	0	0	7	39.8571428571429
A_PB1	1268	7	G	0	0	7	45
A_PB1	1269	7	G	0	0	7	41.8571428571429
A_PB1	1270	7	A	0	0	7	40.7142857142857
A_PB1	1271	7	T	0	0	7	40
A_PB1	1272	7	G	0	0	7	40.4285714285714
A_PB1	1273	7	A	0	0	7	39.1428571428571
A_PB1	1274	7	T	0	0	7	37.7142857142857
A_PB1	1275	7	G	0	0	7	36.8571428571429
A_PB1	1276	7	A	0	0	7	36.5714285714286
A_PB1	1277	7	T	0	0	7	37.8571428571429
A_PB1	1278	7	G	0	0	7	35.7142857142857
A_PB1	1279	7	G	0	0	7	37.7142857142857
A_PB1	1280	7	G	0	0	7	37
A_PB1	1281	7	C	0	0	7	38.2857142857143
A_PB1	1282	7	A	0	0	7	35.8571428571429
A_PB1	1283	7	T	0	0	7	35.8571428571429
A_PB1	1284	7	G	0	0	7	36
A_PB1	1285	7	T	0	0	7	37.7142857142857
A_PB1	1286	7	T	0	0	7	36.5714285714286
A_PB1	1287	7	C	0	0	7	36.5714285714286
A_PB1	1288	7	A	0	0	7	41.1428571428571
A_PB1	1289	7	A	0	0	7	42.2857142857143
A_PB1	1290	7	C	0	0	7	42.7142857142857
A_PB1	1291	7	A	0	0	7	43.1428571428571
A_PB1	1292	7	T	0	0	7	45
A_PB1	1293	7	G	0	0	7	41.7142857142857
A_PB1	1294	7	C	0	0	7	46.4285714285714
A_PB1	1295	7	T	0	0	7	43.5714285714286
A_PB1	1296	7	A	0	0	7	43.7142857142857
A_PB1	1297	7	A	0	0	7	45.7142857142857
A_PB1	1298	7	G	0	0	7	44.8571428571429
A_PB1	1299	7	T	0	0	7	44.7142857142857
A_PB1	1300	7	A	0	0	7	44.8571428571429
A_PB1	1301	7	C	0	0	7	44.4285714285714
A_PB1	1302	7	G	0	0	7	44
A_PB1	1303	7	G	0	0	7	44.5714285714286
A_PB1	1304	7	T	0	0	7	42.7142857142857
A_PB1	1305	7	A	0	0	7	40.7142857142857
A_PB1	1306	7	T	0	0	7	43.1428571428571
A_PB1	1307	7	T	0	0	7	42.2857142857143
A_PB1	1308	7	G	0	0	7	41.1428571428571
A_PB1	1309	7	G	0	0	7	43.4285714285714
A_PB1	1310	7	G	0	0	7	39.4285714285714
A_PB1	1311	7	A	0	0	7	36.1428571428571
A_PB1	1312	7	G	0	0	7	37.7142857142857
A_PB1	1313	7	T	0	0	7	41.5714285714286
A_PB1	1314	7	C	0	0	7	38.1428571428571
A_PB1	1315	7	T	0	0	6	39.3333333333333
A_PB1	1316	7	C	0	0	7	37.5714285714286
A_PB1	1317	7	G	0	0	6	39.8333333333333
A_PB1	1318	7	A	0	0	7	39.4285714285714
A_PB1	1319	7	T	0	0	7	41
A_PB1	1320	6	A	1	0	6	40.1666666666667
A_PB1	1321	7	C	0	0	7	42.5714285714286
A_PB1	1322	7	T	0	0	7	41.2857142857143
A_PB1	1323	6	G	1	0	6	37.3333333333333
A_PB1	1324	7	A	0	0	7	38.4285714285714
A_PB1	1325	7	A	0	0	7	39.7142857142857
A_PB1	1326	7	T	0	0	7	42.4285714285714
A_PB1	1327	7	C	0	0	7	42.1428571428571
A_PB1	1328	7	T	0	0	7	42
A_PB1	1329	7	T	0	0	7	39.7142857142857
A_PB1	1330	7	G	0	0	7	36.5714285714286
A_PB1	1331	7	G	0	0	7	35.7142857142857
A_PB1	1332	7	A	0	0	7	33.2857142857143
A_PB1	1333	7	C	0	0	7	35.5714285714286
A_PB1	1334	7	A	0	0	7	30.4285714285714
A_PB1	1335	7	A	0	0	7	30.5714285714286
A_PB1	1336	7	A	0	0	7	31
A_PB1	1337	7	A	0	0	7	33.5714285714286
A_PB1	1338	7	G	0	0	7	35.1428571428571
A_PB1	1339	7	A	0	0	7	38
A_PB1	1340	7	A	0	0	7	38.5714285714286
A_PB1	1341	7	A	0	0	7	38.4285714285714
A_PB1	1342	7	T	0	0	7	36.1428571428571
A_PB1	1343	7	A	0	0	7	36
A_PB1	1344	7	C	0	0	7	38.8571428571429
A_PB1	1345	7	A	0	0	7	38.2857142857143
A_PB1	1346	7	C	0	0	7	37.7142857142857
A_PB1	1347	7	C	0	0	7	40.8571428571429
A_PB1	1348	7	A	0	0	7	39
A_PB1	1349	7	A	0	0	7	39.4285714285714
A_PB1	1350	7	A	0	0	7	38.8571428571429
A_PB1	1351	7	A	0	0	7	40.4285714285714
A_PB1	1352	7	C	0	0	7	42.4285714285714
A_PB1	1353	7	A	0	0	7	42.2857142857143
A_PB1	1354	7	A	0	0	7	43.5714285714286
A_PB1	1355	7	C	0	0	7	43.4285714285714
A_PB1	1356	7	A	0	0	7	43.2857142857143
A_PB1	1357	7	T	0	0	7	42.2857142857143
A_PB1	1358	7	A	0	0	7	43.4285714285714
A_PB1	1359	7	C	0	0	7	40.4285714285714
A_PB1	1360	7	T	0	0	7	43.5714285714286
A_PB1	1361	7	G	0	0	7	45
A_PB1	1362	7	G	0	0	7	45.2857142857143
A_PB1	1363	7	T	0	0	7	43.2857142857143
A_PB1	1364	7	G	0	0	7	44.4285714285714
A_PB1	1365	7	G	0	0	7	46
A_PB1	1366	7	G	0	0	7	45.4285714285714
A_PB1	1367	7	A	0	0	7	43
A_PB1	1368	7	T	0	0	7	43.5714285714286
A_PB1	1369	7	G	0	0	7	45.1428571428571
A_PB1	1370	7	G	0	0	7	49.2857142857143
A_PB1	1371	7	G	0	0	7	44.7142857142857
A_PB1	1372	7	C	0	0	7	45.5714285714286
A_PB1	1373	7	T	0	0	7	43.7142857142857
A_PB1	1374	7	C	0	0	7	40.2857142857143
A_PB1	1375	7	C	0	0	7	39.2857142857143
A_PB1	1376	7	A	0	0	7	39.8571428571429
A_PB1	1377	7	A	0	0	7	39.1428571428571
A_PB1	1378	7	T	0	0	7	38.7142857142857
A_PB1	1379	7	C	0	0	7	39.4285714285714
A_PB1	1380	7	A	0	0	7	40
A_PB1	1381	7	T	0	0	7	43.2857142857143
A_PB1	1382	7	C	0	0	7	40.4285714285714
A_PB1	1383	7	C	0	0	7	41
A_PB1	1384	7	G	0	0	7	42.4285714285714
A_PB1	1385	7	A	0	0	7	39.7142857142857
A_PB1	1386	7	C	0	0	7	41.4285714285714
A_PB1	1387	7	G	0	0	7	44.2857142857143
A_PB1	1388	7	A	0	0	7	40.8571428571429
A_PB1	1389	7	T	0	0	7	43.7142857142857
A_PB1	1390	7	T	0	0	7	42.1428571428571
A_PB1	1391	7	T	0	0	7	41.8571428571429
A_PB1	1392	7	T	0	0	7	44.2857142857143
A_PB1	1393	7	G	0	0	7	42.5714285714286
A_PB1	1394	7	C	0	0	7	42.7142857142857
A_PB1	1395	7	T	0	0	7	45.7142857142857
A_PB1	1396	7	C	0	0	7	42.4285714285714
A_PB1	1397	7	T	0	0	7	42.4285714285714
A_PB1	1398	7	C	0	0	7	38.1428571428571
A_PB1	1399	7	A	0	0	7	37.5714285714286
A_PB1	1400	7	T	0	0	7	41.5714285714286
A_PB1	1401	7	A	0	0	7	37.7142857142857
A_PB1	1402	7	G	0	0	7	36
A_PB1	1403	7	T	0	0	7	34.2857142857143
A_PB1	1404	7	G	0	0	7	36.7142857142857
A_PB1	1405	7	A	0	0	7	38.4285714285714
A_PB1	1406	7	A	0	0	7	40.7142857142857
A_PB1	1407	7	T	0	0	7	39
A_PB1	1408	7	G	0	0	7	40
A_PB1	1409	7	C	0	0	7	37.8571428571429
A_PB1	1410	7	A	0	0	7	41.1428571428571
A_PB1	1411	7	C	0	0	7	40.7142857142857
A_PB1	1412	7	C	0	0	7	43.2857142857143
A_PB1	1413	7	A	0	0	7	43.7142857142857
A_PB1	1414	7	A	0	0	7	44.2857142857143
A_PB1	1415	7	A	0	0	7	42.2857142857143
A_PB1	1416	7	C	0	0	7	43.1428571428571
A_PB1	1417	7	C	0	0	7	42.1428571428571
A_PB1	1418	7	A	0	0	7	41.1428571428571
A_PB1	1419	7	T	0	0	7	47.7142857142857
A_PB1	1420	7	G	0	0	7	39.4285714285714
A_PB1	1421	7	A	0	0	7	45.4285714285714
A_PB1	1422	7	A	0	0	7	45.1428571428571
A_PB1	1423	7	G	0	0	7	44.4285714285714
A_PB1	1424	7	G	0	0	7	44.5714285714286
A_PB1	1425	7	A	0	0	7	45.2857142857143
A_PB1	1426	7	A	0	0	7	44
A_PB1	1427	7	T	0	0	7	47.1428571428571
A_PB1	1428	7	A	0	0	7	46.4285714285714
A_PB1	1429	7	C	0	0	7	45.2857142857143
A_PB1	1430	22	A	0	0	22	40.6818181818182
A_PB1	1431	22	A	0	0	22	40.1363636363636
A_PB1	1432	22	G	0	0	22	40.7727272727273
A_PB1	1433	23	C	0	0	23	37.1739130434783
A_PB1	1434	23	A	0	0	23	36.6521739130435
A_PB1	1435	24	G	0	0	24	36.9583333333333
A_PB1	1436	24	G	0	0	24	36.5416666666667
A_PB1	1437	24	A	0	0	24	36.2083333333333
A_PB1	1438	24	G	0	0	24	36.875
A_PB1	1439	24	T	0	0	24	37.9166666666667
A_PB1	1440	24	G	0	0	24	35.75
A_PB1	1441	23	G	1	0	23	37.304347826087
A_PB1	1442	23	A	1	0	23	36.3913043478261
A_PB1	1443	24	C	0	0	24	35.375
A_PB1	1444	24	A	0	0	24	34.4583333333333
A_PB1	1445	24	G	0	0	24	35.6666666666667
A_PB1	1446	24	A	0	0	24	35.375
A_PB1	1447	24	T	0	0	24	34.5416666666667
A_PB1	1448	24	T	0	0	24	34.0833333333333
A_PB1	1449	24	C	0	0	24	31.7083333333333
A_PB1	1450	24	T	0	0	24	32
A_PB1	1451	24	A	0	0	24	33.9166666666667
A_PB1	1452	24	C	0	0	24	35.7083333333333
A_PB1	1453	24	A	0	0	24	35.5
A_PB1	1454	24	G	0	0	24	37.4583333333333
A_PB1	1455	24	G	0	0	24	37.7916666666667
A_PB1	1456	24	A	0	0	24	40.2083333333333
A_PB1	1457	24	C	0	0	24	39.5416666666667
A_PB1	1458	24	C	0	0	24	39.875
A_PB1	1459	25	T	0	0	25	40.84
A_PB1	1460	25	G	0	0	25	39.28
A_PB1	1461	25	C	0	0	25	39.92
A_PB1	1462	25	A	0	0	25	39.92
A_PB1	1463	25	A	0	0	25	41.48
A_PB1	1464	25	A	0	0	25	40.88
A_PB1	1465	25	T	0	0	25	42
A_PB1	1466	25	T	0	0	25	42.16
A_PB1	1467	25	A	0	0	25	39.24
A_PB1	1468	25	G	0	0	25	39.28
A_PB1	1469	25	T	0	0	25	38.92
A_PB1	1470	25	G	0	0	25	38.4
A_PB1	1471	25	G	0	0	25	40.2
A_PB1	1472	25	G	0	0	24	40.5416666666667
A_PB1	1473	25	A	0	0	24	41.7916666666667
A_PB1	1474	25	A	0	0	25	41.96
A_PB1	1475	25	T	0	0	25	43.2
A_PB1	1476	24	C	1	0	24	42.5416666666667
A_PB1	1477	25	A	0	0	24	42.5833333333333
A_PB1	1478	25	A	0	0	25	42.48
A_PB1	1479	25	C	0	0	25	42.48
A_PB1	1480	25	A	0	0	25	41.92
A_PB1	1481	25	T	0	0	25	41.84
A_PB1	1482	25	G	0	0	24	39.7083333333333
A_PB1	1483	25	A	0	0	24	40.625
A_PB1	1484	25	G	0	0	25	39.32
A_PB1	1485	25	C	0	0	25	39
A_PB1	1486	24	A	1	0	24	38.9583333333333
A_PB1	1487	26	A	0	0	26	38.0769230769231
A_PB1	1488	26	A	0	0	26	38.1153846153846
A_PB1	1489	26	A	0	0	26	39.6153846153846
A_PB1	1490	26	A	0	0	26	41.7692307692308
A_PB1	1491	26	G	0	0	25	40.52
A_PB1	1492	26	A	0	0	26	40.5
A_PB1	1493	26	A	0	0	26	42.0769230769231
A_PB1	1494	26	G	0	0	26	42.7307692307692
A_PB1	1495	26	T	0	0	26	41.8076923076923
A_PB1	1496	25	C	1	0	25	40.92
A_PB1	1497	26	C	0	0	26	39.4615384615385
A_PB1	1498	26	T	0	0	26	39.1153846153846
A_PB1	1499	26	A	0	0	26	38.8846153846154
A_PB1	1500	26	T	0	0	26	40.0769230769231
A_PB1	1501	26	A	0	0	26	41.0769230769231
A_PB1	1502	26	T	0	0	25	40.76
A_PB1	1503	26	A	0	0	26	39.3461538461538
A_PB1	1504	26	A	0	0	26	41.5384615384615
A_PB1	1505	26	A	0	0	26	43.3846153846154
A_PB1	1506	26	T	0	0	26	42.3461538461538
A_PB1	1507	26	A	0	0	26	43.6538461538462
A_PB1	1508	26	A	0	0	26	44.5769230769231
A_PB1	1509	26	G	0	0	26	43.9615384615385
A_PB1	1510	26	A	0	0	26	42.5769230769231
A_PB1	1511	26	C	0	0	26	41.5384615384615
A_PB1	1512	26	A	0	0	26	39.6923076923077
A_PB1	1513	26	G	0	0	26	39.3076923076923
A_PB1	1514	26	G	0	0	25	38.76
A_PB1	1515	26	G	0	0	26	39.1538461538462
A_PB1	1516	26	A	0	0	25	38.24
A_PB1	1517	26	C	0	0	26	40.7307692307692
A_PB1	1518	25	A	0	0	25	41.48
A_PB1	1519	25	T	0	0	25	41.8
A_PB1	1520	25	T	0	0	25	41.16
A_PB1	1521	25	T	0	0	25	42.64
A_PB1	1522	25	G	0	0	25	41.76
A_PB1	1523	25	A	0	0	25	41.64
A_PB1	1524	25	A	0	0	25	40.16
A_PB1	1525	25	T	0	0	25	40.44
A_PB1	1526	25	T	0	0	25	40.4
A_PB1	1527	25	C	0	0	25	39.6
A_PB1	1528	25	A	0	0	25	40.16
A_PB1	1529	25	C	0	0	25	40.4
A_PB1	1530	25	A	0	0	25	40.28
A_PB1	1531	25	A	0	0	25	38.44
A_PB1	1532	25	G	0	0	25	36.96
A_PB1	1533	25	C	0	0	25	35.08
A_PB1	1534	24	T	1	0	24	33.4583333333333
A_PB1	1535	24	T	1	0	24	33.5
A_PB1	1536	25	T	0	0	25	31
A_PB1	1537	25	T	0	0	25	32.76
A_PB1	1538	25	T	0	0	25	32.16
A_PB1	1539	25	T	0	0	25	33.68
A_PB1	1540	25	T	0	0	25	37.68
A_PB1	1541	25	A	0	0	25	36.6
A_PB1	1542	25	T	0	0	25	37.64
A_PB1	1543	25	C	0	0	25	36.24
A_PB1	1544	25	G	0	0	25	36.64
A_PB1	1545	25	C	0	0	25	36.92
A_PB1	1546	25	T	0	0	25	37.88
A_PB1	1547	25	A	0	0	25	37.68
A_PB1	1548	25	T	0	0	25	40.2
A_PB1	1549	25	G	0	0	25	40.32
A_PB1	1550	25	G	0	0	25	40.76
A_PB1	1551	25	A	0	0	25	40.8
A_PB1	1552	25	T	0	0	25	41.84
A_PB1	1553	25	T	0	0	25	42.96
A_PB1	1554	25	T	0	0	25	42.48
A_PB1	1555	25	G	0	0	25	42.32
A_PB1	1556	25	T	0	0	25	41.32
A_PB1	1557	25	G	0	0	25	40.64
A_PB1	1558	25	G	0	0	25	41.36
A_PB1	1559	25	C	0	0	25	39.84
A_PB1	1560	25	T	0	0	25	41.04
A_PB1	1561	25	A	0	0	25	39.48
A_PB1	1562	25	A	0	0	25	39.76
A_PB1	1563	25	T	0	0	25	40.96
A_PB1	1564	25	T	0	0	25	40.04
A_PB1	1565	25	T	0	0	25	41.48
A_PB1	1566	25	T	0	0	25	40.72
A_PB1	1567	25	A	0	0	25	38.96
A_PB1	1568	25	G	0	0	25	40.12
A_PB1	1569	25	C	0	0	25	37.48
A_PB1	1570	25	A	0	0	25	39.84
A_PB1	1571	25	T	0	0	25	42.72
A_PB1	1572	25	G	0	0	25	43.28
A_PB1	1573	25	G	0	0	24	43.5833333333333
A_PB1	1574	25	A	0	0	25	42
A_PB1	1575	25	G	0	0	24	43.1666666666667
A_PB1	1576	25	C	0	0	24	43.9166666666667
A_PB1	1577	25	T	0	0	25	42.64
A_PB1	1578	25	A	0	0	24	42.25
A_PB1	1579	25	C	0	0	25	39.84
A_PB1	1580	25	C	0	0	25	40.52
A_PB1	1581	25	C	0	0	25	40.24
A_PB1	1582	25	A	0	0	25	38.16
A_PB1	1583	25	G	0	0	25	40.4
A_PB1	1584	25	C	0	0	25	41.08
A_PB1	1585	28	T	0	0	28	40.5
A_PB1	1586	28	T	0	0	28	39.2857142857143
A_PB1	1587	28	T	0	0	28	41.3214285714286
A_PB1	1588	28	G	0	0	28	38.25
A_PB1	1589	28	G	0	0	28	38.1428571428571
A_PB1	1590	28	A	0	0	28	39.75
A_PB1	1591	28	G	0	0	28	39.0357142857143
A_PB1	1592	28	T	0	0	28	39.5
A_PB1	1593	28	G	0	0	28	38.7857142857143
A_PB1	1594	28	T	0	0	28	40.5714285714286
A_PB1	1595	28	C	0	0	28	40.4285714285714
A_PB1	1596	28	T	0	0	28	39.5714285714286
A_PB1	1597	28	G	0	0	28	38.6785714285714
A_PB1	1598	28	G	0	0	28	40.0357142857143
A_PB1	1599	28	A	0	0	28	37.9642857142857
A_PB1	1600	28	G	0	0	28	37.3928571428571
A_PB1	1601	28	T	0	0	27	37.037037037037
A_PB1	1602	28	A	0	0	28	37.8214285714286
A_PB1	1603	28	A	0	0	28	38
A_PB1	1604	28	A	0	0	28	38.2142857142857
A_PB1	1605	28	T	0	0	28	40.2142857142857
A_PB1	1606	28	G	0	0	28	38.9642857142857
A_PB1	1607	28	A	0	0	28	41.1785714285714
A_PB1	1608	28	A	0	0	28	39.5357142857143
A_PB1	1609	28	T	0	0	28	41.0714285714286
A_PB1	1610	28	C	0	0	28	37.6785714285714
A_PB1	1611	28	A	0	0	28	39.6071428571429
A_PB1	1612	28	G	0	0	28	39.8214285714286
A_PB1	1613	28	C	0	0	28	40.8928571428571
A_PB1	1614	28	T	0	0	28	40.6785714285714
A_PB1	1615	28	G	0	0	28	42.75
A_PB1	1616	28	A	0	0	28	43.5714285714286
A_PB1	1617	28	C	0	0	28	42.1428571428571
A_PB1	1618	28	A	0	0	28	42.6785714285714
A_PB1	1619	28	T	0	0	28	43.7857142857143
A_PB1	1620	28	G	0	0	28	39.8928571428571
A_PB1	1621	28	A	0	0	28	40.6428571428571
A_PB1	1622	28	G	0	0	28	41.7142857142857
A_PB1	1623	28	T	0	0	28	41.7857142857143
A_PB1	1624	28	A	0	0	28	40.8214285714286
A_PB1	1625	28	T	0	0	28	42.4642857142857
A_PB1	1626	28	T	0	0	28	41.9642857142857
A_PB1	1627	28	G	0	0	28	40.7857142857143
A_PB1	1628	28	G	0	0	28	40.6785714285714
A_PB1	1629	28	A	0	0	28	40.3571428571429
A_PB1	1630	28	G	0	0	28	40.6428571428571
A_PB1	1631	28	T	0	0	27	40
A_PB1	1632	28	A	0	0	28	39.4285714285714
A_PB1	1633	28	A	0	0	27	40.8888888888889
A_PB1	1634	28	C	0	0	28	39.3928571428571
A_PB1	1635	28	A	0	0	28	39.2142857142857
A_PB1	1636	28	G	0	0	28	38.5357142857143
A_PB1	1637	28	T	0	0	28	40.3571428571429
A_PB1	1638	28	G	0	0	28	39.2857142857143
A_PB1	1639	28	A	0	0	28	39.9642857142857
A_PB1	1640	28	T	0	0	28	42.0714285714286
A_PB1	1641	28	A	0	0	28	39.8928571428571
A_PB1	1642	28	A	0	0	28	40.8928571428571
A_PB1	1643	28	A	0	0	28	41.1071428571429
A_PB1	1644	28	G	0	0	28	40.2142857142857
A_PB1	1645	28	A	0	0	28	43.1785714285714
A_PB1	1646	28	A	0	0	28	42.5
A_PB1	1647	28	C	0	0	28	41.8928571428571
A_PB1	1648	28	A	0	0	28	40.6071428571429
A_PB1	1649	28	A	0	0	28	40.9285714285714
A_PB1	1650	28	C	0	0	28	41.1071428571429
A_PB1	1651	28	A	0	0	28	39.9642857142857
A_PB1	1652	28	T	0	0	28	40.1785714285714
A_PB1	1653	28	G	0	0	28	41
A_PB1	1654	28	A	0	0	28	41.6785714285714
A_PB1	1655	28	T	0	0	28	41.1071428571429
A_PB1	1656	27	A	1	0	27	40
A_PB1	1657	28	A	0	0	28	41.3214285714286
A_PB1	1658	28	A	0	0	27	41.2592592592593
A_PB1	1659	28	C	0	0	27	40.6296296296296
A_PB1	1660	28	A	0	0	28	40.2857142857143
A_PB1	1661	28	A	0	0	28	42.2857142857143
A_PB1	1662	28	T	0	0	28	41.2857142857143
A_PB1	1663	28	G	0	0	28	41.1428571428571
A_PB1	1664	28	A	0	0	28	41.0714285714286
A_PB1	1665	28	C	0	0	28	41.9642857142857
A_PB1	1666	28	C	0	0	28	41.9285714285714
A_PB1	1667	28	T	0	0	28	40.75
A_PB1	1668	28	T	0	0	28	41.3928571428571
A_PB1	1669	28	G	0	0	28	41.1428571428571
A_PB1	1670	28	G	0	0	27	40.4074074074074
A_PB1	1671	28	A	0	0	28	39.5
A_PB1	1672	28	C	0	0	28	39.7142857142857
A_PB1	1673	28	C	0	0	28	39.9285714285714
A_PB1	1674	28	T	0	0	27	39.8888888888889
A_PB1	1675	28	G	0	0	27	40.5555555555556
A_PB1	1676	28	C	0	0	28	41.25
A_PB1	1677	28	A	0	0	28	40.2142857142857
A_PB1	1678	28	A	0	0	28	42.6071428571429
A_PB1	1679	28	C	0	0	28	42.9285714285714
A_PB1	1680	28	G	0	0	28	40.6785714285714
A_PB1	1681	28	G	0	0	28	40.5357142857143
A_PB1	1682	28	C	0	0	28	40.0357142857143
A_PB1	1683	28	T	0	0	28	41.2857142857143
A_PB1	1684	28	C	0	0	28	41.75
A_PB1	1685	27	A	1	0	27	41.1111111111111
A_PB1	1686	27	G	1	0	27	40.7407407407407
A_PB1	1687	28	A	0	0	28	39.7142857142857
A_PB1	1688	28	T	0	0	27	41.2592592592593
A_PB1	1689	28	G	0	0	28	41.6071428571429
A_PB1	1690	28	G	0	0	28	40.6785714285714
A_PB1	1691	28	C	0	0	27	40.1111111111111
A_PB1	1692	28	T	0	0	28	40.7857142857143
A_PB1	1693	28	C	0	0	27	39.7037037037037
A_PB1	1694	28	T	0	0	28	40.4285714285714
A_PB1	1695	28	T	0	0	28	40.2142857142857
A_PB1	1696	28	C	0	0	28	39.4642857142857
A_PB1	1697	28	A	0	0	28	39.5
A_PB1	1698	28	A	0	0	28	39.7857142857143
A_PB1	1699	28	T	0	0	28	40.8928571428571
A_PB1	1700	28	T	0	0	28	42.1785714285714
A_PB1	1701	28	G	0	0	28	43.3214285714286
A_PB1	1702	28	T	0	0	28	41.7142857142857
A_PB1	1703	28	T	0	0	28	42.3214285714286
A_PB1	1704	28	C	0	0	28	40.5357142857143
A_PB1	1705	28	A	0	0	28	39.1071428571429
A_PB1	1706	28	T	0	0	27	40.3703703703704
A_PB1	1707	28	A	0	0	28	39.9285714285714
A_PB1	1708	28	A	0	0	28	41.2857142857143
A_PB1	1709	28	A	0	0	28	42.9642857142857
A_PB1	1710	27	A	1	0	27	44
A_PB1	1711	26	G	2	0	26	47.1153846153846
A_PB1	1712	27	A	1	0	26	43.9230769230769
A_PB1	1713	27	C	1	0	27	42.7777777777778
A_PB1	1714	27	T	1	0	27	43.1111111111111
A_PB1	1715	28	A	0	0	28	41.0714285714286
A_PB1	1716	28	C	0	0	28	42.9285714285714
A_PB1	1717	28	A	0	0	28	41.6785714285714
A_PB1	1718	28	G	0	0	27	42.7037037037037
A_PB1	1719	28	A	0	0	28	41
A_PB1	1720	28	T	0	0	28	40.7857142857143
A_PB1	1721	28	A	0	0	28	39.75
A_PB1	1722	28	C	0	0	28	42.8214285714286
A_PB1	1723	28	A	0	0	28	41.5714285714286
A_PB1	1724	28	C	0	0	28	41.75
A_PB1	1725	28	A	0	0	28	40.1785714285714
A_PB1	1726	28	T	0	0	28	39.2857142857143
A_PB1	1727	28	A	0	0	28	39.6071428571429
A_PB1	1728	28	T	0	0	28	39.25
A_PB1	1729	27	A	1	0	27	38.962962962963
A_PB1	1730	28	G	0	0	28	38.5357142857143
A_PB1	1731	28	G	0	0	28	40.3571428571429
A_PB1	1732	28	T	0	0	28	39.8928571428571
A_PB1	1733	28	G	0	0	28	38.9642857142857
A_PB1	1734	28	T	0	0	28	38.6785714285714
A_PB1	1735	28	C	0	0	28	39.8928571428571
A_PB1	1736	28	A	0	0	28	38.7857142857143
A_PB1	1737	28	T	0	0	28	37.25
A_PB1	1738	28	A	0	0	28	34.6428571428571
A_PB1	1739	28	G	0	0	28	35.9285714285714
A_PB1	1740	28	G	0	0	28	35.3571428571429
A_PB1	1741	28	G	0	0	28	37.3928571428571
A_PB1	1742	28	G	0	0	28	38.1785714285714
A_PB1	1743	28	A	0	0	27	41.962962962963
A_PB1	1744	28	G	0	0	28	40.1071428571429
A_PB1	1745	28	A	0	0	28	39.8214285714286
A_PB1	1746	28	C	0	0	28	40.6071428571429
A_PB1	1747	28	A	0	0	28	38.0357142857143
A_PB1	1748	28	C	0	0	28	36.9285714285714
A_PB1	1749	28	A	0	0	28	34.7142857142857
A_PB1	1750	28	C	0	0	28	36.2142857142857
A_PB1	1751	28	A	0	0	28	38.3928571428571
A_PB1	1752	28	A	0	0	28	39
A_PB1	1753	28	A	0	0	28	37.75
A_PB1	1754	28	T	0	0	28	37.1785714285714
A_PB1	1755	28	T	0	0	28	38.2857142857143
A_PB1	1756	28	C	0	0	28	38.5357142857143
A_PB1	1757	28	A	0	0	28	36.8571428571429
A_PB1	1758	28	A	0	0	28	38.1785714285714
A_PB1	1759	28	A	0	0	28	38.3571428571429
A_PB1	1760	28	C	0	0	28	37.8928571428571
A_PB1	1761	28	G	0	0	28	37.1428571428571
A_PB1	1762	28	A	0	0	28	36.6071428571429
A_PB1	1763	28	G	0	0	28	38.25
A_PB1	1764	27	A	1	0	27	39.1851851851852
A_PB1	1765	28	A	0	0	28	38.5357142857143
A_PB1	1766	28	G	0	0	28	39.0714285714286
A_PB1	1767	28	A	0	0	28	39.1428571428571
A_PB1	1768	28	T	0	0	28	39.75
A_PB1	1769	28	C	0	0	28	37.75
A_PB1	1770	28	A	0	0	28	41.0357142857143
A_PB1	1771	28	T	0	0	28	41.25
A_PB1	1772	28	T	0	0	28	41.8571428571429
A_PB1	1773	28	T	0	0	28	42.5
A_PB1	1774	28	G	0	0	28	40.4642857142857
A_PB1	1775	28	A	0	0	28	39.8571428571429
A_PB1	1776	28	G	0	0	28	40.0357142857143
A_PB1	1777	28	T	0	0	28	41.2142857142857
A_PB1	1778	27	T	1	0	27	42.3703703703704
A_PB1	1779	27	G	1	0	27	41.3703703703704
A_PB1	1780	27	A	1	0	27	41.9259259259259
A_PB1	1781	29	A	0	0	29	40.1034482758621
A_PB1	1782	29	G	0	0	28	42.6071428571429
A_PB1	1783	29	A	0	0	29	43
A_PB1	1784	29	A	0	0	29	42
A_PB1	1785	29	G	0	0	29	41.8275862068966
A_PB1	1786	29	C	0	0	29	42.1724137931034
A_PB1	1787	29	T	0	0	29	40.5862068965517
A_PB1	1788	29	A	0	0	29	39.8965517241379
A_PB1	1789	29	T	0	0	29	40.4827586206897
A_PB1	1790	28	G	1	0	28	37.6785714285714
A_PB1	1791	29	G	0	0	29	39
A_PB1	1792	29	G	0	0	29	39.551724137931
A_PB1	1793	29	A	0	0	29	40.0344827586207
A_PB1	1794	29	T	0	0	29	40.9655172413793
A_PB1	1795	29	C	0	0	29	41.1379310344828
A_PB1	1796	28	A	1	0	28	41.8928571428571
A_PB1	1797	29	A	0	0	29	40.448275862069
A_PB1	1798	29	A	0	0	29	40.1034482758621
A_PB1	1799	29	C	0	0	29	39.0689655172414
A_PB1	1800	29	C	0	0	28	40.1428571428571
A_PB1	1801	29	C	0	0	28	41.1785714285714
A_PB1	1802	29	A	0	0	29	38.2068965517241
A_PB1	1803	29	A	0	0	29	38.2758620689655
A_PB1	1804	29	T	0	0	29	38.7586206896552
A_PB1	1805	28	C	1	0	28	39.8928571428571
A_PB1	1806	28	A	1	0	27	38.6666666666667
A_PB1	1807	29	A	0	0	29	38.6206896551724
A_PB1	1808	29	A	0	0	29	39.1034482758621
A_PB1	1809	29	A	0	0	29	39.8965517241379
A_PB1	1810	29	G	0	0	29	38.7931034482759
A_PB1	1811	28	T	1	0	28	39.5714285714286
A_PB1	1812	29	A	0	0	29	37
A_PB1	1813	29	G	0	0	29	37.1724137931034
A_PB1	1814	29	G	0	0	29	38.9655172413793
A_PB1	1815	29	G	0	0	29	40.2068965517241
A_PB1	1816	29	C	0	0	29	37.3103448275862
A_PB1	1817	29	T	0	0	29	36.7586206896552
A_PB1	1818	29	A	0	0	29	36.4137931034483
A_PB1	1819	29	T	0	0	29	38.8275862068966
A_PB1	1820	29	T	0	0	29	37.6551724137931
A_PB1	1821	29	A	0	0	28	35.5714285714286
A_PB1	1822	29	G	0	0	28	37.1785714285714
A_PB1	1823	29	T	0	0	29	36.5172413793103
A_PB1	1824	29	A	0	0	29	37.0344827586207
A_PB1	1825	29	T	0	0	28	37.8214285714286
A_PB1	1826	28	C	1	0	28	38
A_PB1	1827	29	A	0	0	29	38.551724137931
A_PB1	1828	29	G	0	0	29	37.9310344827586
A_PB1	1829	29	A	0	0	29	38.3448275862069
A_PB1	1830	29	T	0	0	29	38.6551724137931
A_PB1	1831	29	G	0	0	29	39.0344827586207
A_PB1	1832	29	G	0	0	29	38.5862068965517
A_PB1	1833	29	A	0	0	29	38.448275862069
A_PB1	1834	29	G	0	0	29	37.9310344827586
A_PB1	1835	29	G	0	0	29	35.6206896551724
A_PB1	1836	29	A	0	0	29	35.1379310344828
A_PB1	1837	29	C	0	0	29	35.7931034482759
A_PB1	1838	29	C	0	0	29	37.0689655172414
A_PB1	1839	30	A	0	0	30	38.5666666666667
A_PB1	1840	30	A	0	0	30	40.3333333333333
A_PB1	1841	30	A	0	0	30	40.6
A_PB1	1842	30	C	0	0	30	41.5
A_PB1	1843	30	T	0	0	30	42
A_PB1	1844	30	T	0	0	30	41.0333333333333
A_PB1	1845	30	A	0	0	30	39.8
A_PB1	1846	30	T	0	0	30	38.4666666666667
A_PB1	1847	30	A	0	0	30	35.9666666666667
A_PB1	1848	30	C	0	0	30	36.2
A_PB1	1849	30	A	0	0	30	37.7
A_PB1	1850	30	A	0	0	30	37.7
A_PB1	1851	30	C	0	0	30	37.6
A_PB1	1852	30	A	0	0	30	38.2
A_PB1	1853	30	T	0	0	30	40.1
A_PB1	1854	30	A	0	0	30	39.9
A_PB1	1855	30	C	0	0	30	38.6333333333333
A_PB1	1856	30	G	0	0	29	37.4827586206897
A_PB1	1857	30	G	0	0	30	37.4333333333333
A_PB1	1858	30	A	0	0	30	36.4666666666667
A_PB1	1859	30	A	0	0	30	37.3333333333333
A_PB1	1860	30	T	0	0	30	37.1
A_PB1	1861	30	C	0	0	30	38.2666666666667
A_PB1	1862	29	T	1	0	29	38.6551724137931
A_PB1	1863	30	T	0	0	30	38.2666666666667
A_PB1	1864	30	C	0	0	30	40.1
A_PB1	1865	30	A	0	0	30	38.2333333333333
A_PB1	1866	30	C	0	0	30	38.3666666666667
A_PB1	1867	30	A	0	0	30	39.8333333333333
A_PB1	1868	30	T	0	0	30	39.7
A_PB1	1869	29	C	1	0	29	39.1034482758621
A_PB1	1870	30	C	0	0	30	39.5
A_PB1	1871	30	C	0	0	30	39.1
A_PB1	1872	30	T	0	0	30	34.5333333333333
A_PB1	1873	29	G	1	0	29	35.3793103448276
A_PB1	1874	30	A	0	0	30	37.3
A_PB1	1875	30	A	0	0	30	38.0333333333333
A_PB1	1876	30	G	0	0	30	39.5
A_PB1	1877	30	T	0	0	30	40.0666666666667
A_PB1	1878	30	C	0	0	29	39.1724137931034
A_PB1	1879	30	T	0	0	30	37.2
A_PB1	1880	30	G	0	0	30	36.8666666666667
A_PB1	1881	29	T	1	0	29	36.0689655172414
A_PB1	1882	30	T	0	0	29	35.8965517241379
A_PB1	1883	30	T	0	0	30	33.3
A_PB1	1884	30	A	0	0	30	29.7333333333333
A_PB1	1885	30	A	0	0	30	32.2333333333333
A_PB1	1886	29	A	1	0	29	35.5172413793103
A_PB1	1887	29	A	1	0	29	35.6551724137931
A_PB1	1888	29	T	1	0	29	33.2758620689655
A_PB1	1889	26	G	4	0	26	34.1538461538462
A_PB1	1890	29	G	1	0	29	34.3103448275862
A_PB1	1891	29	G	1	0	29	34.9310344827586
A_PB1	1892	29	A	1	0	29	36.3793103448276
A_PB1	1893	29	G	1	0	29	36.8275862068966
A_PB1	1894	29	C	1	0	29	36.1724137931034
A_PB1	1895	29	T	1	0	29	35.8965517241379
A_PB1	1896	30	A	0	0	30	36.3666666666667
A_PB1	1897	30	A	0	0	30	36.1
A_PB1	1898	30	T	0	0	30	37.4666666666667
A_PB1	1899	30	G	0	0	30	39.2
A_PB1	1900	30	G	0	0	30	38.4666666666667
A_PB1	1901	30	A	0	0	30	39.2666666666667
A_PB1	1902	30	T	0	0	30	39.4333333333333
A_PB1	1903	30	G	0	0	29	40.6206896551724
A_PB1	1904	30	A	0	0	30	41.3333333333333
A_PB1	1905	30	T	0	0	30	42.6
A_PB1	1906	30	G	0	0	30	42.6
A_PB1	1907	30	A	0	0	30	41.3666666666667
A_PB1	1908	30	T	0	0	30	42.7
A_PB1	1909	30	T	0	0	30	41.4666666666667
A_PB1	1910	30	A	0	0	30	41.3
A_PB1	1911	30	T	0	0	30	41.5666666666667
A_PB1	1912	30	C	0	0	30	34.2666666666667
A_PB1	1913	27	G	3	0	27	32.4444444444444
A_PB1	1914	30	G	0	0	30	33.0666666666667
A_PB1	1915	30	G	0	0	30	33.9333333333333
A_PB1	1916	30	G	0	0	30	33.1333333333333
A_PB1	1917	30	A	0	0	30	41.1
A_PB1	1918	30	A	0	0	30	43.4333333333333
A_PB1	1919	30	G	0	0	30	42.5
A_PB1	1920	30	A	0	0	30	42.8333333333333
A_PB1	1921	30	C	0	0	30	40.4666666666667
A_PB1	1922	30	T	0	0	30	41.1333333333333
A_PB1	1923	30	T	0	0	30	38.6666666666667
A_PB1	1924	30	T	0	0	30	38.9
A_PB1	1925	30	G	0	0	30	36.9
A_PB1	1926	29	T	1	0	29	38.8275862068966
A_PB1	1927	29	A	1	0	29	40.6896551724138
A_PB1	1928	29	A	1	0	29	41.7931034482759
A_PB1	1929	29	T	1	0	29	43.0344827586207
A_PB1	1930	28	C	2	0	28	42.3214285714286
A_PB1	1931	29	C	1	0	28	43
A_PB1	1932	29	C	1	0	29	43.2413793103448
A_PB1	1933	30	C	0	0	30	42.9666666666667
A_PB1	1934	34	T	0	0	34	42.8529411764706
A_PB1	1935	33	A	2	0	33	40.5151515151515
A_PB1	1936	35	A	0	0	35	41.7714285714286
A_PB1	1937	35	A	0	0	35	40.3714285714286
A_PB1	1938	35	T	0	0	35	41.2285714285714
A_PB1	1939	35	C	0	0	34	41.3235294117647
A_PB1	1940	35	C	0	0	35	42.7428571428571
A_PB1	1941	35	C	0	0	35	41.8285714285714
A_PB1	1942	35	T	0	0	35	40.6
A_PB1	1943	35	T	0	0	35	41.6857142857143
A_PB1	1944	35	T	0	0	35	41.9428571428571
A_PB1	1945	35	G	0	0	35	40.7714285714286
A_PB1	1946	35	T	0	0	35	42.4571428571429
A_PB1	1947	35	G	0	0	35	42.6571428571429
A_PB1	1948	35	A	0	0	35	41.5142857142857
A_PB1	1949	35	G	0	0	35	41.8857142857143
A_PB1	1950	35	T	0	0	35	41.7428571428571
A_PB1	1951	35	C	0	0	35	40.8
A_PB1	1952	35	A	0	0	35	40.6285714285714
A_PB1	1953	35	T	0	0	35	40.8285714285714
A_PB1	1954	35	A	0	0	35	40.5714285714286
A_PB1	1955	35	A	0	0	35	39.9428571428571
A_PB1	1956	35	G	0	0	35	41.2571428571429
A_PB1	1957	35	G	0	0	35	41.8
A_PB1	1958	35	A	0	0	35	41.0857142857143
A_PB1	1959	35	G	0	0	35	42.2285714285714
A_PB1	1960	35	A	0	0	35	42.5142857142857
A_PB1	1961	35	T	0	0	35	42.5714285714286
A_PB1	1962	35	T	0	0	35	42.1142857142857
A_PB1	1963	35	G	0	0	35	40.8857142857143
A_PB1	1964	36	A	0	0	36	41.7222222222222
A_PB1	1965	36	C	0	0	36	42.3055555555556
A_PB1	1966	36	T	0	0	36	41.8611111111111
A_PB1	1967	36	C	0	0	36	42.25
A_PB1	1968	36	T	0	0	36	43.7222222222222
A_PB1	1969	36	G	0	0	36	43.3055555555556
A_PB1	1970	36	T	0	0	36	43.0555555555556
A_PB1	1971	36	A	0	0	36	41.5
A_PB1	1972	35	A	1	0	35	42.4
A_PB1	1973	35	A	1	0	35	41.6857142857143
A_PB1	1974	35	T	1	0	35	41
A_PB1	1975	36	A	0	0	36	40.9166666666667
A_PB1	1976	37	A	0	0	37	41.7837837837838
A_PB1	1977	37	T	0	0	37	42.6216216216216
A_PB1	1978	37	G	0	0	37	40.1891891891892
A_PB1	1979	37	C	0	0	36	40.8611111111111
A_PB1	1980	37	T	0	0	37	40.7027027027027
A_PB1	1981	37	G	0	0	37	40.5675675675676
A_PB1	1982	37	T	0	0	37	41.1621621621622
A_PB1	1983	37	G	0	0	37	42.1621621621622
A_PB1	1984	37	G	0	0	37	41.9189189189189
A_PB1	1985	37	T	0	0	37	40.8108108108108
A_PB1	1986	37	A	0	0	37	40.4054054054054
A_PB1	1987	37	A	0	0	37	40.5945945945946
A_PB1	1988	37	T	0	0	37	40.7297297297297
A_PB1	1989	37	G	0	0	37	39.2702702702703
A_PB1	1990	37	C	0	0	37	39.8378378378378
A_PB1	1991	37	C	0	0	37	40.0540540540541
A_PB1	1992	37	T	0	0	37	40.6756756756757
A_PB1	1993	37	G	0	0	37	38.5945945945946
A_PB1	1994	36	C	1	0	36	38.8333333333333
A_PB1	1995	37	C	0	0	37	41
A_PB1	1996	37	C	0	0	37	40.1891891891892
A_PB1	1997	37	A	0	0	37	37.4324324324324
A_PB1	1998	37	T	0	0	37	39.3783783783784
A_PB1	1999	37	G	0	0	37	39.7837837837838
A_PB1	2000	37	G	0	0	37	40.1621621621622
A_PB1	2001	37	C	0	0	37	39.5405405405405
A_PB1	2002	37	C	0	0	37	41.0540540540541
A_PB1	2003	37	C	0	0	37	39.5405405405405
A_PB1	2004	37	A	0	0	37	39.0540540540541
A_PB1	2005	37	G	0	0	37	39.4594594594595
A_PB1	2006	37	C	0	0	37	40.4054054054054
A_PB1	2007	37	C	0	0	37	40.3243243243243
A_PB1	2008	37	A	0	0	37	40.2972972972973
A_PB1	2009	37	A	0	0	37	39.5675675675676
A_PB1	2010	37	A	0	0	37	40.9189189189189
A_PB1	2011	37	A	0	0	37	41.7027027027027
A_PB1	2012	37	G	0	0	37	40.3243243243243
A_PB1	2013	37	C	0	0	37	38.7297297297297
A_PB1	2014	37	A	0	0	37	36.5945945945946
A_PB1	2015	37	T	0	0	37	37.2702702702703
A_PB1	2016	37	G	0	0	36	38.0833333333333
A_PB1	2017	37	G	0	0	36	37.6666666666667
A_PB1	2018	37	A	0	0	37	37.7837837837838
A_PB1	2019	37	A	0	0	37	38.3513513513514
A_PB1	2020	34	T	4	0	34	40.3529411764706
A_PB1	2021	34	A	4	0	34	39.7058823529412
A_PB1	2022	34	T	4	0	34	37.7941176470588
A_PB1	2023	34	G	4	0	33	38.3636363636364
A_PB1	2024	34	A	4	0	33	37.9393939393939
A_PB1	2025	34	T	4	0	34	37.7058823529412
A_PB1	2026	34	G	4	0	34	37.6764705882353
A_PB1	2027	34	C	4	0	34	37.1764705882353
A_PB1	2028	34	C	4	0	34	36.0882352941176
A_PB1	2029	34	G	4	0	34	36.4117647058824
A_PB1	2030	34	T	4	0	34	36.8823529411765
A_PB1	2031	34	C	4	0	33	36.3636363636364
A_PB1	2032	34	G	4	0	34	37.1470588235294
A_PB1	2033	33	C	5	0	33	36.6666666666667
A_PB1	2034	33	T	5	0	33	37.8181818181818
A_PB1	2035	33	A	5	0	33	39.1212121212121
A_PB1	2036	33	C	5	0	33	40.2121212121212
A_PB1	2037	34	T	5	0	34	40.3823529411765
A_PB1	2038	34	A	5	0	34	41.5
A_PB1	2039	34	C	5	0	34	41.5882352941176
A_PB1	2040	34	A	5	0	34	41.7647058823529
A_PB1	2041	34	C	5	0	34	41.3529411764706
A_PB1	2042	34	A	5	0	34	40.2352941176471
A_PB1	2043	34	T	5	0	34	41.5294117647059
A_PB1	2044	34	T	5	0	34	41.3529411764706
A_PB1	2045	34	C	5	0	34	40.0588235294118
A_PB1	2046	35	C	4	0	35	38.9714285714286
A_PB1	2047	35	T	4	0	35	38.9142857142857
A_PB1	2048	35	G	4	0	35	37.9714285714286
A_PB1	2049	35	G	4	0	35	38.4857142857143
A_PB1	2050	35	A	4	0	35	38.5142857142857
A_PB1	2051	35	T	4	0	35	40.2285714285714
A_PB1	2052	35	T	4	0	35	39.4285714285714
A_PB1	2053	35	C	4	0	35	37.4
A_PB1	2054	35	C	4	0	35	37.4571428571429
A_PB1	2055	35	C	4	0	35	36.6
A_PB1	2056	35	A	4	0	35	33.3714285714286
A_PB1	2057	35	A	4	0	35	33.8857142857143
A_PB1	2058	35	G	4	0	35	34.3428571428571
A_PB1	2059	35	A	4	0	35	34.1428571428571
A_PB1	2060	35	G	4	0	35	33.7142857142857
A_PB1	2061	35	G	4	0	35	35.9142857142857
A_PB1	2062	35	A	4	0	35	35.7714285714286
A_PB1	2063	35	A	4	0	35	35.0857142857143
A_PB1	2064	35	T	4	0	35	36.0571428571429
A_PB1	2065	35	C	4	0	35	33.1714285714286
A_PB1	2066	35	G	4	0	34	32.7058823529412
A_PB1	2067	35	T	4	0	35	32.1714285714286
A_PB1	2068	35	T	4	0	35	33.9714285714286
A_PB1	2069	35	C	4	0	34	34.7058823529412
A_PB1	2070	40	T	0	0	39	37.2564102564103
A_PB1	2071	40	A	1	0	39	34.7692307692308
A_PB1	2072	40	T	1	0	39	36.7948717948718
A_PB1	2073	40	T	1	0	40	35.35
A_PB1	2074	40	C	1	0	40	35.7
A_PB1	2075	40	T	1	0	40	35.225
A_PB1	2076	40	C	1	0	40	35.525
A_PB1	2077	40	A	1	0	40	37.1
A_PB1	2078	40	A	1	0	40	36.525
A_PB1	2079	40	C	1	0	40	38.9
A_PB1	2080	41	A	0	0	41	38.9024390243902
A_PB1	2081	41	C	0	0	41	39.2682926829268
A_PB1	2082	41	A	0	0	41	42.0975609756098
A_PB1	2083	41	A	0	0	41	39.9024390243902
A_PB1	2084	41	G	0	0	41	41.3414634146341
A_PB1	2085	41	C	0	0	41	40.7560975609756
A_PB1	2086	41	C	0	0	41	40.9024390243902
A_PB1	2087	41	A	0	0	41	41.1707317073171
A_PB1	2088	41	A	0	0	41	41.780487804878
A_PB1	2089	40	A	1	0	40	41.75
A_PB1	2090	39	G	2	0	39	41.4615384615385
A_PB1	2091	41	G	0	0	41	41.4390243902439
A_PB1	2092	41	G	0	0	41	42.219512195122
A_PB1	2093	41	G	0	0	39	41.3589743589744
A_PB1	2094	41	A	0	0	41	41.9512195121951
A_PB1	2095	41	A	0	0	40	41.35
A_PB1	2096	41	T	0	0	40	41.625
A_PB1	2097	41	T	0	0	41	40.6585365853659
A_PB1	2098	41	C	0	0	41	38.609756097561
A_PB1	2099	40	T	1	0	40	38.725
A_PB1	2100	42	T	0	0	41	39.6829268292683
A_PB1	2101	42	G	0	0	42	39.0238095238095
A_PB1	2102	42	A	0	0	42	38.4523809523809
A_PB1	2103	42	G	0	0	42	40
A_PB1	2104	42	G	0	0	42	41.9285714285714
A_PB1	2105	42	A	0	0	42	41.1666666666667
A_PB1	2106	41	T	1	0	41	41.8048780487805
A_PB1	2107	41	G	1	0	41	42
A_PB1	2108	41	A	1	0	41	42.0975609756098
A_PB1	2109	41	A	1	0	41	41.3414634146341
A_PB1	2110	41	C	1	0	41	40.5853658536585
A_PB1	2111	41	A	1	0	41	39.8780487804878
A_PB1	2112	41	G	1	0	41	40.8536585365854
A_PB1	2113	41	A	1	0	41	40.9756097560976
A_PB1	2114	40	T	2	0	40	41.425
A_PB1	2115	40	G	2	0	40	41.2
A_PB1	2116	41	T	1	0	41	42.4390243902439
A_PB1	2117	41	A	1	0	41	39.390243902439
A_PB1	2118	41	C	1	0	41	38.6829268292683
A_PB1	2119	40	C	2	0	40	40
A_PB1	2120	40	A	2	0	40	38
A_PB1	2121	40	G	2	0	40	39
A_PB1	2122	40	A	2	0	40	39.975
A_PB1	2123	41	A	1	0	41	39.9756097560976
A_PB1	2124	41	G	1	0	41	40.7560975609756
A_PB1	2125	36	T	6	0	36	41.75
A_PB1	2126	36	G	6	0	36	41.6111111111111
A_PB1	2127	36	T	6	0	36	43.9166666666667
A_PB1	2128	36	T	6	0	36	42.75
A_PB1	2129	36	G	6	0	36	42.8333333333333
A_PB1	2130	36	C	6	0	36	43.0555555555556
A_PB1	2131	36	A	6	0	36	42.0833333333333
A_PB1	2132	36	A	6	0	36	43.25
A_PB1	2133	36	T	6	0	36	43.0277777777778
A_PB1	2134	35	T	7	0	35	42.3142857142857
A_PB1	2135	44	T	2	0	44	40.8409090909091
A_PB1	2136	46	A	1	0	46	40.0652173913044
A_PB1	2137	46	T	1	0	46	39.3478260869565
A_PB1	2138	46	T	1	0	46	39.0652173913044
A_PB1	2139	46	C	1	0	45	37.7333333333333
A_PB1	2140	46	G	1	0	45	37.2222222222222
A_PB1	2141	46	A	1	0	46	37.9130434782609
A_PB1	2142	46	G	1	0	46	38.0869565217391
A_PB1	2143	46	A	1	0	45	39.3111111111111
A_PB1	2144	46	A	1	0	46	40.4565217391304
A_PB1	2145	46	A	1	0	46	41.5
A_PB1	2146	46	T	1	0	46	41.1521739130435
A_PB1	2147	46	T	1	0	46	39.0869565217391
A_PB1	2148	46	T	1	0	46	40.2608695652174
A_PB1	2149	46	T	1	0	46	40.8260869565217
A_PB1	2150	46	T	1	0	46	39.4130434782609
A_PB1	2151	46	C	1	0	46	37.9130434782609
A_PB1	2152	46	C	1	0	46	39.695652173913
A_PB1	2153	46	C	1	0	46	38.4347826086956
A_PB1	2154	46	T	1	0	46	32.7391304347826
A_PB1	2155	46	A	1	0	46	36.1304347826087
A_PB1	2156	46	G	1	0	46	40.2608695652174
A_PB1	2157	46	C	1	0	46	39.7173913043478
A_PB1	2158	46	A	1	0	46	39.5652173913044
A_PB1	2159	46	G	1	0	46	39.9130434782609
A_PB1	2160	46	T	1	0	46	38.7826086956522
A_PB1	2161	46	T	1	0	46	38.9347826086956
A_PB1	2162	46	C	1	0	46	38.4347826086956
A_PB1	2163	46	A	1	0	46	36.3913043478261
A_PB1	2164	46	T	1	0	46	38.0652173913044
A_PB1	2165	46	A	1	0	46	37.8260869565217
A_PB1	2166	47	T	1	0	47	37.8085106382979
A_PB1	2167	47	A	1	0	47	37.4893617021277
A_PB1	2168	47	G	1	0	47	38.0851063829787
A_PB1	2169	47	G	1	0	47	37.9148936170213
A_PB1	2170	47	A	1	0	47	37.063829787234
A_PB1	2171	47	G	1	0	47	38.3404255319149
A_PB1	2172	47	A	1	0	47	39.4893617021277
A_PB1	2173	47	C	1	0	47	39.4468085106383
A_PB1	2174	47	C	1	0	47	39.1914893617021
A_PB1	2175	49	G	1	0	49	36.6734693877551
A_PB1	2176	49	G	1	0	49	36.7551020408163
A_PB1	2177	50	T	0	0	50	36.98
A_PB1	2178	49	T	1	0	49	37.5102040816327
A_PB1	2179	49	G	1	0	49	37.2040816326531
A_PB1	2180	50	G	0	0	49	37.1224489795918
A_PB1	2181	50	A	0	0	50	35.86
A_PB1	2182	50	A	0	0	50	35.58
A_PB1	2183	50	T	0	0	48	37
A_PB1	2184	50	T	0	0	50	36.94
A_PB1	2185	50	T	0	0	50	38.66
A_PB1	2186	50	C	0	0	50	36.74
A_PB1	2187	50	T	0	0	49	36.5918367346939
A_PB1	2188	50	A	0	0	49	37.9591836734694
A_PB1	2189	50	G	0	0	50	38.16
A_PB1	2190	50	C	0	0	49	37.9591836734694
A_PB1	2191	50	A	0	0	50	37.64
A_PB1	2192	50	T	0	0	50	38.6
A_PB1	2193	50	G	0	0	50	38.5
A_PB1	2194	50	G	0	0	50	39.36
A_PB1	2195	49	T	1	0	49	37.9795918367347
A_PB1	2196	49	G	1	0	48	39.6666666666667
A_PB1	2197	50	G	0	0	49	40.4081632653061
A_PB1	2198	50	A	0	0	50	39.88
A_PB1	2199	50	G	0	0	50	38.02
A_PB1	2200	50	G	0	0	50	40.12
A_PB1	2201	50	C	0	0	50	38.96
A_PB1	2202	50	C	0	0	50	38.84
A_PB1	2203	50	A	0	0	49	40.2448979591837
A_PB1	2204	50	T	0	0	50	40.54
A_PB1	2205	48	G	0	0	48	38.5
A_PB1	2206	48	G	0	0	48	38.625
A_PB1	2207	48	T	0	0	47	37.3829787234043
A_PB1	2208	48	G	0	0	48	37.6041666666667
A_PB1	2209	48	T	0	0	48	38.5208333333333
A_PB1	2210	47	C	1	0	46	39.1086956521739
A_PB1	2211	47	T	1	0	46	38.3695652173913
A_PB1	2212	47	A	1	0	47	35.2978723404255
A_PB1	2213	48	G	1	0	48	33.6875
A_PB1	2214	48	G	1	0	48	34.0416666666667
A_PB1	2215	48	G	1	0	48	33.4166666666667
A_PB1	2216	48	C	1	0	48	34.7291666666667
A_PB1	2217	49	C	0	0	49	37.0612244897959
A_PB1	2218	49	C	0	0	49	36.0612244897959
A_PB1	2219	49	G	0	0	49	32.9795918367347
A_PB1	2220	49	G	0	0	49	33.4489795918367
A_PB1	2221	49	A	0	0	49	34.2244897959184
A_PB1	2222	49	T	0	0	49	34.8367346938776
A_PB1	2223	49	T	0	0	49	33.6734693877551
A_PB1	2224	49	G	0	0	49	35.9591836734694
A_PB1	2225	49	A	0	0	49	36.0408163265306
A_PB1	2226	49	T	0	0	49	35.3265306122449
A_PB1	2227	49	G	0	0	49	34.4285714285714
A_PB1	2228	49	C	0	0	49	35.1428571428571
A_PB1	2229	49	C	0	0	49	33.2040816326531
A_PB1	2230	49	A	0	0	49	32.6734693877551
A_PB1	2231	49	G	0	0	49	33.2448979591837
A_PB1	2232	49	A	0	0	49	34.2040816326531
A_PB1	2233	49	G	0	0	49	34.1836734693878
A_PB1	2234	49	T	0	0	49	36.0204081632653
A_PB1	2235	49	C	0	0	49	35.2244897959184
A_PB1	2236	49	G	0	0	49	34.8367346938776
A_PB1	2237	49	A	0	0	49	35.0204081632653
A_PB1	2238	49	C	0	0	49	35.734693877551
A_PB1	2239	48	T	1	0	48	36.75
A_PB1	2240	49	T	0	0	49	37.2244897959184
A_PB1	2241	49	T	0	0	49	36.8367346938776
A_PB1	2242	49	G	0	0	48	35.2291666666667
A_PB1	2243	49	A	0	0	49	35.8775510204082
A_PB1	2244	49	A	0	0	48	36.3541666666667
A_PB1	2245	49	T	0	0	49	36.4285714285714
A_PB1	2246	49	C	0	0	49	36.6530612244898
A_PB1	2247	49	T	0	0	49	37.9183673469388
A_PB1	2248	49	G	0	0	49	36.5102040816327
A_PB1	2249	49	G	0	0	48	35.5416666666667
A_PB1	2250	49	A	0	0	49	35.6122448979592
A_PB1	2251	49	C	0	0	49	35.2040816326531
A_PB1	2252	49	G	0	0	49	33.5102040816327
A_PB1	2253	49	G	0	0	48	33.875
A_PB1	2254	49	A	0	0	49	33.8163265306122
A_PB1	2255	49	T	0	0	49	33.3673469387755
A_PB1	2256	48	T	1	0	48	34.75
A_PB1	2257	43	A	6	0	42	36.7142857142857
A_PB1	2258	44	A	5	0	44	33.6590909090909
A_PB1	2259	44	G	5	0	43	33.8837209302326
A_PB1	2260	44	A	5	0	43	34.093023255814
A_PB1	2261	48	A	1	0	48	33.1041666666667
A_PB1	2262	48	A	1	0	47	34.0851063829787
A_PB1	2263	48	G	1	0	47	32.5531914893617
A_PB1	2264	48	A	1	0	48	33.25
A_PB1	2265	48	A	1	0	48	36.2083333333333
A_PB1	2266	48	G	1	0	48	36.5833333333333
A_PB1	2267	48	A	1	0	48	36.6041666666667
A_PB1	2268	48	A	1	0	48	37.875
A_PB1	2269	48	T	1	0	48	38.125
A_PB1	2270	43	T	6	0	43	38.6046511627907
A_PB1	2271	43	C	6	0	43	37.4186046511628
A_PB1	2272	48	T	1	0	48	37.4791666666667
A_PB1	2273	48	C	1	0	48	37.5
A_PB1	2274	48	T	1	0	48	39.0833333333333
A_PB1	2275	48	G	1	0	48	38.6666666666667
A_PB1	2276	48	A	1	0	48	40.2291666666667
A_PB1	2277	48	G	1	0	48	39.6041666666667
A_PB1	2278	48	A	1	0	48	39.9166666666667
A_PB1	2279	48	T	1	0	48	41.1666666666667
A_PB1	2280	47	C	1	0	47	41.4468085106383
A_PB1	2281	47	A	1	0	47	41.4255319148936
A_PB1	2282	48	T	0	0	48	41.7291666666667
A_PB1	2283	48	G	0	0	48	40.0208333333333
A_PB1	2284	48	A	0	0	48	41.0833333333333
A_PB1	2285	48	A	0	0	48	40.7916666666667
A_PB1	2286	48	G	0	0	47	40.9787234042553
A_PB1	2287	48	A	0	0	48	41.0833333333333
A_PB1	2288	48	T	0	0	48	42.1666666666667
A_PB1	2289	47	C	1	0	47	40.1276595744681
A_PB1	2290	48	T	0	0	48	39.875
A_PB1	2291	48	G	0	0	48	38.4791666666667
A_PB1	2292	47	T	0	0	47	39.6808510638298
A_PB1	2293	47	T	0	0	47	39.2978723404255
A_PB1	2294	47	C	0	0	47	38.8085106382979
A_PB1	2295	47	C	0	0	47	39.6595744680851
A_PB1	2296	47	A	0	0	47	40.4893617021277
A_PB1	2297	47	C	0	0	47	40.6595744680851
A_PB1	2298	47	C	0	0	47	41.3404255319149
A_PB1	2299	47	A	0	0	47	40.3404255319149
A_PB1	2300	47	T	0	0	47	40.1489361702128
A_PB1	2301	47	T	0	0	47	40.1489361702128
A_PB1	2302	47	G	0	0	47	39.8510638297872
A_PB1	2303	47	A	0	0	47	40.6595744680851
A_PB1	2304	47	A	0	0	47	40.1276595744681
A_PB1	2305	47	G	0	0	47	40.8936170212766
A_PB1	2306	47	A	0	0	47	41.5106382978723
A_PB1	2307	47	A	0	0	47	40.5744680851064
A_PB1	2308	47	C	0	0	47	40.3617021276596
A_PB1	2309	47	T	0	0	47	39.5957446808511
A_PB1	2310	47	C	0	0	47	37.7659574468085
A_PB1	2311	47	A	0	0	47	36.7872340425532
A_PB1	2312	47	G	0	0	47	35.5106382978723
A_PB1	2313	47	A	0	0	47	36.1914893617021
A_PB1	2314	47	C	0	0	47	35.9148936170213
A_PB1	2315	47	G	0	0	47	36.3829787234043
A_PB1	2316	47	G	0	0	47	37.4468085106383
A_PB1	2317	47	C	0	0	46	37.2826086956522
A_PB1	2318	47	A	0	0	47	37.4042553191489
A_PB1	2319	47	A	0	0	47	38.8723404255319
A_PB1	2320	47	A	0	0	47	40.5106382978723
A_PB1	2321	47	G	0	0	47	40.1914893617021
A_PB1	2322	47	A	0	0	47	38.4255319148936
A_PB1	2323	47	T	0	0	47	38.2340425531915
A_PB1	2324	47	A	0	0	47	36.5957446808511
A_PB1	2325	47	A	0	0	47	36.1702127659574
